29075J50D00A* A1950 02 22.23014 09 24.4     +63 24               14     I1258662
29075J50D00A   1950 02 23.25024 09 15 28.17 +64 17 37.3 MPC   416       42729662
29075J50D00A   1950 02 23.25509 09 15 25.20 +64 17 52.9 MPC   416       42729662
29075J50D00A  A1950 02 24.23020 09 05 35.37 +65 10 01.1                 M0416662
29075J50D00A   1950 02 25.23646 08 53 42.91 +66 04 53.0 MPC   416       42729662
29075J50D00A   1950 02 26.23927 08 39 47.03 +66 59 53.5 MPC   416       42729662
29075J50D00A   1950 02 26.24412 08 39 42.54 +67 00 09.0 MPC   416       42729662
29075J50D00A  A1950 03 01.20128 07 41 19.81 +69 29 24.2                 M0416662
29075J50D00A   1950 03 01.32457 07 38 00.84 +69 34 16.4                 d0689662
29075J50D00A   1950 03 02.23597 07 12 37.95 +70 06 38.1 MPC   416       42729662
29075J50D00A   1950 03 02.24706 07 12 17.00 +70 06 56.7                 d0689662
29075J50D00A  A1950 03 03.26163 06 39 12.59 +70 26 19.5                 M0416662
29075J50D00A   1950 03 05.17653 05 25 28.16 +69 46 12.4 MPC   416       42729662
29075J50D00A   1950 03 05.18762 05 25 00.08 +69 45 32.4                 d0689662
29075J50D00A  A1950 03 07.16386 04 04 28.41 +66 19 43.7                 M0416662
29075J50D00A  A1950 03 09.16771 02 55 12.22 +59 18 09.9                 M0416662
29075J50D00A  A1950 03 12.14362 01 45 24.23 +42 55 41.4                 M0416662
29075J50D00A  A1950 03 12.15402 01 45 12.97 +42 51 38.8                 M0416662
29075J50D00A 2 1981 09 30.48417 21 58 25.14 -16 37 19.9                 c7275260
29075J50D00A 2 1981 09 30.53972 21 58 23.59 -16 36 48.3                 c7275260
29075J50D00A  C2001 01 06.37967 10 48 22.95 +36 55 28.9          17.9  cc4715704
29075J50D00A  C2001 01 06.39431 10 48 24.43 +36 55 36.6          18.2  cc4715704
29075J50D00A  C2001 01 06.40895 10 48 25.89 +36 55 44.3          18.1  cc4715704
29075J50D00A  C2001 01 06.42396 10 48 27.40 +36 55 51.7          18.2  cc4715704
29075J50D00A  C2001 01 06.43860 10 48 28.83 +36 55 59.4          18.0  cc4715704
29075J50D00A  C2001 01 17.41402 11 08 21.66 +38 43 49.6          17.2  cc4715704
29075J50D00A  C2001 01 17.42942 11 08 23.25 +38 44 01.0          18.5  cc4715704
29075J50D00A  C2001 01 17.44481 11 08 24.86 +38 44 10.8          17.3  cc4715704
29075J50D00A  C2001 01 17.46020 11 08 26.49 +38 44 21.1          17.4  cc4715704
29075J50D00A  C2001 01 17.47565 11 08 28.06 +38 44 31.3          17.3  cc4715704
29075J50D00A  C2001 01 18.38329 11 10 11.18 +38 54 53.5          16.6  cc4715704
29075J50D00A  C2001 01 18.39975 11 10 12.91 +38 55 05.6          17.3  cc4715704
29075J50D00A  C2001 01 18.41667 11 10 14.67 +38 55 17.4          16.8  cc4715704
29075J50D00A  C2001 01 18.43346 11 10 16.43 +38 55 29.2          17.9  cc4715704
29075J50D00A  C2001 01 18.44973 11 10 18.10 +38 55 40.1          16.7  cc4715704
29075J50D00A  C2001 01 26.81328 11 27 02.35 +40 42 31.9          16.9 V c4715151
29075J50D00A  C2001 01 26.81434 11 27 02.42 +40 42 33.1          17.1 V c4715151
29075J50D00A  C2001 01 26.81530 11 27 02.57 +40 42 34.1          17.2 V c4715151
29075J50D00A  C2001 01 26.82299 11 27 03.60 +40 42 41.1          17.6 V c4715151
29075J50D00A  C2001 01 26.82510 11 27 03.90 +40 42 43.6          16.8 V c4715151
29075J50D00A  C2001 01 28.03420 11 29 41.10 +41 00 12.0                 c4715557
29075J50D00A  C2001 01 28.03647 11 29 41.39 +41 00 14.6                 c4715557
29075J50D00A  C2001 01 28.04103 11 29 41.97 +41 00 18.4                 c4715557
29075J50D00A  C2001 01 28.39919 11 30 30.13 +41 05 38.4                 c4715670
29075J50D00A  C2001 01 28.47024 11 30 38.81 +41 06 41.8                 c4715670
29075J50D00A  C2001 01 28.56068 11 30 49.92 +41 07 58.0                 c4715670
29075J50D00A  C2001 02 02.96439 11 44 08.06 +42 32 09.6          16.3   c4715473
29075J50D00A  C2001 02 02.96618 11 44 08.29 +42 32 11.6                 c4715473
29075J50D00A  C2001 02 02.97014 11 44 08.81 +42 32 15.3          16.3   c4715473
29075J50D00A  C2001 02 02.97196 11 44 09.15 +42 32 16.2          16.4   c4715473
29075J50D00A  C2001 02 02.97859 11 44 10.13 +42 32 24.3                 c4715473
29075J50D00A  C2001 02 02.98625 11 44 11.34 +42 32 31.9                 c4715473
29075J50D00A  C2001 02 05.39075 11 51 04.23 +43 13 44.6          15.5  cc6291704
29075J50D00A  C2001 02 05.40556 11 51 06.67 +43 14 00.3          15.7  cc6291704
29075J50D00A  C2001 02 05.42030 11 51 09.11 +43 14 15.9          15.8  cc6291704
29075J50D00A  C2001 02 05.43496 11 51 11.52 +43 14 31.2          15.8  cc6291704
29075J50D00A  C2001 02 05.44960 11 51 13.96 +43 14 46.2          15.5  cc6291704
29075J50D00A  C2001 02 05.67832 11 51 57.51 +43 18 46.6                 c6291355
29075J50D00A  C2001 02 05.68250 11 51 58.25 +43 18 51.0          15.5 V c6291355
29075J50D00A  C2001 02 05.68448 11 51 58.55 +43 18 53.2                 c6291355
29075J50D00A  C2001 02 05.68852 11 51 59.24 +43 18 57.7                 c6291355
29075J50D00A  C2001 02 06.83750 11 55 40.27 +43 39 08.6          15.6 V c6291151
29075J50D00A  C2001 02 06.84120 11 55 41.06 +43 39 12.2          15.8 V c6291151
29075J50D00A  C2001 02 06.84329 11 55 41.46 +43 39 15.0          15.5 V c6291151
29075J50D00A  C2001 02 06.84503 11 55 41.84 +43 39 17.6          15.5 V c6291151
29075J50D00A  C2001 02 09.03573 12 03 21.92 +44 20 32.1          15.4 R c6291118
29075J50D00A  C2001 02 09.04197 12 03 23.22 +44 20 39.5                 c6291118
29075J50D00A  C2001 02 10.82625 12 10 34.40 +44 55 21.2          15.8 V c6291151
29075J50D00A  C2001 02 10.82792 12 10 34.87 +44 55 23.7          15.9 V c6291151
29075J50D00A  C2001 02 10.82969 12 10 35.26 +44 55 25.9          15.8 V c6291151
29075J50D00A  C2001 02 10.83113 12 10 35.72 +44 55 28.8          15.8 V c6291151
29075J50D00A  C2001 02 12.18789 12 16 42.00 +45 23 08.5          15.9 V c6291642
29075J50D00A  C2001 02 12.19128 12 16 42.85 +45 23 13.9                 c6291642
29075J50D00A  C2001 02 12.19472 12 16 43.95 +45 23 18.3                 c6291642
29075J50D00A  C2001 02 13.37279 12 22 34.34 +45 48 43.2          15.3  cc6291704
29075J50D00A  C2001 02 13.38656 12 22 38.34 +45 49 01.5          15.6  cc6291704
29075J50D00A  C2001 02 13.40056 12 22 42.42 +45 49 19.9          15.4  cc6291704
29075J50D00A  C2001 02 13.41433 12 22 46.41 +45 49 37.3          15.6  cc6291704
29075J50D00A  C2001 02 13.42810 12 22 50.43 +45 49 55.0          15.5  cc6291704
29075J50D00A  C2001 02 14.19757 12 27 05.88 +46 05 48.7                 c6291642
29075J50D00A  C2001 02 14.20583 12 27 08.49 +46 06 02.3                 c6291642
29075J50D00A  C2001 02 14.21337 12 27 11.14 +46 06 12.8                 c6291642
29075J50D00A  C2001 02 15.38606 12 34 09.91 +46 32 30.3                 c6291670
29075J50D00A  C2001 02 15.55850 12 35 11.27 +46 36 14.9                 c6291670
29075J50D00A  C2001 02 18.62455 12 58 35.76 +47 44 11.1                 c6291349
29075J50D00A  C2001 02 18.62728 12 58 37.18 +47 44 15.3                 c6291349
29075J50D00A  C2001 02 18.62807 12 58 37.57 +47 44 16.1                 c6291349
29075J50D00A  C2001 02 18.62863 12 58 37.88 +47 44 17.3                 c6291349
29075J50D00A  C2001 02 18.62919 12 58 38.16 +47 44 18.0          15.3 V c6291349
29075J50D00A  C2001 02 18.81440 13 00 20.15 +47 47 31.1          15.3 V c6291151
29075J50D00A  C2001 02 18.81596 13 00 21.00 +47 47 34.8          15.4 V c6291151
29075J50D00A  C2001 02 18.81741 13 00 21.76 +47 47 36.8          15.0 V c6291151
29075J50D00A  C2001 02 18.81888 13 00 22.71 +47 47 38.7          15.2 V c6291151
29075J50D00A  C2001 02 21.20931 13 26 02.46 +48 34 38.1                 c6291642
29075J50D00A IC2001 02 21.21519 13 26 06.01 +48 34 41.6                 c6291642
29075J50D00A  C2001 02 21.21630 13 26 07.42 +48 34 45.4          14.6 V c6291642
29075J50D00A  C2001 02 21.21862 13 26 09.54 +48 34 49.6                 c6291642
29075J50D00A  C2001 02 21.22220 13 26 11.78 +48 34 53.7                 c6291642
29075J50D00A  C2001 02 25.06311 14 29 42.76 +48 49 52.7          13.8 V c6291611
29075J50D00A  C2001 02 25.06394 14 29 43.70 +48 49 52.2                 c6291611
29075J50D00A  C2001 02 25.06455 14 29 44.58 +48 49 51.2                 c6291611
29075J50D00A  C2001 02 25.06535 14 29 45.57 +48 49 50.6                 c6291611
29075J50D00A  C2001 02 25.17706 14 32 04.50 +48 47 45.3          14.0   c6291461
29075J50D00A  C2001 02 25.17737 14 32 04.91 +48 47 45.0                 c6291461
29075J50D00A  C2001 02 25.17769 14 32 05.32 +48 47 44.4                 c6291461
29075J50D00A  C2001 02 25.17800 14 32 05.72 +48 47 44.1                 c6291461
29075J50D00A  C2001 02 25.17830 14 32 06.12 +48 47 43.7                 c6291461
29075J50D00A  C2001 02 26.66190 15 07 59.93 +47 51 47.5          13.5 V c6291348
29075J50D00A  C2001 02 26.66358 15 08 02.56 +47 51 42.2                 c6291348
29075J50D00A  C2001 02 27.86396 15 42 00.09 +46 13 49.3          13.4 V c6291151
29075J50D00A  C2001 02 27.86530 15 42 02.54 +46 13 41.6          13.3 V c6291151
29075J50D00A  C2001 02 27.86681 15 42 05.37 +46 13 33.4          13.1 V c6291151
29075J50D00A  C2001 02 27.86784 15 42 07.25 +46 13 26.5          13.2 V c6291151
29075J50D00A  C2001 02 27.86899 15 42 09.41 +46 13 19.1          13.4 V c6291151
29075J50D00A  C2001 02 28.11231 15 49 29.19 +45 47 33.3                 c6291557
29075J50D00A  C2001 02 28.11837 15 49 40.09 +45 46 51.5                 c6291557
29075J50D00A  C2001 02 28.12350 15 49 49.35 +45 46 15.8                 c6291557
29075J50D00A  C2001 02 28.13127 15 50 03.33 +45 45 21.7                 c6291557
29075J50D00A  C2001 02 28.13683 15 50 13.36 +45 44 42.5                 c6291557
29075J50D00A  C2001 02 28.14288 15 50 24.27 +45 44 00.0                 c6291557
29075J50D00A  C2001 02 28.14973 15 50 36.63 +45 43 11.5                 c6291557
29075J50D00A  C2001 02 28.15715 15 50 49.96 +45 42 19.1                 c6291557
29075J50D00A  C2001 02 28.16271 15 50 59.97 +45 41 39.4                 c6291557
29075J50D00A  C2001 02 28.16870 15 51 10.80 +45 40 56.4                 c6291557
29075J50D00A  C2001 02 28.17688 15 51 25.56 +45 39 57.6                 c6291557
29075J50D00A  C2001 02 28.18244 15 51 35.60 +45 39 17.2                 c6291557
29075J50D00A  C2001 02 28.18844 15 51 46.41 +45 38 33.7                 c6291557
29075J50D00A  C2001 02 28.19399 15 51 56.46 +45 37 53.1                 c6291557
29075J50D00A  C2001 03 02.80319 17 18 25.58 +36 59 08.8                 c7275349
29075J50D00A  C2001 03 02.80455 17 18 28.28 +36 58 46.2                 c7275349
29075J50D00A  C2001 03 02.80525 17 18 29.68 +36 58 34.0                 c7275349
29075J50D00A  C2001 03 02.80596 17 18 31.06 +36 58 22.5          14.5 V c7275349
29075J50D00A  C2001 07 19.46243 00 47 53.68 -09 16 32.1          18.7  cd2085644
29075J50D00A  C2001 07 19.47307 00 47 53.31 -09 16 30.3          18.7  cd2085644
29075J50D00A  C2001 07 19.48371 00 47 52.92 -09 16 28.1          18.8  cd2085644
29075J50D00A  C2001 08 16.34602 00 11 24.02 -09 11 21.6          17.8  cd2713704
29075J50D00A  C2001 08 16.35836 00 11 22.46 -09 11 23.9          18.3  cd2713704
29075J50D00A  C2001 08 16.37087 00 11 20.90 -09 11 25.7          18.5  cd2713704
29075J50D00A  C2001 08 16.38295 00 11 19.39 -09 11 26.3          18.7  cd2713704
29075J50D00A  C2001 08 16.39534 00 11 17.83 -09 11 28.7          18.8  cd2713704
29075J50D00A  C2001 08 18.33997 00 07 17.76 -09 15 32.0          18.1  cd3083704
29075J50D00A  C2001 08 18.35268 00 07 16.15 -09 15 32.4          18.2  cd3083704
29075J50D00A  C2001 08 18.36557 00 07 14.49 -09 15 34.7          18.4  cd3083704
29075J50D00A  C2001 08 18.37887 00 07 12.77 -09 15 36.6          18.5  cd3083704
29075J50D00A  C2001 08 18.39152 00 07 11.03 -09 15 39.1          18.5  cd3083704
29075J50D00A  C2001 08 24.93710 23 52 53.94 -09 30 13.5          18.7 Vdd3083151
29075J50D00A  C2001 08 24.94735 23 52 52.46 -09 30 13.8          18.2 Vdd3083151
29075J50D00A  C2001 08 24.94964 23 52 52.18 -09 30 13.8          18.5 Vdd3083151
29075J50D00A  C2001 08 25.25170 23 52 11.51 -09 30 51.5          18.4  cd3083704
29075J50D00A  C2001 08 25.26785 23 52 09.31 -09 30 53.7          18.9  cd3083704
29075J50D00A  C2001 08 25.28370 23 52 07.06 -09 30 55.8          19.1  cd3083704
29075J50D00A  C2001 08 25.29867 23 52 04.99 -09 30 58.0          18.5  cd3083704
29075J50D00A  C2001 08 25.31456 23 52 02.79 -09 31 00.5          18.8  cd3083704
29075J50D00A  C2001 08 25.31779 23 52 02.37 -09 31 00.4          18.0 Rcd3083699
29075J50D00A  C2001 08 25.33727 23 51 59.63 -09 31 03.1                cd3083699
29075J50D00A  C2001 08 25.35677 23 51 56.95 -09 31 05.3                cd3083699
29075J50D00A  C2001 08 25.37627 23 51 54.18 -09 31 08.5                cd3083699
29075J50D00A  C2001 08 27.03980 23 48 08.16 -09 34 44.6                dd3083557
29075J50D00A  C2001 08 27.05449 23 48 06.09 -09 34 46.4                dd3083557
29075J50D00A  C2001 08 27.06808 23 48 04.21 -09 34 48.2          19.0 Vdd3083557
29075J50D00A  C2001 08 29.00220 23 43 40.34 -09 38 45.6          18.0 Rcd3943046
29075J50D00A  C2001 08 29.00343 23 43 40.18 -09 38 46.7                cd3943046
29075J50D00A  C2001 08 29.00444 23 43 40.00 -09 38 46.8                cd3943046
29075J50D00A  C2001 09 11.19911 23 14 45.56 -09 55 39.4          17.8 Rcd3943699
29075J50D00A  C2001 09 11.22507 23 14 42.37 -09 55 39.3                cd3943699
29075J50D00A  C2001 09 11.25098 23 14 39.15 -09 55 40.4                cd3943699
29075J50D00A  C2001 09 11.27676 23 14 35.91 -09 55 41.1                cd3943699
29075J50D00A  C2001 09 12.26700 23 12 36.97 -09 56 00.3          18.0  cd3943704
29075J50D00A  C2001 09 12.28136 23 12 35.20 -09 56 01.1          18.1  cd3943704
29075J50D00A  C2001 09 12.29662 23 12 33.32 -09 56 01.4          18.2  cd3943704
29075J50D00A  C2001 09 12.31148 23 12 31.50 -09 56 00.7          18.3  cd3943704
29075J50D00A  C2001 09 12.32662 23 12 29.67 -09 56 00.8          18.6  cd3943704
29075J50D00A  C2001 09 21.18704 22 56 39.74 -09 52 07.1          18.4  cd5281704
29075J50D00A  C2001 09 21.20126 22 56 38.35 -09 52 06.3          18.6  cd5281704
29075J50D00A  C2001 09 21.21548 22 56 36.86 -09 52 05.2          18.9  cd5281704
29075J50D00A  C2001 09 21.22986 22 56 35.56 -09 52 04.3          18.7  cd5281704
29075J50D00A  C2001 09 21.24410 22 56 34.18 -09 52 03.1          18.3  cd5281704
29075J50D00A  C2001 09 24.21560 22 52 07.73 -09 47 59.6          19.0  cd5281644
29075J50D00A  C2001 09 24.23736 22 52 05.80 -09 47 57.4          18.7  cd5281644
29075J50D00A  C2001 09 24.25811 22 52 03.99 -09 47 55.7          19.2  cd5281644
