     J93H01P* c1993 04 27.26345 14 17 24.20 -14 34 36.5          16.5 Vi22170691
     J93H01P  c1993 04 27.26973 14 17 48.80 -14 46 00.7                i22170691
     J93H01P  c1993 04 27.27607 14 18 13.46 -14 57 26.8                i22170691
     J93H01P  c1993 04 27.28257 14 18 38.53 -15 09 01.5                i22170691
     J93H01P  c1993 04 27.29005 14 19 07.50 -15 22 20.5                i22170691
     J93H01P  c1993 04 27.29640 14 19 31.73 -15 33 30.0                i22170691
     J93H01P  c1993 04 27.30064 14 19 47.96 -15 40 55.1                i22170691
     J93H01P  c1993 04 27.30473 14 20 03.54 -15 48 03.6                i22170691
     J93H01P  c1993 04 27.30977 14 20 22.88 -15 56 50.1                i22170691
     J93H01P  c1993 04 27.31389 14 20 38.54 -16 03 59.4                i22170691
     J93H01P  c1993 04 27.31837 14 20 55.34 -16 11 38.2                i22170691
     J93H01P  c1993 04 27.32716 14 21 28.38 -16 26 37.7                i22170691
     J93H01P  c1993 04 27.33127 14 21 43.88 -16 33 38.8                i22170691
     J93H01P  c1993 04 27.33616 14 22 02.25 -16 41 53.6                i22170691
     J93H01P  c1993 04 27.34078 14 22 19.57 -16 49 39.5                i22170691
     J93H01P  c1993 04 27.34597 14 22 38.81 -16 58 18.7                i22170691
     J93H01P  c1993 04 27.35074 14 22 56.63 -17 06 14.1                i22170691
     J93H01P  c1993 04 27.36411 14 23 46.23 -17 28 16.0                i22170691
     J93H01P  c1993 04 27.37003 14 24 07.93 -17 37 50.4                i22170691
     J93H01P  c1993 04 27.37418 14 24 23.26 -17 44 32.0                i22170691
     J93H01P  c1993 04 27.37913 14 24 41.43 -17 52 33.1                i22170691
     J93H01P  c1993 04 27.38342 14 24 57.16 -17 59 23.5                i22170691
     J93H01P  c1993 04 27.38792 14 25 13.60 -18 06 32.9                i22170691
     J93H01P  c1993 04 27.39373 14 25 34.88 -18 15 46.6                i22171691
     J93H01P  c1993 04 27.39821 14 25 51.29 -18 22 51.3                i22171691
     J93H01P  c1993 04 27.40315 14 26 09.29 -18 30 34.5                i22171691
     J93H01P  c1993 04 27.40894 14 26 30.39 -18 39 35.3                i22171691
     J93H01P  c1993 04 27.41314 14 26 45.65 -18 46 07.0                i22171691
     J93H01P  c1993 04 27.42073 14 27 13.17 -18 57 47.3                i22171691
     J93H01P  c1993 04 27.42495 14 27 28.55 -19 04 14.5                i22171691
