     K00SY4G  C1999 05 15.20482 12 26 59.59 +04 31 35.3          17.7  ac1445704
     K00SY4G  C1999 05 15.21655 12 27 02.52 +04 30 32.5          17.6  ac1445704
     K00SY4G  C1999 05 15.22845 12 27 05.37 +04 29 28.4          17.5  ac1445704
     K00SY4G  C1999 05 15.24016 12 27 08.41 +04 28 25.0          18.1  ac1445704
     K00SY4G  C1999 05 15.25188 12 27 11.45 +04 27 21.6          18.0  ac1445704
     K00SY4G  C1999 05 17.18373 12 42 43.93 +02 02 28.4                dc1445703
     K00SY4G  C1999 05 17.19666 12 42 45.51 +02 01 37.9          17.1 Rdc1445703
     K00SY4G  C1999 05 17.21007 12 42 47.25 +02 00 45.0          16.9 Rdc1445703
     K00SY4G  C1999 05 17.22355 12 42 48.97 +01 59 52.8          16.9 Rdc1445703
     K00SY4G  C1999 05 21.21959 13 03 54.29 -01 21 39.7          18.0  ac1445704
     K00SY4G  C1999 05 21.22957 13 03 54.81 -01 22 03.2          18.4  ac1445704
     K00SY4G  C1999 05 21.23961 13 03 55.47 -01 22 24.4          19.0  ac1445704
     K00SY4G  C1999 05 21.24961 13 03 56.12 -01 22 50.0          18.1  ac1445704
     K00SY4G*2C2000 09 29.59072 08 16 17.67 +19 54 17.9          21.5 R c1445568
     K00SY4G 2C2000 09 29.59664 08 16 20.03 +19 54 10.4          22.2 R c1445568
     K00SY4G 2C2000 09 30.60294 08 23 42.79 +19 27 05.9          21.6 R c1445568
     K00SY4G 2C2000 09 30.60424 08 23 43.31 +19 27 04.1          22.2 R c1445568
     K00SY4G 2C2000 09 30.60832 08 23 44.91 +19 26 58.6          21.7 R c1445568
     K00SY4G 2C2000 09 30.61020 08 23 45.62 +19 26 56.1          21.5 R c1445568
     K00SY4G 2C2000 09 30.61288 08 23 46.64 +19 26 53.1          22.4 R c1445568
     K00SY4G 2C2000 09 30.61418 08 23 47.16 +19 26 51.3          21.8 R c1445568
     K00SY4G 2C2000 09 30.61700 08 23 48.22 +19 26 47.5          22.0 R c1445568
     K00SY4G 2C2000 09 30.61891 08 23 48.98 +19 26 44.9          21.4 R c1445568
     K00SY4G 2C2000 10 01.59562 08 30 48.28 +18 59 52.1          22.0 R c1445568
     K00SY4G 2C2000 10 01.59838 08 30 49.35 +18 59 48.3          21.7 R c1445568
     K00SY4G 2C2000 10 01.61497 08 30 55.62 +18 59 25.7          21.4 R c1445568
     K00SY4G 2C2000 10 01.61774 08 30 56.65 +18 59 21.9          21.9 R c1445568
     K00SY4G 2C2000 10 02.59728 08 37 45.52 +18 32 03.9          22.1 R c1445568
     K00SY4G 2C2000 10 02.60116 08 37 46.94 +18 31 58.5          22.1 R c1445568
     K00SY4G 2C2000 10 03.60336 08 44 32.72 +18 03 52.9          22.2 R c1445568
     K00SY4G 2C2000 10 03.60723 08 44 34.08 +18 03 47.6          22.2 R c1445568
