     K01SS6D  C2001 09 24.21958 22 21 51.65 -01 08 30.3          19.0 Ro~12yL644
     K01SS6D  C2001 09 24.21981 22 21 52.28 -01 08 31.8          19.0 Ro~12yL644
     K01SS6D* C2001 09 26.24826 23 35 52.92 -03 31 50.8          19.4  cd6840704
     K01SS6D  C2001 09 26.26347 23 36 14.52 -03 32 32.0          19.4  cd6840704
     K01SS6D  C2001 09 26.27870 23 36 36.15 -03 33 13.2          19.1  cd6840704
     K01SS6D  C2001 09 26.29390 23 36 57.45 -03 33 54.0          19.8  cd6840704
     K01SS6D  C2001 09 26.30910 23 37 18.85 -03 34 34.0          19.4  cd6840704
     K01SS6D  C2001 09 27.24766 23 57 23.22 -04 09 24.4          18.7  id6840704
     K01SS6D  C2001 09 27.26249 23 57 38.45 -04 09 51.1          19.4  id6840704
     K01SS6D  C2001 09 27.27733 23 57 53.60 -04 10 18.6          19.9  id6840704
     K01SS6D  C2001 09 27.29218 23 58 08.71 -04 10 46.2          19.4  id6840704
     K01SS6D  C2001 09 27.34442 23 58 59.99 -04 12 31.7          18.6 Rcd6840649
     K01SS6D  C2001 09 27.34591 23 59 01.49 -04 12 34.5          18.6 Rcd6841649
     K01SS6D  C2001 09 27.35828 23 59 14.10 -04 12 55.3          19.1 Rcd6841649
     K01SS6D  C2001 09 27.36019 23 59 16.08 -04 12 58.9          19.4 Rcd6841649
     K01SS6D  C2001 09 29.39804 00 26 53.27 -04 56 33.8          19.8 Rcd6841649
     K01SS6D  C2001 09 29.40369 00 26 56.48 -04 56 38.7          19.3 Rcd6841649
     K01SS6D  C2001 09 29.40682 00 26 58.41 -04 56 40.3          19.9 Rcd6841649
