     K01G02P* C2001 04 13.32450 13 07 21.58 -05 22 03.4          20.8 Vdc9636691
     K01G02P  C2001 04 13.34697 13 07 17.14 -05 21 02.6          20.4 Vdc9636691
     K01G02P  C2001 04 13.36883 13 07 12.91 -05 20 03.2          20.6 Vdc9636691
     K01G02P HC2001 04 14.21193 13 05 23.29 -04 41 18.4          21.0 Vdc9636691
     K01G02P HC2001 04 14.21607 13 05 22.41 -04 41 07.7          20.7 Vdc9636691
     K01G02P HC2001 04 14.22062 13 05 21.47 -04 40 54.0          20.9 Vdc9636691
     K01G02P HC2001 04 14.28841 13 05 07.69 -04 37 44.9          21.8 Vdc9636691
     K01G02P HC2001 04 14.29248 13 05 06.86 -04 37 34.5          22.0 Vdc9636691
     K01G02P HC2001 04 14.29632 13 05 05.98 -04 37 23.7          21.1 Vdc9636691
     K01G02P  C2001 04 15.27349 13 02 43.53 -03 50 19.5          21.0 Vdc9636691
     K01G02P  C2001 04 15.27749 13 02 42.68 -03 50 07.4          20.9 Vdc9636691
     K01G02P  C2001 04 15.28181 13 02 41.73 -03 49 54.9          20.9 Vdc9636691
     K01G02P HC2001 04 16.21816 13 00 22.13 -03 02 42.2          20.5 Vdc9637691
     K01G02P HC2001 04 16.23913 13 00 17.61 -03 01 37.8          21.1 Vdc9637691
     K01G02P HC2001 04 16.26183 13 00 12.55 -03 00 27.2          21.8 Vdc9637691
     K01G02P HC2001 04 23.31699 12 39 07.32 +04 02 29.3          21.0 Vdd0288691
     K01G02P HC2001 04 23.32078 12 39 06.36 +04 02 43.7          21.3 Vdd0288691
     K01G02P tC2001 04 28.30550 12 21 16.20 +10 11 01.5          21.5 Vdd0288691
     K01G02P tC2001 04 28.31114 12 21 14.59 +10 11 27.5          21.5 Vdd0288691
     K01G02P tC2001 04 28.31769 12 21 12.46 +10 11 58.9          21.5 Vdd0288691
     K01G02P HC2001 05 01.23452 12 09 43.70 +14 11 49.4          20.9 Vdd0288691
     K01G02P HC2001 05 01.23927 12 09 41.92 +14 12 16.6          20.9 Vdd0288691
     K01G02P HC2001 05 01.24400 12 09 40.44 +14 12 38.7          21.2 Vdd0288691
     K01G02P 1C2001 05 09.28029 11 31 47.09 +26 28 56.7                 d0288658
     K01G02P 1C2001 05 09.28294 11 31 46.09 +26 29 12.3                 d0288658
     K01G02P 1C2001 05 09.28492 11 31 45.19 +26 29 22.9                 d0288658
     K01G02P 1C2001 05 09.29043 11 31 43.05 +26 29 53.7                 d0288658
     K01G02P 1C2001 05 10.30654 11 26 01.55 +28 09 14.4                 d0288658
     K01G02P 1C2001 05 10.31662 11 25 57.47 +28 10 10.5                 d0288658
     K01G02P 1C2001 05 10.32697 11 25 53.34 +28 11 05.8                 d0288658
