     K02M00N* C2002 06 17.37897 19 39 28.52 -22 55 22.3          16.8  cf7923704
     K02M00N  C2002 06 17.39262 19 39 25.31 -22 55 55.6          17.0  cf7923704
     K02M00N  C2002 06 17.40617 19 39 22.20 -22 56 24.1          16.5  cf7923704
     K02M00N  C2002 06 17.41973 19 39 19.16 -22 56 53.2          16.7  cf7923704
     K02M00N  C2002 06 17.97656 19 39 03.63 -23 15 51.6          16.4 Rdf7923599
     K02M00N  C2002 06 17.98536 19 39 02.16 -23 16 08.2          16.2 Rdf7923599
     K02M00N  C2002 06 17.98714 19 39 01.83 -23 16 12.2          16.0 Rdf7923599
     K02M00N  C2002 06 17.99628 19 39 00.30 -23 16 29.4          15.9 Rdf7923599
     K02M00N  C2002 06 17.99853 19 38 59.94 -23 16 33.3          15.9 Rdf7923599
     K02M00N  C2002 06 18.36241 19 38 39.95 -23 25 34.9          17.1  cf7923704
     K02M00N  C2002 06 18.37591 19 38 37.58 -23 25 54.9          17.0  cf7923704
     K02M00N  C2002 06 18.38948 19 38 35.24 -23 26 13.6          17.3  cf7923704
     K02M00N  C2002 06 18.40306 19 38 32.95 -23 26 31.7          17.4  cf7923704
     K02M00N  C2002 06 18.41645 19 38 30.71 -23 26 48.5          17.3  cf7923704
     K02M00N  C2002 06 19.01534 19 38 16.53 -23 39 23.3          16.4 Rcf7923599
     K02M00N  C2002 06 19.02365 19 38 15.38 -23 39 33.0          16.4 Rcf7923599
     K02M00N  C2002 06 19.03152 19 38 14.30 -23 39 42.6          16.1 Rcf7923599
     K02M00N  C2002 06 19.17801 19 38 14.56 -23 36 47.3          17.4 Rcf7923844
     K02M00N  C2002 06 19.19331 19 38 12.42 -23 37 04.0          17.3 Rcf7923844
     K02M00N  C2002 06 19.21544 19 38 09.41 -23 37 31.2          17.2 Rcf7923844
     K02M00N  C2002 06 19.36098 19 38 04.30 -23 44 46.2          17.1  cf7923704
     K02M00N  C2002 06 19.36110 19 38 04.24 -23 44 49.8          16.9  cf7923704
     K02M00N  C2002 06 19.36637 19 38 03.58 -23 44 54.9          17.2  cf7923704
     K02M00N  C2002 06 19.36648 19 38 03.51 -23 44 55.4          17.4  cf7923704
     K02M00N  C2002 06 19.37446 19 38 02.47 -23 44 59.2          17.2  cf7923704
     K02M00N  C2002 06 19.37458 19 38 02.37 -23 45 02.9          16.8  cf7923704
     K02M00N  C2002 06 19.38014 19 38 01.71 -23 45 07.5          17.4  cf7923704
     K02M00N  C2002 06 19.38026 19 38 01.63 -23 45 07.9          17.6  cf7923704
     K02M00N  C2002 06 19.38815 19 38 00.60 -23 45 11.5          17.6  cf7923704
     K02M00N  C2002 06 19.38827 19 38 00.52 -23 45 15.3          17.5  cf7923704
     K02M00N  C2002 06 19.39392 19 37 59.79 -23 45 19.5          17.2  cf7923704
     K02M00N  C2002 06 19.39404 19 37 59.71 -23 45 19.7          17.5  cf7923704
     K02M00N  C2002 06 19.40174 19 37 58.77 -23 45 22.5          17.5  cf7923704
     K02M00N  C2002 06 19.40185 19 37 58.67 -23 45 26.4          17.5  cf7923704
     K02M00N  C2002 06 19.40769 19 37 57.99 -23 45 31.2          17.6  cf7923704
     K02M00N  C2002 06 19.40781 19 37 57.91 -23 45 31.2          17.4  cf7923704
     K02M00N  C2002 06 19.41542 19 37 56.92 -23 45 37.1          17.0  cf7923704
     K02M00N  C2002 06 19.42146 19 37 56.18 -23 45 41.5          17.3  cf7923704
     K02M00N  C2002 06 19.42158 19 37 56.11 -23 45 41.9          17.4  cf7923704
     K02M00N  C2002 06 19.55632 19 38 06.99 -23 43 23.8          17.6 Ref7923428
     K02M00N  C2002 06 19.55935 19 38 06.51 -23 43 27.9          17.2 Ref7923428
     K02M00N  C2002 06 19.56238 19 38 06.25 -23 43 31.5          17.6 Ref7923428
     K02M00N  C2002 06 22.10241 19 36 55.49 -24 13 15.7          17.9 R f7923941
     K02M00N  C2002 06 22.10576 19 36 55.25 -24 13 16.7          17.9 R f7923941
     K02M00N  C2002 06 22.10922 19 36 54.77 -24 13 18.1          17.8 R f7923941
     K02M00N  C2002 06 22.11252 19 36 54.67 -24 13 19.1          17.9 R f7923941
     K02M00N  C2002 06 22.11740 19 36 54.21 -24 13 21.1          18.0 R f7923941
     K02M00N  C2002 06 22.12076 19 36 53.96 -24 13 22.6          18.0 R f7923941
     K02M00N  C2002 06 22.12406 19 36 53.80 -24 13 23.3          18.0 R f7923941
     K02M00N 3C2002 06 22.13056 19 36 56.07 -24 13 11.4          17.9  ef7923950
     K02M00N 3C2002 06 22.13487 19 36 55.67 -24 13 13.1          17.9  ef7923950
     K02M00N 3C2002 06 22.13788 19 36 55.40 -24 13 14.2          17.9  ef7923950
     K02M00N  C2002 06 22.32456 19 36 53.51 -24 14 46.2          18.3 Rcf7923649
     K02M00N  C2002 06 22.34389 19 36 51.86 -24 14 52.7          18.0 Rcf7923649
     K02M00N  C2002 06 22.36111 19 36 50.42 -24 14 58.1          17.7 Rcf7923649
     K02M00N 1C2002 06 22.54593 19 36 55.61 -24 13 00.5          18.3 Ref7923413
     K02M00N 1C2002 06 22.66879 19 36 45.29 -24 14 00.0          18.5 Ref7923413
     K02M00N 1C2002 06 22.67039 19 36 45.18 -24 14 00.5          18.3 Ref7923413
     K02M00N 1C2002 06 22.67200 19 36 45.03 -24 14 01.0          18.3 Ref7923413
     K02M00N  C2002 06 22.98218 19 36 42.57 -24 18 51.6                cf7923246
     K02M00N  C2002 06 22.98309 19 36 42.45 -24 18 51.7                cf7923246
     K02M00N  C2002 06 22.98391 19 36 42.43 -24 18 52.3                cf7923246
     K02M00N  C2002 06 22.98520 19 36 42.44 -24 18 52.2                cf7923246
     K02M00N  C2002 06 22.98800 19 36 42.24 -24 18 53.1                cf7923246
     K02M00N  C2002 06 22.98902 19 36 42.08 -24 18 53.0                cf7923246
     K02M00N  C2002 06 22.98998 19 36 42.08 -24 18 54.1                cf7923246
     K02M00N  C2002 06 22.99100 19 36 42.00 -24 18 54.4                cf7923246
     K02M00N 1C2002 06 23.65142 19 36 27.61 -24 19 33.8                ef7923413
     K02M00N 1C2002 06 23.65371 19 36 27.41 -24 19 34.6                ef7923413
     K02M00N 1C2002 06 23.65600 19 36 27.23 -24 19 35.3          18.9 Ref7923413
     K02M00N 1C2002 07 02.68517 19 33 35.40 -24 42 41.8                ef9038413
     K02M00N 1C2002 07 02.68781 19 33 35.29 -24 42 41.7                ef9038413
     K02M00N 1C2002 07 02.71215 19 33 34.17 -24 42 41.9                ef9038413
     K02M00N 1C2002 07 02.71478 19 33 34.05 -24 42 41.9          20.4 Ref9038413
     K02M00N 3C2002 07 13.08419 19 30 35.76 -24 48 11.4                cf9038950
     K02M00N 3C2002 07 13.08618 19 30 35.70 -24 48 11.3                cf9038950
     K02M00N 3C2002 07 13.08818 19 30 35.63 -24 48 11.1                cf9038950
     K02M00N 3C2002 07 13.09017 19 30 35.57 -24 48 11.1                cf9038950
     K02M00N  C2002 07 15.23153 19 30 11.14 -24 47 37.6          19.6 Rcf9038711
     K02M00N  C2002 07 15.24463 19 30 10.38 -24 47 41.5          19.3 Rcf9038711
     K02M00N  C2002 07 15.25751 19 30 09.76 -24 47 43.8          19.6 Rcf9038711
     K02M00N 1C2002 07 19.49680 19 29 34.89 -24 44 37.4                ef9038413
     K02M00N 1C2002 07 19.53744 19 29 34.05 -24 44 36.6          21.6 Ref9038413
     K02M00N 1C2002 07 19.56392 19 29 33.53 -24 44 35.3                ef9038413
     K02M00N 1C2002 07 20.51370 19 29 29.51 -24 43 50.9                ef9038413
     K02M00N 1C2002 07 31.55544 19 30 06.44 -24 30 28.9                ef9971413
     K02M00N 1C2002 07 31.59480 19 30 06.45 -24 30 24.4                ef9971413
     K02M00N 2C2002 08 09.45007 19 32 46.31 -24 14 08.6                cf9971568
     K02M00N 2C2002 08 09.45480 19 32 46.39 -24 14 07.9                cf9971568
     K02M00N 2C2002 08 09.45951 19 32 46.48 -24 14 07.1                cf9971568
