     K02RI2B* C2002 09 14.47624 00 46 52.24 +04 45 12.2          20.3  cg1810644
     K02RI2B  C2002 09 14.48658 00 46 55.20 +04 45 29.5          20.6  cg1810644
     K02RI2B  C2002 09 14.49700 00 46 58.07 +04 45 47.4          20.4  cg1810644
     K02RI2B  C2002 09 14.51619 00 47 05.39 +04 46 33.6          20.1 Rcn1637608
     K02RI2B  C2002 09 14.52678 00 47 08.30 +04 46 52.8          20.3 Rcn1637608
     K02RI2B  C2002 09 14.53713 00 47 11.16 +04 47 10.5          19.9 Rcn1637608
     K02RI2B 4C2002 09 15.20278 00 50 41.26 +05 06 53.7                 g1810673
     K02RI2B 4C2002 09 15.20741 00 50 42.87 +05 07 03.6                 g1810673
     K02RI2B 4C2002 09 15.21238 00 50 44.28 +05 07 12.2                 g1810673
     K02RI2B tC2002 09 15.30918 00 51 13.64 +05 10 18.6          20.3 Vdg1810291
     K02RI2B tC2002 09 15.31695 00 51 16.01 +05 10 33.3          20.4 Vdg1810291
     K02RI2B tC2002 09 15.32589 00 51 18.69 +05 10 50.0          20.3 Vdg1810291
     K02RI2B  C2002 09 15.48576 00 52 08.19 +05 15 51.3          19.5  cg1810644
     K02RI2B  C2002 09 15.49644 00 52 11.51 +05 16 11.2          20.1  cg1810644
     K02RI2B  C2002 09 15.50717 00 52 14.89 +05 16 31.5          20.4  cg1810644
     K02RI2B  C2002 09 16.23966 00 56 30.43 +05 40 38.5          20.3 Rcn1637644
     K02RI2B  C2002 09 16.52140 00 58 06.54 +05 50 21.8          20.4 Rcn1637644
