     K02G05M* C2002 04 10.24241 11 17 08.01 +01 02 01.2          18.9  cf5885704
     K02G05M  C2002 04 10.25416 11 16 59.51 +01 02 01.4          18.9  cf5885704
     K02G05M  C2002 04 10.26584 11 16 51.04 +01 02 00.9          19.1  cf5885704
     K02G05M  C2002 04 10.27752 11 16 42.57 +01 02 01.1          18.9  cf5885704
     K02G05M  C2002 04 10.28919 11 16 34.15 +01 02 01.4          19.0  cf5885704
     K02G05M  C2002 04 12.24669 10 50 10.19 +01 00 40.1          18.4  cf5885704
     K02G05M  C2002 04 12.26063 10 49 56.85 +01 00 38.9          18.6  cf5885704
     K02G05M  C2002 04 12.27472 10 49 43.40 +01 00 37.7          18.7  cf5885704
     K02G05M  C2002 04 12.28863 10 49 30.12 +01 00 35.7          18.9  cf5885704
     K02G05M  C2002 04 12.30246 10 49 16.96 +01 00 35.1          18.9  cf5885704
     K02G05M  C2002 04 12.98425 10 38 08.91 +00 59 03.4          18.8 Rcf5885966
     K02G05M  C2002 04 12.98823 10 38 04.78 +00 59 02.0          18.1 Rcf5885966
     K02G05M  C2002 04 12.99193 10 38 00.89 +00 59 02.4          18.4 Rcf5885966
     K02G05M  C2002 04 13.15280 10 35 14.87 +00 58 55.5          18.1 Rcf5885649
     K02G05M  C2002 04 13.15463 10 35 12.90 +00 58 55.4          18.2 Rcf5885649
     K02G05M  C2002 04 13.15646 10 35 10.91 +00 58 55.0          18.1 Rcf5885649
     K02G05M  C2002 04 15.20567 09 53 17.38 +00 52 02.1          18.5  cf5885704
     K02G05M  C2002 04 15.23395 09 52 36.57 +00 51 52.7          18.7  cf5885704
     K02G05M  C2002 04 15.24798 09 52 16.27 +00 51 49.4          18.4  cf5885704
     K02G05M  C2002 04 15.26234 09 51 55.56 +00 51 44.5          18.4  cf5885704
     K02G05M  C2002 04 17.40748 08 53 56.18 +00 37 54.2          18.7 Rci1474608
     K02G05M  C2002 04 17.41787 08 53 37.33 +00 37 49.2          18.4 Rci1474608
     K02G05M  C2002 04 17.42872 08 53 17.39 +00 37 40.8          18.6 Rci1474608
