     K02AC9N* C2002 01 14.31366 08 33 36.33 +22 58 18.1          19.2  ce7480704
     K02AC9N  C2002 01 14.32876 08 34 04.71 +22 57 38.3          19.1  ce7480704
     K02AC9N  C2002 01 14.34420 08 34 33.92 +22 56 56.1          19.8  ce7480704
     K02AC9N  C2002 01 14.36121 08 35 06.35 +22 56 05.8          20.2  ce7480704
     K02AC9N  C2002 01 14.37638 08 35 35.51 +22 55 21.8          19.1  ce7480704
     K02AC9N  C2002 01 15.35069 09 18 48.20 +21 32 10.6          18.6 Rce7481649
     K02AC9N  C2002 01 15.35175 09 18 51.58 +21 32 02.7          18.3 Rce7481649
     K02AC9N  C2002 01 15.35279 09 18 54.95 +21 31 53.9          18.4 Rce7481649
     K02AC9N tC2002 01 15.96351 09 59 54.94 +19 31 20.3          17.6 Rce7481046
     K02AC9N tC2002 01 15.96391 09 59 56.68 +19 31 18.7          17.3 Rce7481046
     K02AC9N tC2002 01 15.96409 09 59 57.26 +19 31 14.6          17.7 Rce7481046
     K02AC9N tC2002 01 15.96528 10 00 04.00 +19 30 48.3          18.1 Rce7481046
