     K03D10W* C2003 02 26.28160 08 40 29.30 +28 39 59.4          19.4  ch4391704
     K03D10W  C2003 02 26.29415 08 40 21.17 +28 40 19.4          19.7  ch4391704
     K03D10W  C2003 02 26.30716 08 40 12.95 +28 40 40.6          19.7  ch4391704
     K03D10W  C2003 02 26.32039 08 40 04.47 +28 40 59.9          19.6  ch4391704
     K03D10W  C2003 02 26.97995 08 33 46.83 +29 03 53.6                ch4391246
     K03D10W  C2003 02 26.98051 08 33 46.27 +29 03 54.5                ch4391246
     K03D10W  C2003 02 26.98145 08 33 45.60 +29 03 56.7                ch4391246
     K03D10W  C2003 02 26.98424 08 33 43.44 +29 04 02.0                ch4391246
     K03D10W  C2003 02 26.98634 08 33 41.79 +29 04 06.2                ch4391246
     K03D10W  C2003 02 26.98752 08 33 40.86 +29 04 08.0                ch4391246
     K03D10W  C2003 02 26.98887 08 33 39.81 +29 04 10.6                ch4391246
     K03D10W  C2003 02 27.03873 08 33 00.36 +29 05 39.0          18.3 Rdh4391118
     K03D10W  C2003 02 27.04068 08 32 58.83 +29 05 42.6                dh4391118
     K03D10W  C2003 02 27.04265 08 32 57.40 +29 05 45.9                dh4391118
     K03D10W  C2003 02 27.04459 08 32 55.86 +29 05 48.1                dh4391118
     K03D10W  C2003 02 27.04666 08 32 54.23 +29 05 52.3                dh4391118
     K03D10W  C2003 02 27.12593 08 32 30.54 +29 11 38.6          18.6 Rdh4391734
     K03D10W  C2003 02 27.12948 08 32 27.23 +29 11 50.1          18.7 Rdh4391734
     K03D10W  C2003 02 27.83100 08 22 28.71 +29 45 49.4                ch4391246
     K03D10W  C2003 02 27.83178 08 22 27.83 +29 45 52.8                ch4391246
     K03D10W  C2003 02 27.83214 08 22 27.43 +29 45 54.1          17.5 Rch4391246
     K03D10W  C2003 02 27.83292 08 22 26.53 +29 45 56.7                ch4391246
     K03D10W  C2003 02 27.83399 08 22 25.24 +29 46 00.7                ch4391246
     K03D10W  C2003 02 27.83454 08 22 24.52 +29 46 03.0                ch4391246
     K03D10W  C2003 02 28.79981 07 59 58.27 +30 53 46.2                ch4391246
     K03D10W  C2003 02 28.80002 07 59 57.83 +30 53 48.1                ch4391246
     K03D10W  C2003 02 28.80039 07 59 56.99 +30 53 50.3                ch4391246
     K03D10W  C2003 02 28.80069 07 59 56.39 +30 53 50.9                ch4391246
     K03D10W  C2003 02 28.80105 07 59 55.46 +30 53 53.8                ch4391246
     K03D10W  C2003 02 28.80177 07 59 53.93 +30 53 57.4                ch4391246
     K03D10W  C2003 02 28.91723 07 55 43.66 +31 03 35.8          18.1 Rdh4391J95
     K03D10W  C2003 02 28.91977 07 55 37.63 +31 03 49.1          17.6 Rdh4391J95
     K03D10W  C2003 02 28.92232 07 55 31.67 +31 04 01.4          17.8 Rdh4391J95
     K03D10W  C2003 02 28.97302 07 53 24.87 +31 10 34.9          17.6 R h4391941
     K03D10W  C2003 02 28.97358 07 53 23.52 +31 10 38.5          17.6 R h4391941
     K03D10W  C2003 02 28.97469 07 53 20.65 +31 10 44.9          17.6 R h4391941
     K03D10W  C2003 03 01.87811 07 02 13.98 +32 38 20.8          16.8 R h4391941
     K03D10W  C2003 03 01.88046 07 02 00.55 +32 38 30.6          16.8 R h4391941
     K03D10W  C2003 03 01.88098 07 01 57.77 +32 38 31.8          16.8 R h4391941
     K03D10W  C2003 03 01.88200 07 01 51.99 +32 38 34.8          16.7 R h4391941
     K03D10W  C2003 03 01.89161 07 00 44.07 +32 35 19.8                ch4391246
     K03D10W  C2003 03 01.89196 07 00 42.13 +32 35 21.1                ch4391246
     K03D10W  C2003 03 01.89236 07 00 39.95 +32 35 22.1                ch4391246
     K03D10W  C2003 03 01.89320 07 00 35.02 +32 35 24.8                ch4391246
     K03D10W  C2003 03 01.89355 07 00 33.04 +32 35 25.8                ch4391246
     K03D10W  C2003 03 01.89724 07 00 12.10 +32 35 36.4                ch4391246
     K03D10W  C2003 03 01.89764 07 00 09.94 +32 35 37.6                ch4391246
     K03D10W  C2003 03 01.92023 06 58 06.93 +32 40 04.1                dh4391170
     K03D10W  C2003 03 01.92073 06 58 04.45 +32 40 02.1                dh4391170
     K03D10W  C2003 03 01.92082 06 57 57.03 +32 36 15.8                dh4391557
     K03D10W  C2003 03 01.92125 06 58 01.45 +32 40 08.4                dh4391170
     K03D10W  C2003 03 01.92203 06 57 49.96 +32 36 18.4                dh4391557
     K03D10W  C2003 03 01.92238 06 57 47.96 +32 36 18.1                dh4391557
     K03D10W  C2003 03 01.92275 06 57 52.44 +32 40 12.6                dh4391170
     K03D10W  C2003 03 01.92290 06 57 44.86 +32 36 19.7                dh4391557
     K03D10W  C2003 03 01.92325 06 57 42.85 +32 36 19.9                dh4391557
     K03D10W  C2003 03 01.92326 06 57 49.21 +32 40 14.4                dh4391170
     K03D10W  C2003 03 01.92377 06 57 39.80 +32 36 21.2                dh4391557
     K03D10W  C2003 03 01.92410 06 57 37.81 +32 36 21.9                dh4391557
     K03D10W  C2003 03 01.92426 06 57 43.35 +32 40 14.7                dh4391170
     K03D10W  C2003 03 01.92428 06 57 36.78 +32 36 22.2                dh4391557
     K03D10W  C2003 03 01.93845 06 56 29.29 +32 37 39.3          16.1 Rdh4391J95
     K03D10W  C2003 03 01.94030 06 56 18.31 +32 37 43.6          17.1 Rdh4391J95
     K03D10W  C2003 03 01.94204 06 56 07.99 +32 37 47.8          16.3 Rdh4391J95
     K03D10W  C2003 03 01.94765 06 55 34.51 +32 38 00.6          16.5 Rdh4391J95
     K03D10W  C2003 03 01.94939 06 55 24.07 +32 38 04.9          17.3 Rdh4391J95
     K03D10W  C2003 03 01.98191 06 52 06.69 +32 38 59.6          16.7 Rdh4391J95
     K03D10W  C2003 03 01.98365 06 51 55.96 +32 39 01.6          16.9 Rdh4391J95
     K03D10W  C2003 03 02.09877 06 41 04.40 +32 53 55.6          17.2 Rch4391448
     K03D10W  C2003 03 02.10055 06 40 51.44 +32 54 00.4          17.3 Rch4391448
     K03D10W  C2003 03 02.10966 06 39 44.45 +32 54 22.8          17.3 Rch4391448
     K03D10W WC2003 03 02.15572 06 34 15.22 +32 54 32.6                ch4391670
     K03D10W IC2003 03 02.16101 06 33 33.88 +32 54 36.3                ch4391670
     K03D10W  C2003 03 02.18649 06 30 11.37 +32 54 27.8                ch4391670
     K03D10W  C2003 03 02.18725 06 30 05.26 +32 54 27.2                ch4391670
     K03D10W  C2003 03 02.84113 04 29 40.85 +28 57 35.6          16.8 Rdh4391J95
     K03D10W  C2003 03 02.84182 04 29 30.03 +28 56 53.0          17.6 Rdh4391J95
     K03D10W  C2003 03 02.84258 04 29 18.36 +28 56 08.5          16.8 Rdh4391J95
     K03D10W  C2003 03 02.84334 04 29 06.50 +28 55 22.8          16.8 Rdh4391J95
     K03D10W  C2003 03 02.86720 04 22 53.39 +28 30 47.3          17.1 Rdh4391J95
     K03D10W  C2003 03 02.87683 04 20 21.74 +28 20 21.9          17.1 Rdh4391J95
     K03D10W  C2003 03 02.87754 04 20 10.56 +28 19 35.8          17.2 Rdh4391J95
     K03D10W  C2003 03 02.88266 04 18 49.68 +28 13 54.8          17.3 Rdh4391J95
     K03D10W  C2003 03 02.88337 04 18 38.52 +28 13 07.8          16.7 Rdh4391J95
     K03D10W  C2003 03 02.88407 04 18 27.51 +28 12 20.9          17.2 Rdh4391J95
     K03D10W  C2003 03 02.88604 04 17 56.30 +28 10 07.8          17.7 Rdh4391J95
     K03D10W  C2003 03 02.88673 04 17 45.42 +28 09 21.1          17.0 Rdh4391J95
     K03D10W  C2003 03 02.88742 04 17 34.41 +28 08 33.0          17.2 Rdh4391J95
     K03D10W  C2003 03 02.89030 04 16 48.92 +28 05 17.9          17.1 Rdh4391J95
     K03D10W  C2003 03 02.89101 04 16 37.63 +28 04 28.3          17.1 Rdh4391J95
     K03D10W  C2003 03 02.89383 04 15 52.91 +28 01 13.8          17.5 Rdh4391J95
     K03D10W  C2003 03 02.89454 04 15 41.65 +28 00 24.5          17.4 Rdh4391J95
     K03D10W  C2003 03 02.89524 04 15 30.63 +27 59 37.2          17.0 Rdh4391J95
     K03D10W  C2003 03 02.89707 04 15 01.48 +27 57 29.6          17.2 Rdh4391J95
     K03D10W  C2003 03 02.89794 04 14 47.75 +27 56 28.6          17.3 Rdh4391J95
     K03D10W  C2003 03 02.89885 04 14 33.19 +27 55 24.6          17.8 Rdh4391J95
     K03D10W  C2003 03 02.90201 04 13 43.09 +27 51 42.8          16.7 Rdh4391J95
     K03D10W  C2003 03 02.90270 04 13 32.08 +27 50 54.1          16.9 Rdh4391J95
     K03D10W  C2003 03 02.90617 04 12 37.01 +27 46 47.5          16.8 Rdh4391J95
     K03D10W  C2003 03 02.90691 04 12 25.24 +27 45 54.6          17.0 Rdh4391J95
     K03D10W  C2003 03 03.08103 03 25 43.80 +23 57 38.6          18.2 Rch4391649
     K03D10W  C2003 03 03.08232 03 25 21.83 +23 55 29.1          17.8 Rch4391649
     K03D10W  C2003 03 03.08287 03 25 12.49 +23 54 34.6          17.3 Rch4391649
     K03D10W  C2003 03 03.08524 03 24 31.73 +23 50 34.4          17.8 Rch4391649
     K03D10W  C2003 03 03.13425 03 11 04.38 +22 31 07.2                ch4391670
     K03D10W  C2003 03 03.13491 03 10 53.03 +22 29 56.1                ch4391670
     K03D10W  C2003 03 03.13716 03 10 14.07 +22 25 48.6                ch4391670
     K03D10W  C2003 03 03.13822 03 09 55.90 +22 23 54.8                ch4391670
     K03D10W  C2003 03 03.13872 03 09 47.29 +22 23 00.0                ch4391670
     K03D10W  C2003 03 03.14009 03 09 23.47 +22 20 27.7                ch4391670
     K03D10W  C2003 03 03.14256 03 08 40.98 +22 15 56.9                ch4391670
     K03D10W  C2003 03 03.14484 03 08 01.73 +22 11 44.8                ch4391670
     K03D10W  C2003 03 03.15268 03 05 47.16 +21 57 14.1                ch4391670
     K03D10W  C2003 03 03.15351 03 05 33.06 +21 55 40.0                ch4391670
     K03D10W  C2003 03 03.16028 03 03 37.15 +21 42 57.5                ch4391670
     K03D10W  C2003 03 03.16079 03 03 28.35 +21 42 01.6                ch4391670
     K03D10W  C2003 03 03.16458 03 02 23.84 +21 34 53.7                ch4391670
     K03D10W  C2003 03 03.17425 02 59 39.36 +21 16 26.4                ch4391670
     K03D10W  C2003 03 03.17664 02 58 59.04 +21 11 52.4                ch4391670
     K03D10W  C2003 03 03.17806 02 58 34.94 +21 09 09.0                ch4391670
     K03D10W  C2003 03 03.18183 02 57 31.22 +21 01 52.4                ch4391670
     K03D10W 1C2003 08 06.28780 21 23 05.609-18 54 58.17         25.1 Roi3095309
     K03D10W 1C2003 08 06.29108 21 23 05.103-18 54 59.76               oi3095309
     K03D10W 1C2003 08 06.29435 21 23 04.642-18 55 00.60               oi3095309
     K03D10W 1C2003 08 06.29764 21 23 04.183-18 55 01.33               oi3095309
     K03D10W 1C2003 08 06.30093 21 23 03.799-18 55 02.21               oi3095309
     K03D10W 1C2003 08 06.30755 21 23 02.867-18 55 03.60               oi3095309
