     K03U03M* C2003 10 17.30722 01 16 10.54 +12 25 29.2          21.8 Vci8308691
     K03U03M  C2003 10 17.34625 01 16 12.26 +12 25 45.7          21.6 Vci8308691
     K03U03M  C2003 10 17.37271 01 16 13.53 +12 25 55.0          21.7 Vci8308691
     K03U03M HC2003 10 17.41619 01 16 16.00 +12 26 09.2          21.1 Vdi8308291
     K03U03M HC2003 10 17.42028 01 16 16.34 +12 26 09.7          21.7 Vdi8308291
     K03U03M HC2003 10 17.42423 01 16 16.53 +12 26 11.7          21.3 Vdi8308291
     K03U03M  C2003 10 18.28056 01 17 54.94 +12 31 58.7          21.2 Vdi8308291
     K03U03M  C2003 10 18.29355 01 17 55.22 +12 32 02.9          21.6 Vdi8308291
     K03U03M  C2003 10 18.29879 01 17 55.32 +12 32 04.7                di8308291
     K03U03M  C2003 10 18.30719 01 17 55.45 +12 32 08.1          21.8 Vdi8308291
     K03U03M  C2003 10 18.31131 01 17 55.54 +12 32 09.4          21.9 Vdi8308291
     K03U03M  C2003 10 18.31780 01 17 55.64 +12 32 10.8                di8308291
