     K04G02E* C2004 04 12.33094 15 03 36.47 -12 03 50.4          18.9  ck4423644
     K04G02E  C2004 04 12.36127 15 03 43.35 -12 04 04.4          18.4  ck4423644
     K04G02E  C2004 04 12.37148 15 03 45.34 -12 04 09.9          18.5 Rok4423699
     K04G02E  C2004 04 12.38751 15 03 48.99 -12 04 17.6                ok4423699
     K04G02E  C2004 04 12.39852 15 03 51.81 -12 04 21.0          18.5  ck4423644
     K04G02E  C2004 04 12.40354 15 03 52.68 -12 04 24.0                ok4423699
     K04G02E  C2004 04 12.41959 15 03 56.33 -12 04 31.3                ok4423699
     K04G02E  C2004 04 13.01425 15 06 32.16 -12 09 06.4          18.7 Rrk4423176
     K04G02E  C2004 04 13.01587 15 06 32.55 -12 09 07.4          18.6 Rrk4423176
     K04G02E  C2004 04 13.01910 15 06 33.33 -12 09 09.2          18.5 Rrk4423176
     K04G02E  C2004 04 13.02072 15 06 33.72 -12 09 10.1          18.1 Rrk4423176
     K04G02E  C2004 04 13.02190 15 06 33.99 -12 09 10.1          18.5 Rrk4423620
     K04G02E  C2004 04 13.02541 15 06 34.88 -12 09 12.2          18.5 Rrk4423620
     K04G02E  C2004 04 13.02891 15 06 35.77 -12 09 13.5          18.3 Rrk4423620
     K04G02E  C2004 04 13.03240 15 06 36.64 -12 09 15.6          18.4 Rrk4423620
     K04G02E  C2004 04 13.03592 15 06 37.54 -12 09 16.9          18.6 Rrk4423620
     K04G02E  C2004 04 13.03888 15 06 38.30 -12 09 18.5          18.6 Rrk4423620
     K04G02E  C2004 04 13.20753 15 07 27.31 -12 10 29.7          18.8 Rck4423854
     K04G02E  C2004 04 13.21419 15 07 29.22 -12 10 30.6          18.9 Rck4423854
     K04G02E  C2004 04 13.22083 15 07 30.91 -12 10 35.5          18.9 Rck4423854
     K04G02E 5C2004 04 13.39653 15 08 17.99 -12 12 09.0          18.7 Rck4423673
     K04G02E 5C2004 04 13.39780 15 08 18.33 -12 12 09.5                ck4423673
     K04G02E 5C2004 04 13.39919 15 08 18.71 -12 12 10.1                ck4423673
     K04G02E 5C2004 04 13.40081 15 08 19.13 -12 12 10.8                ck4423673
     K04G02E 3C2004 04 13.44889 15 08 31.63 -12 12 33.1          18.3 Rok4423290
     K04G02E 3C2004 04 13.44995 15 08 31.91 -12 12 33.7          18.1 Rok4423290
     K04G02E 3C2004 04 13.45142 15 08 32.30 -12 12 34.2          18.3 Rok4423290
     K04G02E 3C2004 04 13.45231 15 08 32.56 -12 12 34.7          18.3 Rok4423290
     K04G02E 3C2004 04 13.45319 15 08 32.79 -12 12 35.3          18.2 Rok4423290
     K04G02E  C2004 04 14.23750 15 12 39.72 -12 19 32.4          18.2 Rrk4423649
     K04G02E  C2004 04 14.23927 15 12 40.30 -12 19 33.6          18.2 Rrk4423649
     K04G02E  C2004 04 14.24105 15 12 40.84 -12 19 34.5          18.2 Rrk4423649
     K04G02E  C2004 04 14.24282 15 12 41.40 -12 19 35.5          18.3 Rrk4423649
     K04G02E tC2004 04 14.38983 15 13 28.81 -12 20 54.0          19.0 Vdk4423291
     K04G02E tC2004 04 14.39434 15 13 30.25 -12 20 56.4          19.1 Vdk4423291
     K04G02E tC2004 04 14.39912 15 13 31.76 -12 20 59.1          19.1 Vdk4423291
     K04G02E  C2004 04 14.60799 15 14 44.55 -12 21 39.6          18.1 Rrk4423474
     K04G02E  C2004 04 14.60938 15 14 45.01 -12 21 40.4          18.1 Rrk4423474
     K04G02E  C2004 04 14.61065 15 14 45.44 -12 21 41.2          18.4 Rrk4423474
     K04G02E  C2004 04 14.97236 15 16 59.48 -12 26 48.2          17.3 Rrk4423215
     K04G02E  C2004 04 14.97275 15 16 59.71 -12 26 47.8          17.6 Rrk4423215
     K04G02E  C2004 04 14.97295 15 16 59.72 -12 26 49.1          17.6 Rrk4423215
     K04G02E  C2004 04 14.97315 15 16 59.80 -12 26 49.4          17.3 Rrk4423215
     K04G02E  C2004 04 14.97354 15 16 59.94 -12 26 49.9          17.5 Rrk4423215
     K04G02E  C2004 04 15.37415 15 19 36.59 -12 30 53.2          18.0 Rok5192699
     K04G02E  C2004 04 15.39024 15 19 42.82 -12 31 03.2                ok5192699
     K04G02E  C2004 04 15.40631 15 19 48.95 -12 31 12.7                ok5192699
     K04G02E  C2004 04 15.42115 15 19 54.75 -12 31 23.0                ok5192699
     K04G02E  C2004 04 17.34731 15 36 18.28 -12 55 21.3          17.7  ck5192704
     K04G02E  C2004 04 17.35768 15 36 24.51 -12 55 30.5          17.8  ck5192704
     K04G02E  C2004 04 17.36802 15 36 30.69 -12 55 39.3          17.6  ck5192704
     K04G02E  C2004 04 17.37841 15 36 36.91 -12 55 48.3          18.3  ck5192704
     K04G02E  C2004 04 17.38922 15 36 43.47 -12 55 57.4          17.5  ck5192704
     K04G02E  C2004 04 18.38084 15 48 39.03 -13 11 04.0          17.4 Rrk5192H41
     K04G02E  C2004 04 18.38289 15 48 40.45 -13 11 05.4          17.6 Rrk5193H41
     K04G02E  C2004 04 18.38475 15 48 41.92 -13 11 07.8          17.6 Rrk5193H41
     K04G02E  C2004 04 18.38646 15 48 43.41 -13 11 09.0          17.4 Rrk5193H41
     K04G02E  C2004 04 18.60453 15 51 52.12 -13 12 45.5          15.0 Rrk5193E14
     K04G02E  C2004 04 18.60718 15 51 54.39 -13 12 48.3          16.7 Rrk5193E14
     K04G02E  C2004 04 18.60968 15 51 56.42 -13 12 49.7          15.2 Rrk5193E14
     K04G02E  C2004 04 18.99521 15 57 52.32 -13 21 31.4                ck5193246
     K04G02E  C2004 04 18.99646 15 57 53.51 -13 21 32.9                ck5193246
     K04G02E  C2004 04 18.99719 15 57 54.20 -13 21 33.9                ck5193246
     K04G02E  C2004 04 19.06642 15 59 01.91 -13 22 36.6          17.3 Vrk5193941
     K04G02E  C2004 04 19.06669 15 59 02.18 -13 22 36.7          17.1 Vrk5193941
     K04G02E  C2004 04 19.06696 15 59 02.45 -13 22 37.0          17.3 Vrk5193941
     K04G02E  C2004 04 19.06724 15 59 02.72 -13 22 37.2          17.3 Vrk5193941
     K04G02E  C2004 04 19.06751 15 59 02.98 -13 22 37.5          17.2 Vrk5193941
     K04G02E  C2004 04 19.14208 16 00 15.94 -13 24 05.9          17.2 Rrk5193J95
     K04G02E  C2004 04 19.14511 16 00 18.95 -13 24 09.3          17.1 Rrk5193J95
     K04G02E  C2004 04 19.14780 16 00 21.63 -13 24 11.7          17.1 Rrk5193J95
     K04G02E  C2004 04 20.36590 16 25 43.51 -13 44 41.3          16.7  ck5193704
     K04G02E  C2004 04 20.37691 16 25 59.68 -13 44 52.3          16.8  ck5193704
     K04G02E  C2004 04 20.38792 16 26 15.93 -13 45 03.2          16.9  ck5193704
     K04G02E  C2004 04 20.39893 16 26 32.22 -13 45 14.1          17.0  ck5193704
     K04G02E  C2004 04 20.40994 16 26 48.57 -13 45 24.3          16.7  ck5193704
     K04G02E  C2004 04 20.94541 16 42 01.06 -13 53 09.3                ck5193587
     K04G02E  C2004 04 20.94650 16 42 03.10 -13 53 11.1          16.1 Rck5193587
     K04G02E  C2004 04 20.94762 16 42 05.10 -13 53 11.5                ck5193587
     K04G02E  C2004 04 21.35811 16 55 46.65 -13 57 05.5          16.6 Rrk5193H36
     K04G02E  C2004 04 21.35852 16 55 47.47 -13 57 04.9          16.7 Rrk5193H36
     K04G02E  C2004 04 21.35933 16 55 49.20 -13 57 05.8          16.8 Rrk5193H36
     K04G02E  C2004 04 21.35973 16 55 50.06 -13 57 05.3          17.0 Rrk5193H36
     K04G02E  C2004 04 22.03762 17 23 50.16 -13 56 22.2                ck5193246
     K04G02E  C2004 04 22.03873 17 23 53.23 -13 56 21.1                ck5193246
     K04G02E  C2004 04 22.03990 17 23 56.43 -13 56 20.3                ck5193246
     K04G02E  C2004 04 22.04204 17 24 02.41 -13 56 19.3                ck5193246
     K04G02E  C2004 04 23.09637118 24 39.66 -13 13 19.3          16.5 Rrk5193J95
     K04G02E  C2004 04 23.09883418 24 49.68 -13 13 07.0          16.9 Rrk5193J95
     K04G02E  C2004 04 23.10169318 25 01.34 -13 12 53.8          16.6 Rrk5193J95
     K04G02E  C2004 04 24.13526619 46 39.64 -10 50 07.2          17.1 Rrk6299J95
     K04G02E  C2004 04 24.13769019 46 52.17 -10 49 37.7          16.9 Rrk6299J95
     K04G02E  C2004 04 24.13996719 47 03.93 -10 49 11.1          17.2 Rrk6299J95
     K04G02E  C2004 04 24.14226919 47 15.74 -10 48 43.3          17.1 Rrk6299J95
