     K04X29G* C2004 12 10.06219 00 01 05.88 +07 14 51.9          19.1  cm1839704
     K04X29G  C2004 12 10.06228 00 01 05.97 +07 14 53.5          19.3  cm1839704
     K04X29G  C2004 12 10.07432 00 01 30.03 +07 18 04.7          18.9  cm1839704
     K04X29G  C2004 12 10.07441 00 01 30.23 +07 18 06.9          19.1  cm1839704
     K04X29G  C2004 12 10.08652 00 01 54.39 +07 21 19.1          19.4  cm1839704
     K04X29G  C2004 12 10.08661 00 01 54.64 +07 21 20.0          20.0  cm1839704
     K04X29G  C2004 12 10.10806 00 02 37.60 +07 27 01.2          19.0  cm1839704
     K04X29G  C2004 12 10.10815 00 02 37.72 +07 27 02.5          19.0  cm1839704
     K04X29G  C2004 12 10.12626 00 03 14.25 +07 31 50.0          19.0  cm1839704
     K04X29G  C2004 12 10.12635 00 03 14.49 +07 31 52.1          18.8  cm1839704
     K04X29G tC2004 12 11.86361 01 16 20.88 +15 37 24.4                cm1839246
     K04X29G  C2004 12 11.86491 01 16 24.17 +15 37 44.5                cm1839246
     K04X29G  C2004 12 11.86522 01 16 25.11 +15 37 49.9                cm1839246
     K04X29G  C2004 12 11.86569 01 16 26.23 +15 37 57.2                cm1839246
     K04X29G  C2004 12 11.86731 01 16 30.72 +15 38 24.3                cm1839246
     K04X29G  C2004 12 11.86766 01 16 31.62 +15 38 30.3                cm1839246
     K04X29G  C2004 12 11.86807 01 16 32.68 +15 38 36.3                cm1839246
     K04X29G  C2004 12 11.86913 01 16 35.52 +15 38 53.7                cm1839246
     K04X29G  C2004 12 11.86964 01 16 36.93 +15 39 02.3                cm1839246
     K04X29G  C2004 12 11.87032 01 16 38.66 +15 39 13.9                cm1839246
     K04X29G  C2004 12 11.87104 01 16 40.55 +15 39 25.1                cm1839246
     K04X29G  C2004 12 11.87976 01 17 05.25 +15 42 16.1          16.9 Rcm1839587
     K04X29G  C2004 12 11.88087 01 17 08.35 +15 42 37.1                cm1839587
     K04X29G  C2004 12 11.88197 01 17 11.12 +15 42 53.5                cm1839587
     K04X29G  C2004 12 11.88478 01 17 18.34 +15 43 39.3                cm1839587
     K04X29G 3C2004 12 12.05598 01 25 52.40 +16 32 44.5          18.0 Vom1839H06
     K04X29G 3C2004 12 12.06119 01 26 06.33 +16 34 11.6          18.1 Vom1839H06
     K04X29G 3C2004 12 12.06647 01 26 20.30 +16 35 38.8          18.0 Vom1839H06
     K04X29G 2C2004 12 12.11511 01 28 29.57 +16 48 59.4          17.2 Rom1839H06
     K04X29G 2C2004 12 12.11878 01 28 39.29 +16 49 59.1          17.4 Rom1839H06
     K04X29G 2C2004 12 12.12235 01 28 48.82 +16 50 57.1          17.0 Rom1839H06
     K04X29G  C2004 12 12.13550 01 29 24.45 +16 54 21.3          17.3  cm1839704
     K04X29G  C2004 12 12.15036 01 30 03.98 +16 58 20.4          18.0  cm1839704
     K04X29G  C2004 12 12.15135 01 30 08.88 +16 58 58.0          17.3 Rcm1839651
     K04X29G  C2004 12 12.15216 01 30 11.06 +16 59 11.0          17.3 Rcm1839651
     K04X29G  C2004 12 12.15302 01 30 13.32 +16 59 24.8          17.1 Rcm1839651
     K04X29G  C2004 12 12.16309 01 30 37.96 +17 01 44.2          17.8  cm1839704
     K04X29G  C2004 12 12.17747 01 31 16.39 +17 05 32.4          17.6  cm1839704
     K04X29G  C2004 12 12.19085 01 31 52.23 +17 09 03.5          18.0  cm1839704
     K04X29G  C2004 12 12.71421 01 57 45.52 +19 20 10.0          17.8 Rrm1839143
     K04X29G  C2004 12 12.71515 01 57 48.25 +19 20 23.9          17.4 Rrm1839143
     K04X29G  C2004 12 12.71597 01 57 50.55 +19 20 36.1          17.8 Rrm1839143
     K04X29G  C2004 12 12.72152 01 58 06.06 +19 21 59.8          17.6 Rrm1839143
     K04X29G  C2004 12 12.72255 01 58 08.98 +19 22 15.4          17.7 Rrm1839143
     K04X29G  C2004 12 12.72377 01 58 12.34 +19 22 33.0          17.4 Rrm1839143
     K04X29G  C2004 12 12.83159 02 03 08.69 +19 48 15.0                cm1839246
     K04X29G  C2004 12 12.83196 02 03 09.62 +19 48 20.0                cm1839246
     K04X29G  C2004 12 12.83218 02 03 10.22 +19 48 23.0                cm1839246
     K04X29G  C2004 12 12.83284 02 03 12.09 +19 48 32.2                cm1839246
     K04X29G  C2004 12 12.83330 02 03 13.22 +19 48 37.7                cm1839246
     K04X29G  C2004 12 12.83374 02 03 14.57 +19 48 44.6                cm1839246
     K04X29G  C2004 12 12.93847 02 08 04.42 +20 13 18.4          17.3 Rcm1839599
     K04X29G  C2004 12 12.93912 02 08 06.27 +20 13 27.1          17.1 Rcm1839599
     K04X29G  C2004 12 12.93979 02 08 08.08 +20 13 35.6          17.3 Rcm1839599
     K04X29G  C2004 12 12.94044 02 08 09.90 +20 13 44.2          17.4 Rcm1839599
     K04X29G  C2004 12 13.84093 02 51 50.64 +23 10 17.9                cm1839246
     K04X29G  C2004 12 13.84134 02 51 51.74 +23 10 21.8                cm1839246
     K04X29G  C2004 12 13.84207 02 51 53.70 +23 10 29.2                cm1839246
     K04X29G  C2004 12 13.84286 02 51 55.68 +23 10 37.0                cm1839246
     K04X29G  C2004 12 13.84325 02 51 56.70 +23 10 40.3                cm1839246
     K04X29G  C2004 12 13.84369 02 51 57.86 +23 10 44.7                cm1839246
     K04X29G  C2004 12 13.84428 02 51 59.46 +23 10 50.4                cm1839246
     K04X29G  C2004 12 13.84764 02 52 08.35 +23 11 24.0                cm1839246
     K04X29G 2C2004 12 14.05929 03 02 20.52 +23 45 49.7          16.9 Rom1839H06
     K04X29G 2C2004 12 14.06143 03 02 26.12 +23 46 10.3          16.9 Rom1839H06
     K04X29G 2C2004 12 14.06358 03 02 31.63 +23 46 31.6          16.9 Rom1839H06
     K04X29G  C2004 12 14.20722 03 08 32.27 +24 06 55.8          17.7 Rrm1839734
     K04X29G  C2004 12 14.20753 03 08 33.07 +24 06 58.4          17.6 Rrm1839734
     K04X29G  C2004 12 14.20784 03 08 33.77 +24 07 00.7          17.3 Rrm1839734
     K04X29G  C2004 12 14.20815 03 08 34.55 +24 07 03.1          17.7 Rrm1839734
     K04X29G  C2004 12 14.20845 03 08 35.46 +24 07 05.9          17.7 Rrm1839734
     K04X29G  C2004 12 14.78803 03 34 10.98 +25 14 15.1          18.8 Vcm1839104
     K04X29G  C2004 12 14.78884 03 34 13.21 +25 14 21.4          18.6 Vcm1839104
     K04X29G  C2004 12 14.78968 03 34 14.76 +25 14 25.2          18.5 Vcm1839104
     K04X29G  C2004 12 14.79073 03 34 17.57 +25 14 33.0          19.2 Vcm1839104
     K04X29G  C2004 12 14.84933 03 36 32.58 +25 19 59.5                cm1839246
     K04X29G  C2004 12 14.84959 03 36 33.16 +25 20 00.9                cm1839246
     K04X29G  C2004 12 14.84994 03 36 33.95 +25 20 03.0                cm1839246
     K04X29G 2C2004 12 14.85015 03 36 38.39 +25 19 42.3          17.6 Rgm1839012
     K04X29G  C2004 12 14.85028 03 36 34.77 +25 20 04.7                cm1839246
     K04X29G  C2004 12 14.85079 03 36 35.89 +25 20 07.6                cm1839246
     K04X29G 2C2004 12 14.85154 03 36 41.64 +25 19 50.7          17.4 Rgm1839012
     K04X29G  C2004 12 14.85157 03 36 37.76 +25 20 12.4                cm1839246
     K04X29G 2C2004 12 14.85223 03 36 43.27 +25 19 55.0          17.6 Rgm1839012
     K04X29G 2C2004 12 14.85363 03 36 46.49 +25 20 03.2          17.4 Rgm1839012
     K04X29G 2C2004 12 14.85433 03 36 48.18 +25 20 07.1          17.1 Rgm1839012
     K04X29G 2C2004 12 14.85572 03 36 51.42 +25 20 15.3          17.6 Rgm1839012
     K04X29G  C2004 12 15.18457 03 50 05.47 +25 50 40.5          17.8  cm1839704
     K04X29G  C2004 12 15.19815 03 50 34.87 +25 51 45.1          17.8  cm1839704
     K04X29G  C2004 12 15.21171 03 51 04.15 +25 52 47.9          17.9  cm1839704
     K04X29G  C2004 12 15.22477 03 51 32.23 +25 53 46.4          17.9  cm1839704
     K04X29G  C2004 12 15.23840 03 52 01.47 +25 54 45.2          17.9  cm1839704
     K04X29G  C2004 12 15.85914 04 14 59.83 +26 28 33.7          17.8 Vom1839198
     K04X29G  C2004 12 15.86171 04 15 04.84 +26 28 41.3          17.8 Vom1839198
     K04X29G  C2004 12 15.86734 04 15 15.77 +26 28 57.6          17.8 Vom1839198
     K04X29G  C2004 12 15.86810 04 15 17.25 +26 28 59.9          17.7 Vom1839198
     K04X29G  C2004 12 15.86887 04 15 18.72 +26 29 02.1          18.0 Vom1839198
     K04X29G  C2004 12 15.86990 04 15 20.71 +26 29 05.1          18.1 Vom1839198
     K04X29G  C2004 12 15.97539 04 18 40.60 +26 33 19.0                cm1839246
     K04X29G  C2004 12 15.97566 04 18 41.14 +26 33 19.5                cm1839246
     K04X29G  C2004 12 15.97591 04 18 41.67 +26 33 20.1                cm1839246
     K04X29G  C2004 12 15.97633 04 18 42.35 +26 33 20.7                cm1839246
     K04X29G  C2004 12 16.19133 04 26 08.67 +26 42 56.3          18.5  cm1839704
     K04X29G  C2004 12 16.20422 04 26 31.59 +26 43 24.2          18.5  cm1839704
     K04X29G  C2004 12 16.21719 04 26 54.56 +26 43 51.1          18.5  cm1839704
     K04X29G  C2004 12 16.24324 04 27 40.37 +26 44 40.6          18.4  cm1839704
     K04X29G 2C2004 12 16.40077 04 32 15.62 +26 47 50.5          17.5 Rom1839H06
     K04X29G 2C2004 12 16.40373 04 32 20.87 +26 47 52.1          17.7 Rom1839H06
     K04X29G 2C2004 12 16.40664 04 32 26.02 +26 47 53.7          17.3 Rom1839H06
     K04X29G  C2004 12 17.23925 04 56 34.70 +27 00 12.8          18.6  cm2750704
     K04X29G  C2004 12 17.25329 04 56 54.41 +27 00 16.9          18.4  cm2750704
     K04X29G  C2004 12 17.26741 04 57 14.18 +27 00 20.4          18.7  cm2750704
     K04X29G  C2004 12 17.28109 04 57 33.31 +27 00 22.2          18.8  cm2750704
     K04X29G  C2004 12 17.29460 04 57 52.19 +27 00 22.8          18.6  cm2750704
     K04X29G  C2004 12 17.29595 04 57 50.30 +26 59 40.0          19.0 Rrm1839734
     K04X29G  C2004 12 17.29862 04 57 54.08 +26 59 40.3          19.1 Rrm1839734
     K04X29G  C2004 12 17.30130 04 57 57.86 +26 59 39.9          17.9 Rrm1839734
     K04X29G  C2004 12 17.30397 04 58 01.60 +26 59 39.5          18.9 Rrm1839734
     K04X29G  C2004 12 18.28898 05 20 56.95 +26 55 58.6          18.8  cm2750704
     K04X29G  C2004 12 18.30385 05 21 13.49 +26 55 48.8          18.6  cm2750704
     K04X29G  C2004 12 18.32248 05 21 34.15 +26 55 33.7          18.6  cm2750704
     K04X29G  C2004 12 18.33643 05 21 49.57 +26 55 20.9          18.7  cm2750704
     K04X29G  C2004 12 18.34996 05 22 04.56 +26 55 07.3          18.7  cm2750704
     K04X29G  C2004 12 18.87474 05 32 34.41 +26 47 11.4          19.6 Vcm2750A48
     K04X29G  C2004 12 18.89379 05 32 53.57 +26 47 00.1          19.7 Vcm2750A48
     K04X29G  C2004 12 18.90689 05 33 06.51 +26 46 50.7          19.3 Vcm2750A48
     K04X29G  C2004 12 18.97673 05 34 18.43 +26 46 29.4          18.6 Rcm2750952
     K04X29G  C2004 12 18.97752 05 34 19.23 +26 46 28.1          18.7 Rcm2750952
     K04X29G  C2004 12 18.97805 05 34 19.68 +26 46 28.8          18.2 Rcm2750952
     K04X29G  C2004 12 18.98015 05 34 21.74 +26 46 27.8          18.4 Rcm2750952
     K04X29G  C2005 01 04.97471 07 14 12.81 +22 58 24.2                rm3588J95
     K04X29G  C2005 01 04.99300 07 14 14.08 +22 58 19.3          20.8 Rrm3588J95
     K04X29G  C2005 01 05.00871 07 14 15.13 +22 58 13.5          20.4 Rrm3588J95
     K04X29G [C2005 01 15.35504 07 25 20.01 +22 12 26.6                c~0C7w568
