     K04V24M* C2004 11 09.37262 02 29 20.05 +25 04 05.8          16.6 Rdl9369703
     K04V24M  C2004 11 09.38635 02 29 03.73 +25 03 40.6          17.4 Rdl9369703
     K04V24M  C2004 11 09.39990 02 28 48.03 +25 03 15.0          17.5 Rdl9369703
     K04V24M  C2004 11 09.41348 02 28 32.23 +25 02 47.7          17.6 Rdl9369703
     K04V24M 1C2004 11 09.59314602 25 21.75 +25 05 16.9          18.4 Rrl9369413
     K04V24M 1C2004 11 09.59568202 25 18.32 +25 05 12.3          17.6 Rrl9369413
     K04V24M 1C2004 11 09.59695402 25 16.59 +25 05 09.9          17.6 Rrl9369413
     K04V24M 1C2004 11 09.59822202 25 14.88 +25 05 07.5          17.6 Rrl9369413
     K04V24M 1C2004 11 09.59949502 25 13.19 +25 05 05.1          18.0 Rrl9369413
     K04V24M 1C2004 11 09.66305702 23 46.77 +25 02 56.1          16.9 Rol9369413
     K04V24M 1C2004 11 09.66432802 23 45.06 +25 02 52.8          17.2 Rol9369413
     K04V24M 1C2004 11 09.67528402 23 30.00 +25 02 27.8          17.1 Rol9369413
     K04V24M  C2004 11 09.83934 02 20 25.33 +24 48 33.9          18.1 Rrl9369J95
     K04V24M  C2004 11 09.84463 02 20 17.50 +24 48 25.1          18.1 Rrl9369J95
     K04V24M  C2004 11 09.84994 02 20 09.56 +24 48 15.7          18.1 Rrl9369J95
     K04V24M  C2004 11 10.02812 02 15 20.98 +24 41 18.2          17.5 Rcl9369J92
     K04V24M  C2004 11 10.03693 02 15 05.81 +24 40 50.8          17.8 Rcl9369J92
     K04V24M 5C2004 11 10.15120 02 12 25.73 +24 36 58.0          17.5 Rcl9369673
     K04V24M 5C2004 11 10.15653 02 12 15.78 +24 36 45.4                cl9369673
     K04V24M 5C2004 11 10.16498 02 11 59.83 +24 36 25.6                cl9369673
     K04V24M 5C2004 11 10.17215 02 11 46.19 +24 36 08.1                cl9369673
     K04V24M 4C2004 11 10.38437 02 04 13.18 +24 23 10.8          17.5 Rrl9369H06
     K04V24M 4C2004 11 10.38603 02 04 09.51 +24 23 03.7                rl9369H06
     K04V24M 4C2004 11 10.38774 02 04 05.68 +24 22 54.5                rl9369H06
     K04V24M  C2004 11 11.06915401 31 12.10 +23 01 15.8          17.0 Rrl9369J95
     K04V24M  C2004 11 11.07131201 31 03.24 +23 00 49.9          16.8 Rrl9369J95
     K04V24M  C2004 11 11.07378401 30 53.07 +23 00 19.5          16.8 Rrl9369J95
     K04V24M  C2004 11 11.07647801 30 41.91 +22 59 46.3          17.1 Rrl9369J95
     K04V24M  C2004 11 11.11891 01 28 49.00 +22 54 53.9                cl9369670
     K04V24M  C2004 11 11.12164 01 28 37.05 +22 54 23.9                cl9369670
     K04V24M  C2004 11 11.12407 01 28 26.40 +22 53 57.0                cl9369670
     K04V24M  C2004 11 11.12650 01 28 15.72 +22 53 29.9                cl9369670
     K04V24M  C2004 11 11.15591 01 25 58.01 +22 48 31.4          16.3 Rdl9369703
     K04V24M  C2004 11 11.16596 01 25 17.05 +22 45 49.2                cl9369670
     K04V24M  C2004 11 11.16645 01 25 09.02 +22 46 22.6          16.2 Rdl9369703
     K04V24M  C2004 11 11.16751 01 25 09.82 +22 45 30.6                cl9369670
     K04V24M  C2004 11 11.16912 01 25 02.35 +22 45 10.8                cl9369670
     K04V24M  C2004 11 11.17701 01 24 19.29 +22 44 09.3          16.1 Rdl9369703
     K04V24M  C2004 11 11.18752 01 23 29.09 +22 41 52.4          15.9 Rdl9369703
     K04V24M  C2004 11 11.23671 01 19 25.95 +22 30 20.7          15.8 Rdl9369703
     K04V24M  C2004 11 11.23757 01 19 21.47 +22 30 08.8          16.0 Rdl9369703
     K04V24M  C2004 11 11.23844 01 19 17.27 +22 29 57.6          16.0 Rdl9369703
     K04V24M  C2004 11 11.24743 01 18 37.74 +22 27 20.5          19.5 Vdl9369G72
     K04V24M  C2004 11 11.24791 01 18 35.30 +22 27 14.6          19.9 Vdl9369G72
     K04V24M  C2004 11 11.24837 01 18 32.89 +22 27 06.6          17.7 Vdl9369G72
     K04V24M  C2004 11 11.24883 01 18 30.68 +22 27 00.3          19.2 Vdl9369G72
     K04V24M  C2004 11 11.25048 01 18 15.60 +22 26 51.2          15.7 Rdl9369703
     K04V24M  C2004 11 11.25095 01 18 19.39 +22 26 26.7          17.3 Vdl9369G72
     K04V24M  C2004 11 11.25133 01 18 11.07 +22 26 39.0          16.3 Rdl9369703
     K04V24M  C2004 11 11.25142 01 18 17.15 +22 26 20.9          18.0 Vdl9369G72
     K04V24M  C2004 11 11.25189 01 18 14.61 +22 26 12.7          18.9 Vdl9369G72
     K04V24M  C2004 11 11.25219 01 18 06.72 +22 26 28.1          15.9 Rdl9369703
     K04V24M  C2004 11 11.25235 01 18 12.29 +22 26 05.6          18.9 Vdl9369G72
     K04V24M  C2004 11 11.25281 01 18 09.86 +22 25 57.1          18.8 Vdl9369G72
     K04V24M  C2004 11 11.25328 01 18 07.63 +22 25 51.5          18.2 Vdl9369G72
     K04V24M  C2004 11 11.25374 01 18 04.95 +22 25 44.1          18.6 Vdl9369G72
     K04V24M  C2004 11 11.25420 01 18 02.97 +22 25 37.5          18.7 Vdl9369G72
     K04V24M  C2004 11 11.25466 01 18 00.27 +22 25 29.7          18.4 Vdl9369G72
     K04V24M  C2004 11 11.25513 01 17 57.97 +22 25 22.1          19.1 Vdl9369G72
     K04V24M  C2004 11 11.25559 01 17 55.66 +22 25 15.5          18.8 Vdl9369G72
     K04V24M  C2004 11 11.25605 01 17 53.07 +22 25 07.7          18.5 Vdl9369G72
     K04V24M  C2004 11 11.25652 01 17 50.70 +22 25 01.6          18.4 Vdl9369G72
     K04V24M  C2004 11 11.25698 01 17 48.57 +22 24 53.6          18.1 Vdl9369G72
     K04V24M  C2004 11 11.25744 01 17 46.02 +22 24 46.6          19.8 Vdl9369G72
     K04V24M  C2004 11 11.26434 01 17 03.56 +22 23 12.7          15.7 Rdl9369703
     K04V24M  C2004 11 11.26521 01 16 59.00 +22 23 00.3          16.0 Rdl9369703
     K04V24M  C2004 11 11.26607 01 16 54.62 +22 22 49.8          16.0 Rdl9369703
     K04V24M  C2004 11 12.05876 23 29 10.27 +14 10 44.5          15.5 Rdl9369703
     K04V24M  C2004 11 12.05899 23 29 07.20 +14 10 28.1          15.6 Rdl9369703
     K04V24M  C2004 11 12.05922 23 29 04.15 +14 10 11.2          15.5 Rdl9369703
     K04V24M  C2004 11 12.05945 23 29 01.07 +14 09 54.2          15.6 Rdl9369703
     K04V24M  C2004 11 12.06069 23 28 44.41 +14 08 22.6          15.8 Rdl9369703
     K04V24M  C2004 11 12.06089 23 28 41.78 +14 08 07.9          15.4 Rdl9369703
     K04V24M  C2004 11 12.06110 23 28 39.19 +14 07 54.0          15.7 Rdl9369703
     K04V24M  C2004 11 12.06130 23 28 36.53 +14 07 39.3          15.7 Rdl9369703
     K04V24M  C2004 11 12.06274 23 28 17.19 +14 05 52.6          15.6 Rdl9369703
     K04V24M  C2004 11 12.06307 23 28 12.92 +14 05 29.1          15.6 Rdl9369703
     K04V24M  C2004 11 12.06337 23 28 08.88 +14 05 07.0          15.4 Rdl9369703
     K04V24M  C2004 11 12.06366 23 28 05.02 +14 04 45.8          15.7 Rdl9369703
     K04V24M  C2004 11 12.12693 23 13 28.73 +12 41 57.8          15.9 Rdl9369703
     K04V24M  C2004 11 12.12716 23 13 25.50 +12 41 38.9          16.1 Rdl9369703
     K04V24M  C2004 11 12.12739 23 13 22.17 +12 41 19.4          15.8 Rdl9369703
     K04V24M  C2004 11 12.12762 23 13 18.84 +12 40 59.9          15.8 Rdl9369703
     K04V24M  C2004 11 12.12811 23 13 11.87 +12 40 19.6          15.7 Rdl9369703
     K04V24M  C2004 11 12.12834 23 13 08.55 +12 40 00.5          15.8 Rdl9369703
     K04V24M  C2004 11 12.12880 23 13 01.94 +12 39 21.8          15.7 Rdl9369703
     K04V24M  C2004 11 12.12935 23 12 54.02 +12 38 35.2          15.7 Rdl9369703
     K04V24M  C2004 11 12.12958 23 12 50.64 +12 38 15.9          16.0 Rdl9369703
     K04V24M  C2004 11 12.12981 23 12 47.32 +12 37 56.2          15.9 Rdl9369703
     K04V24M  C2004 11 12.13004 23 12 43.96 +12 37 36.8          15.9 Rdl9369703
     K04V24M  C2004 11 12.14563 23 09 10.41 +12 14 47.6                cl9906670
     K04V24M  C2004 11 12.14689 23 08 52.03 +12 12 58.5                cl9906670
     K04V24M  C2004 11 12.14881 23 08 23.93 +12 10 11.8                cl9906670
     K04V24M  C2004 11 12.15032 23 08 01.66 +12 08 00.6                cl9906670
     K04V24M  C2004 11 12.15360 23 07 13.55 +12 03 14.4                cl9906670
     K04V24M  C2004 11 12.15488 23 06 54.70 +12 01 22.3                cl9906670
     K04V24M  C2004 11 12.15634 23 06 33.24 +11 59 14.3                cl9906670
     K04V24M  C2004 11 12.16000 23 05 39.15 +11 53 51.5                cl9906670
     K04V24M  C2004 11 12.16104 23 05 23.73 +11 52 18.6                cl9906670
     K04V24M  C2004 11 12.16365 23 04 45.13 +11 48 27.2                cl9906670
     K04V24M  C2004 11 12.16515 23 04 22.78 +11 46 13.6                cl9906670
     K04V24M  C2004 11 12.16636 23 03 52.18 +11 45 00.5          15.7 Rdl9369703
     K04V24M  C2004 11 12.16660 23 03 48.70 +11 44 39.7          16.0 Rdl9369703
     K04V24M  C2004 11 12.16683 23 03 45.22 +11 44 17.8          15.9 Rdl9369703
     K04V24M  C2004 11 12.16694 23 03 56.07 +11 43 32.6                cl9906670
     K04V24M  C2004 11 12.16707 23 03 41.67 +11 43 57.3          16.0 Rdl9369703
     K04V24M  C2004 11 12.16879 23 03 15.96 +11 41 21.9          16.2 Rdl9369703
     K04V24M  C2004 11 12.16903 23 03 12.45 +11 41 00.1          16.2 Rdl9369703
     K04V24M  C2004 11 12.16928 23 03 08.84 +11 40 38.4          16.2 Rdl9369703
     K04V24M  C2004 11 12.16951 23 03 05.34 +11 40 17.8          16.1 Rdl9369703
     K04V24M  C2004 11 12.17018 23 02 55.20 +11 39 16.2          16.1 Rdl9369703
     K04V24M  C2004 11 12.17042 23 02 51.59 +11 38 54.3          16.0 Rdl9369703
     K04V24M  C2004 11 12.17067 23 02 48.05 +11 38 32.8          15.7 Rdl9369703
     K04V24M  C2004 11 12.17091 23 02 44.46 +11 38 11.1          16.2 Rdl9369703
     K04V24M  C2004 11 12.17315 23 02 23.39 +11 34 13.8                cl9906670
     K04V24M  C2004 11 12.17456 23 02 02.23 +11 32 05.3                cl9906670
     K04V24M  C2004 11 12.17718 23 01 22.99 +11 28 07.2                cl9906670
     K04V24M  C2004 11 12.17802 23 01 10.28 +11 26 50.2                cl9906670
     K04V24M  C2004 11 12.18086 23 00 27.48 +11 22 30.3                cl9906670
     K04V24M  C2004 11 12.19729 22 56 18.04 +10 56 59.7                cl9906670
     K04V24M  C2004 11 12.20690 22 53 50.60 +10 41 45.5                cl9906670
     K04V24M  C2004 11 12.20711 22 53 35.40 +10 41 53.4          16.0 Rdl9369703
     K04V24M  C2004 11 12.20740 22 53 30.97 +10 41 25.1          16.0 Rdl9369703
     K04V24M  C2004 11 12.20770 22 53 38.25 +10 40 29.0                cl9906670
     K04V24M  C2004 11 12.20771 22 53 26.22 +10 40 55.1          15.9 Rdl9369703
     K04V24M  C2004 11 12.20800 22 53 21.80 +10 40 27.7          16.0 Rdl9369703
     K04V24M  C2004 11 12.20858 22 53 12.64 +10 39 30.2          15.9 Rdl9369703
     K04V24M  C2004 11 12.20881 22 53 09.05 +10 39 08.2          16.0 Rdl9369703
     K04V24M  C2004 11 12.20906 22 53 05.47 +10 38 45.4          15.9 Rdl9369703
     K04V24M  C2004 11 12.20929 22 53 01.86 +10 38 22.9          16.1 Rdl9369703
     K04V24M  C2004 11 12.21200 22 52 19.89 +10 34 00.8          15.6 Rdl9369703
     K04V24M  C2004 11 12.21223 22 52 16.44 +10 33 38.1          16.0 Rdl9369703
     K04V24M  C2004 11 12.21247 22 52 12.89 +10 33 15.8          15.9 Rdl9369703
     K04V24M  C2004 11 12.21270 22 52 09.17 +10 32 52.4          15.7 Rdl9369703
     K04V24M  C2004 11 12.21272 22 52 20.72 +10 32 24.9                cl9906670
     K04V24M  C2004 11 12.21493 22 51 46.54 +10 28 50.4                cl9906670
     K04V24M  C2004 11 12.21683 22 51 17.03 +10 25 45.3                cl9906670
     K04V24M  C2004 11 12.21775 22 51 02.84 +10 24 16.1                cl9906670
     K04V24M  C2004 11 12.22029 22 50 23.34 +10 20 08.5                cl9906670
     K04V24M  C2004 11 12.22141 22 50 05.94 +10 18 18.2                cl9906670
     K04V24M  C2004 11 12.28302 22 33 40.75 +08 33 18.7          16.9 Rdl9369703
     K04V24M  C2004 11 12.28325 22 33 36.86 +08 32 53.2          16.6 Rdl9369703
     K04V24M  C2004 11 12.28348 22 33 33.32 +08 32 29.7          17.2 Rdl9369703
     K04V24M  C2004 11 12.28372 22 33 29.34 +08 32 03.2          17.0 Rdl9369703
