     K05U01A* C2005 10 23.32066 01 36 58.32 +26 25 10.7          18.8 Vro6247703
     K05U01A  C2005 10 23.33056 01 37 14.66 +26 22 56.1          19.1 Vro6247703
     K05U01A  C2005 10 23.34042 01 37 30.86 +26 20 40.9          18.9 Vro6247703
     K05U01A  C2005 10 23.35024 01 37 46.88 +26 18 27.3          18.8 Vro6247703
     K05U01A  C2005 10 23.39043 01 38 51.48 +26 09 25.8          18.6 Vro6247703
     K05U01A  C2005 10 23.39079 01 38 51.96 +26 09 21.2          18.5 Vro6247703
     K05U01A  C2005 10 23.43348 01 39 59.32 +25 59 53.0          18.8 Vro6247703
     K05U01A  C2005 10 23.43444 01 40 00.91 +25 59 39.0          18.9 Vro6247703
     K05U01A  C2005 10 23.43543 01 40 02.38 +25 59 26.5          19.1 Vro6247703
     K05U01A  C2005 10 23.43641 01 40 03.97 +25 59 14.1          18.8 Vro6247703
     K05U01A  C2005 10 24.22713 01 57 04.36 +23 48 31.2          19.5 Vro6247703
     K05U01A  C2005 10 24.23676 01 57 12.52 +23 47 17.7          19.7 Vro6247703
     K05U01A  C2005 10 24.30322 01 58 06.78 +23 38 49.0                ro6247703
     K05U01A  C2005 10 24.30375 01 58 07.24 +23 38 45.5                ro6247703
     K05U01A  C2005 10 24.30432 01 58 07.71 +23 38 40.3                ro6247703
     K05U01A 1C2005 10 24.66704 02 02 57.86 +23 00 39.7          19.9 Rro6247413
     K05U01A  C2005 10 26.05811 02 15 31.56 +21 04 35.8                ro6247J95
     K05U01A  C2005 10 26.09085 02 15 42.65 +21 02 35.5                ro6247J95
     K05U01A  C2005 10 26.09946 02 15 45.63 +21 02 04.0          20.3 Rro6247J95
     K05U01A  C2005 10 26.20280 02 16 33.18 +20 56 50.6          20.0 Rro6247649
     K05U01A  C2005 10 26.20636 02 16 34.29 +20 56 38.7          20.4 Rro6247649
     K05U01A  C2005 10 26.20991 02 16 35.38 +20 56 27.3          20.3 Rro6247649
     K05U01A  C2005 10 28.16883 02 25 17.05 +19 34 02.4          21.3 Vro6247G96
     K05U01A  C2005 10 28.17177 02 25 17.48 +19 33 57.5          20.8 Vro6247G96
     K05U01A  C2005 10 28.17471 02 25 17.99 +19 33 52.9          21.0 Vro6247G96
     K05U01A  C2005 10 28.17767 02 25 18.41 +19 33 47.5          20.4 Vro6247G96
     K05U01A 7C2005 10 28.34560 02 25 41.43 +19 28 52.7                oo9704696
     K05U01A 7C2005 10 28.34918 02 25 41.97 +19 28 44.6                oo9704696
     K05U01A  C2005 10 29.40783 02 28 26.83 +19 00 38.8                do7773291
     K05U01A  C2005 10 29.41255 02 28 27.28 +19 00 32.2                do7773291
     K05U01A  C2005 10 29.41706 02 28 27.78 +19 00 24.7                do7773291
     K05U01A 2C2005 11 11.32422802 39 52.998+16 56 11.39         22.7 Rop0839568
     K05U01A 2C2005 11 11.34024402 39 53.092+16 56 08.35         22.7 Rop0839568
