     K05S01O* C2005 09 23.26647 00 04 25.93 +04 58 52.6          18.5 Vro2744703
     K05S01O  C2005 09 23.27506 00 04 31.90 +05 01 05.7          18.6 Vro2744703
     K05S01O  C2005 09 23.28363 00 04 37.92 +05 03 18.5          18.4 Vro2744703
     K05S01O  C2005 09 23.29220 00 04 43.78 +05 05 29.8          18.5 Vro2744703
     K05S01O  C2005 09 23.34413 00 05 19.53 +05 18 39.7          18.4 Vro2744703
     K05S01O  C2005 09 23.35186 00 05 24.82 +05 20 34.7          18.3 Vro2744703
     K05S01O  C2005 09 23.35958 00 05 30.04 +05 22 30.5          18.5 Vro2744703
     K05S01O  C2005 09 23.36733 00 05 35.30 +05 24 25.6          18.4 Vro2744703
     K05S01O 1C2005 09 23.58097 00 08 19.86 +06 19 50.7          18.7 Rro2744413
     K05S01O 1C2005 09 23.58236 00 08 20.70 +06 20 09.6          18.6 Rro2744413
     K05S01O 1C2005 09 23.58374 00 08 21.56 +06 20 28.4          18.9 Rro2744413
     K05S01O  C2005 09 23.87658 00 11 45.38 +07 17 01.6                ro2744J95
     K05S01O  C2005 09 23.87790 00 11 46.14 +07 17 18.1                ro2744J95
     K05S01O  C2005 09 23.87935 00 11 47.00 +07 17 35.4          18.6 Rro2744J95
     K05S01O 5C2005 09 24.21030 00 15 05.82 +08 21 10.0          19.8 Rco2744673
     K05S01O 5C2005 09 24.21337 00 15 07.45 +08 21 44.6                co2744673
     K05S01O 5C2005 09 24.22061 00 15 10.99 +08 23 01.4                co2744673
     K05S01O  C2005 09 24.22719 00 15 13.00 +08 24 22.0          18.9 Rco2744854
     K05S01O 5C2005 09 24.22876 00 15 14.93 +08 24 28.5                co2744673
     K05S01O  C2005 09 24.23086 00 15 14.79 +08 25 00.8          18.9 Rco2744854
     K05S01O  C2005 09 24.30313 00 15 48.60 +08 37 37.3          18.6 Vro2744703
     K05S01O  C2005 09 24.30687 00 15 50.32 +08 38 15.7          18.8 Vro2744703
     K05S01O  C2005 09 24.31061 00 15 52.05 +08 38 54.1          18.8 Vro2744703
     K05S01O  C2005 09 24.31436 00 15 53.82 +08 39 32.7          18.8 Vro2744703
     K05S01O 2C2005 09 24.32538 00 15 57.60 +08 41 24.1          18.6 Roo2744H06
     K05S01O 2C2005 09 24.33035 00 15 59.88 +08 42 13.8          19.2 Roo2744H06
     K05S01O  C2005 09 24.83808 00 20 19.16 +10 00 08.0          19.3 Vco2744A50
     K05S01O  C2005 09 24.84018 00 20 19.93 +10 00 26.3          19.3 Vco2744A50
     K05S01O  C2005 09 24.84417 00 20 21.61 +10 00 59.4          19.1 Vco2744A50
     K05S01O  C2005 09 25.04735 00 21 41.39 +10 28 54.5                ro2744118
     K05S01O  C2005 09 25.05084 00 21 42.76 +10 29 22.4                ro2744118
     K05S01O  C2005 09 25.05317 00 21 43.65 +10 29 40.4                ro2744118
     K05S01O 5C2005 09 25.24479 00 23 14.16 +10 54 57.8          19.6 Rco2744673
     K05S01O 5C2005 09 25.24955 00 23 15.82 +10 55 33.1                co2744673
     K05S01O 5C2005 09 25.25729 00 23 18.40 +10 56 31.1                co2744673
     K05S01O 5C2005 09 25.26111 00 23 19.75 +10 57 00.8                co2744673
     K05S01O  C2005 09 28.11755 00 36 25.96 +14 56 26.4                ro2744J95
     K05S01O  C2005 09 28.12207 00 36 26.62 +14 56 41.2                ro2744J95
     K05S01O  C2005 09 28.13017 00 36 27.97 +14 57 08.4          20.3 Rro2744J95
     K05S01O  C2005 09 30.25760 00 42 05.54 +16 33 25.0                ro2744G96
     K05S01O  C2005 09 30.26371 00 42 06.06 +16 33 38.6          20.2 Vro2744G96
     K05S01O  C2005 09 30.26980 00 42 06.57 +16 33 52.2          20.2 Vro2744G96
     K05S01O  C2005 09 30.27588 00 42 07.10 +16 34 05.2                ro2744G96
     K05S01O  C2005 10 07.21163 00 50 55.32 +18 52 11.8          21.4 Vro4109G96
     K05S01O  C2005 10 07.22371 00 50 55.60 +18 52 20.1          22.0 Vro4109G96
     K05S01O  C2005 10 07.29495 00 50 57.12 +18 53 05.1          21.0 Vro4109G96
     K05S01O  C2005 10 07.30000 00 50 57.19 +18 53 08.8          21.4 Vro4109G96
     K05S01O  C2005 10 07.30506 00 50 57.33 +18 53 11.5          21.5 Vro4109G96
     K05S01O  C2005 10 07.31061 00 50 57.40 +18 53 14.5          21.6 Vro4109G96
     K05S01O  C2005 10 07.38059 00 50 58.92 +18 53 55.1          21.5 Vro4109G96
     K05S01O  C2005 10 07.38286 00 50 58.99 +18 53 56.5          21.3 Vro4109G96
     K05S01O  C2005 10 07.38513 00 50 59.06 +18 53 57.4          21.6 Vro4109G96
     K05S01O  C2005 10 07.38741 00 50 59.13 +18 53 59.0          21.5 Vro4109G96
     K05S01O  C2005 10 07.42530 00 51 00.03 +18 54 18.6          21.5 Vro4109G96
     K05S01O  C2005 10 07.43222 00 51 00.25 +18 54 21.7          21.2 Vro4109G96
     K05S01O  C2005 10 07.43909 00 51 00.39 +18 54 25.2          21.9 Vro4109G96
     K05S01O  C2005 10 07.44602 00 51 00.57 +18 54 28.4          22.3 Vro4109G96
