     K06B56F* C2006 01 28.30727 09 12 17.92 +19 37 22.2          20.8 Vrq1947G96
     K06B56F  C2006 01 28.31337 09 12 19.65 +19 38 45.5          20.4 Vrq1947G96
     K06B56F  C2006 01 28.31946 09 12 21.38 +19 40 08.5          22.0 Vrq1947G96
     K06B56F  C2006 01 28.32556 09 12 23.07 +19 41 34.0          20.6 Vrq1947G96
     K06B56F  C2006 01 28.47957 09 13 17.32 +20 21 36.0          20.2 Vrq1947G96
     K06B56F  C2006 01 28.48088 09 13 17.90 +20 21 59.4          20.2 Vrq1947G96
     K06B56F  C2006 01 28.48219 09 13 18.55 +20 22 22.1          21.0 Vrq1947G96
     K06B56F  C2006 01 28.48349 09 13 19.16 +20 22 45.3          21.8 Vrq1947G96
     K06B56F  C2006 01 28.51426 09 13 34.96 +20 32 06.0          22.0 Vrq1947G96
     K06B56F  C2006 01 28.51462 09 13 35.20 +20 32 14.1          20.4 Vrq1947G96
     K06B56F  C2006 01 28.85618509 21 16.17 +23 25 30.3          19.0 Rrq1947J95
     K06B56F  C2006 01 28.86089909 21 24.53 +23 29 28.1          19.4 Rrq1947J95
     K06B56F  C2006 01 28.92381509 23 28.03 +24 28 53.7                rq1947J95
     K06B56F tC2006 01 28.92579 09 23 21.54 +24 32 26.4                cq1947246
     K06B56F tC2006 01 28.92604 09 23 21.99 +24 32 46.7                cq1947246
     K06B56F tC2006 01 28.92763 09 23 25.38 +24 34 27.5                cq1947246
     K06B56F tC2006 01 28.92845 09 23 27.03 +24 35 17.8                cq1947246
     K06B56F  C2006 01 28.92878209 23 38.80 +24 34 09.8          19.7 Rrq1947J95
     K06B56F  C2006 01 28.93752609 23 58.50 +24 43 42.3          19.2 Rrq1947J95
     K06B56F  C2006 01 28.97444 09 25 13.59 +25 28 54.6                 q1947246
     K06B56F  C2006 01 29.02214109 27 47.95 +26 34 51.7          19.1 Rrq1947J95
     K06B56F  C2006 01 29.02481509 27 56.75 +26 39 03.2          18.4 Rrq1947J95
     K06B56F  C2006 01 29.13684609 36 36.62 +30 33 40.1          18.5 Rrq1947J95
     K06B56F  C2006 01 29.13884809 36 49.77 +30 39 14.8          18.3 Rrq1947J95
     K06B56F  C2006 01 29.14085109 37 03.18 +30 44 55.8          18.3 Rrq1947J95
     K06B56F  C2006 01 29.21827309 49 12.38 +35 29 41.4          18.0 Rrq1947J95
     K06B56F  C2006 01 29.21958909 49 29.77 +35 35 57.9          18.0 Rrq1947J95
     K06B56F  C2006 01 29.23379109 52 53.10 +36 47 38.2          18.2 Rrq1947J95
     K06B56F  C2006 01 29.23506409 53 12.91 +36 54 26.8          17.0 Rrq1947J95
     K06B56F  C2006 01 29.24320609 55 25.99 +37 39 38.7          17.8 Rrq1947J95
     K06B56F  C2006 01 29.24871509 57 03.07 +38 11 54.6          18.6 Rrq1947J95
     K06B56F  C2006 01 29.24978609 57 22.67 +38 18 20.2          18.0 Rrq1947J95
     K06B56F  C2006 01 29.26044610 00 52.02 +39 25 32.8          17.6 Rrq1947J95
     K06B56F  C2006 01 29.26854210 03 50.57 +40 20 41.0          17.6 Rrq1947J95
