     K06S00C* C2006 09 16.24646 23 32 55.75 +24 19 37.0          17.9 Vrr9579703
     K06S00C  C2006 09 16.25292 23 32 45.20 +24 18 57.0          17.2 Vrr9579703
     K06S00C  C2006 09 16.25937 23 32 34.69 +24 18 16.3          17.2 Vrr9579703
     K06S00C  C2006 09 16.38385 23 29 20.94 +24 04 55.5          17.8 Vrr9579703
     K06S00C  C2006 09 16.38429 23 29 20.29 +24 04 52.5          18.0 Vrr9579703
     K06S00C  C2006 09 16.38862 23 29 13.88 +24 04 23.8          17.9 Vrr9579703
     K06S00C  C2006 09 16.38906 23 29 13.34 +24 04 21.2          17.8 Vrr9580703
     K06S00C  C2006 09 16.39339 23 29 06.97 +24 03 52.5          17.9 Vrr9580703
     K06S00C  C2006 09 16.39384 23 29 06.32 +24 03 49.6          17.7 Vrr9580703
     K06S00C  C2006 09 16.39822 23 28 59.98 +24 03 20.8          17.8 Vrr9580703
     K06S00C  C2006 09 16.39866 23 28 59.30 +24 03 18.0          17.8 Vrr9580703
     K06S00C  C2006 09 16.45645 23 27 38.70 +23 56 55.8          17.6 Vrr9580703
     K06S00C  C2006 09 16.45803 23 27 36.54 +23 56 44.4          17.8 Vrr9580703
     K06S00C  C2006 09 16.45959 23 27 34.45 +23 56 33.9          17.7 Vrr9580703
     K06S00C  C2006 09 16.46117 23 27 32.36 +23 56 23.6          17.8 Vrr9580703
     K06S00C  C2006 09 16.49676 23 26 46.06 +23 52 28.2          18.3 Vrr9580703
     K06S00C  C2006 09 16.49729 23 26 45.24 +23 52 24.9          18.4 Vrr9580703
     K06S00C  C2006 09 16.49782 23 26 44.70 +23 52 21.7          18.4 Vrr9580703
     K06S00C  C2006 09 16.49835 23 26 43.98 +23 52 17.6          18.2 Vrr9580703
     K06S00C  C2006 09 16.96047 23 18 54.91 +23 12 51.9          18.6 Vcr9580585
     K06S00C  C2006 09 16.96128 23 18 54.09 +23 12 48.1          18.6 Vcr9580585
     K06S00C  C2006 09 16.96211 23 18 53.40 +23 12 42.5          18.6 Vcr9580585
     K06S00C  C2006 09 16.96510 23 18 50.65 +23 12 32.2          18.6 Vcr9580585
     K06S00C  C2006 09 16.96715 23 18 48.43 +23 12 20.9          18.5 Vcr9580585
     K06S00C  C2006 09 16.96922 23 18 46.48 +23 12 12.2          18.5 Vcr9580585
     K06S00C  C2006 09 16.97376 23 18 41.59 +23 11 48.9          18.7 Vcr9580585
     K06S00C  C2006 09 16.97613 23 18 39.18 +23 11 36.8          18.8 Vcr9580585
     K06S00C  C2006 09 16.97762 23 18 37.61 +23 11 29.5          18.4 Vcr9580585
     K06S00C  C2006 09 16.97910 23 18 36.16 +23 11 23.0          18.4 Vcr9580585
     K06S00C  C2006 09 16.98062 23 18 34.81 +23 11 16.3          18.4 Vcr9580585
     K06S00C  C2006 09 17.05344 23 17 53.46 +23 06 24.9          18.1 Rrr9580932
     K06S00C  C2006 09 17.05770 23 17 49.41 +23 06 08.7          18.0 Rrr9580932
     K06S00C  C2006 09 17.07507 23 17 32.88 +23 05 02.4          18.3 Rrr9580932
     K06S00C  C2006 09 17.13829 23 16 45.07 +23 01 12.6          18.6 Rcr9580651
     K06S00C  C2006 09 17.13958 23 16 43.92 +23 01 07.8          18.7 Rcr9580651
     K06S00C  C2006 09 17.14023 23 16 43.31 +23 01 05.3          18.7 Rcr9580651
     K06S00C  C2006 09 17.15393 23 16 30.78 +23 00 02.4          18.4 Vor9580G88
     K06S00C  C2006 09 17.18609 23 16 01.66 +22 58 06.9          17.6 Vor9580G88
     K06S00C  C2006 09 17.20936 23 15 40.24 +22 56 52.2          18.1 Vrr9580703
     K06S00C  C2006 09 17.22234 23 15 28.44 +22 56 04.3          18.5 Vrr9580703
     K06S00C  C2006 09 17.23531 23 15 16.63 +22 55 15.7          18.2 Vrr9580703
     K06S00C 5C2006 09 17.24984 23 15 05.70 +22 54 06.0          18.5 Ror9580673
     K06S00C 5C2006 09 17.25444 23 15 01.72 +22 53 49.7                or9580673
     K06S00C 5C2006 09 17.25975 23 14 56.95 +22 53 29.1                or9580673
     K06S00C 5C2006 09 17.26477 23 14 52.50 +22 53 10.9                or9580673
     K06S00C SC2006 09 17.90836 23 07 53.70 +22 15 07.8                rr9580J95
     K06S00C SC2006 09 17.91131 23 07 51.83 +22 15 00.6                rr9580J95
     K06S00C SC2006 09 17.92149 23 07 45.42 +22 14 31.0          18.6 Rrr9580J95
     K06S00C  C2006 09 18.12756323 06 05.691+22 05 45.46         18.0 Rt~12f2645
     K06S00C  C2006 09 18.12839223 06 05.231+22 05 43.62         18.4 Rt~12f2645
     K06S00C  C2006 09 18.13088123 06 03.808+22 05 37.77         17.4 Rt~12f2645
     K06S00C tC2006 09 18.20374 23 05 23.28 +22 02 45.0          18.8 Vdr9580291
     K06S00C tC2006 09 18.20784 23 05 20.89 +22 02 35.5          18.8 Vdr9580291
     K06S00C tC2006 09 18.21346 23 05 17.59 +22 02 21.3          18.9 Vdr9580291
     K06S00C  C2006 09 19.16101 22 59 02.87 +21 26 25.0          20.2 Vds1260291
     K06S00C  C2006 09 19.16677 22 59 00.76 +21 26 16.6          20.0 Vds1260291
     K06S00C  C2006 09 19.17096 22 58 59.10 +21 26 09.7          20.1 Vds1260291
     K06S00C  C2006 09 19.29920 22 58 03.75 +21 22 01.4          19.5 Rcr9580H45
     K06S00C  C2006 09 19.30407 22 58 01.81 +21 21 52.3          19.7 Rcr9580H45
     K06S00C  C2006 09 19.30671 22 58 00.85 +21 21 46.0          19.8 Rcr9580H45
     K06S00C  C2006 09 19.30780 22 58 00.53 +21 21 44.7          19.8 Rcr9580H45
     K06S00C  C2006 09 19.91310 22 55 20.26 +21 04 28.6          19.3  rr9580176
     K06S00C  C2006 09 19.91431 22 55 19.86 +21 04 27.2          19.4  rr9580176
     K06S00C  C2006 09 19.91552 22 55 19.48 +21 04 25.8          19.4  rr9580176
     K06S00C  C2006 09 19.91673 22 55 19.13 +21 04 24.4          19.4  rr9580176
     K06S00C  C2006 09 19.91794 22 55 18.71 +21 04 22.5          19.6  rr9580176
     K06S00C  C2006 09 20.16232 22 54 24.47 +20 58 27.5          20.1 Vds1260291
     K06S00C  C2006 09 20.16786 22 54 22.85 +20 58 20.7          20.3 Vds1260291
     K06S00C  C2006 09 20.17219 22 54 21.55 +20 58 15.0          20.8 Vds1260291
     K06S00C  C2006 09 21.29187 22 50 33.72 +20 34 10.1          20.1 Rrr9580682
     K06S00C  C2006 09 21.30999 22 50 29.70 +20 33 49.1          19.4 Rrr9580682
     K06S00C  C2006 09 21.32811 22 50 25.76 +20 33 26.4          19.6 Rrr9580682
     K06S00C  C2006 09 21.81689 22 49 19.00 +20 24 08.6          19.7 Vrr9580A17
     K06S00C  C2006 09 21.86089 22 49 11.06 +20 23 29.3          19.3 Vrr9580A17
     K06S00C  C2006 09 21.87631 22 49 08.24 +20 23 28.5          20.5 Vos1260104
     K06S00C  C2006 09 21.87918 22 49 07.62 +20 23 24.6          20.1 Vos1260104
     K06S00C  C2006 09 21.88450 22 49 06.63 +20 23 20.0          20.2 Vos1260104
     K06S00C  C2006 09 21.88679 22 49 06.16 +20 23 17.4          20.2 Vos1260104
     K06S00C  C2006 09 21.88946 22 49 05.07 +20 23 04.6                cr9580246
     K06S00C  C2006 09 21.89073 22 49 05.59 +20 23 00.7          19.5 Vrr9580A17
     K06S00C  C2006 09 21.89265 22 49 04.51 +20 23 01.5                cr9580246
     K06S00C  C2006 09 21.89968 22 49 03.22 +20 22 55.3                cr9580246
     K06S00C  C2006 09 22.13811 22 48 36.53 +20 19 29.0          20.4 Vds1260291
     K06S00C  C2006 09 22.14215 22 48 35.84 +20 19 25.8          20.4 Vds1260291
     K06S00C  C2006 09 22.15245 22 48 34.04 +20 19 17.7          20.4 Vds1260291
     K06S00C  C2006 09 22.23737 22 48 17.53 +20 18 09.0                cr9580711
     K06S00C  C2006 09 22.24332 22 48 16.44 +20 18 03.3                cr9580711
     K06S00C  C2006 09 22.24928 22 48 15.35 +20 17 58.0                cr9580711
     K06S00C  C2006 09 22.80441 22 47 14.48 +20 08 57.7          20.3 Vos1260104
     K06S00C  C2006 09 22.80816 22 47 13.90 +20 08 54.5          21.1 Vos1260104
     K06S00C  C2006 09 22.81302 22 47 13.24 +20 08 51.5          21.0 Vos1260104
     K06S00C  C2006 09 22.81545 22 47 12.85 +20 08 48.9          20.0 Vos1260104
     K06S00C  C2006 09 22.89789 22 47 00.00 +20 07 35.8                cs1260246
     K06S00C  C2006 09 22.89910 22 46 59.84 +20 07 34.0                cs1260246
     K06S00C  C2006 09 22.90079 22 46 59.53 +20 07 31.5                cs1260246
     K06S00C  C2006 09 22.90328 22 46 59.18 +20 07 30.3                cs1260246
     K06S00C  C2006 09 25.10631 22 44 00.21 +19 40 59.2          21.0 Vds1260291
     K06S00C  C2006 09 25.11172 22 43 59.59 +19 40 55.4          21.8 Vds1260291
     K06S00C  C2006 09 25.11605 22 43 59.19 +19 40 52.9          22.1 Vds1260291
     K06S00C  C2006 09 26.08816 22 43 04.10 +19 31 00.1          20.5 Ros1260715
     K06S00C  C2006 09 26.09898 22 43 03.37 +19 30 55.5                os1260715
     K06S00C  C2006 09 26.10913 22 43 02.47 +19 30 50.5          21.4 Ros1260715
     K06S00C  C2006 09 27.15222 22 42 15.41 +19 21 17.4          21.0 Vds1260291
     K06S00C  C2006 09 27.15701 22 42 14.91 +19 21 16.2          19.5 Vds1260291
     K06S00C HC2006 09 27.16098 22 42 14.88 +19 21 14.9                ds1260291
     K06S00C  C2006 09 28.20871 22 41 37.89 +19 12 23.6          22.4 Vds1260291
     K06S00C  C2006 09 28.21285 22 41 37.63 +19 12 21.5          21.1 Vds1260291
     K06S00C  C2006 09 28.21687 22 41 37.39 +19 12 19.5          22.5 Vds1260291
     K06S00C  C2006 10 13.39910822 43 28.900+17 41 35.99MPS183037      o58047568
     K06S00C  C2006 10 13.40109222 43 28.926+17 41 35.26MPS18303723.2 Ro58047568
     K06S00C  C2006 10 13.40308422 43 28.953+17 41 34.83MPS183037      o58047568
