     K06WI4Z* C2006 11 28.19260 00 55 32.63 +10 32 32.7          18.6  ct0907704
     K06WI4Z  C2006 11 28.20546 00 56 14.67 +10 35 56.5          19.1  ct0907704
     K06WI4Z  C2006 11 28.21832 00 56 56.68 +10 39 18.9          18.7  ct0907704
     K06WI4Z  C2006 11 28.23121 00 57 38.81 +10 42 38.9          18.7  ct0907704
     K06WI4Z  C2006 12 01.13708 02 59 08.91 +17 56 31.8          18.8 Vrt0907G96
     K06WI4Z  C2006 12 01.14286 02 59 17.84 +17 56 56.9          18.7 Vrt0907G96
     K06WI4Z  C2006 12 01.14848 02 59 26.55 +17 57 21.6          18.4 Vrt0907G96
     K06WI4Z  C2006 12 01.15410 02 59 35.23 +17 57 45.7          18.8 Vrt0907G96
     K06WI4Z  C2006 12 01.26329 03 02 19.32 +18 05 04.7          19.0 Vrt0907G96
     K06WI4Z  C2006 12 01.26677 03 02 24.46 +18 05 17.4          18.9 Vrt0907G96
     K06WI4Z  C2006 12 01.27021 03 02 29.50 +18 05 30.2          18.7 Vrt0907G96
     K06WI4Z  C2006 12 01.27363 03 02 34.58 +18 05 42.5          18.8 Vrt0907G96
     K06WI4Z  C2006 12 08.15923 04 32 35.80 +20 14 38.8          20.6 Rrt2557734
     K06WI4Z  C2006 12 08.16615 04 32 38.00 +20 14 42.1          20.9 Rrt2557734
     K06WI4Z  C2006 12 08.17307 04 32 40.16 +20 14 42.9          21.0 Rrt2557734
     K06WI4Z  C2006 12 08.18191 04 32 42.97 +20 14 47.2          20.7 Rrt2557734
     K06WI4Z  C2006 12 08.99622 04 37 14.49 +20 16 32.9                rt2557J95
     K06WI4Z  C2006 12 09.01798 04 37 20.46 +20 16 35.6          21.1 Rrt2557J95
     K06WI4Z  C2006 12 09.18773 04 38 20.36 +20 17 39.5                dt2557291
     K06WI4Z HC2006 12 09.19199 04 38 21.54 +20 17 39.9                dt2557291
     K06WI4Z HC2006 12 09.19719 04 38 22.89 +20 17 41.4                dt2557291
     K06WI4Z  C2006 12 11.17209 04 47 10.74 +20 20 44.8                dt2557291
     K06WI4Z  C2006 12 11.17614 04 47 11.46 +20 20 45.5                dt2557291
     K06WI4Z  C2006 12 11.18002 04 47 12.31 +20 20 46.6                dt2557291
     K06WI4Z IC2006 12 12.03856 04 50 13.33 +20 21 03.4                rt2557J95
     K06WI4Z  C2006 12 12.04864 04 50 15.21 +20 21 03.3          20.4 Rrt2557J95
     K06WI4Z HC2006 12 12.13937 04 50 42.10 +20 21 34.8                dt2557291
     K06WI4Z HC2006 12 12.14367 04 50 42.86 +20 21 37.0                dt2557291
     K06WI4Z HC2006 12 12.14754 04 50 43.50 +20 21 36.7                dt2557291
     K06WI4Z HC2006 12 13.42919 04 54 34.33 +20 22 33.3                dt2557291
     K06WI4Z HC2006 12 13.43324 04 54 34.90 +20 22 30.8                dt2557291
     K06WI4Z HC2006 12 13.43713 04 54 35.50 +20 22 31.1                dt2557291
     K06WI4Z HC2006 12 15.22185 04 59 25.69 +20 23 39.3                dt2557291
     K06WI4Z HC2006 12 15.22587 04 59 26.21 +20 23 37.9                dt2557291
     K06WI4Z HC2006 12 15.23007 04 59 26.57 +20 23 38.2                dt2557291
     K06WI4Z HC2006 12 21.18657 05 10 23.95 +20 26 38.2                dt2557291
     K06WI4Z HC2006 12 21.19788 05 10 24.60 +20 26 38.8                dt2557291
     K06WI4Z HC2006 12 21.20795 05 10 25.17 +20 26 39.7                dt2557291
     K06WI4Z 2C2006 12 25.45148405 15 46.637+20 30 04.48         22.9 Rot2557568
     K06WI4Z 2C2006 12 25.45549405 15 46.808+20 30 04.58         22.8 Rot2557568
