     K06C00D* C2006 02 01.15550 04 40 35.00 +25 07 21.3          21.3 Vrq2044G96
     K06C00D  C2006 02 01.16147 04 40 36.12 +25 07 28.2          20.8 Vrq2044G96
     K06C00D  C2006 02 01.16743 04 40 37.23 +25 07 36.1          20.7 Vrq2044G96
     K06C00D  C2006 02 01.17339 04 40 38.31 +25 07 42.5          21.0 Vrq2044G96
     K06C00D  C2006 02 01.23911 04 40 50.66 +25 09 02.7          21.9 Vrq2044G96
     K06C00D  C2006 02 01.23999 04 40 50.88 +25 09 04.5          21.7 Vrq2044G96
     K06C00D  C2006 02 01.24087 04 40 51.06 +25 09 05.5          21.3 Vrq2044G96
     K06C00D  C2006 02 01.24175 04 40 51.24 +25 09 06.5          21.3 Vrq2044G96
     K06C00D  C2006 02 03.13184 04 46 56.74 +25 46 24.9          20.6 Vrq2044G96
     K06C00D  C2006 02 03.13880 04 46 58.00 +25 46 33.0          20.9 Vrq2044G96
     K06C00D  C2006 02 03.14575 04 46 59.30 +25 46 40.6          21.1 Vrq2044G96
     K06C00D  C2006 02 03.15263 04 47 00.60 +25 46 48.3          22.0 Vrq2044G96
