     K06W29V* C2006 11 23.27183 03 22 18.76 +08 03 32.7          19.6 Vrs9033G96
     K06W29V  C2006 11 23.27716 03 22 12.93 +08 02 27.0          19.6 Vrs9033G96
     K06W29V  C2006 11 23.28250 03 22 07.10 +08 01 20.3          20.1 Vrs9033G96
     K06W29V  C2006 11 23.28785 03 22 01.30 +08 00 14.4          19.5 Vrs9033G96
     K06W29V  C2006 11 23.31799 03 21 28.02 +07 53 54.1          19.3 Vrs9033G96
     K06W29V  C2006 11 23.32538 03 21 19.81 +07 52 20.8          19.3 Vrs9033G96
     K06W29V  C2006 11 23.33279 03 21 11.57 +07 50 46.0          19.2 Vrs9033G96
     K06W29V  C2006 11 23.34019 03 21 03.32 +07 49 10.1          19.2 Vrs9033G96
     K06W29V  C2006 11 23.34808 03 20 54.47 +07 47 28.5          19.3 Vrs9033G96
     K06W29V  C2006 11 23.35576 03 20 45.88 +07 45 48.4          19.4 Vrs9033G96
     K06W29V  C2006 11 23.36345 03 20 37.08 +07 44 06.7          19.8 Vrs9033G96
     K06W29V  C2006 11 23.37119 03 20 28.48 +07 42 26.6          19.2 Vrs9033G96
     K06W29V  C2006 11 23.38609 03 20 11.65 +07 39 08.4          19.7 Vrs9033G96
     K06W29V  C2006 11 23.39199 03 20 04.99 +07 37 49.8          19.3 Vrs9033G96
     K06W29V  C2006 11 23.39794 03 19 58.26 +07 36 30.6          19.7 Vrs9033G96
     K06W29V  C2006 11 23.40387 03 19 51.38 +07 35 09.0          20.4 Vrs9033G96
     K06W29V  C2006 11 23.91334 03 09 33.99 +05 19 51.2                rs9033J95
     K06W29V  C2006 11 23.91560 03 09 30.48 +05 19 09.3                rs9033J95
     K06W29V  C2006 11 23.91786 03 09 27.03 +05 18 27.9          19.6 Rrs9033J95
     K06W29V 5C2006 11 24.23465 03 00 49.12 +03 28 43.1          19.0 Ros9033673
     K06W29V 5C2006 11 24.24039 03 00 37.88 +03 26 26.8                os9033673
     K06W29V 5C2006 11 24.24676 03 00 25.35 +03 23 56.3                os9033673
     K06W29V 5C2006 11 24.25051 03 00 17.82 +03 22 26.2                os9033673
     K06W29V  C2006 11 24.26123 02 59 53.70 +03 18 20.3          20.0 Rcs9033854
     K06W29V  C2006 11 24.26389 02 59 48.41 +03 17 16.8          20.0 Rcs9033854
     K06W29V  C2006 11 24.26655 02 59 42.91 +03 16 11.8          20.1 Rcs9033854
     K06W29V  C2006 11 25.78869501 15 10.74 -18 18 04.5                rt0747J95
     K06W29V  C2006 11 25.84825801 06 14.32 -19 51 15.2                rt0747J95
     K06W29V  C2006 11 25.85319901 05 27.98 -19 59 07.5          18.7 Rrt0747J95
