     K06C10M* C2006 02 07.29787 08 55 00.51 +06 34 00.5          19.2 Vrq3017703
     K06C10M  C2006 02 07.30427 08 54 59.25 +06 34 24.6          19.5 Vrq3017703
     K06C10M  C2006 02 07.31071 08 54 57.96 +06 34 48.7          19.0 Vrq3017703
     K06C10M  C2006 02 07.31713 08 54 56.62 +06 35 11.5          19.2 Vrq3017703
     K06C10M  C2006 02 07.35569 08 54 48.92 +06 37 32.9          19.2 Vrq3017703
     K06C10M  C2006 02 07.36323 08 54 47.39 +06 38 01.9          19.1 Vrq3017703
     K06C10M  C2006 02 07.37079 08 54 45.97 +06 38 28.4          19.4 Vrq3017703
     K06C10M  C2006 02 07.37836 08 54 44.48 +06 38 56.6          19.0 Vrq3017703
     K06C10M 5C2006 02 08.17650 08 52 12.07 +07 30 26.5          19.0 Rcq3017673
     K06C10M 5C2006 02 08.17859 08 52 11.57 +07 30 36.0                cq3017673
     K06C10M 5C2006 02 08.18738 08 52 09.73 +07 31 11.6                cq3017673
     K06C10M 5C2006 02 08.19352 08 52 08.37 +07 31 36.9                cq3017673
     K06C10M 5C2006 02 09.14074 08 48 45.94 +08 39 11.1          19.5 Rcq3017673
     K06C10M 5C2006 02 09.15822 08 48 41.89 +08 40 30.1                cq3017673
     K06C10M 5C2006 02 09.16620 08 48 39.99 +08 41 06.7                cq3017673
     K06C10M 5C2006 02 09.17593 08 48 37.67 +08 41 51.3                cq3017673
     K06C10M 5C2006 02 09.18403 08 48 35.73 +08 42 28.5                cq3017673
     K06C10M 5C2006 02 09.19028 08 48 34.33 +08 42 55.5                cq3017673
     K06C10M  C2006 02 10.07621 08 44 59.63 +09 53 24.2                rq3017J95
     K06C10M  C2006 02 10.07851 08 44 59.03 +09 53 36.2                rq3017J95
     K06C10M  C2006 02 10.08080 08 44 58.45 +09 53 46.7          19.0 Rrq3017J95
     K06C10M  C2006 02 13.89943 08 24 20.68 +16 41 10.0          18.5 Rrq3337143
     K06C10M  C2006 02 13.90242 08 24 19.46 +16 41 34.3          18.3 Rrq3337143
     K06C10M  C2006 02 14.74827 08 18 04.67 +18 40 49.3          18.5 Rrq3337A80
     K06C10M  C2006 02 14.75674 08 18 00.52 +18 42 05.7          18.3 Rrq3337A80
     K06C10M  C2006 02 14.76512 08 17 56.50 +18 43 21.2          18.5 Rrq3337A80
     K06C10M  C2006 02 14.81339 08 17 33.39 +18 50 35.3                rq3337J95
     K06C10M  C2006 02 14.81689 08 17 31.65 +18 51 06.6                rq3337J95
     K06C10M  C2006 02 14.82118 08 17 29.52 +18 51 46.1          18.4 Rrq3337J95
     K06C10M  C2006 02 17.91878 07 44 49.95 +28 17 51.9                rq3337J95
     K06C10M  C2006 02 17.92059 07 44 48.41 +28 18 14.9                rq3337J95
     K06C10M  C2006 02 17.92239 07 44 46.88 +28 18 39.0          18.3 Rrq3337J95
     K06C10M  C2006 02 18.04862 07 42 58.46 +28 46 12.4                rq3967J95
     K06C10M  C2006 02 18.05556 07 42 52.45 +28 47 43.5                rq3967J95
     K06C10M  C2006 02 18.06249 07 42 46.47 +28 49 14.5          18.2 Rrq3967J95
     K06C10M  C2006 02 18.78722 07 31 47.72 +31 35 36.7          18.4 Rrq3967A80
     K06C10M  C2006 02 18.78921 07 31 45.71 +31 36 05.4          18.4 Rrq3967A80
     K06C10M  C2006 02 18.79129 07 31 43.60 +31 36 35.1          18.4 Rrq3967A80
     K06C10M  C2006 02 18.91017 07 29 43.18 +32 05 02.7                rq3967J95
     K06C10M  C2006 02 18.91170 07 29 41.58 +32 05 24.7                rq3967J95
     K06C10M  C2006 02 18.91323 07 29 40.01 +32 05 46.7          18.1 Rrq3967J95
     K06C10M  C2006 02 18.94383 07 29 07.27 +32 13 13.1          17.5 Rrq3967204
     K06C10M  C2006 02 18.94535 07 29 05.73 +32 13 35.5                rq3967204
     K06C10M  C2006 02 18.94687 07 29 04.13 +32 13 57.3                rq3967204
     K06C10M  C2006 02 18.94839 07 29 02.55 +32 14 19.1                rq3967204
     K06C10M  C2006 02 18.94991 07 29 00.96 +32 14 40.8                rq3967204
     K06C10M  C2006 02 18.95635 07 28 54.21 +32 16 15.4          18.0 Vrq3967A13
     K06C10M  C2006 02 18.95991 07 28 50.48 +32 17 05.9          17.9 Vrq3967A13
     K06C10M  C2006 02 18.97341 07 28 36.47 +32 20 19.2          17.6 Vrq3967A13
     K06C10M  C2006 02 18.97644 07 28 33.34 +32 21 02.5          17.8 Vrq3967A13
     K06C10M  C2006 02 18.98949 07 28 19.60 +32 24 10.3          17.7 Vrq3967A13
     K06C10M  C2006 02 19.14103 07 25 45.14 +33 01 21.6          18.4 Rrq3967H36
     K06C10M  C2006 02 19.14409 07 25 41.93 +33 02 06.8          18.8 Rrq3967H36
     K06C10M  C2006 02 19.14713 07 25 38.46 +33 02 51.6          18.5 Rrq3967H36
     K06C10M  C2006 02 19.15019 07 25 35.21 +33 03 36.5          18.7 Rrq3967H36
     K06C10M  C2006 02 20.02277 07 08 38.67 +36 44 33.2          18.3 Rrq3967932
     K06C10M  C2006 02 20.02674 07 08 33.45 +36 45 35.4          18.2 Rrq3967932
     K06C10M  C2006 02 20.04449 07 08 10.06 +36 50 14.3          18.1 Rrq3967932
     K06C10M 7C2006 02 23.14572 05 32 55.60 +50 09 51.6                oq5197696
     K06C10M 7C2006 02 23.14622 05 32 54.37 +50 09 58.8                oq5197696
     K06C10M  C2006 02 24.11719 04 49 10.83 +53 16 57.5          19.1 Roq3967H36
     K06C10M  C2006 02 24.12306 04 48 53.84 +53 17 52.5          19.5 Roq3967H36
     K06C10M  C2006 02 24.12848 04 48 37.87 +53 18 43.9          19.1 Roq3967H36
     K06C10M  C2006 02 24.80288 04 15 05.73 +54 48 33.1                oq3967J95
     K06C10M  C2006 02 24.80441 04 15 01.08 +54 48 42.5          19.0 Roq3967J95
     K06C10M  C2006 02 25.83006 03 21 59.10 +55 52 48.4                oq5197J95
     K06C10M  C2006 02 25.83417 03 21 46.26 +55 52 52.3                oq5197J95
     K06C10M  C2006 02 25.83757 03 21 35.72 +55 52 55.5          19.4 Roq5197J95
