     K06U17U* C2006 10 20.40564 04 21 07.74 +25 22 26.8          19.8 Vrs4249G96
     K06U17U  C2006 10 20.41234 04 21 09.97 +25 21 02.5          19.6 Vrs4249G96
     K06U17U  C2006 10 20.41904 04 21 12.13 +25 19 39.1          19.6 Vrs4249G96
     K06U17U  C2006 10 20.42573 04 21 14.29 +25 18 15.8          19.8 Vrs4249G96
     K06U17U  C2006 10 20.45696 04 21 24.48 +25 11 44.6          19.3 Vrs4249G96
     K06U17U  C2006 10 20.45740 04 21 24.62 +25 11 39.4          19.7 Vrs4249G96
     K06U17U  C2006 10 20.45781 04 21 24.80 +25 11 33.9          19.1 Vrs4249G96
     K06U17U  C2006 10 20.45823 04 21 24.91 +25 11 29.2          18.8 Vrs4249G96
     K06U17U  C2006 10 20.48810 04 21 34.77 +25 05 15.7          19.3 Vrs4249G96
     K06U17U  C2006 10 20.48854 04 21 34.88 +25 05 10.3          19.3 Vrs4249G96
     K06U17U  C2006 10 20.48896 04 21 35.02 +25 05 05.3          20.1 Vrs4249G96
     K06U17U  C2006 10 20.48939 04 21 35.20 +25 04 59.9          19.7 Vrs4249G96
     K06U17U  C2006 10 21.37331 04 27 23.65 +22 38 08.1          20.6 Vrs4249G96
     K06U17U  C2006 10 21.37818 04 27 24.48 +22 37 28.7          20.9 Vrs4249G96
     K06U17U  C2006 10 21.38300 04 27 25.34 +22 36 49.3          19.8 Vrs4249G96
     K06U17U  C2006 10 21.38788 04 27 26.20 +22 36 10.1          19.4 Vrs4249G96
     K06U17U 2C2006 10 25.46615904 37 40.863+17 26 35.50         21.7 Ros4249568
     K06U17U 2C2006 10 25.46984704 37 40.864+17 26 26.74         21.7 Ros4249568
     K06U17U 2C2006 10 25.47356804 37 40.863+17 26 17.71         21.8 Ros4249568
     K06U17U  C2006 10 27.10836 04 39 04.15 +16 26 54.2                rs5679J95
     K06U17U FC2006 10 27.15804 04 39 04.16 +16 25 23.6          21.8 Rrs5679J95
