     K07E88O* C2007 03 15.37750 11 53 18.60 +12 02 51.3          18.2 Vru3305703
     K07E88O  C2007 03 15.38700 11 53 12.48 +12 02 12.2          18.9 Vru3305703
     K07E88O  C2007 03 15.39649 11 53 06.25 +12 01 31.4          18.9 Vru3305703
     K07E88O  C2007 03 15.40598 11 52 59.95 +12 00 50.9          18.8 Vru3305703
     K07E88O  C2007 03 15.46622 11 52 20.52 +11 56 20.0                ru3305703
     K07E88O  C2007 03 15.46675 11 52 20.16 +11 56 15.2                ru3305703
     K07E88O  C2007 03 15.46727 11 52 19.90 +11 56 13.8          19.0 Vru3305703
     K07E88O  C2007 03 15.46780 11 52 19.53 +11 56 11.9          18.9 Vru3305703
     K07E88O  C2007 03 15.51108 11 51 52.05 +11 52 46.2          18.7 Vru3305703
     K07E88O  C2007 03 15.51173 11 51 51.55 +11 52 42.6          18.9 Vru3305703
     K07E88O  C2007 03 15.51238 11 51 51.15 +11 52 39.7          19.1 Vru3305703
     K07E88O  C2007 03 15.51304 11 51 50.76 +11 52 36.8          19.0 Vru3305703
     K07E88O  C2007 03 16.00865 11 46 42.10 +11 08 28.0          18.3 Rcu3305246
     K07E88O  C2007 03 16.00913 11 46 41.71 +11 08 25.1                cu3305246
     K07E88O  C2007 03 16.00953 11 46 41.27 +11 08 22.8                cu3305246
     K07E88O  C2007 03 16.01008 11 46 40.85 +11 08 19.5                cu3305246
     K07E88O  C2007 03 16.01122 11 46 39.82 +11 08 12.4                cu3305246
     K07E88O  C2007 03 16.01193 11 46 39.14 +11 08 07.1                cu3305246
     K07E88O  C2007 03 16.01871 11 46 32.87 +11 07 44.6                cu3305595
     K07E88O  C2007 03 16.02108 11 46 30.73 +11 07 29.1          18.0 Vcu3305595
     K07E88O  C2007 03 16.02412 11 46 27.92 +11 07 11.2                cu3305595
     K07E88O  C2007 03 16.17151 11 44 58.35 +10 52 28.8          18.0 Rcu3305651
     K07E88O  C2007 03 16.17427 11 44 55.57 +10 52 09.9          18.3 Rcu3305651
     K07E88O  C2007 03 16.17703 11 44 52.96 +10 51 52.4          17.9 Rcu3305651
     K07E88O  C2007 03 16.22637 11 44 02.72 +10 46 14.9          18.2 Vru3305703
     K07E88O  C2007 03 16.22691 11 44 02.18 +10 46 11.5          18.6 Vru3305703
     K07E88O  C2007 03 16.22744 11 44 01.60 +10 46 07.8          18.3 Vru3305703
     K07E88O  C2007 03 16.22798 11 44 01.03 +10 46 04.4          18.3 Vru3305703
     K07E88O  C2007 03 16.28725 11 42 54.33 +10 39 01.0          18.5 Rru3305448
     K07E88O  C2007 03 16.29029 11 42 50.79 +10 38 37.9          18.3 Rru3305448
     K07E88O  C2007 03 16.29333 11 42 47.36 +10 38 14.3          18.2 Rru3305448
     K07E88O  C2007 03 16.29751 11 42 42.50 +10 37 42.7          18.6 Rru3305448
     K07E88O 5C2007 03 16.32006 11 42 22.51 +10 34 33.7          18.0 Rcu3305673
     K07E88O  C2007 03 16.32116 11 42 15.48 +10 34 30.7          17.5  cu3305704
     K07E88O 5C2007 03 16.32182 11 42 20.60 +10 34 20.5                cu3305673
     K07E88O  C2007 03 16.33194 11 42 02.97 +10 33 05.7          18.0  cu3306704
     K07E88O 5C2007 03 16.34097 11 41 58.35 +10 31 51.3                cu3306673
     K07E88O  C2007 03 16.34257 11 41 50.60 +10 31 41.0          17.7  cu3306704
     K07E88O 5C2007 03 16.34476 11 41 53.87 +10 31 20.2                cu3306673
     K07E88O  C2007 03 16.35330 11 41 38.00 +10 30 14.3          18.2  cu3306704
     K07E88O  C2007 03 16.36399 11 41 25.43 +10 28 47.2          18.3  cu3306704
     K07E88O  C2007 03 16.37164 11 41 12.58 +10 26 52.8          18.4 Rru3306734
     K07E88O  C2007 03 16.37216 11 41 11.94 +10 26 48.2          18.6 Rru3306734
     K07E88O  C2007 03 16.37323 11 41 10.71 +10 26 39.2          18.6 Rru3306734
     K07E88O  C2007 03 16.37427 11 41 09.53 +10 26 30.7          18.7 Rru3306734
     K07E88O  C2007 03 16.37530 11 41 08.33 +10 26 22.1          18.2 Rru3306734
     K07E88O  C2007 03 16.81383 11 33 06.50 +09 13 27.6          18.2 Vou4716104
     K07E88O  C2007 03 16.81457 11 33 05.19 +09 13 18.1          18.6 Vou4716104
     K07E88O  C2007 03 16.81521 11 33 04.40 +09 13 11.6          18.6 Vou4716104
     K07E88O  C2007 03 16.81586 11 33 03.36 +09 13 05.1          18.2 Vou4716104
     K07E88O  C2007 03 16.81644 11 33 02.43 +09 12 57.6          18.1 Vou4716104
     K07E88O  C2007 03 16.82137711 32 54.38 +09 11 39.0          17.5 Rru3306143
     K07E88O  C2007 03 16.82929411 32 41.99 +09 10 06.1          17.3 Rru3306143
     K07E88O  C2007 03 16.90360 11 30 35.96 +08 54 56.9          17.2 Vru4716B28
     K07E88O  C2007 03 16.90635 11 30 31.15 +08 54 22.3          17.4 Vru4716B28
     K07E88O  C2007 03 16.91782 11 30 10.85 +08 51 52.5          17.2 Rou4716473
     K07E88O  C2007 03 16.92915 11 29 50.43 +08 49 23.0          17.2 Rou4716473
     K07E88O  C2007 03 16.93865 11 29 33.21 +08 47 15.0          17.1 Vru4716B28
     K07E88O  C2007 03 16.94215 11 29 26.72 +08 46 27.5          17.2 Vru4716B28
     K07E88O  C2007 03 16.94602 11 29 19.63 +08 45 35.7          17.3 Rou4716473
     K07E88O  C2007 03 16.95771 11 28 57.96 +08 42 56.4          17.2 Rou4717473
     K07E88O  C2007 03 17.28723 11 18 09.89 +07 14 33.8          17.4  cu4717704
     K07E88O  C2007 03 17.29797 11 17 41.32 +07 10 58.9          18.1  cu4717704
     K07E88O  C2007 03 17.30854 11 17 12.91 +07 07 24.9          17.5  cu4717704
     K07E88O  C2007 03 17.31916 11 16 44.03 +07 03 46.7          17.4  cu4717704
     K07E88O  C2007 03 18.22020 10 03 39.06 -03 41 06.0          15.7 Vru4717703
     K07E88O  C2007 03 18.22118 10 03 29.08 -03 42 27.9          15.9 Vru4717703
     K07E88O  C2007 03 18.22216 10 03 19.00 -03 43 51.1          15.7 Vru4717703
     K07E88O  C2007 03 18.22311 10 03 09.14 -03 45 12.0          16.1 Vru4717703
     K07E88O  C2007 03 18.46612 09 12 46.94 -10 16 53.1          15.7 Vru4717E12
     K07E88O  C2007 03 18.50139 09 02 31.66 -11 33 36.3          15.8 Vru4717E12
     K07E88O  C2007 03 18.50696 09 00 50.54 -11 46 00.1          15.4 Vru4717E12
     K07E88O  C2007 03 18.50715 09 00 46.80 -11 46 28.3          15.4 Vru4717E12
     K07E88O  C2007 03 18.50736 09 00 43.02 -11 46 55.3          15.7 Vru4717E12
     K07E88O  C2007 03 18.51006 08 59 53.55 -11 52 58.2          15.7 Vru4717E12
     K07E88O  C2007 03 18.51027 08 59 49.74 -11 53 25.8          15.5 Vru4717E12
     K07E88O  C2007 03 18.51047 08 59 45.92 -11 53 53.5          15.5 Vru4717E12
     K07E88O  C2007 03 18.54374 08 49 13.33 -13 09 52.2          15.5 Vru4717E12
     K07E88O  C2007 03 18.54394 08 49 09.44 -13 10 19.5          15.6 Vru4717E12
     K07E88O  C2007 03 18.54415 08 49 05.26 -13 10 48.8          16.2 Vru4717E12
     K07E88O  C2007 03 18.54436 08 49 01.09 -13 11 18.2          15.5 Vru4717E12
     K07E88O  C2007 03 18.54459 08 48 56.59 -13 11 49.6          15.1 Vru4717E12
     K07E88O  C2007 03 18.80449807 08 10.51 -24 39 00.2          16.2 Rru4717J95
     K07E88O  C2007 03 18.80497707 07 56.63 -24 40 03.5          15.8 Rru4717J95
     K07E88O  C2007 03 18.80546607 07 42.52 -24 41 08.4          16.3 Rru4717J95
     K07E88O  C2007 03 18.80712407 06 54.53 -24 44 46.7          16.2 Rru4717J95
     K07E88O  C2007 03 18.80901907 05 59.65 -24 48 55.3          15.9 Rru4717J95
     K07E88O  C2007 03 18.81026407 05 23.54 -24 51 37.6          15.9 Rru4717J95
     K07E88O  C2007 03 18.81386307 03 38.98 -24 59 24.1          15.9 Rru4717J95
     K07E88O  C2007 03 18.81561907 02 47.82 -25 03 10.4          16.2 Rru4717J95
     K07E88O  C2007 03 18.81717707 02 02.39 -25 06 29.5          16.2 Rru4717J95
     K07E88O  C2007 03 18.81846607 01 24.72 -25 09 13.9          15.9 Rru4717J95
     K07E88O  C2007 03 18.82646706 57 30.67 -25 26 00.3          16.3 Rru4717J95
