     K07EC6E* C2007 03 15.30699 11 31 54.87 +11 49 52.3          21.5 Vru4753G96
     K07EC6E  C2007 03 15.31411 11 31 51.16 +11 50 07.2          20.4 Vru4753G96
     K07EC6E  C2007 03 15.32129 11 31 47.35 +11 50 21.5          20.1 Vru4753G96
     K07EC6E  C2007 03 15.32836 11 31 43.64 +11 50 37.5          20.4 Vru4753G96
     K07EC6E  C2007 03 15.49381 11 30 21.27 +11 56 03.5          20.7 Vru4753G96
     K07EC6E  C2007 03 15.49453 11 30 21.02 +11 56 02.6          20.6 Vru4753G96
     K07EC6E  C2007 03 15.49524 11 30 20.66 +11 56 05.3          21.9 Vru4753G96
     K07EC6E  C2007 03 15.49596 11 30 20.37 +11 56 05.6          20.4 Vru4753G96
     K07EC6E  C2007 03 16.29871 11 25 16.53 +12 18 18.3          21.5 Vru4753G96
     K07EC6E  C2007 03 16.29943 11 25 16.21 +12 18 19.3          22.0 Vru4753G96
     K07EC6E  C2007 03 16.30013 11 25 15.96 +12 18 20.1          21.3 Vru4753G96
     K07EC6E  C2007 03 16.30084 11 25 15.70 +12 18 21.1          21.4 Vru4753G96
