     K07Y56S* C2007 12 31.24562 05 10 05.66 +09 02 09.9          18.9 Vrx2705703
     K07Y56S  C2007 12 31.25296 05 10 05.41 +09 01 45.6          19.2 Vrx2705703
     K07Y56S  C2007 12 31.26030 05 10 05.05 +09 01 20.4          19.1 Vrx2705703
     K07Y56S  C2007 12 31.26763 05 10 04.72 +09 00 56.1          19.2 Vrx2705703
     K07Y56S  C2007 12 31.87120 05 10 42.71 +08 29 44.4          19.1 Rrx2705143
     K07Y56S  C2007 12 31.87957 05 10 42.42 +08 29 21.4          19.3 Rrx2705143
     K07Y56S  C2007 12 31.90948 05 10 41.70 +08 28 03.8                ox2705204
     K07Y56S  C2007 12 31.91651 05 10 41.51 +08 27 45.1                ox2705204
     K07Y56S  C2007 12 31.92354 05 10 41.30 +08 27 26.5          19.0 Rox2705204
     K07Y56S  C2007 12 31.93468 05 10 40.97 +08 26 57.3          19.2 Rcx2705A24
     K07Y56S  C2007 12 31.93712 05 10 40.90 +08 26 51.1          19.4 Rcx2705A24
     K07Y56S  C2007 12 31.93955 05 10 40.86 +08 26 44.2          19.0 Rcx2705A24
     K07Y56S  C2007 12 31.94199 05 10 40.77 +08 26 37.7          19.0 Rcx2705A24
     K07Y56S  C2008 01 01.28767 05 10 55.41 +08 13 05.8          19.9 Vrx2705G96
     K07Y56S  C2008 01 01.30131 05 10 54.87 +08 12 32.6          19.4 Vrx2705G96
     K07Y56S  C2008 01 01.30585 05 10 53.79 +08 12 20.2          20.4 Rrx2705448
     K07Y56S  C2008 01 01.30812 05 10 54.62 +08 12 16.1          19.7 Vrx2705G96
     K07Y56S  C2008 01 01.84133 05 11 26.31 +07 52 20.2          20.0 Vcx2705595
     K07Y56S  C2008 01 01.85477 05 11 26.07 +07 51 54.3          19.8 Vcx2705595
     K07Y56S  C2008 01 01.88811 05 11 25.97 +07 50 37.3          19.3 Vrx2705A17
     K07Y56S  C2008 01 01.89780 05 11 25.72 +07 50 18.9          19.6 Vrx2705A17
     K07Y56S  C2008 01 01.90636 05 11 25.48 +07 50 02.4          19.3 Vrx2705A17
     K07Y56S  C2008 01 03.11115 05 12 16.60 +07 17 49.8          20.3 Vox2705291
     K07Y56S  C2008 01 03.11484 05 12 16.53 +07 17 45.0          20.5 Vox2705291
     K07Y56S  C2008 01 03.11859 05 12 16.46 +07 17 40.1                ox2705291
     K07Y56S  C2008 01 03.48241 05 12 19.01 +07 13 28.6                ox2705474
     K07Y56S  C2008 01 03.48417 05 12 18.97 +07 13 26.8          19.9 Rox2705474
     K07Y56S  C2008 01 03.48590 05 12 18.93 +07 13 24.2          20.2 Rox2705474
     K07Y56S  C2008 01 03.48785 05 12 18.85 +07 13 22.1          20.3 Rox2705474
     K07Y56S  C2008 01 03.49560 05 12 18.66 +07 13 12.8          20.1 Rox2705474
     K07Y56S  C2008 01 04.44595 05 12 49.93 +06 55 18.2          19.8 Rox2705474
     K07Y56S  C2008 01 04.44948 05 12 49.83 +06 55 14.7          20.4 Rox2705474
     K07Y56S WC2008 01 04.45300 05 12 49.73 +06 55 11.3                ox2705474
     K07Y56S WC2008 01 04.46117 05 12 49.58 +06 55 02.4                ox2705474
     K07Y56S  C2008 01 05.47328 05 13 17.49 +06 40 12.3          20.6 Rox3500474
     K07Y56S  C2008 01 05.47849 05 13 17.38 +06 40 08.1          20.3 Rox3500474
     K07Y56S  C2008 01 05.48387 05 13 17.27 +06 40 04.7                ox3500474
     K07Y56S  C2008 01 05.90214 05 13 31.27 +06 31 21.0                rx3500J95
     K07Y56S  C2008 01 05.91728 05 13 31.05 +06 31 12.5                rx3500J95
     K07Y56S  C2008 01 05.92995 05 13 30.93 +06 31 03.7          21.1 Rrx3500J95
     K07Y56S HC2008 01 11.23252 05 15 57.96 +05 59 23.1                ox3500291
     K07Y56S  C2008 01 11.23825 05 15 57.95 +05 59 22.3          22.5 Vox3500291
     K07Y56S  C2008 01 11.24377 05 15 57.93 +05 59 21.5          23   Vox3500291
     K07Y56S HC2008 01 11.24962 05 15 57.88 +05 59 21.0                ox3500291
     K07Y56S HC2008 01 11.25523 05 15 57.92 +05 59 19.2                ox3500291
     K07Y56S  C2008 01 11.26066 05 15 57.85 +05 59 18.3          23   Vox3500291
     K07Y56S  C2008 01 11.27847 05 15 57.80 +05 59 15.9          23   Vox3500291
     K07Y56S  C2008 01 11.28589 05 15 57.78 +05 59 14.7          22.3 Vox3501291
     K07Y56S HC2008 01 11.29675 05 15 57.72 +05 59 12.9                ox3501291
