     K07H15B _C2007 04 13.37320012 42 58.354-00 48 49.26         20.8 Rt~13gg568
     K07H15B _C2007 04 13.37770812 42 58.133-00 48 47.79         20.9 Rt~13gg568
     K07H15B _C2007 04 15.40316412 44 13.134-00 35 13.00         21.1 Rt~13gg568
     K07H15B* C2007 04 23.29946 13 28 20.17 +04 09 45.1          17.6 Vru8233703
     K07H15B  C2007 04 23.30890 13 28 34.24 +04 11 39.5          17.4 Vru8233703
     K07H15B  C2007 04 23.31833 13 28 48.61 +04 13 34.7          17.5 Vru8233703
     K07H15B  C2007 04 23.32775 13 29 03.12 +04 15 31.4          17.4 Vru8233703
     K07H15B  C2007 04 23.37586 13 30 21.74 +04 25 39.5          17.6 Vru8233703
     K07H15B  C2007 04 23.37627 13 30 22.46 +04 25 45.0          17.5 Vru8233703
     K07H15B  C2007 04 23.37669 13 30 23.14 +04 25 50.3          17.6 Vru8233703
     K07H15B  C2007 04 23.37711 13 30 23.90 +04 25 56.1          17.5 Vru8233703
     K07H15B  C2007 04 23.79043 13 53 07.61 +06 20 30.7          16.4 Vcu8233595
     K07H15B  C2007 04 23.79500 13 53 24.87 +06 22 20.5          17.0 Vcu8233595
     K07H15B  C2007 04 23.80724 13 54 11.69 +06 27 13.2          16.7 Rru8233473
     K07H15B  C2007 04 23.81013 13 54 22.87 +06 28 24.6          16.8 Rru8233473
     K07H15B  C2007 04 23.81273 13 54 32.90 +06 29 28.8          16.8 Rru8233473
     K07H15B  C2007 04 23.81352 13 54 35.90 +06 29 48.2          16.7 Rru8233473
     K07H15B  C2007 04 23.83024 13 55 41.34 +06 36 47.9          16.8 Rru8233473
     K07H15B  C2007 04 23.83569 13 56 02.93 +06 39 07.3          16.6 Rru8234473
     K07H15B  C2007 04 24.40208 15 10 40.77 +13 35 30.2          15.8 Rru8234H36
     K07H15B  C2007 04 24.40267 15 10 49.10 +13 36 10.7          15.5 Rru8234H36
     K07H15B  C2007 04 24.40354 15 11 01.10 +13 37 10.7          15.5 Rru8234H36
     K07H15B 2C2007 04 24.42694 15 17 02.90 +14 12 13.2          15.1 Rou8234H06
     K07H15B 2C2007 04 24.42880 15 17 30.75 +14 14 26.6          14.8 Rou8234H06
     K07H15B 2C2007 04 24.43064 15 17 58.30 +14 16 39.4          15.3 Rou8234H06
     K07H15B  C2007 04 24.47172515 31 53.87 +16 13 12.5          15.6 Vru8234F85
     K07H15B  C2007 04 24.47247715 32 06.46 +16 14 16.5                ru8234F85
     K07H15B  C2007 04 24.47358815 32 25.21 +16 15 51.1                ru8234F85
     K07H15B  C2007 04 24.47483815 32 46.44 +16 17 38.0                ru8234F85
