     K07U51S* C2007 10 31.38411 03 44 02.79 +15 15 04.7          17.8 Vrw3940703
     K07U51S  C2007 10 31.38866 03 43 55.84 +15 16 36.5          17.7 Vrw3940703
     K07U51S  C2007 10 31.39319 03 43 49.00 +15 18 07.7          18.0 Vrw3940703
     K07U51S  C2007 10 31.40072 03 43 37.74 +15 20 37.6          18.0 Vrw3940703
     K07U51S  C2007 10 31.42141 03 43 07.71 +15 27 18.1          18.9 Vrw3940703
     K07U51S  C2007 10 31.42194 03 43 06.85 +15 27 27.9          18.7 Vrw3940703
     K07U51S  C2007 10 31.42248 03 43 06.09 +15 27 37.5          18.7 Vrw3940703
     K07U51S  C2007 10 31.42301 03 43 05.19 +15 27 47.7                rw3940703
     K07U51S  C2007 10 31.42988 03 42 55.65 +15 29 57.0          17.9 Vrw3940703
     K07U51S  C2007 10 31.43042 03 42 55.11 +15 30 06.5                rw3940703
     K07U51S  C2007 10 31.43095 03 42 54.10 +15 30 17.8          18.9 Vrw3940703
     K07U51S  C2007 10 31.43149 03 42 53.42 +15 30 26.4          18.5 Vrw3940703
     K07U51S  C2007 10 31.43303 03 42 51.22 +15 30 53.9          18.0 Vrw3940703
     K07U51S  C2007 10 31.43357 03 42 50.65 +15 31 03.8          18.7 Vrw3940703
     K07U51S  C2007 10 31.43410 03 42 49.82 +15 31 13.6          18.0 Vrw3940703
     K07U51S  C2007 10 31.43464 03 42 49.06 +15 31 23.4          17.9 Vrw3940703
     K07U51S SC2007 10 31.90565 03 37 07.83 +17 14 38.2                rw3940J95
     K07U51S SC2007 10 31.90978 03 37 04.82 +17 15 21.6          19.2 Rrw3940J95
     K07U51S tC2007 11 01.40014 03 32 49.94 +18 19 45.1                ow3940291
     K07U51S tC2007 11 01.40403 03 32 47.86 +18 20 06.9                ow3940291
     K07U51S tC2007 11 01.40792 03 32 46.02 +18 20 26.5                ow3940291
     K07U51S tC2007 11 02.36761 03 28 52.62 +19 23 22.4                ow3940291
     K07U51S tC2007 11 02.37161 03 28 51.26 +19 23 34.6                ow3940291
     K07U51S tC2007 11 02.37565 03 28 50.18 +19 23 43.8                ow3940291
     K07U51S  C2007 11 03.28190 03 26 54.13 +19 55 00.6          20.6 Vrw5107G96
     K07U51S  C2007 11 03.29326 03 26 51.87 +19 55 20.5          20.7 Vrw5107G96
     K07U51S  C2007 11 03.30490 03 26 49.53 +19 55 39.8          20.8 Vrw5107G96
     K07U51S HC2007 11 03.40765 03 26 29.66 +19 58 15.1                ow5107291
     K07U51S  C2007 11 03.41165 03 26 28.86 +19 58 21.1                ow5107291
     K07U51S  C2007 11 03.41562 03 26 28.33 +19 58 24.7                ow5107291
     K07U51S HC2007 11 04.27175 03 25 25.82 +20 16 03.4                ow5107691
     K07U51S HC2007 11 04.28944 03 25 23.32 +20 16 24.6                ow5107691
     K07U51S HC2007 11 04.30713 03 25 20.68 +20 16 43.1                ow5107691
     K07U51S  C2007 11 04.44754 03 25 01.11 +20 18 47.0                ow5107291
     K07U51S  C2007 11 04.45165 03 25 00.57 +20 18 50.1                ow5107291
     K07U51S  C2007 11 04.45569 03 25 00.06 +20 18 53.0                ow5107291
     K07U51S HC2007 11 05.28706 03 24 20.94 +20 30 17.1                ow5107291
     K07U51S HC2007 11 05.29113 03 24 20.51 +20 30 18.4                ow5107291
     K07U51S HC2007 11 05.29514 03 24 19.99 +20 30 23.1                ow5107291
     K07U51S  C2007 11 07.28885903 22 53.53 +20 46 48.3          22.2 Vow5107H55
     K07U51S  C2007 11 07.30197503 22 52.57 +20 46 52.0          22.1 Vow5107H55
     K07U51S  C2007 11 07.31507003 22 51.54 +20 46 56.3          22.2 Vow5107H55
