     K08X00K* C2008 12 02.28019 03 39 19.18 +01 47 58.1          20.8 Vr~021GG96
     K08X00K  C2008 12 02.28678 03 39 21.52 +01 48 08.0          20.5 Vr~021GG96
     K08X00K  C2008 12 02.29344 03 39 23.86 +01 48 18.9          20.4 Vr~021GG96
     K08X00K  C2008 12 02.29998 03 39 26.20 +01 48 29.6          20.9 Vr~021GG96
     K08X00K  C2008 12 02.33483 03 39 38.88 +01 49 26.4          19.8 Vr~021GG96
     K08X00K  C2008 12 02.34054 03 39 41.04 +01 49 36.0          20.5 Vr~021GG96
     K08X00K  C2008 12 02.34618 03 39 43.16 +01 49 45.7          20.9 Vr~021GG96
     K08X00K  C2008 12 02.35178 03 39 44.55 +01 49 47.8          20.8 Rv~021GH01
     K08X00K  C2008 12 02.35190 03 39 45.32 +01 49 54.7          21.0 Vr~021GG96
     K08X00K  C2008 12 02.35594 03 39 46.18 +01 49 54.9          20.9 Rv~021GH01
     K08X00K  C2008 12 02.35964 03 39 47.59 +01 50 00.9          20.7 Rv~021GH01
     K08X00K  C2008 12 02.36682 03 39 50.41 +01 50 12.9          20.6 Rv~021GH01
