     K08W14J* C2008 11 21.36087 03 49 39.14 +13 19 50.1          21.3 Vr~01Q9G96
     K08W14J  C2008 11 21.36136 03 49 39.57 +13 19 46.3          21.4 Vr~01Q9G96
     K08W14J  C2008 11 21.36185 03 49 40.18 +13 19 40.4          20.7 Vr~01Q9G96
     K08W14J  C2008 11 21.36232 03 49 40.72 +13 19 35.4          20.3 Vr~01Q9G96
     K08W14J  C2008 11 21.36726 03 49 46.52 +13 18 40.7          20.5 Vr~01Q9G96
     K08W14J  C2008 11 21.36779 03 49 47.24 +13 18 34.7          20.7 Vr~01Q9G96
     K08W14J  C2008 11 21.36833 03 49 47.92 +13 18 28.2          21.4 Vr~01Q9G96
     K08W14J  C2008 11 21.38830 03 50 11.29 +13 14 49.9          20.3 Vr~01Q9G96
     K08W14J  C2008 11 21.38885 03 50 11.90 +13 14 44.0          20.4 Vr~01Q9G96
     K08W14J  C2008 11 21.38939 03 50 12.51 +13 14 38.7          20.8 Vr~01Q9G96
     K08W14J  C2008 11 21.38993 03 50 13.20 +13 14 31.7          20.4 Vr~01Q9G96
     K08W14J  C2008 11 21.46285 03 51 39.29 +13 01 09.3          20.9 Vr~01Q9G96
