     K08V04B* C2008 11 06.34423 03 51 11.98 +18 03 41.0          20.0 Vr~00vlG96
     K08V04B  C2008 11 06.34964 03 51 17.85 +18 04 18.4          20.2 Vr~00vlG96
     K08V04B  C2008 11 06.35510 03 51 23.79 +18 04 55.7          20.2 Vr~00vlG96
     K08V04B  C2008 11 06.36058 03 51 29.66 +18 05 33.0          20.1 Vr~00vlG96
     K08V04B  C2008 11 06.38331 03 51 53.85 +18 08 03.8          20.2 Vr~00vlG96
     K08V04B  C2008 11 06.38373 03 51 54.32 +18 08 06.6          20.2 Vr~00vlG96
     K08V04B  C2008 11 06.38416 03 51 54.72 +18 08 09.2          20.6 Vr~00vlG96
     K08V04B  C2008 11 06.38458 03 51 55.26 +18 08 12.1          20.5 Vr~00vlG96
     K08V04B  C2008 11 06.45363 03 53 07.36 +18 15 14.0          20.1 Vr~00vlG96
     K08V04B  C2008 11 06.45491 03 53 08.73 +18 15 21.8          20.2 Vr~00vlG96
     K08V04B  C2008 11 06.45616 03 53 09.99 +18 15 28.9          20.1 Vr~00vlG96
     K08V04B  C2008 11 06.45741 03 53 11.29 +18 15 35.7          20.7 Vr~00vlG96
