     K08U91Y* C2008 10 28.22080 01 33 16.30 +11 17 08.3          22.0 Vr~00UJG96
     K08U91Y  C2008 10 28.22579 01 33 15.69 +11 16 20.3          21.3 Vr~00UJG96
     K08U91Y  C2008 10 28.23081 01 33 15.08 +11 15 33.3          22.0 Vr~00UJG96
     K08U91Y  C2008 10 28.23579 01 33 14.43 +11 14 45.0          22.0 Vr~00UJG96
     K08U91Y  C2008 10 28.31154 01 33 04.81 +11 02 36.3          21.6 Vr~00UJG96
     K08U91Y  C2008 10 28.31476 01 33 04.47 +11 02 05.0          21.8 Vr~00UJG96
     K08U91Y  C2008 10 28.31793 01 33 03.95 +11 01 33.3          21.9 Vr~00UJG96
     K08U91Y  C2008 10 28.32119 01 33 03.66 +11 01 04.1          22.1 Vr~00UJG96
     K08U91Y  C2008 10 28.33210 01 33 02.11 +10 59 16.2          21.0 Rv~00UJH01
     K08U91Y  C2008 10 28.33357 01 33 01.93 +10 59 01.7          21.2 Rv~00UJH01
     K08U91Y  C2008 10 28.33507 01 33 01.75 +10 58 47.3          21.0 Rv~00UJH01
     K08U91Y  C2008 10 28.33653 01 33 01.56 +10 58 33.3          21.1 Rv~00UJH01
     K08U91Y  C2008 10 28.34048 01 33 01.09 +10 57 55.0          21.0 Rv~00UJH01
