     K08D04A* C2008 02 27.28072 10 54 48.67 +18 13 08.5          19.3 Vrx9676703
     K08D04A  C2008 02 27.28796 10 54 50.79 +18 12 59.0          19.2 Vrx9676703
     K08D04A  C2008 02 27.29515 10 54 52.88 +18 12 50.0          19.5 Vrx9676703
     K08D04A  C2008 02 27.30235 10 54 54.82 +18 12 39.5          19.5 Vrx9676703
     K08D04A  C2008 02 27.37857 10 55 16.46 +18 10 55.9          19.7 Vrx9676703
     K08D04A  C2008 02 27.38014 10 55 16.93 +18 10 54.2          19.6 Vrx9676703
     K08D04A  C2008 02 27.38173 10 55 17.40 +18 10 51.4          19.8 Vrx9676703
     K08D04A  C2008 02 27.38329 10 55 17.79 +18 10 47.4          19.2 Vrx9676703
     K08D04A  C2008 02 27.41918 10 55 28.09 +18 09 58.7          19.2 Vrx9676703
     K08D04A  C2008 02 27.42040 10 55 28.38 +18 09 57.3          18.8 Vrx9676703
     K08D04A  C2008 02 27.42164 10 55 28.74 +18 09 54.6          19.1 Vrx9676703
     K08D04A  C2008 02 27.42289 10 55 29.10 +18 09 54.3          20.5 Vrx9676703
     K08D04A 5C2008 02 27.42720 10 55 31.09 +18 09 45.5          19.4 Rox9676673
     K08D04A 5C2008 02 27.42986 10 55 31.83 +18 09 42.0                ox9676673
     K08D04A 5C2008 02 27.43380 10 55 32.94 +18 09 36.2                ox9676673
     K08D04A 5C2008 02 27.44063 10 55 34.88 +18 09 26.7                ox9676673
     K08D04A  C2008 02 28.20912 10 59 30.04 +17 53 10.5          19.5 Vox9676291
     K08D04A  C2008 02 28.21370 10 59 31.19 +17 53 05.2          19.7 Vox9676291
     K08D04A  C2008 02 28.21935 10 59 32.62 +17 52 58.8          19.6 Vox9676291
     K08D04A  C2008 02 29.46186 11 04 38.63 +17 29 26.7          20.0 Vox9676291
     K08D04A  C2008 02 29.46584 11 04 39.42 +17 29 22.3          20.2 Vox9676291
     K08D04A  C2008 02 29.46998 11 04 40.29 +17 29 17.3          20.2 Vox9676291
     K08D04A  C2008 03 01.32914811 07 46.98 +17 14 41.6          20.1 Voy2286H55
     K08D04A  C2008 03 01.33357511 07 47.71 +17 14 37.6          20.2 Voy2286H55
     K08D04A  C2008 03 01.34194811 07 49.21 +17 14 29.5          19.9 Voy2286H55
     K08D04A  C2008 03 02.32467411 10 54.21 +16 59 19.7          20.1 Voy2286H55
     K08D04A  C2008 03 02.33207011 10 55.32 +16 59 13.1          20.4 Voy2286H55
     K08D04A  C2008 03 02.33830211 10 56.29 +16 59 06.1          20.5 Voy2286H55
     K08D04A  C2008 03 04.32905 11 16 03.80 +16 32 20.6                cy0900711
     K08D04A  C2008 03 04.33751 11 16 04.63 +16 32 14.2                cy0900711
     K08D04A  C2008 03 04.34598 11 16 05.58 +16 32 08.3                cy0900711
     K08D04A  C2008 03 04.35325 11 16 06.60 +16 32 00.5          20.1 Rry0900448
     K08D04A  C2008 03 04.35898 11 16 07.50 +16 31 55.7          19.9 Vry0900G96
     K08D04A  C2008 03 04.36560 11 16 08.22 +16 31 50.7          19.8 Vry0900G96
     K08D04A  C2008 03 04.37227 11 16 08.97 +16 31 45.5          20.4 Vry0900G96
     K08D04A  C2008 03 04.37535 11 16 09.30 +16 31 43.7          20.6 Voy0900291
     K08D04A  C2008 03 04.37887 11 16 09.69 +16 31 40.4          19.6 Vry0900G96
     K08D04A  C2008 03 04.37924 11 16 09.74 +16 31 40.6          20.6 Voy0900291
     K08D04A  C2008 03 04.38306 11 16 09.91 +16 31 36.6          20.4 Rry0900448
     K08D04A  C2008 03 04.38343 11 16 10.26 +16 31 38.3          20.3 Voy0900291
     K08D04A  C2008 03 04.41350 11 16 13.31 +16 31 12.4          20.0 Rry0900448
     K08D04A  C2008 03 05.29312 11 18 07.81 +16 20 39.8          20.4 Vry0900G96
     K08D04A  C2008 03 05.29824 11 18 08.31 +16 20 36.3          20.4 Vry0900G96
     K08D04A  C2008 03 05.30337 11 18 08.78 +16 20 32.4          20.2 Vry0900G96
     K08D04A  C2008 03 05.30845 11 18 09.32 +16 20 29.4          19.9 Vry0900G96
     K08D04A  C2008 03 05.97659 11 19 25.95 +16 12 36.7                oy0900246
     K08D04A  C2008 03 05.97931 11 19 26.23 +16 12 34.6                oy0900246
     K08D04A  C2008 03 05.98055 11 19 26.38 +16 12 32.9                oy0900246
     K08D04A  C2008 03 05.98160 11 19 26.43 +16 12 32.7                oy0900246
     K08D04A  C2008 03 05.98381 11 19 26.60 +16 12 31.8                oy0900246
     K08D04A 1C2008 03 06.19735 11 19 52.57 +16 10 05.3                 y0900658
     K08D04A 1C2008 03 06.20689 11 19 53.49 +16 09 59.5                 y0900658
     K08D04A 1C2008 03 06.21962 11 19 54.70 +16 09 51.7                 y0900658
     K08D04A 1C2008 03 06.23111 11 19 55.79 +16 09 44.7                 y0900658
     K08D04A 1C2008 03 06.24262 11 19 56.89 +16 09 37.6                 y0900658
     K08D04A  C2008 03 08.36291 11 23 17.34 +15 48 00.1                cy2286711
     K08D04A  C2008 03 08.36354 11 23 17.79 +15 47 59.6          21.0 Voy2286291
     K08D04A  C2008 03 08.36745 11 23 18.05 +15 47 57.2          21.1 Voy2286291
     K08D04A  C2008 03 08.37140 11 23 18.31 +15 47 55.0          21.1 Voy2286291
     K08D04A  C2008 03 08.37326 11 23 18.06 +15 47 53.1                cy2286711
     K08D04A  C2008 03 08.38364 11 23 18.73 +15 47 48.6                cy2286711
     K08D04A HC2008 03 09.26868 11 24 33.60 +15 39 20.7                oy2286291
     K08D04A  C2008 03 09.27257 11 24 33.86 +15 39 17.7          21.4 Voy2286291
     K08D04A  C2008 03 09.27856 11 24 34.23 +15 39 14.6          21.5 Voy2286291
     K08D04A  C2008 03 11.21614 11 26 53.24 +15 21 42.3          21.5 Voy2286291
     K08D04A  C2008 03 11.22290 11 26 53.59 +15 21 39.0          21.7 Voy2286291
     K08D04A HC2008 03 11.22986 11 26 53.97 +15 21 36.8                oy2286291
     K08D04A |C2008 03 13.26834 11 28 53.17 +15 05 04.1          20.6 Roy4105809
     K08D04A |C2008 03 13.27063 11 28 53.27 +15 05 03.0          20.5 Roy4105809
     K08D04A |C2008 03 13.27288 11 28 53.36 +15 05 01.8          20.4 Roy4105809
     K08D04A |C2008 03 13.27512 11 28 53.46 +15 05 00.6          20.5 Roy4105809
     K08D04A |C2008 03 13.27738 11 28 53.54 +15 04 59.3          20.5 Roy4105809
     K08D04A |C2008 03 13.27971 11 28 53.63 +15 04 58.1          20.6 Roy4105809
     K08D04A |C2008 03 13.28198 11 28 53.73 +15 04 56.9          20.4 Roy4105809
     K08D04A |C2008 03 13.28430 11 28 53.81 +15 04 55.8          20.4 Roy4105809
     K08D04A  C2008 03 13.42498 11 29 01.18 +15 03 01.9          22.0 Voy2286291
     K08D04A  C2008 03 13.43988 11 29 01.81 +15 02 54.4          21.7 Voy2286291
     K08D04A  C2008 03 13.44826 11 29 02.17 +15 02 49.5          22.0 Voy2286291
