     K08J03L* C2008 05 05.35106 15 49 08.68 -23 32 26.5          18.2  cy9099704
     K08J03L  C2008 05 05.36122 15 49 21.89 -23 33 15.9          18.5  cy9099704
     K08J03L  C2008 05 05.37153 15 49 35.26 -23 34 05.6          18.3  cy9099704
     K08J03L  C2008 05 05.38170 15 49 48.44 -23 34 53.8          18.1  cy9099704
     K08J03L  C2008 05 05.39197 15 50 01.71 -23 35 42.1          18.5  cy9099704
     K08J03L  C2008 05 06.22326 16 07 32.87 -24 31 31.7          19.7 Rry9099850
     K08J03L  C2008 05 06.22849 16 07 38.14 -24 31 50.5          18.9 Rry9099850
     K08J03L  C2008 05 06.23371 16 07 43.54 -24 32 08.7          19.4 Rry9099850
     K08J03L  C2008 05 06.23893 16 07 48.95 -24 32 27.6          19.8 Rry9099850
     K08J03L  C2008 05 06.25290716 08 02.90 -24 33 24.1          18.7 Voy9099H55
     K08J03L  C2008 05 06.25550516 08 05.44 -24 33 33.2          19.0 Voy9099H55
     K08J03L  C2008 05 06.25786416 08 07.76 -24 33 41.0          18.6 Voy9099H55
     K08J03L  C2008 05 06.29507 16 09 02.57 -24 30 51.0          18.5 Vry9099F85
     K08J03L  C2008 05 06.31668 16 09 24.20 -24 32 14.3          19.0 Vry9099F85
     K08J03L  C2008 05 06.33654 16 09 43.77 -24 33 28.0          18.4 Vry9099F85
     K08J03L  C2008 05 06.37269 16 10 05.47 -24 39 26.4          18.9 Rcy9099854
     K08J03L  C2008 05 06.37587 16 10 08.34 -24 39 37.6          18.8 Rcy9099854
     K08J03L  C2008 05 06.37992 16 10 29.41 -24 33 07.2          18.0 Roy9099474
     K08J03L  C2008 05 06.38142 16 10 30.94 -24 33 12.6          18.3 Roy9099474
     K08J03L  C2008 05 06.38501 16 10 34.58 -24 33 25.7          18.0 Roy9099474
     K08J03L  C2008 05 06.38538 16 10 17.24 -24 40 05.6          18.2 Rcy9099854
     K08J03L  C2008 05 06.38582 16 10 35.38 -24 33 28.7          17.8 Roy9099474
     K08J03L  C2008 05 06.44402 16 11 38.70 -24 37 19.1          18.1 Rry9099E12
     K08J03L  C2008 05 06.44443 16 11 39.11 -24 37 21.4          17.9 Rry9099E12
     K08J03L  C2008 05 06.44484 16 11 39.53 -24 37 22.8          17.8 Rry9099E12
     K08J03L  C2008 05 06.45446 16 11 43.06 -24 37 30.4          18.2 Roy9099474
     K08J03L  C2008 05 06.45539 16 11 44.00 -24 37 33.6          18.6 Roy9099474
     K08J03L  C2008 05 06.45631 16 11 44.87 -24 37 36.7          18.4 Roy9099474
     K08J03L  C2008 05 06.45723 16 11 45.81 -24 37 39.8          18.4 Roy9099474
     K08J03L  C2008 05 09.42932 16 47 11.33 -26 05 52.6          19.8 Vry9875F85
     K08J03L  C2008 05 09.44647 16 47 18.29 -26 06 11.1                ry9875F85
