     K08U07B* C2008 10 26.25877 00 58 08.54 +10 07 20.8          20.2  c~00Sz704
     K08U07B  C2008 10 26.27027 00 57 58.43 +10 06 20.3          19.7  c~00Sz704
     K08U07B  C2008 10 26.28177 00 57 48.26 +10 05 19.4          20.0  c~00Sz704
     K08U07B  C2008 10 26.29336 00 57 38.15 +10 04 18.7          20.1  c~00Sz704
     K08U07B EC2008 10 26.86799 00 49 06.46 +09 09 53.1                r~00SzJ95
     K08U07B EC2008 10 26.87035 00 49 04.20 +09 09 38.7                r~00SzJ95
     K08U07B  C2008 10 26.87396 00 49 00.58 +09 09 17.7                r~00SzJ95
     K08U07B  C2008 10 26.87561 00 48 59.04 +09 09 07.1          19.0 Rr~00SzJ95
     K08U07B  C2008 10 26.92986 00 48 03.97 +09 03 46.0          18.9 Rr~00Sz473
     K08U07B  C2008 10 26.93263 00 48 01.20 +09 03 29.1          18.8 Rr~00Sz473
     K08U07B 5C2008 10 27.13329 00 44 49.58 +08 42 45.6          18.9 Ro~00Sz673
     K08U07B 5C2008 10 27.13979 00 44 42.80 +08 42 04.4                o~00Sz673
     K08U07B 5C2008 10 27.14718 00 44 35.12 +08 41 17.0                o~00Sz673
     K08U07B 5C2008 10 27.15405 00 44 27.95 +08 40 32.8                o~00Sz673
     K08U07B 5C2008 10 27.16104 00 44 20.68 +08 39 48.0                o~00Sz673
     K08U07B 5C2008 10 27.16801 00 44 13.42 +08 39 03.3                o~00Sz673
     K08U07B  C2008 10 27.23551 00 43 01.08 +08 31 47.5          20.0 Rc~00Sz854
     K08U07B  C2008 10 27.23884 00 42 57.43 +08 31 25.1          19.6 Rc~00Sz854
     K08U07B  C2008 10 27.24049 00 42 55.26 +08 31 10.9          18.8 Rv~00SzH01
     K08U07B  C2008 10 27.24133 00 42 54.36 +08 31 05.4          18.8 Rv~00SzH01
     K08U07B  C2008 10 27.24219 00 42 53.41 +08 30 59.6          19.0 Rv~00SzH01
     K08U07B  C2008 10 27.24291 00 42 52.67 +08 30 54.9          18.9 Rv~00SzH01
     K08U07B  C2008 10 27.24549 00 42 50.26 +08 30 41.4          19.6 Rc~00Sz854
     K08U07B tC2008 10 27.34802 00 40 59.44 +08 19 10.5          19.0 Vo~00Sz291
     K08U07B tC2008 10 27.35185 00 40 55.29 +08 18 45.4          19.4 Vo~00Sz291
     K08U07B tC2008 10 27.35556 00 40 51.27 +08 18 20.0          18.9 Vo~00Sz291
     K08U07B  C2008 10 27.49350900 38 29.30 +08 04 35.8          18.2 Rw~00SzE10
     K08U07B  C2008 10 27.49429300 38 28.34 +08 04 30.7          18.0 Rw~00SzE10
     K08U07B  C2008 10 27.49501800 38 27.51 +08 04 25.6          17.8 Rw~00SzE10
     K08U07B tC2008 10 28.17232 00 25 17.16 +06 35 35.4          19.2 Vo~00Sz291
     K08U07B tC2008 10 28.17595 00 25 12.33 +06 35 04.7          19.1 Vo~00Sz291
     K08U07B  C2008 10 29.02700 00 05 35.58 +04 22 16.6          19.3 Vo~01DWH55
     K08U07B  C2008 10 29.02811 00 05 33.88 +04 22 05.5          19.3 Vo~01DWH55
     K08U07B  C2008 10 29.02923 00 05 32.12 +04 21 53.8          19.5 Vo~01DWH55
     K08U07B  C2008 10 29.03034 00 05 30.38 +04 21 42.4          19.9 Vo~01DWH55
     K08U07B  C2008 10 29.03145 00 05 28.67 +04 21 30.3          19.3 Vo~01DWH55
     K08U07B  C2008 10 29.03256 00 05 26.91 +04 21 19.0          19.3 Vo~01DWH55
     K08U07B  C2008 10 29.03404 00 05 24.58 +04 21 03.6          19.4 Vo~01DWH55
     K08U07B tC2008 10 29.14935 00 02 24.62 +04 01 03.9          19.2 Vo~00Sz291
     K08U07B tC2008 10 29.15306 00 02 18.66 +04 00 25.0          18.9 Vo~00Sz291
     K08U07B tC2008 10 29.15677 00 02 12.66 +03 59 44.7          19.2 Vo~00Sz291
     K08U07B  C2008 10 29.23987 23 59 56.14 +03 44 39.0          18.6 Rv~00SzH01
     K08U07B  C2008 10 29.24054 23 59 55.04 +03 44 32.2          18.6 Rv~00SzH01
     K08U07B  C2008 10 29.24234 23 59 52.05 +03 44 12.3          18.8 Rv~00SzH01
     K08U07B  C2008 10 29.24445 23 59 48.59 +03 43 49.0          18.9 Rv~00SzH01
     K08U07B  C2008 10 30.07717 23 35 31.34 +00 54 57.0          19.2 Vo~01DWH55
     K08U07B  C2008 10 30.07903 23 35 27.65 +00 54 32.1          19.3 Vo~01DWH55
     K08U07B  C2008 10 30.08088 23 35 24.00 +00 54 07.5          19.3 Vo~01DWH55
     K08U07B  C2008 10 30.08270 23 35 20.40 +00 53 43.1          19.4 Vo~01DWH55
     K08U07B  C2008 10 30.08453 23 35 16.80 +00 53 18.6          19.4 Vo~01DWH55
     K08U07B  C2008 10 30.08635 23 35 13.18 +00 52 54.1          19.2 Vo~01DWH55
     K08U07B  C2008 10 30.31865 23 27 24.70 -00 00 09.4          18.5 Rv~00SzH01
     K08U07B  C2008 10 30.31959 23 27 22.76 -00 00 22.5          18.6 Rv~00SzH01
     K08U07B  C2008 10 30.32060 23 27 20.69 -00 00 36.7          18.9 Rv~00SzH01
     K08U07B  C2008 10 30.32116 23 27 19.52 -00 00 44.7          18.8 Rv~00SzH01
     K08U07B  C2008 10 30.32229 23 27 17.18 -00 01 00.9          18.6 Rv~00SzH01
     K08U07B  C2008 10 31.03762 23 01 25.04 -03 02 14.3          19.1 Vo~01DWH55
     K08U07B  C2008 10 31.03948 23 01 20.54 -03 02 44.0          19.3 Vo~01DWH55
     K08U07B  C2008 10 31.04139 23 01 15.93 -03 03 15.5          19.0 Vo~01DWH55
     K08U07B  C2008 10 31.04322 23 01 11.57 -03 03 45.0          19.1 Vo~01DWH55
     K08U07B  C2008 10 31.04500 23 01 07.27 -03 04 14.2          19.5 Vo~01DWH55
     K08U07B  C2008 10 31.12247 22 58 02.41 -03 25 05.6          18.5 Rv~00SzH01
     K08U07B  C2008 10 31.12297 22 58 01.16 -03 25 14.0          18.4 Rv~00SzH01
     K08U07B  C2008 10 31.12414 22 57 58.30 -03 25 33.0          18.8 Rv~00SzH01
     K08U07B  C2008 10 31.12501 22 57 56.16 -03 25 47.6          18.5 Rv~00SzH01
     K08U07B  C2008 10 31.12558 22 57 54.77 -03 25 56.7          18.4 Rv~00SzH01
