     K08G02M* C2008 04 06.41278 13 08 46.71 +10 40 43.9          18.4 Vry5888703
     K08G02M  C2008 04 06.41833 13 08 49.70 +10 41 40.2          18.2 Vry5888703
     K08G02M  C2008 04 06.42388 13 08 52.76 +10 42 36.1          18.3 Vry5888703
     K08G02M  C2008 04 06.42943 13 08 55.82 +10 43 31.1          18.5 Vry5888703
     K08G02M 5C2008 04 06.45180613 09 15.784+10 46 48.73         18.2 Roy5888673
     K08G02M  C2008 04 06.45514 13 09 10.69 +10 47 41.6          18.3 Vry5888703
     K08G02M  C2008 04 06.45693 13 09 11.70 +10 47 59.0          18.2 Vry5888703
     K08G02M  C2008 04 06.45869 13 09 12.78 +10 48 15.4          18.5 Vry5888703
     K08G02M 5C2008 04 06.45875013 09 19.742+10 47 56.27               oy5888673
     K08G02M  C2008 04 06.46051 13 09 13.93 +10 48 33.0          18.3 Vry5888703
     K08G02M 5C2008 04 06.46767413 09 24.817+10 49 21.55               oy5888673
     K08G02M 5C2008 04 06.47265013 09 27.790+10 50 09.16               oy5888673
     K08G02M  C2008 04 06.98194 13 16 33.85 +12 00 35.0                ry5888J95
     K08G02M  C2008 04 06.98634 13 16 35.31 +12 01 07.8                ry5888J95
     K08G02M  C2008 04 06.99066 13 16 36.73 +12 01 40.0          18.9 Rry5888J95
     K08G02M  C2008 04 07.12177 13 17 19.78 +12 16 29.3                ry5888J95
     K08G02M  C2008 04 07.12839 13 17 22.16 +12 17 09.9          19.0 Rry5888J95
     K08G02M  C2008 04 07.21876 13 19 11.06 +12 31 31.6          19.0 Vry5888G96
     K08G02M  C2008 04 07.21929 13 19 11.17 +12 31 35.2          19.1 Vry5888G96
     K08G02M  C2008 04 07.21983 13 19 11.31 +12 31 39.0          18.4 Vry5888G96
     K08G02M  C2008 04 07.22036 13 19 11.42 +12 31 42.7          19.1 Vry5888G96
     K08G02M  C2008 04 07.25142 13 19 18.14 +12 35 13.5          18.5 Rcy5888854
     K08G02M  C2008 04 07.25431 13 19 18.64 +12 35 33.4          18.5 Rcy5888854
     K08G02M  C2008 04 07.25719 13 19 19.21 +12 35 51.7          18.3 Rcy5888854
     K08G02M  C2008 04 07.28744 13 19 18.24 +12 39 32.3          19.2 Rcy5888711
     K08G02M  C2008 04 07.28889313 19 04.36 +12 37 24.4          19.8 Voy5888H55
     K08G02M  C2008 04 07.29049 13 19 18.73 +12 39 50.7          18.8 Rcy5888711
     K08G02M  C2008 04 07.29354 13 19 19.21 +12 40 09.2          19.1 Rcy5888711
     K08G02M  C2008 04 07.29406013 19 05.40 +12 37 54.7          19.3 Voy5888H55
     K08G02M  C2008 04 07.29887513 19 06.39 +12 38 21.8          19.3 Voy5888H55
     K08G02M  C2008 04 07.31263 13 19 28.56 +12 41 34.6          19.2 Vry5888703
     K08G02M  C2008 04 07.31868 13 19 29.53 +12 42 11.0          19.2 Vry5888703
     K08G02M  C2008 04 07.32457 13 19 30.50 +12 42 45.1          18.9 Vry5888703
     K08G02M  C2008 04 07.33046 13 19 31.36 +12 43 19.3          19.2 Vry5888703
     K08G02M  C2008 04 07.89827 13 23 57.67 +13 27 22.5          19.0 Roy5888204
     K08G02M  C2008 04 07.90465 13 23 58.67 +13 27 52.9                oy5888204
     K08G02M  C2008 04 07.91078 13 23 59.62 +13 28 21.3                oy5888204
     K08G02M  C2008 04 09.17515 13 30 05.30 +14 37 33.5                oy5888291
     K08G02M  C2008 04 09.17904 13 30 05.58 +14 37 45.4                oy5888291
     K08G02M  C2008 04 09.18308 13 30 05.86 +14 37 57.5                oy5888291
     K08G02M  C2008 04 11.36886 13 35 05.99 +15 36 52.8          21.1 Voy5888291
     K08G02M  C2008 04 11.37291 13 35 05.82 +15 36 56.5          21.1 Voy5888291
     K08G02M  C2008 04 11.37698 13 35 05.66 +15 36 59.6          21.0 Voy5888291
     K08G02M  C2008 04 12.31483 13 36 46.36 +15 51 07.7          22.0 Voy6869291
     K08G02M  C2008 04 12.31888 13 36 46.11 +15 51 11.5          21.3 Voy6869291
     K08G02M  C2008 04 12.32297 13 36 45.91 +15 51 14.4          21.4 Voy6869291
     K08G02M  C2008 04 13.38863 13 37 59.93 +16 02 28.2          22.0 Voy6869291
     K08G02M  C2008 04 13.39428 13 37 59.69 +16 02 29.8          22.2 Voy6869291
     K08G02M  C2008 04 13.39980 13 37 59.44 +16 02 31.6          22.2 Voy6869291
     K08G02M HC2008 04 14.22067 13 39 11.58 +16 08 44.1                oy6869291
     K08G02M  C2008 04 14.22624 13 39 11.40 +16 08 47.6                oy6869291
     K08G02M  C2008 04 14.23868 13 39 10.88 +16 08 56.2          21.6 Voy6869291
     K08G02M  C2008 04 14.24481 13 39 10.57 +16 08 59.3          22.0 Voy6869291
     K08G02M  C2008 04 14.25814 13 39 09.95 +16 09 06.9          22.0 Voy6869291
