     K08Y29C* C2008 12 30.42237 09 42 50.50 +30 41 02.2          19.1 Vr~02k7703
     K08Y29C  C2008 12 30.42851 09 43 00.84 +30 43 04.8          18.3 Vr~02k7703
     K08Y29C  C2008 12 30.43465 09 43 11.31 +30 45 08.6          18.8 Vr~02k7703
     K08Y29C  C2008 12 30.45999 09 43 53.18 +30 53 26.2          17.8 Rv~02k7H01
     K08Y29C  C2008 12 30.46137 09 43 55.57 +30 53 53.8          17.9 Rv~02k7H01
     K08Y29C  C2008 12 30.46266 09 43 57.81 +30 54 19.7          17.8 Rv~02k7H01
     K08Y29C  C2008 12 30.46362 09 44 01.10 +30 54 53.6          18.1 Vr~02k7703
     K08Y29C  C2008 12 30.46410 09 44 01.89 +30 55 02.5          17.8 Vr~02k7703
     K08Y29C  C2008 12 30.46410 09 44 00.34 +30 54 48.8          17.8 Rv~02k7H01
     K08Y29C  C2008 12 30.46459 09 44 02.76 +30 55 12.5          18.3 Vr~02k7703
     K08Y29C  C2008 12 30.46500 09 44 03.48 +30 55 21.5          18.5 Vr~02k7703
     K08Y29C  C2008 12 30.46510 09 44 02.07 +30 55 08.6          17.8 Rv~02k7H01
     K08Y29C  C2008 12 30.48717 09 44 42.72 +31 02 54.4          18.2 Rc~02k7854
     K08Y29C  C2008 12 30.48905 09 44 46.08 +31 03 33.3          18.4 Rc~02k7854
     K08Y29C  C2008 12 30.55766 09 46 52.64 +31 26 56.7          18.2 Vr~02k7703
     K08Y29C  C2008 12 30.55810 09 46 53.58 +31 27 05.2          18.1 Vr~02k7703
     K08Y29C  C2008 12 30.55857 09 46 54.44 +31 27 15.3          18.3 Vr~02k8703
     K08Y29C  C2008 12 30.55903 09 46 55.30 +31 27 24.7          18.6 Vr~02k8703
