     K08V04S* C2008 11 07.41300 05 21 24.22 +14 54 59.2          20.8 Vr~00vmG96
     K08V04S  C2008 11 07.42076 05 21 27.18 +14 54 58.4          21.0 Vr~00vmG96
     K08V04S  C2008 11 07.42853 05 21 30.13 +14 54 57.9          20.6 Vr~00vmG96
     K08V04S  C2008 11 07.43626 05 21 33.12 +14 54 55.2          20.2 Vr~00vmG96
     K08V04S  C2008 11 07.46457 05 21 43.66 +14 54 48.7          20.3 Rv~00vmH01
     K08V04S  C2008 11 07.46844 05 21 45.15 +14 54 48.1          20.6 Rv~00vmH01
     K08V04S  C2008 11 07.47226 05 21 46.91 +14 54 50.3          20.6 Vr~00vmG96
     K08V04S  C2008 11 07.47298 05 21 46.90 +14 54 47.3          20.6 Rv~00vmH01
     K08V04S  C2008 11 07.48825 05 21 53.03 +14 54 47.9          20.6 Vr~00vmG96
     K08V04S  C2008 11 07.49630 05 21 56.18 +14 54 46.1          20.6 Vr~00vmG96
