     K08C71C* C2008 02 09.39625 11 03 39.20 +14 16 36.1          20.2 Vrx7749G96
     K08C71C  C2008 02 09.40480 11 03 42.69 +14 16 14.9          19.9 Vrx7749G96
     K08C71C  C2008 02 09.41326 11 03 45.82 +14 15 53.1          20.7 Vrx7749G96
     K08C71C  C2008 02 09.42192 11 03 49.24 +14 15 31.3          20.9 Vrx7749G96
     K08C71C  C2008 02 10.42074 11 11 22.05 +13 30 42.8          19.9 Vrx7749G96
     K08C71C  C2008 02 10.43473 11 11 28.17 +13 30 02.0          20.2 Vrx7749G96
     K08C71C  C2008 02 10.44637 11 11 33.28 +13 29 27.5          20.5 Vrx7749G96
     K08C71C  C2008 02 10.46018 11 11 39.40 +13 28 46.6          19.8 Vrx7749G96
     K08C71C  C2008 02 11.17929 11 17 40.59 +12 51 21.5                rx7749J95
     K08C71C  C2008 02 11.18389 11 17 42.89 +12 51 06.0                rx7749J95
     K08C71C  C2008 02 11.18851 11 17 45.21 +12 50 50.3          20.1 Rrx7749J95
     K08C71C 5C2008 02 11.43032 11 19 56.03 +12 38 05.7          20.2 Rox7749673
     K08C71C 5C2008 02 11.43380 11 19 57.68 +12 37 55.2                ox7749673
     K08C71C 5C2008 02 11.44315 11 20 02.39 +12 37 22.5                ox7749673
     K08C71C 5C2008 02 11.45056 11 20 06.13 +12 36 57.0                ox7749673
     K08C71C tC2008 02 12.27811 11 28 03.70 +11 47 13.3                ox7749291
     K08C71C tC2008 02 12.28198 11 28 06.07 +11 46 57.6                ox7749291
     K08C71C tC2008 02 12.28842 11 28 09.64 +11 46 33.3                ox7749291
     K08C71C tC2008 02 13.37815 11 39 45.39 +10 30 16.2                ox7749291
     K08C71C tC2008 02 13.38221 11 39 47.96 +10 29 57.9                ox7749291
     K08C71C tC2008 02 13.38641 11 39 50.61 +10 29 39.0                ox7749291
     K08C71C  C2008 02 16.08919 12 17 02.42 +06 09 04.7          19.5 Vrx9179A17
     K08C71C  C2008 02 16.10021 12 17 12.70 +06 07 45.5          19.7 Vrx9179A17
     K08C71C  C2008 02 16.11120 12 17 22.93 +06 06 25.8          19.5 Vrx9179A17
     K08C71C  C2008 02 16.15718 12 18 07.75 +06 00 52.0                rx9179J95
     K08C71C  C2008 02 16.16108 12 18 11.49 +06 00 23.2          20.0 Rrx9179J95
     K08C71C  C2008 02 16.36478512 21 38.31 +05 35 59.0          20.4 Vox9644H55
     K08C71C  C2008 02 16.36774012 21 41.19 +05 35 36.7          20.5 Vox9644H55
     K08C71C  C2008 02 16.37070612 21 44.08 +05 35 14.8          20.1 Vox9644H55
     K08C71C  C2008 02 19.48501 13 26 59.89 -02 33 29.0                rx9644703
     K08C71C  C2008 02 19.48553 13 27 00.77 -02 33 33.4                rx9644703
     K08C71C  C2008 02 19.48606 13 27 01.52 -02 33 39.0          19.8 Vrx9644703
