     K09T08M* C2009 10 15.21090 23 40 06.16 +15 28 59.0          19.3 Vr~09zz703
     K09T08M  C2009 10 15.21675 23 40 09.80 +15 31 05.4          18.8 Vr~09zz703
     K09T08M  C2009 10 15.22289 23 40 13.94 +15 33 20.0          19.1 Vr~09zz703
     K09T08M  C2009 10 15.22892 23 40 17.86 +15 35 32.7          19.3 Vr~09zz703
     K09T08M  C2009 10 15.26963 23 40 45.55 +15 50 36.5          18.6 Vr~09zz703
     K09T08M  C2009 10 15.27017 23 40 45.84 +15 50 51.0          18.4 Vr~09zz703
     K09T08M  C2009 10 15.27125 23 40 46.66 +15 51 14.4          19.0 Vr~09zz703
     K09T08M  C2009 10 15.28839 23 40 55.96 +15 57 11.3          18.5 Ro~09zzH01
     K09T08M  C2009 10 15.29201 23 40 58.65 +15 58 33.4          18.6 Ro~09zzH01
     K09T08M  C2009 10 15.29748 23 41 05.59 +16 01 13.4          20.0 Rc~09zz854
     K09T08M  C2009 10 15.29803 23 41 03.19 +16 00 50.6          18.7 Ro~09zzH01
     K09T08M  C2009 10 15.29937 23 41 07.09 +16 01 56.4          19.5 Rc~09zz854
     K09T08M  C2009 10 15.30127 23 41 08.37 +16 02 37.3          19.4 Rc~09zz854
     K09T08M  C2009 10 15.30192 23 41 06.13 +16 02 19.0          18.7 Ro~09zzH01
     K09T08M  C2009 10 15.30591 23 41 09.20 +16 03 50.4          18.9 Ro~09zzH01
     K09T08M  C2009 10 15.34766 23 41 45.27 +16 20 36.6          19.0 Vr~09zz703
     K09T08M  C2009 10 15.34828 23 41 45.74 +16 20 51.2          19.0 Vr~09zz703
     K09T08M  C2009 10 15.34888 23 41 46.28 +16 21 04.5          18.9 Vr~09zz703
     K09T08M  C2009 10 15.40023 23 42 33.20 +16 41 59.4          19.2 Rc~09zz926
     K09T08M  C2009 10 15.40189 23 42 34.88 +16 42 39.9          19.4 Rc~09zz926
     K09T08M  C2009 10 15.40355 23 42 36.53 +16 43 20.6          19.3 Rc~09zz926
     K09T08M 6C2009 10 15.46672 23 44 06.25 +17 16 20.6          18.7 Ro~09zzF65
     K09T08M 6C2009 10 15.46728 23 44 06.80 +17 16 35.9          19.0 Ro~09zzF65
     K09T08M 6C2009 10 15.46786 23 44 07.33 +17 16 51.3          18.5 Ro~09zzF65
     K09T08M 6C2009 10 15.46840 23 44 07.85 +17 17 05.6          18.4 Ro~09zzF65
     K09T08M 6C2009 10 15.46897 23 44 08.41 +17 17 21.4          18.6 Ro~09zzF65
     K09T08M  C2009 10 15.85968 23 56 18.78 +21 00 33.0          18.6 Rc~09zz587
     K09T08M  C2009 10 15.86069 23 56 20.57 +21 01 18.2          18.1 Rc~09zz587
     K09T08M  C2009 10 15.86917 23 56 36.13 +21 07 42.6                c~09zz587
     K09T08M  C2009 10 15.87118 23 56 39.87 +21 09 15.5                c~09zz587
     K09T08M  C2009 10 16.38681 00 26 25.21 +30 49 18.1          16.5 Ro~09zzH01
     K09T08M  C2009 10 16.39805 00 27 26.83 +31 07 05.6          16.4 Ro~09zzH01
     K09T08M  C2009 10 16.40852 00 28 26.23 +31 23 55.6          16.7 Ro~09zzH01
     K09T08M  C2009 10 16.75717701 36 15.87 +44 15 01.6          16.7 Rr~0AHjJ95
     K09T08M  C2009 10 16.76485601 38 38.64 +44 37 47.6          17.4 Rr~0AHjJ95
     K09T08M  C2009 10 16.91461002 40 39.54 +52 13 40.3          17.5 Rr~0AHjJ95
     K09T08M  C2009 10 17.01178803 42 23.91 +56 17 40.5          17.9 Ro~0AHjJ95
     K09T08M  C2009 10 17.01408303 44 05.41 +56 22 05.5          17.7 Ro~0AHjJ95
     K09T08M  C2009 10 17.01621403 45 40.22 +56 26 06.4          18.3 Ro~0AHjJ95
     K09T08M  C2009 10 17.04819004 10 21.67 +57 17 11.9          17.5 Ro~0AHjJ95
     K09T08M  C2009 10 17.05018104 11 57.31 +57 19 45.1          17.7 Ro~0AHjJ95
     K09T08M  C2009 10 17.05384504 14 54.22 +57 24 16.3          17.7 Ro~0AHjJ95
     K09T08M  C2009 10 17.17387205 56 05.00 +57 10 42.1          17.8 Ro~0AHjJ95
     K09T08M  C2009 10 17.17615605 57 57.63 +57 07 19.9          17.7 Ro~0AHjJ95
     K09T08M  C2009 10 17.17844205 59 49.76 +57 03 49.9          18.2 Ro~0AHjJ95
     K09T08M  C2009 10 17.38163 08 13 42.36 +47 00 18.9          20.0 Rc~0AHk926
     K09T08M  C2009 10 17.38247 08 14 03.62 +46 57 26.3          19.1 Rc~0AHk926
     K09T08M  C2009 10 17.46255 08 42 58.04 +42 21 17.8          18.6 Rc~0AHk926
