     K09B00E* C2009 01 16.36105 07 52 46.77 +17 31 18.8          19.6 Vr~03M4G96
     K09B00E  C2009 01 16.36620 07 52 47.64 +17 31 12.9          19.9 Vr~03M4G96
     K09B00E  C2009 01 16.37139 07 52 48.50 +17 31 07.1          19.7 Vr~03M4G96
     K09B00E  C2009 01 16.37656 07 52 49.36 +17 31 00.5          19.6 Vr~03M4G96
     K09B00E  C2009 01 16.38458 07 52 50.77 +17 30 51.6          19.8 Vr~03M4G96
     K09B00E  C2009 01 16.38646 07 52 51.09 +17 30 49.5          19.9 Vr~03M4G96
     K09B00E  C2009 01 16.38831 07 52 51.42 +17 30 47.4          19.6 Vr~03M4G96
     K09B00E  C2009 01 16.39016 07 52 51.74 +17 30 44.8          19.8 Vr~03M4G96
     K09B00E  C2009 01 16.95408 07 55 26.64 +17 19 51.1          19.1 Cr~03M4493
     K09B00E  C2009 01 16.95528 07 55 26.87 +17 19 49.7          19.3 Cr~03M4493
     K09B00E  C2009 01 16.95648 07 55 27.13 +17 19 48.3          19.2 Cr~03M4493
     K09B00E  C2009 01 17.27592 07 56 59.66 +17 13 04.3          20.1  c~03M4704
     K09B00E  C2009 01 17.28854 07 57 02.54 +17 12 49.1          19.7  c~03M4704
     K09B00E  C2009 01 17.31382 07 57 08.49 +17 12 12.1          20.0  c~03M4704
     K09B00E  C2009 01 17.32661 07 57 11.54 +17 11 55.6          20.1  c~03M4704
     K09B00E  C2009 01 17.33920 07 57 15.37 +17 11 41.4          19.6 Vr~03M4G96
     K09B00E  C2009 01 17.34050 07 57 15.70 +17 11 39.4          19.6 Vr~03M4G96
     K09B00E  C2009 01 17.34180 07 57 15.99 +17 11 37.4          19.4 Vr~03M4G96
     K09B00E  C2009 01 17.34310 07 57 16.28 +17 11 36.2                r~03M4G96
     K09B00E  C2009 01 17.35955 07 57 19.54 +17 11 04.6          18.8 Rv~03M4H01
     K09B00E  C2009 01 17.36295 07 57 20.36 +17 10 59.3          18.8 Rv~03M4H01
     K09B00E  C2009 01 17.36724 07 57 21.42 +17 10 52.7          18.8 Rv~03M4H01
     K09B00E  C2009 01 17.37190 07 57 22.57 +17 10 45.4          18.8 Rv~03M4H01
     K09B00E  C2009 01 17.37803 07 57 24.08 +17 10 35.7          18.8 Rv~03M4H01
     K09B00E  C2009 01 17.93336 08 00 50.20 +16 55 13.5          18.7 Ro~03M5B04
     K09B00E  C2009 01 17.93728 08 00 51.46 +16 55 06.8          18.9 Ro~03M5B04
     K09B00E  C2009 01 17.94305 08 00 53.28 +16 54 57.1          18.6 Ro~03M5B04
     K09B00E  C2009 01 17.94881 08 00 55.15 +16 54 47.1          18.7 Ro~03M5B04
     K09B00E  C2009 01 17.95476 08 00 57.04 +16 54 37.3          18.7 Ro~03M5B04
     K09B00E  C2009 01 18.00453 08 01 15.34 +16 53 41.7          19.0 Cr~03M5493
     K09B00E  C2009 01 18.00569 08 01 15.72 +16 53 39.5          18.8 Cr~03M5493
     K09B00E  C2009 01 18.00684 08 01 16.07 +16 53 37.5          18.8 Cr~03M5493
     K09B00E  C2009 01 18.26211 08 03 07.70 +16 45 48.1          19.1 Vr~03M5G96
     K09B00E  C2009 01 18.27239 08 03 11.34 +16 45 28.8          19.1 Vr~03M5G96
     K09B00E  C2009 01 18.27755 08 03 13.14 +16 45 18.9          19.0 Vr~03M5G96
     K09B00E  C2009 01 18.33073 08 03 30.79 +16 43 25.8          18.9  c~03M5704
     K09B00E  C2009 01 18.35607 08 03 39.93 +16 42 31.5          19.3  c~03M5704
     K09B00E  C2009 01 18.36885 08 03 44.71 +16 42 02.8          19.4  c~03M5704
     K09B00E  C2009 01 18.38172 08 03 49.47 +16 41 33.1          19.1  c~03M5704
     K09B00E  C2009 01 18.39791 08 03 55.51 +16 41 01.5          18.8 Rr~03M5448
     K09B00E  C2009 01 18.40741 08 03 59.09 +16 40 39.2          18.9 Rr~03M5448
     K09B00E  C2009 01 18.41697 08 04 02.85 +16 40 16.7          18.2 Rr~03M5448
     K09B00E  C2009 01 18.95065 08 08 57.62 +16 17 29.4                r~03M5J95
     K09B00E  C2009 01 18.95320 08 08 58.90 +16 17 23.2                r~03M5J95
     K09B00E  C2009 01 18.95578 08 09 00.25 +16 17 16.7          18.0 Rr~03M5J95
     K09B00E  C2009 01 19.95923 08 21 38.48 +15 16 33.7                r~03M5J95
     K09B00E  C2009 01 19.96020 08 21 39.35 +15 16 29.6                r~03M5J95
     K09B00E  C2009 01 19.96284 08 21 41.67 +15 16 17.2                r~03M5J95
     K09B00E  C2009 01 19.96435 08 21 42.97 +15 16 10.4                r~03M5J95
     K09B00E  C2009 01 19.97022 08 21 48.10 +15 15 43.1          17.9 Rr~03M5J95
     K09B00E tC2009 01 20.30635 08 27 47.97 +14 47 47.6          18.2 Vo~03M5291
     K09B00E tC2009 01 20.31072 08 27 52.50 +14 47 22.4          18.2 Vo~03M5291
     K09B00E tC2009 01 20.31487 08 27 56.77 +14 46 57.9          18.1 Vo~03M5291
     K09B00E  C2009 01 20.95979 08 44 04.52 +13 21 08.8                r~03M5J95
     K09B00E  C2009 01 20.96074 08 44 06.16 +13 20 59.6                r~03M5J95
     K09B00E  C2009 01 20.96170 08 44 07.81 +13 20 50.3          17.3 Rr~03M5J95
     K09B00E  C2009 01 21.09095 08 47 57.90 +12 58 06.6          17.8 Vo~03M5510
     K09B00E  C2009 01 21.09809 08 48 11.60 +12 56 45.1          18.3 Vo~03M5510
     K09B00E  C2009 01 21.10523 08 48 25.38 +12 55 22.5          17.9 Vo~03M5510
     K09B00E  C2009 01 21.35402 08 57 58.87 +12 05 06.4          17.4 Rr~03M5H45
     K09B00E  C2009 01 21.35458 08 58 00.20 +12 04 58.0          17.0 Rr~03M5H45
     K09B00E  C2009 01 21.35569 08 58 02.78 +12 04 42.1          17.2 Rr~03M5H45
     K09B00E  C2009 01 21.35670 08 58 05.15 +12 04 27.4          17.4 Rr~03M5H45
     K09B00E  C2009 01 21.35717 08 58 06.26 +12 04 20.5          17.5 Rr~03M5H45
     K09B00E  C2009 01 21.35781 08 58 07.78 +12 04 11.3          17.4 Rr~03M5H45
     K09B00E  C2009 01 21.35847 08 58 09.30 +12 04 01.6          17.5 Rr~03M5H45
     K09B00E  C2009 01 21.35910 08 58 10.79 +12 03 52.4          17.3 Rr~03M5H45
     K09B00E  C2009 01 21.35998 08 58 12.86 +12 03 39.5          17.2 Rr~03M5H45
     K09B00E  C2009 01 21.36129 08 58 15.94 +12 03 20.2          17.5 Rr~03M5H45
     K09B00E  C2009 01 22.10197 09 44 13.13 +07 26 14.0          16.4 Cv~03M5204
     K09B00E  C2009 01 22.10342 09 44 20.52 +07 25 25.0                v~03M5204
     K09B00E  C2009 01 22.10484 09 44 27.76 +07 24 36.8                v~03M5204
     K09B00E  C2009 01 22.10640 09 44 35.72 +07 23 43.8                v~03M5204
     K09B00E  C2009 01 22.10779 09 44 42.90 +07 22 56.4                v~03M5204
     K09B00E  C2009 01 22.39193 10 14 49.55 +04 11 11.2          17.3 Rr~03M5H45
     K09B00E  C2009 01 22.39233 10 14 52.42 +04 10 51.4          17.4 Rr~03M5H45
     K09B00E  C2009 01 22.39274 10 14 55.37 +04 10 31.0          16.7 Rr~03M5H45
     K09B00E  C2009 01 22.39304 10 14 57.48 +04 10 16.3          17.0 Rr~03M5H45
     K09B00E  C2009 01 22.39331 10 14 59.36 +04 10 03.1          17.1 Rr~03M5H45
     K09B00E  C2009 01 22.39370 10 15 02.25 +04 09 43.0          17.2 Rr~03M5H45
     K09B00E  C2009 01 22.39400 10 15 04.40 +04 09 28.4          16.9 Rr~03M5H45
     K09B00E  C2009 01 22.39428 10 15 06.33 +04 09 15.0          17.4 Rr~03M5H45
     K09B00E  C2009 01 22.39473 10 15 09.60 +04 08 52.2          16.9 Rr~03M5H45
     K09B00E  C2009 01 22.39524 10 15 13.19 +04 08 27.5          16.8 Rr~03M5H45
     K09B00E  C2009 01 22.39571 10 15 16.56 +04 08 04.5          16.8 Rr~03M5H45
     K09B00E  C2009 01 22.39616 10 15 19.77 +04 07 41.8          17.1 Rr~03M5H45
