     K09V00A* C2009 11 06.25793 00 02 09.62 +39 09 54.9          17.7 Vr~0B1p703
     K09V00A  C2009 11 06.26515 00 01 59.33 +39 11 29.0          17.5 Vr~0B1p703
     K09V00A  C2009 11 06.27250 00 01 48.82 +39 13 05.8          17.7 Vr~0B1p703
     K09V00A  C2009 11 06.27976 00 01 38.41 +39 14 40.8          17.6 Vr~0B1p703
     K09V00A  C2009 11 06.34756 00 00 04.58 +39 29 00.3          17.2 Vr~0B1p703
     K09V00A  C2009 11 06.34810 00 00 03.87 +39 29 07.0          17.4 Vr~0B1p703
     K09V00A  C2009 11 06.38097 23 59 23.42 +39 36 11.6          17.3 Vr~0B1p703
     K09V00A  C2009 11 06.38152 23 59 22.77 +39 36 18.9          17.2 Vr~0B1p703
     K09V00A  C2009 11 06.38205 23 59 22.20 +39 36 25.8          17.2 Vr~0B1p703
     K09V00A  C2009 11 06.38259 23 59 21.58 +39 36 32.8          17.4 Vr~0B1p703
