     K09H00C* C2009 04 17.23164 14 21 51.21 -05 01 02.7          18.3 Vo~06Nl691
     K09H00C  C2009 04 17.24928 14 21 47.64 -04 58 56.9          18.2 Vo~06Nl691
     K09H00C  C2009 04 17.26690 14 21 43.94 -04 56 50.9          18.0 Vo~06Nl691
     K09H00C tC2009 04 17.39245 14 21 16.60 -04 41 55.0          18.3 Vo~06Nl291
     K09H00C tC2009 04 17.39615 14 21 15.81 -04 41 28.7          18.2 Vo~06Nl291
     K09H00C tC2009 04 17.39986 14 21 14.99 -04 41 02.2          18.0 Vo~06Nl291
     K09H00C  C2009 04 18.01425 14 20 14.47 -03 32 33.0          18   Ro~06Nl461
     K09H00C  C2009 04 18.01600 14 20 14.16 -03 32 21.6                o~06Nl461
     K09H00C  C2009 04 18.01776 14 20 13.84 -03 32 10.0                o~06Nl461
     K09H00C  C2009 04 18.01949 14 20 13.53 -03 31 58.8                o~06Nl461
     K09H00C  C2009 04 18.02121 14 20 13.22 -03 31 47.5                o~06Nl461
     K09H00C  C2009 04 18.02296 14 20 12.90 -03 31 36.2                o~06Nl461
     K09H00C  C2009 04 18.25055 14 20 03.26 -03 06 17.2          17.9 Vo~06Nl291
     K09H00C  C2009 04 18.25502 14 20 02.40 -03 05 49.0          17.9 Vo~06Nl291
     K09H00C  C2009 04 18.26025 14 20 01.40 -03 05 16.3          18.0 Vo~06Nl291
     K09H00C  C2009 04 18.26301 14 20 00.66 -03 04 58.1          17.2 Rc~06Nl651
     K09H00C  C2009 04 18.26389 14 20 00.49 -03 04 52.6          17.3 Rc~06Nl651
     K09H00C  C2009 04 18.26477 14 20 00.32 -03 04 47.1          17.3 Rc~06Nl651
     K09H00C  C2009 04 18.26631414 19 53.59 -03 05 10.3          17.7 Vr~06NlH55
     K09H00C  C2009 04 18.26860714 19 53.13 -03 04 55.9          17.7 Vr~06NlH55
     K09H00C  C2009 04 18.27097114 19 52.67 -03 04 40.4          17.5 Vr~06NlH55
     K09H00C  C2009 04 18.27613 14 20 00.15 -03 03 45.8          18.3 Rc~06Nl670
     K09H00C  C2009 04 18.29215 14 19 56.97 -03 02 06.1          18.4 Rc~06Nl670
     K09H00C  C2009 04 18.30060 14 19 46.19 -03 01 17.8          17.7 Rr~06Nl850
     K09H00C  C2009 04 18.30524 14 19 45.28 -03 00 48.5          17.6 Rr~06Nl850
     K09H00C  C2009 04 18.30992 14 19 44.40 -03 00 19.2          17.6 Rr~06Nl850
     K09H00C  C2009 04 18.31474 14 19 43.49 -02 59 48.8          17.7 Rr~06Nl850
     K09H00C %C2009 04 18.32481 14 19 46.85 -02 58 36.8          18.1 Ro~06NlH06
     K09H00C  C2009 04 18.33503 14 19 48.67 -02 57 38.9          18.1 Rc~06Nl670
     K09H00C %C2009 04 18.37196 14 19 37.61 -02 53 42.9          16.7 Cc~06NlH06
     K09H00C tC2009 04 18.37217 14 19 39.08 -02 53 38.1          18.4 Vo~06Nl291
     K09H00C %C2009 04 18.37274 14 19 37.33 -02 53 37.6          16.9 Cc~06NlH06
     K09H00C %C2009 04 18.37354 14 19 37.20 -02 53 32.5          17.3 Cc~06NlH06
     K09H00C %C2009 04 18.37434 14 19 37.00 -02 53 28.2          16.7 Cc~06NlH06
     K09H00C tC2009 04 18.37637 14 19 38.22 -02 53 11.7          18.5 Vo~06Nl291
     K09H00C %C2009 04 18.37826 14 19 36.30 -02 53 03.3          16.8 Cc~06NlH06
     K09H00C tC2009 04 18.38030 14 19 37.53 -02 52 48.3          18.4 Vo~06Nl291
     K09H00C  C2009 04 19.38135 14 18 06.10 -01 15 53.8          18.0 Vo~06Nl291
     K09H00C  C2009 04 19.38512 14 18 05.42 -01 15 33.3          18.3 Vo~06Nl291
     K09H00C  C2009 04 19.38884 14 18 04.76 -01 15 13.2          18.1 Vo~06Nl291
     K09H00C 5C2009 04 20.36400 14 16 48.31 +00 07 36.3          18.2 Ro~06Nl673
     K09H00C 5C2009 04 20.37141 14 16 47.07 +00 08 11.8                o~06Nl673
     K09H00C 5C2009 04 20.37512 14 16 46.44 +00 08 29.8                o~06Nl673
     K09H00C 5C2009 04 20.38079 14 16 45.52 +00 08 56.8                o~06Nl673
     K09H00C  C2009 04 20.40817 14 16 39.49 +00 11 16.9          18.3 Vo~06Nl291
     K09H00C  C2009 04 20.41721 14 16 38.08 +00 11 59.9          18.3 Vo~06Nl291
     K09H00C  C2009 04 20.42088 14 16 37.50 +00 12 17.5          18.3 Vo~06Nl291
     K09H00C tC2009 04 21.34760 14 15 34.47 +01 21 44.0          18.6 Vo~06Nl291
     K09H00C tC2009 04 21.35358 14 15 33.54 +01 22 09.0          18.7 Vo~06Nl291
     K09H00C tC2009 04 21.35907 14 15 32.69 +01 22 32.7          18.3 Vo~06Nm291
     K09H00C  C2009 04 21.98875 14 14 52.07 +02 04 34.0                v~06hL204
     K09H00C  C2009 04 21.99270 14 14 51.56 +02 04 49.5                v~06hL204
     K09H00C  C2009 04 21.99690 14 14 50.98 +02 05 06.2          18.0 Cv~06hL204
     K09H00C  C2009 04 22.31337014 14 26.46 +02 25 42.1          18.7 Vo~06NmH55
     K09H00C  C2009 04 22.31616514 14 26.08 +02 25 52.8          18.9 Vo~06NmH55
     K09H00C  C2009 04 22.31896114 14 25.69 +02 26 03.3          18.9 Vo~06NmH55
     K09H00C  C2009 04 22.41043 14 14 17.36 +02 32 10.3          19.0 Vo~06Nm291
     K09H00C  C2009 04 22.41426 14 14 16.87 +02 32 24.2          18.6 Vo~06Nm291
     K09H00C  C2009 04 22.41806 14 14 16.36 +02 32 38.4          18.9 Vo~06Nm291
     K09H00C  C2009 04 23.25071 14 13 37.05 +03 21 45.6          19.1 Vr~06NmG96
     K09H00C  C2009 04 23.25174 14 13 36.94 +03 21 48.9          19.0 Vr~06NmG96
     K09H00C  C2009 04 23.28156 14 13 32.91 +03 23 30.1          18.4 Vr~06NmG96
     K09H00C  C2009 04 23.28260 14 13 32.77 +03 23 33.6          18.8 Vr~06NmG96
     K09H00C  C2009 04 23.28363 14 13 32.62 +03 23 37.1          18.9 Vr~06NmG96
     K09H00C  C2009 04 23.28454 14 13 32.48 +03 23 40.2          18.5 Vr~06NmG96
     K09H00C  C2009 04 23.31361214 13 24.14 +03 24 54.0          19.4 Vo~06NmH55
     K09H00C  C2009 04 23.31612514 13 23.85 +03 25 02.8          19.0 Vo~06NmH55
     K09H00C  C2009 04 23.31900814 13 23.51 +03 25 12.4          18.9 Vo~06NmH55
     K09H00C  C2009 04 24.20375 14 12 45.27 +04 12 17.4          19.0 Vo~06Nm291
     K09H00C  C2009 04 24.20772 14 12 44.82 +04 12 29.6          19.1 Vo~06Nm291
     K09H00C  C2009 04 24.21142 14 12 44.40 +04 12 40.7          18.9 Vo~06Nm291
     K09H00C  C2009 04 24.30309 14 12 32.86 +04 17 15.3          18.8 Vr~06NmG96
     K09H00C  C2009 04 24.30506 14 12 32.61 +04 17 21.2          18.6 Vr~06NmG96
     K09H00C  C2009 04 24.30610 14 12 32.47 +04 17 24.3          18.5 Vr~06NmG96
     K09H00C  C2009 04 24.89881 14 12 04.52 +04 44 54.1                o~06hL046
     K09H00C  C2009 04 24.90046 14 12 04.26 +04 44 59.8                o~06hL046
     K09H00C  C2009 04 24.90186 14 12 04.00 +04 45 04.9                o~06hL046
     K09H00C  C2009 04 24.90344 14 12 03.86 +04 45 09.0                o~06hL046
     K09H00C  C2009 04 24.90490 14 12 03.66 +04 45 12.1                o~06hL046
     K09H00C  C2009 04 24.90633 14 12 03.60 +04 45 17.0                o~06hL046
     K09H00C  C2009 04 24.90777 14 12 03.40 +04 45 20.4                o~06hL046
     K09H00C  C2009 04 24.90926 14 12 03.15 +04 45 24.1                o~06hL046
     K09H00C  C2009 04 24.91071 14 12 03.07 +04 45 29.6                o~06hL046
     K09H00C  C2009 04 24.91214 14 12 03.02 +04 45 33.3                o~06hL046
     K09H00C  C2009 04 25.88625 14 11 17.36 +05 27 58.0          18.8 Rr~06hLA13
     K09H00C  C2009 04 25.90511 14 11 15.43 +05 28 43.6          18.1 Rr~06hLA13
     K09H00C  C2009 04 26.42787 14 10 40.59 +05 50 06.3          19.2 Vo~06hL291
     K09H00C  C2009 04 26.43151 14 10 40.26 +05 50 14.3          19.5 Vo~06hL291
     K09H00C  C2009 04 26.43513 14 10 39.93 +05 50 22.5          19.3 Vo~06hL291
     K09H00C  C2009 04 27.33410 14 10 07.60 +06 23 09.8          19.8 Vr~06hL703
     K09H00C  C2009 04 27.34208 14 10 06.81 +06 23 25.8          19.5 Vr~06hL703
     K09H00C  C2009 04 27.34878 14 10 06.25 +06 23 41.0          19.4 Vo~06hL291
     K09H00C  C2009 04 27.35023 14 10 05.95 +06 23 42.2          19.1 Vr~06hL703
     K09H00C  C2009 04 27.35261 14 10 05.87 +06 23 48.8          19.3 Vo~06hL291
     K09H00C  C2009 04 27.35636 14 10 05.48 +06 23 56.5          19.5 Vo~06hL291
     K09H00C  C2009 04 27.35831 14 10 05.19 +06 23 58.6          19.1 Vr~06hL703
     K09H00C  C2009 04 28.42502 14 09 21.38 +06 58 22.1          19.5 Vo~06hL291
     K09H00C  C2009 04 28.42874 14 09 21.10 +06 58 28.6          19.8 Vo~06hL291
     K09H00C  C2009 04 28.43248 14 09 20.81 +06 58 34.9          19.6 Vo~06hL291
     K09H00C  C2009 04 29.27330 14 09 00.82 +07 22 49.1          19.9 Vo~06hL291
     K09H00C HC2009 04 29.27710 14 09 00.52 +07 22 54.8                o~06hL291
     K09H00C  C2009 04 30.19579 14 08 36.38 +07 46 32.7          19.6 Vo~06hL291
     K09H00C  C2009 04 30.19970 14 08 36.07 +07 46 38.6          19.7 Vo~06hL291
     K09H00C  C2009 04 30.20345 14 08 35.79 +07 46 44.2          19.6 Vo~06hL291
     K09H00C  C2009 05 01.15240 14 08 11.76 +08 08 24.3          20.0 Vo~06sW291
     K09H00C  C2009 05 01.15627 14 08 11.53 +08 08 29.7          20.1 Vo~06sW291
     K09H00C  C2009 05 01.16005 14 08 11.29 +08 08 34.9          19.9 Vo~06sW291
     K09H00C  C2009 05 03.26651 14 07 19.62 +08 48 16.3          20.1 Vo~06sW291
     K09H00C  C2009 05 03.27043 14 07 19.35 +08 48 20.1          20.2 Vo~06sW291
     K09H00C  C2009 05 03.27432 14 07 19.08 +08 48 23.7          20.1 Vo~06sW291
     K09H00C  C2009 05 05.20861 14 06 51.64 +09 15 48.4                o~06sW291
     K09H00C  C2009 05 05.21241 14 06 51.42 +09 15 51.3                o~06sW291
     K09H00C HC2009 05 05.21619 14 06 51.17 +09 15 55.3                o~06sW291
     K09H00C  C2009 05 10.14961614 06 18.71 +09 55 54.1          20.3 Vo~06seH55
     K09H00C  C2009 05 10.16628914 06 18.13 +09 55 58.6          20.5 Vo~06seH55
     K09H00C  C2009 05 10.17126914 06 17.97 +09 56 00.0          20.1 Vo~06seH55
     K09H00C  C2009 05 12.13831514 06 22.22 +10 02 32.6          20.5 Vo~06seH55
     K09H00C  C2009 05 12.14594714 06 22.00 +10 02 33.8          20.6 Vo~06seH55
     K09H00C  C2009 05 12.15361914 06 21.77 +10 02 35.1          20.3 Vo~06seH55
     K09H00C  C2009 05 14.27987 14 06 32.47 +10 04 56.7          20.9 Vo~06se291
     K09H00C  C2009 05 14.28877 14 06 32.24 +10 04 56.6          21.0 Vo~06se291
     K09H00C  C2009 05 14.29757 14 06 32.02 +10 04 56.3          20.9 Vo~06se291
     K09H00C  C2009 05 15.20091 14 06 43.61 +10 04 27.6          20.9 Vo~06se291
     K09H00C  C2009 05 15.21149 14 06 43.37 +10 04 27.4          21.1 Vo~06se291
     K09H00C  C2009 05 15.22198 14 06 43.13 +10 04 26.8          20.8 Vo~06se291
     K09H00C  C2009 05 15.27392 14 06 41.53 +10 04 20.7          20.6 Ro~06seH01
     K09H00C  C2009 05 15.27676 14 06 41.47 +10 04 20.4          20.5 Ro~06seH01
     K09H00C  C2009 05 15.28385 14 06 41.32 +10 04 20.0          20.9 Ro~06seH01
     K09H00C  C2009 05 15.29251 14 06 41.14 +10 04 19.3          20.9 Ro~06seH01
     K09H00C  C2009 05 16.37226 14 06 51.57 +10 02 39.3          21.2 Vo~0726291
     K09H00C  C2009 05 16.38504 14 06 51.47 +10 02 37.2          21.4 Vo~0726291
     K09H00C  C2009 05 16.39531 14 06 51.36 +10 02 34.8          21.4 Vo~0726291
     K09H00C  C2009 05 17.32715 14 07 05.69 +10 00 22.7          21.1 Vo~0726291
     K09H00C  C2009 05 17.33748 14 07 05.56 +10 00 20.4          21.3 Vo~0726291
     K09H00C  C2009 05 17.34786 14 07 05.43 +10 00 18.0          21.2 Vo~0726291
     K09H00C  C2009 05 19.12933 14 07 38.90 +09 53 50.1          21.2 Vo~0726H55
     K09H00C  C2009 05 19.13573 14 07 38.84 +09 53 48.6          21.5 Vo~0726H55
     K09H00C  C2009 05 19.14646 14 07 38.74 +09 53 46.0          21.5 Vo~0726H55
     K09H00C  C2009 05 21.16185 14 08 18.91 +09 43 42.0          21.3 Vo~0726H55
     K09H00C  C2009 05 21.17723 14 08 18.85 +09 43 36.7          21.2 Vo~0726H55
     K09H00C  C2009 05 21.19052 14 08 18.80 +09 43 31.9          21.4 Vo~0726H55
     K09H00C  C2009 05 23.12794 14 09 07.40 +09 31 11.7          21.2 Vo~0794H55
     K09H00C  C2009 05 23.13521 14 09 07.40 +09 31 08.3          21.7 Vo~0794H55
     K09H00C  C2009 05 23.15103 14 09 07.46 +09 31 02.1          21.2 Vo~0794H55
     K09H00C  C2009 05 23.16322 14 09 07.42 +09 30 56.8          22.2 Vo~0794H55
     K09H00C  C2009 05 28.35095 14 11 50.25 +08 47 06.0          21.3 Ro~0794H01
     K09H00C  C2009 05 28.35326 14 11 50.30 +08 47 04.7          21.2 Ro~0794H01
     K09H00C  C2009 05 28.37086 14 11 50.73 +08 46 53.5          21.1 Ro~0794H01
     K09H00C  C2009 06 01.12406 14 14 29.53 +08 07 14.4          21.8 Vo~07J7H55
     K09H00C  C2009 06 01.13477 14 14 29.84 +08 07 08.1          22.2 Vo~07J7H55
