     K09SH1T* C2009 09 28.23931 00 12 27.46 +03 24 42.3          20.9 Vr~09eqG96
     K09SH1T  C2009 09 28.24682 00 12 33.94 +03 24 48.9          21.4 Vr~09eqG96
     K09SH1T  C2009 09 28.25426 00 12 40.39 +03 24 56.2          21.4 Vr~09eqG96
     K09SH1T  C2009 09 28.26179 00 12 46.87 +03 25 03.2          20.5 Vr~09eqG96
     K09SH1T  C2009 09 28.27078 00 12 54.61 +03 25 11.5          20.7 Vr~09eqG96
     K09SH1T  C2009 09 28.27142 00 12 55.18 +03 25 12.2          21.1 Vr~09eqG96
     K09SH1T  C2009 09 28.27205 00 12 55.72 +03 25 12.7          20.9 Vr~09eqG96
     K09SH1T  C2009 09 28.27267 00 12 56.23 +03 25 13.8          20.7 Vr~09eqG96
     K09SH1T  C2009 09 28.37509 00 14 25.39 +03 26 47.1          20.6 Vr~09eqG96
     K09SH1T  C2009 09 28.37572 00 14 25.97 +03 26 48.0          20.7 Vr~09eqG96
     K09SH1T  C2009 09 28.37633 00 14 26.46 +03 26 48.6          20.8 Vr~09eqG96
     K09SH1T  C2009 09 29.26167 00 29 05.82 +03 40 56.1          20.8 Vr~09eqG96
     K09SH1T  C2009 09 29.26236 00 29 06.50 +03 40 57.0          20.9 Vr~09eqG96
     K09SH1T  C2009 09 29.26304 00 29 07.18 +03 40 57.6          20.7 Vr~09eqG96
     K09SH1T  C2009 09 29.26374 00 29 07.87 +03 40 58.5          20.7 Vr~09eqG96
     K09SH1T  C2009 09 29.39508 00 31 18.33 +03 43 06.2          20.9 Vr~09eqG96
     K09SH1T  C2009 09 29.39578 00 31 19.05 +03 43 06.8          20.7 Vr~09eqG96
     K09SH1T  C2009 09 29.39647 00 31 19.74 +03 43 07.4          20.7 Vr~09eqG96
     K09SH1T  C2009 09 29.39719 00 31 20.49 +03 43 08.0          20.6 Vr~09eqG96
