     K09X01R* C2009 12 11.14638 03 16 21.36 +17 48 10.7          21.4 Vr~0CLgG96
     K09X01R  C2009 12 11.15167 03 16 26.00 +17 48 20.8          21.5 Vr~0CLgG96
     K09X01R  C2009 12 11.15703 03 16 30.68 +17 48 31.7          21.2 Vr~0CLgG96
     K09X01R  C2009 12 11.16228 03 16 35.25 +17 48 41.6          20.8 Vr~0CLgG96
     K09X01R  C2009 12 11.20929 03 17 16.15 +17 50 05.3          21.0 Vr~0CLgG96
     K09X01R  C2009 12 11.20998 03 17 16.87 +17 50 06.7          21.5 Vr~0CLgG96
     K09X01R  C2009 12 11.21067 03 17 17.44 +17 50 07.8          21.3 Vr~0CLgG96
     K09X01R  C2009 12 11.21135 03 17 18.13 +17 50 09.6          22.1 Vr~0CLgG96
     K09X01R  C2009 12 11.31447 03 18 51.51 +17 52 32.1          20.6 Vr~0CLgG96
     K09X01R  C2009 12 11.31506 03 18 51.98 +17 52 32.4          21.9 Vr~0CLgG96
     K09X01R  C2009 12 11.31564 03 18 52.56 +17 52 33.2          21.2 Vr~0CLgG96
     K09X01R  C2009 12 11.31620 03 18 53.10 +17 52 33.6          20.8 Vr~0CLgG96
     K09X01R KC2009 12 11.36618 03 19 42.19 +17 53 33.8          21.2 Rc~0CLg926
     K09X01R KC2009 12 11.36993 03 19 46.05 +17 53 37.4          21.6 Rc~0CLg926
     K09X01R KC2009 12 11.37370 03 19 49.90 +17 53 41.0          21.8 Rc~0CLg926
