     K09Y00R* C2009 12 19.27429 04 48 29.23 +21 58 16.4          19.6 Vr~0Ch0G96
     K09Y00R  C2009 12 19.28076 04 48 19.65 +21 58 20.5          19.4 Vr~0Ch0G96
     K09Y00R  C2009 12 19.28712 04 48 10.26 +21 58 24.2          19.6 Vr~0Ch0G96
     K09Y00R  C2009 12 19.32744 04 47 10.81 +21 58 40.9          19.9 Vr~0Ch0G96
     K09Y00R  C2009 12 19.32784 04 47 10.19 +21 58 40.7          19.1 Vr~0Ch0G96
     K09Y00R  C2009 12 19.32872 04 47 08.90 +21 58 41.4          19.6 Vr~0Ch0G96
     K09Y00R  C2009 12 19.39396 04 45 34.16 +21 58 41.8          20.2 Vr~0Ch0G96
     K09Y00R  C2009 12 19.39476 04 45 33.01 +21 58 41.6          19.8 Vr~0Ch0G96
     K09Y00R  C2009 12 19.39520 04 45 32.35 +21 58 41.1          19.9 Vr~0Ch0G96
     K09Y00R  C2009 12 19.40277 04 45 20.72 +21 58 16.2          19.4 Ro~0Ch0H01
     K09Y00R  C2009 12 19.40918 04 45 11.73 +21 58 14.2          19.3 Ro~0Ch0H01
     K09Y00R  C2009 12 19.41534 04 45 03.14 +21 58 12.1          19.1 Ro~0Ch0H01
     K09Y00R  C2009 12 19.42168 04 44 54.32 +21 58 09.8          19.2 Ro~0Ch0H01
     K09Y00R KC2009 12 19.90207 04 34 58.54 +22 01 06.9                r~0Ch0J95
     K09Y00R KC2009 12 19.90449 04 34 54.75 +22 01 09.3                r~0Ch1J95
     K09Y00R KC2009 12 19.90718 04 34 50.67 +22 01 10.2          19.5 Rr~0Ch1J95
     K09Y00R KC2009 12 20.11503 04 30 20.66 +22 04 22.7          19.4 Ro~0Ch1H01
     K09Y00R KC2009 12 20.12171 04 30 10.07 +22 04 30.2          19.6 Ro~0Ch1H01
     K09Y00R  C2009 12 20.12850 04 29 59.26 +22 04 37.4          19.2 Ro~0Ch1H01
     K09Y00R  C2009 12 20.13521 04 29 48.50 +22 04 44.4          19.0 Ro~0Ch1H01
     K09Y00R tC2009 12 20.17953 04 28 39.39 +22 05 37.1          19.7 Vo~0Ch1291
     K09Y00R tC2009 12 20.18348 04 28 32.75 +22 05 40.3          19.7 Vo~0Ch1291
     K09Y00R tC2009 12 20.18736 04 28 26.37 +22 05 42.7          19.2 Vo~0Ch1291
     K09Y00R KC2009 12 22.86352 03 12 36.42 +21 08 12.5                r~0Ch1J95
     K09Y00R KC2009 12 22.87565 03 12 10.26 +21 07 37.9                r~0Ch1J95
     K09Y00R KC2009 12 22.88105 03 11 58.53 +21 07 20.7          19.7 Rr~0Ch1J95
     K09Y00R KC2009 12 25.76576 01 32 47.91 +16 41 12.7          19.9 Rr~0Ch1J95
     K09Y00R KC2009 12 25.78176 01 32 11.43 +16 39 11.5          20.2 Rr~0Ch1J95
     K09Y00R FC2009 12 25.81832 01 30 48.04 +16 34 30.9          20.1 Rr~0Ch1J95
