     K10JB0H* C2010 05 15.30867 15 37 28.95 -07 10 59.3          18.1 Vr~0HaxG96
     K10JB0H  C2010 05 15.31384 15 37 42.45 -07 11 58.1          18.7 Vr~0HaxG96
     K10JB0H  C2010 05 15.31771 15 37 52.57 -07 12 42.3          18.1 Vr~0HaxG96
     K10JB0H  C2010 05 15.32739 15 38 17.84 -07 14 32.1          18.4 Vr~0HaxG96
     K10JB0H  C2010 05 15.32770 15 38 18.67 -07 14 35.7          18.8 Vr~0HaxG96
     K10JB0H  C2010 05 15.32799 15 38 19.42 -07 14 38.7          18.9 Vr~0HaxG96
     K10JB0H  C2010 05 15.32829 15 38 20.22 -07 14 42.6          18.6 Vr~0HaxG96
     K10JB0H  C2010 05 15.32905 15 38 22.16 -07 14 50.8          18.1 Vr~0HaxG96
     K10JB0H  C2010 05 15.32935 15 38 22.95 -07 14 54.3          18.3 Vr~0HaxG96
     K10JB0H  C2010 05 15.32966 15 38 23.78 -07 14 58.0          18.4 Vr~0HaxG96
     K10JB0H  C2010 05 15.32996 15 38 24.57 -07 15 01.2          18.6 Vr~0HaxG96
     K10JB0H  C2010 05 15.33624 15 38 41.02 -07 16 12.7          18.3 Vr~0HaxG96
     K10JB0H  C2010 05 15.33656 15 38 41.82 -07 16 16.1          18.4 Vr~0HaxG96
     K10JB0H  C2010 05 15.33688 15 38 42.64 -07 16 19.9          18.6 Vr~0HaxG96
     K10JB0H  C2010 05 15.33717 15 38 43.47 -07 16 23.4          18.8 Vr~0HaxG96
     K10JB0H  C2010 05 15.35915 15 39 41.00 -07 20 32.2          18.4 Vr~0HaxG96
     K10JB0H  C2010 05 15.35946 15 39 41.83 -07 20 35.4          18.2 Vr~0HaxG96
     K10JB0H  C2010 05 15.35980 15 39 42.76 -07 20 39.1          18.2 Vr~0HaxG96
     K10JB0H  C2010 05 15.36011 15 39 43.59 -07 20 42.5          18.8 Vr~0HaxG96
     K10JB0H  C2010 05 15.36979 15 40 07.72 -07 22 39.3          18.6 Ro~0HaxH01
     K10JB0H  C2010 05 15.37838 15 40 30.41 -07 24 16.0          18.1 Ro~0HaxH01
     K10JB0H  C2010 05 15.38058 15 40 37.45 -07 24 33.3          18.9 Vr~0HaxG96
     K10JB0H  C2010 05 15.38094 15 40 38.38 -07 24 37.2          18.6 Vr~0HaxG96
     K10JB0H  C2010 05 15.38126 15 40 39.21 -07 24 40.7          18.6 Vr~0HaxG96
     K10JB0H  C2010 05 15.38159 15 40 40.15 -07 24 44.3          18.4 Vr~0HaxG96
     K10JB0H  C2010 05 15.38520 15 40 48.44 -07 25 32.5          18.3 Ro~0HaxH01
     K10JB0H  C2010 05 15.39241 15 41 07.55 -07 26 53.3          18.4 Ro~0HaxH01
     K10JB0H QC2010 05 15.47177 15 45 19.55 -07 33 59.6          18.4 Vr~0HaxE12
     K10JB0H QC2010 05 15.47529 15 45 28.96 -07 34 40.1          18.5 Vr~0HaxE12
     K10JB0H KC2010 05 16.07063 16 13 19.30 -09 34 08.3                u~0HaxJ95
     K10JB0H KC2010 05 16.07170 16 13 22.22 -09 34 19.8                u~0HaxJ95
     K10JB0H KC2010 05 16.07280 16 13 25.29 -09 34 31.3                u~0HaxJ95
     K10JB0H KC2010 05 16.07400 16 13 28.56 -09 34 43.9          18.9 Ru~0HaxJ95
     K10JB0H  C2010 05 16.29718 16 24 22.97 -10 12 31.6          18.2 Rc~0Hax651
     K10JB0H  C2010 05 16.29764 16 24 24.21 -10 12 36.1          18.3 Rc~0Hax651
     K10JB0H  C2010 05 16.29809 16 24 25.42 -10 12 41.3          18.4 Rc~0Hax651
     K10JB0H  C2010 05 16.30376 16 24 39.27 -10 13 54.8          18.2 Ro~0HaxH01
     K10JB0H  C2010 05 16.30877 16 24 54.57 -10 14 38.1          18.0 Vr~0HaxG96
     K10JB0H  C2010 05 16.30920 16 24 55.76 -10 14 42.5          18.0 Vr~0HaxG96
     K10JB0H  C2010 05 16.30960 16 24 56.84 -10 14 46.6          18.3 Vr~0HaxG96
     K10JB0H  C2010 05 16.31002 16 24 57.99 -10 14 51.2          18.5 Vr~0HaxG96
     K10JB0H  C2010 05 16.31193 16 25 01.56 -10 15 20.1          18.3 Ro~0HaxH01
     K10JB0H  C2010 05 16.32308 16 25 31.99 -10 17 16.3          18.0 Ro~0HaxH01
     K10JB0H  C2010 05 16.33264 16 25 58.04 -10 18 55.2          18.1 Ro~0HaxH01
     K10JB0H KC2010 05 17.04903 17 00 04.03 -12 14 53.3                u~0HaxJ95
     K10JB0H KC2010 05 17.05225 17 00 12.72 -12 15 22.1                u~0HaxJ95
     K10JB0H KC2010 05 17.05505 17 00 20.23 -12 15 45.4          18.9 Ru~0HaxJ95
     K10JB0H  C2010 05 17.31117 17 12 19.35 -12 50 28.9          19.3 Ro~0HaxH01
     K10JB0H  C2010 05 17.31833 17 12 38.01 -12 51 27.8          19.3 Ro~0HaxH01
     K10JB0H  C2010 05 17.32536 17 12 56.31 -12 52 25.5          18.9 Ro~0HaxH01
     K10JB0H  C2010 05 17.34007 17 13 34.59 -12 54 25.4          18.5 Ro~0HaxH01
     K10JB0H  C2010 05 17.34221 17 13 41.87 -12 54 28.5          18.7 Rc~0Hax926
     K10JB0H  C2010 05 17.34385 17 13 46.12 -12 54 42.0          19.0 Rc~0Hax926
     K10JB0H  C2010 05 17.34551 17 13 50.40 -12 54 55.3          19.5 Rc~0Hax926
     K10JB0H KC2010 06 15.42093 21 35 27.61 -16 29 30.5          23.8 Ro~0IncH01
     K10JB0H KC2010 06 15.42983 21 35 27.59 -16 29 31.9          23.5 Ro~0IncH01
     K10JB0H KC2010 06 15.44029 21 35 27.56 -16 29 33.4          23.7 Ro~0IncH01
     K10JB0H KC2010 06 18.40789 21 36 09.72 -16 36 20.2          23.1 Ro~0IncH01
     K10JB0H KC2010 06 18.41518 21 36 09.60 -16 36 21.2          23.7 Ro~0IncH01
     K10JB0H KC2010 06 18.42252 21 36 09.49 -16 36 23.1          23.2 Ro~0IncH01
