     K10VD9P* C2010 11 14.27911 03 37 58.44 +31 47 55.3          20.5 Vr~0PP7G96
     K10VD9P  C2010 11 14.28604 03 37 55.38 +31 47 27.2          20.4 Vr~0PP7G96
     K10VD9P  C2010 11 14.29293 03 37 52.28 +31 46 58.6          20.5 Vr~0PP7G96
     K10VD9P  C2010 11 14.29982 03 37 49.22 +31 46 29.4          20.3 Vr~0PP7G96
     K10VD9P  C2010 11 14.31236 03 37 43.68 +31 45 35.1          19.6 Vr~0PP7G96
     K10VD9P  C2010 11 14.31301 03 37 43.42 +31 45 32.6          20.1 Vr~0PP7G96
     K10VD9P  C2010 11 14.31366 03 37 43.17 +31 45 29.9          20.3 Vr~0PP7G96
     K10VD9P  C2010 11 14.31431 03 37 42.81 +31 45 26.4          20.3 Vr~0PP7G96
     K10VD9P  C2010 11 14.32330 03 37 38.92 +31 44 46.6          20.6 Vr~0PP7G96
     K10VD9P  C2010 11 14.32387 03 37 38.71 +31 44 44.4          20.2 Vr~0PP7G96
     K10VD9P  C2010 11 14.32443 03 37 38.42 +31 44 41.8          20.2 Vr~0PP7G96
     K10VD9P  C2010 11 14.32499 03 37 38.17 +31 44 39.3          20.5 Vr~0PP7G96
