     K10N00H* C2010 07 04.42235 21 14 22.48 -03 24 29.9          18.9 Vr~0KBuG96
     K10N00H  C2010 07 04.42840 21 14 20.11 -03 23 25.2          18.9 Vr~0KBuG96
     K10N00H  C2010 07 04.43443 21 14 17.73 -03 22 19.5          19.1 Vr~0KBuG96
     K10N00H  C2010 07 04.46661 21 14 05.28 -03 16 35.5          19.0 Vr~0KBuG96
     K10N00H  C2010 07 04.46710 21 14 05.10 -03 16 30.3          19.0 Vr~0KBuG96
     K10N00H  C2010 07 04.46755 21 14 04.92 -03 16 25.3          18.9 Vr~0KBuG96
     K10N00H  C2010 07 04.46802 21 14 04.74 -03 16 20.3          19.2 Vr~0KBuG96
     K10N00H  C2010 07 04.46998 21 14 03.98 -03 15 59.4          18.9 Vr~0KBuG96
     K10N00H  C2010 07 04.47046 21 14 03.84 -03 15 54.4          18.9 Vr~0KBuG96
     K10N00H  C2010 07 04.47095 21 14 03.62 -03 15 49.1          19.2 Vr~0KBuG96
     K10N00H  C2010 07 04.47146 21 14 03.44 -03 15 43.7          19.1 Vr~0KBuG96
     K10N00H KC2010 07 04.97906 21 12 13.89 -01 56 15.9                u~0KBuJ95
     K10N00H KC2010 07 04.98886 21 12 11.12 -01 54 52.1                u~0KBuJ95
     K10N00H KC2010 07 04.99935 21 12 08.18 -01 53 22.7          19.2 Ru~0KBuJ95
     K10N00H SC2010 07 05.04791 21 11 51.18 -01 46 16.5          19.2 Rr~0KBu473
     K10N00H SC2010 07 05.05486 21 11 49.08 -01 45 18.5          19.2 Rr~0KBu473
     K10N00H KC2010 07 05.31756521 10 56.12 -01 10 09.7          19.9 Vo~0KBuH21
     K10N00H KC2010 07 05.32559421 10 53.82 -01 09 09.4          19.9 Vo~0KBuH21
     K10N00H KC2010 07 05.33402121 10 51.38 -01 08 05.9          19.9 Vo~0KBuH21
     K10N00H  C2010 07 05.36447 21 10 48.63 -01 03 51.2          19.4 Rc~0KBu854
     K10N00H  C2010 07 05.36883 21 10 47.36 -01 03 18.9          19.5 Rc~0KBu854
     K10N00H  C2010 07 05.38191 21 10 43.46 -01 01 41.1          19.8 Rc~0KBu854
     K10N00H  C2010 07 07.30469 21 06 03.36 +01 52 09.8          20.7 Vo~0KBu291
     K10N00H  C2010 07 07.30845 21 06 02.70 +01 52 25.0          21.0 Vo~0KBu291
     K10N00H  C2010 07 07.31226 21 06 02.02 +01 52 40.3          20.7 Vo~0KBu291
     K10N00H KC2010 07 07.34515021 05 51.61 +01 54 29.1          20.8 Vo~0KBuH21
     K10N00H KC2010 07 07.35202521 05 50.39 +01 54 56.1          20.9 Vo~0KBuH21
     K10N00H KC2010 07 07.35875321 05 49.19 +01 55 22.5          20.2 Vo~0KBuH21
     K10N00H tC2010 07 08.30961 21 04 19.39 +02 50 16.4          20.5 Vo~0KBu291
     K10N00H tC2010 07 08.31367 21 04 18.78 +02 50 29.6          20.1 Vo~0KBu291
     K10N00H tC2010 07 08.31739 21 04 18.16 +02 50 41.4          21.3 Vo~0KBu291
     K10N00H KC2010 07 08.98836721 03 18.48 +03 21 06.0          20.7 Vu~0KBu198
     K10N00H KC2010 07 08.99261121 03 17.96 +03 21 17.4          20.8 Vu~0KBu198
     K10N00H KC2010 07 08.99614821 03 17.53 +03 21 26.9          20.6 Vu~0KBu198
     K10N00H KC2010 07 09.00109921 03 16.91 +03 21 39.4          20.7 Vu~0KBu198
     K10N00H KC2010 07 09.00746521 03 16.12 +03 21 56.1          20.7 Vu~0KBu198
     K10N00H KC2010 07 10.25142 21 01 45.24 +04 07 53.1          21.4 Vo~0KZqH21
     K10N00H KC2010 07 10.25681 21 01 44.63 +04 08 03.3          21.1 Vo~0KZqH21
     K10N00H KC2010 07 10.26040 21 01 44.24 +04 08 10.2          21.4 Vo~0KZqH21
     K10N00H KC2010 07 10.26939 21 01 43.23 +04 08 27.6          21.5 Vo~0KZqH21
     K10N00H KC2010 07 10.27597 21 01 42.49 +04 08 40.0          21.2 Vo~0KZqH21
     K10N00H KC2010 07 11.30395 21 00 36.54 +04 37 34.0          21.6 Vo~0KZqH21
     K10N00H KC2010 07 11.30784 21 00 36.12 +04 37 39.9          21.5 Vo~0KZqH21
     K10N00H KC2010 07 11.31133 21 00 35.76 +04 37 45.3          21.3 Vo~0KZqH21
     K10N00H KC2010 07 11.31428 21 00 35.46 +04 37 49.9          21.5 Vo~0KZqH21
     K10N00H HC2010 07 13.36980 20 58 46.94 +05 19 34.3                o~0KZq291
     K10N00H HC2010 07 13.37413 20 58 46.61 +05 19 37.5                o~0KZq291
     K10N00H  C2010 07 13.37865 20 58 46.17 +05 19 42.4          21.6 Vo~0KZq291
     K10N00H KC2010 07 14.27002 20 58 06.54 +05 32 32.4          21.9 Vo~0KZqH21
     K10N00H KC2010 07 14.27311 20 58 06.28 +05 32 35.1          22.1 Vo~0KZqH21
     K10N00H KC2010 07 14.29626 20 58 04.49 +05 32 53.7          21.9 Vo~0KZqH21
     K10N00H KC2010 07 14.30089 20 58 04.10 +05 32 57.2          22.1 Vo~0KZqH21
     K10N00H 2C2010 07 14.56671520 57 49.427+05 36 52.13         21.5 Ro~0MTx568
     K10N00H 2C2010 07 14.56769920 57 49.342+05 36 52.83         21.6 Ro~0MTx568
     K10N00H KC2010 07 15.26780 20 57 23.76 +05 44 25.7          21.9 Vo~0KZqH21
     K10N00H KC2010 07 15.27543 20 57 23.20 +05 44 31.0          22.1 Vo~0KZqH21
     K10N00H KC2010 07 15.29089 20 57 22.03 +05 44 41.2          22.6 Vo~0KZqH21
     K10N00H KC2010 07 16.29945120 56 41.57 +05 54 13.2          22.6 Vo~0Kn8H21
     K10N00H KC2010 07 16.31491020 56 40.56 +05 54 21.3          22.4 Vo~0Kn8H21
     K10N00H KC2010 07 16.33027320 56 39.48 +05 54 28.6          22.4 Vo~0Kn8H21
     K10N00H KC2010 07 19.21881920 54 59.77 +06 11 13.0          22.6 Vo~0Kn8H21
     K10N00H KC2010 07 19.23032020 54 59.15 +06 11 15.8                o~0Kn8H21
     K10N00H KC2010 07 19.24080520 54 58.57 +06 11 18.4          23.0 Vo~0Kn8H21
