     K10C00A* C2010 02 05.19638 08 15 19.98 +20 44 12.5          19.7 Vr~0Dxs703
     K10C00A  C2010 02 05.20091 08 15 18.03 +20 44 56.2          18.9 Vr~0Dxs703
     K10C00A  C2010 02 05.20553 08 15 15.80 +20 45 37.3          19.5 Vr~0Dxs703
     K10C00A  C2010 02 05.21015 08 15 13.64 +20 46 21.2          19.2 Vr~0Dxs703
     K10C00A  C2010 02 05.24744 08 14 56.61 +20 52 12.6          20.1 Vr~0Dxs703
     K10C00A  C2010 02 05.24814 08 14 56.30 +20 52 18.7          20.0 Vr~0Dxs703
     K10C00A  C2010 02 05.24883 08 14 55.85 +20 52 24.3          20.5 Vr~0Dxs703
     K10C00A  C2010 02 05.24952 08 14 55.71 +20 52 32.7          20.4 Vr~0Dxs703
     K10C00A  C2010 02 05.29408 08 14 35.03 +20 59 31.9                r~0Dxs703
     K10C00A  C2010 02 05.29490 08 14 34.55 +20 59 38.4          19.3 Vr~0Dxs703
     K10C00A  C2010 02 05.29572 08 14 34.14 +20 59 45.7                r~0Dxs703
     K10C00A  C2010 02 05.42345 08 13 34.75 +21 19 53.6          20.0 Rc~0Dxs926
     K10C00A  C2010 02 05.42649 08 13 33.28 +21 20 21.7          20.0 Rc~0Dxs926
     K10C00A  C2010 02 05.42955 08 13 31.93 +21 20 50.8          20.0 Rc~0Dxs926
     K10C00A KC2010 02 05.77587 08 11 06.14 +22 17 37.6                u~0DxsJ95
     K10C00A KC2010 02 05.78320 08 11 02.56 +22 18 54.3                u~0DxsJ95
     K10C00A KC2010 02 05.79037 08 10 59.14 +22 20 08.7          19.6 Ru~0DxsJ95
     K10C00A  C2010 02 07.12763 07 58 42.82 +26 39 42.3          19.4 Rc~0Dxs926
     K10C00A  C2010 02 07.13000 07 58 41.17 +26 40 14.1          19.6 Rc~0Dxs926
     K10C00A  C2010 02 07.13235 07 58 39.59 +26 40 45.4          19.8 Rc~0Dxs926
     K10C00A  C2010 02 07.20146707 57 48.00 +26 55 51.8                r~0DxsH21
     K10C00A  C2010 02 07.20521407 57 45.34 +26 56 41.1          19.6 Vr~0DxsH21
     K10C00A  C2010 02 07.21526407 57 38.22 +26 58 54.3                r~0DxsH21
     K10C00A  C2010 02 07.21805807 57 36.23 +26 59 31.1          19.7 Vr~0DxsH21
     K10C00A KC2010 02 07.92661 07 49 01.65 +29 46 35.9          18.4 Cv~0Dxs204
     K10C00A KC2010 02 07.93038 07 48 58.45 +29 47 32.9          18.2 Cv~0Dxs204
     K10C00A KC2010 02 07.93416 07 48 55.22 +29 48 30.0          18.3 Cv~0Dxs204
     K10C00A KC2010 02 07.94073 07 48 49.64 +29 50 09.0          19.0 Cv~0Dxs204
     K10C00A KC2010 02 07.94894 07 48 42.63 +29 52 13.0          18.8 Cv~0Dxs204
     K10C00A  C2010 02 08.16144907 45 49.25 +30 47 10.9          20.0 Vo~0DxsH21
     K10C00A  C2010 02 08.16389407 45 47.04 +30 47 49.5          19.6 Vo~0DxsH21
     K10C00A  C2010 02 08.16796207 45 43.31 +30 48 53.5          20.1 Vo~0DxsH21
     K10C00A  C2010 02 08.17214807 45 39.50 +30 49 59.8          20.3 Vo~0DxsH21
     K10C00A KC2010 02 10.83166 06 45 31.35 +45 16 41.2          19.5 Ru~0DxsJ95
     K10C00A KC2010 02 10.83670 06 45 20.40 +45 18 37.5          20.1 Ru~0DxsJ95
     K10C00A KC2010 02 10.84177 06 45 09.34 +45 20 34.3          19.4 Ru~0DxsJ95
     K10C00A  C2010 02 11.08038106 36 21.11 +46 52 48.1          19.6 Vo~0DxsH21
     K10C00A  C2010 02 11.08245306 36 16.14 +46 53 36.4          19.3 Vr~0DxsH21
     K10C00A  C2010 02 11.08452406 36 11.13 +46 54 24.9          20.3 Vo~0DxsH21
     K10C00A  C2010 02 11.08466606 36 10.79 +46 54 27.9          19.6 Vr~0DxsH21
     K10C00A  C2010 02 11.08867806 36 00.94 +46 56 01.2                o~0DxsH21
     K10C00A  C2010 02 11.09279206 35 51.09 +46 57 37.4                r~0DxsH21
     K10C00A  C2010 02 12.12368305 46 08.89 +53 29 24.5          19.8 Vo~0DxsH21
     K10C00A  C2010 02 12.12508305 46 03.79 +53 29 54.6          19.2 Vc~0DxsH21
     K10C00A  C2010 02 12.12648305 45 58.71 +53 30 24.6          19.5 Vo~0DxsH21
     K10C00A  C2010 02 12.12928505 45 48.47 +53 31 24.6          19.2 Vo~0DxsH21
     K10C00A  C2010 02 12.13069605 45 43.33 +53 31 54.8          19.0 Vc~0DxsH21
     K10C00A  C2010 02 12.13210605 45 38.24 +53 32 25.0          19.7 Vo~0DxsH21
     K10C00A  C2010 02 12.85471 04 56 57.94 +57 26 21.9          20.0 Rc~0Dxs587
     K10C00A  C2010 02 12.85806 04 56 42.11 +57 27 16.1                c~0Dxs587
     K10C00A  C2010 02 12.85963 04 56 34.92 +57 27 41.4                c~0Dxs587
     K10C00A FC2010 02 12.98539 04 46 40.50 +58 00 02.2          19.0 Cv~0Dxs204
     K10C00A KC2010 02 12.99727 04 45 43.76 +58 02 54.6                v~0Dxs204
     K10C00A  C2010 02 13.23351 04 26 26.68 +58 59 48.7          19.3 Rc~0Dxs926
     K10C00A  C2010 02 13.23529 04 26 17.55 +59 00 09.6          19.1 Rc~0Dxs926
     K10C00A  C2010 02 13.23707 04 26 08.30 +59 00 30.8          19.0 Rc~0Dxs926
     K10C00A  C2010 02 13.23884 04 25 59.08 +59 00 52.0          18.8 Rc~0Dxs926
     K10C00A  C2010 02 14.07192003 11 21.41 +60 39 24.6          20.3 Vo~0DxsH21
     K10C00A  C2010 02 14.08869903 09 46.52 +60 39 33.8          21.5 Vo~0DxsH21
     K10C00A  C2010 02 14.09722903 08 58.22 +60 39 35.3          20.8 Vo~0DxsH21
