     K10U00K  C2010 10 17.49652 03 40 46.92 +12 46 04.9          17.0 Vr~0Ns6G96
     K10U00K  C2010 10 17.49782 03 40 38.95 +12 44 45.2          17.0 Vr~0Ns6G96
     K10U00K* C2010 10 17.52373 03 38 02.18 +12 18 35.1          16.8 Vr~0Ns6G96
     K10U00K  C2010 10 17.52398 03 38 00.67 +12 18 19.8          16.8 Vr~0Ns6G96
     K10U00K  C2010 10 17.52426 03 37 58.98 +12 18 02.9          16.9 Vr~0Ns6G96
     K10U00K  C2010 10 17.52454 03 37 57.36 +12 17 46.4          16.8 Vr~0Ns6G96
     K10U00K  C2010 10 17.52505 03 37 54.30 +12 17 15.5          16.8 Vr~0Ns6G96
     K10U00K  C2010 10 17.52532 03 37 52.64 +12 16 58.3          16.9 Vr~0Ns6G96
     K10U00K  C2010 10 17.52561 03 37 50.91 +12 16 41.0          16.9 Vr~0Ns6G96
     K10U00K  C2010 10 17.52589 03 37 49.18 +12 16 23.6          16.6 Vr~0Ns6G96
     K10U00K  C2010 10 17.52654 03 37 45.40 +12 15 45.4          16.6 Vr~0Ns6G96
     K10U00K  C2010 10 17.52683 03 37 43.68 +12 15 27.8          16.7 Vr~0Ns6G96
     K10U00K  C2010 10 17.52712 03 37 41.95 +12 15 10.1          16.8 Vr~0Ns6G96
     K10U00K  C2010 10 17.52742 03 37 40.15 +12 14 52.0          16.8 Vr~0Ns6G96
     K10U00K  C2010 10 17.52799 03 37 36.76 +12 14 17.8          16.7 Vr~0Ns6G96
     K10U00K  C2010 10 17.52827 03 37 35.07 +12 14 00.4          16.6 Vr~0Ns6G96
     K10U00K  C2010 10 17.52858 03 37 33.34 +12 13 42.7          16.6 Vr~0Ns6G96
     K10U00K  C2010 10 17.52887 03 37 31.62 +12 13 25.1          16.4 Vr~0Ns6G96
     K10U00K  C2010 10 17.52935 03 37 28.70 +12 12 55.3          16.6 Vr~0Ns6G96
     K10U00K  C2010 10 17.52964 03 37 27.01 +12 12 38.7          16.6 Vr~0Ns6G96
     K10U00K  C2010 10 17.52993 03 37 25.28 +12 12 21.1          16.8 Vr~0Ns6G96
     K10U00K  C2010 10 17.53022 03 37 23.55 +12 12 03.4          16.5 Vr~0Ns6G96
     K10U00K  C2010 10 17.53081 03 37 20.10 +12 11 28.7          16.4 Vr~0Ns6G96
     K10U00K  C2010 10 17.53105 03 37 18.62 +12 11 13.4          16.5 Vr~0Ns6G96
     K10U00K  C2010 10 17.53131 03 37 17.11 +12 10 57.3          16.4 Vr~0Ns6G96
     K10U00K  C2010 10 17.53157 03 37 15.49 +12 10 41.3          16.5 Vr~0Ns6G96
     K10U00K  C2010 10 17.53271 03 37 08.83 +12 09 33.5          16.3 Vr~0Ns6G96
     K10U00K  C2010 10 17.53296 03 37 07.35 +12 09 17.8          16.4 Vr~0Ns6G96
     K10U00K  C2010 10 17.66956 03 26 11.89 +09 59 20.3          17.3 Ro~0Ns6300
     K10U00K  C2010 10 17.67039 03 26 07.26 +09 58 35.3          17.1 Ro~0Ns6300
     K10U00K  C2010 10 17.67085 03 26 04.64 +09 58 09.1          17.2 Ro~0Ns6300
     K10U00K  C2010 10 17.67131 03 26 02.03 +09 57 43.9          17.3 Ro~0Ns6300
     K10U00K  C2010 10 17.67224 03 25 56.78 +09 56 52.1          17.3 Ro~0Ns6300
     K10U00K  C2010 10 17.67270 03 25 54.20 +09 56 26.3          17.6 Ro~0Ns6300
     K10U00K  C2010 10 17.67317 03 25 51.56 +09 56 00.7          17.3 Ro~0Ns7300
     K10U00K KC2010 10 17.88357 03 09 34.14 +06 45 26.7          16.8 Rr~0Ns7A17
     K10U00K KC2010 10 17.88673 03 09 19.29 +06 42 51.2          17.6 Rr~0Ns7A17
     K10U00K KC2010 10 17.89326 03 08 48.60 +06 37 29.6          17.8 Rr~0Ns7A17
     K10U00K KC2010 10 17.90288 03 08 03.48 +06 29 38.3          17.3 Rr~0Ns7A17
     K10U00K KC2010 10 17.90928 03 07 33.55 +06 24 25.5          17.3 Rr~0Ns7A17
     K10U00K KC2010 10 17.93716303 05 29.50 +06 01 15.2                u~0Ns7J95
     K10U00K KC2010 10 17.93907503 05 20.74 +05 59 43.5                u~0Ns7J95
     K10U00K KC2010 10 17.94344103 05 00.71 +05 56 13.8                u~0Ns7J95
     K10U00K KC2010 10 17.94536003 04 51.94 +05 54 42.0          17.5 Ru~0Ns7J95
     K10U00K KC2010 10 18.16142802 50 31.69 +03 14 07.5          17.2 Vr~0Ns7H21
     K10U00K KC2010 10 18.16425502 50 20.25 +03 12 07.4          17.3 Vr~0Ns7H21
     K10U00K KC2010 10 18.16706402 50 08.93 +03 10 08.5          17.2 Vr~0Ns7H21
     K10U00K KC2010 10 18.28218 02 42 40.60 +01 51 34.7          17.8 Ru~0Ns7H36
     K10U00K KC2010 10 18.28421 02 42 32.76 +01 50 14.2          17.8 Ru~0Ns7H36
     K10U00K KC2010 10 18.28659 02 42 23.59 +01 48 39.8          17.7 Ru~0Ns7H36
     K10U00K KC2010 10 18.28872 02 42 15.43 +01 47 15.7          17.8 Ru~0Ns7H36
     K10U00K KC2010 10 18.29085 02 42 07.22 +01 45 51.2          17.6 Ru~0Ns7H36
     K10U00K KC2010 10 18.33561 02 39 27.49 +01 18 20.1                v~0Ns7H10
     K10U00K KC2010 10 18.34001 02 39 11.21 +01 15 33.8          16.5 Rv~0Ns7H10
     K10U00K KC2010 10 18.34598 02 38 49.05 +01 11 47.1                v~0Ns7H10
     K10U00K  C2010 10 19.22947 02 01 04.29 -06 03 11.2          17.9 Vr~0Ns7703
     K10U00K  C2010 10 19.23469 02 00 52.34 -06 05 10.8          18.6 Vr~0Ns7703
     K10U00K  C2010 10 19.23987 02 00 40.64 -06 07 06.7          17.8 Vr~0Ns7703
     K10U00K  C2010 10 19.24509 02 00 28.76 -06 09 05.0          18.1 Vr~0Ns7703
     K10U00K  C2010 10 19.31814 01 57 44.90 -06 35 36.2          18.4 Rc~0Ns7854
     K10U00K  C2010 10 19.31948 01 57 42.00 -06 36 04.4          18.2 Rc~0Ns7854
     K10U00K  C2010 10 19.32081 01 57 39.02 -06 36 34.1          18.0 Rc~0Ns7854
     K10U00K  C2010 10 19.32116 01 57 38.11 -06 36 41.3          17.9 Vr~0Ns7703
     K10U00K  C2010 10 19.32184 01 57 36.64 -06 36 56.7          18.6 Vr~0Ns7703
     K10U00K  C2010 10 19.32345 01 57 33.06 -06 37 31.2          17.3 Vr~0Ns7703
     K10U00K  C2010 10 19.32803 01 57 23.02 -06 39 08.1                r~0Ns7703
     K10U00K QC2010 10 19.55714001 50 45.29 -07 41 23.1          18.2 Vr~0Ns7E12
     K10U00K QC2010 10 19.55944301 50 40.77 -07 42 06.7          18.0 Vr~0Ns7E12
     K10U00K KC2010 10 20.03375 01 38 32.67 -10 07 07.9                u~0Ns7J95
     K10U00K KC2010 10 20.03971 01 38 23.68 -10 08 32.8                u~0Ns7J95
     K10U00K KC2010 10 20.04570 01 38 14.61 -10 09 57.0          18.8 Ru~0Ns7J95
     K10U00K KC2010 10 20.35501 01 31 34.87 -11 16 25.7          19.0 Vo~0Ns7H21
     K10U00K KC2010 10 20.35650 01 31 32.93 -11 16 43.5          18.4 Vo~0Ns7H21
     K10U00K KC2010 10 20.35949 01 31 29.01 -11 17 18.7          18.4 Vo~0Ns7H21
     K10U00K QC2010 10 20.58038601 27 45.92 -11 49 20.8                r~0Ns7E12
     K10U00K QC2010 10 20.58319601 27 42.37 -11 49 51.2                r~0Ns7E12
     K10U00K QC2010 10 20.58637001 27 38.31 -11 50 26.8                r~0Ns7E12
     K10U00K QC2010 10 20.58929701 27 34.56 -11 50 59.7                r~0Ns7E12
     K10U00K HC2010 11 01.20223 00 30 55.43 -20 37 28.1                o~0ORB291
     K10U00K HC2010 11 01.20607 00 30 54.99 -20 37 29.0                o~0ORB291
     K10U00K HC2010 11 01.20990 00 30 54.45 -20 37 31.2                o~0ORB291
