     K10D01G* C2010 02 17.21050 10 44 58.81 +04 03 11.4          20.6 Vo~0E1g691
     K10D01G  C2010 02 17.22811 10 44 53.03 +04 03 48.5          20.4 Vo~0E1g691
     K10D01G  C2010 02 17.24574 10 44 47.31 +04 04 25.1          20.6 Vo~0E1g691
     K10D01G tC2010 02 17.34522 10 44 14.70 +04 07 50.1          20.7 Vo~0E1g291
     K10D01G tC2010 02 17.35743 10 44 10.78 +04 08 14.5          20.6 Vo~0E1g291
     K10D01G  C2010 02 17.35937 10 44 09.80 +04 08 16.6          20.5 Ro~0E1gH01
     K10D01G  C2010 02 17.36524 10 44 07.88 +04 08 28.5          21.3 Ro~0E1gH01
     K10D01G  C2010 02 17.37209 10 44 05.65 +04 08 42.2          20.8 Ro~0E1gH01
     K10D01G  C2010 02 17.38013 10 44 03.05 +04 08 58.7          20.8 Ro~0E1gH01
     K10D01G tC2010 02 17.42094 10 43 50.08 +04 10 22.9          20.6 Vo~0E1g291
     K10D01G tC2010 02 17.42566 10 43 48.60 +04 10 33.0          20.7 Vo~0E1g291
     K10D01G tC2010 02 17.42947 10 43 47.39 +04 10 40.1          20.8 Vo~0E1g291
     K10D01G  C2010 02 17.47530 10 43 32.86 +04 12 12.3          20.7 Rc~0E1g926
     K10D01G  C2010 02 17.48010 10 43 31.42 +04 12 22.0          20.8 Rc~0E1g926
     K10D01G  C2010 02 17.48492 10 43 29.92 +04 12 30.7          20.9 Rc~0E1g926
     K10D01G tC2010 02 18.21414 10 40 10.73 +04 35 32.5          21.4 Vo~0E1g291
     K10D01G tC2010 02 18.21787 10 40 09.73 +04 35 40.2          21.1 Vo~0E1g291
     K10D01G tC2010 02 18.22192 10 40 08.48 +04 35 47.2          20.9 Vo~0E1g291
     K10D01G  C2010 02 18.22704 10 40 07.08 +04 35 56.2                o~0E1g291
     K10D01G  C2010 02 18.23147 10 40 05.77 +04 36 04.4                o~0E1g291
     K10D01G  C2010 02 18.23524 10 40 04.74 +04 36 11.0                o~0E1g291
     K10D01G  C2010 02 18.26461 10 39 56.34 +04 37 04.3          20.7 Rc~0E1g926
     K10D01G  C2010 02 18.26941 10 39 55.03 +04 37 13.2          20.4 Rc~0E1g926
     K10D01G  C2010 02 18.27422 10 39 53.69 +04 37 21.5          20.8 Rc~0E1g926
     K10D01G  C2010 02 18.27646710 39 51.49 +04 37 18.0          20.3 Vr~0E1gH21
     K10D01G  C2010 02 18.28676310 39 48.55 +04 37 36.4          20.4 Vr~0E1gH21
     K10D01G  C2010 02 19.29826910 35 38.81 +05 05 40.2          21.1 Vo~0E1gH21
     K10D01G HC2010 02 19.30957 10 35 37.30 +05 06 05.5                o~0E1g291
     K10D01G  C2010 02 19.31104710 35 35.60 +05 05 59.6          21.3 Vo~0E1gH21
     K10D01G  C2010 02 19.31352 10 35 36.26 +05 06 11.1                o~0E1g291
     K10D01G  C2010 02 19.32405110 35 32.39 +05 06 20.2          21.0 Vo~0E1gH21
     K10D01G  C2010 02 24.27651 10 21 22.02 +06 42 48.6                o~0E1g291
     K10D01G  C2010 02 24.28031 10 21 21.45 +06 42 51.8                o~0E1g291
     K10D01G HC2010 02 25.28820 10 19 19.34 +06 56 50.9                o~0E1g291
     K10D01G  C2010 02 25.29214 10 19 19.03 +06 56 53.9                o~0E1g291
     K10D01G HC2010 02 25.29601 10 19 18.58 +06 56 57.8                o~0E1g291
