     K10U00H* C2010 10 17.41946 02 01 44.11 +34 28 40.1          20.9 Vr~0Ns6G96
     K10U00H  C2010 10 17.42503 02 01 45.73 +34 27 56.1          20.6 Vr~0Ns6G96
     K10U00H  C2010 10 17.43066 02 01 47.46 +34 27 10.9          21.5 Vr~0Ns6G96
     K10U00H  C2010 10 17.43623 02 01 49.11 +34 26 26.0          21.0 Vr~0Ns6G96
     K10U00H  C2010 10 17.47359 02 02 00.74 +34 21 24.2          20.5 Vr~0Ns6G96
     K10U00H  C2010 10 17.47424 02 02 00.96 +34 21 19.0          20.7 Vr~0Ns6G96
     K10U00H  C2010 10 17.47490 02 02 01.14 +34 21 14.3          20.9 Vr~0Ns6G96
     K10U00H  C2010 10 17.47556 02 02 01.39 +34 21 08.7          21.4 Vr~0Ns6G96
     K10U00H KC2010 10 18.17609102 06 29.42 +33 00 37.3          20.5 Vr~0Ns6H21
     K10U00H KC2010 10 18.19052602 06 32.74 +32 59 09.8          20.6 Vr~0Ns6H21
     K10U00H KC2010 10 18.20387302 06 35.78 +32 57 47.5          20.7 Vr~0Ns6H21
     K10U00H  C2010 10 18.48329 02 07 41.77 +32 28 33.8          21.9 Vr~0Ns6G96
     K10U00H  C2010 10 18.48410 02 07 41.91 +32 28 28.9          20.6 Vr~0Ns6G96
     K10U00H  C2010 10 18.48492 02 07 42.13 +32 28 23.1          20.8 Vr~0Ns6G96
     K10U00H  C2010 10 18.48571 02 07 42.31 +32 28 18.3          21.1 Vr~0Ns6G96
     K10U00H KC2010 11 01.33029 02 31 06.82 +22 27 47.2                o~0ORB291
     K10U00H KC2010 11 01.34238 02 31 06.72 +22 27 32.2                o~0ORB291
     K10U00H KC2010 11 01.35435 02 31 06.74 +22 27 19.2                o~0ORB291
