     K10W09C* C2010 11 30.08059 23 09 18.97 +28 49 19.4          20.2 Vr~0PprG96
     K10W09C  C2010 11 30.08662 23 09 21.74 +28 50 15.1          19.9 Vr~0PprG96
     K10W09C  C2010 11 30.09264 23 09 24.44 +28 51 10.5          20.8 Vr~0PprG96
     K10W09C  C2010 11 30.09869 23 09 27.14 +28 52 06.1          20.1 Vr~0PprG96
     K10W09C  C2010 11 30.13350 23 09 42.87 +28 57 24.4          20.5 Vr~0PprG96
     K10W09C  C2010 11 30.13411 23 09 43.19 +28 57 30.8          20.7 Vr~0PprG96
     K10W09C  C2010 11 30.13473 23 09 43.47 +28 57 36.2          20.4 Vr~0PprG96
     K10W09C  C2010 11 30.19569 23 10 11.13 +29 06 45.7          20.5 Vr~0PprG96
     K10W09C  C2010 11 30.19635 23 10 11.48 +29 06 51.3          21.0 Vr~0PprG96
     K10W09C  C2010 11 30.19705 23 10 11.86 +29 06 58.9          21.5 Vr~0PprG96
     K10W09C  C2010 12 01.05855 23 17 02.36 +31 10 16.9          20.6 Vr~0PprG96
     K10W09C  C2010 12 01.05973 23 17 02.83 +31 10 26.8          20.6 Vr~0PprG96
     K10W09C  C2010 12 01.06032 23 17 03.12 +31 10 31.0          20.5 Vr~0PprG96
     K10W09C  C2010 12 01.06091 23 17 03.40 +31 10 36.3          21.3 Vr~0PprG96
     K10W09C KC2010 12 01.12270 23 17 28.21 +31 18 39.5          20.8 Ru~0PprH36
     K10W09C KC2010 12 01.14558 23 17 38.05 +31 21 39.5          20.6 Ru~0PprH36
     K10W09C  C2010 12 01.16322 23 17 46.24 +31 24 09.3          19.9 Ro~0PprH01
     K10W09C  C2010 12 01.17037 23 17 49.28 +31 25 05.2          21.0 Ro~0PprH01
     K10W09C  C2010 12 01.17847 23 17 52.72 +31 26 08.6          20.0 Ro~0PprH01
     K10W09C  C2010 12 01.18705 23 17 56.39 +31 27 15.4          20.5 Ro~0PprH01
     K10W09C KC2010 12 06.00783323 49 28.43 +39 20 36.1          21.7 Vo~0PprH21
     K10W09C KC2010 12 06.01733823 49 31.43 +39 21 16.9                o~0PprH21
     K10W09C KC2010 12 06.02679323 49 34.39 +39 21 57.8                o~0PprH21
     K10W09C 2C2010 12 07.23014923 56 10.208+40 42 42.93         21.2 Ro~0Ppr568
     K10W09C 2C2010 12 07.23110923 56 10.479+40 42 46.45         21.8 Ro~0Ppr568
     K10W09C 2C2010 12 07.23206123 56 10.757+40 42 49.98         21.2 Ro~0Ppr568
     K10W09C KC2010 12 08.04705700 00 26.20 +41 31 04.4                o~0PprH21
     K10W09C KC2010 12 08.05926100 00 29.64 +41 31 45.9          21.8 Vo~0PprH21
     K10W09C KC2010 12 08.07205300 00 33.26 +41 32 28.5          21.4 Vo~0PprH21
     K10W09C ]C2010 12 10.10734 00 10 31.69 +43 16 32.2          21.8 Vo~0Ppr695
     K10W09C ]C2010 12 10.11116 00 10 32.66 +43 16 42.7          21.6 Vo~0Ppr695
     K10W09C ]C2010 12 10.11243 00 10 32.99 +43 16 46.1          21.7 Vo~0Ppr695
     K10W09C ]C2010 12 10.11346 00 10 33.25 +43 16 48.9          21.8 Vo~0Ppr695
