     K10X73B* C2010 12 14.13028 02 16 53.79 +12 04 38.1          20.3 Vr~0QlBG96
     K10X73B  C2010 12 14.13263 02 16 54.12 +12 04 37.6          20.3 Vr~0QlBG96
     K10X73B  C2010 12 14.13495 02 16 54.37 +12 04 37.2          20.8 Vr~0QlBG96
     K10X73B  C2010 12 14.13727 02 16 54.69 +12 04 36.3          20.6 Vr~0QlBG96
     K10X73B  C2010 12 14.16006 02 16 57.38 +12 04 29.8          20.5 Ro~0QlBH01
     K10X73B  C2010 12 14.16777 02 16 58.35 +12 04 27.9          20.3 Ro~0QlBH01
     K10X73B  C2010 12 14.17848 02 16 59.66 +12 04 25.0          20.6 Ro~0QlBH01
     K10X73B  C2010 12 14.19197 02 17 01.34 +12 04 21.5          20.9 Ro~0QlBH01
     K10X73B  C2010 12 14.20076 02 17 02.50 +12 04 19.8          21.5 Vr~0QlBG96
     K10X73B  C2010 12 14.20204 02 17 02.68 +12 04 19.8          20.9 Vr~0QlBG96
     K10X73B  C2010 12 14.20332 02 17 02.86 +12 04 19.5          20.9 Vr~0QlBG96
     K10X73B  C2010 12 14.20458 02 17 03.04 +12 04 18.3          21.0 Vr~0QlBG96
     K10X73B  C2010 12 14.21205 02 17 03.97 +12 04 17.3          21.5 Vo~0QlB291
     K10X73B  C2010 12 14.21610 02 17 04.47 +12 04 16.7          21.4 Vo~0QlB291
     K10X73B  C2010 12 14.22001 02 17 04.96 +12 04 15.2          21.4 Vo~0QlB291
     K10X73B  C2010 12 15.21217 02 19 21.43 +12 00 09.9          21.1 Vr~0QlBG96
     K10X73B  C2010 12 15.21355 02 19 21.64 +12 00 09.6          20.9 Vr~0QlBG96
     K10X73B  C2010 12 15.21496 02 19 21.79 +12 00 09.0          20.8 Vr~0QlBG96
     K10X73B  C2010 12 15.21630 02 19 22.11 +12 00 08.7          22.0 Vr~0QlBG96
