     K10F00D* C2010 03 16.34477 11 24 28.29 +06 34 51.7          20.3 Vr~0F8KG96
     K10F00D  C2010 03 16.35314 11 24 34.02 +06 34 11.3          20.6 Vr~0F8KG96
     K10F00D  C2010 03 16.36147 11 24 39.70 +06 33 30.8          20.4 Vr~0F8KG96
     K10F00D  C2010 03 16.36983 11 24 45.50 +06 32 51.1          20.1 Vr~0F8KG96
     K10F00D  C2010 03 16.38529 11 24 56.16 +06 31 36.3          20.8 Vr~0F8KG96
     K10F00D  C2010 03 16.38589 11 24 56.59 +06 31 33.6          20.4 Vr~0F8KG96
     K10F00D  C2010 03 16.38650 11 24 57.02 +06 31 30.3          20.6 Vr~0F8KG96
     K10F00D  C2010 03 16.38711 11 24 57.45 +06 31 27.4          20.6 Vr~0F8KG96
     K10F00D KC2010 03 16.91873 11 31 39.41 +05 47 42.2          20.0 Rw~0F8KB04
     K10F00D KC2010 03 16.94962 11 32 01.60 +05 45 08.4          20.1 Rw~0F8KB04
     K10F00D KC2010 03 16.96112 11 32 09.85 +05 44 11.1          20.5 Rw~0F8KB04
     K10F00D tC2010 03 18.28406 11 49 25.75 +03 49 20.5          20.4 Vo~0F8K291
     K10F00D tC2010 03 18.28842 11 49 29.19 +03 48 56.3          20.4 Vo~0F8K291
     K10F00D tC2010 03 18.29228 11 49 31.97 +03 48 35.7          20.3 Vo~0F8K291
     K10F00D KC2010 03 18.33399 11 50 01.74 +03 44 32.2          20.4 Ru~0F8KH36
     K10F00D KC2010 03 18.33976 11 50 06.20 +03 44 01.1          20.2 Ru~0F8KH36
     K10F00D  C2010 03 18.34488 11 50 09.33 +03 43 30.9          20.5 Vo~0F8KH21
     K10F00D KC2010 03 18.34552 11 50 10.61 +03 43 29.2          20.1 Ru~0F8KH36
     K10F00D  C2010 03 18.34656 11 50 10.63 +03 43 22.2          20.1 Vo~0F8KH21
     K10F00D  C2010 03 18.34824211 50 11.89 +03 43 12.5          20.3 Vr~0F8KH21
     K10F00D  C2010 03 18.35039 11 50 13.56 +03 43 01.4          20.5 Vo~0F8KH21
     K10F00D KC2010 03 18.35129 11 50 15.26 +03 42 57.0          20.3 Ru~0F8LH36
     K10F00D  C2010 03 18.35169611 50 14.55 +03 42 53.9          20.1 Vr~0F8LH21
     K10F00D  C2010 03 18.41233 11 51 03.31 +03 37 37.9          20.6 Rc~0F8L926
     K10F00D  C2010 03 18.41573 11 51 05.99 +03 37 19.3          20.6 Rc~0F8L926
     K10F00D  C2010 03 18.41912 11 51 08.63 +03 37 00.7          20.7 Rc~0F8L926
     K10F00D tC2010 03 19.21185 12 02 12.09 +02 22 58.0          20.3 Vo~0F8L291
     K10F00D tC2010 03 19.21558 12 02 15.04 +02 22 36.4          20.4 Vo~0F8L291
     K10F00D tC2010 03 19.21976 12 02 18.56 +02 22 11.2                o~0F8L291
     K10F00D  C2010 03 20.45750 12 19 44.53 +00 21 26.7          20.2 Rc~0FTv926
     K10F00D  C2010 03 20.46160 12 19 47.83 +00 21 02.6          20.4 Rc~0FTv926
     K10F00D  C2010 03 24.32603 13 17 14.62 -06 09 17.9          20.3 Rc~0FTv926
     K10F00D  C2010 03 24.33565 13 17 22.69 -06 10 14.9          19.8 Rc~0FTv926
     K10F00D  C2010 03 24.34045 13 17 26.66 -06 10 43.6          19.9 Rc~0FTv926
     K10F00D 2C2010 04 06.52678915 44 46.619-19 38 33.24         22.2 Ro~0Gu1568
     K10F00D 2C2010 04 06.52982415 44 47.764-19 38 38.41         22.2 Ro~0Gu1568
     K10F00D 2C2010 04 06.53285815 44 48.900-19 38 43.57         22.1 Ro~0Gu1568
     K10F00D KC2010 04 14.39585 16 24 46.83 -22 01 26.1          22.8 Ro~0GDpH01
     K10F00D KC2010 04 14.40560 16 24 48.64 -22 01 32.8          22.7 Ro~0GDpH01
     K10F00D KC2010 04 14.41727 16 24 50.79 -22 01 40.6          22.9 Ro~0GDpH01
     K10F00D KC2010 04 15.42086 16 28 15.21 -22 12 17.5          23.1 Ro~0GDpH01
     K10F00D KC2010 04 15.43863 16 28 18.18 -22 12 28.2          22.3 Ro~0GDpH01
     K10F00D KC2010 04 15.45123 16 28 20.28 -22 12 35.5          22.5 Ro~0GDpH01
