     K11SI9O* C2011 09 29.42352 01 24 39.02 +18 15 51.0          20.4 Vr~0YbXG96
     K11SI9O  C2011 09 29.43151 01 24 36.64 +18 15 57.5          20.9 Vr~0YbXG96
     K11SI9O  C2011 09 29.43963 01 24 34.30 +18 16 04.4          20.6 Vr~0YbXG96
     K11SI9O  C2011 09 29.44773 01 24 31.93 +18 16 10.8          20.4 Vr~0YbXG96
     K11SI9O  C2011 09 29.48455 01 24 21.67 +18 16 39.0          20.9 Vr~0YbXG96
     K11SI9O  C2011 09 29.48512 01 24 21.53 +18 16 39.6          20.6 Vr~0YbXG96
     K11SI9O  C2011 09 30.28831 01 22 03.61 +18 28 25.8          21.1 Vr~0YbXG96
     K11SI9O  C2011 09 30.28887 01 22 03.46 +18 28 26.1          20.9 Vr~0YbXG96
     K11SI9O  C2011 09 30.28999 01 22 03.25 +18 28 27.2          21.0 Vr~0YbXG96
     K11SI9O 7C2011 09 30.55480 01 21 11.17 +18 31 59.9          20.1 Rt~0YbXF65
     K11SI9O 7C2011 09 30.56161 01 21 09.67 +18 32 03.3                t~0YbXF65
     K11SI9O KC2011 10 01.22901501 19 47.28 +18 37 32.6          21.7 Vo~0YxBH21
     K11SI9O KC2011 10 01.23764501 19 45.74 +18 37 36.8          21.6 Vo~0YxBH21
     K11SI9O KC2011 10 01.24690801 19 44.02 +18 37 42.6          21.9 Vo~0YxBH21
     K11SI9O KC2011 10 02.18414501 18 03.12 +18 44 10.3          20.7 Vt~0YxBH21
     K11SI9O KC2011 10 02.19336401 18 01.79 +18 44 14.9          20.9 Vt~0YxBH21
     K11SI9O KC2011 10 02.20224601 18 00.54 +18 44 18.9          21.2 Vt~0YxBH21
     K11SI9O KC2011 10 02.21408301 17 58.81 +18 44 23.6          21.4 Vt~0YxBH21
     K11SI9O  C2011 10 02.44449 01 17 28.32 +18 45 44.1          20.5 Ro~0YxBH01
     K11SI9O  C2011 10 02.45113 01 17 27.48 +18 45 45.1          20.8 Ro~0YxBH01
     K11SI9O  C2011 10 02.46148 01 17 26.15 +18 45 46.3          21.0 Ro~0YxBH01
     K11SI9O  C2011 10 02.46682 01 17 25.50 +18 45 47.1          20.9 Ro~0YxBH01
     K11SI9O KC2011 10 04.24476401 15 16.50 +18 52 28.7          21.5 Vo~0YxBH21
     K11SI9O KC2011 10 04.25969301 15 14.97 +18 52 31.3          21.7 Vo~0YxBH21
     K11SI9O KC2011 10 04.27526501 15 13.33 +18 52 33.4          21.6 Vo~0YxBH21
     K11SI9O KC2011 10 05.24311401 14 17.73 +18 54 28.8          22.2 Vo~0YxBH21
     K11SI9O KC2011 10 05.25869801 14 16.32 +18 54 30.0          22.6 Vo~0YxBH21
     K11SI9O KC2011 10 05.27636901 14 14.74 +18 54 31.5          22.1 Vo~0YxBH21
     K11SI9O KC2011 10 06.30581401 13 22.78 +18 55 36.0          22.8 Vo~0YxBH21
     K11SI9O KC2011 10 06.32241101 13 21.51 +18 55 36.0          22.3 Vo~0YxBH21
     K11SI9O KC2011 10 06.33947801 13 20.19 +18 55 35.7          22.2 Vo~0YxBH21
