     K11SJ1E* C2011 09 30.41481 01 35 56.65 +18 31 56.6          20.2 Vr~0YxDG96
     K11SJ1E  C2011 09 30.41758 01 35 55.60 +18 32 15.6          20.5 Vr~0YxDG96
     K11SJ1E  C2011 09 30.42036 01 35 54.63 +18 32 34.2          20.5 Vr~0YxDG96
     K11SJ1E  C2011 09 30.42319 01 35 53.59 +18 32 53.9          20.2 Vr~0YxDG96
     K11SJ1E  C2011 09 30.47097 01 35 36.63 +18 38 15.3          20.5 Vr~0YxDG96
     K11SJ1E  C2011 09 30.47142 01 35 36.49 +18 38 17.8          20.2 Vr~0YxDG96
     K11SJ1E  C2011 09 30.47190 01 35 36.31 +18 38 21.2          20.4 Vr~0YxDG96
     K11SJ1E  C2011 09 30.50476 01 35 25.00 +18 41 58.7          20.2 Vr~0YxDG96
     K11SJ1E  C2011 09 30.50522 01 35 24.82 +18 42 01.9          20.7 Vr~0YxDG96
     K11SJ1E  C2011 09 30.50568 01 35 24.68 +18 42 04.5          20.4 Vr~0YxDG96
     K11SJ1E  C2011 09 30.50615 01 35 24.54 +18 42 08.2          20.9 Vr~0YxDG96
     K11SJ1E KC2011 09 30.88656 01 33 42.81 +19 22 22.7                u~0YxDJ95
     K11SJ1E KC2011 09 30.89742 01 33 39.51 +19 23 30.1                u~0YxDJ95
     K11SJ1E KC2011 09 30.90818 01 33 36.20 +19 24 38.4          20.0 Ru~0YxDJ95
     K11SJ1E KC2011 09 30.93903 01 33 25.51 +19 28 03.8          20.0 Vu~0YxD595
     K11SJ1E KC2011 09 30.94311 01 33 24.31 +19 28 29.7                u~0YxD595
     K11SJ1E KC2011 10 01.00736 01 33 03.96 +19 35 01.6          20.4 Rr~0YxD104
     K11SJ1E KC2011 10 01.01066 01 33 03.15 +19 35 16.5                t~0YxD204
     K11SJ1E KC2011 10 01.01470 01 33 01.65 +19 35 44.2                r~0YxD104
     K11SJ1E KC2011 10 01.02172 01 33 00.61 +19 36 25.5          20.6 Vv~0YxDI93
     K11SJ1E KC2011 10 01.03206 01 32 57.38 +19 37 26.6          20.1 Vv~0YxDI93
     K11SJ1E KC2011 10 01.03268 01 32 56.17 +19 37 27.0          20.0 Rt~0YxD204
     K11SJ1E KC2011 10 01.03904 01 32 55.14 +19 38 08.4          20.5 Vv~0YxDI93
     K11SJ1E  C2011 10 01.24107 01 32 04.35 +19 57 49.5          19.7 Ro~0YxDH01
     K11SJ1E  C2011 10 01.24894 01 32 01.92 +19 58 34.8          20.0 Ro~0YxDH01
     K11SJ1E  C2011 10 01.26169 01 31 58.02 +19 59 48.0          19.8 Ro~0YxDH01
     K11SJ1E  C2011 10 01.27175 01 31 54.97 +20 00 44.7          20.3 Ro~0YxDH01
     K11SJ1E  C2011 10 02.43878 01 27 11.24 +21 35 50.3          21.0 Ro~0YxDH01
     K11SJ1E  C2011 10 02.44731 01 27 09.18 +21 36 25.7          20.6 Ro~0YxDH01
     K11SJ1E  C2011 10 02.45356 01 27 07.65 +21 36 51.4          20.0 Ro~0YxDH01
     K11SJ1E  C2011 10 02.46461 01 27 05.03 +21 37 36.5          20.3 Ro~0YxDH01
     K11SJ1E  C2011 10 02.52091901 26 55.540+21 42 08.81         20.0 Rt~1g0vF51
     K11SJ1E KC2011 10 03.24872 01 24 35.51 +22 28 50.2          21.1 Vo~0YxDH21
     K11SJ1E KC2011 10 03.25130 01 24 34.94 +22 28 59.4          21.2 Vo~0YxDH21
     K11SJ1E KC2011 10 03.25782 01 24 33.50 +22 29 23.2          20.8 Vo~0YxDH21
     K11SJ1E KC2011 10 03.26010 01 24 33.01 +22 29 31.5          20.9 Vo~0YxDH21
     K11SJ1E KC2011 10 03.26239 01 24 32.50 +22 29 39.8          20.9 Vo~0YxDH21
