     K11U64A* C2011 10 22.26207 01 55 29.92 +09 22 29.4          19.5 Vr~0ZWtG96
     K11U64A  C2011 10 22.27020 01 55 32.70 +09 24 56.7          19.7 Vr~0ZWtG96
     K11U64A  C2011 10 22.27841 01 55 35.47 +09 27 25.1          19.9 Vr~0ZWtG96
     K11U64A  C2011 10 22.28662 01 55 38.13 +09 29 51.1          19.3 Vr~0ZWtG96
     K11U64A  C2011 10 22.31241 01 55 46.70 +09 37 31.1          19.9 Vr~0ZWtG96
     K11U64A  C2011 10 22.31376 01 55 47.17 +09 37 54.9          19.7 Vr~0ZWtG96
     K11U64A  C2011 10 22.31513 01 55 47.56 +09 38 18.9          20.0 Vr~0ZWtG96
     K11U64A HC2011 10 22.33691 01 55 54.86 +09 44 42.4                o~0ZWt291
     K11U64A HC2011 10 22.33848 01 55 55.40 +09 45 10.0                o~0ZWt291
     K11U64A HC2011 10 22.34004 01 55 55.93 +09 45 37.4                o~0ZWt291
     K11U64A  C2011 10 22.34629 01 55 56.99 +09 47 17.6          19.7 Ro~0ZWtH01
     K11U64A  C2011 10 22.35274 01 55 59.11 +09 49 09.3          20.6 Ro~0ZWtH01
     K11U64A  C2011 10 22.36020 01 56 01.57 +09 51 17.9          20.2 Ro~0ZWtH01
     K11U64A  C2011 10 22.36645 01 56 03.64 +09 53 05.2          20.6 Ro~0ZWtH01
     K11U64A KC2011 10 23.21760002 01 07.30 +13 18 58.9          21.3 Vt~0ZWtH21
     K11U64A KC2011 10 23.22540502 01 09.09 +13 20 34.0          20.7 Vt~0ZWtH21
     K11U64A KC2011 10 23.23297502 01 10.79 +13 22 06.8          21.0 Vt~0ZWtH21
     K11U64A HC2011 10 23.27997 02 01 25.96 +13 31 57.1                o~0ZWt291
     K11U64A HC2011 10 23.28164 02 01 26.23 +13 32 16.1                o~0ZWt291
     K11U64A HC2011 10 23.28330 02 01 26.66 +13 32 37.2                o~0ZWt291
     K11U64A  C2011 10 23.35822 02 01 41.76 +13 47 07.2          20.7 Ro~0ZWuH01
     K11U64A  C2011 10 23.36556 02 01 43.34 +13 48 31.2          20.5 Ro~0ZWuH01
     K11U64A  C2011 10 23.37199 02 01 44.73 +13 49 44.8          20.2 Ro~0ZWuH01
     K11U64A  C2011 10 23.37892 02 01 46.24 +13 51 03.6          20.1 Ro~0ZWuH01
