     K11Y62V* C2011 12 30.23271 05 24 41.36 +13 33 39.4          21.1 Vr~0c0AG96
     K11Y62V  C2011 12 30.23964 05 24 40.60 +13 33 38.9          20.8 Vr~0c0AG96
     K11Y62V  C2011 12 30.24661 05 24 39.92 +13 33 38.9          21.0 Vr~0c0AG96
     K11Y62V  C2011 12 30.29681 05 24 34.64 +13 33 34.1          21.5 Vr~0c0AG96
     K11Y62V  C2011 12 30.29751 05 24 34.59 +13 33 34.0          21.5 Vr~0c0AG96
     K11Y62V  C2011 12 30.29890 05 24 34.41 +13 33 34.0          21.2 Vr~0c0AG96
     K11Y62V  C2011 12 30.30350 05 24 33.95 +13 33 33.4          20.9 Vr~0c0AG96
     K11Y62V  C2011 12 30.30493 05 24 33.82 +13 33 32.8          21.6 Vr~0c0AG96
     K11Y62V %C2011 12 30.39209405 24 25.41 +13 33 29.2          21.1 Ro~0c0AF65
     K11Y62V %C2011 12 30.39431705 24 25.19 +13 33 29.0          21.6 Ro~0c0AF65
     K11Y62V %C2011 12 30.39657705 24 24.93 +13 33 28.8          21.7 Ro~0c0AF65
     K11Y62V %C2011 12 30.39882305 24 24.69 +13 33 28.6          21.3 Ro~0c0AF65
     K11Y62V  C2011 12 31.19819 05 23 08.08 +13 32 22.1          22.1 Vr~0c0AG96
     K11Y62V  C2011 12 31.20566 05 23 07.33 +13 32 21.2          21.1 Vr~0c0AG96
     K11Y62V  C2011 12 31.21311 05 23 06.57 +13 32 20.3          22.1 Vr~0c0AG96
     K11Y62V  C2011 12 31.22065 05 23 05.85 +13 32 20.2          21.5 Vr~0c0AG96
     K11Y62V  C2011 12 31.37039 05 22 51.02 +13 32 08.4          21.7 Vr~0c0AG96
     K11Y62V  C2011 12 31.37260 05 22 50.84 +13 32 08.3          21.5 Vr~0c0AG96
     K11Y62V  C2011 12 31.37486 05 22 50.59 +13 32 07.8          20.8 Vr~0c0AG96
     K11Y62V |C2012 01 01.11509 05 21 43.70 +13 31 34.9          22.2 Vo~0c0B807
     K11Y62V |C2012 01 01.12265 05 21 43.00 +13 31 34.3          22.1 Vo~0c0B807
     K11Y62V |C2012 01 01.13039 05 21 42.28 +13 31 33.8          22.3 Vo~0c0B807
     K11Y62V HC2012 01 02.17953 05 20 11.60 +13 30 24.2                o~0c0B291
     K11Y62V HC2012 01 02.18280 05 20 11.32 +13 30 24.5                o~0c0B291
     K11Y62V HC2012 01 02.18605 05 20 11.04 +13 30 24.0                o~0c0B291
     K11Y62V mC2012 01 03.19723 05 18 48.59 +13 29 45.0                o~0c0B291
     K11Y62V mC2012 01 03.20075 05 18 48.36 +13 29 44.9                o~0c0B291
     K11Y62V mC2012 01 03.20453 05 18 48.05 +13 29 45.5                o~0c0B291
     K11Y62V KC2012 01 13.34888 05 09 19.42 +13 34 26.3                o~0cjg291
     K11Y62V KC2012 01 13.36536 05 09 18.87 +13 34 27.3                o~0cjg291
     K11Y62V KC2012 01 13.38183 05 09 18.06 +13 34 28.4                o~0cjg291
     K11Y62V %C2012 01 14.24971 05 08 50.11 +13 35 43.9          22.6 Ro~0cSDF65
     K11Y62V %C2012 01 14.25319 05 08 49.99 +13 35 44.2          22.6 Ro~0cSDF65
     K11Y62V %C2012 01 14.25663 05 08 49.87 +13 35 44.4          22.0 Ro~0cSDF65
     K11Y62V %C2012 01 14.26012 05 08 49.75 +13 35 44.8          22.3 Ro~0cSDF65
     K11Y62V %C2012 01 14.26360 05 08 49.61 +13 35 45.0          22.3 Ro~0cSDF65
     K11Y62V %C2012 01 14.26705 05 08 49.50 +13 35 45.4          21.9 Ro~0cSDF65
     K11Y62V %C2012 01 14.27048 05 08 49.38 +13 35 45.7          21.9 Ro~0cSDF65
     K11Y62V %C2012 01 14.27393 05 08 49.25 +13 35 45.9          22.1 Ro~0cSDF65
     K11Y62V %C2012 01 14.27737 05 08 49.12 +13 35 46.2          22.4 Ro~0cSDF65
     K11Y62V %C2012 01 20.31533705 06 39.80 +13 46 53.3          22.6 Ro~0cSDF65
     K11Y62V %C2012 01 20.32119105 06 39.71 +13 46 54.1          23.1 Ro~0cSDF65
     K11Y62V %C2012 01 20.32703905 06 39.61 +13 46 55.1          22.8 Ro~0cSEF65
     K11Y62V %C2012 01 20.33289805 06 39.53 +13 46 55.7          22.5 Ro~0cSEF65
