     K11E04S* C2011 03 02.19847 09 28 38.82 +14 59 12.7          20.5 Vr~0TC5G96
     K11E04S  C2011 03 02.20740 09 28 32.88 +14 59 03.1          21.1 Vr~0TC5G96
     K11E04S  C2011 03 02.21625 09 28 27.26 +14 58 53.5          20.6 Vr~0TC5G96
     K11E04S  C2011 03 02.22520 09 28 21.32 +14 58 43.5          20.1 Vr~0TC5G96
     K11E04S  C2011 03 02.26149 09 27 57.74 +14 58 01.9          20.7 Vr~0TC5G96
     K11E04S KC2011 03 02.26173209 27 54.12 +14 57 40.0          19.9 Vr~0TC5H21
     K11E04S  C2011 03 02.26207 09 27 57.31 +14 58 01.3          20.6 Vr~0TC5G96
     K11E04S  C2011 03 02.26265 09 27 56.95 +14 58 00.6          21.0 Vr~0TC5G96
     K11E04S  C2011 03 02.26323 09 27 56.55 +14 58 00.3          20.7 Vr~0TC5G96
     K11E04S KC2011 03 02.26603709 27 51.36 +14 57 34.5          19.9 Vr~0TC5H21
     K11E04S KC2011 03 02.27015809 27 48.73 +14 57 29.4          20.3 Vr~0TC5H21
     K11E04S KC2011 03 02.27427809 27 46.05 +14 57 24.1          20.3 Vr~0TC5H21
     K11E04S KC2011 03 02.27857009 27 43.29 +14 57 18.9          20.2 Vr~0TC5H21
     K11E04S KC2011 03 02.28134809 27 41.51 +14 57 15.3          20.3 Vr~0TC5H21
     K11E04S  C2011 03 02.31874 09 27 20.08 +14 56 52.0          20.6 Vr~0TC5G96
     K11E04S  C2011 03 02.32607 09 27 15.26 +14 56 42.1          20.2 Vr~0TC5G96
     K11E04S  C2011 03 02.33349 09 27 10.44 +14 56 33.1          20.4 Vr~0TC5G96
     K11E04S  C2011 03 02.34091 09 27 05.58 +14 56 23.4          20.9 Vr~0TC5G96
     K11E04S  C2011 03 02.35085 09 26 59.05 +14 56 10.3          20.6 Vr~0TC5G96
     K11E04S  C2011 03 02.35893 09 26 53.76 +14 55 59.5          20.4 Vr~0TC5G96
     K11E04S  C2011 03 02.37521 09 26 43.11 +14 55 37.4          20.5 Vr~0TC5G96
     K11E04S  C2011 03 02.96789 09 20 37.22 +14 42 33.9          19.7 Rv~0TC5586
     K11E04S  C2011 03 02.96856 09 20 36.69 +14 42 33.2          19.8 Rv~0TC5586
     K11E04S  C2011 03 02.97009 09 20 35.68 +14 42 30.6          19.6 Rv~0TC5586
     K11E04S  C2011 03 02.97046 09 20 35.40 +14 42 30.2          19.7 Rv~0TC5586
     K11E04S  C2011 03 02.97083 09 20 35.15 +14 42 29.6          19.8 Rv~0TC5586
     K11E04S  C2011 03 02.97120 09 20 34.91 +14 42 29.2          19.7 Rv~0TC5586
     K11E04S  C2011 03 02.97157 09 20 34.61 +14 42 28.6          19.4 Rv~0TC5586
     K11E04S  C2011 03 02.97194 09 20 34.40 +14 42 28.4          19.7 Rv~0TC5586
     K11E04S  C2011 03 02.97231 09 20 34.08 +14 42 27.5          19.7 Rv~0TC5586
     K11E04S  C2011 03 02.97269 09 20 33.80 +14 42 26.6          19.5 Rv~0TC5586
     K11E04S tC2011 03 04.31195 09 04 41.85 +14 06 46.5          20.0 Vo~0TC5291
     K11E04S tC2011 03 04.31574 09 04 38.86 +14 06 40.1          20.8 Vo~0TC5291
     K11E04S tC2011 03 04.31957 09 04 35.50 +14 06 32.5          20.4 Vo~0TC5291
     K11E04S KC2011 03 04.88553 08 57 10.02 +13 46 37.8                u~0TYPJ95
     K11E04S KC2011 03 04.89084 08 57 05.33 +13 46 27.7          19.6 Ru~0TYPJ95
     K11E04S  C2011 03 05.14216 08 53 36.49 +13 37 59.5          19.9 Ro~0TYPH01
     K11E04S  C2011 03 05.14901 08 53 30.16 +13 37 44.5          20.1 Ro~0TYPH01
     K11E04S  C2011 03 05.15566 08 53 24.01 +13 37 30.0          19.8 Ro~0TYPH01
     K11E04S  C2011 03 05.16766 08 53 12.86 +13 37 03.9          20.5 Ro~0TYPH01
     K11E04S tC2011 03 05.24604 08 52 00.19 +13 34 10.7          20.7 Vo~0TYP291
     K11E04S tC2011 03 05.25376 08 51 53.09 +13 33 52.4          20.5 Vo~0TYP291
     K11E04S tC2011 03 06.22730 08 36 49.94 +12 51 25.7          20.3 Vo~0TYP291
     K11E04S tC2011 03 06.23118 08 36 45.87 +12 51 14.9          20.6 Vo~0TYP291
     K11E04S tC2011 03 06.23495 08 36 41.98 +12 51 05.1          20.3 Vo~0TYP291
