     K11U64C* C2011 10 22.31798 01 33 55.18 +23 56 27.3          19.0 Vr~0ZWuG96
     K11U64C  C2011 10 22.32400 01 33 45.07 +23 56 35.7          19.4 Vr~0ZWuG96
     K11U64C  C2011 10 22.33020 01 33 34.48 +23 56 45.4          20.5 Vr~0ZWuG96
     K11U64C  C2011 10 22.33637 01 33 23.97 +23 56 54.3          19.6 Vr~0ZWuG96
     K11U64C  C2011 10 22.37733 01 32 11.43 +23 57 28.8          18.7 Ro~0ZWuH01
     K11U64C  C2011 10 22.38427 01 31 59.23 +23 57 36.7          20.2 Ro~0ZWuH01
     K11U64C  C2011 10 22.39185 01 31 45.92 +23 57 44.7          19.7 Ro~0ZWuH01
     K11U64C  C2011 10 22.39803 01 31 35.03 +23 57 51.1          18.7 Ro~0ZWuH01
     K11U64C HC2011 10 22.41406 01 31 07.74 +23 58 35.7                o~0ZWu291
     K11U64C HC2011 10 22.41562 01 31 04.92 +23 58 36.9                o~0ZWu291
     K11U64C  C2011 10 22.41629 01 31 03.61 +23 58 31.1          19.8 Vr~0ZWuG96
     K11U64C  C2011 10 22.41670 01 31 02.89 +23 58 31.0          19.7 Vr~0ZWuG96
     K11U64C  C2011 10 22.41708 01 31 02.13 +23 58 31.5          19.9 Vr~0ZWuG96
     K11U64C HC2011 10 22.41718 01 31 02.15 +23 58 37.8                o~0ZWu291
     K11U64C  C2011 10 22.41748 01 31 01.45 +23 58 32.0          19.3 Vr~0ZWuG96
     K11U64C KC2011 10 22.76887 01 20 19.44 +24 06 22.0          19.1 Rr~0ZWuA17
     K11U64C KC2011 10 22.77931 01 19 53.26 +24 06 52.0          18.8 Rr~0ZWuA17
     K11U64C KC2011 10 22.78689 01 19 34.11 +24 07 13.3          18.9 Rr~0ZWuA17
     K11U64C KC2011 10 22.95102 01 11 38.16 +24 13 47.4          19.7 Vo~0ZWu611
     K11U64C KC2011 10 22.95312 01 11 31.26 +24 13 50.7          19.4 Vo~0ZWu611
     K11U64C KC2011 10 23.00777 01 08 25.81 +24 15 53.9          18.8 Rt~0ZWu204
     K11U64C KC2011 10 23.01248 01 08 09.28 +24 15 59.0                t~0ZWu204
     K11U64C KC2011 10 23.01724 01 07 52.44 +24 16 04.0                t~0ZWu204
     K11U64C KC2011 10 23.02199 01 07 35.56 +24 16 08.7                t~0ZWu204
     K11U64C KC2011 10 23.14659401 00 39.41 +24 21 10.5          19.1 Vt~0ZWuH21
     K11U64C KC2011 10 23.15032601 00 23.44 +24 21 17.7          19.0 Vt~0ZWuH21
     K11U64C KC2011 10 23.15405801 00 07.42 +24 21 25.2          19.1 Vt~0ZWuH21
     K11U64C KC2011 10 23.15791900 59 50.70 +24 21 32.1          19.3 Vt~0ZWuH21
     K11U64C  C2011 10 23.26767 00 51 27.05 +24 24 59.9          18.1 Ro~0ZWuH01
     K11U64C  C2011 10 23.27334 00 50 57.55 +24 25 01.9          18.2 Ro~0ZWuH01
     K11U64C  C2011 10 23.28172 00 50 13.48 +24 25 03.5          17.6 Ro~0ZWuH01
     K11U64C  C2011 10 23.28856 00 49 37.00 +24 25 03.7          17.8 Ro~0ZWuH01
     K11U64C KC2011 10 23.31090 00 47 50.82 +24 24 17.0          17.6 Rt~0ZWuG58
     K11U64C KC2011 10 23.31182 00 47 45.66 +24 24 16.8          17.9 Rt~0ZWuG58
     K11U64C KC2011 10 23.31275 00 47 40.53 +24 24 16.5          18.0 Rt~0ZWuG58
     K11U64C KC2011 10 23.31367 00 47 35.40 +24 24 16.4          17.8 Rt~0ZWuG58
     K11U64C KC2011 10 23.31460 00 47 30.22 +24 24 15.9          18.2 Rt~0ZWuG58
     K11U64C KC2011 10 23.31553 00 47 25.11 +24 24 15.9          17.5 Rt~0ZWuG58
     K11U64C KC2011 10 23.40883 00 38 05.80 +24 21 55.0          17.4 Rt~0ZWuG58
     K11U64C KC2011 10 23.40967 00 38 00.45 +24 21 52.6          17.4 Rt~0ZWuG58
     K11U64C KC2011 10 23.41050 00 37 55.12 +24 21 49.8          17.9 Rt~0ZWuG58
     K11U64C KC2011 10 23.41133 00 37 49.81 +24 21 47.3          17.8 Rt~0ZWuG58
     K11U64C KC2011 10 23.41216 00 37 44.42 +24 21 44.9          17.9 Rt~0ZWuG58
     K11U64C KC2011 10 24.08250222 12 01.24 +19 28 46.5          19.2 Vo~0ZWuH21
     K11U64C KC2011 10 24.08303722 11 47.65 +19 27 56.8          18.8 Vo~0ZWuH21
     K11U64C KC2011 10 24.08357522 11 33.95 +19 27 07.1          18.3 Vo~0ZWuH21
     K11U64C KC2011 10 24.08411222 11 20.25 +19 26 16.3          19.0 Vo~0ZWuH21
     K11U64C KC2011 10 24.08471922 11 04.75 +19 25 18.9          19.3 Vo~0ZWuH21
     K11U64C KC2011 10 24.08533522 10 49.03 +19 24 20.6          18.1 Vo~0ZWuH21
