     K11F23A* C2011 03 30.24897 12 35 19.50 -09 28 53.8          21.2 Vr~0U6zG96
     K11F23A  C2011 03 30.25424 12 35 30.15 -09 30 05.2          20.1 Vr~0U6zG96
     K11F23A  C2011 03 30.25950 12 35 40.77 -09 31 15.8          20.4 Vr~0U6zG96
     K11F23A  C2011 03 30.26608 12 35 53.80 -09 32 42.6          19.7 Vr~0U6zG96
     K11F23A  C2011 03 30.29165 12 36 45.86 -09 38 27.8          20.0 Vr~0U6zG96
     K11F23A  C2011 03 30.29211 12 36 46.69 -09 38 33.4          20.4 Vr~0U6zG96
     K11F23A  C2011 03 30.29259 12 36 47.66 -09 38 40.2          20.8 Vr~0U6zG96
     K11F23A  C2011 03 30.29302 12 36 48.60 -09 38 45.6          20.1 Vr~0U6zG96
     K11F23A  C2011 03 30.35378 12 38 57.58 -09 52 51.8          20.6 Vr~0U6zG96
     K11F23A  C2011 03 30.35426 12 38 58.63 -09 52 58.4          20.6 Vr~0U6zG96
     K11F23A  C2011 03 30.35473 12 38 59.64 -09 53 04.9          20.3 Vr~0U6zG96
     K11F23A  C2011 03 30.35520 12 39 00.64 -09 53 11.7          21.5 Vr~0U6zG96
     K11F23A  C2011 03 30.43806 12 42 12.27 -10 13 24.5          20.2 Vr~0U6zG96
     K11F23A  C2011 03 30.43854 12 42 13.50 -10 13 31.8          20.5 Vr~0U6zG96
     K11F23A  C2011 03 30.43902 12 42 14.65 -10 13 38.7          19.9 Vr~0U6zG96
     K11F23A  C2011 03 30.43950 12 42 15.80 -10 13 46.4          20.3 Vr~0U6zG96
     K11F23A  C2011 03 31.43243 14 08 16.40 -17 38 42.9          19.2 Vr~0U6zG96
     K11F23A  C2011 03 31.43268 14 08 18.67 -17 38 51.7          20.1 Vr~0U6zG96
     K11F23A  C2011 03 31.43299 14 08 21.55 -17 39 04.9          19.8 Vr~0U6zG96
     K11F23A  C2011 03 31.43325 14 08 24.14 -17 39 16.4          18.8 Vr~0U6zG96
     K11F23A  C2011 03 31.43355 14 08 27.02 -17 39 28.8          19.5 Vr~0U6zG96
