     K11U21D* C2011 10 18.41958 03 34 11.28 +17 45 14.9          18.7 Vr~0ZAnG96
     K11U21D  C2011 10 18.42484 03 34 00.12 +17 45 48.5          18.4 Vr~0ZAnG96
     K11U21D  C2011 10 18.43007 03 33 48.85 +17 46 21.9          18.6 Vr~0ZAnG96
     K11U21D  C2011 10 18.43532 03 33 37.62 +17 46 54.8          18.6 Vr~0ZAnG96
     K11U21D  C2011 10 18.45936 03 32 46.68 +17 49 20.1          18.3 Vr~0ZAnG96
     K11U21D  C2011 10 18.45995 03 32 45.31 +17 49 24.3          18.9 Vr~0ZAnG96
     K11U21D  C2011 10 18.46053 03 32 44.26 +17 49 27.0          18.4 Vr~0ZAnG96
     K11U21D  C2011 10 18.46111 03 32 42.97 +17 49 30.7          19.3 Vr~0ZAnG96
     K11U21D  C2011 10 18.46293 03 32 39.22 +17 49 41.0          18.2 Vr~0ZAnG96
     K11U21D  C2011 10 18.46877 03 32 27.09 +17 50 14.6          19.2 Vr~0ZAnG96
     K11U21D  C2011 10 18.46880 03 32 26.90 +17 50 18.4          18.7 Rc~0ZAn854
     K11U21D  C2011 10 18.47036 03 32 23.62 +17 50 28.4          18.5 Rc~0ZAn854
     K11U21D  C2011 10 18.47193 03 32 20.42 +17 50 36.5          18.5 Rc~0ZAn854
     K11U21D  C2011 10 18.47462 03 32 14.92 +17 50 47.7          18.4 Vr~0ZAnG96
     K11U21D  C2011 10 18.48046 03 32 02.76 +17 51 20.8          19.1 Vr~0ZAnG96
     K11U21D  C2011 10 18.50037 03 31 22.76 +17 53 06.9          19.2 Vr~0ZAnG96
     K11U21D  C2011 10 18.50171 03 31 19.84 +17 53 14.7          18.2 Vr~0ZAnG96
     K11U21D  C2011 10 18.50309 03 31 17.18 +17 53 21.8          18.9 Vr~0ZAnG96
     K11U21D  C2011 10 18.50446 03 31 14.26 +17 53 29.4          18.7 Vr~0ZAnG96
     K11U21D  C2011 10 19.31464 03 11 58.01 +19 17 59.9          19.2  c~0ZAn704
     K11U21D  C2011 10 19.32678 03 11 34.38 +19 19 11.8          19.0  c~0ZAn704
     K11U21D  C2011 10 19.33879 03 11 10.93 +19 20 20.6          19.3  c~0ZAo704
     K11U21D  C2011 10 19.35091 03 10 47.24 +19 21 28.7          19.3  c~0ZAo704
     K11U21D  C2011 10 19.36323 03 10 23.28 +19 22 34.4          18.9  c~0ZAo704
     K11U21D  C2011 10 19.55274 03 06 55.67 +19 36 59.4          19.2 Ro~0ZAo300
     K11U21D  C2011 10 19.55343 03 06 54.37 +19 37 03.6          19.0 Ro~0ZAo300
     K11U21D  C2011 10 19.55412 03 06 53.26 +19 37 08.8          19.1 Ro~0ZAo300
     K11U21D  C2011 10 19.55481 03 06 52.03 +19 37 12.8          19.1 Ro~0ZAo300
     K11U21D  C2011 10 19.55549 03 06 50.83 +19 37 17.5          19.1 Ro~0ZAo300
     K11U21D KC2011 10 19.86648 02 59 40.85 +19 55 53.3          18.2 Ru~0ZAoJ95
     K11U21D KC2011 10 19.86931 02 59 36.58 +19 56 10.6          18.3 Ru~0ZAoJ95
     K11U21D KC2011 10 19.87219 02 59 32.24 +19 56 29.2          18.7 Ru~0ZAoJ95
     K11U21D KC2011 10 19.97802 02 56 45.99 +20 09 03.5          19.0 Vu~0ZAoI93
     K11U21D KC2011 10 19.98406 02 56 35.64 +20 09 35.4          19.0 Vu~0ZAoI93
     K11U21D KC2011 10 19.99006 02 56 25.34 +20 10 06.8          18.9 Vu~0ZAoI93
     K11U21D |C2011 10 20.20553 02 51 37.41 +20 50 46.7          19.2 Vo~0ZAo807
     K11U21D |C2011 10 20.20741 02 51 34.07 +20 50 55.4          19.2 Vo~0ZAo807
     K11U21D |C2011 10 20.20934 02 51 30.63 +20 51 04.0          19.3 Vo~0ZAo807
     K11U21D |C2011 10 20.21105 02 51 27.59 +20 51 12.0          19.3 Vo~0ZAo807
     K11U21D |C2011 10 20.21254 02 51 24.96 +20 51 18.5          19.3 Vo~0ZAo807
     K11U21D KC2011 10 20.35939302 47 42.25 +20 38 17.9          18.4 Ru~0ZAoH36
     K11U21D KC2011 10 20.36289202 47 36.36 +20 38 29.2          18.6 Ru~0ZAoH36
     K11U21D KC2011 10 20.36446202 47 33.71 +20 38 34.8          18.3 Ru~0ZAoH36
     K11U21D KC2011 10 20.36606502 47 31.03 +20 38 39.5          18.6 Ru~0ZAoH36
     K11U21D  C2011 10 20.38017 02 47 23.56 +20 42 07.2          18.4 Vr~0ZAoG96
     K11U21D  C2011 10 20.38065 02 47 22.74 +20 42 09.0          18.5 Vr~0ZAoG96
     K11U21D  C2011 10 20.38111 02 47 21.91 +20 42 10.4          18.6 Vr~0ZAoG96
     K11U21D  C2011 10 20.38159 02 47 21.12 +20 42 12.2          18.6 Vr~0ZAoG96
     K11U21D KC2011 10 20.98271 02 35 40.39 +21 14 19.7                t~0ZAo204
     K11U21D KC2011 10 20.98882 02 35 31.02 +21 14 40.8                t~0ZAo204
     K11U21D KC2011 10 20.99494 02 35 21.61 +21 15 02.0          18.7 Rt~0ZAo204
     K11U21D KC2011 10 23.30271101 56 53.55 +22 45 59.2          18.9 Ru~0ZW5H36
     K11U21D KC2011 10 23.30524501 56 50.55 +22 46 01.7          18.7 Ru~0ZW5H36
     K11U21D KC2011 10 23.30800501 56 47.26 +22 46 04.4          18.8 Ru~0ZW5H36
     K11U21D |C2011 10 26.22857 01 22 38.44 +23 44 07.8          19.8 Vo~0ZW5807
     K11U21D |C2011 10 26.23419 01 22 33.56 +23 44 05.8          19.7 Vo~0ZW5807
     K11U21D |C2011 10 26.23982 01 22 28.73 +23 44 03.2          19.9 Vo~0ZW5807
     K11U21D KC2011 10 26.24037 01 23 11.09 +23 30 00.6          17.8 Ro~0ZW5G56
     K11U21D KC2011 10 26.25228 01 23 00.93 +23 30 14.7          18.7 Ro~0ZW5G56
     K11U21D KC2011 10 26.26527 01 22 49.92 +23 30 24.9          18.3 Ro~0ZW5G56
     K11U21D KC2011 10 27.01743 01 15 27.48 +23 32 58.5          19.4 Ru~0ZW5104
     K11U21D KC2011 10 27.02057 01 15 25.18 +23 32 57.0          19.4 Ru~0ZW5104
     K11U21D KC2011 10 27.02370 01 15 22.89 +23 32 56.0                u~0ZW5104
     K11U21D KC2011 10 29.00043 01 00 24.77 +23 37 22.4          19.3 Rt~0a0U204
     K11U21D KC2011 10 29.01435 01 00 16.61 +23 37 13.3                t~0a0U204
     K11U21D KC2011 10 29.02825 01 00 08.62 +23 37 03.0                t~0a0U204
     K11U21D KC2011 10 29.29502700 58 25.48 +23 38 38.1          19.7 Ru~0a0UH36
     K11U21D KC2011 10 29.30787100 58 17.90 +23 38 27.9          19.1 Ru~0a0UH36
     K11U21D KC2011 10 29.31421500 58 14.40 +23 38 23.3          19.4 Ru~0a0UH36
     K11U21D KC2011 10 30.29210 00 52 38.73 +23 38 36.4          19.3 Rt~0a0UG58
     K11U21D KC2011 10 30.30006 00 52 34.15 +23 38 34.1          19.3 Rt~0a0UG58
     K11U21D KC2011 10 30.30467 00 52 31.57 +23 38 32.4          19.6 Rt~0a0UG58
     K11U21D  C2011 10 31.09582 00 48 53.50 +23 35 53.3          20.1 Vo~0a0UG53
     K11U21D  C2011 10 31.10552 00 48 49.31 +23 36 02.1          20.5 Vo~0a0UG53
     K11U21D  C2011 10 31.11532 00 48 44.88 +23 36 10.8          20.3 Vo~0a0UG53
     K11U21D  C2011 10 31.12471 00 48 40.62 +23 36 19.4          20.2 Vo~0a0UG53
     K11U21D  C2011 10 31.13423 00 48 36.17 +23 36 26.5          19.7 Vo~0a0UG53
     K11U21D KC2011 11 02.09124600 39 31.22 +23 31 50.7          20.4 Vo~0a0UH21
     K11U21D KC2011 11 02.10119400 39 27.00 +23 31 53.5                o~0a0UH21
     K11U21D KC2011 11 02.11137100 39 22.59 +23 31 54.8          20.1 Vo~0a0UH21
     K11U21D KC2011 11 05.11360700 29 18.25 +23 22 40.1          21.6 Vo~0aSOH21
     K11U21D KC2011 11 05.12713600 29 13.76 +23 22 39.6          21.5 Vo~0aSOH21
     K11U21D KC2011 11 05.13848400 29 09.91 +23 22 38.6          21.1 Vo~0aSOH21
     K11U21D  C2011 11 17.22690 00 13 05.58 +22 51 04.9          21.1 Ro~0aSOH01
     K11U21D  C2011 11 17.23277 00 13 04.82 +22 51 02.4          21.3 Ro~0aSOH01
     K11U21D  C2011 11 17.24021 00 13 03.91 +22 50 59.0          21.4 Ro~0aSOH01
     K11U21D  C2011 11 17.24949 00 13 02.80 +22 50 54.6          21.9 Ro~0aSOH01
     K11U21D 2C2011 11 24.22792400 13 39.004+22 43 00.20               o~0ajh568
     K11U21D 2C2011 11 24.23165600 13 38.684+22 43 00.50         22.1 Ro~0ajh568
     K11U21D 2C2011 11 24.23538800 13 38.356+22 43 00.86         22.3 Ro~0ajh568
