     K11T00O* C2011 10 01.23672 23 41 05.67 -07 44 32.2          18.7  c~0YyJ704
     K11T00O  C2011 10 01.24970 23 40 59.82 -07 45 27.7          18.2  c~0YyJ704
     K11T00O  C2011 10 01.26268 23 40 54.01 -07 46 21.6          18.2  c~0YyJ704
     K11T00O  C2011 10 01.27565 23 40 48.27 -07 47 14.7          19.1  c~0YyJ704
     K11T00O  C2011 10 02.22376 23 38 36.55 -08 35 06.3          19.2  c~0YyJ704
     K11T00O  C2011 10 02.22390 23 38 36.49 -08 35 07.3          18.5  c~0YyJ704
     K11T00O  C2011 10 02.23679 23 38 32.80 -08 35 35.4          19.3  c~0YyJ704
     K11T00O  C2011 10 02.23693 23 38 32.83 -08 35 36.2          18.5  c~0YyJ704
     K11T00O  C2011 10 02.24991 23 38 29.14 -08 36 04.9          19.0  c~0YyJ704
     K11T00O  C2011 10 02.25005 23 38 29.12 -08 36 05.3          18.6  c~0YyJ704
     K11T00O  C2011 10 02.26297 23 38 25.47 -08 36 33.0          19.1  c~0YyJ704
     K11T00O  C2011 10 02.26311 23 38 25.45 -08 36 33.4          19.3  c~0YyJ704
     K11T00O  C2011 10 02.27607 23 38 21.87 -08 37 00.3          18.4  c~0YyJ704
     K11T00O  C2011 10 02.27621 23 38 21.83 -08 37 01.0          19.0  c~0YyJ704
     K11T00O KC2011 10 02.94258 23 37 24.32 -08 57 41.7          19.0 Ru~0YyJ157
     K11T00O KC2011 10 02.94466 23 37 25.60 -08 58 15.7          18.4 Rr~0YyJA17
     K11T00O KC2011 10 02.94551 23 37 23.73 -08 57 46.1          19.0 Ru~0YyJ157
     K11T00O KC2011 10 02.94842 23 37 23.17 -08 57 50.3          19.0 Ru~0YyJ157
     K11T00O KC2011 10 02.95052 23 37 24.50 -08 58 24.2          18.3 Rr~0YyJA17
     K11T00O KC2011 10 02.95637 23 37 23.41 -08 58 32.8          18.2 Rr~0YyJA17
     K11T00O KC2011 10 02.95694 23 37 26.50 -08 58 41.0                u~0YyJJ95
     K11T00O KC2011 10 02.96161 23 37 25.69 -08 58 47.8                u~0YyJJ95
     K11T00O KC2011 10 02.96632 23 37 24.80 -08 58 54.6          18.7 Ru~0YyJJ95
     K11T00O |C2011 10 02.99088 23 37 44.11 -08 50 44.8          19.3 Vo~0YyJ807
     K11T00O |C2011 10 02.99374 23 37 43.67 -08 50 49.8          19.3 Vo~0YyJ807
     K11T00O |C2011 10 02.99662 23 37 43.20 -08 50 55.4          19.2 Vo~0YyJ807
     K11T00O |C2011 10 02.99953 23 37 42.73 -08 51 00.6          19.0 Vo~0YyJ807
     K11T00O |C2011 10 03.00266 23 37 42.22 -08 51 06.2          19.4 Vo~0YyJ807
     K11T00O KC2011 10 03.00322 23 37 14.90 -08 59 36.9          19.1 Rw~0YyJB82
     K11T00O KC2011 10 03.00575 23 37 14.34 -08 59 41.1          18.4 Rw~0YyJB82
     K11T00O KC2011 10 03.00828 23 37 13.98 -08 59 44.1          18.0 Rw~0YyJB82
     K11T00O KC2011 10 03.82732 23 36 43.38 -09 15 53.7          19.6 Vu~0YyJ595
     K11T00O KC2011 10 03.84088 23 36 41.53 -09 16 08.4          19.5 Vu~0YyJ595
     K11T00O KC2011 10 05.09997 23 35 56.88 -09 32 03.2          20.5 Vo~0YyJH21
     K11T00O KC2011 10 05.10460 23 35 56.39 -09 32 05.6          19.5 Vo~0YyJH21
     K11T00O KC2011 10 05.10922 23 35 55.91 -09 32 08.5          20.1 Vo~0YyJH21
     K11T00O KC2011 10 05.11386 23 35 55.42 -09 32 11.2          20.4 Vo~0YyJH21
     K11T00O 2C2013 01 07.46344506 01 52.273-00 30 01.40         22.7 Rt~0nh2568
     K11T00O 2C2013 01 12.41299405 20 14.025-02 29 27.68         22.2 Rt~0nh2568
     K11T00O 2C2013 01 12.41672205 20 11.887-02 29 32.98         22.0 Rt~0nh2568
     K11T00O 2C2013 01 12.42045505 20 09.747-02 29 38.10         22.2 Rt~0nh2568
