     K12Q17V* C2012 08 24.29177 22 16 32.70 -17 15 35.0          17.4 Vr~0iHL703
     K12Q17V  C2012 08 24.29679 22 16 48.57 -17 17 25.6          17.6 Vr~0iHL703
     K12Q17V  C2012 08 24.30190 22 17 04.66 -17 19 18.9          17.4 Vr~0iHL703
     K12Q17V  C2012 08 24.30704 22 17 20.72 -17 21 09.0          18.8 Vr~0iHL703
     K12Q17V  C2012 08 24.33483 22 18 49.32 -17 31 27.7          17.5 Vr~0iHL703
     K12Q17V  C2012 08 24.33528 22 18 50.79 -17 31 37.5          17.4 Vr~0iHL703
     K12Q17V  C2012 08 24.33573 22 18 52.27 -17 31 47.6          17.5 Vr~0iHL703
     K12Q17V  C2012 08 24.33618 22 18 53.71 -17 31 57.6          17.5 Vr~0iHL703
     K12Q17V  C2012 08 24.36586 22 20 28.39 -17 42 47.7          17.6 Vr~0iHL703
     K12Q17V  C2012 08 24.36631 22 20 29.83 -17 42 56.8          17.6 Vr~0iHL703
     K12Q17V  C2012 08 24.36677 22 20 31.41 -17 43 08.2          17.5 Vr~0iHL703
     K12Q17V  C2012 08 24.36720 22 20 32.74 -17 43 16.3          17.6 Vr~0iHL703
     K12Q17V  C2012 08 24.57867 22 32 40.12 -18 59 57.8          17.8 Vu~0iHL900
     K12Q17V  C2012 08 24.58138 22 32 48.98 -19 00 56.8          17.8 Vu~0iHL900
     K12Q17V  C2012 08 24.58408 22 32 57.84 -19 01 55.0          17.9 Vu~0iHL900
     K12Q17V KC2012 08 24.93806 22 53 19.01 -21 04 16.2                u~0iHL595
     K12Q17V KC2012 08 24.93820 22 53 20.49 -21 04 12.8          17.4 Ru~0iHL104
     K12Q17V KC2012 08 24.94076 22 53 29.17 -21 05 04.2          17.2 Ru~0iHL104
     K12Q17V KC2012 08 24.94233 22 53 33.42 -21 05 42.2          18.0 Vu~0iHL595
     K12Q17V KC2012 08 24.94387 22 53 39.68 -21 06 06.3          17.4 Ru~0iHL104
     K12Q17V KC2012 08 24.94664 22 53 48.05 -21 07 07.9          18.0 Vu~0iHL595
     K12Q17V KC2012 08 25.26427023 12 20.31 -22 47 04.4          17.8 Vv~0iHLH21
     K12Q17V KC2012 08 25.26660223 12 28.26 -22 47 46.4          18.1 Vv~0iHLH21
     K12Q17V KC2012 08 25.26857723 12 34.93 -22 48 22.0          17.4 Vv~0iHLH21
     K12Q17V KC2012 08 25.27046923 12 41.38 -22 48 56.2          17.6 Vv~0iHLH21
     K12Q17V  C2012 08 25.29422 23 14 10.78 -22 55 30.9          17.8 Vr~0iHL703
     K12Q17V  C2012 08 25.29993 23 14 30.12 -22 57 14.2          17.6 Vr~0iHL703
     K12Q17V  C2012 08 25.30563 23 14 49.41 -22 58 56.1          17.7 Vr~0iHL703
     K12Q17V  C2012 08 25.31127 23 15 08.56 -23 00 38.2          17.7 Vr~0iHL703
     K12Q17V KC2012 08 25.31181323 15 01.74 -23 01 12.6          17.9 Vv~0iHLH21
     K12Q17V KC2012 08 25.31274723 15 04.88 -23 01 28.9          17.8 Vv~0iHLH21
     K12Q17V KC2012 08 25.31368123 15 08.05 -23 01 45.2          18.0 Vv~0iHLH21
     K12Q17V  C2012 08 25.31459 23 15 19.72 -23 01 36.7          17.8 Vr~0iHL703
     K12Q17V  C2012 08 25.31517 23 15 21.92 -23 01 47.9          17.6 Vr~0iHL703
     K12Q17V KC2012 08 25.31517723 15 13.11 -23 02 12.1          18.1 Vv~0iHLH21
     K12Q17V  C2012 08 25.31575 23 15 23.72 -23 01 57.6          17.5 Vr~0iHL703
     K12Q17V  C2012 08 25.31632 23 15 25.77 -23 02 07.7          17.5 Vr~0iHL703
     K12Q17V KC2012 08 25.31760623 15 21.36 -23 02 54.9          17.7 Vv~0iHLH21
     K12Q17V KC2012 08 25.31872823 15 25.19 -23 03 14.1          17.9 Vv~0iHLH21
     K12Q17V  C2012 08 25.48388 23 25 28.84 -23 43 18.9          17.8 Vr~0iHLE12
     K12Q17V  C2012 08 25.48458 23 25 31.26 -23 43 31.6          17.6 Vr~0iHLE12
     K12Q17V  C2012 08 25.48494 23 25 32.48 -23 43 37.9          18.2 Vr~0iHLE12
     K12Q17V  C2012 08 25.48530 23 25 33.70 -23 43 44.3          17.9 Vr~0iHLE12
     K12Q17V  C2012 08 25.62504 23 33 31.64 -24 28 06.4          17.9 Vu~0iHL900
     K12Q17V  C2012 08 25.62775 23 33 40.76 -24 28 49.2          18.0 Vu~0iHL900
     K12Q17V  C2012 08 25.63046 23 33 49.98 -24 29 32.3          18.4 Vu~0iHL900
     K12Q17V mC2012 08 26.34456 00 14 19.65 -27 05 46.6                o~0iHL291
     K12Q17V mC2012 08 26.34486 00 14 20.59 -27 05 49.1                o~0iHL291
     K12Q17V mC2012 08 26.34515 00 14 21.53 -27 05 52.5                o~0iHL291
     K12Q17V |C2012 08 27.25314 01 00 34.67 -28 59 50.3          19.3 Vu~0iHL807
     K12Q17V |C2012 08 27.25557 01 00 41.20 -29 00 03.7          19.5 Vu~0iHL807
     K12Q17V |C2012 08 27.25802 01 00 47.76 -29 00 17.2          19.3 Vu~0iHL807
     K12Q17V |C2012 08 27.26048 01 00 54.32 -29 00 30.6          19.4 Vu~0iHL807
     K12Q17V |C2012 08 27.26294 01 01 00.91 -29 00 44.2          19.2 Vu~0iHL807
     K12Q17V  C2012 08 27.63111 01 17 35.01 -29 27 42.9          18.7 Vr~0iHLE12
     K12Q17V  C2012 08 27.63979 01 17 56.18 -29 28 16.3          19.2 Vr~0iHLE12
     K12Q17V  C2012 08 27.64843 01 18 17.60 -29 28 51.6          18.5 Vr~0iHLE12
     K12Q17V  C2012 08 27.65735 01 18 39.67 -29 29 25.2          18.4 Vr~0iHLE12
     K12Q17V |C2012 08 29.24154 02 14 54.39 -30 01 07.3          19.6 Vu~0iVt807
     K12Q17V |C2012 08 29.24752 02 15 04.25 -30 01 07.4          19.5 Vu~0iVt807
     K12Q17V |C2012 08 29.25345 02 15 13.98 -30 01 07.6          19.5 Vu~0iVt807
