     K12V76V  C2012 11 13.43413 07 54 44.60 +19 16 55.0          19.8 Vr~0lMpG96
     K12V76V  C2012 11 13.44109 07 54 14.00 +19 19 03.6                r~0lMpG96
     K12V76V  C2012 11 13.44984 07 53 35.60 +19 21 43.3                r~0lMpG96
     K12V76V  C2012 11 13.45684 07 53 05.08 +19 23 49.7                r~0lMpG96
     K12V76V* C2012 11 13.50434 07 49 40.94 +19 37 35.4          18.9 Vr~0lMpG96
     K12V76V  C2012 11 13.50596 07 49 34.10 +19 38 02.5          19.1 Vr~0lMpG96
     K12V76V  C2012 11 13.50757 07 49 27.22 +19 38 29.9          19.0 Vr~0lMpG96
     K12V76V  C2012 11 13.53120 07 47 48.22 +19 44 59.1          19.3 Vr~0lMpG96
     K12V76V  C2012 11 13.53185 07 47 45.49 +19 45 09.2          18.9 Vr~0lMpG96
     K12V76V  C2012 11 13.53220 07 47 44.08 +19 45 15.3          19.3 Vr~0lMpG96
     K12V76V  C2012 11 14.46057 07 00 59.40 +22 32 10.8          19.1 Vr~0lMpG96
     K12V76V  C2012 11 14.46090 07 00 58.60 +22 32 13.0          19.2 Vr~0lMpG96
     K12V76V  C2012 11 14.46124 07 00 57.78 +22 32 15.2          19.3 Vr~0lMpG96
     K12V76V  C2012 11 14.46156 07 00 56.98 +22 32 17.3          19.0 Vr~0lMpG96
     K12V76V KC2012 11 15.27544806 35 59.11 +23 37 56.8          19.1 Vv~0lMpH21
     K12V76V IC2012 11 15.27965006 35 52.44 +23 38 12.6                v~0lMpH21
     K12V76V KC2012 11 15.28385806 35 45.73 +23 38 28.3          18.8 Vv~0lMpH21
     K12V76V KC2012 11 16.28928106 15 29.81 +24 20 12.0          19.9 Vu~0llNH21
     K12V76V KC2012 11 16.29143106 15 27.54 +24 20 16.4          20.4 Vu~0llNH21
     K12V76V KC2012 11 16.29358006 15 25.29 +24 20 20.8          20.2 Vu~0llNH21
     K12V76V 2C2012 11 16.40925306 13 42.359+24 24 29.84         19.9 Rt~0mQL568
     K12V76V FC2012 11 17.19033 06 02 54.64 +24 39 53.9          20.4 Rq~0llN204
     K12V76V FC2012 11 17.20452 06 02 44.10 +24 40 05.5                q~0llN204
     K12V76V KC2012 11 17.35123406 01 10.85 +24 43 08.6          20.5 Vu~0llNH21
     K12V76V KC2012 11 17.35471306 01 08.27 +24 43 12.0          20.6 Vu~0llNH21
     K12V76V KC2012 11 17.36968606 00 57.37 +24 43 25.2                v~0llNH21
     K12V76V KC2012 11 17.37426006 00 54.02 +24 43 29.1          19.4 Vv~0llNH21
     K12V76V IC2012 11 17.37827806 00 51.11 +24 43 32.3                v~0llNH21
     K12V76V KC2012 11 18.33817005 51 46.25 +24 55 17.0          20.1 Vv~0llNH21
     K12V76V KC2012 11 18.34246805 51 43.89 +24 55 19.6          19.5 Vv~0llNH21
     K12V76V IC2012 11 18.34686005 51 41.45 +24 55 22.0                v~0llNH21
     K12V76V IC2012 11 18.35121605 51 39.04 +24 55 23.6                v~0llNH21
     K12V76V KC2012 11 19.47422 05 43 38.37 +25 03 52.1          20.6 Ro~0llN291
     K12V76V KC2012 11 19.47554 05 43 37.89 +25 03 51.5          20.6 Ro~0llN291
     K12V76V KC2012 11 19.47752 05 43 37.03 +25 03 52.4          20.4 Ro~0llN291
     K12V76V  C2012 11 20.05731 05 40 21.79 +25 06 11.9          22.0 Ro~0llN033
     K12V76V  C2012 11 20.07566 05 40 15.33 +25 06 14.6          22.1 Ro~0llN033
     K12V76V KC2012 11 20.45289 05 38 17.17 +25 08 23.3          20.3 Ro~0llN291
     K12V76V KC2012 11 20.45439 05 38 16.51 +25 08 23.8          20.9 Ro~0llN291
     K12V76V KC2012 11 20.45588 05 38 16.14 +25 08 24.2                o~0llN291
     K12V76V KC2012 11 23.53126 05 26 45.51 +25 14 25.1                o~0llN291
     K12V76V KC2012 11 23.53438 05 26 44.97 +25 14 25.1                o~0llN291
     K12V76V KC2012 11 23.53749 05 26 44.31 +25 14 24.9          20.9 Ro~0llN291
     K12V76V KC2012 11 24.45607 05 24 19.39 +25 15 16.4                o~0llN291
     K12V76V KC2012 11 24.46094 05 24 18.53 +25 15 15.9          20.8 Ro~0llN291
     K12V76V 2C2012 11 26.61437405 19 35.667+25 15 48.00         22.0 Rt~0m80568
