     K12T20P* C2012 10 08.19843 00 58 27.04 +12 38 29.6          21.1 Vr~0jdSG96
     K12T20P  C2012 10 08.21675 00 58 39.64 +12 38 20.2          20.7 Vr~0jdSG96
     K12T20P  C2012 10 08.22594 00 58 45.84 +12 38 15.3          20.7 Vr~0jdSG96
     K12T20P  C2012 10 08.32355 00 59 49.59 +12 37 09.9          20.1 Vr~0jdSG96
     K12T20P  C2012 10 08.33319 00 59 55.75 +12 37 02.1          20.3 Vr~0jdSG96
     K12T20P  C2012 10 08.35244 01 00 08.02 +12 36 46.0          20.3 Vr~0jdSG96
     K12T20P  C2012 10 08.36405 01 00 14.45 +12 36 25.8          21.1 Ro~0jdSH01
     K12T20P  C2012 10 08.37101 01 00 18.96 +12 36 19.4          20.1 Ro~0jdSH01
     K12T20P  C2012 10 08.37822 01 00 23.63 +12 36 12.9          20.3 Ro~0jdSH01
     K12T20P  C2012 10 08.38714 01 00 29.41 +12 36 04.4          20.1 Ro~0jdSH01
     K12T20P KC2012 10 09.24895301 10 03.88 +12 25 55.4          20.5 Vv~0jdSH21
     K12T20P KC2012 10 09.25635501 10 07.41 +12 25 50.4          20.4 Vv~0jdSH21
     K12T20P KC2012 10 09.26375701 10 10.91 +12 25 45.1          20.7 Vv~0jdSH21
     K12T20P KC2012 10 09.27091801 10 14.30 +12 25 40.7          20.3 Vv~0jdSH21
     K12T20P KC2012 10 13.90691 01 36 26.39 +11 49 19.3          21.3 Rt~0jdSJ04
     K12T20P KC2012 10 13.92254 01 36 28.78 +11 49 15.9          21.5 Rt~0jdSJ04
     K12T20P KC2012 10 13.93821 01 36 31.00 +11 49 13.3          20.7 Rt~0jdSJ04
     K12T20P KC2012 10 14.28019 01 37 30.86 +11 47 13.2          21.8 Ro~0jdS291
     K12T20P KC2012 10 14.28696 01 37 31.73 +11 47 11.5          21.5 Ro~0jdS291
     K12T20P KC2012 10 14.29373 01 37 32.53 +11 47 09.7          21.3 Ro~0jdS291
     K12T20P KC2012 10 15.39171 01 40 29.51 +11 41 26.2          21.6 Ro~0jdS291
     K12T20P KC2012 10 15.39780 01 40 30.09 +11 41 23.8          21.4 Ro~0jdS291
     K12T20P KC2012 10 15.40389 01 40 30.74 +11 41 22.0          21.7 Ro~0jdS291
     K12T20P KC2012 10 16.28235201 42 37.31 +11 37 04.5          22.1 Vu~0jdSH21
     K12T20P KC2012 10 16.29118001 42 38.03 +11 37 01.8          22.3 Vu~0jdSH21
     K12T20P KC2012 10 16.29748801 42 38.52 +11 36 59.7          22.0 Vu~0jdSH21
