     K12B01Y* C2012 01 18.39002 08 14 21.87 +23 14 17.5          20.0 Vr~0cSWG96
     K12B01Y  C2012 01 18.39545 08 14 22.70 +23 14 21.5          20.5 Vr~0cSWG96
     K12B01Y  C2012 01 18.40095 08 14 23.49 +23 14 25.4          20.4 Vr~0cSWG96
     K12B01Y mC2012 01 18.45892 08 14 32.63 +23 15 07.7                o~0cSW291
     K12B01Y mC2012 01 18.46091 08 14 32.98 +23 15 09.1                o~0cSW291
     K12B01Y mC2012 01 18.46402 08 14 33.50 +23 15 11.1                o~0cSW291
     K12B01Y  C2012 01 19.39349 08 18 18.54 +23 31 24.6          20.1 Vr~0cSWG96
     K12B01Y  C2012 01 19.39469 08 18 18.79 +23 31 25.8          19.9 Vr~0cSXG96
     K12B01Y  C2012 01 19.39587 08 18 19.04 +23 31 26.8          20.0 Vr~0cSXG96
     K12B01Y  C2012 01 19.39704 08 18 19.33 +23 31 28.4          20.3 Vr~0cSXG96
     K12B01Y mC2012 01 20.50317 08 24 56.92 +23 59 03.2                o~0cSX291
     K12B01Y mC2012 01 20.50430 08 24 57.42 +23 59 04.9                o~0cSX291
     K12B01Y mC2012 01 20.50542 08 24 57.90 +23 59 06.6                o~0cSX291
     K12B01Y KC2012 01 21.89066 08 42 18.11 +25 02 55.3          18.0 Rc~0cjxB49
     K12B01Y KC2012 01 21.89507 08 42 22.81 +25 03 15.3          17.9 Rc~0cjxB49
     K12B01Y KC2012 01 21.89957 08 42 27.61 +25 03 35.8          17.6 Rc~0cjxB49
     K12B01Y  C2012 01 23.93413 11 31 27.64 +28 14 32.4          15.6 Vt~0cjxJ84
     K12B01Y  C2012 01 23.93527 11 31 48.14 +28 14 09.8          16.2 Vt~0cjxJ84
     K12B01Y  C2012 01 23.93542 11 31 50.85 +28 14 06.7          15.9 Vt~0cjxJ84
     K12B01Y  C2012 01 23.93587 11 31 58.89 +28 13 57.9          16.0 Vt~0cjxJ84
     K12B01Y KC2012 01 23.93625 11 32 05.91 +28 13 49.9          16.4 Vt~0cjxJ84
     K12B01Y  C2012 01 23.93663 11 32 12.67 +28 13 42.2          16.0 Vt~0cjxJ84
     K12B01Y KC2012 01 23.95036311 36 21.71 +28 08 39.4          16.4 Ru~0cjxJ95
     K12B01Y KC2012 01 23.95321611 37 14.36 +28 07 33.7          16.1 Ru~0cjxJ95
     K12B01Y KC2012 01 23.95601411 38 06.31 +28 06 27.7          16.2 Ru~0cjxJ95
     K12B01Y KC2012 01 23.98182111 46 17.49 +27 54 58.7          16.1 Ru~0cjxJ95
     K12B01Y KC2012 01 23.98530911 47 25.60 +27 53 13.3          16.9 Ru~0cjxJ95
     K12B01Y KC2012 01 24.01832511 58 30.84 +27 34 09.2          16.4 Ru~0cjxJ95
     K12B01Y KC2012 01 24.02209211 59 49.11 +27 31 40.1          16.2 Ru~0cjxJ95
     K12B01Y KC2012 01 24.07894212 20 28.87 +26 45 29.9          16.4 Ru~0cjxJ95
     K12B01Y KC2012 01 24.08134012 21 23.56 +26 43 10.0          16.5 Ru~0cjxJ95
     K12B01Y KC2012 01 24.08359412 22 15.13 +26 40 56.5          16.4 Ru~0cjxJ95
     K12B01Y KC2012 01 24.08575612 23 04.73 +26 38 47.2          16.6 Ru~0cjxJ95
     K12B01Y KC2012 01 24.08791212 23 54.34 +26 36 36.3          16.4 Ru~0cjxJ95
     K12B01Y KC2012 01 24.09006212 24 43.98 +26 34 24.2          16.9 Ru~0cjxJ95
     K12B01Y KC2012 01 24.09229712 25 35.77 +26 32 05.2          16.5 Ru~0cjxJ95
     K12B01Y KC2012 01 24.09459812 26 29.25 +26 29 39.6          17.0 Ru~0cjxJ95
     K12B01Y KC2012 01 24.09683212 27 21.27 +26 27 17.1          16.3 Ru~0cjxJ95
     K12B01Y KC2012 01 24.09896112 28 11.03 +26 24 59.5          16.1 Ru~0cjxJ95
     K12B01Y KC2012 01 24.10110012 29 01.18 +26 22 39.7          16.5 Ru~0cjxJ95
     K12B01Y KC2012 01 24.10354012 29 58.52 +26 19 57.1          16.5 Ru~0cjxJ95
     K12B01Y KC2012 01 24.10590612 30 54.37 +26 17 18.6          16.6 Ru~0cjxJ95
     K12B01Y KC2012 01 24.10810112 31 46.25 +26 14 49.7          16.4 Ru~0cjxJ95
