     K12P24K* c2012 08 13.41355 22 01 04.520-09 03 20.01         20.9 wL~0iGnF51
     K12P24K  c2012 08 13.42803 22 01 02.288-09 02 55.81         21.1 wL~0iGnF51
     K12P24K  c2012 08 13.44257 22 01 00.031-09 02 31.86         21.2 wL~0iGnF51
     K12P24K  c2012 08 13.45733 22 00 57.744-09 02 07.32         21.1 wL~0iGnF51
     K12P24K KC2012 08 16.01352 21 54 31.89 -07 44 25.3          20.0 Rt~0iGnJ04
     K12P24K KC2012 08 16.01792 21 54 31.09 -07 44 16.4          20.1 Rt~0iGnJ04
     K12P24K KC2012 08 16.02231 21 54 30.27 -07 44 08.3          19.4 Rt~0iGnJ04
     K12P24K KC2012 08 16.20236421 54 00.17 -07 38 12.3          20.9 Vt~0iGnH21
     K12P24K KC2012 08 16.20844321 53 59.06 -07 38 00.5          20.7 Vt~0iGnH21
     K12P24K KC2012 08 16.21376321 53 58.09 -07 37 49.8          20.8 Vt~0iGnH21
     K12P24K  C2012 08 18.93544 21 45 22.50 -05 55 43.8          20.2 Ro~0j6q033
     K12P24K  C2012 08 18.95932 21 45 17.19 -05 54 45.4          20.2 Ro~0j6q033
     K12P24K  C2012 08 18.98925 21 45 10.33 -05 53 28.6          20.3 Ro~0j6q033
     K12P24K  C2012 08 19.01313 21 45 04.99 -05 52 29.8          20.3 Ro~0j6q033
     K12P24K KC2012 08 19.08116 21 44 49.43 -05 49 34.1          19.6 Ru~0iGn104
     K12P24K KC2012 08 19.08679 21 44 48.09 -05 49 19.4          19.7 Ru~0iGn104
     K12P24K KC2012 08 19.08750 21 44 47.96 -05 49 17.7          19.8 Ru~0iGn104
     K12P24K KC2012 08 19.09243 21 44 46.81 -05 49 05.0                u~0iGn104
     K12P24K |C2012 08 19.22460 21 44 19.85 -05 42 20.5          20.0 Vu~0iGn807
     K12P24K |C2012 08 19.22753 21 44 19.15 -05 42 12.8          20.1 Vu~0iGn807
     K12P24K |C2012 08 19.23045 21 44 18.47 -05 42 05.2          20.1 Vu~0iGn807
     K12P24K |C2012 08 19.23349 21 44 17.75 -05 41 57.5          20.0 Vu~0iGn807
     K12P24K |C2012 08 19.23628 21 44 17.08 -05 41 50.5          20.1 Vu~0iGn807
     K12P24K KC2012 08 21.18483121 36 44.44 -04 12 53.3          20.2 Vt~0iGnH21
     K12P24K KC2012 08 21.18882221 36 43.37 -04 12 41.3          20.7 Vt~0iGnH21
     K12P24K KC2012 08 21.19281321 36 42.27 -04 12 29.4          20.4 Vt~0iGnH21
     K12P24K KC2012 08 21.19664221 36 41.22 -04 12 17.6          20.4 Vt~0iGnH21
     K12P24K  c2012 08 21.47529 21 35 27.989-03 57 52.69         20.5 gL~0iGnF51
     K12P24K  c2012 08 21.48637 21 35 24.873-03 57 18.57         20.3 rL~0iGnF51
     K12P24K  c2012 08 21.49682 21 35 21.921-03 56 46.25         20.5 rL~0iGnF51
     K12P24K mC2012 08 24.18672 21 22 27.26 -01 21 38.7                o~0iGn291
     K12P24K mC2012 08 24.18735 21 22 27.03 -01 21 36.2                o~0iGn291
     K12P24K mC2012 08 24.18796 21 22 26.81 -01 21 33.8                o~0iGn291
     K12P24K mC2012 08 25.15209 21 17 02.30 -00 16 23.6                o~0iGn291
     K12P24K mC2012 08 25.15260 21 17 02.10 -00 16 21.5                o~0iGn291
     K12P24K mC2012 08 25.15311 21 17 01.91 -00 16 19.2                o~0iGn291
     K12P24K KC2012 08 26.12980 21 11 03.74 +00 55 39.7          19.6 Ro~0iGn291
     K12P24K KC2012 08 26.13103 21 11 03.24 +00 55 45.1          19.5 Ro~0iGn291
     K12P24K KC2012 08 26.13225 21 11 02.75 +00 55 51.0          19.3 Ro~0iGn291
     K12P24K 2C2012 08 26.36920821 09 28.035+01 14 33.09         19.7 Rt~0iVZ568
     K12P24K 2C2012 08 26.37183121 09 26.910+01 14 45.58         19.6 Rt~0iVZ568
     K12P24K 2C2012 08 26.37444321 09 25.812+01 14 57.86         19.8 Rt~0iVZ568
     K12P24K KC2012 08 27.89516 20 58 47.14 +03 22 40.0                t~0iVZ204
     K12P24K KC2012 08 27.90784 20 58 41.10 +03 23 48.5          19.7 Rt~0iVZ204
     K12P24K KC2012 08 27.92340 20 58 33.69 +03 25 13.1                t~0iVZ204
     K12P24K KC2012 08 28.36615 20 55 06.38 +04 06 20.4          19.3 Ro~0iGn291
     K12P24K KC2012 08 28.36714 20 55 05.80 +04 06 26.0          19.2 Ro~0iGn291
     K12P24K KC2012 08 28.36813 20 55 05.41 +04 06 32.3          19.4 Ro~0iGn291
     K12P24K IC2012 09 08.84866 18 10 28.38 +30 34 23.8                u~0ia6204
     K12P24K KC2012 09 08.87003 18 09 58.79 +30 37 22.3          19.5 Ru~0ia6204
     K12P24K KC2012 09 08.89253 18 09 27.69 +30 40 29.5                u~0ia6204
     K12P24K KC2012 09 08.91371 18 08 58.50 +30 43 24.8                u~0ia6204
     K12P24K KC2012 09 08.95588 18 08 01.81 +30 49 08.7                u~0ia6J95
     K12P24K KC2012 09 08.96590 18 07 48.03 +30 50 30.3                u~0ia6J95
     K12P24K KC2012 09 08.97432 18 07 36.45 +30 51 40.8          19.6 Ru~0ia6J95
     K12P24K KC2012 09 14.11925 16 05 40.70 +38 42 52.4          20.9 Ro~0ik6291
     K12P24K KC2012 09 14.12676 16 05 30.10 +38 43 07.6                o~0ik6291
     K12P24K KC2012 09 14.13443 16 05 19.32 +38 43 22.4                o~0ik6291
     K12P24K KC2012 09 14.14682 16 05 01.92 +38 43 46.1          21.5 Ro~0ik6291
     K12P24K KC2012 09 14.15421 16 04 51.61 +38 43 59.7          21.6 Ro~0ik6291
     K12P24K KC2012 09 14.16056 16 04 42.73 +38 44 11.7          21.3 Ro~0ik6291
     K12P24K 2C2012 09 14.22910516 03 10.758+38 47 20.22         21.3 Rt~0ia6568
     K12P24K 2C2012 09 14.23007216 03 09.396+38 47 22.05         21.3 Rt~0ia6568
     K12P24K 2C2012 09 14.23274316 03 05.630+38 47 26.90         21.5 Rt~0ia6568
     K12P24K KC2012 09 15.11277 15 43 38.71 +39 11 07.7          21.4 Ro~0ik6291
     K12P24K KC2012 09 15.12289 15 43 25.19 +39 11 16.5          21.9 Ro~0ik6291
     K12P24K KC2012 09 16.14513 15 22 10.27 +39 22 54.7          21.8 Ro~0ik6291
     K12P24K KC2012 09 16.15527 15 21 57.94 +39 22 53.9          21.8 Ro~0ik6291
     K12P24K KC2012 09 16.16533 15 21 45.82 +39 22 52.1          22.2 Ro~0ik6291
