     K12X55L* C2012 12 08.18943 04 01 08.61 +19 02 55.6          20.0 Vr~0mRpG96
     K12X55L  C2012 12 08.19471 04 01 01.59 +19 02 50.8          20.6 Vr~0mRpG96
     K12X55L  C2012 12 08.20002 04 00 54.50 +19 02 45.9          20.1 Vr~0mRpG96
     K12X55L  C2012 12 08.20531 04 00 47.37 +19 02 40.6          20.6 Vr~0mRpG96
     K12X55L  C2012 12 08.21657 04 00 32.33 +19 02 29.5          20.7 Vr~0mRpG96
     K12X55L  C2012 12 08.21713 04 00 31.50 +19 02 28.6          21.2 Vr~0mRpG96
     K12X55L  C2012 12 08.21767 04 00 30.64 +19 02 29.1                r~0mRpG96
     K12X55L HC2012 12 08.31006 03 58 22.40 +19 00 40.8          20.4 Ro~0mRp291
     K12X55L HC2012 12 08.31132 03 58 20.66 +19 00 38.7          20.7 Ro~0mRp291
     K12X55L HC2012 12 08.31257 03 58 19.00 +19 00 36.7          21.1 Ro~0mRp291
     K12X55L  C2012 12 09.17023 03 33 20.65 +18 30 44.6          20.1 Vr~0mRpG96
     K12X55L  C2012 12 09.17093 03 33 19.02 +18 30 41.9          20.9 Vr~0mRpG96
     K12X55L  C2012 12 09.17227 03 33 15.88 +18 30 37.6          20.7 Vr~0mRpG96
     K12X55L  C2012 12 10.16799 02 34 33.09 +16 32 17.8          19.1 Vr~0mRpG96
     K12X55L  C2012 12 10.16826 02 34 31.62 +16 32 13.8          19.4 Vr~0mRpG96
     K12X55L  C2012 12 10.16884 02 34 28.48 +16 32 06.3          19.9 Vr~0mRpG96
