     K12B14L* C2012 01 21.37429 07 18 41.21 +27 44 15.3          19.9 Vr~0ck6G96
     K12B14L  C2012 01 21.37615 07 18 44.77 +27 44 31.0          20.2 Vr~0ck6G96
     K12B14L  C2012 01 21.37709 07 18 46.62 +27 44 39.1          19.4 Vr~0ck6G96
     K12B14L  C2012 01 21.38992 07 19 11.13 +27 46 23.7          20.2 Vr~0ck6G96
     K12B14L  C2012 01 21.39064 07 19 12.46 +27 46 30.0          19.8 Vr~0ck6G96
     K12B14L  C2012 01 21.39121 07 19 13.58 +27 46 34.3          20.0 Vr~0ck6G96
     K12B14L  C2012 01 21.41206 07 19 52.75 +27 49 16.8          19.9 Vr~0ck6G96
     K12B14L  C2012 01 21.41444 07 19 57.21 +27 49 35.5          20.2 Vr~0ck6G96
     K12B14L  C2012 01 21.44419 07 20 51.82 +27 53 13.2          19.9 Vr~0ck6G96
     K12B14L  C2012 01 21.44536 07 20 54.02 +27 53 21.8          19.8 Vr~0ck6G96
     K12B14L  C2012 01 21.44594 07 20 55.06 +27 53 26.0          20.3 Vr~0ck6G96
     K12B14L  C2012 01 21.45340 07 21 08.56 +27 54 18.1          20.2 Vr~0ck6G96
     K12B14L  C2012 01 21.46149 07 21 23.14 +27 55 14.3          20.2 Vr~0ck6G96
     K12B14L  C2012 01 21.49212 07 22 17.65 +27 58 36.7          20.7 Vr~0ck6G96
     K12B14L  C2012 01 21.49245 07 22 18.22 +27 58 39.2          20.2 Vr~0ck6G96
     K12B14L  C2012 01 21.49278 07 22 18.80 +27 58 40.6          19.9 Vr~0ck6G96
     K12B14L  C2012 01 21.49310 07 22 19.30 +27 58 43.2          19.9 Vr~0ck6G96
