     K12XB2B* C2012 12 11.37996 05 27 00.43 +21 31 41.7          19.0 Vr~0mSnG96
     K12XB2B  C2012 12 11.38711 05 26 57.48 +21 33 34.3          19.1 Vr~0mSnG96
     K12XB2B  C2012 12 11.39417 05 26 54.56 +21 35 24.3          19.3 Vr~0mSnG96
     K12XB2B  C2012 12 11.40140 05 26 51.68 +21 37 16.3          19.5 Vr~0mSnG96
     K12XB2B  C2012 12 11.44914 05 26 34.24 +21 49 35.1          19.8 Vr~0mSnG96
     K12XB2B  C2012 12 11.45024 05 26 33.88 +21 49 52.7                r~0mSnG96
     K12XB2B  C2012 12 11.45081 05 26 33.73 +21 49 59.9          19.4 Vr~0mSnG96
     K12XB2B  C2012 12 11.45137 05 26 33.55 +21 50 09.7          19.1 Vr~0mSnG96
     K12XB2B  C2012 12 11.48823 05 26 22.95 +21 59 38.9          20.4 Vr~0mSnG96
     K12XB2B  C2012 12 11.48879 05 26 22.84 +21 59 47.6          19.6 Vr~0mSnG96
     K12XB2B  C2012 12 11.48934 05 26 22.74 +21 59 57.0          19.5 Vr~0mSnG96
     K12XB2B KC2012 12 12.03316 05 26 32.33 +25 07 30.1                t~0mtD204
     K12XB2B KC2012 12 12.04266 05 26 27.84 +25 11 17.7          19.2 Rt~0mtD204
     K12XB2B KC2012 12 12.22411405 26 53.39 +26 34 46.3          19.4 Vr~0mSnH21
     K12XB2B KC2012 12 12.22685805 26 51.83 +26 36 05.6          19.5 Vr~0mSnH21
     K12XB2B KC2012 12 12.23077305 26 49.53 +26 37 58.6          19.4 Vr~0mSnH21
     K12XB2B KC2012 12 12.24658 05 26 51.46 +26 45 48.6          19.3 Rq~0mSnH36
     K12XB2B KC2012 12 12.25154 05 26 48.51 +26 48 13.8          19.5 Rq~0mSnH36
     K12XB2B KC2012 12 12.25698 05 26 45.35 +26 50 52.6          19.4 Rq~0mSnH36
     K12XB2B KC2012 12 12.28579505 26 40.28 +27 08 26.4          19.0 Rt~0mSn711
     K12XB2B KC2012 12 12.28748005 26 39.11 +27 09 16.3          19.0 Rt~0mSn711
     K12XB2B KC2012 12 12.28883705 26 38.24 +27 09 57.3          19.0 Rt~0mSn711
     K12XB2B KC2012 12 12.29041605 26 37.21 +27 10 45.2          19.1 Rt~0mSn711
     K12XB2B KC2012 12 13.04092 05 26 59.24 +35 35 26.1          19.6 Vu~0mSnH75
     K12XB2B KC2012 12 13.04273 05 26 58.59 +35 37 18.1          18.9 Vu~0mSnH75
     K12XB2B KC2012 12 13.04445 05 26 57.86 +35 39 03.0          19.0 Vu~0mSnH75
     K12XB2B KC2012 12 13.08433 05 26 36.52 +36 20 42.1          18.9 Vu~0mSnH75
     K12XB2B KC2012 12 13.08534 05 26 35.91 +36 21 46.6          18.7 Vu~0mSnH75
     K12XB2B KC2012 12 13.08635 05 26 35.27 +36 22 50.4          19.2 Vu~0mSnH75
     K12XB2B KC2012 12 13.09720705 23 57.72 +36 30 54.6          17.8 Ru~0mSnJ95
     K12XB2B KC2012 12 13.09965505 23 55.79 +36 33 14.1          18.5 Ru~0mSnJ95
     K12XB2B KC2012 12 13.10216505 23 53.81 +36 35 37.8          18.1 Ru~0mSnJ95
     K12XB2B  C2012 12 13.16698 05 26 38.50 +37 50 33.4          19.1 Vr~0mSnG96
     K12XB2B  C2012 12 13.16723 05 26 38.32 +37 50 51.3          18.1 Vr~0mSnG96
     K12XB2B  C2012 12 13.16750 05 26 38.14 +37 51 09.9          17.8 Vr~0mSnG96
     K12XB2B  C2012 12 13.16854 05 26 37.32 +37 52 22.6          17.9 Vr~0mSnG96
     K12XB2B  C2012 12 13.16909 05 26 36.96 +37 53 00.3          18.1 Vr~0mSnG96
     K12XB2B  C2012 12 13.16936 05 26 36.74 +37 53 19.3          17.7 Vr~0mSnG96
     K12XB2B  C2012 12 13.16963 05 26 36.56 +37 53 37.8          18.1 Vr~0mSnG96
     K12XB2B  C2012 12 13.17093 05 26 35.55 +37 55 08.8          17.9 Vr~0mSnG96
     K12XB2B  C2012 12 13.17141 05 26 35.16 +37 55 43.2          18.6 Vr~0mSnG96
     K12XB2B  C2012 12 13.17167 05 26 35.01 +37 56 01.2          18.9 Vr~0mSnG96
     K12XB2B KC2012 12 13.19586105 25 17.03 +38 23 37.4          18.6 Vu~0mSnH21
     K12XB2B KC2012 12 13.19720205 25 15.59 +38 25 09.5          18.7 Vu~0mSnH21
     K12XB2B KC2012 12 13.20202805 25 10.43 +38 30 40.0          18.5 Vu~0mSnH21
     K12XB2B KC2012 12 13.20676905 25 05.34 +38 36 05.6          19.1 Vu~0mSnH21
     K12XB2B KC2012 12 13.20912305 25 02.77 +38 38 47.6          19.0 Vu~0mSnH21
     K12XB2B  C2012 12 13.34448 05 23 15.07 +41 26 51.0          18.7 Vr~0mSnG96
     K12XB2B  C2012 12 13.34501 05 23 14.31 +41 27 31.2          17.6 Vr~0mSnG96
     K12XB2B  C2012 12 13.34528 05 23 13.92 +41 27 51.9          17.9 Vr~0mSnG96
     K12XB2B  C2012 12 13.34556 05 23 13.52 +41 28 13.4          18.7 Vr~0mSnG96
     K12XB2B 2C2012 12 13.49832205 21 30.410+45 11 29.61         18.3 Rt~0mSn568
     K12XB2B 2C2012 12 13.49892205 21 29.347+45 12 22.49         18.4 Rt~0mSn568
     K12XB2B 2C2012 12 13.49942705 21 28.455+45 13 06.69         18.5 Rt~0mSn568
     K12XB2B 2C2012 12 13.49997105 21 27.502+45 13 54.49         18.0 Rt~0mSn568
     K12XB2B 2C2012 12 13.50055305 21 26.472+45 14 45.76         19.2 Rt~0mSn568
     K12XB2B 2C2012 12 13.50108605 21 25.528+45 15 32.59         18.2 Rt~0mSn568
     K12XB2B 2C2012 12 13.50166405 21 24.505+45 16 23.48         17.8 Rt~0mSn568
     K12XB2B 2C2012 12 13.50234405 21 23.330+45 17 23.16         19.5 Rt~0mSn568
     K12XB2B 2C2012 12 13.50313005 21 21.922+45 18 32.46         18.7 Rt~0mSn568
     K12XB2B 2C2012 12 13.50396605 21 20.445+45 19 45.93         19.0 Rt~0mSn568
     K12XB2B KC2012 12 14.25146905 01 01.78 +75 36 13.6          18.5 Vu~0mtDH21
     K12XB2B KC2012 12 14.25258005 00 47.93 +75 40 04.6          19.0 Vu~0mtDH21
     K12XB2B KC2012 12 14.25369205 00 33.90 +75 43 55.2          18.7 Vu~0mtDH21
     K12XB2B KC2012 12 14.26128104 58 54.36 +76 10 12.5          18.9 Vu~0mtDH21
     K12XB2B KC2012 12 14.26222804 58 41.56 +76 13 28.9          18.5 Vu~0mtDH21
     K12XB2B KC2012 12 14.26316204 58 28.92 +76 16 43.5          18.0 Vu~0mtDH21
     K12XB2B KC2012 12 14.26409304 58 16.10 +76 19 57.4          18.5 Vu~0mtDH21
     K12XB2B KC2012 12 14.26503304 58 02.90 +76 23 12.6          18.6 Vu~0mtDH21
     K12XB2B KC2012 12 14.26596704 57 49.87 +76 26 26.3          18.7 Vu~0mtDH21
     K12XB2B KC2012 12 14.26689504 57 36.90 +76 29 38.8          18.9 Vu~0mtDH21
     K12XB2B KC2012 12 14.26782604 57 23.49 +76 32 52.3          17.8 Vu~0mtDH21
     K12XB2B 2C2012 12 14.52462519 50 42.35 +85 46 42.67         17.7 Rt~0mtD568
     K12XB2B 2C2012 12 14.53563519 33 39.44 +85 08 45.79         17.9 Rt~0mtD568
