     K12F00N* C2012 03 17.30111 11 46 38.96 +01 22 30.7          20.9 Vr~0ewSG96
     K12F00N  C2012 03 17.30854 11 46 40.47 +01 20 57.5          20.9 Vr~0ewSG96
     K12F00N  C2012 03 17.31606 11 46 41.98 +01 19 22.2          20.9 Vr~0ewSG96
     K12F00N  C2012 03 17.32355 11 46 43.46 +01 17 47.2          20.9 Vr~0ewSG96
     K12F00N  C2012 03 17.36553 11 46 52.06 +01 08 59.4          20.4 Vr~0ewSG96
     K12F00N  C2012 03 17.36669 11 46 52.28 +01 08 44.0          21.4 Vr~0ewSG96
     K12F00N  C2012 03 17.36782 11 46 52.50 +01 08 30.0          21.0 Vr~0ewSG96
     K12F00N  C2012 03 17.36898 11 46 52.75 +01 08 16.1          20.6 Vr~0ewSG96
     K12F00N  C2012 03 17.40796 11 47 01.17 +01 00 06.8          20.7 Vr~0ewSG96
     K12F00N  C2012 03 17.40935 11 47 01.50 +00 59 50.6          20.9 Vr~0ewSG96
     K12F00N  C2012 03 17.41074 11 47 01.78 +00 59 31.8          20.9 Vr~0ewSG96
     K12F00N  C2012 03 17.41214 11 47 02.14 +00 59 14.3          21.3 Vr~0ewSG96
     K12F00N  C2012 03 17.42558 11 47 05.20 +00 56 26.1          21.3 Vr~0ewSG96
     K12F00N  C2012 03 17.42696 11 47 05.49 +00 56 10.7          21.7 Vr~0ewSG96
     K12F00N  C2012 03 17.42838 11 47 05.92 +00 55 51.9          21.1 Vr~0ewSG96
     K12F00N  C2012 03 17.42979 11 47 06.07 +00 55 35.0          22.4 Vr~0ewSG96
     K12F00N  C2012 03 17.43120 11 47 06.50 +00 55 16.5          21.4 Vr~0ewSG96
