     K12S58G* C2012 09 26.25925 01 35 37.06 -08 09 02.7          18.8 Vr~0jKK703
     K12S58G  C2012 09 26.26705 01 35 42.36 -08 08 34.2          18.8 Vr~0jKK703
     K12S58G  C2012 09 26.27379 01 35 46.89 -08 08 11.1          18.8 Vr~0jKK703
     K12S58G  C2012 09 26.28052 01 35 51.39 -08 07 46.1          19.6 Vr~0jKK703
     K12S58G  C2012 09 26.30003 01 36 04.75 -08 06 34.5          18.8 Vr~0jKK703
     K12S58G  C2012 09 26.30072 01 36 05.14 -08 06 33.2          18.4 Vr~0jKK703
     K12S58G  C2012 09 26.30140 01 36 05.61 -08 06 31.1          18.4 Vr~0jKK703
     K12S58G  C2012 09 26.30208 01 36 06.01 -08 06 27.4          18.5 Vr~0jKK703
     K12S58G HC2012 09 26.36600 01 36 49.59 -08 02 31.8          18.1 Ro~0jKK291
     K12S58G HC2012 09 26.36632 01 36 49.82 -08 02 30.6          18.3 Ro~0jKK291
     K12S58G HC2012 09 26.36664 01 36 50.04 -08 02 29.5          18.5 Ro~0jKK291
     K12S58G  C2012 09 27.27521 01 49 08.18 -06 58 33.2          18.7 Vr~0jKKG96
     K12S58G  C2012 09 27.27553 01 49 08.47 -06 58 31.8          18.9 Vr~0jKKG96
     K12S58G  C2012 09 27.27587 01 49 08.76 -06 58 30.2          18.6 Vr~0jKKG96
     K12S58G  C2012 09 27.27619 01 49 09.01 -06 58 28.6          18.6 Vr~0jKKG96
     K12S58G  C2012 09 27.34587 01 50 08.98 -06 52 54.3          18.1 Vr~0jKK703
     K12S58G  C2012 09 27.34641 01 50 09.52 -06 52 51.1          18.4 Vr~0jKK703
     K12S58G  C2012 09 27.34697 01 50 10.03 -06 52 49.8          18.3 Vr~0jKK703
     K12S58G  C2012 09 27.34754 01 50 10.53 -06 52 46.8          18.7 Vr~0jKK703
     K12S58G 0C2012 09 27.72080701 56 03.42 -06 18 23.3          17.6 Rt~0jKKE10
     K12S58G 0C2012 09 27.72433501 56 06.83 -06 18 04.4          17.8 Rt~0jKKE10
     K12S58G 0C2012 09 27.72788701 56 10.21 -06 17 44.4          18.6 Rt~0jKKE10
     K12S58G KC2012 09 28.10742 02 02 53.12 -05 44 28.7                u~0jKKJ95
     K12S58G KC2012 09 28.11148 02 02 57.47 -05 44 03.8                u~0jKKJ95
     K12S58G KC2012 09 28.11451 02 03 00.70 -05 43 45.5          17.9 Ru~0jKKJ95
     K12S58G  C2012 10 02.49259 04 42 11.03 +09 10 29.4          17.2  r~0jKK718
     K12S58G  C2012 10 02.49532 04 42 20.71 +09 11 18.9          17.1  r~0jKK718
     K12S58G  C2012 10 02.49623 04 42 23.98 +09 11 35.1          17.3  r~0jKK718
     K12S58G KC2012 10 03.38454 05 40 09.33 +13 43 58.8          17.8 Ru~0jKKH36
     K12S58G KC2012 10 03.38910 05 40 27.38 +13 45 18.8          18.1 Ru~0jKKH36
     K12S58G KC2012 10 03.39142 05 40 36.73 +13 45 58.2          17.8 Ru~0jKKH36
     K12S58G KC2012 10 04.11175006 29 26.47 +16 50 21.8                u~0jKKJ95
     K12S58G KC2012 10 04.11483606 29 38.75 +16 51 02.5          18.0 Ru~0jKKJ95
     K12S58G KC2012 10 04.11953206 29 57.33 +16 52 06.7          18.9 Ru~0jKKJ95
     K12S58G KC2012 10 04.12976206 30 37.77 +16 54 24.9          18.4 Ru~0jKKJ95
