     K12T00V* C2012 10 05.32361 00 45 23.15 +11 31 09.0          17.6 Ro~0jKR926
     K12T00V  C2012 10 05.33308 00 45 24.06 +11 30 12.1          17.6 Ro~0jKR926
     K12T00V  C2012 10 05.34704 00 45 25.43 +11 28 45.8          17.5 Ro~0jKR926
     K12T00V KC2012 10 05.90640 00 48 42.22 +10 10 35.1          16.6 Ro~0jKRJ16
     K12T00V KC2012 10 05.90800 00 48 42.68 +10 10 19.3          16.5 Ro~0jKRJ16
     K12T00V KC2012 10 05.90954 00 48 43.10 +10 10 03.3          16.1 Ro~0jKRJ16
     K12T00V KC2012 10 05.91119 00 48 43.71 +10 09 46.2          16.0 Ro~0jKRJ16
     K12T00V KC2012 10 05.91372 00 48 44.50 +10 09 19.1          15.1 Ro~0jKRJ16
     K12T00V KC2012 10 05.92939 00 48 49.91 +10 06 36.0          16.7 Vo~0jKRJ41
     K12T00V KC2012 10 05.93066 00 48 50.30 +10 06 22.0          16.8 Vo~0jKRJ41
     K12T00V KC2012 10 05.93194 00 48 50.71 +10 06 08.3          16.8 Vo~0jKRJ41
     K12T00V KC2012 10 05.93338 00 48 51.16 +10 05 52.6          16.8 Vo~0jKRJ41
     K12T00V KC2012 10 05.93466 00 48 51.56 +10 05 38.6          16.7 Vo~0jKRJ41
     K12T00V KC2012 10 05.93581 00 48 51.93 +10 05 25.9          16.8 Vo~0jKSJ41
     K12T00V KC2012 10 05.94093 00 48 53.16 +10 04 23.3          16.3 Ro~0jKSJ16
     K12T00V KC2012 10 05.94394 00 48 54.15 +10 03 49.8          16.2 Ro~0jKSJ16
     K12T00V KC2012 10 05.94715 00 48 55.16 +10 03 14.3          16.6 Ro~0jKSJ16
     K12T00V KC2012 10 05.95465 00 48 55.93 +10 03 26.9          16.8 Ru~0jKSB49
     K12T00V KC2012 10 05.95566 00 48 56.20 +10 03 15.4          17.0 Ru~0jKSB49
     K12T00V KC2012 10 05.95828 00 48 56.92 +10 02 46.1          16.4 Ru~0jKSB49
     K12T00V  C2012 10 06.00426 00 49 20.10 +09 55 43.0          16.5 Vo~0jKSG40
     K12T00V  C2012 10 06.01664 00 49 14.83 +09 50 53.4          16.6 Vv~0jKSI93
     K12T00V  C2012 10 06.02820 00 49 18.36 +09 48 29.9          16.2 Vv~0jKSI93
     K12T00V  C2012 10 06.03227 00 49 19.63 +09 47 38.9          16.5 Vv~0jKSI93
     K12T00V  C2012 10 06.03896 00 49 21.74 +09 46 14.4          16.4 Vv~0jKSI93
     K12T00V KC2012 10 06.05556 00 49 27.29 +09 42 48.2          16.3 Ru~0jKS958
     K12T00V KC2012 10 06.05982 00 49 28.74 +09 41 52.3          16.1 Ru~0jKS958
     K12T00V KC2012 10 06.06405 00 49 30.14 +09 40 57.0          16.2 Ru~0jKS958
     K12T00V KC2012 10 06.06839 00 49 31.58 +09 39 59.6          16.4 Ru~0jKS958
     K12T00V KC2012 10 06.07254 00 49 32.99 +09 39 04.0          16.2 Ru~0jKS958
     K12T00V KC2012 10 06.07673 00 49 34.44 +09 38 08.2          16.0 Ru~0jKS958
     K12T00V KC2012 10 06.08116 00 49 35.97 +09 37 09.0          16.3 Ru~0jKS958
     K12T00V KC2012 10 06.08536 00 49 37.44 +09 36 11.6          16.3 Ru~0jKS958
     K12T00V  C2012 10 06.12007 00 50 41.90 +09 29 30.4          15.8 Ro~0jKSG48
     K12T00V  C2012 10 06.12045 00 50 42.09 +09 29 25.3          15.5 Ro~0jKSG48
     K12T00V  C2012 10 06.12083 00 50 42.28 +09 29 20.1          16.1 Ro~0jKSG48
     K12T00V  C2012 10 06.12161 00 50 42.58 +09 29 09.2          15.8 Ro~0jKSG48
     K12T00V  C2012 10 06.12199 00 50 42.76 +09 29 04.4          16.2 Ro~0jKSG48
     K12T00V  C2012 10 06.14000 00 50 51.01 +09 24 59.1          15.7 Ro~0jKSG48
     K12T00V  C2012 10 06.14038 00 50 51.18 +09 24 53.6          16.0 Ro~0jKSG48
     K12T00V  C2012 10 06.14078 00 50 51.36 +09 24 48.5          16.0 Ro~0jKSG48
     K12T00V  C2012 10 06.14116 00 50 51.56 +09 24 43.0          15.8 Ro~0jKSG48
     K12T00V  C2012 10 06.14155 00 50 51.72 +09 24 37.3          16.4 Ro~0jKSG48
     K12T00V  C2012 10 06.14194 00 50 51.92 +09 24 31.9          15.9 Ro~0jKSG48
     K12T00V .C2012 10 06.14231 00 50 50.56 +09 24 22.4          15.6 Rr~0jKSH06
     K12T00V .C2012 10 06.14375 00 50 51.18 +09 24 02.2          16.0 Rr~0jKSH06
     K12T00V .C2012 10 06.14519 00 50 51.84 +09 23 42.2          15.8 Rr~0jKSH06
     K12T00V .C2012 10 06.14720 00 50 52.72 +09 23 13.9          16.2 Rr~0jKSH06
     K12T00V .C2012 10 06.14911 00 50 53.52 +09 22 47.6          16.0 Rr~0jKSH06
     K12T00V .C2012 10 06.15103 00 50 54.37 +09 22 20.4          15.7 Rr~0jKSH06
     K12T00V  C2012 10 06.15618 00 50 58.27 +09 21 12.2          16.2 Ro~0jKSG48
     K12T00V  C2012 10 06.15657 00 50 58.44 +09 21 06.8          16.3 Ro~0jKSG48
     K12T00V  C2012 10 06.15735 00 50 58.78 +09 20 55.7          16.1 Ro~0jKSG48
     K12T00V  C2012 10 06.15774 00 50 58.97 +09 20 50.1          16.1 Ro~0jKSG48
     K12T00V  C2012 10 06.15815 00 50 59.15 +09 20 44.5          16.6 Ro~0jKSG48
     K12T00V  C2012 10 06.18832 00 50 19.50 +09 13 46.1          16.5 Vo~0jKSG40
     K12T00V  C2012 10 06.19561 00 50 22.74 +09 11 49.7          16.9 Vo~0jKSG40
     K12T00V  C2012 10 06.20791 00 51 12.07 +09 07 30.1          15.8 Ru~0jKSH36
     K12T00V  C2012 10 06.20900 00 51 12.53 +09 07 13.3          15.8 Ru~0jKSH36
     K12T00V  C2012 10 06.21043 00 51 13.13 +09 06 50.9          15.9 Ru~0jKSH36
     K12T00V  C2012 10 06.21259 00 51 14.02 +09 06 17.5          15.8 Ru~0jKSH36
     K12T00V  C2012 10 06.21367 00 51 14.47 +09 06 00.4          16.0 Ru~0jKSH36
     K12T00V  C2012 10 06.21617 00 51 29.34 +09 05 12.1          15.9 Rt~0jKSG56
     K12T00V  C2012 10 06.21913 00 51 30.66 +09 04 25.5          15.6 Rt~0jKSG56
     K12T00V  C2012 10 06.22214 00 51 32.07 +09 03 38.9          15.5 Rt~0jKSG56
     K12T00V  C2012 10 06.22850 00 51 35.05 +09 01 58.4          15.6 Rt~0jKSG56
     K12T00V  C2012 10 06.26483000 51 31.50 +08 51 56.6          15.8 Vv~0jKSH21
     K12T00V  C2012 10 06.26632600 51 32.16 +08 51 31.3          16.1 Vv~0jKSH21
     K12T00V  C2012 10 06.26762800 51 32.73 +08 51 08.7          16.2 Vv~0jKSH21
     K12T00V  C2012 10 06.26930700 51 33.49 +08 50 39.6          15.8 Vv~0jKSH21
     K12T00V  C2012 10 06.27116700 51 34.32 +08 50 07.5          16.3 Vv~0jKSH21
     K12T00V  C2012 10 06.27300600 51 35.12 +08 49 35.9          16.2 Vv~0jKSH21
     K12T00V |C2012 10 06.27866 00 51 48.45 +08 49 08.3          16.3 Vc~0jKSH06
     K12T00V |C2012 10 06.27916 00 51 48.66 +08 48 59.4          16.1 Vc~0jKSH06
     K12T00V |C2012 10 06.27965 00 51 48.86 +08 48 50.8          16.5 Vc~0jKSH06
     K12T00V |C2012 10 06.28015 00 51 49.09 +08 48 42.2          16.1 Vc~0jKSH06
     K12T00V |C2012 10 06.28065 00 51 49.31 +08 48 33.5          16.5 Vc~0jKSH06
     K12T00V  C2012 10 06.28108 00 51 59.56 +08 47 29.7          15.8 Rt~0jKSG56
     K12T00V |C2012 10 06.28114 00 51 49.53 +08 48 24.9          16.1 Vc~0jKSH06
     K12T00V  C2012 10 06.28592 00 52 01.85 +08 46 05.8          15.6 Rt~0jKSG56
     K12T00V  C2012 10 06.29377 00 52 05.50 +08 43 48.2          15.6 Rt~0jKSG56
     K12T00V  C2012 10 06.30068 00 52 08.76 +08 41 46.3          15.6 Rt~0jKSG56
     K12T00V %C2012 10 06.32823 00 52 10.81 +08 34 14.3          15.7 Ro~0jKSH06
     K12T00V %C2012 10 06.34259 00 52 17.70 +08 29 41.0          15.6 Ro~0jKSH06
     K12T00V `C2012 10 06.35956 00 52 26.23 +08 24 09.3          15.4 Rt~0jKSH06
     K12T00V `C2012 10 06.36001 00 52 26.47 +08 23 59.7          15.5 Rt~0jKSH06
     K12T00V `C2012 10 06.36047 00 52 26.70 +08 23 51.0          15.4 Rt~0jKSH06
     K12T00V `C2012 10 06.36091 00 52 26.92 +08 23 42.4          15.5 Rt~0jKSH06
     K12T00V `C2012 10 06.36137 00 52 27.14 +08 23 33.7          15.2 Rt~0jKSH06
     K12T00V `C2012 10 06.36182 00 52 27.41 +08 23 24.1          15.4 Rt~0jKSH06
     K12T00V `C2012 10 06.36228 00 52 27.63 +08 23 14.8          15.4 Rt~0jKSH06
     K12T00V `C2012 10 06.36275 00 52 27.85 +08 23 05.8          15.3 Rt~0jKSH06
     K12T00V `C2012 10 06.36322 00 52 28.15 +08 22 56.2          15.8 Rt~0jKSH06
     K12T00V `C2012 10 06.36368 00 52 28.35 +08 22 47.4          15.2 Rt~0jKSH06
     K12T00V `C2012 10 06.36412 00 52 28.57 +08 22 38.7          15.3 Rt~0jKSH06
     K12T00V `C2012 10 06.36457 00 52 28.81 +08 22 29.6          15.1 Rt~0jKSH06
     K12T00V `C2012 10 06.36501 00 52 29.07 +08 22 20.3          15.2 Rt~0jKSH06
     K12T00V `C2012 10 06.36546 00 52 29.29 +08 22 11.4          15.2 Rt~0jKSH06
     K12T00V  C2012 10 06.36568 00 52 32.59 +08 22 17.1          15.5 Vr~0jKS703
     K12T00V `C2012 10 06.36591 00 52 29.51 +08 22 02.9          15.1 Rt~0jKSH06
     K12T00V `C2012 10 06.36638 00 52 29.76 +08 21 53.4          15.6 Rt~0jKSH06
     K12T00V `C2012 10 06.36682 00 52 29.99 +08 21 44.6          15.3 Rt~0jKSH06
     K12T00V `C2012 10 06.36726 00 52 30.21 +08 21 35.6          15.5 Rt~0jKSH06
     K12T00V `C2012 10 06.36771 00 52 30.44 +08 21 26.9          15.3 Rt~0jKSH06
     K12T00V `C2012 10 06.36816 00 52 30.70 +08 21 17.8          15.2 Rt~0jKSH06
     K12T00V  C2012 10 06.37230 00 52 36.04 +08 20 03.3          15.5 Vr~0jKS703
     K12T00V  C2012 10 06.37912 00 52 39.61 +08 17 45.2          15.7 Vr~0jKS703
     K12T00V  C2012 10 06.38442 00 52 45.47 +08 14 27.4          15.7  r~0jKS718
     K12T00V  C2012 10 06.38586 00 52 43.28 +08 15 26.8          15.7 Vr~0jKS703
     K12T00V  C2012 10 06.38625 00 52 46.54 +08 13 49.4          16.0  r~0jKS718
     K12T00V  C2012 10 06.38807 00 52 47.56 +08 13 11.8          15.9  r~0jKS718
     K12T00V KC2012 10 06.39875 00 52 47.62 +08 10 46.4          15.7 Rv~0jKSH15
     K12T00V KC2012 10 06.40105 00 52 48.96 +08 09 57.7          15.8 Rv~0jKSH15
     K12T00V KC2012 10 06.40349 00 52 50.40 +08 09 05.8          15.7 Rv~0jKSH15
     K12T00V  C2012 10 06.65779 00 57 24.17 +06 17 16.9          15.3 Ro~0jKS300
     K12T00V  C2012 10 06.65869 00 57 25.02 +06 16 46.6          15.2 Ro~0jKS300
     K12T00V  C2012 10 06.66004 00 57 26.30 +06 16 01.4          15.5 Ro~0jKS300
     K12T00V  C2012 10 06.66096 00 57 27.16 +06 15 31.1          15.3 Ro~0jKS300
     K12T00V  C2012 10 06.66188 00 57 28.04 +06 15 00.0          15.0 Ro~0jKS300
     K12T00V  C2012 10 06.67116 00 57 36.92 +06 09 46.0          15.4 Ro~0jKS300
     K12T00V  C2012 10 06.67152 00 57 37.25 +06 09 33.4          14.9 Ro~0jKS300
     K12T00V  C2012 10 06.67224 00 57 37.97 +06 09 09.1          15.4 Ro~0jKS300
     K12T00V  C2012 10 06.67260 00 57 38.30 +06 08 56.5          14.9 Ro~0jKS300
     K12T00V  C2012 10 06.67296 00 57 38.64 +06 08 44.3          15.0 Ro~0jKS300
     K12T00V  C2012 10 06.67333 00 57 39.01 +06 08 31.7          15.3 Ro~0jKS300
     K12T00V  C2012 10 06.67369 00 57 39.37 +06 08 18.8          15.0 Ro~0jKS300
     K12T00V  C2012 10 06.67405 00 57 39.73 +06 08 06.7          15.2 Ro~0jKS300
     K12T00V  C2012 10 06.67443 00 57 40.09 +06 07 53.6          15.4 Ro~0jKS300
     K12T00V  C2012 10 06.67479 00 57 40.44 +06 07 41.3          14.9 Ro~0jKS300
     K12T00V  C2012 10 06.67515 00 57 40.80 +06 07 29.1          15.0 Ro~0jKS300
     K12T00V  C2012 10 06.67551 00 57 41.15 +06 07 16.5          15.4 Ro~0jKS300
     K12T00V  C2012 10 06.67587 00 57 41.51 +06 07 03.9          14.9 Ro~0jKS300
     K12T00V  C2012 10 06.67623 00 57 41.84 +06 06 51.8          15.1 Ro~0jKS300
     K12T00V  C2012 10 06.67659 00 57 42.20 +06 06 39.3          15.4 Ro~0jKS300
     K12T00V  C2012 10 06.67695 00 57 42.55 +06 06 26.8          14.8 Ro~0jKS300
     K12T00V  C2012 10 06.67733 00 57 42.94 +06 06 13.4          15.1 Ro~0jKS300
     K12T00V  C2012 10 06.67804 00 57 43.63 +06 05 48.8          15.0 Ro~0jKS300
     K12T00V  C2012 10 06.67840 00 57 44.01 +06 05 36.5          15.1 Ro~0jKS300
     K12T00V  C2012 10 06.67911 00 57 44.71 +06 05 11.6          14.9 Ro~0jKS300
     K12T00V  C2012 10 06.67948 00 57 45.04 +06 04 59.0          14.9 Ro~0jKS300
     K12T00V  C2012 10 06.68021 00 57 45.79 +06 04 33.3          14.9 Ro~0jKS300
     K12T00V  C2012 10 06.68057 00 57 46.12 +06 04 21.1          15.1 Ro~0jKS300
     K12T00V  C2012 10 06.68093 00 57 46.50 +06 04 08.5          15.3 Ro~0jKS300
     K12T00V  C2012 10 06.68129 00 57 46.87 +06 03 55.8          14.9 Ro~0jKS300
     K12T00V  C2012 10 06.68165 00 57 47.23 +06 03 43.3          14.9 Ro~0jKS300
     K12T00V  C2012 10 06.68238 00 57 47.93 +06 03 17.5          15.0 Ro~0jKS300
     K12T00V  C2012 10 06.68274 00 57 48.29 +06 03 04.9          15.1 Ro~0jKS300
     K12T00V  C2012 10 06.68347 00 57 49.02 +06 02 39.4          15.0 Ro~0jKS300
     K12T00V  C2012 10 06.68383 00 57 49.39 +06 02 26.8          14.9 Ro~0jKS300
     K12T00V  C2012 10 06.68419 00 57 49.75 +06 02 13.9          15.3 Ro~0jKS300
     K12T00V  C2012 10 06.68491 00 57 50.46 +06 01 48.9          15.2 Ro~0jKS300
     K12T00V  C2012 10 06.68527 00 57 50.83 +06 01 36.3          15.3 Ro~0jKS300
     K12T00V KC2012 10 06.76640701 00 50.00 +05 06 03.7          14.9 Vv~0jKSB03
     K12T00V KC2012 10 06.76868601 00 53.48 +05 04 28.9          15.0 Vv~0jKSB03
     K12T00V KC2012 10 06.77096301 00 56.93 +05 02 53.7          15.2 Vv~0jKSB03
     K12T00V KC2012 10 06.77324001 01 00.40 +05 01 17.8          15.0 Vv~0jKSB03
     K12T00V KC2012 10 06.77551601 01 03.87 +04 59 41.6          15.4 Vv~0jKSB03
     K12T00V 5C2012 10 06.78910 01 01 17.58 +04 51 07.6                 ~0jKS094
     K12T00V 5C2012 10 06.79114 01 01 20.70 +04 49 33.5                 ~0jKS094
     K12T00V 5C2012 10 06.79177 01 01 21.62 +04 49 05.5                 ~0jKS094
     K12T00V 5C2012 10 06.79254 01 01 22.76 +04 48 31.3                 ~0jKS094
     K12T00V 5C2012 10 06.79274 01 01 23.05 +04 48 22.4                 ~0jKS094
     K12T00V 5C2012 10 06.79284 01 01 23.21 +04 48 17.7                 ~0jKS094
     K12T00V 5C2012 10 06.79325 01 01 23.81 +04 48 00.0                 ~0jKS094
     K12T00V 5C2012 10 06.79365 01 01 24.38 +04 47 41.9                 ~0jKS094
     K12T00V KC2012 10 06.83338 01 02 42.35 +04 17 20.1          14.6 Ru~0jKSA81
     K12T00V KC2012 10 06.83486 01 02 44.79 +04 16 08.4          14.7 Ru~0jKSA81
     K12T00V KC2012 10 06.83636 01 02 47.29 +04 14 54.8          14.6 Ru~0jKSA81
     K12T00V KC2012 10 06.83788 01 02 49.79 +04 13 40.6          14.7 Ru~0jKSA81
     K12T00V KC2012 10 06.85732 01 03 24.97 +03 55 01.1          15.0 Vt~0jKSJ84
     K12T00V KC2012 10 06.85852201 03 26.88 +03 53 52.2                u~0jKSJ95
     K12T00V KC2012 10 06.85940 01 03 28.74 +03 53 13.0          14.8 Vt~0jKSJ84
     K12T00V KC2012 10 06.85992401 03 29.43 +03 52 39.1                u~0jKSJ95
     K12T00V KC2012 10 06.86138501 03 32.09 +03 51 23.2          14.6 Ru~0jKSJ95
     K12T00V KC2012 10 06.86148 01 03 32.50 +03 51 25.1          14.9 Vt~0jKSJ84
     K12T00V KC2012 10 06.86951 01 03 47.18 +03 44 22.1          14.8 Vt~0jKSJ84
     K12T00V  C2012 10 06.87266 01 03 21.21 +03 43 36.7          15.0 Vv~0jKSC32
     K12T00V  C2012 10 06.87339 01 03 22.43 +03 42 57.0          14.6 Vv~0jKSC32
     K12T00V KC2012 10 06.87366 01 03 54.90 +03 40 38.4          14.9 Vt~0jKSJ84
     K12T00V  C2012 10 06.87430 01 03 23.97 +03 42 07.5          14.5 Vv~0jKSC32
     K12T00V  C2012 10 06.87487 01 03 24.90 +03 41 37.3          14.9 Vv~0jKSC32
     K12T00V  C2012 10 06.87533 01 03 25.68 +03 41 12.3          14.7 Vv~0jKSC32
     K12T00V KC2012 10 06.87573 01 03 58.74 +03 38 47.2          14.8 Vt~0jKSJ84
     K12T00V  C2012 10 06.87641 01 03 27.52 +03 40 13.5          14.5 Vv~0jKSC32
     K12T00V KC2012 10 06.87781 01 04 02.63 +03 36 53.2          14.8 Vt~0jKSJ84
     K12T00V KC2012 10 06.87988 01 04 06.52 +03 35 00.5          14.9 Vt~0jKSJ84
     K12T00V  C2012 10 06.91086 01 05 32.54 +03 11 49.7          14.8 Vo~0jKSG40
     K12T00V  C2012 10 06.93169 01 06 15.00 +02 50 47.7          14.7 Vo~0jKSG40
     K12T00V KC2012 10 07.13820301 15 41.71 -02 15 39.2          14.0 Ru~0jKSJ95
     K12T00V KC2012 10 07.13898601 15 44.90 -02 17 13.3          14.1 Ru~0jKSJ95
     K12T00V KC2012 10 07.13977201 15 48.10 -02 18 47.6          13.8 Ru~0jKSJ95
