     K13B15R* C2013 01 16.50178 08 14 40.922+23 42 47.93         21.5 wL~0o3bF51
     K13B15R  C2013 01 16.51623 08 14 38.001+23 42 56.77         21.6 wL~0o3bF51
     K13B15R  C2013 01 16.53070 08 14 35.069+23 43 05.47         21.7 wL~0o3bF51
     K13B15R  C2013 01 16.54524 08 14 32.156+23 43 13.84         21.4 wL~0o3bF51
     K13B15R KC2013 01 17.27673 08 12 30.90 +23 50 43.9          20.9 Ro~0o3b291
     K13B15R KC2013 01 17.28414 08 12 29.52 +23 50 48.3          21.5 Ro~0o3b291
     K13B15R KC2013 01 17.29156 08 12 28.13 +23 50 52.4          21.5 Ro~0o3b291
     K13B15R KC2013 01 18.28787 08 09 53.19 +24 00 04.4          20.8 Ro~0o3b291
     K13B15R KC2013 01 18.29529 08 09 51.93 +24 00 08.7          21.2 Ro~0o3b291
     K13B15R KC2013 01 18.30272 08 09 50.66 +24 00 12.8          20.9 Ro~0o3b291
