     K13R43S  C2013 09 09.38097 22 44 22.443-22 03 41.94         19.9 gL~0uLMF51
     K13R43S  C2013 09 09.39177 22 44 34.927-22 03 16.20         19.3 gL~0uLMF51
     K13R43S* C2013 09 12.31937 00 53 18.29 -14 50 57.9          18.2 Vq~0uLM703
     K13R43S  C2013 09 12.32779 00 53 53.45 -14 47 58.4                q~0uLM703
     K13R43S  C2013 09 12.33620 00 54 28.77 -14 44 56.8                q~0uLM703
     K13R43S  C2013 09 12.34469 00 55 04.39 -14 41 52.9          17.8 Vq~0uLM703
     K13R43S  C2013 09 12.37913 00 57 30.08 -14 29 07.3          17.6 Vq~0uLM703
     K13R43S  C2013 09 12.37950 00 57 31.62 -14 28 59.2          17.6 Vq~0uLM703
     K13R43S  C2013 09 12.37986 00 57 33.15 -14 28 50.7          17.8 Vq~0uLM703
     K13R43S  C2013 09 12.38023 00 57 34.71 -14 28 42.3          18.5 Vq~0uLM703
     K13R43S  C2013 09 12.41078 00 59 45.54 -14 17 00.3          17.8 Vq~0uLM703
     K13R43S  C2013 09 12.41115 00 59 47.17 -14 16 51.6          17.9 Vq~0uLM703
     K13R43S  C2013 09 12.41151 00 59 48.69 -14 16 42.7          18.1 Vq~0uLM703
     K13R43S  C2013 09 12.41188 00 59 50.22 -14 16 34.6          18.0 Vq~0uLM703
     K13R43S  C2013 09 12.43887 01 01 47.62 -14 05 55.4          18.0 Vq~0uLM703
     K13R43S  C2013 09 12.43924 01 01 49.18 -14 05 47.0          17.6 Vq~0uLM703
     K13R43S  C2013 09 12.43961 01 01 50.80 -14 05 38.1          17.8 Vq~0uLM703
     K13R43S  C2013 09 12.43999 01 01 52.51 -14 05 28.8          18.1 Vq~0uLM703
     K13R43S  C2013 09 13.30991 02 20 12.92 -06 49 58.2          18.0 Vq~0uLM703
     K13R43S  C2013 09 13.31024 02 20 14.74 -06 49 46.8          18.1 Vq~0uLM703
     K13R43S  C2013 09 13.31060 02 20 16.71 -06 49 33.5          18.4 Vq~0uLM703
     K13R43S  C2013 09 13.31097 02 20 18.92 -06 49 20.1          18.5 Vq~0uLM703
     K13R43S  C2013 09 13.31132 02 20 20.82 -06 49 08.0          17.9 Vq~0uLM703
     K13R43S  C2013 09 13.31404 02 20 35.72 -06 47 32.7          17.7 Vq~0uLM703
     K13R43S  C2013 09 13.31438 02 20 37.64 -06 47 19.5          17.6 Vq~0uLM703
     K13R43S  C2013 09 13.31472 02 20 39.51 -06 47 07.4          17.6 Vq~0uLM703
     K13R43S  C2013 09 13.31507 02 20 41.37 -06 46 55.6          17.2 Vq~0uLM703
     K13R43S  C2013 09 13.42384 02 30 36.75 -05 41 28.5          18.4 Vq~0uLM703
     K13R43S  C2013 09 13.42416 02 30 38.56 -05 41 18.2          18.7 Vq~0uLM703
     K13R43S  C2013 09 13.42450 02 30 40.44 -05 41 03.5          18.3 Vq~0uLM703
     K13R43S  C2013 09 13.50164 02 37 43.64 -04 53 16.9          18.1 Vq~0uLM703
     K13R43S  C2013 09 13.50196 02 37 45.26 -04 53 04.5          17.9 Vq~0uLM703
     K13R43S  C2013 09 13.50229 02 37 47.19 -04 52 52.5          17.8 Vq~0uLM703
     K13R43S KC2013 09 15.08766204 59 11.74 +09 51 12.7          19.5 Rq~0uLMJ95
     K13R43S KC2013 09 15.09541504 59 43.21 +09 54 25.4          19.2 Rq~0uLMJ95
     K13R43S KC2013 09 15.10981305 00 41.24 +10 00 22.4          19.3 Rq~0uLMJ95
