     K13W44Z* C2013 11 28.41100 05 05 12.57 -02 09 00.9          19.1 Vq~0xqw703
     K13W44Z  C2013 11 28.41418 05 05 12.93 -02 09 20.6          19.2 Vq~0xqw703
     K13W44Z  C2013 11 28.41735 05 05 13.26 -02 09 40.5          18.9 Vq~0xqw703
     K13W44Z  C2013 11 28.42052 05 05 13.62 -02 09 59.7          19.0 Vq~0xqw703
     K13W44Z  C2013 11 28.45262 05 05 17.76 -02 13 15.9          19.3 Vq~0xqw703
     K13W44Z  C2013 11 28.45500 05 05 18.08 -02 13 30.0          19.1 Vq~0xqw703
     K13W44Z  C2013 11 28.45738 05 05 18.40 -02 13 44.4          18.9 Vq~0xqw703
     K13W44Z  C2013 11 28.45975 05 05 18.68 -02 13 58.4          19.1 Vq~0xqw703
     K13W44Z KC2013 11 29.25864305 07 48.71 -03 21 35.2          19.8 Vu~0xqwH21
     K13W44Z KC2013 11 29.26063605 07 48.82 -03 21 43.7          19.9 Vu~0xqwH21
     K13W44Z KC2013 11 29.26253505 07 48.95 -03 21 51.7          20.0 Vu~0xqwH21
     K13W44Z KC2013 11 29.26453605 07 49.07 -03 22 00.0          19.8 Vu~0xqwH21
     K13W44Z  C2013 11 29.34366 05 07 58.78 -03 27 01.7          19.5 Vq~0xqwG96
     K13W44Z  C2013 11 29.34636 05 07 58.91 -03 27 12.5          19.8 Vq~0xqwG96
     K13W44Z  C2013 11 29.35475 05 07 59.34 -03 27 46.3          19.7 Vq~0xqwG96
     K13W44Z  C2013 11 29.35600 05 07 59.40 -03 27 51.5          19.4 Vq~0xqwG96
     K13W44Z  C2013 11 29.35663 05 07 59.46 -03 27 53.8          19.2 Vq~0xqwG96
     K13W44Z |C2013 11 30.24279 05 09 41.89 -04 14 17.0          19.9 Vu~0xqw807
     K13W44Z |C2013 11 30.24531 05 09 41.95 -04 14 24.4          20.4 Vu~0xqw807
     K13W44Z |C2013 11 30.24781 05 09 42.00 -04 14 31.4          20.1 Vu~0xqw807
     K13W44Z |C2013 11 30.25029 05 09 42.06 -04 14 38.5          20.2 Vu~0xqw807
     K13W44Z |C2013 11 30.25279 05 09 42.12 -04 14 45.7          20.4 Vu~0xqw807
     K13W44Z KC2013 12 02.23906 05 12 08.91 -05 26 05.0          19.7 Ro~0xqw291
     K13W44Z KC2013 12 02.24480 05 12 08.97 -05 26 14.2          20.2 Ro~0xqw291
     K13W44Z KC2013 12 02.25054 05 12 09.00 -05 26 22.5          19.7 Ro~0xqw291
     K13W44Z KC2013 12 03.21148 05 12 52.58 -05 46 34.6          20.2 Ro~0xqw291
     K13W44Z KC2013 12 03.21495 05 12 52.55 -05 46 38.2          19.5 Ro~0xqw291
     K13W44Z KC2013 12 03.21842 05 12 52.55 -05 46 42.4          20.8 Ro~0xqw291
     K13W44Z 2C2013 12 03.48474205 12 55.689-05 50 59.42         20.9 Rt~0xqw568
     K13W44Z 2C2013 12 03.48646805 12 55.663-05 51 01.13         20.8 Rt~0xqw568
     K13W44Z 2C2013 12 03.48833705 12 55.635-05 51 02.98         20.8 Rt~0xqw568
     K13W44Z ]C2013 12 06.29543 05 14 11.84 -06 23 12.5          22.0 Ro~0xqw695
     K13W44Z ]C2013 12 06.30333 05 14 11.72 -06 23 15.5          21.8 Ro~0xqw695
     K13W44Z ]C2013 12 06.31912 05 14 11.41 -06 23 22.1          21.6 Ro~0xqw695
     K13W44Z ]C2013 12 06.32702 05 14 11.29 -06 23 25.4          21.7 Ro~0xqw695
     K13W44Z 2C2013 12 10.48692705 15 03.744-06 36 10.34         22.4 Rt~0y6S568
     K13W44Z 2C2013 12 10.49242005 15 03.640-06 36 10.30         22.2 Rt~0y6S568
     K13W44Z 2C2013 12 10.49793105 15 03.546-06 36 10.26         22.4 Rt~0y6S568
     K13W44Z 2C2013 12 22.44820005 16 31.765-05 42 44.73         23.9 Rt~0yNz568
     K13W44Z 2C2013 12 22.47150705 16 31.621-05 42 33.85         23.9 Rt~0yNz568
