     K13T04P* C2013 10 03.22944 00 42 18.34 +00 11 12.3          20.8 Vq~0vL3G96
     K13T04P  C2013 10 03.23280 00 42 15.35 +00 10 40.5          20.4 Vq~0vL3G96
     K13T04P  C2013 10 03.23624 00 42 12.27 +00 10 07.2          19.9 Vq~0vL3G96
     K13T04P  C2013 10 03.23968 00 42 09.20 +00 09 34.3          19.7 Vq~0vL3G96
     K13T04P  C2013 10 03.28076 00 41 32.34 +00 03 05.0          20.2 Rt~0vL3H01
     K13T04P  C2013 10 03.28763 00 41 26.44 +00 02 02.1          20.6 Rt~0vL3H01
     K13T04P  C2013 10 03.29546 00 41 19.79 +00 00 50.9          20.3 Rt~0vL3H01
     K13T04P  C2013 10 03.30586 00 41 10.97 -00 00 43.0          20.5 Rt~0vL3H01
     K13T04P  C2013 10 03.43535 00 39 29.23 -00 19 01.5          20.8 Vq~0vL3G96
     K13T04P  C2013 10 03.43585 00 39 28.83 -00 19 05.6          21.0 Vq~0vL3G96
     K13T04P  C2013 10 03.43636 00 39 28.45 -00 19 09.2          20.8 Vq~0vL3G96
     K13T04P  C2013 10 03.43686 00 39 28.12 -00 19 13.5          20.4 Vq~0vL3G96
     K13T04P KC2013 10 04.17471 00 33 18.07 -01 36 00.9          20.2 Ro~0vL3291
     K13T04P KC2013 10 04.17680 00 33 17.11 -01 36 11.3          20.6 Ro~0vL3291
     K13T04P KC2013 10 04.17889 00 33 16.15 -01 36 21.0          20.7 Ro~0vL3291
     K13T04P KC2013 10 09.25045 00 19 54.72 -04 11 32.8          23.0 Rt~0vL3H01
     K13T04P KC2013 10 09.26769 00 19 53.28 -04 11 44.3          23.2 Rt~0vL3H01
     K13T04P KC2013 10 09.27497 00 19 52.68 -04 11 48.8          23.4 Rt~0vL3H01
     K13T04P KC2013 10 09.27975 00 19 52.30 -04 11 52.1          22.9 Rt~0vL3H01
     K13T04P KC2013 10 12.29113 00 17 52.79 -04 34 04.1          24.6 Rt~0vL3H01
     K13T04P KC2013 10 12.30343 00 17 52.27 -04 34 07.8          23.9 Rt~0vL3H01
