     K13G03M 3C2013 04 01.20388911 51 05.092+01 09 23.17         20.0 Rt~10WDW84
     K13G03M* C2013 04 03.32112 11 20 31.92 +04 22 34.3          20.2 Vu~0qlHG96
     K13G03M tC2013 04 03.32624711 20 35.284+04 23 39.74         20.6 Rt~0qlHF51
     K13G03M  C2013 04 03.32677 11 20 26.48 +04 23 06.8          19.9 Vu~0qlHG96
     K13G03M  C2013 04 03.33236 11 20 21.08 +04 23 38.7          20.2 Vu~0qlHG96
     K13G03M  C2013 04 03.33803 11 20 15.57 +04 24 11.5          19.7 Vu~0qlHG96
     K13G03M tC2013 04 03.34129611 20 20.566+04 25 06.93               t~0qlHF51
     K13G03M tC2013 04 03.35639211 20 05.812+04 26 33.75               t~0qlHF51
     K13G03M tC2013 04 03.37151811 19 50.987+04 28 00.96               t~0qlHF51
     K13G03M KC2013 04 03.88752 11 12 00.56 +05 16 21.6          20.1 Rq~0qlHJ95
     K13G03M KC2013 04 03.91406 11 11 34.76 +05 18 56.6                q~0qlHJ95
     K13G03M KC2013 04 03.92384 11 11 25.25 +05 19 53.1          20.6 Rq~0qlHJ95
     K13G03M KC2013 04 04.10958111 08 33.43 +05 41 56.3          20.2 Rt~0qlHW87
     K13G03M KC2013 04 04.11289511 08 30.14 +05 42 15.1          20.6 Rt~0qlHW87
     K13G03M KC2013 04 04.11619211 08 26.82 +05 42 34.8          20.7 Rt~0qlHW87
     K13G03M KC2013 04 04.11949311 08 23.50 +05 42 54.0          20.3 Rt~0qlHW87
     K13G03M KC2013 04 04.12280411 08 20.22 +05 43 13.2          20.8 Rt~0qlHW87
     K13G03M KC2013 04 04.12611711 08 16.91 +05 43 32.0          20.4 Rt~0qlHW87
     K13G03M  C2013 04 04.26499 11 06 05.58 +05 53 47.3          20.4 Vu~0qlHG96
     K13G03M  C2013 04 04.26590 11 06 04.57 +05 53 53.1          21.8 Vu~0qlHG96
     K13G03M  C2013 04 04.26770 11 06 02.70 +05 54 03.7          20.7 Vu~0qlHG96
     K13G03M  C2013 04 04.26860 11 06 01.72 +05 54 09.8          20.5 Vu~0qlHG96
     K13G03M KC2013 04 05.20812710 51 11.97 +07 25 06.1          20.5 Vr~0qlHH21
     K13G03M KC2013 04 05.21244510 51 07.55 +07 25 31.5          20.5 Vr~0qlHH21
     K13G03M KC2013 04 05.21925710 51 00.66 +07 26 10.4          20.4 Vr~0qlHH21
     K13G03M KC2013 04 05.91786 10 39 51.88 +08 33 02.0          21.0 Rq~0qlHJ95
     K13G03M KC2013 04 05.93309 10 39 36.41 +08 34 30.0          20.4 Rq~0qlHJ95
     K13G03M KC2013 04 05.94644 10 39 22.78 +08 35 46.3          20.7 Rq~0qlHJ95
     K13G03M KC2013 04 06.08548010 37 11.06 +08 53 11.6          20.4 Rt~0qlHW87
     K13G03M KC2013 04 06.08882110 37 07.61 +08 53 30.4          19.9 Rt~0qlHW87
     K13G03M KC2013 04 06.86690 10 24 33.06 +10 02 41.3          21.4 Rq~0qlHJ95
     K13G03M KC2013 04 06.89797 10 24 01.18 +10 05 34.7          21.2 Rq~0qlHJ95
     K13G03M KC2013 04 07.27719 10 17 47.37 +10 41 20.3          21.5 Ro~0qlH291
     K13G03M KC2013 04 07.29120 10 17 32.75 +10 42 36.2          21.8 Ro~0qlH291
     K13G03M KC2013 04 07.29446 10 17 29.48 +10 42 54.1                o~0qlH291
     K13G03M KC2013 04 08.32786 10 00 46.50 +12 14 25.2                o~0qlH291
     K13G03M KC2013 04 08.33167 10 00 42.70 +12 14 44.0          21.2 Ro~0qlH291
     K13G03M KC2013 04 08.33549 10 00 38.83 +12 15 02.9                o~0qlH291
     K13G03M ^C2013 04 10.14176 09 32 20.89 +14 40 21.9          21.3 Ro~0rWK695
     K13G03M ^C2013 04 10.14296 09 32 19.78 +14 40 27.3          21.2 Ro~0rWK695
     K13G03M ^C2013 04 10.14452 09 32 18.25 +14 40 33.8          21.1 Ro~0rWK695
     K13G03M ^C2013 04 10.14572 09 32 17.11 +14 40 39.9                o~0rWK695
     K13G03M KC2013 04 10.19511 09 31 28.09 +14 44 18.2          21.3 Ro~0qlH291
     K13G03M KC2013 04 10.20616 09 31 17.29 +14 45 05.9          21.2 Ro~0qlH291
     K13G03M ^C2013 04 10.29694 09 29 48.76 +14 51 33.6          21.2 Ro~0rWK695
     K13G03M 2C2013 04 10.35894009 28 54.187+14 56 51.73         22.1 Rt~0qlH568
     K13G03M 2C2013 04 10.36058209 28 52.570+14 56 58.66         22.1 Rt~0qlH568
     K13G03M 2C2013 04 10.36222209 28 50.973+14 57 05.56         22.3 Rt~0qlH568
     K13G03M ^C2013 04 11.15663 09 16 57.79 +15 52 06.9          21.3 Ro~0rWK695
     K13G03M ^C2013 04 11.16048 09 16 54.11 +15 52 23.0          21.2 Ro~0rWK695
     K13G03M ^C2013 04 11.16167 09 16 53.02 +15 52 26.7          21.3 Ro~0rWK695
     K13G03M ^C2013 04 11.16287 09 16 51.80 +15 52 32.2          21.5 Ro~0rWK695
     K13G03M KC2013 04 11.17583 09 16 39.57 +15 53 23.1          21.9 Ro~0qlH291
     K13G03M ]C2013 04 11.17882 09 16 36.62 +15 53 35.6          22.1 Ro~0r6J695
     K13G03M KC2013 04 11.18125 09 16 34.28 +15 53 44.9          22.0 Ro~0qlH291
     K13G03M KC2013 04 11.18683 09 16 29.05 +15 54 06.9          21.8 Ro~0qlH291
     K13G03M ]C2013 04 11.18992 09 16 26.03 +15 54 19.0          21.8 Ro~0r6J695
     K13G03M ]C2013 04 11.19310 09 16 23.03 +15 54 32.1          21.6 Ro~0r6J695
     K13G03M KC2013 04 12.19689 09 01 47.78 +16 57 56.3          22.1 Ro~0qlH291
     K13G03M KC2013 04 12.21697 09 01 29.39 +16 59 05.9          21.7 Ro~0qlH291
     K13G03M KC2013 04 13.27674 08 46 47.31 +17 57 57.3          22.2 Ro~0r6J291
     K13G03M KC2013 04 13.28890 08 46 37.00 +17 58 32.6          22.3 Ro~0r6J291
     K13G03M KC2013 04 13.30177 08 46 26.36 +17 59 10.0          21.8 Ro~0r6J291
