     K13H14T* C2013 04 21.25884 13 28 34.53 -09 33 43.2          19.5 Vu~0rY1G96
     K13H14T  C2013 04 21.26419 13 28 34.46 -09 34 36.3          19.7 Vu~0rY1G96
     K13H14T  C2013 04 21.26968 13 28 34.39 -09 35 30.8          19.3 Vu~0rY1G96
     K13H14T  C2013 04 21.27503 13 28 34.32 -09 36 23.8          19.7 Vu~0rY1G96
     K13H14T  C2013 04 21.30779 13 28 33.85 -09 41 42.9          20.0 Vu~0rY1G96
     K13H14T  C2013 04 21.30837 13 28 33.85 -09 41 48.8          19.8 Vu~0rY1G96
     K13H14T  C2013 04 21.30891 13 28 33.85 -09 41 53.7          19.9 Vu~0rY1G96
     K13H14T  C2013 04 21.30948 13 28 33.81 -09 41 59.8          20.0 Vu~0rY1G96
     K13H14T  C2013 04 21.31005 13 28 33.81 -09 42 04.7          19.4 Vu~0rY1G96
     K13H14T  C2013 04 21.37146 13 28 33.27 -09 51 41.9          19.6 Vu~0rY1G96
     K13H14T  C2013 04 21.37213 13 28 33.31 -09 51 47.4          19.5 Vu~0rY1G96
     K13H14T  C2013 04 21.37280 13 28 33.27 -09 51 53.4          19.6 Vu~0rY1G96
     K13H14T  C2013 04 21.37347 13 28 33.27 -09 52 00.3          19.6 Vu~0rY1G96
     K13H14T  C2013 04 21.37415 13 28 33.27 -09 52 06.4          19.9 Vu~0rY1G96
     K13H14T |C2013 04 22.12128 13 29 23.85 -11 22 42.3          20.1 Vu~0rY1807
     K13H14T |C2013 04 22.12508 13 29 23.77 -11 23 05.7          20.2 Vu~0rY1807
     K13H14T  C2013 04 22.33614 13 29 25.79 -11 46 33.3          20.3 Rt~0rY1H01
     K13H14T  C2013 04 22.34134 13 29 25.70 -11 47 01.5          20.5 Rt~0rY1H01
     K13H14T  C2013 04 22.35131 13 29 25.55 -11 47 54.9          20.2 Rt~0rY1H01
     K13H14T  C2013 04 22.35777 13 29 25.47 -11 48 29.4          20.6 Rt~0rY1H01
     K13H14T  C2013 04 23.27411 13 30 01.82 -12 56 35.4                u~0rY1G96
     K13H14T  C2013 04 23.27490 13 30 01.85 -12 56 38.0          21.3 Vu~0rY1G96
     K13H14T  C2013 04 23.27569 13 30 01.78 -12 56 41.7                u~0rY1G96
     K13H14T 2C2013 05 07.44907613 33 31.653-16 40 52.90         24.3 Rt~0uJ5568
