     K13B18L* C2013 01 17.28384 08 46 16.50 +05 46 38.6          19.1 Vr~0o3f703
     K13B18L  C2013 01 17.28898 08 46 14.66 +05 46 08.5          19.4 Vr~0o3f703
     K13B18L  C2013 01 17.29410 08 46 12.68 +05 45 38.5          19.5 Vr~0o3f703
     K13B18L  C2013 01 17.29921 08 46 10.81 +05 45 08.5          19.0 Vr~0o3f703
     K13B18L KC2013 01 17.37648 08 45 38.74 +05 37 08.2          19.2 Rq~0o3fH36
     K13B18L  C2013 01 17.37856 08 45 41.68 +05 37 26.8          19.1 Vr~0o3f703
     K13B18L  C2013 01 17.37994 08 45 41.18 +05 37 18.3          19.0 Vr~0o3f703
     K13B18L  C2013 01 17.38131 08 45 40.68 +05 37 09.9          19.0 Vr~0o3f703
     K13B18L  C2013 01 17.38269 08 45 40.21 +05 37 02.5          18.9 Vr~0o3f703
     K13B18L KC2013 01 17.38624 08 45 35.37 +05 36 10.2          18.7 Rq~0o3fH36
     K13B18L KC2013 01 17.38882 08 45 34.48 +05 35 55.4          18.6 Rq~0o3fH36
     K13B18L KC2013 01 18.03588 08 43 24.67 +04 44 18.7          19.1 Rt~0o3f204
     K13B18L KC2013 01 18.05011 08 43 21.10 +04 43 22.1                t~0o3f204
     K13B18L KC2013 01 18.06434 08 43 17.57 +04 42 25.3                t~0o3f204
     K13B18L  C2013 01 18.47983 08 42 14.250+04 19 14.82         19.6 wL~0o3fF51
     K13B18L  C2013 01 18.49423 08 42 10.864+04 18 27.97         19.8 wL~0o3fF51
     K13B18L  C2013 01 18.50859 08 42 07.518+04 17 41.35         20.3 wL~0o3fF51
     K13B18L  C2013 01 18.52300 08 42 04.194+04 16 54.84         19.8 wL~0o3fF51
     K13B18L  C2013 01 19.36465 08 40 25.78 +03 38 48.0          20.3 Vr~0o3f703
     K13B18L  C2013 01 19.36616 08 40 25.53 +03 38 44.5          20.0 Vr~0o3f703
     K13B18L HC2013 01 21.44413 08 37 47.09 +02 44 13.5          20.7 Ro~0o3f291
     K13B18L HC2013 01 21.44565 08 37 47.03 +02 44 11.7          20.2 Ro~0o3f291
     K13B18L HC2013 01 21.44716 08 37 46.86 +02 44 10.5          20.4 Ro~0o3f291
     K13B18L 8C2013 01 21.52105408 37 44.736+02 43 16.23         21.0 Rt~0o3fF65
     K13B18L 8C2013 01 21.52212808 37 44.596+02 43 14.70         20.5 Rt~0o3fF65
     K13B18L |C2013 01 23.27743 08 36 28.50 +02 20 31.9          21.3 Vu~0o3f807
     K13B18L |C2013 01 23.28354 08 36 28.05 +02 20 27.9          21.2 Vu~0o3f807
     K13B18L 2C2013 02 01.56725608 33 45.348+01 50 30.34         22.9 Rt~0scL568
