     K14C00E* C2014 02 02.34272 08 08 04.72 +20 03 31.8          17.5 Vq~10XQ703
     K14C00E  C2014 02 02.34881 08 08 25.11 +20 06 30.3          17.9 Vq~10XQ703
     K14C00E  C2014 02 02.35491 08 08 45.86 +20 09 30.6          17.5 Vq~10XQ703
     K14C00E  C2014 02 02.38028 08 10 09.76 +20 21 30.5          17.7 Vq~10XQ703
     K14C00E  C2014 02 02.38060 08 10 10.86 +20 21 40.0          17.7 Vq~10XQ703
     K14C00E  C2014 02 02.38093 08 10 12.02 +20 21 48.7          17.4 Vq~10XQ703
     K14C00E KC2014 02 02.44605 08 13 38.75 +20 50 16.1          17.8 Ro~10XQ291
     K14C00E KC2014 02 02.44630 08 13 39.50 +20 50 22.6          17.6 Ro~10XQ291
     K14C00E KC2014 02 02.44653 08 13 40.22 +20 50 27.9          17.9 Ro~10XQ291
     K14C00E KC2014 02 02.77071 08 29 18.59 +22 38 15.5                q~10XQJ95
     K14C00E KC2014 02 02.77345 08 29 29.36 +22 40 09.2          18.1 Vu~10XQ958
     K14C00E KC2014 02 02.77462 08 29 26.99 +22 39 24.7          18.1 Rq~10XQJ95
     K14C00E KC2014 02 02.78108 08 29 40.73 +22 41 17.2                q~10XQJ95
     K14C00E KC2014 02 02.78646 08 29 52.08 +22 42 50.8          17.9 Rq~10XQJ95
     K14C00E KC2014 02 02.78850 08 30 01.04 +22 44 33.4          18.2 Vu~10XQ958
     K14C00E KC2014 02 02.79145 08 30 07.16 +22 45 24.5          18.0 Vu~10XQ958
     K14C00E KC2014 02 02.79538 08 30 15.30 +22 46 32.3          18.3 Vu~10XQ958
     K14C00E KC2014 02 02.80087 08 30 26.48 +22 48 06.1          18.0 Vu~10XQ958
     K14C00E KC2014 02 02.80381 08 30 32.43 +22 48 56.8          18.3 Vu~10XQ958
     K14C00E KC2014 02 02.80674 08 30 38.34 +22 49 46.0          18.1 Vu~10XQ958
     K14C00E KC2014 02 02.80914 08 30 43.18 +22 50 27.0          18.2 Vu~10XQ958
     K14C00E KC2014 02 02.81248 08 30 49.96 +22 51 23.6          18.4 Vu~10XQ958
     K14C00E KC2014 02 02.81534 08 30 55.64 +22 52 11.5          18.3 Vu~10XQ958
     K14C00E KC2014 02 02.81827 08 31 01.45 +22 53 00.5          18.4 Vu~10XQ958
     K14C00E KC2014 02 02.82132 08 31 07.47 +22 53 51.3          18.4 Vu~10XQ958
     K14C00E KC2014 02 02.82703 08 31 18.63 +22 55 25.6          18.0 Vu~10XQ958
     K14C00E KC2014 02 02.90768 08 33 44.28 +23 15 01.5                q~10XQJ95
     K14C00E KC2014 02 02.90934 08 33 47.20 +23 15 25.6                q~10XQJ95
     K14C00E KC2014 02 02.91126 08 33 50.54 +23 15 53.5          18.1 Rq~10XQJ95
     K14C00E KC2014 02 02.91620408 34 00.45 +23 18 13.8          18.3 Vu~10XQI93
     K14C00E KC2014 02 02.92451808 34 14.52 +23 20 12.5          18.3 Vu~10XQI93
     K14C00E KC2014 02 02.93237508 34 27.72 +23 22 03.2          18.4 Vu~10XQI93
     K14C00E KC2014 02 02.93937608 34 39.37 +23 23 40.9          18.4 Vu~10XQI93
     K14C00E KC2014 02 03.29090 08 43 38.66 +24 30 26.2          18.4 Rq~10XQH36
     K14C00E KC2014 02 03.29405 08 43 42.33 +24 30 54.7          18.6 Rq~10XQH36
     K14C00E KC2014 02 03.29721 08 43 45.98 +24 31 23.5          18.7 Rq~10XQH36
     K14C00E KC2014 02 03.30037 08 43 49.63 +24 31 51.9          18.3 Rq~10XQH36
     K14C00E KC2014 02 04.38116 09 00 14.83 +26 20 32.8          19.6 Ro~10XQ291
     K14C00E KC2014 02 04.38194 09 00 15.21 +26 20 35.5          19.2 Ro~10XQ291
     K14C00E KC2014 02 04.38272 09 00 15.60 +26 20 38.3          19.2 Ro~10XQ291
     K14C00E 2C2014 02 05.43623409 08 47.298+27 12 02.14         20.1 Rt~10XQ568
     K14C00E 2C2014 02 05.43814409 08 47.777+27 12 06.26         20.0 Rt~10XQ568
     K14C00E KC2014 02 05.98702 09 11 47.08 +27 26 42.8                q~10XQJ95
     K14C00E KC2014 02 06.00059 09 11 50.02 +27 27 04.8                q~10XQJ95
     K14C00E KC2014 02 06.02210 09 11 54.68 +27 27 39.4          20.1 Rq~10XQJ95
     K14C00E  C2014 02 06.38089 09 13 24.83 +27 37 38.6          20.2 Ro~10XQ926
     K14C00E  C2014 02 06.39322 09 13 26.88 +27 37 51.9          20.4 Ro~10XQ926
     K14C00E  C2014 02 06.40390 09 13 28.73 +27 38 03.3          20.5 Ro~10XQ926
     K14C00E 0C2014 02 11.20812 09 24 06.88 +28 27 34.0          22.5 rL~10rg695
     K14C00E 0C2014 02 11.23017 09 24 07.54 +28 27 42.0          22.8 rL~10rg695
     K14C00E 0C2014 02 11.25884 09 24 08.32 +28 27 51.9          22.7 rL~10rg695
     K14C00E 0C2014 02 12.19779 09 25 10.05 +28 30 42.8          22.4 rL~10rg695
     K14C00E 0C2014 02 12.24747 09 25 11.16 +28 30 56.8          22.2 rL~10rg695
     K14C00E 0C2014 02 12.27806 09 25 11.69 +28 31 03.6          22.4 rL~10rg695
     K14C00E 2C2014 02 25.42530109 32 10.571+28 09 42.83         23.7 Rt~11qy568
     K14C00E 2C2014 02 25.47988809 32 10.845+28 09 26.63         23.7 Rt~11qy568
     K14C00E 2C2014 02 28.36264709 33 24.147+27 56 06.02         24.5 Rt~12Aw568
     K14C00E 2C2014 02 28.48542709 33 25.171+27 55 26.20         24.5 Rt~12Aw568
