     K14D10K* C2014 02 22.40197 11 49 02.32 +28 36 36.9          18.1 Vq~115L703
     K14D10K  C2014 02 22.40922 11 49 27.56 +28 39 07.3          17.6 Vq~115L703
     K14D10K  C2014 02 22.41647 11 49 52.85 +28 41 37.6          18.7 Vq~115L703
     K14D10K  C2014 02 22.43756011 50 59.39 +28 47 39.4          17.9 Rt~115LH01
     K14D10K  C2014 02 22.44327811 51 18.37 +28 49 25.3          17.6 Rt~115LH01
     K14D10K  C2014 02 22.44706611 51 30.86 +28 50 34.3          17.6 Rt~115LH01
     K14D10K KC2014 02 22.45142811 51 28.50 +28 48 17.5          18.4 Vu~115LH21
     K14D10K KC2014 02 22.45312211 51 34.28 +28 48 46.9          18.3 Vu~115LH21
     K14D10K  C2014 02 22.45413911 51 54.01 +28 52 41.0          17.7 Rt~115LH01
     K14D10K  C2014 02 22.45444 11 51 58.76 +28 53 35.6          18.6 Vq~115L703
     K14D10K KC2014 02 22.45477011 51 39.87 +28 49 15.2          18.9 Vu~115LH21
     K14D10K  C2014 02 22.45482 11 51 59.94 +28 53 42.1          17.9 Vq~115L703
     K14D10K  C2014 02 22.45520 11 52 01.20 +28 53 48.7          17.9 Vq~115L703
     K14D10K  C2014 02 22.45559 11 52 02.43 +28 53 55.8          18.4 Vq~115L703
     K14D10K KC2014 02 22.45632411 51 45.13 +28 49 42.0          18.3 Vu~115LH21
     K14D10K KC2014 02 22.45787711 51 50.39 +28 50 08.8          18.3 Vu~115LH21
     K14D10K  C2014 02 22.45851311 52 08.22 +28 53 58.0          18.3 Rt~115LH01
     K14D10K KC2014 02 22.45943311 51 55.66 +28 50 35.6          18.9 Vu~115LH21
     K14D10K KC2014 02 22.46098711 52 00.92 +28 51 01.9          18.3 Vu~115LH21
     K14D10K  C2014 02 22.47669 11 53 09.49 +28 59 57.7          18.8 Vq~115L703
     K14D10K  C2014 02 22.47707 11 53 10.70 +29 00 04.5          18.3 Vq~115L703
     K14D10K  C2014 02 22.47745 11 53 11.92 +29 00 10.1          17.7 Vq~115L703
     K14D10K  C2014 02 22.47784 11 53 13.09 +29 00 16.5          18.4 Vq~115L703
     K14D10K tC2014 02 22.58940011 59 14.524+29 34 41.80         16.9 Rt~16WaF51
     K14D10K KC2014 02 22.92110 12 13 06.83 +30 26 10.2          19.1 Vq~115L958
     K14D10K KC2014 02 22.92502 12 13 13.11 +30 26 49.1          18.9 Vq~115L958
     K14D10K KC2014 02 22.92894 12 13 19.29 +30 27 27.6          19.2 Vq~115L958
     K14D10K KC2014 02 22.93284 12 13 25.41 +30 28 06.0          19.4 Vq~115L958
     K14D10K KC2014 02 22.93677 12 13 31.47 +30 28 43.8          19.2 Vq~115L958
     K14D10K KC2014 02 22.96816 12 14 12.49 +30 33 56.0          20.3 Vt~115LK33
     K14D10K KC2014 02 22.99192 12 14 45.56 +30 37 18.6          19.2 Vt~115LK33
     K14D10K KC2014 02 23.00488 12 15 02.96 +30 39 02.5          19.5 Vt~115LK33
     K14D10K KC2014 02 23.01715 12 15 23.87 +30 41 07.7          19.0 Ru~115LB49
     K14D10K KC2014 02 23.01968 12 15 27.11 +30 41 27.4          18.9 Ru~115LB49
     K14D10K KC2014 02 23.01985 12 15 22.47 +30 41 00.0          19.6 Vt~115LK33
     K14D10K KC2014 02 23.02266 12 15 30.93 +30 41 50.5          19.0 Ru~115LB49
     K14D10K  C2014 02 23.36630 12 22 47.42 +31 16 05.6          19.8 Vq~115LG96
     K14D10K  C2014 02 23.36680 12 22 47.82 +31 16 07.7          19.3 Vq~115LG96
     K14D10K  C2014 02 23.36729 12 22 48.24 +31 16 10.2          20.0 Vq~115LG96
     K14D10K  C2014 02 23.36779 12 22 48.63 +31 16 12.7          19.4 Vq~115LG96
     K14D10K  C2014 02 23.36828 12 22 48.99 +31 16 14.9          19.9 Vq~115LG96
     K14D10K KC2014 02 24.30249 12 34 03.50 +31 59 42.2          20.2 Rq~115LH36
     K14D10K  C2014 02 24.30817012 34 11.24 +32 00 15.7          20.6 Rt~115LH01
     K14D10K KC2014 02 24.30875 12 34 05.55 +31 59 55.8          20.2 Rq~115LH36
     K14D10K KC2014 02 24.31500 12 34 07.53 +32 00 08.6          20.0 Rq~115LH36
     K14D10K  C2014 02 24.31921212 34 14.73 +32 00 42.3          20.3 Rt~115LH01
     K14D10K  C2014 02 24.32572812 34 16.73 +32 00 57.6          20.2 Rt~115LH01
     K14D10K  C2014 02 24.33453512 34 19.41 +32 01 17.6          20.1 Rt~115LH01
     K14D10K 2C2014 02 25.58729312 40 52.101+32 27 23.69         21.4 Rt~115L568
     K14D10K 2C2014 02 25.58920812 40 52.290+32 27 24.49         21.2 Rt~115L568
     K14D10K 2C2014 02 25.59095712 40 52.447+32 27 25.18         21.2 Rt~115L568
     K14D10K 2C2014 02 25.59291712 40 52.625+32 27 25.97         21.4 Rt~115L568
     K14D10K KC2014 02 26.49354 12 43 37.13 +32 35 26.5          21.1 Ro~115L291
     K14D10K KC2014 02 26.50073 12 43 37.54 +32 35 27.4          21.0 Ro~115L291
     K14D10K KC2014 02 26.50792 12 43 37.97 +32 35 27.7                o~115L291
     K14D10K 2C2014 02 28.53097912 47 08.424+32 46 20.53         21.8 Rt~11VQ568
     K14D10K 2C2014 02 28.53419312 47 08.368+32 46 20.99         21.6 Rt~11VQ568
     K14D10K 2C2014 02 28.53735012 47 08.312+32 46 21.32         21.5 Rt~11VQ568
     K14D10K ^C2014 03 04.33681 12 49 21.76 +32 47 18.6                o~16N4695
     K14D10K ^C2014 03 04.34865 12 49 21.38 +32 47 19.0          23.7 Ro~16N4695
     K14D10K ^C2014 03 05.46333 12 49 26.60 +32 45 28.3          23.0 Ro~16N4695
     K14D10K ^C2014 03 05.47580 12 49 26.21 +32 45 25.6          23.4 Ro~16N4695
     K14D10K 2C2014 03 07.57491812 49 28.947+32 40 25.04         23.8 Rt~11r4568
     K14D10K 2C2014 03 07.58577112 49 28.499+32 40 21.66         24.0 Rt~11r4568
     K14D10K 2C2014 03 07.59687312 49 28.057+32 40 17.95         23.2 Rt~11r4568
