     K14HJ9M*5C2014 04 29.37210 15 33 08.88 -29 21 13.9          22.7 VL~1CsMW84
     K14HJ9M 5C2014 04 29.37525 15 33 08.85 -29 21 16.3                L~1CsMW84
     K14HJ9M 5C2014 04 29.37842 15 33 08.82 -29 21 18.7                L~1CsMW84
     K14HJ9M 5C2014 04 29.38160 15 33 08.77 -29 21 21.1                L~1CsMW84
     K14HJ9M 5C2014 04 29.38480 15 33 08.74 -29 21 23.4                L~1CsMW84
     K14HJ9M 5C2014 05 06.33846 15 31 57.46 -30 40 30.5          22.7 VL~1CsMW84
     K14HJ9M 5C2014 05 06.34169 15 31 57.37 -30 40 32.1                L~1CsMW84
     K14HJ9M 5C2014 05 06.34493 15 31 57.30 -30 40 33.7                L~1CsMW84
     K14HJ9M 5C2014 05 06.34811 15 31 57.22 -30 40 35.3                L~1CsMW84
     K14HJ9M 5C2014 05 06.35132 15 31 57.13 -30 40 36.9                L~1CsMW84
