     K14Qa5J* C2014 08 30.30424 22 33 19.76 -10 12 26.4          20.3 Vq~18HLG96
     K14Qa5J  C2014 08 30.30935 22 33 22.65 -10 12 18.0          20.3 Vq~18HLG96
     K14Qa5J  C2014 08 30.31446 22 33 25.48 -10 12 09.2          20.2 Vq~18HLG96
     K14Qa5J  C2014 08 30.34374 22 33 41.70 -10 11 19.0          20.3 Vq~18HLG96
     K14Qa5J  C2014 08 30.35090 22 33 45.72 -10 11 06.6          20.1 Vq~18HLG96
     K14Qa5J  C2014 08 30.35800 22 33 49.63 -10 10 54.2          20.2 Vq~18HLG96
     K14Qa5J  C2014 08 30.36511 22 33 53.54 -10 10 42.1          20.2 Vq~18HLG96
     K14Qa5J  C2014 08 31.28275 22 42 12.75 -09 49 13.8          21.0 Vq~18HLG96
     K14Qa5J  C2014 08 31.28835 22 42 14.77 -09 49 07.5          20.7 Vq~18HLG96
     K14Qa5J  C2014 08 31.29397 22 42 16.83 -09 49 00.7          20.6 Vq~18HLG96
     K14Qa5J  C2014 09 01.31072 22 48 35.92 -09 31 45.3          21.3 Vq~18HLG96
     K14Qa5J  C2014 09 01.31537 22 48 37.03 -09 31 41.1          20.9 Vq~18HLG96
     K14Qa5J  C2014 09 01.32003 22 48 38.18 -09 31 36.8          21.2 Vq~18HLG96
     K14Qa5J  C2014 09 01.32469 22 48 39.30 -09 31 33.0          21.1 Vq~18HLG96
