     K14F32X tC2014 03 14.56565915 40 05.032-13 16 00.71         19.0 Rt~16WeF51
     K14F32X tC2014 03 14.60756015 39 24.511-13 09 59.40         19.0 Rt~16WeF51
     K14F32X tC2014 03 14.62352515 39 09.145-13 07 41.18         18.8 Rt~16WeF51
     K14F32X tC2014 03 14.62616015 39 06.596-13 07 18.14         19.3 Rt~16WeF51
     K14F32X* C2014 03 25.48257 14 37 56.50 -02 35 18.6          20.7 Vq~12E3G96
     K14F32X  C2014 03 25.48715 14 37 55.66 -02 35 12.4          20.6 Vq~12E3G96
     K14F32X  C2014 03 25.49172 14 37 54.87 -02 35 06.1          20.4 Vq~12E3G96
     K14F32X  C2014 03 25.49629 14 37 54.01 -02 34 59.7          21.5 Vq~12E3G96
     K14F32X  C2014 03 25.51000 14 37 51.57 -02 34 41.1          20.8 Vq~12E3G96
     K14F32X  C2014 03 25.51061 14 37 51.45 -02 34 39.4          20.8 Vq~12E3G96
     K14F32X  C2014 03 25.51122 14 37 51.34 -02 34 39.4          21.5 Vq~12E3G96
     K14F32X  C2014 03 25.51183 14 37 51.25 -02 34 38.0          21.7 Vq~12E3G96
     K14F32X KC2014 03 26.35779614 35 53.17 -02 16 29.8          21.1 Vu~12E3H21
     K14F32X KC2014 03 26.37022214 35 51.08 -02 16 15.2          21.4 Vu~12E3H21
     K14F32X KC2014 03 26.38295014 35 48.90 -02 15 58.9          21.8 Vu~12E3H21
     K14F32X |C2014 03 28.30122 14 31 41.99 -01 38 44.3          21.1 Vu~12gx807
     K14F32X |C2014 03 28.30743 14 31 41.05 -01 38 37.9          21.2 Vu~12gx807
     K14F32X |C2014 03 28.31491 14 31 39.88 -01 38 30.9          21.0 Vu~12gx807
     K14F32X KC2014 03 28.49756 14 31 15.92 -01 37 01.1          21.2 Ro~12E3291
     K14F32X KC2014 03 28.49936 14 31 15.68 -01 36 59.3          21.1 Ro~12E3291
     K14F32X KC2014 03 28.50116 14 31 15.43 -01 36 57.3          21.0 Ro~12E3291
     K14F32X KC2014 03 29.26625 14 29 52.65 -01 24 57.9          21.0 Ro~12gx291
     K14F32X KC2014 03 29.26920 14 29 52.27 -01 24 55.2          21.1 Ro~12gx291
     K14F32X KC2014 03 29.27215 14 29 51.86 -01 24 52.5          21.1 Ro~12gx291
     K14F32X |C2014 03 29.33316 14 29 40.02 -01 22 31.4          21.0 Vu~12gx807
     K14F32X |C2014 03 29.34008 14 29 39.05 -01 22 25.0          21.0 Vu~12gx807
     K14F32X |C2014 03 29.34757 14 29 37.99 -01 22 19.1          21.3 Vu~12gx807
     K14F32X KC2014 03 30.27155 14 28 00.91 -01 10 36.1          21.2 Ro~12gx291
     K14F32X KC2014 03 30.27453 14 28 00.57 -01 10 34.2          21.1 Ro~12gx291
     K14F32X KC2014 03 30.27748 14 28 00.17 -01 10 32.1          21.6 Ro~12gx291
     K14F32X KC2014 03 31.37175 14 26 03.17 -00 56 30.7          21.3 Ro~12gx291
     K14F32X KC2014 03 31.37470 14 26 02.79 -00 56 28.3          21.7 Ro~12gx291
     K14F32X KC2014 03 31.37765 14 26 02.41 -00 56 26.3          21.7 Ro~12gx291
     K14F32X KC2014 04 01.25545 14 24 37.93 -00 46 17.9          21.5 Ro~12gx291
     K14F32X KC2014 04 01.25984 14 24 37.43 -00 46 15.1          21.1 Ro~12gx291
     K14F32X KC2014 04 01.26423 14 24 36.92 -00 46 12.1          21.7 Ro~12gx291
     K14F32X KC2014 04 03.49603 14 21 05.45 -00 24 13.9          21.1 Ro~12gx291
     K14F32X KC2014 04 03.49966 14 21 05.05 -00 24 12.2          21.2 Ro~12gx291
     K14F32X KC2014 04 03.50330 14 21 04.71 -00 24 10.1          21.3 Ro~12gx291
     K14F32X ]C2014 04 04.25669 14 20 04.85 -00 17 51.0          21.9 Ro~12gx695
     K14F32X ]C2014 04 04.26151 14 20 04.36 -00 17 48.7          21.8 Ro~12gx695
     K14F32X ]C2014 04 04.26663 14 20 03.84 -00 17 46.5          21.9 Ro~12gx695
     K14F32X ]C2014 04 04.27141 14 20 03.36 -00 17 44.1          21.7 Ro~12gx695
     K14F32X KC2014 04 05.31829 14 18 35.43 -00 09 48.2          21.9 Ro~131o291
     K14F32X KC2014 04 05.32696 14 18 34.50 -00 09 43.6          21.5 Ro~131o291
     K14F32X  C2014 04 05.45598014 18 24.020-00 08 38.12         21.5 Rt~16WeF51
     K14F32X  C2014 04 05.46824114 18 22.746-00 08 32.96         22.2 Rt~16WeF51
     K14F32X KC2014 04 06.32929 14 17 14.65 -00 02 57.2          22.0 Ro~131o291
     K14F32X KC2014 04 06.33508 14 17 14.06 -00 02 54.8                o~131o291
     K14F32X KC2014 04 06.34085 14 17 13.51 -00 02 52.7                o~131o291
     K14F32X KC2014 04 08.32247 14 14 45.31 +00 08 20.2          22.3 Ro~131o291
     K14F32X KC2014 04 08.33405 14 14 44.31 +00 08 23.6          22.0 Ro~131o291
     K14F32X  C2014 04 09.42243114 13 25.67 +00 13 24.1          22.4 Rt~131oH01
     K14F32X  C2014 04 09.42904214 13 25.11 +00 13 25.7          22.0 Rt~131oH01
     K14F32X  C2014 04 09.43600614 13 24.53 +00 13 27.7          22.5 Rt~131oH01
     K14F32X  C2014 04 09.44348214 13 23.89 +00 13 29.6          22.0 Rt~131oH01
     K14F32X ^C2014 04 29.40724 13 58 01.44 +00 09 59.3          23.8 Ro~16N4695
     K14F32X ^C2014 04 29.41469 13 58 01.18 +00 09 57.3                o~16N4695
     K14F32X %C2014 05 01.13667513 57 22.716+00 03 49.22         24.0 Rt~13i9309
     K14F32X %C2014 05 01.14249413 57 22.529+00 03 47.88         24.0 Rt~13i9309
     K14F32X %C2014 05 01.14828513 57 22.340+00 03 46.48         23.7 Rt~13i9309
     K14F32X %C2014 05 01.15409713 57 22.154+00 03 45.04         23.6 Rt~13i9309
     K14F32X %C2014 05 28.14558813 59 35.302-02 51 16.08         25.4 Rt~14k5309
     K14F32X %C2014 05 28.16467213 59 35.734-02 51 25.42         25.8 Rt~14k5309
