     K14J15U  C2014 04 29.30537 14 15 08.25 -16 04 57.4                q~145s703
     K14J15U  C2014 04 29.31137 14 13 18.15 -16 06 45.8                q~145s703
     K14J15U  C2014 04 29.31735 14 11 29.39 -16 08 30.1                q~145s703
     K14J15U  C2014 04 29.32336 14 09 41.93 -16 10 09.2          14.3 Vq~145s703
     K14J15U* C2014 05 04.13747 11 01 47.37 -14 00 30.6          19.4 Vq~145s703
     K14J15U  C2014 05 04.14247 11 01 45.61 -14 00 27.4          19.8 Vq~145s703
     K14J15U  C2014 05 04.15248 11 01 42.05 -14 00 23.2          19.1 Vq~145s703
     K14J15U  C2014 05 04.20297 11 01 24.60 -13 59 50.5          19.5 Vq~145s703
     K14J15U  C2014 05 04.20466 11 01 24.00 -13 59 48.9          19.8 Vq~145s703
     K14J15U  C2014 05 04.20636 11 01 23.45 -13 59 48.8          19.3 Vq~145s703
     K14J15U  C2014 05 04.20806 11 01 22.91 -13 59 47.0          20.0 Vq~145s703
     K14J15U  C2014 05 04.20975 11 01 22.33 -13 59 46.1          20.0 Vq~145s703
     K14J15U  C2014 05 04.22185011 01 17.53 -13 59 41.0          18.7 Rt~145sH01
     K14J15U  C2014 05 04.22725611 01 15.79 -13 59 37.1          18.5 Rt~145sH01
     K14J15U  C2014 05 04.23659511 01 12.76 -13 59 30.2          18.8 Rt~145sH01
     K14J15U  C2014 05 04.24104 11 01 11.95 -13 59 20.5          19.2 Ro~145s926
     K14J15U  C2014 05 04.24448611 01 10.25 -13 59 24.2          18.8 Rt~145sH01
     K14J15U  C2014 05 04.24763 11 01 09.85 -13 59 15.8          19.0 Ro~145s926
     K14J15U  C2014 05 04.25398 11 01 07.82 -13 59 10.7          19.2 Ro~145s926
     K14J15U KC2014 05 04.50041 11 00 14.51 -13 52 32.4          19.3 Vq~145sE23
     K14J15U KC2014 05 04.51429 11 00 10.33 -13 52 23.3          19.4 Vq~145sE23
     K14J15U KC2014 05 04.86303510 59 06.65 -13 54 58.0          19.5 Vq~145sI93
     K14J15U KC2014 05 04.87127010 59 04.47 -13 54 54.2          19.6 Vq~145sI93
     K14J15U KC2014 05 04.87878010 59 02.51 -13 54 50.6          19.4 Vq~145sI93
     K14J15U KC2014 05 04.87895 10 59 02.53 -13 54 49.3          20.1 Vq~145s958
     K14J15U KC2014 05 04.88563 10 59 00.78 -13 54 45.2          20.0 Vq~145s958
     K14J15U KC2014 05 04.89232 10 58 59.01 -13 54 41.7          19.5 Vq~145s958
     K14J15U |C2014 05 04.95912 10 58 57.27 -13 49 36.4          19.1 Vu~145s807
     K14J15U |C2014 05 04.96380 10 58 56.02 -13 49 35.1          19.5 Vu~145s807
     K14J15U |C2014 05 04.96848 10 58 54.77 -13 49 34.0          19.7 Vu~145s807
     K14J15U  C2014 05 05.18878510 58 06.00 -13 52 13.5          19.4 Rt~145sH01
     K14J15U  C2014 05 05.19564710 58 04.32 -13 52 10.3          19.3 Rt~145sH01
     K14J15U  C2014 05 05.20429210 58 02.21 -13 52 06.1          18.9 Rt~145sH01
     K14J15U  C2014 05 05.21278510 58 00.17 -13 52 01.5          19.3 Rt~145sH01
     K14J15U  C2014 05 06.12587210 55 56.16 -13 47 01.2          19.6 Rt~145sH01
     K14J15U  C2014 05 06.13321910 55 54.73 -13 46 59.1          19.4 Rt~145sH01
     K14J15U  C2014 05 06.14047510 55 53.30 -13 46 57.0          19.4 Rt~145sH01
     K14J15U  C2014 05 06.14274 10 55 53.60 -13 46 52.8          19.8 Vq~145sG96
     K14J15U  C2014 05 06.14816610 55 51.82 -13 46 54.8          19.5 Rt~145sH01
     K14J15U  C2014 05 06.14819 10 55 52.55 -13 46 51.3          20.4 Vq~145sG96
     K14J15U  C2014 05 06.15365 10 55 51.47 -13 46 49.4          19.9 Vq~145sG96
     K14J15U  C2014 05 06.15912 10 55 50.41 -13 46 47.9          20.1 Vq~145sG96
     K14J15U KC2014 05 08.16121 10 52 49.41 -13 39 48.6          19.6 Ro~145s291
     K14J15U KC2014 05 08.16352 10 52 49.16 -13 39 48.4          20.1 Ro~145s291
     K14J15U KC2014 05 08.16584 10 52 48.86 -13 39 47.9          19.0 Ro~145s291
     K14J15U KC2014 05 17.16478 10 49 55.24 -13 36 04.0          21.7 Ro~14S4291
     K14J15U KC2014 05 17.21679 10 49 54.23 -13 36 04.4                o~14S4291
     K14J15U .C2014 06 03.90508 10 57 03.67 -14 11 03.9          22.2 Rt~15Kw950
     K14J15U .C2014 06 03.90895 10 57 03.76 -14 11 04.3          22.3 Rt~15Kw950
     K14J15U .C2014 06 03.91477 10 57 03.86 -14 11 04.7          22.0 Rt~15Kw950
