     K15T21L* C2015 10 08.23237 23 24 33.70 +07 43 30.3                q~1Xx7703
     K15T21L  C2015 10 08.23738 23 24 49.04 +07 44 05.8          19.2 Vq~1Xx7703
     K15T21L  C2015 10 08.24238 23 25 03.78 +07 44 37.8                q~1Xx7703
     K15T21L  C2015 10 08.24738 23 25 19.22 +07 45 15.3                q~1Xx7703
     K15T21L  C2015 10 08.29259 23 27 33.58 +07 50 21.7          19.0 Vq~1Xx7703
     K15T21L  C2015 10 08.29337 23 27 35.96 +07 50 27.3          18.7 Vq~1Xx7703
     K15T21L  C2015 10 08.29415 23 27 38.12 +07 50 32.1          19.3 Vq~1Xx7703
     K15T21L  C2015 10 08.29570 23 27 42.71 +07 50 42.1          19.1 Vq~1Xx7703
     K15T21L KC2015 10 08.32904 23 29 15.52 +07 53 30.7                q~1Xx7H21
     K15T21L KC2015 10 08.33337 23 29 28.21 +07 53 58.1          19.8 Vq~1Xx7H21
     K15T21L KC2015 10 08.33766 23 29 40.78 +07 54 25.1          19.7 Vq~1Xx7H21
     K15T21L KC2015 10 08.39899 23 33 02.30 +08 08 39.0          18.9 Rt~1Xx7474
     K15T21L KC2015 10 08.39976 23 33 04.48 +08 08 43.6          18.0 Rt~1Xx7474
     K15T21L KC2015 10 08.40053 23 33 06.61 +08 08 47.2          18.8 Rt~1Xx7474
     K15T21L  C2015 10 08.43586 23 34 22.85 +08 05 08.3          18.8 Vq~1Xx7703
     K15T21L  C2015 10 08.43625 23 34 23.98 +08 05 10.1          19.2 Vq~1Xx7703
     K15T21L  C2015 10 08.43663 23 34 24.85 +08 05 11.3          19.2 Vq~1Xx7703
     K15T21L  C2015 10 08.43702 23 34 26.03 +08 05 14.0          19.8 Vq~1Xx7703
     K15T21L  C2015 10 08.43740 23 34 27.06 +08 05 16.3          19.4 Vq~1Xx7703
     K15T21L KC2015 10 08.84315 23 51 58.10 +08 39 43.4          18.7  t~1Xx7104
     K15T21L KC2015 10 08.84631 23 52 04.99 +08 39 57.7          19.2  t~1Xx7104
     K15T21L KC2015 10 08.85002 23 52 13.07 +08 40 14.7          18.9  t~1Xx7104
     K15T21L KC2015 10 08.87942923 53 18.45 +08 41 52.7                q~1Xx7J95
     K15T21L KC2015 10 08.88234823 53 24.72 +08 42 06.1                q~1Xx7J95
     K15T21L KC2015 10 08.88520623 53 30.84 +08 42 18.3          19.1 Rq~1Xx7J95
     K15T21L KC2015 10 08.90973 23 54 23.20 +08 44 32.8          19.2 Vq~1Xx7I93
     K15T21L KC2015 10 08.91344 23 54 30.94 +08 44 49.0          20.1 Vq~1Xx7I93
     K15T21L KC2015 10 08.91690 23 54 38.30 +08 45 03.7          19.3 Vq~1Xx7I93
     K15T21L  C2015 10 09.12582 00 01 59.72 +08 59 28.1          19.9 Ru~1YhD926
     K15T21L  C2015 10 09.12919 00 02 06.09 +08 59 41.1          20.1 Ru~1YhD926
     K15T21L  C2015 10 09.13256 00 02 12.44 +08 59 53.0          19.5 Ru~1YhD926
     K15T21L  C2015 10 09.21105 00 04 36.19 +09 04 40.2          19.8 Ru~1Xx7926
     K15T21L  C2015 10 09.21442 00 04 42.21 +09 04 51.8          19.7 Ru~1Xx7926
     K15T21L  C2015 10 09.21779 00 04 48.22 +09 05 03.4          19.7 Ru~1Xx7926
     K15T21L  C2015 10 09.22547 00 05 01.84 +09 05 30.3          19.7 Ru~1Xx7926
     K15T21L  C2015 10 09.22885 00 05 07.78 +09 05 41.9          19.7 Ru~1Xx7926
     K15T21L  C2015 10 09.23221 00 05 13.74 +09 05 53.0          19.7 Ru~1Xx7926
     K15T21L  C2015 10 09.26801 00 06 16.23 +09 07 49.3          19.4 Vq~1Xx7I52
     K15T21L  C2015 10 09.26919 00 06 18.29 +09 07 53.1          19.6 Vq~1Xx7I52
     K15T21L  C2015 10 09.26978 00 06 19.28 +09 07 55.2          19.5 Vq~1Xx7I52
     K15T21L  C2015 10 09.28044 00 06 37.69 +09 08 33.8          19.7 Ru~1Xx7926
     K15T21L  C2015 10 09.28382 00 06 43.49 +09 08 44.7          19.9 Ru~1Xx7926
     K15T21L  C2015 10 09.28720 00 06 49.30 +09 08 55.6          19.7 Ru~1Xx7926
     K15T21L  C2015 10 10.25169 00 30 23.20 +09 47 58.9          20.6 rR~1YhDG45
     K15T21L  C2015 10 10.25725 00 30 29.32 +09 48 09.6          20.7 rR~1YhDG45
     K15T21L  C2015 10 10.26281 00 30 35.42 +09 48 19.4          19.5 rR~1YhDG45
     K15T21L  C2015 10 10.26790 00 30 40.99 +09 48 28.5          20.4 rR~1YhDG45
     K15T21L  C2015 10 10.27389 00 30 47.52 +09 48 39.3          20.4 rR~1YhDG45
     K15T21L KC2015 10 10.29385 00 31 10.25 +09 49 20.4          19.7 Ro~1YhD291
     K15T21L KC2015 10 10.29420 00 31 10.63 +09 49 21.2          19.9 Ro~1YhD291
     K15T21L KC2015 10 10.29453 00 31 11.04 +09 49 22.0          19.8 Ro~1YhD291
     K15T21L "C2015 10 11.30780600 47 18.59 +10 12 17.7          17.7 Rt~1lxC705
     K15T21L "C2015 10 11.31039700 47 20.53 +10 12 20.3          18.7 Rt~1lxC705
     K15T21L  C2015 10 12.34064 00 58 56.051+10 27 07.89         21.2 wL~1YhDF51
     K15T21L  C2015 10 12.35155 00 59 01.623+10 27 16.02         21.4 wL~1YhDF51
     K15T21L  C2015 10 13.28285 01 06 38.95 +10 35 22.7          20.6 Vq~1YhDG96
     K15T21L  C2015 10 13.29034 01 06 41.91 +10 35 26.2          21.2 Vq~1YhDG96
     K15T21L  C2015 10 13.29783 01 06 44.78 +10 35 29.7          20.9 Vq~1YhDG96
     K15T21L  C2015 10 13.30531 01 06 47.61 +10 35 33.4          21.0 Vq~1YhDG96
     K15T21L 2C2015 10 13.40889001 07 32.758+10 36 46.71         21.1 Rt~1YhD568
     K15T21L 2C2015 10 13.41065501 07 33.402+10 36 47.54         21.0 Rt~1YhD568
     K15T21L KC2015 10 14.24627 01 12 50.95 +10 41 38.4          21.2 Ro~1YhD291
     K15T21L KC2015 10 14.24796 01 12 51.46 +10 41 38.7          20.9 Ro~1YhD291
     K15T21L KC2015 10 14.24966 01 12 51.97 +10 41 39.5          21.0 Ro~1YhD291
     K15T21L 2C2015 10 14.46210601 13 58.584+10 43 09.71         21.0 Rt~1aff568
     K15T21L 2C2015 10 14.46286701 13 58.798+10 43 09.93         21.1 Rt~1aff568
     K15T21L 2C2015 10 14.46379601 13 59.056+10 43 10.26         21.0 Rt~1aff568
     K15T21L 2C2015 10 14.46481801 13 59.342+10 43 10.41         21.1 Rt~1aff568
     K15T21L KC2015 10 15.32969 01 18 14.42 +10 46 38.9          20.9 Ro~1YhD291
     K15T21L KC2015 10 15.33239 01 18 15.04 +10 46 39.5          21.0 Ro~1YhD291
     K15T21L KC2015 10 15.33512 01 18 15.65 +10 46 40.1          21.0 Ro~1YhD291
     K15T21L 2C2015 10 15.39127301 18 33.115+10 47 13.92         21.1 Rt~1aff568
     K15T21L 2C2015 10 15.39268501 18 33.434+10 47 14.29         21.1 Rt~1aff568
     K15T21L 2C2015 10 15.39530101 18 34.020+10 47 14.96         21.1 Rt~1aff568
     K15T21L KC2015 10 16.23628701 21 56.21 +10 49 32.2          22.2 Vu~1YhDH21
     K15T21L KC2015 10 16.25161701 21 59.12 +10 49 34.7          22.0 Vu~1YhDH21
     K15T21L KC2015 10 16.26464801 22 01.61 +10 49 37.3          22.1 Vu~1YhDH21
     K15T21L KC2015 10 17.27336701 25 24.21 +10 52 16.6          22.4 Vu~1affH21
     K15T21L KC2015 10 17.28173501 25 25.50 +10 52 17.6          22.1 Vu~1affH21
     K15T21L KC2015 10 17.28675201 25 26.32 +10 52 18.4          22.1 Vu~1affH21
     K15T21L KC2015 10 18.24826401 28 09.14 +10 54 13.1          22.4 Vu~1affH21
     K15T21L KC2015 10 18.25637401 28 10.17 +10 54 14.1          22.2 Vu~1affH21
     K15T21L KC2015 10 18.26793001 28 11.64 +10 54 14.8          22.2 Vu~1affH21
     K15T21L KC2015 10 19.24766401 30 32.21 +10 55 47.6          23.0 Vu~1affH21
     K15T21L KC2015 10 19.25983201 30 33.52 +10 55 48.2          22.5 Vu~1affH21
     K15T21L KC2015 10 19.27240301 30 34.89 +10 55 49.3          22.6 Vu~1affH21
