     K15V64L* C2015 11 07.29281 02 28 52.53 +09 33 28.6          20.2 Vq~1cMpG96
     K15V64L  C2015 11 07.29902 02 28 44.99 +09 33 38.2          20.4 Vq~1cMpG96
     K15V64L  C2015 11 07.30523 02 28 37.52 +09 33 47.6          20.3 Vq~1cMpG96
     K15V64L  C2015 11 07.36083 02 27 31.85 +09 35 07.4          20.5 Vq~1cMpG96
     K15V64L  C2015 11 07.36782 02 27 23.82 +09 35 16.8          20.3 Vq~1cMpG96
     K15V64L  C2015 11 07.37481 02 27 15.83 +09 35 25.8          20.0 Vq~1cMpG96
     K15V64L  C2015 11 07.38180 02 27 07.90 +09 35 34.5          20.4 Vq~1cMpG96
     K15V64L KC2015 11 07.40202 02 26 45.47 +09 36 04.1          19.6 Ro~1cMp291
     K15V64L KC2015 11 07.40288 02 26 44.51 +09 36 05.1          19.9 Ro~1cMp291
     K15V64L KC2015 11 07.40376 02 26 43.51 +09 36 06.3          19.9 Ro~1cMp291
     K15V64L  C2015 11 07.41754802 26 27.59 +09 36 04.8          20.7 Vt~1cMpH01
     K15V64L  C2015 11 07.42419702 26 20.46 +09 36 12.4          20.8 Vt~1cMpH01
     K15V64L  C2015 11 07.43143002 26 12.79 +09 36 20.8          20.7 Vt~1cMpH01
     K15V64L  C2015 11 07.43825802 26 05.60 +09 36 28.8          20.6 Vt~1cMpH01
     K15V64L KC2015 11 07.89926702 19 59.554+09 47 18.52         20.3 Rq~1cMpJ04
     K15V64L KC2015 11 07.90424002 19 55.048+09 47 25.29         20.5 Rq~1cMpJ04
     K15V64L KC2015 11 07.90924902 19 50.513+09 47 32.17         20.2 Rq~1cMpJ04
     K15V64L HC2015 11 07.99016602 18 28.52 +09 47 25.5          20.6 Rt~1cMpB04
     K15V64L KC2015 11 07.99775102 18 21.89 +09 47 32.8                t~1cMpB04
     K15V64L KC2015 11 08.00435702 18 16.17 +09 47 39.3          20.2 Rt~1cMpB04
     K15V64L  C2015 11 08.22897 02 15 47.46 +09 52 48.9          21.1 Vq~1cMpG96
     K15V64L  C2015 11 08.23405 02 15 43.26 +09 52 54.3          21.0 Vq~1cMpG96
     K15V64L  C2015 11 08.23913 02 15 39.13 +09 52 59.8          20.9 Vq~1cMpG96
     K15V64L  C2015 11 08.24422 02 15 35.00 +09 53 04.0          20.7 Vq~1cMpG96
     K15V64L KC2015 11 10.18873 01 59 56.61 +10 14 13.6          20.6 Ro~1cMp291
     K15V64L KC2015 11 10.19322 01 59 54.74 +10 14 16.3          20.9 Ro~1cMp291
     K15V64L KC2015 11 10.19774 01 59 52.75 +10 14 19.3          21.2 Ro~1cMp291
     K15V64L KC2015 11 13.20148 01 48 13.24 +10 30 23.2          21.9 Ro~1cMp291
     K15V64L KC2015 11 13.22593 01 48 07.88 +10 30 30.0          22.0 Ro~1cMp291
