     K15Y01M* C2015 12 18.32137 05 53 01.35 +19 34 36.5          19.1 Vq~1gnpG96
     K15Y01M  C2015 12 18.32596 05 52 57.04 +19 37 16.5          18.8 Vq~1gnpG96
     K15Y01M  C2015 12 18.33058 05 52 52.69 +19 39 56.4          18.8 Vq~1gnpG96
     K15Y01M  C2015 12 18.33522 05 52 48.33 +19 42 38.6          19.4 Vq~1gnpG96
     K15Y01M  C2015 12 18.36310 05 52 22.56 +19 58 27.8          18.6 Vq~1gnpG96
     K15Y01M  C2015 12 18.36447 05 52 21.30 +19 59 14.2          19.1 Vq~1gnpG96
     K15Y01M  C2015 12 18.36583 05 52 20.08 +19 59 59.4          19.3 Vq~1gnpG96
     K15Y01M  C2015 12 18.36719 05 52 18.85 +20 00 45.4          19.3 Vq~1gnpG96
     K15Y01M  C2015 12 18.41038 05 51 40.98 +20 24 24.1          18.9 Vq~1gnpG96
     K15Y01M  C2015 12 18.41257 05 51 39.13 +20 25 34.5                q~1gnpG96
     K15Y01M  C2015 12 18.41475 05 51 37.30 +20 26 44.3          19.1 Vq~1gnpG96
     K15Y01M  C2015 12 18.41701 05 51 35.45 +20 27 54.8                q~1gnpG96
     K15Y01M  C2015 12 19.18183 05 46 09.97 +26 02 59.4          19.6 Vq~1gnpG96
     K15Y01M  C2015 12 19.18641 05 46 07.20 +26 04 40.4          19.5 Vq~1gnpG96
     K15Y01M  C2015 12 19.19099 05 46 04.43 +26 06 20.8          19.4 Vq~1gnpG96
     K15Y01M  C2015 12 19.19559 05 46 01.58 +26 08 00.9          19.5 Vq~1gnpG96
     K15Y01M  C2015 12 19.19992 05 45 58.89 +26 09 34.4          19.5 Vq~1gnpI52
     K15Y01M  C2015 12 19.20112 05 45 58.17 +26 10 00.5          19.7 Vq~1gnpI52
     K15Y01M  C2015 12 19.20353 05 45 56.60 +26 10 52.5          18.2 Vq~1gnpI52
     K15Y01M ]C2015 12 19.30468 05 44 52.57 +26 45 42.4          19.3 Ro~1gnp695
     K15Y01M ]C2015 12 19.30534 05 44 52.16 +26 45 55.4          19.2 Ro~1gnp695
     K15Y01M ]C2015 12 19.30708 05 44 51.03 +26 46 29.5          19.3 Ro~1gnp695
     K15Y01M KC2015 12 20.07815 05 40 12.64 +30 12 35.8                q~1gnp204
     K15Y01M KC2015 12 20.08828 05 40 08.45 +30 14 44.6          20.1 Rq~1gnp204
     K15Y01M HC2015 12 20.09933 05 40 03.94 +30 17 03.6                q~1gnp204
     K15Y01M KC2015 12 20.10736 05 39 59.66 +30 18 51.2          18.7  t~1gnp104
     K15Y01M KC2015 12 20.11289 05 39 57.35 +30 19 59.6          19.9  t~1gnp104
     K15Y01M KC2015 12 20.11600 05 40 50.16 +30 21 32.9          21.1 Ro~1gnp291
     K15Y01M KC2015 12 20.11812 05 40 49.34 +30 22 04.4          19.9 Ro~1gnp291
     K15Y01M KC2015 12 20.11842 05 39 55.23 +30 21 07.2          19.5  t~1gnp104
     K15Y01M KC2015 12 20.91768 05 37 09.96 +32 51 03.5                q~1gnpJ95
     K15Y01M KC2015 12 20.95069 05 36 58.68 +32 56 26.4                q~1gnpJ95
     K15Y01M KC2015 12 20.98586 05 36 46.52 +33 01 59.7          20.8 Rq~1gnpJ95
     K15Y01M 2C2016 01 06.44551005 24 22.377+42 24 41.24         23.6 Rt~1hXJ568
     K15Y01M 2C2016 01 06.45718105 24 22.000+42 24 41.14         23.8 Rt~1hXJ568
     K15Y01M 2C2016 01 07.48787305 24 36.755+42 27 26.40         24.3 Rt~1iI8568
