     K15J01C* C2015 05 12.33983 15 31 51.62 -21 14 56.2          19.2 Vq~1S7sG96
     K15J01C  C2015 05 12.34442 15 31 49.87 -21 13 49.1          19.8 Vq~1S7sG96
     K15J01C  C2015 05 12.34900 15 31 48.14 -21 12 39.9          19.8 Vq~1S7sG96
     K15J01C  C2015 05 12.35360 15 31 46.43 -21 11 31.6          20.1 Vq~1S7sG96
     K15J01C  C2015 05 12.37583 15 31 38.19 -21 06 02.2          21.2 Vq~1S7sG96
     K15J01C  C2015 05 12.37633 15 31 37.98 -21 05 52.7          20.1 Vq~1S7sG96
     K15J01C  C2015 05 12.37683 15 31 37.80 -21 05 45.7          19.7 Vq~1S7sG96
     K15J01C  C2015 05 12.37733 15 31 37.62 -21 05 38.7          19.7 Vq~1S7sG96
     K15J01C  C2015 05 12.38064 15 31 36.36 -21 04 49.8          20.7 Vq~1S7sI52
     K15J01C  C2015 05 12.38123 15 31 36.19 -21 04 40.9          20.2 Vq~1S7sI52
     K15J01C  C2015 05 12.38181 15 31 35.95 -21 04 33.0          19.7 Vq~1S7sI52
     K15J01C  C2015 05 12.38240 15 31 35.75 -21 04 24.3          20.2 Vq~1S7sI52
     K15J01C KC2015 05 12.40034 15 31 47.59 -20 54 33.8          19.9 Rt~1S7s474
     K15J01C KC2015 05 12.40411 15 31 46.34 -20 53 39.8          19.6 Rt~1S7s474
     K15J01C KC2015 05 12.40502 15 31 46.00 -20 53 26.1          18.6 Rt~1S7s474
     K15J01C KC2015 05 12.41217 15 31 43.85 -20 51 47.2          20.0 Rt~1S7s474
     K15J01C KC2015 05 12.41398 15 31 42.97 -20 51 21.0          19.9 Rt~1S7s474
     K15J01C KC2015 05 12.41580 15 31 42.48 -20 50 55.7          20.1 Rt~1S7s474
     K15J01C KC2015 05 12.41761 15 31 41.89 -20 50 30.4          19.9 Rt~1S7s474
     K15J01C KC2015 05 13.01482 15 29 15.34 -18 52 40.9                q~1S7sJ95
     K15J01C KC2015 05 13.03263 15 29 10.76 -18 49 28.2                q~1S7sJ95
     K15J01C KC2015 05 13.04986 15 29 06.26 -18 46 22.6          20.4 Rq~1S7sJ95
     K15J01C |C2015 05 13.15188 15 28 53.68 -18 24 26.6          20.3 Vu~1S7s807
     K15J01C |C2015 05 13.15607 15 28 52.55 -18 23 44.8          19.9 Vu~1S7s807
     K15J01C |C2015 05 13.16023 15 28 51.43 -18 23 02.7          20.3 Vu~1S7s807
     K15J01C KC2015 05 13.25489 15 28 32.03 -18 11 11.8          19.7 Rq~1S7sH36
     K15J01C KC2015 05 13.26011 15 28 30.73 -18 10 21.9          20.0 Rq~1S7sH36
     K15J01C KC2015 05 13.27036 15 28 28.18 -18 08 42.4          20.1 Rq~1S7sH36
     K15J01C  C2015 05 13.27185 15 28 31.07 -18 08 12.3          20.6 Vq~1S7sI52
     K15J01C  C2015 05 13.27261 15 28 30.92 -18 08 04.8          20.9 Vq~1S7sI52
     K15J01C  C2015 05 13.27338 15 28 30.72 -18 07 58.0          20.7 Vq~1S7sI52
     K15J01C  C2015 05 13.27414 15 28 30.49 -18 07 50.7          20.8 Vq~1S7sI52
     K15J01C KC2015 05 13.27515 15 28 26.98 -18 07 56.5          19.5 Rq~1S7sH36
     K15J01C  C2015 05 13.28012 15 28 29.08 -18 06 50.6          20.3 Ro~1S7s926
     K15J01C  C2015 05 13.28348 15 28 28.24 -18 06 18.6          20.7 Ro~1S7s926
     K15J01C  C2015 05 13.28685 15 28 27.38 -18 05 46.5          21.4 Ro~1S7s926
     K15J01C KC2015 05 15.52843 15 24 04.76 -13 59 08.7          21.3 Rt~1S7s474
     K15J01C KC2015 05 15.53551 15 24 03.92 -13 58 36.7          21.3 Rt~1S7s474
     K15J01C KC2015 05 15.54258 15 24 03.00 -13 58 06.4          22.1 Rt~1S7s474
     K15J01C  C2015 05 18.17810715 21 42.89 -11 42 32.0          21.9 Rt~1SMzH01
     K15J01C  C2015 05 18.19740915 21 41.55 -11 41 49.7          22.0 Rt~1SMzH01
     K15J01C  C2015 05 18.20254115 21 41.20 -11 41 38.6          22.4 Rt~1SMzH01
     K15J01C  C2015 05 18.21135815 21 40.55 -11 41 19.2          21.3 Rt~1SMzH01
     K15J01C 2C2015 05 21.41385415 20 10.620-10 13 44.17         23.1 Rt~1Sil568
     K15J01C 2C2015 05 21.42398415 20 10.119-10 13 32.23         23.1 Rt~1Sil568
     K15J01C 2C2015 05 22.38513215 19 55.409-09 56 11.36         23.2 Rt~1Sil568
     K15J01C 2C2015 05 22.39529715 19 54.965-09 56 01.23         23.1 Rt~1Sil568
     K15J01C 2C2015 05 22.40550015 19 54.528-09 55 51.33         23.4 Rt~1Sil568
