     K15VE2O  C2015 11 06.49765402 46 20.304+20 38 08.92         21.2 Rt~1diZF51
     K15VE2O  C2015 11 07.31364702 46 32.810+20 22 31.15         21.3 Rt~1diZF51
     K15VE2O  C2015 11 07.33821102 46 29.915+20 22 10.41         21.1 Rt~1diZF51
     K15VE2O  C2015 11 07.35055202 46 28.342+20 21 58.95         21.4 Rt~1diZF51
     K15VE2O* C2015 11 14.19137 02 44 26.26 +16 19 25.0          20.7 Vq~1diZG96
     K15VE2O  C2015 11 14.19596 02 44 25.38 +16 19 10.3          20.6 Vq~1diZG96
     K15VE2O  C2015 11 14.20054 02 44 24.50 +16 18 55.4          20.5 Vq~1diZG96
     K15VE2O  C2015 11 14.23012802 44 16.38 +16 17 05.6          21.3 Vt~1diZH01
     K15VE2O  C2015 11 14.23878902 44 14.52 +16 16 35.5          21.1 Vt~1diZH01
     K15VE2O  C2015 11 14.24415202 44 13.36 +16 16 16.7          21.0 Vt~1diZH01
     K15VE2O  C2015 11 14.25159302 44 11.74 +16 15 50.1          21.4 Vt~1diZH01
     K15VE2O KC2015 11 14.27495 02 44 08.98 +16 14 43.7          20.8 Ro~1diZ291
     K15VE2O KC2015 11 14.27609 02 44 08.73 +16 14 39.8          20.8 Ro~1diZ291
     K15VE2O KC2015 11 14.27725 02 44 08.47 +16 14 34.5          20.3 Ro~1diZ291
     K15VE2O  C2015 11 14.41159 02 43 41.05 +16 05 29.6          20.3 Vq~1diZG96
     K15VE2O  C2015 11 14.41209 02 43 40.98 +16 05 27.3          20.4 Vq~1diZG96
     K15VE2O  C2015 11 14.41259 02 43 40.88 +16 05 24.9          20.6 Vq~1diZG96
     K15VE2O  C2015 11 14.41308 02 43 40.82 +16 05 23.1          20.7 Vq~1diZG96
     K15VE2O KC2015 11 14.97717 02 43 43.28 +15 26 41.3                q~1diZ204
     K15VE2O KC2015 11 14.98526 02 43 41.66 +15 26 05.1                q~1diZ204
     K15VE2O KC2015 11 15.00041 02 43 38.79 +15 24 57.6          20.4 Rq~1diZ204
     K15VE2O KC2015 11 15.00993 02 43 36.95 +15 24 15.1                q~1diZ204
     K15VE2O KC2015 11 15.13682702 43 58.56 +15 16 03.6          20.5 Vu~1diZH21
     K15VE2O KC2015 11 15.14554602 43 56.77 +15 15 28.0          20.8 Vu~1diZH21
     K15VE2O KC2015 11 15.15378202 43 55.02 +15 14 53.9          20.8 Vu~1diZH21
     K15VE2O KC2015 11 16.12749602 43 31.47 +13 55 26.0          20.4 Vu~1diZH21
     K15VE2O KC2015 11 16.13146602 43 30.60 +13 55 06.2          20.4 Vu~1diZH21
     K15VE2O KC2015 11 16.13602102 43 29.56 +13 54 42.8          20.6 Vu~1diZH21
     K15VE2O KC2015 11 16.77820002 43 22.13 +13 04 26.3          20.0 Rq~1diZK91
     K15VE2O KC2015 11 16.78155802 43 21.40 +13 04 07.2          20.0 Rq~1diZK91
     K15VE2O KC2015 11 16.78492202 43 20.64 +13 03 47.9          19.8 Rq~1diZK91
     K15VE2O KC2015 11 16.90309 02 42 55.81 +12 36 49.3          19.9 Rq~1diZ587
     K15VE2O KC2015 11 16.91988 02 42 51.65 +12 35 00.0                q~1diZ587
     K15VE2O 2C2015 11 17.26991402 43 09.135+11 58 56.23         19.8 Rt~1diZ568
     K15VE2O  C2015 11 18.22427 02 42 10.06 +09 43 55.2          20.1 Ru~1diZ926
     K15VE2O  C2015 11 18.22926 02 42 08.27 +09 43 08.5          19.7 Ru~1diZ926
     K15VE2O KC2015 11 18.23387 02 42 07.20 +09 42 17.2          19.7 Ro~1diZ291
     K15VE2O  C2015 11 18.23425 02 42 06.57 +09 42 20.6          19.8 Ru~1diZ926
     K15VE2O KC2015 11 18.23442 02 42 07.03 +09 42 12.4          19.8 Ro~1diZ291
     K15VE2O KC2015 11 18.23496 02 42 06.83 +09 42 07.0          19.7 Ro~1diZ291
     K15VE2O  C2015 11 19.14358 02 41 52.87 +06 51 35.5          19.8 Ru~1diZ926
     K15VE2O  C2015 11 19.14764 02 41 51.56 +06 50 44.1          19.6 Ru~1diZ926
     K15VE2O  C2015 11 19.15171 02 41 50.22 +06 49 52.7          19.7 Ru~1diZ926
     K15VE2O KC2015 11 19.15563202 41 26.74 +06 47 16.5          19.5 Vu~1diZH21
     K15VE2O KC2015 11 19.15767402 41 25.99 +06 46 50.0          19.7 Vu~1diZH21
     K15VE2O KC2015 11 19.15971602 41 25.20 +06 46 23.4          19.5 Vu~1diZH21
     K15VE2O KC2015 11 19.16175202 41 24.45 +06 45 56.9          19.8 Vu~1diZH21
     K15VE2O KC2015 11 19.16378402 41 23.67 +06 45 30.3          19.5 Vu~1diZH21
     K15VE2O KC2015 11 19.16581702 41 22.92 +06 45 03.4          18.9 Vu~1diZH21
     K15VE2O KC2015 11 19.16784902 41 22.14 +06 44 37.1          19.5 Vu~1diZH21
     K15VE2O KC2015 11 19.16994902 41 21.36 +06 44 09.3          19.5 Vu~1diZH21
     K15VE2O KC2015 11 19.20535302 41 07.67 +06 36 19.1          19.9 Vu~1ePVH21
     K15VE2O KC2015 11 19.20764902 41 06.79 +06 35 48.3          19.6 Vu~1ePVH21
     K15VE2O KC2015 11 19.20987402 41 05.92 +06 35 18.2          19.9 Vu~1ePVH21
     K15VE2O KC2015 11 19.21202802 41 05.08 +06 34 49.3          19.6 Vu~1ePVH21
     K15VE2O KC2015 11 19.21418002 41 04.26 +06 34 20.3          19.9 Vu~1ePVH21
     K15VE2O KC2015 11 19.21698102 41 03.17 +06 33 42.3          20.0 Vu~1ePVH21
     K15VE2O  C2015 11 20.14638 02 40 57.80 +02 25 11.1          19.2 Ru~1diZ926
     K15VE2O  C2015 11 20.14905 02 40 56.73 +02 24 18.7          19.1 Ru~1diZ926
     K15VE2O  C2015 11 20.15173 02 40 55.62 +02 23 27.2          19.2 Ru~1diZ926
     K15VE2O  C2015 11 20.19124 02 40 37.92 +02 10 37.3          19.2 Ru~1diZ926
     K15VE2O  C2015 11 20.19392 02 40 36.69 +02 09 44.9          19.2 Ru~1diZ926
     K15VE2O  C2015 11 20.19660 02 40 35.35 +02 08 51.8          19.4 Ru~1diZ926
     K15VE2O KC2015 11 20.20809 02 40 40.14 +02 03 04.8          18.3 Rq~1diZG58
     K15VE2O KC2015 11 20.21040 02 40 39.12 +02 02 18.4          18.4 Rq~1diZG58
     K15VE2O KC2015 11 20.21272 02 40 38.13 +02 01 32.0          18.4 Rq~1diZG58
     K15VE2O  C2015 11 20.22947702 39 29.96 +02 19 12.2          18.7 Rt~1diZW86
     K15VE2O  C2015 11 20.23174802 39 28.88 +02 18 26.8          18.3 Rt~1diZW86
     K15VE2O  C2015 11 20.23403202 39 27.80 +02 17 41.1          18.8 Rt~1diZW86
     K15VE2O  C2015 11 20.23629502 39 26.73 +02 16 55.8          18.4 Rt~1diZW86
     K15VE2O  C2015 11 20.23856702 39 25.68 +02 16 10.1          18.6 Rt~1diZW86
     K15VE2O  C2015 11 20.24084102 39 24.64 +02 15 24.3          18.4 Rt~1diZW86
     K15VE2O  C2015 11 20.24312602 39 23.59 +02 14 38.4          18.8 Rt~1diZW86
     K15VE2O  C2015 11 20.24538702 39 22.55 +02 13 53.1          18.4 Rt~1diZW86
     K15VE2O  C2015 11 20.24765002 39 21.55 +02 13 07.4          18.7 Rt~1diZW86
     K15VE2O  C2015 11 20.24991402 39 20.52 +02 12 21.8          18.2 Rt~1diZW86
     K15VE2O  C2015 11 21.11980 02 39 54.72 -04 11 49.3          18.7 Ru~1diZ926
     K15VE2O  C2015 11 21.12165 02 39 53.86 -04 12 47.5          18.7 Ru~1diZ926
     K15VE2O  C2015 11 21.12352 02 39 52.98 -04 13 45.5          18.8 Ru~1diZ926
     K15VE2O  C2015 11 21.14444302 38 44.28 -03 58 33.2          18.4 Rt~1ePVW86
     K15VE2O  C2015 11 21.14549402 38 43.58 -03 59 05.5          17.9 Rt~1ePVW86
     K15VE2O  C2015 11 21.14654702 38 42.85 -03 59 37.6          17.7 Rt~1ePVW86
     K15VE2O  C2015 11 21.14759902 38 42.14 -04 00 10.2          18.1 Rt~1ePVW86
     K15VE2O  C2015 11 21.14865402 38 41.41 -04 00 43.0          18.4 Rt~1ePVW86
     K15VE2O  C2015 11 21.14970302 38 40.71 -04 01 15.2          18.5 Rt~1ePVW86
     K15VE2O  C2015 11 21.15075502 38 40.00 -04 01 47.5          18.1 Rt~1ePVW86
     K15VE2O  C2015 11 21.15180602 38 39.26 -04 02 20.3          18.2 Rt~1ePVW86
     K15VE2O  C2015 11 21.15181 02 39 38.46 -04 28 36.7          18.8 Ru~1diZ926
     K15VE2O  C2015 11 21.15285602 38 38.54 -04 02 52.5          18.4 Rt~1ePVW86
     K15VE2O  C2015 11 21.15366 02 39 37.50 -04 29 35.5          18.8 Ru~1diZ926
     K15VE2O  C2015 11 21.15390602 38 37.83 -04 03 25.4          18.3 Rt~1ePVW86
     K15VE2O  C2015 11 21.15552 02 39 36.45 -04 30 34.4          18.8 Ru~1diZ926
     K15VE2O  C2015 11 21.17136 02 39 27.35 -04 38 59.4          18.8 Ru~1diZ926
     K15VE2O  C2015 11 21.17322 02 39 26.21 -04 39 59.0          19.0 Ru~1diZ926
     K15VE2O  C2015 11 21.17508 02 39 25.11 -04 40 58.6          18.8 Ru~1diZ926
     K15VE2O  C2015 11 21.18461702 39 13.04 -04 47 03.6          18.9 Vt~1diZH01
     K15VE2O  C2015 11 21.19186102 39 08.50 -04 50 56.8          19.0 Vt~1diZH01
     K15VE2O  C2015 11 21.19885202 39 04.06 -04 54 42.6          19.0 Vt~1diZH01
     K15VE2O  C2015 11 21.20494002 39 00.12 -04 57 59.8          19.3 Vt~1diZH01
     K15VE2O KC2015 11 22.05977902 37 34.38 -14 12 15.4          17.4 Rt~1ePVW86
     K15VE2O KC2015 11 22.06175402 37 32.70 -14 14 01.1          17.4 Rt~1ePVW86
     K15VE2O KC2015 11 22.06372002 37 31.04 -14 15 46.3          17.3 Rt~1ePVW86
     K15VE2O KC2015 11 22.06568302 37 29.35 -14 17 31.4          17.5 Rt~1ePVW86
     K15VE2O KC2015 11 22.06765002 37 27.67 -14 19 16.7          17.2 Rt~1ePVW86
