     K15X00P* C2015 12 02.17815 01 02 29.03 -11 42 43.9          18.9 Vq~1ePw703
     K15X00P  C2015 12 02.18415 01 02 22.26 -11 42 34.8          19.5 Vq~1ePw703
     K15X00P  C2015 12 02.19023 01 02 15.41 -11 42 28.5          18.5 Vq~1ePw703
     K15X00P  C2015 12 02.19625 01 02 08.58 -11 42 19.2          19.1 Vq~1ePw703
     K15X00P  C2015 12 02.25400601 01 01.73 -11 41 03.2          18.5 Vt~1ePwH01
     K15X00P  C2015 12 02.26340801 00 51.12 -11 40 47.8          19.1 Vt~1ePwH01
     K15X00P  C2015 12 02.27156701 00 41.98 -11 40 34.1          19.3 Vt~1ePwH01
     K15X00P  C2015 12 02.27696701 00 35.90 -11 40 24.8          18.8 Vt~1ePwH01
     K15X00P  C2015 12 02.27929 01 00 34.21 -11 40 13.4          18.4 Vq~1ePw703
     K15X00P  C2015 12 02.28007 01 00 33.31 -11 40 11.8          18.8 Vq~1ePw703
     K15X00P  C2015 12 02.28086 01 00 32.39 -11 40 11.3          18.4 Vq~1ePw703
     K15X00P  C2015 12 02.28162 01 00 31.47 -11 40 10.4          18.5 Vq~1ePw703
     K15X00P  C2015 12 02.28271501 00 29.46 -11 40 14.9          19.0 Vt~1ePwH01
     K15X00P  C2015 12 02.28963401 00 21.69 -11 40 03.2          18.7 Vt~1ePwH01
     K15X00P  C2015 12 02.29673401 00 13.80 -11 39 50.3          19.2 Vt~1ePwH01
     K15X00P  C2015 12 02.30535801 00 04.23 -11 39 34.9          18.5 Vt~1ePwH01
     K15X00P 5C2015 12 02.45574 00 57 48.92 -11 26 37.6          18.6 Rq~1ePwQ62
     K15X00P 5C2015 12 02.45720 00 57 47.01 -11 26 35.0          18.3 Rq~1ePwQ62
     K15X00P 5C2015 12 02.45896 00 57 44.71 -11 26 31.9          18.0 Rq~1ePwQ62
     K15X00P KC2015 12 02.73184 00 52 41.06 -11 30 36.6          17.8 Ro~1ePwK51
     K15X00P KC2015 12 02.73273 00 52 39.74 -11 30 35.2          17.8 Ro~1ePwK51
     K15X00P KC2015 12 02.73363 00 52 38.41 -11 30 33.8          17.8 Ro~1ePwK51
     K15X00P KC2015 12 02.74916200 52 17.64 -11 30 04.9          18.2  t~1ePwB04
     K15X00P KC2015 12 02.76514400 51 53.87 -11 29 39.3          18.4  t~1ePwB04
     K15X00P KC2015 12 02.77072800 51 45.46 -11 29 29.9          17.8  t~1ePwB04
     K15X00P KC2015 12 02.77534 00 51 37.79 -11 29 23.0                t~1ePw204
     K15X00P KC2015 12 02.77886700 51 33.14 -11 29 16.1          18.0  t~1ePwB04
     K15X00P KC2015 12 02.77918 00 51 31.97 -11 29 16.4          18.1 Rt~1ePw204
     K15X00P KC2015 12 02.78301 00 51 26.09 -11 29 09.5                t~1ePw204
     K15X00P KC2015 12 02.80933 00 50 45.50 -11 28 21.0                t~1ePw204
     K15X00P KC2015 12 02.81547 00 50 35.92 -11 28 09.1                t~1ePw204
     K15X00P KC2015 12 02.82162 00 50 26.29 -11 27 57.0          17.7 Rt~1ePw204
     K15X00P KC2015 12 03.04955900 44 56.93 -11 18 53.8          19.3 Vu~1ePwH21
     K15X00P KC2015 12 03.05124900 44 53.83 -11 18 49.9          19.2 Vu~1ePwH21
     K15X00P KC2015 12 03.05293900 44 50.71 -11 18 46.0          18.6 Vu~1ePwH21
     K15X00P KC2015 12 03.05462900 44 47.61 -11 18 42.1          18.6 Vu~1ePwH21
     K15X00P KC2015 12 03.05631800 44 44.49 -11 18 38.2          18.9 Vu~1ePwH21
     K15X00P KC2015 12 03.05800800 44 41.37 -11 18 34.2          19.0 Vu~1fOlH21
     K15X00P KC2015 12 03.05969800 44 38.24 -11 18 29.9          19.5 Vu~1fOlH21
     K15X00P KC2015 12 03.06138800 44 35.10 -11 18 26.0          19.4 Vu~1fOlH21
     K15X00P KC2015 12 03.06307800 44 31.99 -11 18 21.9          18.8 Vu~1fOlH21
     K15X00P  C2015 12 03.06439000 44 42.87 -11 17 23.8          18.9 Vt~1ePwH01
     K15X00P KC2015 12 03.06465900 44 29.04 -11 18 18.2          18.7 Vu~1fOlH21
     K15X00P  C2015 12 03.06728500 44 37.49 -11 17 17.5          18.2 Vt~1ePwH01
     K15X00P  C2015 12 03.07936900 44 14.95 -11 16 50.5          18.8 Vt~1ePwH01
     K15X00P  C2015 12 03.08557300 44 03.24 -11 16 36.1          19.3 Vt~1ePwH01
     K15X00P  C2015 12 03.11822 00 43 03.37 -11 14 52.5          18.2 Ru~1ePw926
     K15X00P  C2015 12 03.11986 00 43 00.18 -11 14 48.3          18.3 Ru~1ePw926
     K15X00P  C2015 12 03.12150 00 42 56.96 -11 14 44.1          18.5 Ru~1ePw926
     K15X00P  C2015 12 03.16021 00 41 40.12 -11 13 09.2          18.1 Vq~1ePwG96
     K15X00P  C2015 12 03.16059 00 41 39.35 -11 13 08.1          18.2 Vq~1ePwG96
     K15X00P  C2015 12 03.16097 00 41 38.59 -11 13 07.0          18.3 Vq~1ePwG96
     K15X00P  C2015 12 03.16135 00 41 37.81 -11 13 06.0          18.4 Vq~1ePwG96
     K15X00P  C2015 12 03.52409 00 29 13.82 -10 53 15.8          18.3 Vq~1ePw900
     K15X00P  C2015 12 03.52953 00 28 59.71 -10 52 50.7          18.3 Vq~1ePw900
     K15X00P  C2015 12 04.13902 23 57 40.52 -09 51 22.6          17.6 Ru~1ePw926
     K15X00P  C2015 12 04.14053 23 57 33.53 -09 51 08.7          17.6 Ru~1ePw926
     K15X00P  C2015 12 04.14205 23 57 26.62 -09 50 55.1          17.8 Ru~1ePw926
     K15X00P  C2015 12 05.07203 22 02 20.25 -04 39 18.4          17.3 Ru~1fOl926
     K15X00P  C2015 12 05.10451 21 55 10.73 -04 17 31.6          18.6 Ru~1fOl926
     K15X00P  C2015 12 05.10562 21 54 55.91 -04 16 46.1          18.0 Ru~1fOl926
     K15X00P  C2015 12 05.10672 21 54 41.06 -04 16 00.4          17.6 Ru~1fOl926
