     K15E00G* C2015 03 09.33140 10 58 43.73 +05 33 26.3          17.9 Vq~1MkRG96
     K15E00G  C2015 03 09.33870 10 58 35.15 +05 34 52.9          17.9 Vq~1MkRG96
     K15E00G  C2015 03 09.34599 10 58 26.58 +05 36 19.5          18.0 Vq~1MkRG96
     K15E00G  C2015 03 09.35330 10 58 18.08 +05 37 45.7          17.8 Vq~1MkRG96
     K15E00G  C2015 03 09.38751 10 57 38.68 +05 44 25.5          17.9 Vq~1MkRG96
     K15E00G  C2015 03 09.38825 10 57 37.84 +05 44 33.8          17.8 Vq~1MkRG96
     K15E00G  C2015 03 09.38901 10 57 36.96 +05 44 42.5          17.8 Vq~1MkRG96
     K15E00G  C2015 03 09.38975 10 57 36.14 +05 44 51.2          17.9 Vq~1MkRG96
     K15E00G KC2015 03 09.41357 10 57 09.46 +05 49 28.3          18.4 Ro~1MkR291
     K15E00G KC2015 03 09.41435 10 57 08.61 +05 49 37.1          18.4 Ro~1MkR291
     K15E00G KC2015 03 09.41516 10 57 07.70 +05 49 46.4          18.3 Ro~1MkR291
     K15E00G 5C2015 03 09.47407 10 56 32.86 +06 06 55.1          17.9 Rq~1MkRQ62
     K15E00G 5C2015 03 09.47501 10 56 31.87 +06 07 05.9          17.9 Rq~1MkRQ62
     K15E00G 5C2015 03 09.47641 10 56 30.29 +06 07 21.8          17.8 Rq~1MkRQ62
     K15E00G KC2015 03 09.79987 10 51 24.60 +06 57 11.6          18.3 Rq~1MkR113
     K15E00G KC2015 03 09.80291 10 51 21.76 +06 57 42.0          18.4 Rq~1MkR113
     K15E00G KC2015 03 09.80594 10 51 18.86 +06 58 12.5          17.9 Rq~1MkR113
     K15E00G KC2015 03 09.80898 10 51 16.02 +06 58 43.0          17.8 Rq~1MkR113
     K15E00G KC2015 03 09.81202 10 51 13.16 +06 59 13.8          18.1 Rq~1MkR113
     K15E00G KC2015 03 09.85632 10 50 30.93 +07 06 33.2          18.7 Vq~1MkRC43
     K15E00G KC2015 03 09.85914 10 50 26.84 +07 07 21.7          18.9 Vt~1MkRL04
     K15E00G KC2015 03 09.86094 10 50 26.56 +07 07 18.8          19.1 Vq~1MkRC43
     K15E00G KC2015 03 09.86332 10 50 22.85 +07 08 02.4          18.8 Vt~1MkRL04
     K15E00G KC2015 03 09.86524 10 50 22.54 +07 08 00.8          18.8 Vq~1MkRC43
     K15E00G KC2015 03 09.86890 10 50 17.50 +07 08 57.4          18.8 Vt~1MkRL04
     K15E00G KC2015 03 09.86947 10 50 18.47 +07 08 42.1          18.4 Vq~1MkRC43
     K15E00G KC2015 03 09.87555 10 50 12.70 +07 09 41.1          18.7 Vq~1MkRC43
     K15E00G KC2015 03 09.90374 10 49 45.59 +07 14 30.1                u~1MkR118
     K15E00G KC2015 03 09.91023 10 49 39.51 +07 15 32.6                u~1MkR118
     K15E00G KC2015 03 09.91652 10 49 34.05 +07 16 30.4          18.8 Vq~1MkRC47
     K15E00G KC2015 03 09.91755 10 49 32.55 +07 16 43.0                u~1MkR118
     K15E00G KC2015 03 09.91761 10 49 35.23 +07 16 58.7          19.1 Vq~1MkRC77
     K15E00G KC2015 03 09.92046 10 49 32.54 +07 17 26.3          18.3 Vq~1MkRC77
     K15E00G KC2015 03 09.92320 10 49 29.94 +07 17 52.0          19.1 Vq~1MkRC77
     K15E00G KC2015 03 09.92404 10 49 26.44 +07 17 45.0                u~1MkR118
     K15E00G KC2015 03 09.92511 10 49 25.97 +07 17 52.6          18.8 Vq~1MkRC47
     K15E00G KC2015 03 09.93004 10 49 22.97 +07 18 53.2          18.4 Rq~1MkR203
     K15E00G KC2015 03 09.93369 10 49 17.88 +07 19 14.7          18.7 Vq~1MkRC47
     K15E00G KC2015 03 09.94228 10 49 09.82 +07 20 36.0          19.0 Vq~1MkRC47
     K15E00G KC2015 03 09.94331 10 49 10.47 +07 20 59.7          18.6 Rq~1MkR203
     K15E00G KC2015 03 09.98691 10 48 28.78 +07 27 32.0          17.9 Rq~1MkRK61
     K15E00G KC2015 03 09.98759 10 48 28.16 +07 27 38.3          18.0 Rq~1MkRK61
     K15E00G KC2015 03 09.98818 10 48 27.59 +07 27 43.1          18.3 Rq~1MkRK61
     K15E00G KC2015 03 09.99643 10 48 20.09 +07 29 00.4          18.4 Rq~1MkRK61
     K15E00G KC2015 03 09.99669 10 48 19.86 +07 29 02.8          18.4 Rq~1MkRK61
     K15E00G KC2015 03 10.01815 10 48 00.31 +07 32 20.4          17.7 Rq~1MkRK61
     K15E00G KC2015 03 10.02003 10 47 58.64 +07 32 37.3          17.5 Rq~1MkRK61
     K15E00G KC2015 03 10.04444 10 47 36.80 +07 36 19.5          18.3 Rq~1MkRK61
     K15E00G KC2015 03 10.04588 10 47 35.50 +07 36 32.2          18.2 Rq~1MkRK61
     K15E00G KC2015 03 10.04716 10 47 34.42 +07 36 44.2          18.2 Rq~1MkRK61
     K15E00G KC2015 03 10.06640 10 47 17.55 +07 39 37.3          18.0 Rq~1MkRK61
     K15E00G KC2015 03 10.06843 10 47 15.76 +07 39 55.8          17.9 Rq~1MkRK61
     K15E00G  C2015 03 10.18189 10 46 05.37 +07 57 59.4          18.6 Vq~1MkRI52
     K15E00G  C2015 03 10.18219 10 46 05.13 +07 58 02.1          18.6 Vq~1MkRI52
     K15E00G  C2015 03 10.18250 10 46 04.86 +07 58 05.0          18.5 Vq~1MkRI52
     K15E00G  C2015 03 10.18280 10 46 04.60 +07 58 07.5          18.5 Vq~1MkRI52
     K15E00G  C2015 03 10.29759 10 44 24.88 +08 14 34.1          18.8 Vq~1MkRG96
     K15E00G  C2015 03 10.29995 10 44 22.84 +08 14 54.0          18.7 Vq~1MkRG96
     K15E00G  C2015 03 10.30229 10 44 20.83 +08 15 13.2          18.7 Vq~1MkRG96
     K15E00G  C2015 03 10.30463 10 44 18.82 +08 15 32.8          18.5 Vq~1MkRG96
     K15E00G  C2015 03 10.69712 10 39 41.78 +09 05 31.6          18.6 Rq~1MkRO75
     K15E00G  C2015 03 10.69862 10 39 40.58 +09 05 41.8          18.7 Rq~1MkRO75
     K15E00G  C2015 03 10.70087 10 39 39.03 +09 05 58.5          18.5 Rq~1MkRO75
     K15E00G  C2015 03 11.22008 10 34 27.22 +10 05 07.6          19.0 Vq~1MkRG96
     K15E00G  C2015 03 11.22793 10 34 22.08 +10 05 56.9          19.2 Vq~1MkRG96
     K15E00G  C2015 03 11.23576 10 34 16.94 +10 06 45.5          19.2 Vq~1MkRG96
     K15E00G  C2015 03 11.24361 10 34 11.79 +10 07 34.2          19.3 Vq~1MkRG96
     K15E00G KC2015 03 12.05597 10 27 11.17 +11 20 27.0                t~1TSo204
     K15E00G KC2015 03 12.06624 10 27 06.09 +11 21 15.1                t~1TSo204
     K15E00G KC2015 03 12.07643 10 27 01.03 +11 22 02.8          19.3 Rt~1TSo204
     K15E00G KC2015 03 12.26222 10 25 43.88 +11 37 05.3          20.0 Vq~1MkRH21
     K15E00G KC2015 03 12.26888 10 25 40.52 +11 37 33.4          19.9 Vq~1MkRH21
     K15E00G KC2015 03 12.27554 10 25 37.27 +11 38 03.8          20.3 Vq~1MkRH21
     K15E00G "C2015 03 13.27261010 19 24.02 +12 44 57.8          18.4 Rt~1l4m705
     K15E00G "C2015 03 13.27390510 19 23.58 +12 45 01.4          18.6 Rt~1l4m705
     K15E00G "C2015 03 13.27520110 19 23.09 +12 45 06.7          18.4 Rt~1l4m705
     K15E00G KC2015 03 13.35096 10 18 54.07 +12 49 27.7          19.6 Ro~1MkR291
     K15E00G KC2015 03 13.35239 10 18 53.53 +12 49 32.1          19.6 Ro~1MkR291
     K15E00G KC2015 03 13.35382 10 18 52.96 +12 49 36.8          19.7 Ro~1MkR291
     K15E00G "C2015 03 15.28089210 10 22.99 +14 18 39.0          19.2 Rt~1Wkp705
     K15E00G "C2015 03 15.28219310 10 22.62 +14 18 41.3          18.9 Rt~1Wkp705
     K15E00G "C2015 03 15.28349210 10 22.25 +14 18 44.3          19.4 Rt~1Wkp705
