     K15F36F  C2015 03 14.34911510 03 04.676+12 40 17.88         21.5 Rt~1PGWF51
     K15F36F  C2015 03 15.30313010 04 48.373+12 30 53.12         21.4 Rt~1PGWF51
     K15F36F  C2015 03 15.31592410 04 49.229+12 30 45.70         21.8 Rt~1PGWF51
     K15F36F  C2015 03 15.32851510 04 50.075+12 30 38.29         21.2 Rt~1PGWF51
     K15F36F* C2015 03 23.26656 10 47 13.47 +08 16 24.4          19.5 Vq~1OVvG96
     K15F36F  C2015 03 23.27115 10 47 16.61 +08 16 01.1          19.6 Vq~1OVvG96
     K15F36F  C2015 03 23.27573 10 47 19.81 +08 15 37.7          18.0 Vq~1OVvG96
     K15F36F  C2015 03 23.28031 10 47 22.94 +08 15 14.3          18.5 Vq~1OVvG96
     K15F36F  C2015 03 23.35957 10 48 19.35 +08 08 16.8          19.7 Vq~1OVvG96
     K15F36F  C2015 03 23.36329 10 48 22.09 +08 07 56.6          19.4 Vq~1OVvG96
     K15F36F  C2015 03 23.36702 10 48 24.83 +08 07 36.9          19.4 Vq~1OVvG96
     K15F36F  C2015 03 23.37074 10 48 27.60 +08 07 16.5          20.0 Vq~1OVvG96
     K15F36F KC2015 03 23.46656 10 50 02.32 +08 05 35.0          19.0 Rt~1OVv474
     K15F36F KC2015 03 23.46728 10 50 02.90 +08 05 31.0          19.4 Rt~1OVv474
     K15F36F KC2015 03 23.46799 10 50 03.44 +08 05 27.5          19.3 Rt~1OVv474
     K15F36F KC2015 03 23.46871 10 50 04.00 +08 05 23.6          19.4 Rt~1OVv474
     K15F36F KC2015 03 23.46943 10 50 04.54 +08 05 19.5          19.0 Rt~1OVv474
     K15F36F KC2015 03 23.78570 10 55 05.33 +07 26 04.2          19.4 Rq~1OVv113
     K15F36F  C2015 03 23.79391 10 55 13.01 +07 25 23.1                q~1OVv246
     K15F36F  C2015 03 23.79439 10 55 13.39 +07 25 18.6                q~1OVv246
     K15F36F  C2015 03 23.79465 10 55 13.50 +07 25 17.2                q~1OVv246
     K15F36F  C2015 03 23.79486 10 55 13.80 +07 25 16.7                q~1OVv246
     K15F36F  C2015 03 23.79512 10 55 14.04 +07 25 15.0          18.9 Rq~1OVv246
     K15F36F  C2015 03 23.79535 10 55 14.27 +07 25 14.0                q~1OVv246
     K15F36F  C2015 03 23.79568 10 55 14.54 +07 25 12.0                q~1OVv246
     K15F36F  C2015 03 23.79591 10 55 14.70 +07 25 11.7                q~1OVv246
     K15F36F KC2015 03 23.79669 10 55 15.35 +07 24 57.6          19.1 Rq~1OVv113
     K15F36F KC2015 03 23.80765 10 55 25.34 +07 23 48.8          19.3 Rq~1OVv113
     K15F36F KC2015 03 23.86370 10 56 15.94 +07 17 55.2          19.4 Vq~1OVvC43
     K15F36F KC2015 03 23.86721 10 56 19.15 +07 17 31.9          19.3 Vq~1OVvC43
     K15F36F KC2015 03 23.98167 10 58 09.35 +07 05 28.9          19.1 Vq~1OVvI93
     K15F36F KC2015 03 23.99622 10 58 23.08 +07 03 49.0          19.5 Vq~1OVvI93
     K15F36F KC2015 03 24.00677 10 58 33.10 +07 02 36.4          19.2 Vq~1OVvI93
     K15F36F KC2015 03 24.14098 11 01 20.04 +06 47 54.0          18.5 Rq~1OVvG48
     K15F36F KC2015 03 24.14297 11 01 22.00 +06 47 40.6          18.8 Rq~1OVvG48
     K15F36F KC2015 03 24.14497 11 01 24.06 +06 47 26.2          18.9 Rq~1OVvG48
     K15F36F KC2015 03 24.16175011 01 33.38 +06 44 48.3          19.8 Vu~1OVvH21
     K15F36F KC2015 03 24.16357711 01 35.23 +06 44 35.1          19.8 Vu~1OVvH21
     K15F36F KC2015 03 24.16582211 01 37.50 +06 44 18.9          19.4 Vu~1OVvH21
     K15F36F  C2015 03 24.19561 11 02 16.32 +06 41 17.8          19.1 Vq~1OVvG96
     K15F36F  C2015 03 24.19582 11 02 16.52 +06 41 16.2          19.4 Vq~1OVvG96
     K15F36F  C2015 03 24.19603 11 02 16.73 +06 41 14.8          19.2 Vq~1OVvG96
     K15F36F  C2015 03 24.19624 11 02 16.97 +06 41 13.3          19.4 Vq~1OVvG96
     K15F36F  C2015 03 24.19645 11 02 17.17 +06 41 11.7          19.4 Vq~1OVvG96
     K15F36F KC2015 03 24.23515211 02 55.25 +06 36 26.2          17.7 Rq~1OVv448
     K15F36F KC2015 03 24.25425111 03 14.96 +06 34 00.6          19.3 Rq~1OVv448
     K15F36F KC2015 03 24.27422911 03 35.66 +06 31 27.9          19.2 Rq~1OVv448
     K15F36F 2C2015 03 25.51913011 36 05.020+02 55 37.19         18.1 Rt~1OVv568
     K15F36F 2C2015 03 25.51959511 36 05.923+02 55 30.49         18.4 Rt~1OVv568
     K15F36F 2C2015 03 26.42306712 17 00.998-01 39 07.98         17.6 Rt~1PGW568
     K15F36F 2C2015 03 26.42353012 17 02.461-01 39 18.72         17.5 Rt~1PGW568
     K15F36F KC2015 03 26.91364812 49 32.86 -05 20 31.2          17.6 Rq~1OVvJ95
     K15F36F KC2015 03 26.91613012 49 43.74 -05 21 45.3          17.6 Rq~1OVvJ95
     K15F36F KC2015 03 26.91852912 49 54.25 -05 22 58.0          17.4 Rq~1OVvJ95
