     K15H01E* C2015 04 18.30662 12 04 30.171-13 58 10.33         19.3 wL~1QgWF51
     K15H01E  C2015 04 18.32785 12 03 54.743-13 56 37.82         19.4 wL~1QgWF51
     K15H01E  C2015 04 18.33850 12 03 36.805-13 55 50.08         19.3 wL~1QgWF51
     K15H01E  C2015 04 19.12387 11 37 11.81 -12 32 21.6          19.9 Ro~1QgW926
     K15H01E  C2015 04 19.12655 11 37 04.37 -12 31 57.1          19.6 Ro~1QgW926
     K15H01E  C2015 04 19.12921 11 36 56.87 -12 31 34.6          19.6 Ro~1QgW926
     K15H01E &C2015 04 19.14881 11 36 01.31 -12 29 02.4          18.8 RL~1WWA688
     K15H01E &C2015 04 19.14913 11 36 00.40 -12 28 59.3          18.8 RL~1WWA688
     K15H01E &C2015 04 19.14928 11 35 59.96 -12 28 58.1          19.3 RL~1WWA688
     K15H01E &C2015 04 19.14997 11 35 57.97 -12 28 51.6          19.3 RL~1WWA688
     K15H01E &C2015 04 19.15013 11 35 57.54 -12 28 50.4          18.8 RL~1WWA688
     K15H01E &C2015 04 19.15045 11 35 56.63 -12 28 47.5          18.8 RL~1WWA688
     K15H01E KC2015 04 19.23399 11 31 49.55 -12 15 19.0          21.1 Ro~1QgW291
     K15H01E KC2015 04 19.23467 11 31 47.44 -12 15 12.2          21.2 Ro~1QgW291
     K15H01E KC2015 04 19.23543 11 31 45.13 -12 15 04.5                o~1QgW291
     K15H01E tC2015 04 19.25716 11 30 37.66 -12 11 20.1          19.3 Ro~1QgW926
     K15H01E tC2015 04 19.26252 11 30 20.93 -12 10 24.3          19.3 Ro~1QgW926
     K15H01E KC2015 04 19.82378 10 55 26.68 -10 01 12.8          18.8 Rr~1QgW106
     K15H01E KC2015 04 19.82680 10 55 11.78 -10 00 16.6          18.4 Rr~1QgW106
     K15H01E KC2015 04 19.82831 10 55 04.26 -09 59 48.3          18.4 Rr~1QgW106
     K15H01E KC2015 04 19.82982 10 54 56.82 -09 59 19.3          19.0 Rr~1QgW106
     K15H01E KC2015 04 19.83133 10 54 49.32 -09 58 51.2          18.5 Rr~1QgW106
     K15H01E BC2015 04 19.84369410 53 54.74 -09 55 23.8          19.0 Rq~1QgWJ95
     K15H01E KC2015 04 19.85001310 53 23.09 -09 53 23.7          18.9 Rq~1QgWJ95
     K15H01E KC2015 04 19.85382710 53 03.89 -09 52 09.6          18.8 Rq~1QgWJ95
     K15H01E KC2015 04 19.85901 10 52 37.55 -09 49 48.0          18.9 Vq~1QgWI93
     K15H01E KC2015 04 19.85965610 52 34.44 -09 50 16.5          18.9 Rq~1QgWJ95
     K15H01E KC2015 04 19.86729 10 51 55.16 -09 47 05.8          18.9 Vq~1QgWI93
     K15H01E KC2015 04 19.87251 10 51 28.31 -09 45 22.7          19.0 Vq~1QgWI93
     K15H01E KC2015 04 19.93843 10 45 34.00 -09 22 36.8                q~1hWQ204
     K15H01E HC2015 04 19.94381 10 45 04.62 -09 20 38.7          19.4 Rq~1hWQ204
     K15H01E KC2015 04 19.95195 10 44 19.92 -09 17 39.3                q~1hWQ204
     K15H01E KC2015 04 19.95723 10 43 50.86 -09 15 41.3                q~1hWQ204
     K15H01E KC2015 04 20.14748 10 25 40.85 -07 55 42.8          20.4 Ro~1QgW291
     K15H01E KC2015 04 20.14835 10 25 35.07 -07 55 18.9          20.4 Ro~1QgW291
     K15H01E KC2015 04 20.14925 10 25 29.03 -07 54 54.2          20.1 Ro~1QgW291
     K15H01E KC2015 04 20.87089508 37 08.09 +00 29 19.7          19.3 Rq~1QgWJ95
     K15H01E KC2015 04 20.87830108 35 39.63 +00 36 22.2          18.7 Rq~1QgWJ95
     K15H01E KC2015 04 20.88325808 34 40.32 +00 41 05.8          18.8 Rq~1QgWJ95
     K15H01E KC2015 04 20.88798708 33 43.60 +00 45 36.3          19.1 Rq~1QgWJ95
