     K15W02P* C2015 11 21.19581 03 33 35.19 +20 09 00.7          19.6 Vq~1ePcG96
     K15W02P  C2015 11 21.20089 03 33 43.46 +20 10 35.9          19.5 Vq~1ePcG96
     K15W02P  C2015 11 21.20599 03 33 51.70 +20 12 10.0          19.2 Vq~1ePcG96
     K15W02P  C2015 11 21.22920 03 34 28.12 +20 19 08.4          20.2 Vq~1ePcG96
     K15W02P  C2015 11 21.22952 03 34 28.55 +20 19 12.8          20.0 Vq~1ePcG96
     K15W02P  C2015 11 21.22984 03 34 29.10 +20 19 18.4          19.9 Vq~1ePcG96
     K15W02P  C2015 11 21.23017 03 34 29.54 +20 19 23.7          20.2 Vq~1ePcG96
     K15W02P  C2015 11 21.27702 03 35 37.53 +20 32 18.2          20.7 Vq~1ePcG96
     K15W02P  C2015 11 21.27734 03 35 37.96 +20 32 23.8          19.4 Vq~1ePcG96
     K15W02P  C2015 11 21.27768 03 35 38.39 +20 32 28.6          21.0 Vq~1ePcG96
     K15W02P  C2015 11 21.27800 03 35 38.88 +20 32 34.3          20.4 Vq~1ePcG96
     K15W02P  C2015 11 21.28386 03 35 46.95 +20 34 04.4          20.1 Vq~1ePcG96
     K15W02P  C2015 11 21.28419 03 35 47.39 +20 34 09.3          19.9 Vq~1ePcG96
     K15W02P  C2015 11 21.28451 03 35 47.85 +20 34 14.2          19.7 Vq~1ePcG96
     K15W02P  C2015 11 21.29123 03 35 57.04 +20 35 56.7          19.9 Vq~1ePcG96
     K15W02P  C2015 11 21.29156 03 35 57.50 +20 36 00.6          20.4 Vq~1ePcG96
     K15W02P  C2015 11 21.29188 03 35 57.94 +20 36 06.3          20.2 Vq~1ePcG96
     K15W02P  C2015 11 21.29221 03 35 58.35 +20 36 11.1          19.9 Vq~1ePcG96
     K15W02P  C2015 11 21.29406 03 36 00.82 +20 36 39.5          20.9 Vq~1ePcG96
     K15W02P  C2015 11 21.29899 03 36 07.46 +20 37 52.0          20.0 Vq~1ePcG96
     K15W02P  C2015 11 21.30394 03 36 14.07 +20 39 05.1          20.9 Vq~1ePcG96
     K15W02P  C2015 11 21.30845303 36 16.66 +20 39 43.5          20.3 Vt~1ePcH01
     K15W02P  C2015 11 21.30889 03 36 20.66 +20 40 17.8          20.4 Vq~1ePcG96
     K15W02P  C2015 11 21.31545203 36 25.95 +20 41 23.4          20.8 Vt~1ePcH01
     K15W02P  C2015 11 21.32311803 36 36.08 +20 43 11.0          20.1 Vt~1ePcH01
     K15W02P  C2015 11 21.32955903 36 44.51 +20 44 39.6          20.9 Vt~1ePcH01
     K15W02P  C2015 11 21.38647 03 37 59.20 +20 57 21.7          20.1 Vq~1ePcG96
     K15W02P  C2015 11 21.38680 03 37 59.58 +20 57 25.6          20.0 Vq~1ePcG96
     K15W02P  C2015 11 21.38713 03 37 59.98 +20 57 29.4          19.6 Vq~1ePcG96
     K15W02P  C2015 11 21.38745 03 38 00.44 +20 57 33.7          19.3 Vq~1ePcG96
     K15W02P KC2015 11 21.38815 03 38 01.79 +20 57 50.5                o~1ePc291
     K15W02P KC2015 11 21.38849 03 38 02.18 +20 57 54.9          20.1 Ro~1ePc291
     K15W02P  C2015 11 22.17013 03 51 22.52 +22 42 11.7          21.3 Vq~1ePcG96
     K15W02P  C2015 11 22.17565 03 51 24.92 +22 42 42.7          21.2 Vq~1ePdG96
     K15W02P  C2015 11 22.18115 03 51 27.32 +22 43 14.8          22.1 Vq~1ePdG96
     K15W02P  C2015 11 22.18670 03 51 29.78 +22 43 47.1          21.9 Vq~1ePdG96
     K15W02P KC2015 11 23.18286903 58 13.53 +23 38 43.7          21.9 Vt~1ePdH01
     K15W02P KC2015 11 23.18518203 58 13.91 +23 38 49.8          21.6 Vt~1ePdH01
     K15W02P KC2015 11 23.19839203 58 16.02 +23 39 25.4          22.1 Vt~1ePdH01
     K15W02P KC2015 11 23.20390203 58 16.87 +23 39 40.0          21.8 Vt~1ePdH01
