     K16EF6M* C2016 03 14.28899 10 20 36.54 +34 56 40.4          19.5 Vq~1od6703
     K16EF6M  C2016 03 14.29637 10 20 51.33 +34 58 34.6          19.0 Vq~1od6703
     K16EF6M  C2016 03 14.30317 10 21 04.98 +35 00 18.4          19.2 Vq~1od6703
     K16EF6M  C2016 03 14.30979 10 21 18.26 +35 01 59.0          19.1 Vq~1od6703
     K16EF6M  C2016 03 14.35410 10 22 50.94 +35 13 13.9          19.3 Vq~1od6703
     K16EF6M  C2016 03 14.35448 10 22 51.78 +35 13 18.3          19.0 Vq~1od6703
     K16EF6M  C2016 03 14.35487 10 22 52.68 +35 13 24.9          19.1 Vq~1od6703
     K16EF6M  C2016 03 14.35525 10 22 53.46 +35 13 30.9          18.8 Vq~1od6703
     K16EF6M  C2016 03 14.37674 10 23 40.95 +35 18 56.1          19.4 Vq~1od6I52
     K16EF6M  C2016 03 14.37716 10 23 41.86 +35 19 02.4          19.1 Vq~1od6I52
     K16EF6M  C2016 03 14.37758 10 23 42.82 +35 19 08.8          19.3 Vq~1od6I52
     K16EF6M  C2016 03 14.37799 10 23 43.76 +35 19 15.0          19.1 Vq~1od6I52
     K16EF6M  C2016 03 14.39442 10 24 21.24 +35 23 23.3          19.1 Vq~1od6703
     K16EF6M  C2016 03 14.39481 10 24 22.11 +35 23 28.7          18.4 Vq~1od6703
     K16EF6M  C2016 03 14.39519 10 24 23.04 +35 23 34.9                q~1od6703
     K16EF6M  C2016 03 14.40584 10 24 47.91 +35 26 16.3          19.4 Vq~1od6703
     K16EF6M  C2016 03 14.40634 10 24 49.20 +35 26 23.2          19.0 Vq~1od6703
     K16EF6M  C2016 03 14.40684 10 24 50.40 +35 26 31.1          19.0 Vq~1od6703
     K16EF6M  C2016 03 14.40734 10 24 51.50 +35 26 38.3          19.3 Vq~1od6703
     K16EF6M  C2016 03 14.58504 10 34 14.65 +36 23 15.2          18.9 Ro~1od6300
     K16EF6M  C2016 03 14.58734 10 34 21.15 +36 24 01.0          18.6 Ro~1od6300
     K16EF6M  C2016 03 14.58965 10 34 27.68 +36 24 46.5          18.9 Ro~1od6300
     K16EF6M  C2016 03 14.59196 10 34 34.13 +36 25 30.8          19.1 Ro~1od6300
     K16EF6M KC2016 03 14.73649 10 43 52.78 +37 08 42.2          19.4 V ~1od6L04
     K16EF6M KC2016 03 14.73835 10 43 59.59 +37 09 26.0          19.1 V ~1od6L04
     K16EF6M KC2016 03 14.76426 10 45 36.21 +37 19 49.8          19.1 V ~1od6L04
     K16EF6M KC2016 03 14.77655 10 46 22.78 +37 24 47.6          19.3 V ~1od6L04
     K16EF6M KC2016 03 14.80187 10 48 10.15 +37 34 13.9          18.6 Ro~1od6K51
     K16EF6M KC2016 03 14.80270 10 48 13.40 +37 34 34.5          18.5 Ro~1od6K51
     K16EF6M KC2016 03 14.80349 10 48 16.52 +37 34 54.1          18.6 Ro~1od6K51
     K16EF6M KC2016 03 14.83547 10 50 27.03 +37 48 42.4          18.5  u~1od6104
     K16EF6M KC2016 03 14.84099 10 50 49.62 +37 51 00.2          18.5  u~1od6104
     K16EF6M KC2016 03 14.84392 10 51 01.60 +37 52 14.7          18.4  u~1od6104
     K16EF6M KC2016 03 14.84826 10 51 05.28 +37 54 04.4          19.0 V ~1od6L04
     K16EF6M  C2016 03 14.85627 10 51 46.43 +37 56 16.9                q~1od6246
     K16EF6M KC2016 03 14.85647 10 51 38.95 +37 57 26.3          19.4 V ~1od6L04
     K16EF6M  C2016 03 14.85675 10 51 48.46 +37 56 29.0                q~1od6246
     K16EF6M  C2016 03 14.85686 10 51 48.99 +37 56 31.4                q~1od6246
     K16EF6M  C2016 03 14.85699 10 51 49.45 +37 56 34.2                q~1od6246
     K16EF6M  C2016 03 14.85713 10 51 50.10 +37 56 38.3                q~1od6246
     K16EF6M  C2016 03 14.85731 10 51 50.89 +37 56 43.1                q~1od6246
     K16EF6M KC2016 03 14.86467 10 52 12.98 +38 00 50.3          19.1 V ~1od6L04
     K16EF6M KC2016 03 14.86924 10 52 42.99 +38 02 31.2          18.8 Vt~1od6595
     K16EF6M KC2016 03 14.87325 10 52 59.98 +38 04 13.0                t~1od6595
     K16EF6M KC2016 03 14.88158 10 53 35.38 +38 07 42.7                t~1od6595
     K16EF6M KC2016 03 14.96622211 00 14.65 +38 41 30.9                q~1od6J95
     K16EF6M KC2016 03 14.96787511 00 22.71 +38 42 14.3                q~1od6J95
     K16EF6M KC2016 03 14.96917611 00 28.98 +38 42 47.5          18.3 Rq~1od6J95
     K16EF6M  C2016 03 15.10571 11 14 57.55 +39 43 42.2          18.8 Ru~1od6926
     K16EF6M  C2016 03 15.10723 11 15 07.08 +39 44 30.6          18.9 Ru~1od6926
     K16EF6M  C2016 03 15.10877 11 15 16.74 +39 45 17.7          19.1 Ru~1od6926
     K16EF6M  C2016 03 15.15144 11 19 49.25 +40 07 48.0          18.7 Ru~1od6926
     K16EF6M  C2016 03 15.15296 11 19 59.29 +40 08 36.1          18.8 Ru~1od6926
     K16EF6M  C2016 03 15.15448 11 20 09.23 +40 09 24.5          18.6 Ru~1od6926
     K16EF6M  C2016 03 15.20672 11 26 02.97 +40 37 01.1          18.6 Ru~1od6926
     K16EF6M  C2016 03 15.20825 11 26 13.64 +40 37 49.7          18.6 Ru~1od6926
     K16EF6M  C2016 03 15.20978 11 26 24.31 +40 38 37.3          18.7 Ru~1od6926
     K16EF6M  C2016 03 15.30948 11 38 56.22 +41 29 52.2          18.0 Ro~1od6926
     K16EF6M  C2016 03 15.31014 11 39 01.60 +41 30 12.0          18.0 Ro~1od6926
     K16EF6M  C2016 03 15.31080 11 39 06.97 +41 30 31.6          17.9 Ro~1od6926
     K16EF6M  C2016 03 15.34530 11 43 56.35 +41 47 20.6          18.4 Ru~1od6926
     K16EF6M  C2016 03 15.34683 11 44 09.52 +41 48 04.4          18.4 Ru~1od6926
     K16EF6M  C2016 03 15.34835 11 44 22.65 +41 48 47.7          18.3 Ru~1od6926
     K16EF6M  C2016 03 15.47138 12 04 21.71 +42 42 13.3          18.4 Ru~1od6926
     K16EF6M  C2016 03 15.47289 12 04 38.30 +42 42 47.9          18.4 Ru~1od6926
     K16EF6M  C2016 03 15.47442 12 04 55.08 +42 43 22.8          18.3 Ru~1od6926
     K16EF6M 2C2016 03 15.50133712 11 13.318+43 06 07.31         18.1 Rt~1pSG568
     K16EF6M 2C2016 03 15.50174412 11 17.915+43 06 17.46         18.0 Rt~1pSG568
     K16EF6M  C2016 03 15.51748 12 13 09.67 +42 58 53.2          18.1 Ru~1od6926
     K16EF6M  C2016 03 15.51899 12 13 27.90 +42 59 23.5          18.0 Ru~1od6926
     K16EF6M  C2016 03 16.33186 16 44 36.32 +30 48 53.5          18.3 Ru~1od6926
     K16EF6M  C2016 03 16.43042 17 13 44.42 +26 18 08.9          18.6 Ru~1od6926
     K16EF6M  C2016 03 16.43142 17 14 00.70 +26 15 20.9          18.4 Ru~1od6926
     K16EF6M  C2016 03 16.43241 17 14 16.96 +26 12 33.1          18.4 Ru~1od6926
     K16EF6M  C2016 03 16.43342 17 14 33.23 +26 09 43.6          18.7 Ru~1od6926
     K16EF6M  C2016 03 16.43443 17 14 49.56 +26 06 55.3          18.5 Ru~1od6926
     K16EF6M  C2016 03 16.43541 17 15 05.62 +26 04 08.5          18.7 Ru~1od6926
     K16EF6M  C2016 03 16.49450 17 30 18.97 +23 17 22.3          18.8 Ru~1od6926
     K16EF6M  C2016 03 16.49553 17 30 33.94 +23 14 29.5          18.8 Ru~1od6926
     K16EF6M  C2016 03 16.49654 17 30 48.79 +23 11 38.3          18.6 Ru~1od6926
     K16EF6M 2C2016 03 16.63499018 02 43.153+17 00 10.78         18.2 Rt~1pSG568
     K16EF6M 2C2016 03 16.63628418 02 58.033+16 56 50.75         18.0 Rt~1pSG568
     K16EF6M 2C2016 03 16.63669418 03 02.755+16 55 47.27         18.4 Rt~1pSG568
     K16EF6M 2C2016 03 16.63710018 03 07.401+16 54 44.77         19.1 Rt~1pSG568
     K16EF6M &C2016 03 17.38411819 32 15.002-03 37 27.68         21.3 Rt~1pSG309
     K16EF6M &C2016 03 17.38608919 32 22.162-03 39 22.41         21.3 Rt~1pSG309
     K16EF6M &C2016 03 17.38817519 32 29.703-03 41 23.38         21.3 Rt~1pSG309
