     K16B00E* C2016 01 16.30652 06 50 24.39 +69 00 41.9          18.9 Vq~1jB3703
     K16B00E  C2016 01 16.31069 06 50 25.66 +69 00 47.3          20.0 Vq~1jB3703
     K16B00E  C2016 01 16.31487 06 50 26.61 +69 00 51.9          19.2 Vq~1jB3703
     K16B00E  C2016 01 16.36443 06 50 38.34 +69 02 01.3          19.8 Vq~1jB3703
     K16B00E  C2016 01 16.36771 06 50 39.24 +69 02 06.5          20.3 Vq~1jB3703
     K16B00E  C2016 01 16.37097 06 50 39.98 +69 02 10.8          19.5 Vq~1jB3703
     K16B00E  C2016 01 16.37424 06 50 40.87 +69 02 15.2          19.6 Vq~1jB3703
     K16B00E  C2016 01 16.41759 06 50 51.98 +69 03 06.1          20.5 Vq~1jB3703
     K16B00E  C2016 01 16.42239 06 50 53.11 +69 03 13.7                q~1jB3703
     K16B00E KC2016 01 16.73008 06 53 05.89 +69 10 47.4                t~1jB3595
     K16B00E KC2016 01 16.73710 06 53 08.31 +69 11 00.7                t~1jB3595
     K16B00E KC2016 01 16.73947 06 53 09.74 +69 11 05.1          19.0  u~1jB3104
     K16B00E KC2016 01 16.74411 06 53 10.47 +69 11 16.0          19.6 Vt~1jB3595
     K16B00E KC2016 01 16.74578 06 53 11.82 +69 11 16.8          19.4  u~1jB3104
     K16B00E KC2016 01 16.76959 06 53 19.47 +69 12 04.8          18.9  u~1jB3104
     K16B00E KC2016 01 16.78717 06 53 22.65 +69 12 42.8          18.4 Ro~1jB3461
     K16B00E KC2016 01 16.79228 06 53 24.24 +69 12 52.5          18.8 Ro~1jB3461
     K16B00E KC2016 01 16.79740 06 53 25.77 +69 13 02.4          19.1 Ro~1jB3461
     K16B00E KC2016 01 16.96455 06 54 16.50 +69 17 49.2          19.6 Rq~1jB3K38
     K16B00E KC2016 01 16.97220 06 54 16.10 +69 17 54.3          19.1 Ro~1jB3461
     K16B00E KC2016 01 16.97671 06 54 17.53 +69 18 01.6          18.9 Ro~1jB3461
     K16B00E KC2016 01 16.98985 06 54 23.64 +69 18 28.3          19.1 Rq~1jB3K38
     K16B00E KC2016 01 17.01711 06 54 31.62 +69 19 08.4          19.5 Rq~1jB3K38
     K16B00E KC2016 01 17.21624706 55 53.77 +69 24 50.6          20.2 Vu~1jB3H21
     K16B00E KC2016 01 17.21930306 55 54.68 +69 24 55.3          20.4 Vu~1jB3H21
     K16B00E KC2016 01 17.22297706 55 55.82 +69 25 01.5          20.1 Vu~1jB3H21
     K16B00E KC2016 01 17.75538 06 59 49.30 +69 38 47.7                q~1jB3587
     K16B00E KC2016 01 17.75911 06 59 50.79 +69 38 55.6                q~1jB3587
     K16B00E KC2016 01 17.76812 06 59 54.32 +69 39 14.3          19.8 Rq~1jB3587
     K16B00E  C2016 01 17.96058 07 01 03.05 +69 45 17.0          19.2 Rr~1jB3106
     K16B00E  C2016 01 17.96360 07 01 04.29 +69 45 21.4          19.1 Rr~1jB3106
     K16B00E KC2016 01 18.19748 07 02 59.44 +69 52 11.6          19.0 Rq~1jB3H36
     K16B00E KC2016 01 18.20211 07 03 01.10 +69 52 20.1          18.8 Rq~1jB3H36
     K16B00E KC2016 01 18.21135 07 03 04.47 +69 52 37.6          18.9 Rq~1jB3H36
     K16B00E  C2016 01 18.23105 07 03 16.55 +69 53 18.4          19.4 Vq~1jB3I52
     K16B00E  C2016 01 18.23340 07 03 17.38 +69 53 22.2          19.3 Vq~1jB3I52
     K16B00E  C2016 01 18.23685 07 03 18.61 +69 53 29.4          19.0 Vq~1jB3I52
     K16B00E  C2016 01 18.24015 07 03 19.75 +69 53 35.7          18.8 Vq~1jB3I52
     K16B00E QC2016 01 20.21366 07 22 38.99 +70 52 16.2          18.9 Vq~1jB3H06
     K16B00E QC2016 01 20.22421 07 22 45.01 +70 52 37.9          19.1 Vq~1jB3H06
     K16B00E QC2016 01 20.23471 07 22 50.98 +70 52 58.7          19.1 Vq~1jB3H06
     K16B00E  C2016 01 21.23310 07 36 20.15 +71 23 49.6          19.9 Ro~1jB3926
     K16B00E  C2016 01 21.23925 07 36 24.98 +71 24 02.0          19.6 Ro~1jB3926
     K16B00E  C2016 01 21.24544 07 36 29.42 +71 24 16.2          19.1 Ro~1jB3926
     K16B00E  C2016 01 21.26597 07 36 44.81 +71 24 57.0          18.8 Ru~1jB3926
     K16B00E  C2016 01 21.27287 07 36 50.00 +71 25 09.9          18.5 Ru~1jB3926
     K16B00E  C2016 01 21.27975 07 36 55.10 +71 25 23.4          18.6 Ru~1jB3926
     K16B00E  C2016 01 21.28708 07 37 00.69 +71 25 35.1          18.6 Vq~1jB3703
     K16B00E  C2016 01 21.29320 07 37 04.96 +71 25 46.5          18.9 Vq~1jB3703
     K16B00E  C2016 01 21.29933 07 37 09.69 +71 25 58.5          19.5 Vq~1jB3703
     K16B00E  C2016 01 22.28257 07 54 07.51 +71 55 45.7          18.0 Ro~1jB3926
     K16B00E  C2016 01 22.28813 07 54 12.83 +71 55 56.3          19.9 Ro~1jB3926
     K16B00E  C2016 01 22.29367 07 54 18.27 +71 56 05.9          16.9 Ro~1jB3926
     K16B00E KC2016 01 22.81442 08 05 22.64 +72 08 55.2                q~1jmpJ95
     K16B00E KC2016 01 22.82905 08 05 41.06 +72 09 27.3                q~1jmpJ95
     K16B00E KC2016 01 22.88102 08 06 46.08 +72 11 16.9          18.6 Rq~1jmpJ95
     K16B00E  C2016 01 23.15462208 13 15.17 +72 18 41.0          18.9 Vt~1jmpH01
     K16B00E  C2016 01 23.15862408 13 20.45 +72 18 50.0          18.6 Vt~1jmpH01
     K16B00E  C2016 01 23.16638008 13 30.66 +72 19 06.4          18.3 Vt~1jmpH01
     K16B00E  C2016 01 23.17526508 13 42.32 +72 19 25.2          18.9 Vt~1jmpH01
     K16B00E KC2016 01 24.27320108 43 45.15 +72 41 05.3          18.7 Vu~1jmpH21
     K16B00E KC2016 01 24.27965908 43 56.03 +72 41 09.6          18.1 Vu~1jmpH21
     K16B00E KC2016 01 24.28719408 44 08.89 +72 41 14.1          18.5 Vu~1jmpH21
     K16B00E "C2016 01 24.28984708 44 24.02 +72 41 33.4          16.2 Rt~1jmp705
     K16B00E "C2016 01 24.29085408 44 25.92 +72 41 34.2          16.4 Rt~1jmp705
     K16B00E "C2016 01 24.29186008 44 27.78 +72 41 35.3          16.8 Rt~1jmp705
     K16B00E KC2016 01 24.29544808 44 22.95 +72 41 18.7          18.9 Vu~1jmpH21
     K16B00E 'C2016 01 25.14213 09 14 09.52 +72 42 52.5          18.3 Vq~1jmpI89
     K16B00E 'C2016 01 25.15336 09 14 33.71 +72 42 39.8          18.1 Vq~1jmpI89
     K16B00E 'C2016 01 25.16762 09 15 04.82 +72 42 21.9          18.3 Vq~1jmpI89
     K16B00E 'C2016 01 25.18089 09 15 33.87 +72 42 04.0          18.0 Vq~1jmpI89
     K16B00E KC2016 01 25.80350 09 43 01.65 +72 26 31.1          17.9 Ro~1jmpK51
     K16B00E KC2016 01 25.80528 09 43 06.41 +72 26 29.1          17.9 Ro~1jmpK51
     K16B00E KC2016 01 25.80979 09 43 18.46 +72 26 23.5          18.2 Ro~1jmpK51
     K16B00E  C2016 01 26.49777 10 16 00.14 +71 51 38.3          17.9 wL~1jmpT05
     K16B00E  C2016 01 26.52191 10 17 06.46 +71 49 43.8          17.3 wL~1jmpT05
     K16B00E  C2016 01 26.53000 10 17 28.88 +71 49 04.4          17.7 wL~1jmpT05
     K16B00E  C2016 01 26.54750 10 18 17.10 +71 47 35.2          17.8 wL~1jmpT05
     K16B00E KC2016 01 28.01657411 39 43.12 +67 55 39.2                q~1jmpJ95
     K16B00E KC2016 01 28.01871711 39 50.04 +67 55 09.0                q~1jmpJ95
     K16B00E KC2016 01 28.02085211 39 56.88 +67 54 38.4          17.4 Rq~1jmpJ95
     K16B00E  C2016 01 28.21913 11 51 31.02 +67 00 26.1          17.6 Ru~1jmp926
     K16B00E  C2016 01 28.22043 11 51 35.28 +67 00 06.5          17.7 Ru~1jmp926
     K16B00E  C2016 01 28.22172 11 51 39.54 +66 59 46.0          17.8 Ru~1jmp926
     K16B00E 8C2016 01 28.46044 12 04 01.15 +65 50 49.0          16.9 Rt~1jmpH06
     K16B00E 8C2016 01 28.46319 12 04 09.44 +65 49 54.8          17.3 Rt~1jmpH06
     K16B00E 8C2016 01 28.46604 12 04 18.01 +65 48 58.7          17.4 Rt~1jmpH06
     K16B00E  C2016 01 28.46888 12 04 31.07 +65 48 13.0          17.6 Ru~1jmp926
     K16B00E  C2016 01 28.47018 12 04 35.02 +65 47 46.8          17.7 Ru~1jmp926
     K16B00E  C2016 01 28.47146 12 04 38.88 +65 47 21.0          17.4 Ru~1jmp926
     K16B00E  C2016 01 28.50461 12 06 18.52 +65 36 11.3          18.2 Ru~1jmp926
     K16B00E  C2016 01 28.50591 12 06 22.38 +65 35 44.6          17.9 Ru~1jmp926
     K16B00E  C2016 01 28.50719 12 06 26.32 +65 35 18.0          17.9 Ru~1jmp926
     K16B00E tC2016 01 28.57249012 10 21.096+65 14 03.06         16.8 Rt~1k52F51
     K16B00E tC2016 01 28.57313312 10 22.972+65 13 49.84         16.9 Rt~1k52F51
     K16B00E tC2016 01 28.58483712 10 57.513+65 09 45.60         16.4 Rt~1k52F51
     K16B00E tC2016 01 28.58547812 10 59.349+65 09 32.54               t~1k52F51
     K16B00E tC2016 01 28.59720212 11 33.870+65 05 24.65         16.6 Rt~1k52F51
     K16B00E  C2016 01 29.26744 12 47 34.23 +60 14 54.4          16.7 Ru~1jmp926
     K16B00E  C2016 01 29.26873 12 47 38.05 +60 14 17.8          16.8 Ru~1jmp926
     K16B00E  C2016 01 29.27003 12 47 41.78 +60 13 41.1          16.9 Ru~1jmp926
     K16B00E QC2016 01 29.36773 12 52 15.51 +59 25 51.3          17.2 Vq~1jmpH06
     K16B00E QC2016 01 29.37233 12 52 28.11 +59 23 30.0          16.8 Vq~1jmpH06
     K16B00E QC2016 01 29.38107 12 52 51.90 +59 18 59.8          16.6 Vq~1jmpH06
     K16B00E  C2016 01 29.44299 12 55 27.55 +58 46 00.1          17.0 Rq~1jmpH45
     K16B00E  C2016 01 29.44359 12 55 29.13 +58 45 40.6          17.2 Rq~1jmpH45
     K16B00E  C2016 01 29.44425 12 55 30.72 +58 45 18.9          17.2 Rq~1jmpH45
     K16B00E  C2016 01 29.44499 12 55 32.71 +58 44 54.7          17.4 Rq~1jmpH45
     K16B00E  C2016 01 29.44542 12 55 33.95 +58 44 39.7          17.0 Rq~1jmpH45
     K16B00E  C2016 01 29.44579 12 55 34.85 +58 44 28.6          17.2 Rq~1jmpH45
     K16B00E  C2016 01 29.44635 12 55 36.37 +58 44 09.4          17.2 Rq~1jmpH45
     K16B00E  C2016 01 29.44687 12 55 37.71 +58 43 52.1          17.1 Rq~1jmpH45
     K16B00E  C2016 01 29.44741 12 55 39.12 +58 43 34.8          17.4 Rq~1jmpH45
     K16B00E  C2016 01 29.44797 12 55 40.66 +58 43 16.2          17.4 Rq~1jmpH45
     K16B00E  C2016 01 29.44848 12 55 42.00 +58 42 59.0          17.1 Rq~1jmpH45
     K16B00E  C2016 01 29.44902 12 55 43.30 +58 42 42.5          17.1 Rq~1jmpH45
     K16B00E  C2016 01 29.44964 12 55 45.05 +58 42 20.4          17.6 Rq~1jmpH45
     K16B00E  C2016 01 29.45013 12 55 46.40 +58 42 02.9          17.3 Rq~1jmpH45
     K16B00E  C2016 01 29.45062 12 55 47.64 +58 41 48.5          17.4 Rq~1jmpH45
     K16B00E  C2016 01 29.49391 12 57 55.78 +58 18 02.8          16.9 Ro~1jmp926
     K16B00E  C2016 01 29.49479 12 57 58.07 +58 17 32.9          16.9 Ro~1jmp926
     K16B00E  C2016 01 29.49583 12 58 00.77 +58 16 57.8          16.9 Ro~1jmp926
     K16B00E  C2016 01 29.51240 12 58 43.93 +58 07 31.9          16.7 Ru~1jmp926
     K16B00E  C2016 01 29.51369 12 58 47.26 +58 06 47.8          16.7 Ru~1jmp926
     K16B00E  C2016 01 29.51498 12 58 50.64 +58 06 03.5          16.7 Ru~1jmp926
     K16B00E  C2016 01 29.55124 13 00 24.99 +57 44 55.5          17.8 Ru~1jmp926
     K16B00E  C2016 01 29.55253 13 00 28.34 +57 44 09.4          17.7 Ru~1jmp926
     K16B00E  C2016 01 29.55381 13 00 31.70 +57 43 23.8          17.6 Ru~1jmp926
     K16B00E KC2016 01 29.87667 13 16 21.98 +54 14 01.8          16.4 Rq~1k52204
     K16B00E KC2016 01 29.87763 13 16 24.60 +54 13 24.5                q~1k52204
     K16B00E KC2016 01 29.87858 13 16 27.23 +54 12 47.2                q~1k52204
     K16B00E KC2016 01 29.87954 13 16 29.90 +54 12 10.0                q~1k52204
     K16B00E KC2016 01 29.88049 13 16 32.49 +54 11 32.6                q~1k52204
     K16B00E  C2016 01 30.35875 13 36 59.02 +48 18 52.0          17.6 Ru~1k52926
     K16B00E  C2016 01 30.36004 13 37 01.94 +48 17 50.8          17.4 Ru~1k52926
     K16B00E  C2016 01 30.36133 13 37 04.89 +48 16 49.4          17.3 Ru~1k52926
     K16B00E  C2016 01 30.37275 13 37 20.02 +48 08 22.5          17.2 Rq~1k52H45
     K16B00E  C2016 01 30.37332 13 37 21.40 +48 07 53.5          17.2 Rq~1k52H45
     K16B00E  C2016 01 30.37372 13 37 22.25 +48 07 32.9          17.5 Rq~1k52H45
     K16B00E  C2016 01 30.37405 13 37 22.94 +48 07 18.7          17.0 Rq~1k52H45
     K16B00E  C2016 01 30.37457 13 37 24.21 +48 06 52.4          17.0 Rq~1k52H45
     K16B00E  C2016 01 30.37495 13 37 24.95 +48 06 34.6          16.9 Rq~1k52H45
     K16B00E  C2016 01 30.37568 13 37 26.58 +48 05 58.7          17.3 Rq~1k52H45
     K16B00E  C2016 01 30.37641 13 37 28.15 +48 05 24.1          17.0 Rq~1k52H45
     K16B00E  C2016 01 30.37688 13 37 29.17 +48 05 01.1          16.9 Rq~1k52H45
     K16B00E  C2016 01 30.37799 13 37 31.61 +48 04 07.8          16.9 Rq~1k52H45
     K16B00E  C2016 01 30.53375 13 43 17.32 +45 52 34.6          16.3 Ru~1k52926
     K16B00E  C2016 01 30.53504 13 43 19.98 +45 51 27.2          16.3 Ru~1k52926
     K16B00E  C2016 01 30.53631 13 43 22.64 +45 50 19.8          16.3 Ru~1k52926
     K16B00E  C2016 01 30.53795 13 43 26.04 +45 48 53.1          16.3 Ru~1k52926
     K16B00E  C2016 01 30.53924 13 43 28.71 +45 47 45.0          16.4 Ru~1k52926
     K16B00E  C2016 01 30.54051 13 43 31.38 +45 46 37.3          16.4 Ru~1k52926
     K16B00E  C2016 01 31.40885 14 14 39.37 +31 12 11.2          16.2 Ru~1k52926
     K16B00E  C2016 01 31.41014 14 14 41.58 +31 10 46.9          16.1 Ru~1k52926
     K16B00E  C2016 01 31.41143 14 14 43.81 +31 09 22.3          16.3 Ru~1k52926
     K16B00E  C2016 01 31.42102 14 15 00.38 +30 58 50.7          17.8 Ru~1k52926
     K16B00E  C2016 01 31.42229 14 15 02.58 +30 57 25.7          17.5 Ru~1k52926
     K16B00E  C2016 01 31.42360 14 15 04.83 +30 56 00.3          17.5 Ru~1k52926
     K16B00E  C2016 01 31.46834 14 16 20.35 +30 06 28.7          16.1 Ru~1k52926
     K16B00E  C2016 01 31.46962 14 16 22.49 +30 05 02.3          16.1 Ru~1k52926
     K16B00E  C2016 01 31.47091 14 16 24.62 +30 03 36.1          16.0 Ru~1k52926
     K16B00E  C2016 01 31.50135 14 17 14.70 +29 29 29.8          17.5 Ru~1k52926
     K16B00E  C2016 01 31.50263 14 17 16.78 +29 28 03.3          17.4 Ru~1k52926
     K16B00E  C2016 01 31.50411 14 17 19.24 +29 26 21.9          17.4 Ru~1k52926
     K16B00E  C2016 01 31.51403 14 17 35.37 +29 15 11.2          16.9 Ro~1k52926
     K16B00E  C2016 01 31.51444 14 17 36.06 +29 14 42.3          16.7 Ro~1k52926
     K16B00E  C2016 01 31.51487 14 17 36.76 +29 14 13.4          16.7 Ro~1k52926
     K16B00E  C2016 01 31.51955 14 17 44.31 +29 08 56.9          16.9 Ru~1k52926
     K16B00E  C2016 01 31.52084 14 17 46.39 +29 07 29.7          16.7 Ru~1k52926
     K16B00E  C2016 01 31.52211 14 17 48.46 +29 06 02.5          16.7 Ru~1k52926
     K16B00E  C2016 01 31.52339 14 17 50.52 +29 04 35.9          16.6 Ru~1k52926
     K16B00E  C2016 01 31.52467 14 17 52.58 +29 03 09.1          16.7 Ru~1k52926
     K16B00E  C2016 01 31.52595 14 17 54.64 +29 01 42.2          16.7 Ru~1k52926
     K16B00E  C2016 02 02.49588 15 06 16.24 -07 22 49.1          17.5 Ru~1k52926
     K16B00E  C2016 02 02.49729 15 06 17.58 -07 24 07.1          17.8 Ru~1k52926
     K16B00E  C2016 02 02.49868 15 06 19.00 -07 25 24.5          18.2 Ru~1k52926
     K16B00E  C2016 02 02.50009 15 06 20.34 -07 26 43.4          18.1 Ru~1k52926
     K16B00E  C2016 02 02.50151 15 06 21.78 -07 28 02.3          18.3 Ru~1k52926
     K16B00E  C2016 02 02.50292 15 06 23.16 -07 29 20.3          18.2 Ru~1k52926
     K16B00E  C2016 02 02.54908 15 07 07.76 -08 11 41.4          17.2 Ro~1k52926
     K16B00E  C2016 02 02.54966 15 07 08.32 -08 12 13.0          17.2 Ro~1k52926
     K16B00E  C2016 02 02.55025 15 07 08.88 -08 12 45.3          17.2 Ro~1k52926
     K16B00E  C2016 02 03.52857 15 23 53.04 -20 50 54.5          18.7 Ru~1k52926
     K16B00E  C2016 02 03.53012 15 23 54.25 -20 51 55.4          18.7 Ru~1k52926
     K16B00E  C2016 02 03.53165 15 23 55.40 -20 52 55.7          18.5 Ru~1k52926
     K16B00E  C2016 02 03.53785 15 24 00.08 -20 56 57.4          18.4 Ro~1k52926
     K16B00E  C2016 02 03.53864 15 24 00.68 -20 57 28.3          18.4 Ro~1k52926
     K16B00E  C2016 02 03.53945 15 24 01.30 -20 57 59.8          18.5 Ro~1k52926
     K16B00E  C2016 02 03.54257 15 24 03.63 -21 00 01.0          18.7 Ru~1k52926
     K16B00E  C2016 02 03.54407 15 24 04.79 -21 01 01.0          19.4 Ru~1k52926
     K16B00E  C2016 02 03.54560 15 24 05.92 -21 01 59.2          18.7 Ru~1k52926
     K16B00E 2C2016 02 04.65625515 39 15.868-30 49 05.06         19.9 Rt~1k52568
     K16B00E 2C2016 02 04.65667015 39 16.110-30 49 15.91         20.2 Rt~1k52568
     K16B00E 2C2016 02 04.65724215 39 16.434-30 49 30.88         20.4 Rt~1k52568
     K16B00E 2C2016 02 04.65778015 39 16.737-30 49 44.88         20.4 Rt~1k52568
     K16B00E &C2016 04 12.30200317 31 01.522-61 31 01.81         22.4 Rt~1qnT309
     K16B00E &C2016 04 12.30271917 31 01.436-61 31 01.84         22.4 Rt~1qnT309
     K16B00E &C2016 04 12.30345917 31 01.348-61 31 01.81         22.4 Rt~1qnT309
     K16B00E &C2016 04 12.30419017 31 01.254-61 31 01.68         22.4 Rt~1qnT309
     K16B00E &C2016 04 12.30490817 31 01.176-61 31 01.65         22.4 Rt~1qnT309
