     K16AG6B* C2016 01 15.21447 06 37 31.77 +33 57 16.0          18.4 Vq~1jAVG96
     K16AG6B  C2016 01 15.22159 06 37 34.47 +33 58 37.8          18.5 Vq~1jAVG96
     K16AG6B  C2016 01 15.22871 06 37 37.15 +33 59 59.7          18.5 Vq~1jAVG96
     K16AG6B  C2016 01 15.23788 06 37 40.57 +34 01 44.0          18.4 Vq~1jAVG96
     K16AG6B  C2016 01 15.29333 06 38 00.86 +34 11 55.1          18.7 Vq~1jAVI52
     K16AG6B  C2016 01 15.29380 06 38 01.04 +34 12 00.2          18.4 Vq~1jAVI52
     K16AG6B  C2016 01 15.29427 06 38 01.21 +34 12 05.1          18.1 Vq~1jAVI52
     K16AG6B  C2016 01 15.47302 06 39 07.22 +34 41 33.5          18.3 Vq~1jAVI52
     K16AG6B  C2016 01 15.47653 06 39 08.57 +34 42 05.7          18.6 Vq~1jAVI52
     K16AG6B  C2016 01 15.47835 06 39 09.28 +34 42 22.5          18.6 Vq~1jAVI52
     K16AG6B  C2016 01 15.48709 06 39 34.05 +34 44 33.7          18.6 Ro~1jAV300
     K16AG6B  C2016 01 15.49171 06 39 35.63 +34 45 20.1          18.5 Ro~1jAV300
     K16AG6B  C2016 01 15.49401 06 39 36.44 +34 45 42.2          18.4 Ro~1jAV300
     K16AG6B  C2016 01 15.49632 06 39 37.14 +34 46 06.1          18.6 Ro~1jAV300
     K16AG6B  C2016 01 15.49863 06 39 37.92 +34 46 28.6          18.6 Ro~1jAV300
     K16AG6B  C2016 01 15.61255 06 40 13.41 +35 04 20.1          18.7 Vq~1jAV900
     K16AG6B  C2016 01 15.61989 06 40 15.63 +35 05 25.2          18.7 Vq~1jAV900
     K16AG6B  C2016 01 15.62724 06 40 17.88 +35 06 30.3          18.8 Vq~1jAV900
     K16AG6B KC2016 01 15.71966 06 41 06.58 +35 18 31.8          18.4  t~1jAV104
     K16AG6B KC2016 01 15.72337 06 41 07.81 +35 19 04.7          18.1  t~1jAV104
     K16AG6B KC2016 01 15.72710 06 41 09.15 +35 19 38.1          18.3  t~1jAV104
     K16AG6B KC2016 01 15.76355 06 41 22.42 +35 24 56.2          18.5 Rq~1jAVB49
     K16AG6B KC2016 01 15.77726 06 41 26.90 +35 26 56.0          17.8 Rq~1jAVB49
     K16AG6B KC2016 01 15.77947 06 41 27.63 +35 27 14.8          17.7 Rq~1jAVB49
     K16AG6B hC2016 01 15.83804 06 41 44.78 +35 35 03.3                q~1jAVJ95
     K16AG6B bC2016 01 15.84016 06 41 45.46 +35 35 21.4          19.6 Rq~1jAVJ95
     K16AG6B KC2016 01 15.88702 06 41 57.80 +35 42 11.1          18.5 Rq~1jAV160
     K16AG6B KC2016 01 15.88919 06 41 58.39 +35 42 27.8          18.7 Rq~1jAV160
     K16AG6B KC2016 01 15.89030 06 41 58.68 +35 42 37.0          18.6 Rq~1jAV160
     K16AG6B KC2016 01 15.89139 06 41 58.95 +35 42 45.9          18.6 Rq~1jAV160
     K16AG6B KC2016 01 15.89359 06 41 59.56 +35 43 03.1          18.5 Rq~1jAV160
     K16AG6B  C2016 01 15.92957 06 42 11.16 +35 47 46.9          18.9 Rq~1jAVB74
     K16AG6B  C2016 01 15.93254 06 42 11.99 +35 48 09.5          19.0 Rq~1jAVB74
     K16AG6B  C2016 01 15.93537 06 42 12.66 +35 48 31.8          18.8 Rq~1jAVB74
     K16AG6B KC2016 01 15.95519 06 42 16.82 +35 50 53.2          18.8 Vq~1jAVC77
     K16AG6B KC2016 01 15.96938 06 42 20.48 +35 52 38.6          18.9 Vq~1jAVC77
     K16AG6B KC2016 01 15.97539 06 42 22.12 +35 53 23.1          19.9 Vq~1jAVC77
     K16AG6B  C2016 01 16.23260 06 43 46.70 +36 23 57.6          19.3 Ru~1jAV926
     K16AG6B  C2016 01 16.23650 06 43 47.49 +36 24 23.9          19.1 Ru~1jAV926
     K16AG6B  C2016 01 16.24041 06 43 48.40 +36 24 49.3          19.6 Ru~1jAV926
     K16AG6B  C2016 01 16.41352 06 44 26.43 +36 42 24.9          19.2 Ru~1jAV926
     K16AG6B  C2016 01 16.41801 06 44 27.48 +36 42 50.3          19.4 Ru~1jAV926
     K16AG6B  C2016 01 16.42247 06 44 28.52 +36 43 15.1          19.3 Ru~1jAV926
     K16AG6B  C2016 01 16.58227 06 45 20.61 +36 59 05.6          20.1 Ro~1jAV300
     K16AG6B  C2016 01 16.59345 06 45 22.72 +37 00 07.4          20.2 Ro~1jAV300
     K16AG6B  C2016 01 16.59870 06 45 23.73 +37 00 37.6          19.7 Ro~1jAV300
     K16AG6B KC2016 01 16.79515 06 46 19.26 +37 17 12.7          18.8 Rq~1jAV160
     K16AG6B KC2016 01 16.79802 06 46 19.81 +37 17 28.6          18.9 Rq~1jAV160
     K16AG6B KC2016 01 16.79938 06 46 19.96 +37 17 36.9                q~1jAV160
     K16AG6B KC2016 01 16.80075 06 46 20.25 +37 17 43.8                q~1jAV160
     K16AG6B KC2016 01 19.21314906 52 55.18 +39 32 02.8          20.4 Vu~1jAVH21
     K16AG6B KC2016 01 19.21960506 52 55.68 +39 32 16.4          20.2 Vu~1jAVH21
     K16AG6B KC2016 01 19.22360206 52 55.97 +39 32 25.0          20.3 Vu~1jAVH21
     K16AG6B 2C2016 02 02.34455207 06 18.606+41 40 53.62         22.6 Rt~1k4y568
     K16AG6B 2C2016 02 02.35428007 06 18.846+41 40 53.27         22.6 Rt~1k4y568
     K16AG6B 2C2016 02 04.34858407 07 42.523+41 38 20.18         23.1 Rt~1k4y568
     K16AG6B 2C2016 02 04.35739707 07 42.761+41 38 19.27         22.8 Rt~1k4y568
     K16AG6B 2C2016 02 05.44809807 08 28.128+41 36 05.33         22.9 Rt~1l5j568
     K16AG6B 2C2016 02 05.45726207 08 28.422+41 36 03.50         23.2 Rt~1l5j568
     K16AG6B 2C2016 02 09.39952207 11 25.619+41 24 30.51         23.8 Rt~1nwa568
     K16AG6B 2C2016 02 09.41104907 11 26.025+41 24 27.70         23.5 Rt~1nwa568
