     K16D30Y  C2016 02 26.40498 09 56 48.94 +12 39 39.1          20.4 Vq~1ny4G96
     K16D30Y  C2016 02 26.41162 09 56 45.61 +12 40 23.5          20.2 Vq~1ny4G96
     K16D30Y  C2016 02 26.41825 09 56 42.46 +12 41 05.5          20.1 Vq~1ny4G96
     K16D30Y* C2016 02 26.45020 09 56 29.97 +12 44 12.2          20.5 Vq~1ny4G96
     K16D30Y  C2016 02 26.45619 09 56 28.09 +12 44 44.1          19.5 Vq~1ny4G96
     K16D30Y  C2016 02 26.45904 09 56 27.22 +12 44 59.4          20.5 Vq~1ny4G96
     K16D30Y KC2016 02 27.11880 09 57 39.24 +13 21 25.2          20.9 Ro~1ny4291
     K16D30Y KC2016 02 27.12516 09 57 37.89 +13 21 43.3          21.0 Ro~1ny4291
     K16D30Y KC2016 02 27.13153 09 57 36.69 +13 21 56.3          21.6 Ro~1ny4291
     K16D30Y "C2016 02 27.29040209 56 51.64 +13 26 29.1          20.6 Rt~1ny4705
     K16D30Y "C2016 02 27.29142009 56 51.33 +13 26 30.6          20.8 Rt~1ny4705
     K16D30Y "C2016 02 27.29243709 56 51.08 +13 26 31.6          20.7 Rt~1ny4705
