     K16D02K* C2016 02 27.19267 10 16 36.35 +08 25 44.3          19.5 Vq~1n4bG96
     K16D02K  C2016 02 27.20307 10 17 06.94 +08 25 14.1          20.7 Vq~1n4bG96
     K16D02K  C2016 02 27.20826 10 17 22.25 +08 24 58.8          19.2 Vq~1n4bG96
     K16D02K  C2016 02 27.22858110 18 16.82 +08 23 41.0          19.5 Vt~1n4bH01
     K16D02K  C2016 02 27.23733210 18 40.76 +08 23 15.4          19.5 Vt~1n4bH01
     K16D02K  C2016 02 27.24383310 18 58.25 +08 22 56.3          20.1 Vt~1n4bH01
     K16D02K  C2016 02 27.25018010 19 15.10 +08 22 37.7          19.9 Vt~1n4bH01
     K16D02K KC2016 02 27.26172 10 19 29.94 +08 20 55.1          19.7 Vq~1n4bH21
     K16D02K  C2016 02 27.26301410 19 48.41 +08 22 00.5          19.6 Vt~1n4bH01
     K16D02K KC2016 02 27.26715 10 19 43.98 +08 20 38.8          20.0 Vq~1n4bH21
     K16D02K  C2016 02 27.26955410 20 05.06 +08 21 41.5          19.4 Vt~1n4bH01
     K16D02K KC2016 02 27.27449 10 20 02.73 +08 20 16.4          19.9 Vq~1n4bH21
     K16D02K  C2016 02 27.27852910 20 27.51 +08 21 15.5          19.9 Vt~1n4bH01
     K16D02K  C2016 02 27.28566 10 20 48.06 +08 21 14.6          19.3 Vq~1n4bG96
     K16D02K  C2016 02 27.28587 10 20 48.60 +08 21 13.9          20.1 Vq~1n4bG96
     K16D02K  C2016 02 27.28608 10 20 49.05 +08 21 12.7          19.0 Vq~1n4bG96
     K16D02K  C2016 02 27.28629 10 20 49.59 +08 21 12.7          18.7 Vq~1n4bG96
     K16D02K  C2016 02 27.28650210 20 47.13 +08 20 52.4          19.0 Vt~1n4bH01
     K16D02K  C2016 02 28.24953 10 43 17.37 +07 54 44.6          20.4 Vq~1n4bG96
     K16D02K  C2016 02 28.25690 10 43 21.59 +07 54 38.9          20.4 Vq~1n4bG96
     K16D02K  C2016 02 28.26062 10 43 23.72 +07 54 36.1          21.2 Vq~1n4bG96
     K16D02K  C2016 02 28.31951 10 43 55.47 +07 53 54.0          20.6 Ro~1n4b926
     K16D02K  C2016 02 28.32339 10 43 57.49 +07 53 50.4          20.6 Ro~1n4b926
     K16D02K  C2016 02 28.32727 10 43 59.50 +07 53 47.1          20.7 Ro~1n4b926
     K16D02K  C2016 03 01.31565 10 55 02.66 +07 39 00.8          21.8 Vq~1n4bG96
     K16D02K  C2016 03 01.32991 10 55 03.96 +07 38 57.1                q~1n4bG96
     K16D02K  C2016 03 01.34384 10 55 05.25 +07 38 53.5          22.5 Vq~1n4bG96
     K16D02K  C2016 03 01.35452 10 55 06.36 +07 38 49.5                q~1n4bG96
