     K16E85K*'C2016 03 09.09989 11 12 47.37 +12 04 35.1          20.1 Rt~1obH309
     K16E85K 'C2016 03 09.10109 11 12 47.77 +12 04 29.8          20.1 Rt~1obH309
     K16E85K 'C2016 03 09.10230 11 12 48.18 +12 04 24.3          19.7 Rt~1obH309
     K16E85K 'C2016 03 09.10351 11 12 48.58 +12 04 18.9          20.1 Rt~1obH309
     K16E85K 'C2016 03 09.10471 11 12 48.96 +12 04 13.6          19.9 Rt~1obH309
     K16E85K 'C2016 03 09.10593 11 12 49.37 +12 04 08.2          19.7 Rt~1obH309
     K16E85K 'C2016 03 09.10713 11 12 49.75 +12 04 02.9          19.8 Rt~1obH309
     K16E85K 'C2016 03 09.10834 11 12 50.15 +12 03 57.5          19.9 Rt~1obH309
     K16E85K  C2016 03 10.33087 11 19 05.45 +10 44 47.9          20.4 Vq~1obHG96
     K16E85K  C2016 03 10.33396 11 19 06.12 +10 44 38.3          20.2 Vq~1obHG96
     K16E85K  C2016 03 10.34013 11 19 07.43 +10 44 18.9          20.2 Vq~1obHG96
     K16E85K  C2016 03 10.36597 11 19 12.87 +10 42 59.6          20.5 Ro~1obH926
     K16E85K  C2016 03 10.37038 11 19 13.83 +10 42 45.8          20.5 Ro~1obH926
     K16E85K  C2016 03 10.37480 11 19 14.73 +10 42 31.6          20.8 Ro~1obH926
     K16E85K  C2016 03 10.42013 11 19 24.47 +10 40 07.4          21.4 Vq~1obHI52
     K16E85K  C2016 03 10.42255 11 19 24.94 +10 39 58.7          21.4 Vq~1obHI52
     K16E85K  C2016 03 10.42497 11 19 25.51 +10 39 51.4          21.1 Vq~1obHI52
     K16E85K 6C2016 03 10.92462 11 21 31.84 +10 16 05.9          20.5 Rt~1obHJ13
     K16E85K 6C2016 03 10.92553 11 21 31.98 +10 16 03.8          20.7 Rt~1obHJ13
     K16E85K 6C2016 03 10.92644 11 21 32.17 +10 16 01.3          20.2 Rt~1obHJ13
     K16E85K 6C2016 03 10.92735 11 21 32.34 +10 15 59.0          20.5 Rt~1obHJ13
     K16E85K 6C2016 03 10.92826 11 21 32.51 +10 15 56.4          20.8 Rt~1obHJ13
     K16E85K 6C2016 03 10.92917 11 21 32.67 +10 15 54.1          20.6 Rt~1obHJ13
     K16E85K 6C2016 03 10.93008 11 21 32.87 +10 15 51.6          20.6 Rt~1obHJ13
     K16E85K 6C2016 03 10.93099 11 21 33.02 +10 15 49.5          20.3 Rt~1obHJ13
     K16E85K 6C2016 03 10.93190 11 21 33.20 +10 15 46.8          20.9 Rt~1obHJ13
     K16E85K 6C2016 03 10.93281 11 21 33.35 +10 15 44.7          20.4 Rt~1obHJ13
     K16E85K  C2016 03 11.12814011 22 09.155+10 08 31.78         20.5 Rt~1obHY28
     K16E85K  C2016 03 11.12916411 22 09.317+10 08 29.10         20.2 Rt~1obHY28
     K16E85K  C2016 03 11.12967811 22 09.398+10 08 27.91         20.4 Rt~1obHY28
     K16E85K  C2016 03 11.13018411 22 09.482+10 08 26.41         20.3 Rt~1obHY28
     K16E85K  C2016 03 11.13069811 22 09.565+10 08 24.89         20.0 Rt~1obHY28
     K16E85K 6C2016 03 11.14049 11 22 08.96 +10 06 44.9          21.0 Rt~1obHJ13
     K16E85K 6C2016 03 11.14140 11 22 09.12 +10 06 42.7          20.3 Rt~1obHJ13
     K16E85K 6C2016 03 11.14231 11 22 09.28 +10 06 40.0          20.6 Rt~1obHJ13
     K16E85K 6C2016 03 11.14322 11 22 09.42 +10 06 37.7          20.6 Rt~1obHJ13
     K16E85K 6C2016 03 11.14413 11 22 09.58 +10 06 35.6          20.6 Rt~1obHJ13
     K16E85K 6C2016 03 11.14504 11 22 09.75 +10 06 33.0          20.8 Rt~1obHJ13
     K16E85K 6C2016 03 11.14595 11 22 09.90 +10 06 30.8          20.3 Rt~1obHJ13
     K16E85K 6C2016 03 11.14686 11 22 10.05 +10 06 28.4          20.6 Rt~1obHJ13
     K16E85K 6C2016 03 11.14777 11 22 10.21 +10 06 26.1          20.5 Rt~1obHJ13
     K16E85K 6C2016 03 11.14868 11 22 10.35 +10 06 23.6          20.8 Rt~1obHJ13
     K16E85K  C2016 03 11.29442 11 22 44.28 +10 00 16.2          21.3 Vq~1obHI52
     K16E85K  C2016 03 11.29553 11 22 44.43 +10 00 13.3          21.5 Vq~1obHI52
     K16E85K  C2016 03 11.29664 11 22 44.63 +10 00 10.5          21.4 Vq~1obHI52
     K16E85K  C2016 03 11.33107511 22 49.62 +09 58 43.7          21.3 Vt~1obHH01
     K16E85K  C2016 03 11.33431611 22 50.13 +09 58 35.8          21.5 Vt~1obHH01
     K16E85K  C2016 03 11.34746511 22 52.21 +09 58 03.7          21.3 Vt~1obHH01
     K16E85K  C2016 03 11.35481711 22 53.38 +09 57 45.7          21.4 Vt~1obHH01
     K16E85K  C2016 03 11.46688 11 23 11.75 +09 53 15.5          21.3 Vq~1obHG96
     K16E85K  C2016 03 11.46772 11 23 11.93 +09 53 13.3          20.8 Vq~1obHG96
     K16E85K  C2016 03 11.46857 11 23 12.06 +09 53 11.1          20.6 Vq~1obHG96
     K16E85K  C2016 03 11.46941 11 23 12.19 +09 53 09.3          21.3 Vq~1obHG96
     K16E85K  C2016 03 12.23952 11 25 32.98 +09 25 36.1          21.4 Vq~1obHG96
     K16E85K  C2016 03 12.24144 11 25 33.23 +09 25 31.4          20.7 Vq~1obHG96
     K16E85K  C2016 03 12.24334 11 25 33.46 +09 25 28.3          21.7 Vq~1obHG96
     K16E85K  C2016 03 12.24526 11 25 33.68 +09 25 24.3          20.8 Vq~1obHG96
     K16E85K  C2016 03 12.31396 11 25 42.03 +09 23 11.0          21.1 Vq~1obHG96
     K16E85K  C2016 03 12.32150 11 25 42.90 +09 22 56.4          21.6 Vq~1obHG96
     K16E85K  C2016 03 12.32907 11 25 43.80 +09 22 42.0          20.7 Vq~1obHG96
     K16E85K  C2016 03 12.33661 11 25 44.73 +09 22 27.2          20.6 Vq~1obHG96
     K16E85K KC2016 03 13.24777 11 27 55.15 +08 55 39.0                o~1obH291
     K16E85K KC2016 03 13.24973 11 27 55.36 +08 55 35.7                o~1obH291
     K16E85K KC2016 03 13.25169 11 27 55.51 +08 55 32.5                o~1obH291
     K16E85K KC2016 03 15.47124 11 31 40.03 +08 06 20.3                o~1obH291
     K16E85K KC2016 03 15.47670 11 31 40.33 +08 06 15.7                o~1obH291
     K16E85K KC2016 03 15.48215 11 31 40.82 +08 06 09.2                o~1obH291
     K16E85K 2C2016 03 15.49554511 31 43.777+08 06 11.99         20.7 Rt~1pRe568
     K16E85K 2C2016 03 15.49728511 31 43.878+08 06 10.05         20.9 Rt~1pRe568
     K16E85K 2C2016 03 16.46463811 33 00.500+07 49 41.87         22.2 Rt~1pRe568
     K16E85K 2C2016 03 16.46853811 33 00.682+07 49 38.09         22.2 Rt~1pRe568
     K16E85K 2C2016 03 16.47249811 33 00.867+07 49 34.27         22.2 Rt~1pRe568
