h3953J97X02R* C1997 12 04.23858 04 22 30.74 +19 51 32.8                ba0244704
h3953J97X02R  C1997 12 04.25599 04 22 28.48 +19 49 48.8          16.7  ba0244704
h3953J97X02R  C1997 12 04.27259 04 22 26.55 +19 48 06.4          17.3  ba0244704
h3953J97X02R  C1997 12 04.28913 04 22 24.22 +19 46 32.2          16.9  ba0244704
h3953J97X02R  C1997 12 04.31239 04 22 21.27 +19 44 13.6                ba0244704
h3953J97X02R  C1997 12 05.10446 04 21 27.54 +18 29 00.8                ba0244704
h3953J97X02R  C1997 12 05.10766 04 21 27.20 +18 28 43.9                ba0244704
h3953J97X02R  C1997 12 05.11044 04 21 26.96 +18 28 29.0                ba0244704
h3953J97X02R  C1997 12 05.11323 04 21 26.70 +18 28 14.1                ba0244704
h3953J97X02R  C1997 12 05.11680 04 21 26.35 +18 27 55.3                ba0244704
h3953J97X02R  C1997 12 05.17227 04 21 20.49 +18 23 03.1                ba0244704
h3953J97X02R  C1997 12 05.18979 04 21 18.57 +18 21 30.4                ba0244704
h3953J97X02R  C1997 12 05.20648 04 21 16.71 +18 20 01.8                ba0244704
h3953J97X02R  C1997 12 05.22521 04 21 14.93 +18 18 24.2          17.3  ba0244704
h3953J97X02R  C1997 12 05.26176 04 21 10.46 +18 15 07.2                ba0244704
h3953J97X02R  C1997 12 05.56828 04 20 49.33 +17 48 07.8          15.7 Vza0244355
h3953J97X02R  C1997 12 05.57031 04 20 49.11 +17 47 57.2                za0244355
h3953J97X02R  C1997 12 05.57249 04 20 48.86 +17 47 46.2                za0244355
h3953J97X02R  C1997 12 05.57465 04 20 48.65 +17 47 34.6                za0244355
h3953J97X02R  C1997 12 05.69358 04 20 36.21 +17 37 17.7          15.9 Vza0245402
h3953J97X02R  C1997 12 05.69566 04 20 36.00 +17 37 06.7                za0245402
h3953J97X02R  C1997 12 05.69774 04 20 35.80 +17 36 55.9                za0245402
h3953J97X02R  C1997 12 05.85457 04 20 31.75 +17 23 18.2          15.8 V a0245046
h3953J97X02R  C1997 12 05.85611 04 20 31.62 +17 23 10.7                 a0245046
h3953J97X02R  C1997 12 05.85728 04 20 31.49 +17 23 04.3                 a0245046
h3953J97X02R  C1997 12 05.85859 04 20 31.38 +17 22 58.1                 a0245046
h3953J97X02R  C1997 12 05.86002 04 20 31.22 +17 22 51.2                 a0245046
h3953J97X02R  C1997 12 06.72921 04 19 39.79 +16 13 00.6          15.8 V a0245046
h3953J97X02R  C1997 12 06.73059 04 19 39.68 +16 12 54.0                 a0245046
h3953J97X02R  C1997 12 06.73177 04 19 39.59 +16 12 48.9                 a0245046
h3953J97X02R  C1997 12 06.73339 04 19 39.47 +16 12 41.2                 a0245046
h3953J97X02R  C1997 12 06.89293 04 19 26.76 +16 00 47.8          16.2 V a0245046
h3953J97X02R  C1997 12 06.89420 04 19 26.58 +16 00 42.3                 a0245046
h3953J97X02R  C1997 12 06.89542 04 19 26.54 +16 00 36.6                 a0245046
h3953J97X02R  C1997 12 06.95889 04 19 21.39 +15 55 56.1                za0245587
h3953J97X02R  C1997 12 06.96150 04 19 21.15 +15 55 44.3                za0245587
h3953J97X02R  C1997 12 06.96373 04 19 20.95 +15 55 34.2                za0245587
h3953J97X02R  C1997 12 07.03659 04 19 23.00 +15 50 27.6          15.3 Rza0245758
h3953J97X02R  C1997 12 07.07718 04 19 19.61 +15 47 32.5          15.7 Rza0245758
h3953J97X02R  C1997 12 07.07915 04 19 19.41 +15 47 23.9          16.3 Rza0245758
h3953J97X02R  C1997 12 07.22050 04 19 09.05 +15 36 57.0          17.1  ba0328704
h3953J97X02R  C1997 12 07.22102 04 19 08.91 +15 36 55.3          17.1  ba0328704
h3953J97X02R  C1997 12 07.22155 04 19 08.97 +15 36 52.0          17.0  ba0328704
h3953J97X02R  C1997 12 07.22207 04 19 09.12 +15 36 50.3          17.1  ba0328704
h3953J97X02R  C1997 12 07.22259 04 19 08.65 +15 36 47.2          17.0  ba0328704
h3953J97X02R  C1997 12 07.22311 04 19 08.77 +15 36 46.2          17.2  ba0328704
h3953J97X02R  C1997 12 07.22368 04 19 08.66 +15 36 43.4          17.1  ba0328704
h3953J97X02R  C1997 12 07.22431 04 19 08.76 +15 36 40.3          17.1  ba0328704
h3953J97X02R  C1997 12 07.22483 04 19 08.87 +15 36 37.3          17.1  ba0328704
h3953J97X02R  C1997 12 07.22535 04 19 08.45 +15 36 35.9          17.1  ba0328704
h3953J97X02R  C1997 12 07.22587 04 19 08.55 +15 36 33.5          17.2  ba0328704
h3953J97X02R  C1997 12 07.22640 04 19 08.39 +15 36 32.6          17.1  ba0328704
h3953J97X02R  C1997 12 07.22691 04 19 08.51 +15 36 28.3          17.1  ba0328704
h3953J97X02R  C1997 12 07.22744 04 19 08.56 +15 36 26.9          17.1  ba0328704
h3953J97X02R  C1997 12 07.22795 04 19 08.25 +15 36 23.8          17.0  ba0328704
h3953J97X02R  C1997 12 07.22847 04 19 08.38 +15 36 23.0          17.2  ba0328704
h3953J97X02R  C1997 12 07.22899 04 19 08.14 +15 36 20.5          17.1  ba0328704
h3953J97X02R  C1997 12 07.22951 04 19 08.27 +15 36 17.4          17.0  ba0328704
h3953J97X02R  C1997 12 07.23003 04 19 08.36 +15 36 15.1          17.1  ba0328704
h3953J97X02R  C1997 12 07.23055 04 19 07.99 +15 36 13.3          17.0  ba0328704
h3953J97X02R  C1997 12 07.23107 04 19 08.08 +15 36 10.8          17.2  ba0328704
h3953J97X02R  C1997 12 07.23159 04 19 07.90 +15 36 09.8          17.3  ba0328704
h3953J97X02R  C1997 12 07.23211 04 19 08.08 +15 36 06.2          17.0  ba0328704
h3953J97X02R  C1997 12 07.23262 04 19 08.11 +15 36 04.6          17.3  ba0328704
h3953J97X02R  C1997 12 07.23314 04 19 07.66 +15 36 01.7          17.0  ba0328704
h3953J97X02R  C1997 12 07.26241 04 19 06.53 +15 33 30.6                 a0245658
h3953J97X02R  C1997 12 07.26451 04 19 06.41 +15 33 22.2                 a0245658
h3953J97X02R  C1997 12 07.26916 04 19 05.99 +15 33 02.2                 a0245658
h3953J97X02R  C1997 12 07.27395 04 19 05.56 +15 32 41.8                 a0245658
h3953J97X02R  C1997 12 07.28687 04 19 03.03 +15 32 08.6                ba0328704
h3953J97X02R  C1997 12 07.28792 04 19 02.93 +15 32 03.5                ba0328704
h3953J97X02R  C1997 12 07.28949 04 19 02.77 +15 31 57.2                ba0328704
h3953J97X02R  C1997 12 07.29054 04 19 02.70 +15 31 52.3                ba0328704
h3953J97X02R  C1997 12 07.29219 04 19 02.51 +15 31 45.1                ba0328704
h3953J97X02R  C1997 12 07.29324 04 19 02.42 +15 31 42.4                ba0328704
h3953J97X02R  C1997 12 07.29482 04 19 02.29 +15 31 33.1                ba0328704
h3953J97X02R  C1997 12 07.29587 04 19 02.10 +15 31 29.0                ba0328704
h3953J97X02R  C1997 12 07.29856 04 19 01.62 +15 31 15.6                ba0328704
h3953J97X02R  C1997 12 07.62958 04 18 44.12 +15 07 42.4          15.8 Vza0245355
h3953J97X02R  C1997 12 07.64721 04 18 42.61 +15 06 27.3                za0245355
h3953J97X02R  C1997 12 07.82859 04 18 38.95 +14 53 38.3          17.0 Vza0245610
h3953J97X02R  C1997 12 07.83387 04 18 38.56 +14 53 17.0                za0245610
h3953J97X02R  C1997 12 07.84110 04 18 38.02 +14 52 47.8                za0245610
h3953J97X02R  C1997 12 07.84803 04 18 37.50 +14 52 19.8                za0245610
h3953J97X02R  C1997 12 07.85462 04 18 36.93 +14 51 52.8                za0245108
h3953J97X02R  C1997 12 07.85500 04 18 36.98 +14 51 51.6                za0245610
h3953J97X02R  C1997 12 07.85966 04 18 36.59 +14 51 32.5                za0245108
h3953J97X02R  C1997 12 07.87407 04 18 35.43 +14 50 36.5                za0245108
h3953J97X02R  C1997 12 07.87575 04 18 35.38 +14 50 27.6          16.7 Vza0245108
h3953J97X02R  C1997 12 09.00751 04 17 47.47 +13 37 50.1          15.8 Rza0328758
h3953J97X02R  C1997 12 09.01561 04 17 47.14 +13 37 20.2          17.1 Rza0328758
h3953J97X02R  C1997 12 09.02440 04 17 46.47 +13 36 51.4          16.2 Rza0328758
h3953J97X02R  C1997 12 09.16181 04 17 39.89 +13 28 26.1                za0328670
h3953J97X02R  C1997 12 09.16532 04 17 38.29 +13 28 45.9          16.3  za0328732
h3953J97X02R  C1997 12 09.17216 04 17 37.71 +13 28 20.7          16.7  za0328732
h3953J97X02R  C1997 12 09.17569 04 17 38.99 +13 27 36.8                za0328670
h3953J97X02R  C1997 12 09.17897 04 17 37.27 +13 27 56.0          16.1  za0328732
h3953J97X02R  C1997 12 09.18704 04 17 36.55 +13 27 28.9          16.3  za0328732
h3953J97X02R  C1997 12 09.19306 04 17 37.78 +13 26 36.6          16.8 Rza0328670
h3953J97X02R  C1997 12 09.20487 04 17 36.94 +13 25 55.1                za0328670
h3953J97X02R  C1997 12 09.65762 04 17 14.09 +12 59 29.4          17.0 Vza0328402
h3953J97X02R  C1997 12 09.65970 04 17 13.94 +12 59 21.9                za0328402
h3953J97X02R  C1997 12 09.66178 04 17 13.79 +12 59 14.9                za0328402
h3953J97X02R  C1997 12 10.18194 04 17 00.86 +12 30 20.4                za0328670
h3953J97X02R  C1997 12 10.20278 04 16 59.60 +12 29 14.3                za0328670
h3953J97X02R  C1997 12 10.22361 04 16 58.34 +12 28 07.6          17.6 Vza0328670
h3953J97X02R  C1997 12 10.49119 04 16 49.70 +12 13 50.5          16.6 Vza0328355
h3953J97X02R  C1997 12 10.49971 04 16 49.17 +12 13 23.6                za0328355
h3953J97X02R  C1997 12 10.50379 04 16 48.90 +12 13 11.4                za0328355
h3953J97X02R  C1997 12 18.40948 04 14 45.04 +07 23 08.3                 a0328658
h3953J97X02R  C1997 12 18.41502 04 14 44.97 +07 23 00.1                 a0328658
h3953J97X02R  C1997 12 18.41743 04 14 44.94 +07 22 56.5                 a0328658
h3953J97X02R  C1997 12 19.80419 04 14 50.94 +06 51 24.2          17.6 V a0328046
h3953J97X02R  C1997 12 19.81781 04 14 50.79 +06 51 06.0                 a0328046
h3953J97X02R  C1997 12 19.82160 04 14 50.76 +06 51 01.9                 a0328046
h3953J97X02R  C1997 12 19.82377 04 14 50.72 +06 50 59.2                 a0328046
h3953J97X02R  C1997 12 21.59792 04 15 00.11 +06 16 50.9          18.3 V a0328360
h3953J97X02R  C1997 12 21.60191 04 15 00.07 +06 16 46.9                 a0328360
h3953J97X02R  C1997 12 21.60608 04 14 59.99 +06 16 42.2                 a0328360
h3953J97X02R  C1997 12 21.84341 04 15 03.95 +06 12 21.1          18.3 V a0328046
h3953J97X02R  C1997 12 21.84701 04 15 03.92 +06 12 17.9                 a0328046
h3953J97X02R  C1997 12 21.85120 04 15 03.89 +06 12 13.4                 a0328046
h3953J97X02R  C1997 12 24.48807 04 15 38.74 +05 33 58.8          18.1  za0328422
h3953J97X02R  C1997 12 24.48976 04 15 38.78 +05 33 56.3          17.8  za0328422
h3953J97X02R  C1997 12 24.49144 04 15 38.76 +05 33 55.9          17.8  za0328422
h3953J97X02R  C1997 12 24.88380 04 15 45.54 +05 27 54.7          18.6 Vza0328104
h3953J97X02R  C1997 12 24.88796 04 15 45.55 +05 27 51.8                za0328104
h3953J97X02R  C1997 12 25.49769 04 15 54.36 +05 20 55.4          18.9 Ro~0bW1566
h3953J97X02R  C1997 12 25.50756 04 15 54.46 +05 20 48.8          18.5 Ro~0bW1566
h3953J97X02R  C1997 12 25.51786 04 15 54.54 +05 20 41.3          18.6 Ro~0bW1566
h3953J97X02R  C1997 12 25.52840 04 15 57.78 +05 20 24.5          18.7 Vza0328402
h3953J97X02R  C1997 12 25.53118 04 15 57.81 +05 20 22.1                za0328402
h3953J97X02R  C1997 12 25.53396 04 15 57.82 +05 20 20.6                za0328402
h3953J97X02R  C1997 12 25.82463 04 16 04.18 +05 16 56.1                za0328118
h3953J97X02R  C1997 12 25.83194 04 16 04.22 +05 16 51.3                za0328118
h3953J97X02R  C1997 12 25.83404 04 16 04.25 +05 16 50.0          18.1 Rza0328118
h3953J97X02R  C1997 12 27.79215 04 16 49.77 +04 57 50.8          18.3 V a0328046
h3953J97X02R  C1997 12 27.86910 04 16 50.75 +04 57 12.2                 a0328046
h3953J97X02R  C1997 12 27.87156 04 16 50.79 +04 57 10.7          18.8 V a0328046
h3953J97X02R  C1997 12 27.94907 04 16 51.80 +04 56 35.1          18.8 Vza0328104
h3953J97X02R  C1997 12 27.95324 04 16 51.86 +04 56 33.0                za0328104
h3953J97X02R  C1997 12 27.95741 04 16 51.93 +04 56 30.7                za0328104
h3953J97X02R  C1997 12 29.84352 04 17 46.75 +04 42 48.3                za0328587
h3953J97X02R  C1997 12 29.85087 04 17 46.87 +04 42 45.8                za0328587
h3953J97X02R  C1997 12 29.85631 04 17 47.00 +04 42 43.3                za0328587
h3953J97X02R  C1997 12 30.25062 04 17 57.99 +04 40 30.3                za0328711
h3953J97X02R  C1997 12 30.26377 04 17 58.21 +04 40 25.4                za0328711
h3953J97X02R  C1997 12 31.22347 04 18 30.27 +04 35 15.4                za0328711
h3953J97X02R  C1997 12 31.23670 04 18 30.54 +04 35 11.5                za0328711
h3953J97X02R  C1997 12 31.80216 04 18 51.56 +04 32 22.1          18.7 V a0328046
h3953J97X02R  C1997 12 31.80564 04 18 51.64 +04 32 20.9                 a0328046
h3953J97X02R  C1997 12 31.80911 04 18 51.70 +04 32 20.4                 a0328046
h3953J97X02R  C2006 02 24.43463 13 25 32.16 -31 14 18.9          21.4 Vrq3543G96
h3953J97X02R  C2006 02 24.43730 13 25 32.19 -31 14 21.1          21.7 Vrq3543G96
h3953J97X02R  C2006 02 24.43822 13 25 32.12 -31 14 22.4          20.9 Vrq3543G96
h3953J97X02R  C2006 02 24.44002 13 25 32.16 -31 14 24.1          21.2 Vrq3543G96
h3953J97X02R  C2006 02 24.44093 13 25 32.26 -31 14 25.1          20.6 Vrq3543G96
h3953J97X02R  C2006 02 24.44272 13 25 32.23 -31 14 26.7          20.4 Vrq3543G96
h3953J97X02R  C2006 02 24.44360 13 25 32.19 -31 14 27.7          20.9 Vrq3543G96
h3953J97X02R  C2006 04 22.54246 11 49 15.81 -31 04 45.0          18.3 Vrq9787E12
h3953J97X02R  C2006 04 22.55841 11 49 12.79 -31 04 10.3          18.6 Vrq9787E12
h3953J97X02R  C2006 04 22.57437 11 49 09.94 -31 03 37.1          18.7 Vrq9787E12
h3953J97X02R  C2006 05 06.50140 11 18 05.13 -21 29 02.8          19.8 Vor1342D35
h3953J97X02R  C2006 05 06.50418 11 18 04.94 -21 28 55.1          20.6 Vor1342D35
h3953J97X02R  C2006 05 06.52039 11 18 02.96 -21 28 10.1          20.1 Vor1342D35
h3953J97X02R  C2006 05 06.52317 11 18 02.53 -21 28 01.6          20.3 Vor1342D35
h3953J97X02R  C2006 05 22.92288 11 03 12.69 -08 49 24.8          19.7 Rcr3546586
h3953J97X02R  C2006 05 24.14263 11 02 54.41 -07 53 59.3          19.3 Rrr1874448
h3953J97X02R  C2006 05 24.15445 11 02 54.02 -07 53 26.4          18.9 Rrr1874448
h3953J97X02R  C2006 05 24.16378 11 02 53.76 -07 53 01.3          18.9 Rrr1874448
h3953J97X02R  C2006 06 15.20146 11 07 00.00 +08 25 21.9                dr3804291
h3953J97X02R  C2006 06 15.20583 11 07 00.01 +08 25 34.3                dr3804291
h3953J97X02R  C2006 06 15.21006 11 07 00.07 +08 25 45.7                dr3804291
h3953J97X02R  C2006 06 20.18194 11 08 24.13 +12 18 49.7                os0700693
h3953J97X02R  C2006 06 20.18394 11 08 24.15 +12 18 55.8                os0700693
h3953J97X02R  C2006 06 20.18593 11 08 24.14 +12 19 02.2                os0700693
h3953J97X02R  C2006 06 20.18793 11 08 24.15 +12 19 07.3                os0700693
h3953J97X02R  C2006 12 17.16812 09 50 58.25 +00 09 54.5          20.3 Vrt1729941
h3953J97X02R  C2006 12 17.17039 09 50 58.18 +00 09 51.5          20.4 Vrt1729941
h3953J97X02R  C2006 12 17.20320 09 50 56.75 +00 09 07.0          20.6 Vrt1729941
h3953J97X02R  C2006 12 17.20434 09 50 56.70 +00 09 05.0          20.3 Vrt1729941
h3953J97X02R  C2006 12 17.20660 09 50 56.61 +00 09 02.3          20.6 Vrt1729941
h3953J97X02R  C2007 01 15.26293 09 01 44.25 -07 44 16.4          20.3 Vrt6272703
h3953J97X02R  C2007 01 15.27300 09 01 42.56 -07 44 20.1          19.9 Vrt6272703
h3953J97X02R  C2007 01 15.28313 09 01 40.87 -07 44 26.2          19.6 Vrt6272703
h3953J97X02R  C2007 01 15.29443 09 01 38.78 -07 44 29.8          19.5 Vrt6272703
h3953J97X02R  S2015 05 15.58229 21 46 48.16 -17 11 47.8          19   RL~1SKnC51
h3953J97X02R  s2015 05 15.58229 1 + 5628.5944 - 3462.4874 - 1894.6941   ~1SKnC51
h3953J97X02R  S2015 05 15.64799 21 47 15.09 -17 07 01.8                L~1SKnC51
h3953J97X02R  s2015 05 15.64799 1 + 5617.2398 - 3454.6424 - 1942.3713   ~1SKnC51
h3953J97X02R  S2015 05 15.71357 21 47 41.95 -17 02 18.4                L~1SKnC51
h3953J97X02R  s2015 05 15.71357 1 + 5631.5325 - 3449.1337 - 1910.3857   ~1SKnC51
h3953J97X02R  S2015 05 15.84486 21 48 35.80 -16 52 45.8                L~1SKnC51
h3953J97X02R  s2015 05 15.84486 1 + 5634.3404 - 3435.7591 - 1926.2721   ~1SKnC51
h3953J97X02R  S2015 05 15.97601 21 49 29.45 -16 43 13.7                L~1SKnC51
h3953J97X02R  s2015 05 15.97601 1 + 5662.5267 - 3424.4349 - 1862.4956   ~1SKnC51
h3953J97X02R  S2015 05 16.10730 21 50 23.22 -16 33 38.4                L~1SKnC51
h3953J97X02R  s2015 05 16.10730 1 + 5665.2958 - 3411.0678 - 1878.6739   ~1SKnC51
h3953J97X02R  S2015 05 16.23859 21 51 17.01 -16 24 01.3                L~1SKnC51
h3953J97X02R  s2015 05 16.23859 1 + 5667.9518 - 3397.6819 - 1894.9893   ~1SKnC51
