     J98W31D* c1998 11 23.21946 03 26 28.26 +17 08 22.4          21.4 Via3373691
     J98W31D  c1998 11 23.24168 03 26 26.38 +17 08 22.0          21.0 Via3373691
     J98W31D  c1998 11 23.26365 03 26 24.50 +17 08 21.9          21.2 Via3373691
     J98W31D  c1998 11 24.38949 03 24 52.69 +17 08 15.9          21.3 Via3373691
     J98W31D  c1998 11 24.39377 03 24 52.37 +17 08 16.6          21.5 Via3373691
     J98W31D  c1998 11 24.39761 03 24 52.04 +17 08 16.2          21.9 Via3373691
     K12U34D  C1998 11 26.36550 03 22 17.76 +17 08 15.2          22.3 Vi~0mrg691
     K12U34D  C1998 11 26.36939 03 22 17.64 +17 08 14.2          21.6 Vi~0mrg691
     K12U34D  C1998 11 26.37329 03 22 17.25 +17 08 12.1          21.8 Vi~0mrg691
     K12U34D  C1998 11 27.26228 03 21 10.39 +17 08 15.4          21.8 Vi~0mrg691
     K12U34D  C1998 11 27.26725 03 21 10.01 +17 08 15.7          21.2 Vi~0mrg691
     K12U34D  C1998 11 27.27271 03 21 09.55 +17 08 15.7          21.2 Vi~0mrg691
     K12U34D* c2012 10 18.39277303 03 12.456+09 54 55.92         20.3 wL~0kKyF51
     K12U34D  c2012 10 18.40791103 03 11.165+09 54 56.18         20.2 wL~0kKyF51
     K12U34D  c2012 10 18.42309403 03 09.868+09 54 56.55         20.2 wL~0kKyF51
     K12U34D  c2012 10 18.43836503 03 08.561+09 54 56.82         20.2 wL~0kKyF51
     K12U34D |C2012 10 19.18723 03 02 07.84 +09 55 18.3          19.5 Vu~0kKy807
     K12U34D |C2012 10 19.19049 03 02 07.56 +09 55 18.4          19.5 Vu~0kKy807
     K12U34D |C2012 10 19.19334 03 02 07.32 +09 55 18.4          19.1 Vu~0kKy807
     K12U34D |C2012 10 19.19660 03 02 07.03 +09 55 18.4          19.0 Vu~0kKy807
     K12U34D |C2012 10 19.19944 03 02 06.79 +09 55 18.6          19.4 Vu~0kKy807
     K12U34D KC2012 10 19.26649 03 02 00.91 +09 55 19.8          19.5 Ru~0kKy821
     K12U34D KC2012 10 19.26926 03 02 00.65 +09 55 19.9          18.3 Ru~0kKy821
     K12U34D KC2012 10 19.27227 03 02 00.40 +09 55 20.0          19.9 Ru~0kKy821
     K12U34D  C2012 10 20.41089 03 00 26.38 +09 55 21.4          21.0 Ro~0kKyH01
     K12U34D  C2012 10 20.41811 03 00 25.75 +09 55 21.6          20.7 Ro~0kKyH01
     K12U34D  C2012 10 20.42454 03 00 25.19 +09 55 21.5          20.5 Ro~0kKyH01
     K12U34D  C2012 10 20.43769 03 00 24.04 +09 55 21.7          20.7 Ro~0kKyH01
     K12U34D HC2012 10 20.45424 03 00 22.63 +09 55 22.1          20.9 Ro~0kKy291
     K12U34D HC2012 10 20.45579 03 00 22.53 +09 55 22.3          20.9 Ro~0kKy291
     K12U34D HC2012 10 20.45732 03 00 22.37 +09 55 22.7          20.3 Ro~0kKy291
     K12U34D KC2012 10 21.32753 02 59 09.88 +09 55 31.8          19.6 Ru~0kKyH36
     K12U34D KC2012 10 21.33417 02 59 09.36 +09 55 32.8          19.7 Ru~0kKyH36
     K12U34D KC2012 10 21.34083 02 59 08.81 +09 55 33.6          19.5 Ru~0kKyH36
     K12U34D HC2012 10 21.45854 02 58 58.54 +09 55 36.5          20.7 Ro~0kKy291
     K12U34D HC2012 10 21.46005 02 58 58.37 +09 55 36.6          20.7 Ro~0kKy291
     K12U34D HC2012 10 21.46155 02 58 58.24 +09 55 36.5          20.2 Ro~0kKy291
     K12U34D KC2012 11 02.30689502 41 57.81 +10 00 28.6          20.5 Vu~0kmQH21
     K12U34D KC2012 11 02.31300102 41 57.30 +10 00 28.5          20.6 Vu~0kmQH21
     K12U34D KC2012 11 02.31842502 41 56.81 +10 00 28.7          21.3 Vu~0kmQH21
     K12U34D  C2012 11 04.32373 02 39 09.68 +10 02 03.4          20.0 Vr~0kmQG96
     K12U34D  C2012 11 04.33075 02 39 09.03 +10 02 03.2          19.6 Vr~0kmQG96
     K12U34D  C2012 11 04.33778 02 39 08.53 +10 02 03.8          19.5 Vr~0kmQG96
     K12U34D  C2012 11 04.34474 02 39 07.88 +10 02 04.6          19.9 Vr~0kmQG96
     K12U34D KC2012 11 17.25333 02 23 41.40 +10 20 47.4          20.5 Rq~0lkMH36
     K12U34D ^C2012 11 17.28029 02 23 39.80 +10 20 52.5                o~0lkM695
     K12U34D ^C2012 11 17.28113 02 23 39.74 +10 20 52.5                o~0lkM695
     K12U34D ^C2012 11 17.28197 02 23 39.68 +10 20 52.3                o~0lkM695
     K12U34D IC2012 11 17.28264 02 23 39.42 +10 20 50.6          20.9 Rq~0lkMH36
     K12U34D ^C2012 11 17.28300 02 23 39.63 +10 20 52.7                o~0lkM695
     K12U34D ^C2012 11 17.28384 02 23 39.53 +10 20 53.0                o~0lkM695
     K12U34D KC2012 11 17.33262 02 23 36.57 +10 20 59.0          20.4 Ro~0lkM291
     K12U34D KC2012 11 17.33536 02 23 36.42 +10 20 58.8          20.0 Ro~0lkM291
     K12U34D KC2012 11 17.33810 02 23 36.24 +10 20 59.6          20.3 Ro~0lkM291
     K12U34D HC2012 11 19.39683 02 21 41.23 +10 25 41.7          20.8 Ro~0lkM291
     K12U34D HC2012 11 19.40002 02 21 41.09 +10 25 42.0          20.6 Ro~0lkM291
     K12U34D HC2012 11 19.40321 02 21 40.90 +10 25 42.3          20.6 Ro~0lkM291
     K12U34D KC2012 12 06.25542 02 12 46.83 +11 23 43.5          21.5 Ro~0m7c291
     K12U34D KC2012 12 06.28496 02 12 46.41 +11 23 51.6          21.1 Ro~0m7c291
     K12U34D ^C2015 12 01.45617 05 25 50.41 +25 04 09.7          21.5 Ro~1eO3695
     K12U34D ^C2015 12 01.46540 05 25 49.54 +25 04 10.6          22.4 Ro~1eO3695
     K12U34D ^C2015 12 01.47463 05 25 48.71 +25 04 11.4                o~1eO3695
     K12U34D  C2015 12 09.50453 05 13 26.080+25 15 35.68         21.4 wL~1fMIF51
     K12U34D  C2015 12 09.51839 05 13 24.753+25 15 36.54         21.8 wL~1fMIF51
     K12U34D  C2015 12 09.53226 05 13 23.428+25 15 36.94         21.6 wL~1fMIF51
