     K00U11K* C2000 10 25.30332 02 25 04.67 +28 18 50.6          17.6  cc1538704
     K00U11K  C2000 10 25.31697 02 24 50.44 +28 18 57.5          17.7  cc1538704
     K00U11K  C2000 10 25.33085 02 24 35.96 +28 19 03.1          17.7  cc1538704
     K00U11K  C2000 10 25.34451 02 24 21.73 +28 19 07.9          18.1  cc1538704
     K00U11K  C2000 10 25.35838 02 24 07.14 +28 19 11.4          17.7  cc1538704
     K00U11K  C2000 10 26.22828 02 09 29.21 +28 24 10.9          18.1  cc1538704
     K00U11K  C2000 10 26.24327 02 09 09.73 +28 24 17.2          18.6  cc1538704
     K00U11K  C2000 10 26.25603 02 08 53.07 +28 24 21.6          17.3  cc1538704
     K00U11K  C2000 10 26.25714 02 08 51.62 +28 24 21.8          17.7  cc1538704
     K00U11K  C2000 10 26.27001 02 08 34.65 +28 24 24.9          17.4  cc1538704
     K00U11K  C2000 10 26.27114 02 08 33.18 +28 24 26.0          17.9  cc1538704
     K00U11K  C2000 10 26.28429 02 08 15.77 +28 24 27.6          17.6  cc1538704
     K00U11K  C2000 10 27.16891 01 48 53.62 +28 19 29.3          18.2 Vic1538739
     K00U11K  C2000 10 27.17008 01 48 51.72 +28 19 28.0          17.5 Vic1538739
     K00U11K  C2000 10 27.17117 01 48 49.89 +28 19 27.7          17.6 Vic1538739
     K00U11K  C2000 10 27.23146 01 47 14.87 +28 19 28.5          18.1  cc1538704
     K00U11K  C2000 10 27.24171 01 46 59.78 +28 19 28.4          17.3 R c1538919
     K00U11K  C2000 10 27.24305 01 46 57.82 +28 19 28.5          16.8   c1538919
     K00U11K  C2000 10 27.24413 01 46 55.97 +28 19 26.9          17.0   c1538919
     K00U11K  C2000 10 27.24553 01 46 50.91 +28 19 19.8          18.1  cc1538704
     K00U11K  C2000 10 27.24741 01 46 50.40 +28 19 25.4          17.5   c1538919
     K00U11K  C2000 10 27.25011 01 46 45.48 +28 19 23.0          17.5 R c1538919
     K00U11K  C2000 10 27.26060 01 46 25.06 +28 19 08.9          18.3  cc1538704
     K00U11K  C2000 10 27.27525 01 45 59.79 +28 18 56.5          18.1  cc1538704
     K00U11K  C2000 10 27.52587 01 39 30.32 +28 14 04.1                 c1538900
     K00U11K  C2000 10 27.52802 01 39 26.42 +28 14 00.8          16.9 V c1538900
     K00U11K  C2000 10 27.82673 01 30 51.88 +28 04 15.3          17.1 R c1538151
     K00U11K  C2000 10 27.82800 01 30 49.46 +28 04 13.9          16.8 R c1538151
     K00U11K  C2000 10 27.83133 01 30 42.65 +28 04 07.3          17.5 R c1538151
     K00U11K  C2000 10 27.83373 01 30 38.34 +28 04 06.7          17.2 R c1538151
     K00U11K  C2000 10 27.83544 01 30 34.99 +28 04 04.3          17.3 R c1538151
     K00U11K  C2000 10 27.83690 01 30 32.16 +28 04 01.9          17.0 R c1538151
     K00U11K  C2000 10 27.83829 01 30 29.72 +28 04 12.8          16.8 R c1538587
     K00U11K  C2000 10 27.83977 01 30 26.81 +28 04 11.0                 c1538587
     K00U11K  C2000 10 27.84282 01 30 20.86 +28 04 06.9                 c1538587
     K00U11K  C2000 10 28.74451 00 59 04.30 +27 16 12.8          17.3 R c1538151
     K00U11K  C2000 10 28.74506 00 59 02.90 +27 16 11.0          17.3 R c1538151
     K00U11K  C2000 10 28.74785 00 58 56.01 +27 16 00.6          17.4 R c1538151
     K00U11K  C2000 10 28.74871 00 58 53.47 +27 15 57.7          17.5 R c1538151
     K00U11K  C2000 10 28.74944 00 58 52.18 +27 15 54.7          17.6 R c1538151
     K00U11K  C2000 10 28.75095 00 58 48.29 +27 15 49.2          17.3 R c1538151
     K00U11K  C2000 10 28.75153 00 58 46.86 +27 15 47.2          16.9 R c1538151
     K00U11K  C2000 10 28.75299 00 58 42.91 +27 15 40.7          17.6 R c1538151
     K00U11K  C2000 10 28.75366 00 58 41.56 +27 15 39.5          17.4 R c1538151
     K00U11K  C2000 10 28.85104 00 54 27.59 +27 08 55.5                 c1538118
     K00U11K  C2000 10 28.85373 00 54 20.56 +27 08 42.7                 c1538118
     K00U11K  C2000 10 28.85494 00 54 17.41 +27 08 36.9          17.0 R c1538118
     K00U11K  C2000 10 30.01086 23 58 49.83 +24 29 40.3          17.1 Vic1538739
     K00U11K  C2000 10 30.01208 23 58 45.73 +24 29 25.3          17.8 Vic1538739
     K00U11K  C2000 10 30.37231 23 36 44.04 +23 04 41.0          17.4 Vzc1538918
     K00U11K  C2000 10 30.37362 23 36 39.22 +23 04 19.5          17.3 Vzc1538918
     K00U11K  C2000 10 30.37506 23 36 33.92 +23 03 54.8          17.6 Vzc1538918
     K00U11K  C2000 10 30.37621 23 36 29.71 +23 03 36.0          17.1 Vzc1538918
     K00U11K  C2000 11 01.09905 21 43 27.19 +12 10 24.5                cc1538670
     K00U11K  C2000 11 01.13656 21 40 46.17 +11 52 29.0                cc1538670
     K00U11K  C2000 11 01.14485 21 40 10.72 +11 48 30.1                cc1538670
     K00U11K  C2000 11 01.15223 21 39 39.04 +11 44 55.5                cc1538670
     K00U11K  C2000 11 01.77829920 59 38.12 +06 39 43.8          17.6 R c1538540
     K00U11K  C2000 11 01.78061320 59 29.18 +06 38 34.5                 c1538540
     K00U11K  C2000 11 01.78287020 59 20.54 +06 37 32.1                 c1538540
     K00U11K  C2000 11 01.78530120 59 11.17 +06 36 21.9                 c1538540
     K00U11K  C2000 11 01.79479220 58 34.72 +06 31 48.9                 c1538540
     K00U11K  C2000 11 02.74769 20 06 27.77 -00 28 33.0          18.4 R c1538540
     K00U11K  C2000 11 02.75289 20 06 11.68 -00 30 36.0                 c1538540
     K00U11K  C2000 11 02.75521 20 06 04.35 -00 31 31.4                 c1538540
     K00U11K  C2000 11 02.76348 20 05 38.99 -00 34 47.2                 c1538540
     K00U11K  C2000 11 02.77419 20 05 06.11 -00 38 59.5                 c1538540
     K00U11K  C2000 11 02.77653 20 04 58.95 -00 39 54.5                 c1538540
     K00U11K &C2015 08 25.37459404 11 48.970+22 37 06.66         25.5 Rt~1XPk309
     K00U11K &C2015 08 25.39742404 11 53.541+22 37 18.82         24.9 Rt~1XPk309
     K00U11K &C2015 08 28.38443804 22 21.906+23 02 35.10         25.2 Rt~1XPk309
     K00U11K &C2015 09 12.38186905 20 35.084+24 33 15.17         25.6 Rt~1XPk309
