     K00T28U* C2000 10 03.40881 03 46 29.67 +33 59 37.0          18.8  cc0315704
     K00T28U  C2000 10 03.42358 03 46 33.38 +33 58 44.0          19.7  cc0315704
     K00T28U  C2000 10 03.43832 03 46 37.10 +33 57 47.5          18.5  cc0315704
     K00T28U  C2000 10 03.45380 03 46 41.04 +33 56 49.0          18.6  cc0315704
     K00T28U  C2000 10 03.46956 03 46 45.07 +33 55 49.9          18.3  cc0315704
     K00T28U  C2000 10 06.44486 04 01 04.51 +30 22 45.9          18.0  cc0315704
     K00T28U  C2000 10 06.47483 04 01 12.73 +30 20 19.0          18.6  cc0315704
     K00T28U  C2000 10 06.48974 04 01 16.88 +30 19 05.4          18.2  cc0315704
     K00T28U  C2000 10 07.01037 04 03 57.48 +29 35 23.0          18.0 Rmc0315163
     K00T28U  C2000 10 07.01073 04 03 57.53 +29 35 22.1                mc0315163
     K00T28U  C2000 10 07.01147 04 03 57.80 +29 35 17.3                mc0315163
     K00T28U  C2000 10 07.01184 04 03 57.91 +29 35 15.5                mc0315163
     K00T28U  C2000 10 07.38183 04 05 50.27 +29 03 33.3                zc0315684
     K00T28U  C2000 10 07.38462 04 05 51.09 +29 03 18.1                zc0315684
     K00T28U  C2000 10 07.38983 04 05 52.57 +29 02 51.1          18.0 Rzc0315684
     K00T28U  C2000 10 07.39352 04 05 53.57 +29 02 31.5          18.2 Rzc0315684
     K00T28U  C2000 10 10.11552 04 20 14.49 +24 33 16.0          18.2 Rcc1459046
     K00T28U  C2000 10 10.11626 04 20 14.76 +24 33 12.7                cc1459046
     K00T28U  C2000 10 10.11891 04 20 15.48 +24 32 53.9                cc1459046
     K00T28U  C2000 10 10.11951 04 20 15.70 +24 32 50.5                cc1459046
     K00T28U  C2000 10 10.12073 04 20 16.10 +24 32 43.3                cc1459046
     K00T28U  C2000 10 20.30149 05 23 23.62 -02 31 04.7                zc1459684
     K00T28U  C2000 10 20.30668 05 23 25.63 -02 32 08.1                zc1459684
     K00T28U  C2000 10 20.31383 05 23 28.48 -02 33 35.7                zc1459684
     K00T28U IC2000 10 20.31566 05 23 29.19 -02 33 57.9                zc1459684
     K00T28U  C2000 10 20.31716 05 23 29.80 -02 34 16.6                zc1459684
     K00T28U  C2000 10 22.09733 05 35 59.82 -08 44 13.0                 c1459118
     K00T28U  C2000 10 22.09861 05 36 00.34 -08 44 29.1                 c1459118
     K00T28U  C2000 10 22.10028 05 36 00.99 -08 44 50.2                 c1459118
     K00T28U  C2000 10 24.13661 05 50 54.39 -15 53 29.2                 c1459118
     K00T28U  C2000 10 24.13743 05 50 54.77 -15 53 39.8          17.5 R c1459118
     K00T28U  C2000 11 02.50922 07 05 32.61 -43 06 09.3                cc1459467
     K00T28U  C2000 11 02.51481 07 05 35.45 -43 06 52.6                cc1459467
     K00T28U  C2010 10 09.41274 03 10 34.03 +28 36 02.7          18.1 Vr~0NgT703
     K00T28U  C2010 10 09.42433 03 10 36.19 +28 34 50.8          18.2 Vr~0NgT703
     K00T28U  C2010 10 09.43016 03 10 37.27 +28 34 14.9          18.1 Vr~0NgT703
     K00T28U  C2010 10 09.50102 03 10 51.00 +28 26 51.4          19.3 Vo~0NgTH11
     K00T28U IC2010 10 09.50201 03 10 51.11 +28 26 45.3                o~0NgTH11
     K00T28U  C2010 10 09.50296 03 10 51.35 +28 26 39.3          19.4 Vo~0NgTH11
     K00T28U  C2010 10 09.50447 03 10 51.81 +28 26 29.8          18.0 Vr~0NgT703
     K00T28U  C2010 10 09.50493 03 10 51.88 +28 26 27.2          18.2 Vr~0NgT703
     K00T28U  C2010 10 09.50540 03 10 52.03 +28 26 23.8          18.2 Vr~0NgT703
     K00T28U  C2010 10 09.50588 03 10 52.10 +28 26 21.0          18.1 Vr~0NgT703
     K00T28U  C2010 10 10.37236 03 14 12.29 +26 53 15.7          17.7  c~0NgT704
     K00T28U  C2010 10 10.38581 03 14 14.97 +26 51 45.2          17.7  c~0NgT704
     K00T28U  C2010 10 10.39929 03 14 17.54 +26 50 16.4          18.8  c~0NgT704
     K00T28U  C2010 10 10.41313 03 14 20.31 +26 48 40.2          17.6  c~0NgT704
     K00T28U  C2010 10 11.42676 03 18 16.89 +24 48 58.4          17.4  c~0NgT704
     K00T28U  C2010 10 11.44075 03 18 19.87 +24 47 13.2          18.1  c~0NgT704
     K00T28U  C2010 10 11.45476 03 18 22.69 +24 45 27.8          17.8  c~0NgT704
     K00T28U  C2010 10 11.46872 03 18 25.61 +24 43 42.5          17.9  c~0NgT704
     K00T28U  C2010 10 11.48285 03 18 28.59 +24 41 55.8          17.9  c~0NgT704
     K00T28U  C2010 10 13.32105 03 26 04.88 +20 32 37.0          16.4 Vr~0NgT703
     K00T28U  C2010 10 13.32801 03 26 06.46 +20 31 36.4          16.6 Vr~0NgT703
     K00T28U  C2010 10 13.33498 03 26 07.98 +20 30 35.7          16.4 Vr~0NgT703
     K00T28U  C2010 10 13.34193 03 26 09.52 +20 29 33.6          16.6 Vr~0NgT703
     K00T28U  C2010 10 14.16683 03 29 42.73 +18 22 46.7                u~0NgTI15
     K00T28U  C2010 10 14.16893 03 29 43.22 +18 22 27.2                u~0NgTI15
     K00T28U  C2010 10 14.17102 03 29 43.72 +18 22 07.1                u~0NgTI15
     K00T28U  C2010 10 14.35943 03 30 30.27 +17 52 12.6          18.1  c~0NgT704
     K00T28U  C2010 10 14.37308 03 30 33.37 +17 50 00.3          18.0  c~0NgT704
     K00T28U  C2010 10 14.38675 03 30 36.43 +17 47 47.7          17.8  c~0NgT704
     K00T28U  C2010 10 14.40042 03 30 39.55 +17 45 34.6          17.9  c~0NgT704
     K00T28U  C2010 10 14.41411 03 30 42.63 +17 43 20.5          18.2  c~0NgT704
     K00T28U  C2010 10 15.08445 03 33 40.87 +15 50 52.0          16.9 Rr~0NgT130
     K00T28U  C2010 10 15.08679 03 33 41.43 +15 50 27.8          16.8 Rr~0NgT130
     K00T28U  C2010 10 15.09147 03 33 42.53 +15 49 39.0          16.9 Rr~0NgT130
     K00T28U  C2010 10 15.09342 03 33 43.00 +15 49 18.9          16.7 Rr~0NgT130
     K00T28U KC2010 10 16.03347 03 38 04.40 +13 01 16.3          16.4 Rw~0NgTJ51
     K00T28U KC2010 10 16.04044 03 38 06.10 +12 59 58.8          16.4 Rw~0NgTJ51
     K00T28U KC2010 10 16.04751 03 38 07.83 +12 58 40.2          16.5 Rw~0NgTJ51
     K00T28U  C2010 10 17.20551 03 43 34.41 +09 14 38.2          16.9 Ro~0NgT844
     K00T28U  C2010 10 17.20626 03 43 34.60 +09 14 28.8          17.0 Ro~0NgT844
     K00T28U  C2010 10 17.20741 03 43 34.91 +09 14 15.4          17.4 Ro~0NgT844
     K00T28U  C2010 10 17.20891 03 43 35.28 +09 13 56.9          17.4 Ro~0NgT844
     K00T28U  C2010 10 17.20994 03 43 35.57 +09 13 43.4          17.1 Ro~0NgT844
     K00T28U KC2010 10 18.98641 03 52 30.26 +02 46 22.0          16.5 Vr~0NgTJ37
     K00T28U KC2010 10 19.01938 03 52 39.37 +02 38 48.0          15.9 Vr~0NgTJ37
     K00T28U KC2010 10 19.01975 03 52 39.47 +02 38 42.9          15.9 Vr~0NgTJ37
     K00T28U tC2011 04 29.47182 19 56 48.73 +05 19 09.2                o~0VDO291
     K00T28U tC2011 04 29.47545 19 56 48.91 +05 19 17.9          21.4 Vo~0VDO291
     K00T28U tC2011 04 29.47912 19 56 49.15 +05 19 26.5          21.4 Vo~0VDO291
     K00T28U IC2011 07 15.19066118 54 33.10 +37 06 05.4                t~0Wz5H21
     K00T28U KC2011 07 15.20464918 54 31.12 +37 05 57.9          21.1 Vt~0Wz5H21
     K00T28U IC2011 07 15.21856318 54 29.24 +37 05 50.3                t~0Wz5H21
