     K01F90B  C2001 03 17.29925 09 40 38.89 +07 33 32.4          19.0 Rc~0LEb608
     K01F90B  C2001 03 21.23573 09 23 08.92 +08 48 46.4 MPS 2842919.4 Rc71493608
     K01F90B* X2001 03 21.23573 09 23 08.88 +08 48 45.9          20.7  cc8429608
     K01F90B  C2001 03 21.24688 09 23 05.73 +08 48 59.6 MPS 2842919.3 Rc71493608
     K01F90B  C2001 03 21.25818 09 23 02.51 +08 49 13.2 MPS 2842919.3 Rc71493608
     K01F90B  C2001 03 22.33704 09 17 59.07 +09 10 31.5 MPS104203      c71493608
     K01F90B  C2001 03 22.34792 09 17 55.88 +09 10 44.6 MPS10420319.8 Rc71493608
     K01F90B  C2001 03 22.35850 09 17 52.84 +09 10 56.3 MPS10420318.8 Rc71493608
     K01F90B  C2001 03 22.39506 09 17 42.18 +09 11 39.5          19.0 Rc~0LEb608
     K01F90B  C2001 03 23.23189 09 13 44.34 +09 28 19.9 MPS10420319.4 Rc71493608
     K01F90B  C2001 03 23.24256 09 13 41.17 +09 28 32.6 MPS10420319.7 Rc71493608
     K01F90B  C2001 03 23.25336 09 13 38.00 +09 28 45.8 MPS10420319.2 Rc71493608
     K01F90B  C2001 03 24.25542 09 08 46.96 +09 48 52.5 MPS 2842919.3 Rc71493608
     K01F90B  C2001 03 24.26612 09 08 43.70 +09 49 05.4 MPS 2842919.4 Rc71493608
     K01F90B  C2001 03 24.27669 09 08 40.51 +09 49 18.2 MPS 2842919.3 Rc71493608
     K01F90B  C2001 03 26.30063 08 58 38.00 +10 30 11.9 MPS10420319.8 Rc71493608
     K01F90B  C2001 03 26.31097 08 58 34.78 +10 30 24.4 MPS10420319.8 Rc71493608
     K01F90B  C2001 03 26.32130 08 58 31.56 +10 30 37.1 MPS10420319.7 Rc71493608
     K01F90B  C2001 03 27.23507 08 53 54.42 +10 49 08.2 MPS10420319.7 Rc71493608
     K01F90B  C2001 03 27.24567 08 53 51.06 +10 49 21.3 MPS10420319.8 Rc71493608
     K01F90B  C2001 03 27.25656 08 53 47.62 +10 49 34.9 MPS10420319.7 Rc71493608
     K01F90B  C2001 03 27.37906 08 53 08.94 +10 52 02.8 MPS10420319.3 Rc71493608
     K01F90B  C2001 03 27.38956 08 53 05.64 +10 52 15.8          20.0 Rc~0LEb608
     K01F90B  C2001 03 27.40016 08 53 02.30 +10 52 28.2 MPS10420319.5 Rc71493608
     K01F90B  C2001 03 28.28084 08 48 31.60 +11 10 19.6 MPS 2842919.6 Rc71493608
     K01F90B  C2001 03 28.28609 08 48 29.95 +11 10 25.7          19.6 Rc~0LEb608
     K01F90B  C2001 03 28.29133 08 48 28.26 +11 10 32.5 MPS 2842919.5 Rc71493608
     K01F90B  C2001 03 28.29664 08 48 26.54 +11 10 39.0          19.4 Rc~0LEb608
     K01F90B  C2001 03 28.30194 08 48 24.83 +11 10 45.2 MPS 2842919.5 Rc71493608
     K01F90B  C2001 03 28.30721 08 48 23.19 +11 10 51.7          19.5 Rc~0LEb608
     K01F90B  C2001 03 28.43502 08 47 42.50 +11 13 25.3          19.3 Rc~0LEb608
     K01F90B  C2001 03 28.44034 08 47 40.83 +11 13 31.4          19.4 Rc~0LEb608
     K01F90B  C2001 03 28.44558 08 47 39.09 +11 13 38.2          19.9 Rc~0LEb608
     K01F90B  C2001 03 28.45096 08 47 37.44 +11 13 43.7          19.6 Rc~0LEb608
     K01F90B  C2001 03 28.46164 08 47 34.05 +11 13 57.3          19.6 Rc~0LEb608
     K01F90B VC2001 03 28.81603 08 45 44.62 +11 20 51.6          19.2 R c8429046
     K01F90B VC2001 03 28.81727 08 45 44.07 +11 20 51.7                 c8429046
     K01F90B VC2001 03 28.82036 08 45 43.44 +11 20 57.5          19.0 R c8429046
