     K01H31J* C2001 04 26.24716 13 05 23.83 -19 57 03.5          18.5 Rcd0355699
     K01H31J  C2001 04 26.26683 13 05 38.04 -19 57 59.3                cd0355699
     K01H31J  C2001 04 26.28633 13 05 51.97 -19 58 52.7                cd0355699
     K01H31J  C2001 04 26.30579 13 06 05.79 -19 59 46.9                cd0355699
     K01H31J  C2001 04 26.38272 13 07 00.70 -20 03 09.0          18.7 Rcd0355699
     K01H31J  C2001 04 26.38429 13 07 01.66 -20 03 12.9                cd0355699
     K01H31J  C2001 04 26.38586 13 07 02.89 -20 03 17.9                cd0355699
     K01H31J  C2001 04 26.38744 13 07 04.04 -20 03 21.6                cd0355699
     K01H31J WC2001 04 26.91044 13 13 20.91 -20 25 47.4                 d0355557
     K01H31J WC2001 04 26.91109 13 13 21.47 -20 25 47.3                 d0355557
     K01H31J WC2001 04 26.91175 13 13 21.80 -20 25 48.8                 d0355557
     K01H31J WC2001 04 26.91240 13 13 22.31 -20 25 52.3          18.8 V d0355557
     K01H31J tC2001 04 26.95899 13 13 51.63 -20 27 37.5          18.0 R d0355046
     K01H31J tC2001 04 26.96008 13 13 52.20 -20 27 39.0                 d0355046
     K01H31J  C2001 04 27.19121 13 16 26.05 -20 36 07.2          20.0 R d0355918
     K01H31J  C2001 04 27.19313 13 16 27.18 -20 36 11.0          19.8 R d0355918
     K01H31J  C2001 04 27.19639 13 16 29.05 -20 36 16.9                 d0355918
     K01H31J  C2001 04 27.19961 13 16 30.96 -20 36 25.1                 d0355918
     K01H31J  C2001 04 27.20258 13 16 32.83 -20 36 31.0                 d0355918
     K01H31J  C2001 04 28.27829 13 26 45.44 -21 09 25.6          18.7 V d0355926
     K01H31J  C2001 04 28.27940 13 26 45.95 -21 09 27.4          18.8 V d0355926
     K01H31J  C2001 04 29.27682 13 34 36.87 -21 32 44.2          19.5 V d0355926
     K01H31J  C2001 04 29.27894 13 34 37.75 -21 32 46.5          19.3 V d0355926
     K01H31J  C2001 04 30.28999 13 41 19.63 -21 51 07.4          19.1 V d0355926
     K01H31J  C2001 04 30.29076 13 41 19.89 -21 51 08.0          19.3 V d0355926
