     K01Q96J* C2001 08 23.28283 22 37 00.26 -15 11 11.2          18.5 Rcd3637699
     K01Q96J  C2001 08 23.30621 22 36 50.83 -15 12 09.3                cd3637699
     K01Q96J  C2001 08 23.32962 22 36 41.30 -15 13 07.4                cd3637699
     K01Q96J  C2001 08 23.35308 22 36 31.70 -15 14 06.3                cd3637699
     K01Q96J  C2001 08 23.74567 22 33 50.54 -15 30 00.1          18.4 Red3637422
     K01Q96J  C2001 08 23.74635 22 33 50.27 -15 30 01.6          18.5 Red3637422
     K01Q96J 1C2001 08 23.75796 22 33 45.31 -15 30 32.2          18.9  ed3637413
     K01Q96J 1C2001 08 23.75919 22 33 44.79 -15 30 35.3          18.7  ed3637413
     K01Q96J 1C2001 08 23.76044 22 33 44.24 -15 30 38.7          18.9  ed3637413
     K01Q96J  C2001 08 23.90579 22 32 46.25 -15 38 17.6                cd3637587
     K01Q96J  C2001 08 23.91185 22 32 43.60 -15 38 36.2                cd3638587
     K01Q96J WC2001 08 23.96524 22 32 19.04 -15 41 04.4                dd3638557
     K01Q96J WC2001 08 23.96641 22 32 18.77 -15 41 07.2                dd3638557
     K01Q96J WC2001 08 23.96758 22 32 18.15 -15 41 11.1                dd3638557
     K01Q96J  C2001 08 24.32940 22 29 36.43 -15 57 58.5          18.0 Rcn1594608
     K01Q96J  C2001 08 24.34052 22 29 31.00 -15 58 31.1          17.8 Rcn1594608
     K01Q96J  C2001 08 24.35112 22 29 25.81 -15 59 03.2          18.4 Rcn1594608
     K01Q96J  C2001 08 24.51675 22 28 02.53 -16 07 18.1          20.1  cd3638608
     K01Q96J  C2001 08 24.52718 22 27 57.23 -16 07 48.8          20.1  cd3638608
     K01Q96J  C2001 08 24.53820 22 27 51.58 -16 08 21.4          20.0  cd3638608
     K01Q96J  C2001 08 25.24176 22 21 44.85 -16 46 08.4          18.3  cd3638704
     K01Q96J  C2001 08 25.25699 22 21 35.86 -16 47 00.5          18.9  cd3638704
     K01Q96J  C2001 08 25.27363 22 21 26.03 -16 47 57.9          18.8  cd3638704
     K01Q96J  C2001 08 25.97485 22 14 14.84 -17 30 30.5                dd3638946
     K01Q96J  C2001 08 25.97609 22 14 14.00 -17 30 34.9                dd3638946
     K01Q96J  C2001 08 25.98110 22 14 09.77 -17 30 57.3                cd3638046
     K01Q96J  C2001 08 25.98396 22 14 07.86 -17 31 08.8                cd3638046
     K01Q96J  C2001 08 25.98484 22 14 07.27 -17 31 11.9          17.3 Rcd3638046
     K01Q96J  C2001 08 25.99591 22 14 00.32 -17 31 47.8                cd3638620
     K01Q96J  C2001 08 26.00115 22 13 56.73 -17 32 08.5                cd3638620
     K01Q96J  C2001 08 26.00340 22 13 55.30 -17 32 18.6                dd3638946
     K01Q96J  C2001 08 26.00964 22 13 51.01 -17 32 42.7                dd3638946
     K01Q96J  C2001 08 26.04231 22 13 28.13 -17 34 50.0                cd3638620
     K01Q96J  C2001 08 26.27699 22 10 46.64 -17 50 22.4          18.8 Rcd3638649
     K01Q96J  C2001 08 26.27907 22 10 45.09 -17 50 30.8          18.0 Rcd3638649
     K01Q96J  C2001 08 26.28113 22 10 43.55 -17 50 38.4          18.4 Rcd3638649
     K01Q96J  C2001 08 27.03080 22 01 00.40 -18 44 52.1                dd3638946
     K01Q96J  C2001 08 27.03495 22 00 56.77 -18 45 11.7                dd3638946
     K01Q96J  C2001 08 27.04142 22 00 51.01 -18 45 42.3                dd3638946
     K01Q96J  C2001 08 27.21134 21 58 26.54 -18 58 52.4          18.1 Rcd3638711
     K01Q96J  C2001 08 27.21505 21 58 23.11 -18 59 10.5                cd3638711
     K01Q96J  C2001 08 27.21877 21 58 19.74 -18 59 27.7          18.4 Rcd3638711
     K01Q96J  C2001 08 27.28223 21 57 20.20 -19 04 40.7          17.7 Rcd3638649
     K01Q96J  C2001 08 27.28360 21 57 18.95 -19 04 47.2          18.0 Rcd3638649
     K01Q96J  C2001 08 27.28497 21 57 17.68 -19 04 53.9          17.8 Rcd3638649
     K01Q96J  C2001 08 27.59931 21 52 23.27 -19 30 52.7          18.3 V d3638360
     K01Q96J  C2001 08 27.60105 21 52 21.48 -19 31 02.1                 d3638360
     K01Q96J  C2001 08 27.60260 21 52 19.93 -19 31 09.7                 d3638360
     K01Q96J  C2001 08 27.84954 21 48 12.29 -19 52 44.0                id4688587
     K01Q96J  C2001 08 27.88947 21 47 29.43 -19 56 19.5                id4688587
     K01Q96J 3C2001 08 27.97216 21 46 01.23 -20 03 33.1                 d3638950
     K01Q96J 3C2001 08 27.97332 21 45 59.96 -20 03 39.6                 d3638950
     K01Q96J 3C2001 08 27.97446 21 45 58.69 -20 03 45.8                 d3638950
     K01Q96J  C2001 08 28.61683 21 33 18.67 -21 05 19.8          18.2 V d4688360
     K01Q96J  C2001 08 28.61941 21 33 15.28 -21 05 34.6                 d4688360
     K01Q96J  C2001 08 28.62067 21 33 13.59 -21 05 42.5                 d4688360
     K01Q96J  C2001 08 29.18073 21 20 14.31 -22 04 34.2          17.6 Rcd4688649
     K01Q96J  C2001 08 29.18260 21 20 11.31 -22 04 47.1          16.9 Rcd4688649
     K01Q96J  C2001 08 29.18668 21 20 04.96 -22 05 14.4          17.1 Rcd4688649
     K01Q96J  C2001 08 29.18918 21 20 01.14 -22 05 30.0          17.0 Rcd4688649
     K01Q96J 3C2001 08 29.94315 20 58 44.07 -23 31 13.5                 d4688950
     K01Q96J 3C2001 08 29.94466 20 58 41.12 -23 31 24.2                 d4688950
     K01Q96J 3C2001 08 29.94617 20 58 38.17 -23 31 35.3                 d4688950
     K01Q96J 3C2001 08 29.94866 20 58 33.37 -23 31 53.0                 d4688950
     K15PM9K* C2015 08 10.43530 21 41 43.555-19 57 16.78         22.3 wL~1VzKF51
     K15PM9K  C2015 08 10.44632 21 41 41.251-19 57 27.61         22.4 wL~1VzKF51
     K15PM9K  C2015 08 10.45736 21 41 38.939-19 57 38.62         22.4 wL~1VzKF51
     K15PM9K _C2015 08 11.56524721 37 44.346-20 16 22.30         21.4 Rt~1VzK568
     K15PM9K _C2015 08 11.56726621 37 43.898-20 16 24.40         21.3 Rt~1VzK568
     K15PM9K _C2015 08 11.56827421 37 43.683-20 16 25.29         21.6 Rt~1VzK568
     K15PM9K _C2015 08 15.38324821 22 38.909-21 23 52.37         21.5 Rt~1VzK568
     K15PM9K _C2015 08 15.38460021 22 38.548-21 23 53.78         21.7 Rt~1VzK568
     K15PM9K _C2015 08 15.38596621 22 38.187-21 23 55.41         21.7 Rt~1VzK568
     K15PM9K _C2015 08 17.52147021 12 58.047-22 02 51.55         21.5 Rt~1VzK568
     K15PM9K _C2015 08 17.52285521 12 57.639-22 02 53.05         21.6 Rt~1VzK568
     K15PM9K _C2015 08 17.52419621 12 57.235-22 02 54.49         21.1 Rt~1VzK568
