     K02Q47W  C2002 02 22.30731 10 45 17.33 +15 08 35.5          20.5 Rcn6960644
     K02Q47W  C2002 02 22.37047 10 45 11.99 +15 09 34.3                cn6960644
     K02Q47W  C2002 03 11.26007 10 17 52.92 +19 53 01.5          20.2 Rcn6960644
     K02Q47W  C2002 03 11.28124 10 17 50.53 +19 53 22.4          20.9 Rcn6960644
     K02Q47W  C2002 03 11.30358 10 17 47.96 +19 53 44.7                cn6960644
     K02Q47W  C2002 04 01.15473 09 43 01.95 +24 37 13.7          20.9 Rcn6960644
     K02Q47W  C2002 04 01.17552 09 43 00.17 +24 37 25.8          20.9 Rcn6960644
     K02Q47W  C2002 04 01.19670 09 42 58.35 +24 37 38.0          21.0 Rcn6960644
     K02Q47W  C2002 08 14.25803 20 45 06.55 -30 37 15.1          17.4 Rcl0824644
     K02Q47W* C2002 08 30.31420 21 23 31.00 -26 58 38.6          19.6  cg1539644
     K02Q47W  C2002 08 30.33503 21 23 32.65 -26 58 23.3          19.7  cg1539644
     K02Q47W  C2002 08 30.36281 21 23 34.82 -26 58 03.1          19.6  cg1539644
     K02Q47W  C2002 08 31.20082 21 24 50.56 -26 48 21.1          19.4 Rcl0824644
     K02Q47W  C2002 08 31.22110 21 24 52.08 -26 48 07.5          19.3 Rcl0824644
     K02Q47W 4C2002 08 31.22328 21 24 52.18 -26 48 04.2                 g1539673
     K02Q47W 4C2002 08 31.22743 21 24 52.46 -26 48 01.4                 g1539673
     K02Q47W 4C2002 08 31.23160 21 24 52.76 -26 47 58.5                 g1539673
     K02Q47W  C2002 09 01.22024 21 26 17.20 -26 36 40.6          19.8 Rcl0824644
     K02Q47W  C2002 09 02.18241 21 27 36.82 -26 25 43.4 MPS 6153920.0 Ro55471644
     K02Q47W  C2002 09 02.19481 21 27 37.72 -26 25 36.4 MPS 6153919.8 Ro55471644
     K02Q47W  C2002 09 02.20580 21 27 38.50 -26 25 28.9 MPS 6153919.5 Ro55471644
     K02Q47W  C2002 09 03.19492 21 28 57.55 -26 14 22.1 MPS 6153920.0 Ro55471644
     K02Q47W  C2002 09 03.23694 21 29 00.45 -26 13 55.1 MPS 6153919.8 Ro55471644
     K02Q47W  C2002 09 10.15249 21 37 23.33 -24 58 28.1          20.4 Rcl0824644
     K02Q47W  C2002 09 10.17396 21 37 24.62 -24 58 15.1          20.4 Rcl0824644
     K02Q47W  C2002 09 10.18438 21 37 24.72 -24 58 10.9          20.0 Rcg1539649
     K02Q47W  C2002 09 10.19152 21 37 25.23 -24 58 07.5          19.6 Rcg1539649
     K02Q47W  C2002 09 10.19561 21 37 25.93 -24 58 01.7          20.4 Rcl0824644
     K02Q47W  C2002 09 10.23598 21 37 27.82 -24 57 37.9          19.8 Rcg1539649
     K02Q47W  C2002 09 12.18770 21 39 39.75 -24 36 48.4          19.5 Rcg1539649
     K02Q47W  C2002 09 12.19487 21 39 40.11 -24 36 44.2          19.0 Rcg1539649
     K02Q47W  C2002 09 12.20253 21 39 40.56 -24 36 39.1          19.2 Rcg1539649
     K02Q47W 3C2002 09 25.96724 21 54 27.59 -22 12 22.5          21.5  cg3387950
     K02Q47W .C2002 09 25.96858 21 54 27.67 -22 12 21.5                o~0b1c950
     K02Q47W 3C2002 09 25.97029 21 54 27.78 -22 12 20.6                cg3387950
     K02Q47W 3C2002 09 25.97181 21 54 27.88 -22 12 19.4                cg3387950
     K02Q47W .C2002 09 26.94219 21 55 30.14 -22 02 13.8                o~0b1c950
     K02Q47W .C2002 09 26.94705 21 55 30.40 -22 02 10.8                o~0b1c950
     K02Q47W .C2002 09 27.96372 21 56 35.46 -21 51 36.4                o~0b1c950
     K02Q47W .C2002 09 27.96649 21 56 35.67 -21 51 34.3                o~0b1c950
     K02Q47W 7C2002 09 28.19068 21 56 50.22 -21 49 15.1                cg3387696
     K02Q47W 7C2002 09 28.20477 21 56 50.97 -21 49 06.7                cg3387696
     K02Q47W 7C2002 09 29.27873 21 57 59.77 -21 37 55.1                cg3387696
     K02Q47W 7C2002 09 29.28861 21 58 00.33 -21 37 48.3                cg3387696
     K02Q47W 7C2002 09 30.16724 21 58 57.66 -21 28 42.3                cg3387696
     K02Q47W 7C2002 09 30.17146 21 58 58.02 -21 28 37.6                cg3387696
     K02Q47W 7C2002 09 30.17557 21 58 58.20 -21 28 36.3                cg3387696
     K02Q47W 7C2002 09 30.18007 21 58 58.54 -21 28 33.0                cg3387696
     K02Q47W 3C2005 11 04.28003 01 40 48.90 +02 38 58.1          23.9 gbo9448568
     K02Q47W 3C2005 11 04.28201 01 40 48.75 +02 38 57.6          23.7 gbo9448568
     K02Q47W 3C2005 11 04.28398 01 40 48.60 +02 38 57.1          23.5 gbo9448568
     K02Q47W 3C2005 11 05.27690 01 39 40.52 +02 34 49.6          24.1 gbo9448568
     K02Q47W 3C2005 11 05.27889 01 39 40.38 +02 34 49.0          24.1 gbo9448568
     K02Q47W 3C2005 11 05.28086 01 39 40.24 +02 34 48.7          24.4 gbo9449568
