68950K02Q15F 1 1955 07 23.23958 18 46 26.99 +39 02 18.8                dg3371261
68950K02Q15F 1 1955 07 23.27430 18 46 21.75 +39 02 06.1                dg3371261
68950K02Q15F 1 1991 09 12.21181 21 03 51.31 +62 13 53.6                dg3371261
68950K02Q15F 1 1991 09 12.25348 21 03 41.39 +62 13 34.2                dg3371261
68950K02Q15F 1 1993 06 27.29722 18 32 17.86 +34 38 56.7                dg3371261
68950K02Q15F 1 1993 06 27.35972 18 32 05.36 +34 39 29.2                dg3371261
68950K02Q15F* C2002 08 27.41417 05 03 48.96 +47 36 51.9          18.3  cg1482704
68950K02Q15F  C2002 08 27.42805 05 03 53.84 +47 36 45.5          18.2  cg1482704
68950K02Q15F  C2002 08 27.44202 05 03 58.76 +47 36 38.7          18.7  cg1482704
68950K02Q15F  C2002 08 27.45596 05 04 03.65 +47 36 32.6          18.3  cg1482704
68950K02Q15F  C2002 08 27.46985 05 04 08.51 +47 36 26.9          18.6  cg1482704
68950K02Q15F  C2002 08 28.11574 05 07 58.08 +47 31 06.3          18.1 Rdg1482946
68950K02Q15F  C2002 08 28.12054 05 07 59.82 +47 31 04.0          18.0 Rdg1482946
68950K02Q15F  C2002 08 28.15620 05 08 12.54 +47 30 45.4          18.2 Rdg1482946
68950K02Q15F  C2002 08 28.38796 05 09 35.34 +47 28 40.5          17.6  cg1482704
68950K02Q15F  C2002 08 28.39720 05 09 38.67 +47 28 36.0          17.9  cg1482704
68950K02Q15F  C2002 08 28.40087 05 09 39.92 +47 28 34.1          18.0  cg1482704
68950K02Q15F  C2002 08 28.40617 05 09 41.71 +47 28 32.3          17.2 Rcg1482649
68950K02Q15F  C2002 08 28.40910 05 09 42.75 +47 28 30.6          17.6 Rcg1482649
68950K02Q15F  C2002 08 28.41110 05 09 43.63 +47 28 28.8          18.4  cg1482704
68950K02Q15F  C2002 08 28.41204 05 09 43.81 +47 28 29.4          17.1 Rcg1482649
68950K02Q15F  C2002 08 28.41379 05 09 44.49 +47 28 27.3          17.9  cg1482704
68950K02Q15F  C2002 08 28.42496 05 09 48.56 +47 28 22.0          18.3  cg1482704
68950K02Q15F  C2002 08 28.42748 05 09 49.39 +47 28 20.5          18.0  cg1482704
68950K02Q15F  C2002 08 28.50317 05 10 16.28 +47 27 39.1          18.3 Rcg1482848
68950K02Q15F  C2002 08 28.50486 05 10 16.96 +47 27 38.2          18.1 Rcg1482848
68950K02Q15F  C2002 08 28.50818 05 10 17.90 +47 27 36.4          17.8 Rcg1482848
68950K02Q15F  C2002 08 29.28817 05 14 57.92 +47 19 58.1          17.9 Rcg1482649
68950K02Q15F  C2002 08 29.29204 05 14 59.29 +47 19 56.3          18.8 Rcg1482649
68950K02Q15F  C2002 08 29.29598 05 15 00.72 +47 19 53.9          17.8 Rcg1482649
68950K02Q15F  C2002 08 29.49785 05 16 13.14 +47 17 51.9          18.0 Rcg1482848
68950K02Q15F  C2002 08 29.49948 05 16 13.49 +47 17 50.8                cg1482848
68950K02Q15F  C2002 08 29.50108 05 16 14.20 +47 17 50.0          17.5 Rcg1482848
68950K02Q15F  C2002 08 29.50273 05 16 14.75 +47 17 49.0                cg1482848
68950K02Q15F  C2002 08 30.05248 05 19 33.12 +47 11 47.2                cg1482118
68950K02Q15F  C2002 08 30.05559 05 19 34.19 +47 11 44.3                cg1482118
68950K02Q15F  C2002 08 30.05751 05 19 34.93 +47 11 43.8                cg1482118
68950K02Q15F  C2002 08 30.49413 05 22 12.74 +47 06 42.1          17.8 Rcg1482848
68950K02Q15F  C2002 08 30.49578 05 22 13.25 +47 06 42.5          17.5 Rcg1482848
68950K02Q15F  C2002 08 30.49740 05 22 13.91 +47 06 40.4          17.8 Rcg1482848
68950K02Q15F  C2002 08 30.49902 05 22 14.53 +47 06 40.0          17.9 Rcg1482848
68950K02Q15F  C2002 08 31.46978 05 28 07.16 +46 54 27.6          17.7 Rcg1482848
68950K02Q15F  C2002 08 31.47248 05 28 08.16 +46 54 24.8          17.4 Rcg1482848
68950K02Q15F  C2002 08 31.47404 05 28 08.83 +46 54 24.4          17.8 Rcg1482848
68950K02Q15F  C2002 09 01.05932 05 31 42.25 +46 46 21.0          17.5 Rdg1482J95
68950K02Q15F  C2002 09 01.06134 05 31 43.03 +46 46 17.8          17.1 Rdg1482J95
68950K02Q15F  C2002 09 01.06308 05 31 43.71 +46 46 16.7          17.4 Rdg1482J95
68950K02Q15F  C2002 09 01.06395 05 31 44.02 +46 46 16.3          17.5 Rdg1482J95
68950K02Q15F  C2002 09 01.45957 05 34 08.69 +46 40 37.6          18.1 Rcg1482848
68950K02Q15F  C2002 09 01.46419 05 34 10.39 +46 40 35.0          17.5 Rcg1482848
68950K02Q15F  C2002 09 03.40452 05 46 03.81 +46 09 17.7          17.6 Rcg1482649
68950K02Q15F  C2002 09 03.41393 05 46 07.23 +46 09 08.2          17.5 Rcg1482649
68950K02Q15F  C2002 09 03.41684 05 46 08.28 +46 09 05.0          17.6 Rcg1482649
68950K02Q15F  C2002 09 04.28493 05 51 29.31 +45 53 08.1          17.5 Rcg1482649
68950K02Q15F  C2002 09 04.28915 05 51 30.88 +45 53 03.1          17.8 Rcg1482649
68950K02Q15F  C2002 09 04.30159 05 51 35.57 +45 52 50.0          17.0 Rcg1482649
68950K02Q15F  C2002 09 04.30578 05 51 37.08 +45 52 45.4          17.3 Rcg1482649
68950K02Q15F  C2002 09 05.09110 05 56 27.79 +45 37 23.0                cg1482118
68950K02Q15F  C2002 09 05.09286 05 56 28.49 +45 37 21.0                cg1482118
68950K02Q15F  C2002 09 05.09646 05 56 29.85 +45 37 17.0          17.3 Rcg1482118
68950K02Q15F  C2002 09 06.40017 06 04 34.23 +45 09 33.8          18.2 Rcg1482649
68950K02Q15F  C2002 09 06.40542 06 04 36.17 +45 09 27.0          18.2 Rcg1482649
68950K02Q15F  C2002 09 06.41070 06 04 38.18 +45 09 19.9          18.0 Rcg1482649
68950K02Q15F  C2002 09 07.17185 06 09 21.38 +44 51 51.0          17.9 Rdg1482946
68950K02Q15F  C2002 09 07.17922 06 09 23.93 +44 51 40.1          17.7 Rdg1482946
68950K02Q15F  C2002 09 07.18657 06 09 26.47 +44 51 29.6          17.8 Rdg1482946
68950K02Q15F  C2002 09 07.35106 06 10 28.24 +44 47 33.4          17.6 Rcg1482649
68950K02Q15F  C2002 09 07.35395 06 10 29.30 +44 47 29.3          17.4 Rcg1482649
68950K02Q15F  C2002 09 07.35875 06 10 31.08 +44 47 22.7          17.8 Rcg1482649
68950K02Q15F  C2002 09 09.03640 06 20 55.84 +44 04 51.7                cg1482046
68950K02Q15F  C2002 09 09.03868 06 20 56.74 +44 04 48.2                cg1482046
68950K02Q15F  C2002 09 09.03957 06 20 57.06 +44 04 46.8                cg1482046
68950K02Q15F  C2002 09 09.04122 06 20 57.65 +44 04 44.3          17.9 Rcg1482046
68950K02Q15F  C2002 09 09.05678 06 21 03.38 +44 04 19.2          17.6 Rcg1482113
68950K02Q15F  C2002 09 09.05909 06 21 04.23 +44 04 15.4          17.6 Rcg1482113
68950K02Q15F  C2002 09 09.06054 06 21 04.77 +44 04 13.3          17.5 Rcg1482113
68950K02Q15F  C2002 09 09.06200 06 21 05.40 +44 04 11.4          17.7 Rcg1482113
68950K02Q15F  C2002 09 09.06345 06 21 05.87 +44 04 08.9          17.6 Rcg1482113
68950K02Q15F  C2002 09 09.46564 06 23 35.93 +43 53 17.3                cg1482670
68950K02Q15F  C2002 09 09.46606 06 23 35.88 +43 53 15.4          18.4 Rcg1482848
68950K02Q15F  C2002 09 09.46743 06 23 36.43 +43 53 14.1          18.3 Rcg1482848
68950K02Q15F  C2002 09 09.46881 06 23 36.81 +43 53 11.2          18.6 Rcg1482848
68950K02Q15F  C2002 09 09.52414 06 23 57.44 +43 51 42.9                cg1482670
68950K02Q15F  C2002 09 10.45294 06 29 43.29 +43 25 19.5          18.0 Rcg1482848
68950K02Q15F  C2002 09 10.45429 06 29 43.98 +43 25 15.4          18.8 Rcg1482848
68950K02Q15F  C2002 09 10.45565 06 29 44.39 +43 25 14.1          18.5 Rcg1482848
68950K02Q15F  C2002 09 11.50074 06 36 12.96 +42 53 47.9          18.7 Rcg1482848
68950K02Q15F  C2002 09 11.50207 06 36 13.38 +42 53 48.0          18.9 Rcg1482848
68950K02Q15F  C2002 09 15.01713 06 57 54.27 +40 53 44.0                cg1482587
68950K02Q15F  C2002 09 15.01824 06 57 54.64 +40 53 41.4          18.1 Rcg1482587
68950K02Q15F  C2002 09 16.43727 07 06 35.35 +39 59 04.7          17.7 Rcg1482649
68950K02Q15F  C2002 09 16.44003 07 06 36.33 +39 58 58.3          17.5 Rcg1482649
68950K02Q15F  C2002 09 16.44278 07 06 37.33 +39 58 51.6          17.5 Rcg1482649
68950K02Q15F  C2002 09 21.41431 07 36 33.45 +36 18 31.2          17.6 Rcg3371649
68950K02Q15F  C2002 09 21.41791 07 36 34.71 +36 18 21.0          17.5 Rcg3371649
68950K02Q15F  C2002 09 21.42144 07 36 35.97 +36 18 10.9          17.5 Rcg3371649
68950K02Q15F  C2002 09 25.49131 08 00 24.70 +32 45 32.1          18.4 Rcg3371926
68950K02Q15F  C2002 09 25.49238 08 00 25.12 +32 45 28.7          17.8 Rcg3371926
68950K02Q15F  C2002 09 25.49344 08 00 25.33 +32 45 25.9          18.2 Rcg3371926
68950K02Q15F  C2002 09 25.49449 08 00 25.79 +32 45 22.3          18.0 Rcg3371926
68950K02Q15F  C2002 10 04.17726 08 48 46.36 +23 47 03.8          17.5 Rdg3371J95
68950K02Q15F  C2002 10 04.17876 08 48 46.86 +23 46 58.3          17.6 Rdg3371J95
68950K02Q15F  C2002 10 04.17963 08 48 47.13 +23 46 54.5          17.5 Rdg3371J95
68950K02Q15F  C2002 10 04.18050 08 48 47.43 +23 46 51.5          17.7 Rdg3371J95
68950K02Q15F  C2002 10 04.18137 08 48 47.72 +23 46 47.5          17.8 Rdg3371J95
68950K02Q15F  C2003 04 30.05842 21 54 24.64 +08 25 49.9          18.3 Rch8275599
68950K02Q15F  C2003 04 30.06594 21 54 25.56 +08 26 01.6          18.3 Rch8275599
68950K02Q15F  C2003 04 30.07347 21 54 26.48 +08 26 13.7          18.5 Rch8275599
68950K02Q15F  C2003 04 30.08101 21 54 27.36 +08 26 23.7          18.9 Rch8275599
68950K02Q15F  C2003 06 22.08145 23 28 12.21 +32 33 50.1          18.9 Rdi1482941
68950K02Q15F  C2003 06 22.08259 23 28 12.31 +32 33 52.0          19.0 Rdi1482941
68950K02Q15F  C2003 06 22.08373 23 28 12.44 +32 33 53.9          18.9 Rdi1482941
68950K02Q15F  C2003 06 22.08602 23 28 12.66 +32 33 57.8          18.9 Rdi1482941
68950K02Q15F  C2003 06 22.08831 23 28 12.90 +32 34 02.2          18.9 Rdi1482941
68950K02Q15F  C2003 06 22.08945 23 28 13.02 +32 34 04.2          18.9 Rdi1482941
68950K02Q15F  C2003 07 06.37330 23 51 08.18 +39 21 57.4          18.1  ci2132704
68950K02Q15F  C2003 07 06.38333 23 51 09.10 +39 22 15.2          18.6  ci2132704
68950K02Q15F  C2003 07 06.39342 23 51 09.95 +39 22 32.8          18.4  ci2132704
68950K02Q15F  C2003 07 06.40343 23 51 10.92 +39 22 50.0          18.1  ci2132704
68950K02Q15F  C2003 07 06.41345 23 51 11.81 +39 23 07.2          18.3  ci2132704
68950K02Q15F  C2003 07 10.38152 23 57 26.24 +41 17 08.6          18.4  ci2132704
68950K02Q15F  C2003 07 10.39152 23 57 27.15 +41 17 25.7          18.7  ci2132704
68950K02Q15F  C2003 07 10.41135 23 57 28.97 +41 18 00.5          19.0  ci2132704
68950K02Q15F  C2003 07 18.92966 00 10 44.40 +45 23 39.6          17.9 Vdi2281151
68950K02Q15F  C2003 07 18.93065 00 10 44.52 +45 23 40.7          18.0 Vdi2281151
68950K02Q15F  C2003 07 18.93324 00 10 44.78 +45 23 46.3          18.0 Vdi2281151
68950K02Q15F  C2003 07 18.93524 00 10 44.93 +45 23 49.3          18.0 Vdi2281151
68950K02Q15F  C2003 07 24.04631 00 18 37.08 +47 51 56.6          18.2 Rdi2281170
68950K02Q15F  C2003 07 24.04855 00 18 37.29 +47 52 00.8          18.1 Rdi2281170
68950K02Q15F  C2003 07 26.36131 00 22 09.98 +48 59 07.7          18.3  ci2415704
68950K02Q15F  C2003 07 26.37115 00 22 10.84 +48 59 26.4          19.2  ci2415704
68950K02Q15F  C2003 07 26.38100 00 22 11.62 +48 59 43.3          18.9  ci2415704
68950K02Q15F  C2003 07 26.39101 00 22 12.62 +49 00 00.2          18.8  ci2415704
68950K02Q15F  C2003 07 29.95348 00 27 38.95 +50 43 24.5          18.2 Vci2415240
68950K02Q15F  C2003 07 29.95567 00 27 39.16 +50 43 28.4          18.2 Vci2415240
68950K02Q15F  C2003 07 29.95713 00 27 39.29 +50 43 31.0          18.3 Vci2415240
68950K02Q15F  C2003 07 29.95786 00 27 39.38 +50 43 32.3          18.3 Vci2415240
68950K02Q15F  C2003 07 29.96077 00 27 39.62 +50 43 37.6          19.1 Vci2415240
68950K02Q15F  C2003 07 29.96296 00 27 39.86 +50 43 41.5          18.1 Vci2415240
68950K02Q15F  C2003 07 29.96442 00 27 39.99 +50 43 43.9          18.4 Vci2415240
68950K02Q15F  C2003 08 02.97281 00 33 45.59 +52 40 15.7          18.2 Vdi2686151
68950K02Q15F  C2003 08 02.97402 00 33 45.69 +52 40 17.8          18.3 Vdi2686151
68950K02Q15F  C2003 08 02.97510 00 33 45.79 +52 40 19.7          18.3 Vdi2686151
68950K02Q15F  C2003 08 02.97578 00 33 45.85 +52 40 21.1          18.1 Vdi2686151
68950K02Q15F  C2003 08 10.96856 00 45 55.48 +56 32 59.1 MPS 8289518.3 Vc49385240
68950K02Q15F  C2003 08 10.97125 00 45 55.79 +56 33 04.7          18.4 Vci2895240
68950K02Q15F  C2003 08 10.97395 00 45 56.11 +56 33 10.0          18.0 Vci2895240
68950K02Q15F  C2003 08 11.06601 00 46 04.13 +56 35 52.3          18.0 Vci2895198
68950K02Q15F  C2003 08 11.06912 00 46 04.39 +56 35 58.0          18.1 Vci2895198
68950K02Q15F  C2003 08 11.07302 00 46 04.73 +56 36 05.1          18.1 Vci2895198
68950K02Q15F  C2003 08 11.07848 00 46 05.21 +56 36 15.3          18.0 Vci2895198
68950K02Q15F  C2003 08 12.02327 00 47 32.31 +57 03 47.9                ci2965204
68950K02Q15F  C2003 08 12.02481 00 47 32.46 +57 03 49.9                ci2965204
68950K02Q15F  C2003 08 12.02635 00 47 32.58 +57 03 52.9          18.0 Rci2965204
68950K02Q15F  C2003 08 12.03497 00 47 33.44 +57 04 11.0                ci2965204
68950K02Q15F  C2003 08 22.95949 01 04 38.04 +62 24 19.0          18.1 Rci3361J87
68950K02Q15F  C2003 08 22.96219 01 04 38.43 +62 24 25.6          18.2 Rci3361J87
68950K02Q15F  C2003 08 26.89095 01 11 02.54 +64 20 30.2          18.2 Vci3361240
68950K02Q15F  C2003 08 26.89275 01 11 02.70 +64 20 33.1          18.1 Vci3361240
68950K02Q15F  C2003 08 26.89455 01 11 02.87 +64 20 36.8          18.1 Vci3361240
68950K02Q15F  C2003 08 26.93122 01 11 06.44 +64 21 43.9          18.0 Vci3361240
68950K02Q15F  C2003 08 26.93301 01 11 06.62 +64 21 46.6          18.4 Vci3361240
68950K02Q15F  C2003 08 26.93660 01 11 06.94 +64 21 53.7          18.2 Vci3361240
68950K02Q15F  C2003 08 26.93750 01 11 07.03 +64 21 55.3          18.1 Vci3361240
68950K02Q15F  C2003 08 29.90602 01 16 08.25 +65 50 06.3          16.8 R i4046J87
68950K02Q15F  C2003 08 29.90713 01 16 08.48 +65 50 08.3          17.2 R i4046J87
68950K02Q15F  C2003 08 29.91133 01 16 08.86 +65 50 15.6          16.8 R i4046J87
