F3958K02A31M 1 1983 05 07.62443 15 44 52.45 -07 36 38.4                de9885260
F3958K02A31M 1 1983 05 07.66609 15 44 49.13 -07 36 11.5                de9885260
F3958K02A31M  C2001 12 16.50832 08 30 46.47 +13 09 21.2          20   Rok8671644
F3958K02A31M FC2002 01 08.35373 07 55 36.36 +15 43 20.6          20   Rok8671644
F3958K02A31M  C2002 01 08.37828 07 55 33.75 +15 43 31.7                ok8671644
F3958K02A31M  C2002 01 08.40519 07 55 30.76 +15 43 45.1                ok8671644
F3958K02A31M  C2002 01 13.30223 07 46 52.90 +16 21 53.9          20.0  ce7324704
F3958K02A31M  C2002 01 13.31756 07 46 51.36 +16 22 02.6          20.7  ce7324704
F3958K02A31M  C2002 01 13.33272 07 46 49.68 +16 22 09.8          20.5  ce7324704
F3958K02A31M  C2002 01 13.34788 07 46 48.03 +16 22 15.9          19.7  ce7324704
F3958K02A31M  C2002 01 13.36305 07 46 46.42 +16 22 21.6          20.3  ce7324704
F3958K02A31M* C2002 01 14.30236 07 45 08.49 +16 29 37.1          19.8  ce7324704
F3958K02A31M  C2002 01 14.31745 07 45 06.83 +16 29 45.1          20.0  ce7324704
F3958K02A31M  C2002 01 14.33255 07 45 05.19 +16 29 51.2          19.9  ce7324704
F3958K02A31M  C2002 01 14.34799 07 45 03.59 +16 29 57.8          19.6  ce7324704
F3958K02A31M  C2002 01 15.23447 07 43 32.13 +16 36 47.2          19.8  ce7324704
F3958K02A31M  C2002 01 15.24987 07 43 30.45 +16 36 53.1          19.6  ce7324704
F3958K02A31M  C2002 01 15.26505 07 43 28.81 +16 37 00.9          19.8  ce7324704
F3958K02A31M  C2002 01 15.26929 07 43 28.26 +16 37 02.0          19.4 Rce7324649
F3958K02A31M  C2002 01 15.28023 07 43 27.19 +16 37 07.9          19.9  ce7324704
F3958K02A31M  C2002 01 15.28380 07 43 26.68 +16 37 08.6          19.4 Rce7324649
F3958K02A31M  C2002 01 15.28826 07 43 26.25 +16 37 10.7          19.4 Rce7324649
F3958K02A31M  C2002 01 15.31735 07 43 23.22 +16 37 25.2          20.3 R e7324711
F3958K02A31M  C2002 01 15.32597 07 43 22.27 +16 37 29.0          19.6 R e7324711
F3958K02A31M  C2002 01 15.33460 07 43 21.42 +16 37 33.0          19.9 R e7324711
F3958K02A31M  C2002 01 15.85198 07 42 28.60 +16 41 27.3          19.1 Rce7324046
F3958K02A31M  C2002 01 15.85347 07 42 28.48 +16 41 27.8                ce7324046
F3958K02A31M  C2002 01 15.85493 07 42 28.27 +16 41 29.4                ce7324046
F3958K02A31M  C2002 01 15.85808 07 42 27.97 +16 41 29.9          18.9 Rce7324046
F3958K02A31M  C2002 01 17.02911 07 40 28.08 +16 50 22.5          18.9 Rce7324046
F3958K02A31M  C2002 01 17.03734 07 40 27.24 +16 50 25.7                ce7324046
F3958K02A31M  C2002 01 19.23634 07 36 48.15 +17 06 52.3          20.9 Vde7324691
F3958K02A31M  C2002 01 19.24040 07 36 47.76 +17 06 54.3          20.9 Vde7324691
F3958K02A31M  C2002 01 19.24427 07 36 47.37 +17 06 56.2          20.9 Vde7324691
F3958K02A31M  C2002 01 19.29784 07 36 41.87 +17 07 18.8          19.7 Rce7324715
F3958K02A31M  C2002 01 19.30417 07 36 41.24 +17 07 21.7          19.8 Rce7324715
F3958K02A31M  C2002 01 19.31119 07 36 40.55 +17 07 25.5          20.0 Rce7324715
F3958K02A31M  C2002 01 20.35096 07 34 59.22 +17 15 02.3          20.8 Vde7324691
F3958K02A31M  C2002 01 20.35498 07 34 58.82 +17 15 04.1          20.8 Vde7324691
F3958K02A31M  C2002 01 20.35892 07 34 58.43 +17 15 05.8          20.9 Vde7324691
F3958K02A31M 1C2002 02 09.55215 07 09 59.30 +19 19 02.0                ce9885413
F3958K02A31M 1C2002 02 09.55540 07 09 59.15 +19 19 03.1                ce9885413
F3958K02A31M 1C2002 02 09.55863 07 09 58.96 +19 19 04.5                ce9885413
F3958K02A31M 7C2002 02 13.26690 07 07 18.55 +19 36 14.0                ce9885696
F3958K02A31M 7C2002 02 13.27090 07 07 18.39 +19 36 15.2                ce9885696
F3958K02A31M 7C2002 02 14.29043 07 06 40.85 +19 40 42.9                ce9885696
F3958K02A31M 7C2002 02 14.29436 07 06 40.71 +19 40 44.1                ce9885696
F3958K02A31M 7C2003 03 27.38126 15 29 50.44 -11 21 56.0                ch6123696
F3958K02A31M 7C2003 03 27.38984 15 29 50.46 -11 21 53.2                ch6123696
F3958K02A31M  C2003 04 05.35021 15 28 47.92 -10 27 09.2          20.9 Vdh8231291
F3958K02A31M  C2003 04 05.37673 15 28 47.35 -10 26 58.2          20.8 Vdh8231291
F3958K02A31M  C2003 04 05.39691 15 28 46.92 -10 26 49.8          21.1 Vdh8231291
F3958K02A31M  C2003 05 02.33198 15 04 09.60 -06 10 35.1          19.7 Vch8231691
F3958K02A31M  C2003 05 02.35987 15 04 06.98 -06 10 16.5          19.7 Vch8231691
F3958K02A31M  C2003 05 02.38837 15 04 04.31 -06 09 56.7          19.6 Vch8231691
F3958K02A31M  C2003 05 05.27462 14 59 37.77 -05 37 06.5          18.8 Roh8231699
F3958K02A31M  C2003 05 05.28123 14 59 37.01 -05 37 02.0          19.2 Rch8231704
F3958K02A31M  C2003 05 05.29331 14 59 35.78 -05 36 52.0          19.4 Rch8231704
F3958K02A31M  C2003 05 05.29333 14 59 35.92 -05 36 53.8                oh8231699
F3958K02A31M  C2003 05 05.30521 14 59 34.65 -05 36 44.5          19.5 Rch8231704
F3958K02A31M  C2003 05 05.31189 14 59 34.00 -05 36 40.2                oh8231699
F3958K02A31M  C2003 05 05.33063 14 59 32.16 -05 36 27.8                oh8231699
F3958K02A31M  C2003 05 09.28217 14 53 03.49 -04 51 32.8          19.4  ci0034704
F3958K02A31M  C2003 05 09.29432 14 53 02.13 -04 51 24.5          19.6  ci0034704
F3958K02A31M  C2003 05 09.30617 14 53 01.00 -04 51 17.2          19.7  ci0034704
F3958K02A31M  C2003 05 09.31807 14 52 59.71 -04 51 08.5          19.9  ci0034704
F3958K02A31M  C2003 05 27.16472 14 22 03.25 -01 55 40.9          19.6 Vci0034691
F3958K02A31M  C2003 05 27.19266 14 22 00.35 -01 55 28.2          20.3 Vci0034691
F3958K02A31M  C2003 05 27.22126 14 21 57.40 -01 55 15.7          19.8 Vci0034691
F3958K02A31M  C2003 05 29.24483 14 18 41.31 -01 40 46.6          19.5 Vci0034691
F3958K02A31M  C2003 05 29.27196 14 18 38.62 -01 40 35.6          19.5 Vci0034691
F3958K02A31M  C2003 05 29.29820 14 18 36.00 -01 40 24.8          19.5 Vci0034691
F3958K02A31M  C2003 05 30.22220 14 17 09.52 -01 34 19.0          18.9  ci0034704
F3958K02A31M  C2003 05 30.23303 14 17 08.39 -01 34 13.4          19.6  ci0034704
F3958K02A31M  C2003 05 30.24368 14 17 07.32 -01 34 09.7          19.4  ci0034704
F3958K02A31M  C2003 05 30.25443 14 17 06.29 -01 34 06.0          19.7  ci0034704
F3958K02A31M  C2003 06 01.19538 14 14 09.31 -01 22 17.6          18.8 Rci0034711
F3958K02A31M  C2003 06 01.25580 14 14 03.78 -01 21 57.4          18.8 Rci0034711
F3958K02A31M  C2003 06 01.26544 14 14 02.92 -01 21 54.3          18.6 Rci0034711
F3958K02A31M  C2003 06 03.12588 14 11 22.19 -01 12 02.6          19.2 Rci0034711
F3958K02A31M  C2003 06 03.23532 14 11 12.38 -01 11 30.5          19.1 Rci0034711
F3958K02A31M SC2003 06 03.34964 14 11 02.42 -01 10 57.4                ci0034711
F3958K02A31M  C2003 11 18.07617 23 09 00.91 -23 35 39.6          18.1  cj0947704
F3958K02A31M  C2003 11 18.08890 23 09 06.42 -23 35 02.5          18.2  cj0947704
F3958K02A31M  C2003 11 18.12749 23 09 23.07 -23 33 11.4          18.1  cj0947704
F3958K02A31M  C2003 11 26.12287 00 01 43.85 -17 03 36.9          18.5  cj1777704
F3958K02A31M  C2003 11 26.12299 00 01 43.87 -17 03 36.1          18.2  cj1777704
F3958K02A31M  C2003 11 26.13524 00 01 48.08 -17 03 01.6          19.4  cj1777704
F3958K02A31M  C2003 11 26.13537 00 01 48.09 -17 03 00.9          18.7  cj1777704
F3958K02A31M  C2003 11 26.14779 00 01 52.22 -17 02 25.5          18.4  cj1777704
F3958K02A31M  C2003 11 26.16009 00 01 56.39 -17 01 50.0          18.4  cj1777704
F3958K02A31M  C2003 11 26.16021 00 01 56.42 -17 01 49.5          18.3  cj1777704
F3958K02A31M  C2003 11 26.17265 00 02 00.57 -17 01 12.7          18.3  cj1777704
F3958K02A31M  C2003 12 10.21659 01 08 07.41 -06 57 00.7          18.5 Roj3668699
F3958K02A31M  C2003 12 10.22990 01 08 10.44 -06 56 30.6                oj3668699
F3958K02A31M  C2003 12 10.24314 01 08 13.41 -06 56 01.6                oj3668699
F3958K02A31M  C2003 12 10.25644 01 08 16.41 -06 55 31.3                oj3668699
F3958K02A31M  C2003 12 11.79586 01 14 05.97 -05 58 55.8          18.7 Vrj3396170
F3958K02A31M  C2003 12 11.79750 01 14 06.29 -05 58 52.7          18.7 Vrj3396170
F3958K02A31M  C2003 12 11.79848 01 14 06.50 -05 58 50.6          18.7 Vrj3396170
F3958K02A31M  C2003 12 12.73459 01 17 32.47 -05 25 19.7          19.3 Vdj3668104
F3958K02A31M  C2003 12 12.73796 01 17 33.21 -05 25 12.8                dj3668104
F3958K02A31M  C2003 12 12.73993 01 17 33.58 -05 25 08.2                dj3668104
F3958K02A31M  C2003 12 13.13294 01 18 58.19 -05 11 15.5          18.9  cj3668704
F3958K02A31M  C2003 12 13.14596 01 19 00.85 -05 10 47.6          18.9  cj3668704
F3958K02A31M  C2003 12 13.15896 01 19 03.56 -05 10 20.2          18.5  cj3668704
F3958K02A31M  C2003 12 13.17120 01 19 06.37 -05 09 54.4          18.7  cj3668644
F3958K02A31M  C2003 12 13.17202 01 19 06.30 -05 09 53.1          18.4  cj3668704
F3958K02A31M  C2003 12 13.18503 01 19 09.05 -05 09 26.0          18.3  cj3668704
F3958K02A31M  C2003 12 13.19199 01 19 10.69 -05 09 10.7          18.6  cj3668644
F3958K02A31M  C2003 12 13.21422 01 19 15.34 -05 08 23.8          18.6  cj3668644
F3958K02A31M 4C2005 05 04.31719 12 06 29.51 +06 00 30.7          20.8 Ron3275F65
F3958K02A31M 4C2005 05 04.32387 12 06 29.17 +06 00 32.5          21.2 Ron3275F65
F3958K02A31M 4C2005 05 04.33027 12 06 28.84 +06 00 34.1          20.8 Ron3275F65
F3958K02A31M  C2007 03 10.22027 11 26 04.76 +07 11 12.8          21.6 Vou2304691
F3958K02A31M  C2007 03 10.23786 11 26 03.40 +07 11 23.8          20.8 Vou2304691
F3958K02A31M  C2007 03 10.25544 11 26 01.94 +07 11 34.0          21.5 Vou2304691
F3958K02A31M HC2007 03 14.11023 11 21 02.58 +07 49 10.2                ou2940691
F3958K02A31M HC2007 03 14.12785 11 21 01.25 +07 49 20.3          21.0 Vou2940691
F3958K02A31M HC2007 03 14.14547 11 20 59.89 +07 49 31.4                ou2940691
