a3344K02Q07C* C2002 08 19.44288 22 58 32.60 -19 18 07.4          18.8  cg1466644
a3344K02Q07C  C2002 08 19.45334 22 58 29.80 -19 17 50.1          18.9  cg1466644
a3344K02Q07C  C2002 08 19.46369 22 58 27.04 -19 17 33.0          19.1  cg1466644
a3344K02Q07C 1C2002 08 19.77376 22 57 05.81 -19 08 41.0          19.6 Reg1466413
a3344K02Q07C 1C2002 08 19.77512 22 57 05.46 -19 08 38.7          19.0 Reg1466413
a3344K02Q07C 1C2002 08 19.77648 22 57 05.08 -19 08 36.2          19.6 Reg1466413
a3344K02Q07C  C2002 08 20.32112 22 54 43.84 -18 53 56.9          19.1  cg1466644
a3344K02Q07C  C2002 08 20.33160 22 54 40.99 -18 53 39.2          20.0  cg1466644
a3344K02Q07C  C2002 08 20.34320 22 54 37.87 -18 53 20.3          19.5  cg1466644
a3344K02Q07C  C2002 08 26.29355 22 28 16.82 -15 55 20.4          18.5 Rcg1466649
a3344K02Q07C  C2002 08 26.29744 22 28 15.79 -15 55 13.0          18.4 Rcg1466649
a3344K02Q07C  C2002 08 28.23537 22 19 45.84 -14 53 10.5          18.6 Rcg1466649
a3344K02Q07C  C2002 08 28.23828 22 19 45.03 -14 53 04.3          18.4 Rcg1466649
a3344K02Q07C  C2002 08 28.24118 22 19 44.24 -14 52 59.1          18.5 Rcg1466649
a3344K02Q07C  C2002 08 28.35340 22 19 14.38 -14 49 19.3          19.7 Vdg1466291
a3344K02Q07C  C2002 08 28.36227 22 19 12.00 -14 49 01.3          20.5 Vdg1466291
a3344K02Q07C  C2002 08 28.37116 22 19 09.56 -14 48 44.0          19.9 Vdg1466291
a3344K02Q07C  C2002 08 28.39411 22 19 03.88 -14 48 02.6          17.6 Rcg1466848
a3344K02Q07C  C2002 08 28.39551 22 19 03.45 -14 48 00.0          18.1 Rcg1466848
a3344K02Q07C  C2002 08 28.39691 22 19 03.11 -14 47 55.7          18.2 Rcg1466848
a3344K02Q07C  C2002 08 28.39831 22 19 02.65 -14 47 54.5          18.5 Rcg1466848
a3344K02Q07C  C2002 08 29.20723 22 15 33.25 -14 21 34.0          18.5 Rcg1466649
a3344K02Q07C  C2002 08 29.21012 22 15 32.54 -14 21 28.6          18.5 Rcg1466649
a3344K02Q07C  C2002 08 29.21300 22 15 31.73 -14 21 23.7          18.8 Rcg1466649
a3344K02Q07C  C2002 08 29.88855 22 12 37.87 -13 59 18.5                cg1466246
a3344K02Q07C  C2002 08 29.88922 22 12 37.75 -13 59 18.0                cg1466246
a3344K02Q07C  C2002 08 29.89063 22 12 37.30 -13 59 14.1                cg1466246
a3344K02Q07C  C2002 08 29.89133 22 12 37.20 -13 59 13.7                cg1466246
a3344K02Q07C  C2002 08 29.89208 22 12 36.98 -13 59 12.2                cg1466246
a3344K02Q07C  C2002 08 29.89277 22 12 36.78 -13 59 10.6                cg1466246
a3344K02Q07C  C2002 08 31.35416 22 06 25.53 -13 11 06.0          19.0 Rcg1466848
a3344K02Q07C  C2002 08 31.35716 22 06 24.71 -13 10 57.6          19.0 Rcg1466848
a3344K02Q07C  C2002 08 31.35863 22 06 24.41 -13 10 56.8          18.9 Rcg1466848
a3344K02Q07C  C2002 09 01.33162 22 02 22.46 -12 38 48.9          18.7 Rcg1466848
a3344K02Q07C  C2002 09 01.33311 22 02 22.06 -12 38 44.4                cg1466848
a3344K02Q07C  C2002 09 01.33779 22 02 20.88 -12 38 37.4          18.4 Rcg1466848
a3344K02Q07C  C2002 09 02.86946 21 56 09.72 -11 48 04.7                cg1466246
a3344K02Q07C  C2002 09 02.87015 21 56 09.53 -11 48 04.8                cg1466246
a3344K02Q07C  C2002 09 02.87082 21 56 09.37 -11 48 03.4                cg1466246
a3344K02Q07C  C2002 09 02.87262 21 56 08.87 -11 47 58.8                cg1466246
a3344K02Q07C  C2002 09 02.87363 21 56 08.67 -11 47 57.6                cg1466246
a3344K02Q07C  C2002 09 02.87527 21 56 08.28 -11 47 54.1                cg1466246
a3344K02Q07C  C2002 09 06.81366 21 41 12.58 -09 39 34.8                cg1466246
a3344K02Q07C  C2002 09 06.81455 21 41 12.40 -09 39 33.9                cg1466246
a3344K02Q07C  C2002 09 06.81537 21 41 12.22 -09 39 32.1                cg1466246
a3344K02Q07C  C2002 09 06.81608 21 41 12.07 -09 39 30.7                cg1466246
a3344K02Q07C  C2002 09 06.81691 21 41 11.85 -09 39 29.1                cg1466246
a3344K02Q07C  C2002 09 06.81845 21 41 11.53 -09 39 25.5                cg1466246
a3344K02Q07C  C2002 09 06.81919 21 41 11.34 -09 39 23.8                cg1466246
a3344K02Q07C  C2002 09 06.82008 21 41 11.15 -09 39 22.1                cg1466246
a3344K02Q07C  C2002 09 09.30719 21 32 35.92 -08 20 51.5          18.9 Rcg1466848
a3344K02Q07C  C2002 09 09.31024 21 32 35.25 -08 20 45.9          18.9 Rcg1466848
a3344K02Q07C  C2002 09 09.31631 21 32 33.96 -08 20 34.9          19.4 Rcg1466848
a3344K02Q07C  C2002 09 09.31811 21 32 34.26 -08 20 24.2          19.0 Rct9441608
a3344K02Q07C  C2002 09 09.32863 21 32 32.14 -08 20 04.8          19.1 Rct9441608
a3344K02Q07C  C2002 09 09.33910 21 32 29.93 -08 19 45.1          18.9 Rct9441608
a3344K02Q07C  C2002 09 09.89538 21 30 40.66 -08 02 41.4                cg1466246
a3344K02Q07C  C2002 09 09.89637 21 30 40.35 -08 02 39.0                cg1466246
a3344K02Q07C  C2002 09 09.89706 21 30 40.28 -08 02 37.3                cg1466246
a3344K02Q07C  C2002 09 09.89789 21 30 40.13 -08 02 36.2                cg1466246
a3344K02Q07C  C2002 09 09.89872 21 30 39.94 -08 02 34.2                cg1466246
a3344K02Q07C  C2002 09 09.89954 21 30 39.78 -08 02 33.2                cg1466246
a3344K02Q07C  C2002 09 13.12852 21 20 51.21 -06 25 47.9          19.8 Rct9441644
a3344K02Q07C  C2002 09 13.14995 21 20 47.43 -06 25 10.4          19.9 Rct9441644
a3344K02Q07C  C2002 09 13.17079 21 20 43.73 -06 24 34.2          19.6 Rct9441644
a3344K02Q07C  C2002 09 14.31648 21 17 32.91 -05 51 36.7          19.5 Rct9441608
a3344K02Q07C  C2002 09 14.32682 21 17 31.13 -05 51 19.2          19.5 Rct9441608
a3344K02Q07C  C2002 09 22.13763 21 00 02.18 -02 28 12.4                cg3365715
a3344K02Q07C  C2002 09 22.14455 21 00 01.39 -02 28 03.3                cg3365715
a3344K02Q07C  C2002 09 22.15170 21 00 00.54 -02 27 53.4                cg3365715
a3344K02Q07C  C2002 10 11.11376 20 42 55.93 +03 30 06.1                cg3365715
a3344K02Q07C  C2002 10 11.11750 20 42 55.89 +03 30 10.1                cg3365715
a3344K02Q07C  C2002 10 11.12086 20 42 55.87 +03 30 13.5                cg3365715
a3344K02Q07C 7C2002 10 30.11288 20 49 52.85 +07 42 24.6                cg5880696
a3344K02Q07C 7C2002 10 30.12193 20 49 53.19 +07 42 30.1                cg5880696
a3344K02Q07C 7C2006 10 30.50433 11 09 41.22 +71 09 43.1                os5336696
a3344K02Q07C 7C2006 10 30.51743 11 09 47.79 +71 09 28.1                os5336696
a3344K02Q07C HC2007 01 10.50392 15 11 10.60 +25 12 05.6                ot5466291
a3344K02Q07C HC2007 01 10.50817 15 11 11.06 +25 11 47.2                ot5466291
a3344K02Q07C  C2007 01 10.51353 15 11 11.47 +25 11 25.6                ot5466291
a3344K02Q07C HC2007 01 28.52053 15 47 48.32 -01 27 22.2                ot8050291
a3344K02Q07C  C2007 01 28.52433 15 47 48.72 -01 27 43.6                ot8050291
a3344K02Q07C HC2007 01 28.52805 15 47 49.32 -01 28 10.6                ot8050291
a3344K02Q07C HC2007 09 30.12135 19 56 36.01 -16 50 17.5                ov8062291
a3344K02Q07C  C2007 09 30.12526 19 56 36.05 -16 50 10.6          21.9 Vov8062291
a3344K02Q07C HC2007 09 30.12919 19 56 36.37 -16 50 02.5                ov8062291
a3344K02Q07C KC2012 02 21.81393 00 02 33.94 +42 46 57.7                t~0e6A204
a3344K02Q07C KC2012 02 21.82659 00 02 43.71 +42 44 23.1          19.3 Rt~0e6A204
a3344K02Q07C |C2012 04 04.97958 04 15 09.31 -59 14 38.5          20.5 Vo~0fgh807
a3344K02Q07C |C2012 04 04.98761 04 15 09.70 -59 14 44.2          20.5 Vo~0fgh807
a3344K02Q07C |C2012 04 04.99369 04 15 10.01 -59 14 48.5          20.3 Vo~0fgh807
a3344K02Q07C |C2012 07 28.19563 16 37 11.97 -77 49 18.2          20.8 Vu~0hwP807
a3344K02Q07C |C2012 07 28.19994 16 37 13.44 -77 49 03.6          20.6 Vu~0hwP807
a3344K02Q07C |C2012 07 28.20460 16 37 15.04 -77 48 47.6          20.7 Vu~0hwP807
a3344K02Q07C |C2012 07 28.21362 16 37 18.11 -77 48 17.0          20.7 Vu~0hwP807
a3344K02Q07C  R2012 02 25.750000               +     8425047   2380 251 JPLRS251
a3344K02Q07C  r2012 02 25.750000C                        0200       251 JPLRS251
a3344K02Q07C  R2012 02 25.777083   7567089680  +     8254305   2380 251 JPLRS251
a3344K02Q07C  r2012 02 25.777083C         0300           0100       251 JPLRS251
a3344K02Q07C  R2012 02 26.847222   7302382446  +     5195073   2380 251 JPLRS251
a3344K02Q07C  r2012 02 26.847222C         0500           0020       251 JPLRS251
