h4096K02G05O* C2002 04 11.31017 13 04 43.78 +01 25 49.3          14.7  cf5885704
h4096K02G05O  C2002 04 11.32194 13 04 37.06 +01 24 21.2          14.7  cf5885704
h4096K02G05O  C2002 04 11.33370 13 04 30.39 +01 22 53.7          14.5  cf5885704
h4096K02G05O  C2002 04 11.34546 13 04 23.72 +01 21 26.3          14.6  cf5885704
h4096K02G05O  C2002 04 11.35720 13 04 17.12 +01 19 58.7          14.4  cf5885704
h4096K02G05O  C2002 04 12.22560 12 57 23.19 -00 16 04.3          15.1  cf5885704
h4096K02G05O  C2002 04 12.23957 12 57 16.82 -00 17 27.3          15.1  cf5885704
h4096K02G05O  C2002 04 12.25379 12 57 10.37 -00 18 51.4          15.2  cf5885704
h4096K02G05O  C2002 04 12.26776 12 57 04.03 -00 20 14.1          15.4  cf5885704
h4096K02G05O  C2002 04 12.28174 12 56 57.74 -00 21 36.4          14.8  cf5885704
h4096K02G05O  C2002 04 13.24245 12 50 53.64 -01 46 02.4          15.2 Vmf5885333
h4096K02G05O  C2002 04 13.24324 12 50 53.37 -01 46 06.2          15.2 Vmf5885333
h4096K02G05O  C2002 04 13.24409 12 50 53.04 -01 46 10.3          15.2 Vmf5885333
h4096K02G05O  C2002 04 13.81720 12 47 51.69 -02 28 49.1          14.3 R f5885941
h4096K02G05O  C2002 04 13.81925 12 47 51.09 -02 28 57.7          14.2 R f5885941
h4096K02G05O  C2002 04 13.82005 12 47 50.80 -02 29 01.0          14.1 R f5885941
h4096K02G05O  C2002 04 13.82105 12 47 50.49 -02 29 05.3          14.2 R f5885941
h4096K02G05O  C2002 04 13.82515 12 47 49.28 -02 29 22.3          14.1 R f5885941
h4096K02G05O  C2002 04 13.82603 12 47 48.92 -02 29 26.1          14.3 R f5885941
h4096K02G05O  C2002 04 13.82852 12 47 48.17 -02 29 36.5          14.2 R f5885941
h4096K02G05O  C2002 04 14.25624 12 45 43.84 -02 58 07.1          16.1 Ro~1GLI644
h4096K02G05O  C2002 04 14.28998 12 45 33.88 -03 00 16.2          15.4 Ro~1GLI644
h4096K02G05O  C2002 04 15.22630 12 41 41.76 -03 54 50.6          15.8  cf5885704
h4096K02G05O  C2002 04 15.24021 12 41 38.34 -03 55 34.9          15.6  cf5885704
h4096K02G05O  C2002 04 15.25423 12 41 34.90 -03 56 19.9          14.2  cf5885704
h4096K02G05O  C2002 04 15.30784 12 41 22.11 -03 59 07.6          15.5 Vmf5885333
h4096K02G05O  C2002 04 15.31225 12 41 21.04 -03 59 21.2          15.6 Vmf5885333
h4096K02G05O  C2002 04 15.31657 12 41 19.98 -03 59 35.0          15.6 Vmf5885333
h4096K02G05O  C2002 04 15.87685 12 39 23.31 -04 27 45.6          15.1 V f5885151
h4096K02G05O  C2002 04 15.87888 12 39 22.87 -04 27 51.4          15.1 V f5885151
h4096K02G05O  C2002 04 15.88135 12 39 22.34 -04 27 58.6          15.1 V f5885151
h4096K02G05O  C2002 04 15.88448 12 39 21.67 -04 28 07.5          15.0 V f5885151
h4096K02G05O  C2002 04 15.88726 12 39 21.91 -04 28 10.1          14.8 Rcf5885938
h4096K02G05O  C2002 04 15.88882 12 39 21.57 -04 28 15.1          14.7 Rcf5885938
h4096K02G05O  C2002 04 15.89294 12 39 20.68 -04 28 26.8          15.0 Rcf5885938
h4096K02G05O  C2002 04 15.89473 12 39 20.32 -04 28 31.4          14.8 Rcf5885938
h4096K02G05O  C2002 04 15.89652 12 39 19.95 -04 28 36.9          14.6 Rcf5885938
h4096K02G05O  C2002 04 15.89829 12 39 19.56 -04 28 42.1          14.6 Rcf5885938
h4096K02G05O  C2002 04 15.90005 12 39 19.12 -04 28 47.3          14.7 Rcf5885938
h4096K02G05O  C2002 04 16.14157 12 38 31.39 -04 39 50.6          14.5 Rdf5885452
h4096K02G05O  C2002 04 16.14265 12 38 31.19 -04 39 53.6          14.6 Rdf5885452
h4096K02G05O  C2002 04 16.14374 12 38 30.94 -04 39 56.5          14.5 Rdf5885452
h4096K02G05O  C2002 04 16.14593 12 38 30.48 -04 40 02.5          14.5 Rdf5885452
h4096K02G05O  C2002 04 16.15594 12 38 28.37 -04 40 30.3          14.5 Rdf5885452
h4096K02G05O  C2002 04 16.15637 12 38 28.27 -04 40 31.6          14.6 Rdf5885452
h4096K02G05O  C2002 04 16.15679 12 38 28.20 -04 40 32.7          14.5 Rdf5885452
h4096K02G05O  C2002 04 16.15722 12 38 28.11 -04 40 33.6          14.5 Rdf5885452
h4096K02G05O  C2002 04 16.15767 12 38 28.02 -04 40 34.9          14.5 Rdf5885452
h4096K02G05O  C2002 04 16.17519 12 38 25.74 -04 41 26.0          15.8 Vmf5885333
h4096K02G05O  C2002 04 16.18382 12 38 23.97 -04 41 49.9          15.9 Vmf5885333
h4096K02G05O  C2002 04 16.20613 12 38 17.62 -04 42 56.9          15.3 V f5093932
h4096K02G05O  C2002 04 16.21253 12 38 16.30 -04 43 14.4          15.4 V f5093932
h4096K02G05O  C2002 04 16.22106 12 38 14.56 -04 43 37.1          15.4 V f5093932
h4096K02G05O  C2002 04 16.42476 12 37 38.64 -04 51 28.9          15.1 Rcf5885474
h4096K02G05O  C2002 04 16.42604 12 37 38.39 -04 51 32.2          14.9 Rcf5885474
h4096K02G05O  C2002 04 16.42737 12 37 38.13 -04 51 35.7          15.0 Rcf5885474
h4096K02G05O  C2002 04 17.26362 12 35 14.51 -05 26 42.2          15.0 V f5093932
h4096K02G05O  C2002 04 17.27503 12 35 12.61 -05 27 08.0          15.0 V f5093932
h4096K02G05O  C2002 04 17.28080 12 35 11.64 -05 27 20.9          15.1 V f5093932
h4096K02G05O  C2002 04 17.88542 12 33 43.70 -05 49 19.0          15.6 Vcf8972560
h4096K02G05O  C2002 04 17.88672 12 33 43.50 -05 49 21.4          15.5 Vcf8972560
h4096K02G05O  C2002 04 17.88795 12 33 43.32 -05 49 23.9          15.5 Vcf8972560
h4096K02G05O  C2002 04 18.23665 12 32 55.61 -06 01 05.0                cf5885670
h4096K02G05O  C2002 04 18.26945 12 32 50.25 -06 02 09.3          15.6  cf5886704
h4096K02G05O  C2002 04 18.28308 12 32 48.25 -06 02 36.1          16.0  cf5886704
h4096K02G05O  C2002 04 18.29670 12 32 46.25 -06 03 03.0          16.3  cf5886704
h4096K02G05O  C2002 04 18.31039 12 32 44.26 -06 03 29.6          16.3  cf5886704
h4096K02G05O  C2002 04 18.31889 12 32 43.49 -06 03 46.9          15.2 Rcf5886670
h4096K02G05O  C2002 04 18.32427 12 32 42.20 -06 03 56.4          15.7  cf5886704
h4096K02G05O 1C2002 04 18.32844 12 32 42.37 -06 04 12.6                cf5886658
h4096K02G05O 1C2002 04 18.32894 12 32 42.28 -06 04 13.1                cf5886658
h4096K02G05O 1C2002 04 18.32940 12 32 42.23 -06 04 14.1                cf5886658
h4096K02G05O 1C2002 04 19.31696 12 30 42.37 -06 34 15.3                cf5886658
h4096K02G05O 1C2002 04 19.32016 12 30 41.98 -06 34 20.6                cf5886658
h4096K02G05O 1C2002 04 19.32506 12 30 41.39 -06 34 29.0                cf5886658
h4096K02G05O  C2002 04 19.43273 12 30 31.07 -06 36 43.4          16.4 Rmf5886428
h4096K02G05O  C2002 04 19.43576 12 30 30.69 -06 36 48.5          16.4 Rmf5886428
h4096K02G05O  C2002 04 19.43881 12 30 30.30 -06 36 53.7          16.4 Rmf5886428
h4096K02G05O 6C2002 04 20.12515 12 29 17.91 -06 55 16.3                ci1902807
h4096K02G05O 6C2002 04 20.12810 12 29 17.58 -06 55 20.7                ci1902807
h4096K02G05O 6C2002 04 20.13105 12 29 17.22 -06 55 25.8                ci1902807
h4096K02G05O  C2002 04 20.21298 12 29 09.48 -06 58 09.6          15.8  cf5886704
h4096K02G05O  C2002 04 20.22653 12 29 07.96 -06 58 30.5          15.7  cf5886704
h4096K02G05O  C2002 04 20.23981 12 29 06.50 -06 58 50.7          15.9  cf5886704
h4096K02G05O  C2002 04 20.25347 12 29 05.00 -06 59 11.3          16.1  cf5886704
h4096K02G05O  C2002 04 20.87856 12 28 08.09 -07 14 30.2          16.1 Rcf5886636
h4096K02G05O  C2002 04 20.88250 12 28 07.70 -07 14 35.0          15.9 Rcf5886636
h4096K02G05O  C2002 04 20.88645 12 28 07.29 -07 14 40.7          16.2 Rcf5886636
h4096K02G05O  C2002 04 20.94608 12 28 01.63 -07 15 59.2          16.0   f5886939
h4096K02G05O  C2002 04 20.96244 12 28 00.08 -07 16 21.6          16.0   f5886939
h4096K02G05O  C2002 04 20.97791 12 27 58.61 -07 16 43.0          16.0   f5886939
h4096K02G05O  C2002 04 21.23243 12 27 37.97 -07 22 28.9                cf5886670
h4096K02G05O  C2002 04 21.34811 12 27 27.08 -07 25 02.5                cf5886670
h4096K02G05O  C2002 04 21.86874 12 26 47.67 -07 36 18.0          16.2 Rcf5886587
h4096K02G05O  C2002 04 21.86950 12 26 47.62 -07 36 19.6          15.8 Rcf5886587
h4096K02G05O  C2002 04 21.87028 12 26 47.55 -07 36 20.2          16.3 Rcf5886587
h4096K02G05O  C2002 04 21.87104 12 26 47.51 -07 36 21.8          15.9 Rcf5886587
h4096K02G05O  C2002 04 21.87182 12 26 47.45 -07 36 22.4          16.1 Rcf5886587
h4096K02G05O  C2002 04 21.89810 12 26 45.17 -07 36 57.1                mf5886611
h4096K02G05O  C2002 04 21.90139 12 26 44.84 -07 37 00.8                mf5886611
h4096K02G05O  C2002 04 22.20059 12 26 23.36 -07 43 01.0          17.7  cf5886704
h4096K02G05O  C2002 04 22.20071 12 26 23.36 -07 43 01.2          16.2  cf5886704
h4096K02G05O  C2002 04 22.21371 12 26 22.25 -07 43 16.7          17.7  cf5886704
h4096K02G05O  C2002 04 22.21384 12 26 22.31 -07 43 16.7          16.8  cf5886704
h4096K02G05O  C2002 04 22.22817 12 26 21.08 -07 43 34.2          17.4  cf5886704
h4096K02G05O  C2002 04 22.22829 12 26 21.06 -07 43 34.5          16.6  cf5886704
h4096K02G05O  C2002 04 22.24157 12 26 19.96 -07 43 50.1          17.0  cf5886704
h4096K02G05O  C2002 04 22.24169 12 26 19.95 -07 43 50.6          16.2  cf5886704
h4096K02G05O  C2002 04 22.25481 12 26 18.85 -07 44 05.8          17.1  cf5886704
h4096K02G05O  C2002 04 22.25493 12 26 18.84 -07 44 06.9          16.2  cf5886704
h4096K02G05O  C2002 04 22.49813 12 26 02.50 -07 48 17.1                 f5886423
h4096K02G05O  C2002 04 22.53699 12 25 59.34 -07 49 04.4                 f5886423
h4096K02G05O 1C2002 04 22.57862 12 25 56.10 -07 49 53.4                mf5886413
h4096K02G05O 1C2002 04 22.57975 12 25 56.01 -07 49 54.5                mf5886413
h4096K02G05O 1C2002 04 22.58088 12 25 55.92 -07 49 56.0                mf5886413
h4096K02G05O  C2002 04 22.86179 12 25 39.23 -07 55 53.2          16.0 Rcf5886938
h4096K02G05O  C2002 04 22.93656 12 25 33.61 -07 57 16.6          16.2 Rcf5886938
h4096K02G05O  C2002 04 23.18267 12 25 18.92 -08 01 45.5                cf5886670
h4096K02G05O  C2002 04 23.22640 12 25 15.82 -08 02 33.4                cf5886670
h4096K02G05O  C2002 04 23.28050 12 25 11.95 -08 03 32.0                cf5886670
h4096K02G05O  C2002 04 23.49337 12 24 59.73 -08 06 44.9                 f5886423
h4096K02G05O  C2002 04 23.49892 12 24 59.38 -08 06 49.1                 f5886423
h4096K02G05O  C2002 04 23.52113 12 24 57.84 -08 07 13.0                 f5886423
h4096K02G05O  C2002 04 30.21542 12 21 10.13 -09 36 13.5          17.3  cf5093644
h4096K02G05O  C2002 04 30.23690 12 21 09.62 -09 36 26.5          17.1  cf5093644
h4096K02G05O  C2002 04 30.25790 12 21 09.14 -09 36 38.9          17.3  cf5093644
h4096K02G05O  C2002 04 30.90166 12 21 00.17 -09 43 03.2                cf5093246
h4096K02G05O  C2002 04 30.90291 12 21 00.08 -09 43 03.8                cf5093246
h4096K02G05O  C2002 04 30.90406 12 21 00.08 -09 43 04.5                cf5093246
h4096K02G05O  C2002 04 30.90542 12 21 00.08 -09 43 05.2                cf5093246
h4096K02G05O  C2002 04 30.90701 12 21 00.02 -09 43 06.4                cf5093246
h4096K02G05O  C2002 04 30.90832 12 21 00.01 -09 43 07.1                cf5093246
h4096K02G05O 1C2002 05 01.59034 12 20 51.90 -09 49 06.8                mf5093413
h4096K02G05O 1C2002 05 01.59148 12 20 51.89 -09 49 07.5                mf5093413
h4096K02G05O 1C2002 05 01.59263 12 20 51.88 -09 49 08.0                mf5093413
h4096K02G05O  C2002 05 03.11449 12 20 42.21 -10 02 56.9          19.8 Rcf5093927
h4096K02G05O  C2002 05 03.14965 12 20 41.82 -10 03 18.0          17.4 Rcf5093927
h4096K02G05O  C2002 05 03.18128 12 20 41.41 -10 03 33.2          17.8 Rcf5093927
h4096K02G05O  C2002 05 03.18469 12 20 42.05 -10 03 33.1                cf5093670
h4096K02G05O  C2002 05 03.30789 12 20 40.78 -10 04 36.4                cf5093670
h4096K02G05O  C2002 05 03.89498 12 20 39.60 -10 09 29.5          16.5 Rcf5093118
h4096K02G05O  C2002 05 03.90419 12 20 39.88 -10 09 31.1          17.6 Rcf5093938
h4096K02G05O  C2002 05 03.91238 12 20 39.46 -10 09 37.0                cf5093118
h4096K02G05O  C2002 05 03.95083 12 20 39.51 -10 09 54.3          17.9 Rcf5093938
h4096K02G05O  C2002 05 05.09454 12 20 40.28 -10 18 50.4          17.7 Rdf5093452
h4096K02G05O  C2002 05 05.10549 12 20 40.33 -10 18 54.7          17.5 Rdf5093452
h4096K02G05O  C2002 05 05.13346 12 20 40.18 -10 19 07.6          17.5 Rdf5093452
h4096K02G05O  C2002 05 08.20771 12 21 00.42 -10 41 05.7          17.9  cf5093704
h4096K02G05O  C2002 05 08.21998 12 21 00.52 -10 41 10.7          18.3  cf5093704
h4096K02G05O  C2002 05 08.23209 12 21 00.60 -10 41 15.8          18.2  cf5093704
h4096K02G05O  C2002 05 08.24404 12 21 00.59 -10 41 20.6          18.7  cf5093704
h4096K02G05O  C2002 05 08.25666 12 21 00.70 -10 41 26.5          18.3  cf5093704
h4096K02G05O  C2002 05 08.44611 12 21 03.25 -10 42 23.6          18.3  mf5093422
h4096K02G05O  C2002 05 08.49266 12 21 03.51 -10 42 44.3          19.0 Rmf5093428
h4096K02G05O  C2002 05 08.52624 12 21 03.68 -10 42 57.3          19.4 Rmf5093428
h4096K02G05O  C2002 05 11.15479 12 21 42.31 -10 59 54.1          17.9  cf5093704
h4096K02G05O  C2002 05 11.17057 12 21 42.47 -11 00 00.1          18.4  cf5093704
h4096K02G05O  C2002 05 11.18544 12 21 42.66 -11 00 04.8          18.7  cf5093704
h4096K02G05O  C2002 05 11.21702 12 21 43.07 -11 00 16.2          18.5  cf5093704
h4096K02G05O  C2002 05 12.27968 12 22 02.84 -11 06 40.1          17.3 Rcf5093671
h4096K02G05O  C2002 05 12.29839 12 22 03.08 -11 06 46.8                cf5093671
h4096K02G05O  C2002 05 21.14367 12 26 06.91 -11 55 09.7          18.1 Rcf7371649
h4096K02G05O  C2002 05 21.16348 12 26 07.43 -11 55 15.0          17.8 Rcf7371649
h4096K02G05O  C2002 05 21.19623 12 26 08.42 -11 55 24.7          17.6 Rcf7371649
h4096K02G05O  C2002 06 17.16698 12 47 35.16 -14 13 21.7                cf7371715
h4096K02G05O  C2002 06 17.17003 12 47 35.32 -14 13 22.9                cf7371715
h4096K02G05O  C2002 06 17.17384 12 47 35.55 -14 13 24.5                cf7371715
h4096K02G05O  C2004 07 22.79138 01 53 22.60 -13 13 48.8          19.8 Rrl0736E12
h4096K02G05O  C2004 07 22.80288 01 53 26.17 -13 13 34.6          19.2 Rrl0736E12
h4096K02G05O  C2004 07 22.81436 01 53 29.57 -13 13 21.7          19.3 Rrl0736E12
h4096K02G05O  C2004 07 22.82589 01 53 33.02 -13 13 09.3          18.9 Rrl0736E12
h4096K02G05O  C2004 08 07.41302 03 39 47.85 -05 19 20.1          18.7 Rrl0823715
h4096K02G05O  C2004 08 07.41739 03 39 50.19 -05 19 08.5          19.0 Rrl0823715
h4096K02G05O  C2004 08 07.42175 03 39 52.50 -05 18 56.0          18.3 Rrl0823715
h4096K02G05O  C2004 08 07.42611 03 39 54.85 -05 18 45.1          19.5 Rrl0823715
h4096K02G05O KC2015 04 17.12738 05 50 11.46 +33 20 40.5          19.1 Ro~1Q3C291
h4096K02G05O KC2015 04 17.12828 05 50 12.32 +33 20 39.7          19.2 Ro~1Q3C291
h4096K02G05O KC2015 04 17.12917 05 50 13.19 +33 20 38.6                o~1Q3C291
h4096K02G05O  C2015 04 18.12329 06 06 41.84 +32 56 03.2          19.1 Ro~1Qcw926
h4096K02G05O  C2015 04 18.12621 06 06 44.67 +32 55 58.7          19.2 Ro~1Qcw926
h4096K02G05O  C2015 04 18.12910 06 06 47.59 +32 55 52.9          19.0 Ro~1Qcw926
h4096K02G05O KC2015 04 20.82363 06 51 16.74 +31 05 54.4          18.4 Rt~1Qcw130
h4096K02G05O KC2015 04 20.82603 06 51 19.11 +31 05 46.9          18.8 Rt~1Qcw130
h4096K02G05O KC2015 04 20.82856 06 51 21.54 +31 05 39.6          18.4 Rt~1Qcw130
h4096K02G05O  C2015 04 21.16912 06 56 51.16 +30 47 40.1          19.5 Ro~1Qcw926
h4096K02G05O  C2015 04 21.17204 06 56 53.95 +30 47 30.9          19.6 Ro~1Qcw926
h4096K02G05O  C2015 04 21.17496 06 56 56.77 +30 47 21.5          19.6 Ro~1Qcw926
h4096K02G05O  C2015 04 29.13160 08 45 57.75 +21 17 31.9          17.9 Vq~1RHO703
h4096K02G05O  C2015 04 29.13563 08 46 00.38 +21 17 13.3          18.6 Vq~1RHO703
h4096K02G05O  C2015 04 29.13967 08 46 03.01 +21 16 54.8          18.3 Vq~1RHO703
h4096K02G05O  C2015 04 29.14370 08 46 05.68 +21 16 35.0          18.6 Vq~1RHO703
h4096K02G05O KC2015 05 01.07675909 06 01.58 +18 49 03.9          18.5 Vu~1ReAH21
h4096K02G05O KC2015 05 01.07893709 06 02.81 +18 48 54.1          18.6 Vu~1ReAH21
h4096K02G05O KC2015 05 01.08111609 06 04.07 +18 48 44.6          18.4 Vu~1ReAH21
h4096K02G05O KC2015 05 01.08328909 06 05.32 +18 48 34.6          18.3 Vu~1ReAH21
h4096K02G05O KC2015 05 01.08552209 06 06.60 +18 48 24.6          18.7 Vu~1ReAH21
h4096K02G05O KC2015 05 01.08782409 06 07.95 +18 48 14.7          18.7 Vu~1ReAH21
h4096K02G05O  S2015 05 03.86670 09 30 47.95 +15 29 22.1          19   RL~1ReAC51
h4096K02G05O  s2015 05 03.86670 1 - 4781.4551 + 4526.6685 + 1968.2350   ~1ReAC51
h4096K02G05O  S2015 05 03.93241 09 31 19.89 +15 24 53.5                L~1ReAC51
h4096K02G05O  s2015 05 03.93241 1 - 4772.7844 + 4516.6889 + 2011.4420   ~1ReAC51
h4096K02G05O  S2015 05 03.99799 09 31 51.65 +15 20 25.7                L~1ReAC51
h4096K02G05O  s2015 05 03.99799 1 - 4789.5901 + 4514.9562 + 1975.2347   ~1ReAC51
h4096K02G05O  S2015 05 04.06356 09 32 23.16 +15 15 59.1                L~1ReAC51
h4096K02G05O  s2015 05 04.06356 1 - 4806.2394 + 4513.0474 + 1938.9883   ~1ReAC51
h4096K02G05O KC2015 05 04.12806309 32 53.27 +15 11 28.3          18.4 Vu~1ReAH21
h4096K02G05O  S2015 05 04.12927 09 32 54.77 +15 11 31.1                L~1ReAC51
h4096K02G05O  s2015 05 04.12927 1 - 4797.6748 + 4503.2199 + 1982.2824   ~1ReAC51
h4096K02G05O KC2015 05 04.13221509 32 55.26 +15 11 11.3          18.6 Vu~1ReAH21
h4096K02G05O KC2015 05 04.13628809 32 57.18 +15 10 55.1          18.4 Vu~1ReAH21
h4096K02G05O  S2015 05 04.19485 09 33 26.10 +15 07 06.6                L~1ReAC51
h4096K02G05O  s2015 05 04.19485 1 - 4814.3452 + 4501.3013 + 1946.0531   ~1ReAC51
h4096K02G05O  C2015 05 06.15193 09 48 04.19 +13 00 19.2          19.6 Ro~1ReAG48
h4096K02G05O  C2015 05 06.15251 09 48 04.43 +13 00 17.7          19.3 Ro~1ReAG48
h4096K02G05O  C2015 05 06.15367 09 48 04.91 +13 00 12.7          19.1 Ro~1ReAG48
h4096K02G05O  C2015 05 06.15425 09 48 05.14 +13 00 10.3          19.6 Ro~1ReAG48
h4096K02G05O  C2015 05 10.15347 10 13 11.15 +09 13 07.2          18.7 Vq~1S6m703
h4096K02G05O  C2015 05 10.15750 10 13 12.44 +09 12 54.9          18.7 Vq~1S6m703
h4096K02G05O  C2015 05 10.16153 10 13 13.78 +09 12 41.6          19.0 Vq~1S6m703
h4096K02G05O  C2015 05 10.16556 10 13 15.14 +09 12 30.4                q~1S6m703
h4096K02G05O  C2015 05 10.76630 10 16 33.50 +08 42 13.5          18.9 wo~1S6mK95
h4096K02G05O  C2015 05 10.77421 10 16 36.03 +08 41 48.4          19.2 wo~1S6mK95
h4096K02G05O  C2015 05 10.78119 10 16 38.27 +08 41 27.5          19.2 wo~1S6mK95
