     K02T59Z* C2002 10 04.25105 23 25 45.79 +01 43 43.3          19.5  cg3945704
     K02T59Z  C2002 10 04.26670 23 25 44.34 +01 44 57.9          19.6  cg3945704
     K02T59Z  C2002 10 04.28250 23 25 42.82 +01 46 10.6          20.1  cg3945704
     K02T59Z  C2002 10 04.29816 23 25 41.48 +01 47 23.5          19.7  cg3945704
     K02T59Z  C2002 10 04.92545 23 25 05.64 +02 31 11.3          18.5 Rcg3945246
     K02T59Z  C2002 10 04.92683 23 25 05.63 +02 31 18.1                cg3945246
     K02T59Z  C2002 10 04.92755 23 25 05.63 +02 31 20.3                cg3945246
     K02T59Z  C2002 10 04.92816 23 25 05.55 +02 31 23.1                cg3945246
     K02T59Z  C2002 10 04.92882 23 25 05.54 +02 31 25.9                cg3945246
     K02T59Z  C2002 10 04.93870 23 25 04.76 +02 32 04.4                cg3945246
     K02T59Z  C2002 10 04.93939 23 25 04.76 +02 32 05.7                cg3945246
     K02T59Z  C2002 10 04.94082 23 25 04.57 +02 32 11.5                cg3945246
     K02T59Z  C2002 10 04.94154 23 25 04.53 +02 32 13.6                cg3945246
     K02T59Z  C2002 10 05.12709 23 24 57.63 +02 43 56.2          20.3 Rcg3945649
     K02T59Z  C2002 10 05.13093 23 24 57.37 +02 44 10.5          19.6 Rcg3945649
     K02T59Z  C2002 10 05.13477 23 24 57.07 +02 44 24.6          20.3 Rcg3945649
     K02T59Z  C2002 10 05.16772 23 24 55.61 +02 46 28.1          19.9  cg3945704
     K02T59Z  C2002 10 05.18354 23 24 54.57 +02 47 26.2          20.4  cg3945704
     K02T59Z  C2002 10 05.19910 23 24 53.42 +02 48 20.6          20.3  cg3945704
     K02T59Z  C2002 10 05.21473 23 24 52.11 +02 49 17.0          20.0  cg3945704
     K02T59Z  C2002 10 06.25288 23 24 09.64 +03 43 08.6          20.1 Rcg3945651
     K02T59Z  C2002 10 06.25546 23 24 09.46 +03 43 17.5          19.9 Rcg3945651
     K02T59Z .C2002 10 07.83845 23 23 30.68 +04 43 54.7                o~0b1g950
     K02T59Z .C2002 10 07.84262 23 23 30.54 +04 44 02.8                o~0b1g950
     K02T59Z .C2002 10 07.84479 23 23 30.47 +04 44 07.3                o~0b1g950
     K02T59Z .C2002 10 07.84826 23 23 30.37 +04 44 13.8                o~0b1g950
     K02T59Z 3C2002 10 07.84980 23 23 30.33 +04 44 16.5          20.3  cg3945950
     K02T59Z 3C2002 10 07.85098 23 23 30.29 +04 44 18.8                cg3945950
     K02T59Z 3C2002 10 07.85216 23 23 30.25 +04 44 21.2                cg3945950
     K02T59Z  C2002 10 08.86253 23 23 12.25 +05 13 35.4                dg3945540
     K02T59Z IC2002 10 08.88765 23 23 11.52 +05 14 16.6          20.5 Rdg3945540
