     K02S41Q* C2002 09 29.41434 01 45 02.84 -19 29 40.2          20.5  cg3756608
     K02S41Q  C2002 09 29.42497 01 45 01.29 -19 29 52.2          20.8  cg3756608
     K02S41Q  C2002 09 29.43608 01 44 59.61 -19 30 06.2          20.7  cg3756608
     K02S41Q  C2002 09 30.16657 01 43 14.54 -19 45 05.7          18.6 Rcg3756649
     K02S41Q  C2002 09 30.17721 01 43 12.77 -19 45 22.3          19.9 Rcg3756649
     K02S41Q  C2002 09 30.18835 01 43 11.03 -19 45 33.0          18.6 Rcg3756649
     K02S41Q 4C2002 09 30.24919 01 43 01.73 -19 46 48.2                 g3756673
     K02S41Q 4C2002 09 30.25359 01 43 01.01 -19 46 54.0                 g3756673
     K02S41Q 4C2002 09 30.25764 01 43 00.37 -19 46 59.0                 g3756673
     K02S41Q  C2002 09 30.26317 01 42 59.48 -19 47 07.1          19.9 Rcg3756651
     K02S41Q  C2002 09 30.26587 01 42 59.03 -19 47 10.8          19.8 Rcg3756651
     K02S41Q  C2002 09 30.26866 01 42 58.65 -19 47 14.4          19.9 Rcg3756651
     K02S41Q  C2002 09 30.27215 01 42 58.12 -19 47 18.9          19.9 Rcg3756651
     K02S41Q 7C2002 09 30.32408 01 42 49.60 -19 48 25.9                cg3756696
     K02S41Q 7C2002 09 30.32598 01 42 49.29 -19 48 28.0                cg3756696
     K02S41Q  C2002 09 30.40762 01 42 37.18 -19 50 07.7          19.1 Rcl0825608
     K02S41Q  C2002 09 30.41845 01 42 35.34 -19 50 21.6          18.7 Rcl0825608
     K02S41Q  C2002 09 30.42892 01 42 33.58 -19 50 34.6          18.6 Rcl0825608
     K02S41Q  C2002 10 01.02272 01 40 57.23 -20 03 32.6          19.2 Vdg3756557
     K02S41Q  C2002 10 01.02493 01 40 56.86 -20 03 35.6                dg3756557
     K02S41Q 4C2002 10 01.26944 01 40 16.59 -20 08 55.3                 g3756673
     K02S41Q 4C2002 10 01.27245 01 40 16.05 -20 08 59.6                 g3756673
     K02S41Q 4C2002 10 01.27465 01 40 15.65 -20 09 02.4                 g3756673
     K02S41Q  C2002 10 01.52674 01 39 30.22 -20 14 42.3          18.2 Rcl0825608
     K02S41Q  C2002 10 01.53728 01 39 28.22 -20 14 55.7          18.3 Rcl0825608
     K02S41Q  C2002 10 01.54781 01 39 26.27 -20 15 09.3          18.6 Rcl0825608
     K02S41Q  C2002 10 01.98942 01 38 06.81 -20 25 29.7                cg3756246
     K02S41Q  C2002 10 01.99041 01 38 06.64 -20 25 31.3                cg3756246
     K02S41Q  C2002 10 01.99140 01 38 06.40 -20 25 32.2                cg3756246
     K02S41Q  C2002 10 01.99221 01 38 06.19 -20 25 33.9                cg3756246
     K02S41Q  C2002 10 01.99317 01 38 06.07 -20 25 35.0                cg3756246
     K02S41Q  C2002 10 01.99406 01 38 05.87 -20 25 36.3                cg3756246
     K02S41Q  C2002 10 02.51646 01 36 26.12 -20 37 26.1          18.6 Reg3756422
     K02S41Q  C2002 10 02.51839 01 36 25.71 -20 37 28.6          18.8 Reg3756422
     K02S41Q  C2002 10 02.52138 01 36 25.13 -20 37 32.9          18.8 Reg3756422
     K02S41Q  C2002 10 02.53727 01 36 20.03 -20 38 23.8          19.3 Rcl0825608
     K02S41Q  C2002 10 02.54833 01 36 17.67 -20 38 38.5          19.2 Rcl0825608
     K02S41Q  C2002 10 02.55918 01 36 15.40 -20 38 54.9          19.3 Rcl0825608
     K02S41Q  C2002 10 05.55162 01 24 11.82 -21 58 57.4          17.8 Rcg3756474
     K02S41Q  C2002 10 05.55302 01 24 11.41 -21 59 00.0          17.7 Rcg3756474
     K02S41Q  C2002 10 05.55557 01 24 10.65 -21 59 04.6          18.1 Rcg3756474
     K02S41Q  C2002 10 06.55310 01 18 59.71 -22 29 59.5          16.8 Rcg3756474
     K02S41Q tC2002 10 06.55440 01 18 59.25 -22 30 02.0          17.4 Rcg3756474
     K02S41Q  C2002 10 06.55694 01 18 58.38 -22 30 07.0          16.9 Rcg3756474
     K02S41Q  C2002 10 06.56505 01 18 55.59 -22 30 22.4          17.1 Rcg3756474
     K02S41Q  C2002 10 07.27575 01 14 46.85 -22 54 43.5          17.6 Rcg3756649
     K02S41Q  C2002 10 07.27833 01 14 45.86 -22 54 48.7          17.3 Rcg3756649
     K02S41Q  C2002 10 07.28088 01 14 44.89 -22 54 53.7          17.3 Rcg3756649
     K02S41Q  C2002 10 07.34191 01 14 22.25 -22 56 56.4          18.0  cg3756644
     K02S41Q  C2002 10 07.36296 01 14 14.12 -22 57 39.6          18.1  cg3756644
     K02S41Q  C2002 10 07.38428 01 14 05.80 -22 58 23.4          18.1  cg3756644
     K02S41Q  C2002 10 07.44065 01 13 46.70 -22 59 29.8          17.4 Rcg3756474
     K02S41Q IC2002 10 07.44352 01 13 45.58 -22 59 36.2          17.0 Rcg3756474
     K02S41Q  C2002 10 10.28628 00 51 32.74 -24 49 55.5          17.2 Rcg3756649
     K02S41Q  C2002 10 10.28733 00 51 32.12 -24 49 58.3          17.3 Rcg3756649
     K02S41Q  C2002 10 10.28867 00 51 31.32 -24 50 01.5          17.3 Rcg3756649
     K02S41Q  C2002 10 11.26633 00 41 17.90 -25 33 15.2          17.4 Rcg3756649
     K02S41Q  C2002 10 11.26755 00 41 17.07 -25 33 18.3          17.4 Rcg3756649
     K02S41Q  C2002 10 11.26878 00 41 16.21 -25 33 21.8          17.2 Rcg3756649
     K02S41Q  C2002 10 12.16503 00 30 15.91 -26 14 32.1          18.1 Rcg3756860
     K02S41Q  C2002 10 12.16677 00 30 14.80 -26 14 36.7          17.7 Rcg3756860
     K02S41Q  C2002 10 12.93843 00 19 19.20 -26 53 01.0          17.4 Rdg3756176
     K02S41Q  C2002 10 12.94123 00 19 16.56 -26 53 09.3          17.2 Rdg3756176
     K02S41Q  C2002 10 12.94404 00 19 13.92 -26 53 17.6          17.5 Rdg3756176
     K02S41Q  C2002 10 12.94674 00 19 11.38 -26 53 25.6          17.4 Rdg3756176
     K02S41Q  C2002 10 13.26587 00 14 09.94 -27 09 10.8          17.6 Rcg3756649
     K02S41Q  C2002 10 13.26769 00 14 08.12 -27 09 15.8          17.1 Rcg3756649
     K02S41Q  C2002 10 13.26924 00 14 06.58 -27 09 20.8          17.0 Rcg3756649
     K02S41Q  C2002 10 16.19975 23 10 56.28 -29 20 07.4          16.5 Rcg3756649
     K02S41Q  C2002 10 16.20034 23 10 55.33 -29 20 08.5          16.5 Rcg3756649
     K02S41Q  C2002 10 16.20151 23 10 53.24 -29 20 11.1          15.9 Rcg3756649
     K02S41Q 1C2002 10 16.38653223 05 41.05 -29 24 12.0          17.0 Reg3756413
     K02S41Q 1C2002 10 16.38770823 05 38.95 -29 24 14.1                eg3756413
     K02S41Q 1C2002 10 16.38888523 05 36.90 -29 24 16.2                eg3756413
     K02S41Q 1C2002 10 18.45640221 54 16.04 -29 18 26.0                eg3756413
     K02S41Q 1C2002 10 18.45758421 54 13.18 -29 18 22.6                eg3756413
     K02S41Q 1C2002 10 18.45877221 54 10.30 -29 18 19.5          17.1 Reg3756413
     K02S41Q 1C2002 10 20.45806020 29 00.56 -25 58 37.4                eg3756413
     K02S41Q 1C2002 10 20.45925520 28 57.42 -25 58 26.4                eg3756413
     K02S41Q 1C2002 10 20.46044020 28 54.29 -25 58 14.9          17.3 Reg3756413
     K02S41Q  C2002 10 21.06182 20 02 59.17 -24 16 53.7          17.4 Rcg3756649
     K02S41Q  C2002 10 21.06293 20 02 56.31 -24 16 41.0          17.2 Rcg3756649
     K02S41Q  C2002 10 21.06403 20 02 53.45 -24 16 28.7          17.1 Rcg3756649
