     K02E07M* C2002 03 12.30675 10 25 28.14 +05 19 11.9          18.2  cf2816704
     K02E07M  C2002 03 12.32550 10 25 19.25 +05 19 52.2          18.3  cf2816704
     K02E07M  C2002 03 12.34443 10 25 10.52 +05 20 33.6          17.6  cf2816704
     K02E07M  C2002 03 12.36305 10 25 02.08 +05 21 12.6          17.9  cf2816704
     K02E07M  C2002 03 12.38154 10 24 53.94 +05 21 50.8          17.5  cf2816704
     K02E07M  C2002 03 13.19943 10 21 11.69 +05 46 55.9          18.1  cf2816704
     K02E07M  C2002 03 13.21292 10 21 07.03 +05 47 17.5          18.2  cf2816704
     K02E07M  C2002 03 13.22643 10 21 02.39 +05 47 38.6          18.3  cf2816704
     K02E07M  C2002 03 13.24000 10 20 57.74 +05 47 59.6          18.1  cf2816704
     K02E07M  C2002 03 13.30858 10 20 37.29 +05 49 43.2          17.9  cf2816644
     K02E07M  C2002 03 13.32975 10 20 30.30 +05 50 13.5          17.8  cf2816644
     K02E07M  C2002 03 13.35222 10 20 23.01 +05 50 45.0          17.8  cf2816644
     K02E07M  C2002 03 13.84155 10 18 51.18 +06 00 47.2          18.5  cf2816106
     K02E07M  C2002 03 13.84528 10 18 49.39 +06 00 44.0                cf2816118
     K02E07M  C2002 03 13.84632 10 18 49.14 +06 00 46.2                cf2816118
     K02E07M  C2002 03 13.84846 10 18 49.13 +06 00 46.0                cf2816246
     K02E07M  C2002 03 13.84948 10 18 48.87 +06 00 47.0                cf2816246
     K02E07M  C2002 03 13.84985 10 18 48.18 +06 00 49.5                cf2816118
     K02E07M  C2002 03 13.85044 10 18 48.60 +06 00 48.4                cf2816246
     K02E07M  C2002 03 13.85087 10 18 47.88 +06 00 51.2          17.7 Rcf2816118
     K02E07M  C2002 03 13.85133 10 18 48.33 +06 00 49.8                cf2816246
     K02E07M  C2002 03 13.85230 10 18 48.13 +06 00 50.9                cf2816246
     K02E07M  C2002 03 13.85338 10 18 47.84 +06 00 52.1                cf2816246
     K02E07M  C2002 03 13.86092 10 18 46.10 +06 01 11.6          18.0  cf2816106
     K02E07M  C2002 03 13.87972 10 18 41.11 +06 01 34.9          18.2  cf2816106
     K02E07M  C2002 03 13.88838 10 18 38.57 +06 01 32.0                df2816557
     K02E07M  C2002 03 13.89332 10 18 37.27 +06 01 38.6                df2816557
     K02E07M  C2002 03 13.89352 10 18 38.51 +06 01 46.4          16.6 V f2816151
     K02E07M  C2002 03 13.89471 10 18 38.16 +06 01 47.1          18.4 V f2816151
     K02E07M  C2002 03 13.89799 10 18 36.07 +06 01 43.8                df2816557
     K02E07M  C2002 03 13.89950 10 18 36.98 +06 01 52.4          18.1 V f2816151
     K02E07M  C2002 03 13.90243 10 18 36.13 +06 01 57.1          18.3 V f2816151
     K02E07M  C2002 03 13.90252 10 18 34.91 +06 01 49.4                df2816557
     K02E07M  C2002 03 13.92141 10 18 33.21 +06 02 03.5          17.8 Rcf2816966
     K02E07M  C2002 03 13.92344 10 18 32.69 +06 02 05.6          17.8 Rcf2816966
     K02E07M  C2002 03 13.92548 10 18 32.20 +06 02 08.4          17.7 Rcf2816966
     K02E07M  C2002 03 13.92752 10 18 31.65 +06 02 10.7          17.6 Rcf2816966
     K02E07M  C2002 03 14.24786 10 17 30.11 +06 08 54.7          18.1 Rcf2816649
     K02E07M  C2002 03 14.24986 10 17 29.61 +06 08 56.6          18.1 Rcf2816649
     K02E07M  C2002 03 14.25181 10 17 29.12 +06 08 58.5          18.1 Rcf2816649
     K02E07M  C2002 03 14.29469 10 17 21.85 +06 10 09.9          19.4 Rcf2816926
     K02E07M  C2002 03 14.29676 10 17 21.45 +06 10 11.8          18.5 Rcf2816926
     K02E07M  C2002 03 14.30012 10 17 20.53 +06 10 15.2          19.0 Rcf2816926
     K02E07M  C2002 03 14.80281 10 16 13.43 +06 17 17.9                cf2816118
     K02E07M  C2002 03 14.80487 10 16 13.03 +06 17 20.5                cf2816118
     K02E07M  C2002 03 14.80782 10 16 12.51 +06 17 23.3                cf2816118
     K02E07M  C2002 03 14.80925 10 16 12.19 +06 17 24.4                cf2816118
     K02E07M  C2002 03 15.17997 10 15 22.89 +06 23 19.4          19.6  cf2816704
     K02E07M  C2002 03 15.19375 10 15 20.04 +06 23 31.5          20.1  cf2816704
     K02E07M  C2002 03 15.20728 10 15 17.58 +06 23 41.2          19.6  cf2816704
     K02E07M  C2002 03 15.22065 10 15 14.96 +06 23 51.8          19.5  cf2816704
     K02E07M  C2002 03 15.23408 10 15 12.34 +06 24 02.3          19.3  cf2816704
     K02E07M  C2002 03 16.19376 10 13 33.58 +06 34 52.6          18.0 Rcf2816715
     K02E07M  C2002 03 16.19735 10 13 33.00 +06 34 56.1          19.1 Rcf2816715
     K02E07M  C2002 03 16.20093 10 13 32.46 +06 34 58.0          19.4 Rcf2816715
     K02E07M FC2002 03 17.45059 10 11 58.58 +06 48 07.1          19.8 Vmf2816422
     K02E07M FC2002 03 17.45177 10 11 58.38 +06 48 07.2          19.8 Vmf2816422
     K02E07M FC2002 03 17.45424 10 11 58.13 +06 48 08.0          19.7 Vmf2816422
     K02E07M  C2002 03 17.89973 10 11 28.05 +06 47 49.5                cf2816246
     K02E07M  C2002 03 17.90175 10 11 27.80 +06 47 51.3                cf2816246
     K02E07M  C2002 03 17.90490 10 11 27.55 +06 47 52.1                cf2816246
     K02E07M  C2002 03 17.90682 10 11 27.32 +06 47 52.3                cf2816246
     K02E07M  C2002 03 18.90620 10 10 39.11 +06 53 33.3                cf2816246
     K02E07M  C2002 03 18.90825 10 10 38.84 +06 53 33.6                cf2816246
     K02E07M  C2002 03 21.15205 10 09 35.78 +07 02 40.9          20.1 Rcf2816715
     K02E07M  C2002 03 21.15565 10 09 35.58 +07 02 42.0          19.9 Rcf2816715
     K02E07M  C2002 03 21.15922 10 09 35.36 +07 02 42.8          20.2 Rcf2816715
     K02E07M 7C2002 04 06.26068 10 13 35.13 +06 57 11.5                cf5657696
     K02E07M 7C2002 04 06.26806 10 13 35.29 +06 57 11.2                cf5657696
