G3132K02C11U* C2002 02 07.46472 14 00 00.08 -05 37 05.9          19.2  cf0105704
G3132K02C11U  C2002 02 07.47986 14 00 03.82 -05 36 01.0          19.3  cf0105704
G3132K02C11U  C2002 02 07.49490 14 00 07.53 -05 34 56.6          18.8  cf0105704
G3132K02C11U  C2002 02 07.51034 14 00 11.41 -05 33 50.5          19.3  cf0105704
G3132K02C11U  C2002 02 07.52567 14 00 15.19 -05 32 44.4          19.2  cf0105704
G3132K02C11U  C2002 02 08.10510 14 02 44.91 -04 50 42.4          18.8 Rdf0105946
G3132K02C11U  C2002 02 08.10620 14 02 45.26 -04 50 36.8          18.7 Rdf0105946
G3132K02C11U  C2002 02 08.10847 14 02 45.96 -04 50 24.0          18.8 Rdf0105946
G3132K02C11U  C2002 02 08.44604 14 04 13.57 -04 25 17.7          19.1  cf0105704
G3132K02C11U  C2002 02 08.45240 14 04 15.24 -04 24 48.2          19.1  cf0105704
G3132K02C11U  C2002 02 08.46093 14 04 17.43 -04 24 10.5          19.3  cf0105704
G3132K02C11U  C2002 02 08.46683 14 04 18.96 -04 23 43.1          19.8  cf0105704
G3132K02C11U  C2002 02 08.47572 14 04 21.18 -04 23 03.9          19.2  cf0105704
G3132K02C11U  C2002 02 08.48143 14 04 22.77 -04 22 37.6          19.6  cf0105704
G3132K02C11U  C2002 02 08.48635 14 04 23.64 -04 22 17.5          18.3 Rcf0105649
G3132K02C11U  C2002 02 08.48954 14 04 24.39 -04 22 02.2          18.9 Rcf0105649
G3132K02C11U  C2002 02 08.49053 14 04 24.96 -04 21 57.5          19.0  cf0105704
G3132K02C11U  C2002 02 08.49501 14 04 25.85 -04 21 35.9          18.5 Rcf0105649
G3132K02C11U  C2002 02 08.49617 14 04 26.48 -04 21 32.0          19.3  cf0105704
G3132K02C11U  C2002 02 08.50559 14 04 28.83 -04 20 49.3          19.1  cf0105704
G3132K02C11U  C2002 02 08.51042 14 04 30.11 -04 20 26.4          19.4  cf0105704
G3132K02C11U 1C2002 02 12.76170 14 24 17.39 +01 36 26.2                mf0105413
G3132K02C11U 1C2002 02 12.76285 14 24 17.68 +01 36 33.2                mf0105413
G3132K02C11U  C2002 02 15.13937 14 36 30.86 +05 27 49.0                cf0105118
G3132K02C11U  C2002 02 15.14039 14 36 31.21 +05 27 55.4                cf0105118
G3132K02C11U  C2002 02 15.14491 14 36 32.63 +05 28 23.0                cf0105118
G3132K02C11U  C2002 02 17.01036 14 46 48.75 +08 46 04.5                cf0105118
G3132K02C11U  C2002 02 17.01235 14 46 49.43 +08 46 18.0                cf0105118
G3132K02C11U  C2002 02 17.01335 14 46 49.78 +08 46 23.7                cf0105118
G3132K02C11U  C2002 02 17.08913 14 47 15.42 +08 54 45.5          18.6 Rdf0105620
G3132K02C11U  C2002 02 17.09236 14 47 16.49 +08 55 06.2          18.9 Rdf0105620
G3132K02C11U  C2002 02 17.10323 14 47 20.18 +08 56 19.1          18.8 Rdf0105620
G3132K02C11U  C2002 02 19.07057 14 58 52.70 +12 39 01.2          18.4 Rmf0105620
G3132K02C11U  C2002 02 19.08218 14 58 56.86 +12 40 23.2          18.5 Rmf0105620
G3132K02C11U  C2002 02 19.09029 14 58 59.80 +12 41 19.9          18.3 Rmf0105620
G3132K02C11U  C2002 02 19.45098 15 01 11.39 +13 23 33.5          18.9 Vmf0105333
G3132K02C11U  C2002 02 19.45752 15 01 13.81 +13 24 20.4          18.9 Vmf0105333
G3132K02C11U 1C2002 02 19.75645 15 03 04.11 +13 59 59.2                mf0105413
G3132K02C11U 1C2002 02 19.75758 15 03 04.51 +14 00 07.5          19.0 Rmf0105413
G3132K02C11U 1C2002 02 19.75872 15 03 04.91 +14 00 15.3          18.8 Rmf0105413
G3132K02C11U  C2002 02 25.21697 15 40 01.53 +25 11 21.1                df0105620
G3132K02C11U  C2002 02 25.21823 15 40 02.02 +25 11 30.8                df0105620
G3132K02C11U  C2002 02 25.21944 15 40 02.56 +25 11 40.3                df0105620
G3132K02C11U  C2002 02 25.22375 15 40 04.45 +25 12 12.3                df0105620
G3132K02C11U  C2002 03 03.46684 16 30 31.37 +37 33 12.7          17.7 Rcf2598649
G3132K02C11U  C2002 03 03.46903 16 30 32.52 +37 33 27.4          17.7 Rcf2598649
G3132K02C11U  C2002 03 03.47122 16 30 33.62 +37 33 41.7          17.7 Rcf2598649
G3132K02C11U  C2002 03 05.43159 16 48 07.27 +40 57 50.5          18.1 Rcf2598649
G3132K02C11U  C2002 03 05.43395 16 48 08.54 +40 58 04.9          18.1 Rcf2598649
G3132K02C11U  C2002 03 05.43631 16 48 09.91 +40 58 19.4          18.1 Rcf2598649
G3132K02C11U 3C2002 03 09.13280 17 23 00.71 +46 29 35.5                 f2598950
G3132K02C11U 3C2002 03 09.13351 17 23 01.18 +46 29 38.2                 f2598950
G3132K02C11U 3C2002 03 09.13422 17 23 01.58 +46 29 42.0                 f2598950
G3132K02C11U 3C2002 03 09.13492 17 23 02.01 +46 29 45.3                 f2598950
G3132K02C11U 7C2002 03 09.46909 17 26 15.35 +46 56 04.7                cf2598696
G3132K02C11U 7C2002 03 09.47039 17 26 16.06 +46 56 10.7          18.7 Rcf2598696
G3132K02C11U  C2002 03 10.16765 17 33 02.89 +47 48 56.9                cf2598493
G3132K02C11U  C2002 03 10.17125 17 33 04.94 +47 49 13.1                cf2598493
G3132K02C11U  C2002 03 10.17365 17 33 06.36 +47 49 23.9                cf2598493
G3132K02C11U 7C2002 03 10.45267 17 35 50.05 +48 09 45.6                cf2598696
G3132K02C11U 7C2002 03 10.45383 17 35 50.70 +48 09 50.5          18.6 Rcf2598696
G3132K02C11U  C2002 03 13.36765 18 04 29.86 +51 17 01.5          18.6 Rcf2598649
G3132K02C11U  C2002 03 13.36947 18 04 30.90 +51 17 07.9          18.8 Rcf2598649
G3132K02C11U  C2002 03 13.37128 18 04 32.01 +51 17 14.3          18.7 Rcf2598649
G3132K02C11U  C2002 03 13.52396 18 06 01.65 +51 25 56.8          19.5 Rcf2598926
G3132K02C11U  C2002 03 13.52537 18 06 02.34 +51 26 00.1          19.3 Rcf2598926
G3132K02C11U  C2002 03 14.51506 18 15 46.90 +52 18 39.0          18.9 Rcf2598926
G3132K02C11U  C2002 03 14.51638 18 15 47.67 +52 18 44.9                cf2598926
G3132K02C11U  C2002 03 14.51769 18 15 48.43 +52 18 51.8          19.1 Rcf2599926
G3132K02C11U 3C2002 03 20.22070 19 10 18.84 +55 55 04.3                 f2599950
G3132K02C11U 3C2002 03 20.22189 19 10 19.32 +55 55 05.6                 f2599950
G3132K02C11U 3C2002 03 20.22428 19 10 20.67 +55 55 09.9                 f2599950
G3132K02C11U 3C2002 03 20.26298 19 10 41.63 +55 56 14.0                 f2599950
G3132K02C11U 3C2002 03 20.26417 19 10 42.30 +55 56 15.3                 f2599950
G3132K02C11U  C2002 03 22.37204 19 29 37.08 +56 44 03.5          19.0 Rcf2599649
G3132K02C11U  C2002 03 22.37515 19 29 38.67 +56 44 07.6          19.1 Rcf2599649
G3132K02C11U  C2002 03 22.37829 19 29 40.34 +56 44 11.6          18.9 Rcf2599649
G3132K02C11U  C2002 03 23.34457 19 38 02.81 +57 01 30.0          19.1 Rcf2599649
G3132K02C11U  C2002 03 23.34765 19 38 04.29 +57 01 33.1          19.0 Rcf2599649
G3132K02C11U  C2002 03 23.35075 19 38 05.91 +57 01 36.8          19.1 Rcf2599649
G3132K02C11U 3C2002 04 03.18844 20 58 02.05 +57 56 47.6                 f5346950
G3132K02C11U 3C2002 04 03.18920 20 58 02.36 +57 56 47.5                 f5346950
G3132K02C11U 3C2002 04 03.18997 20 58 02.63 +57 56 47.4                 f5346950
G3132K02C11U 3C2002 04 03.19073 20 58 02.91 +57 56 47.3                 f5346950
G3132K02C11U 3C2002 04 03.19394 20 58 04.10 +57 56 46.8                 f5346950
G3132K02C11U 3C2002 04 03.19472 20 58 04.40 +57 56 46.8                 f5346950
G3132K02C11U  C2002 04 04.06920 21 03 25.97 +57 53 22.1          19.6 Rcf5346966
G3132K02C11U  C2002 04 04.08203 21 03 30.61 +57 53 18.1          20.1 Rcf5346966
G3132K02C11U 7C2002 04 05.45357 21 11 38.38 +57 46 39.1                cf5346696
G3132K02C11U 7C2002 04 05.45606 21 11 39.22 +57 46 39.0                cf5346696
G3132K02C11U 7C2002 04 05.46887 21 11 43.59 +57 46 34.8                cf5346696
G3132K02C11U 7C2002 04 06.44710 21 17 18.64 +57 40 39.7                cf5346696
G3132K02C11U 7C2002 04 06.44988 21 17 19.79 +57 40 39.0                cf5346696
G3132K02C11U 7C2002 04 06.45541 21 17 21.66 +57 40 36.9                cf5346696
G3132K02C11U 7C2002 04 08.46036 21 28 17.65 +57 26 06.0                cf5346696
G3132K02C11U 7C2002 04 08.46289 21 28 18.56 +57 26 04.2                cf5346696
G3132K02C11U 7C2002 04 08.46982 21 28 20.58 +57 26 01.8                cf5346696
G3132K02C11U  C2002 04 22.39338 22 29 55.60 +54 41 14.5                cf4713649
G3132K02C11U  C2002 04 22.39749 22 29 56.55 +54 41 10.8                cf4713649
G3132K02C11U  C2002 04 25.38115 22 40 52.14 +53 55 20.1          20.6 R f5346649
G3132K02C11U  C2002 04 25.39465 22 40 54.93 +53 55 08.5          20.3 R f5346649
G3132K02C11U IC2002 04 28.39318 22 51 23.57 +53 06 07.3                cf4713649
G3132K02C11U  C2002 05 14.39481 23 42 17.10 +47 59 59.4          20.5 Rcf4713649
G3132K02C11U  C2002 05 14.39896 23 42 17.89 +47 59 54.7          20.0 Rcf4713649
G3132K02C11U 7C2002 06 07.45238 00 55 10.53 +37 56 29.7                cf7286696
G3132K02C11U 7C2002 06 07.45445 00 55 10.91 +37 56 26.1                cf7286696
G3132K02C11U  C2002 06 19.38508 01 32 31.23 +31 41 59.0          19.5 Rcf7286649
G3132K02C11U  C2002 06 19.39022 01 32 32.21 +31 41 48.6          19.7 Rcf7286649
G3132K02C11U  C2002 06 19.39536 01 32 33.17 +31 41 38.4          20.1 Rcf7286649
G3132K02C11U  C2002 08 09.41493 04 15 49.72 -06 52 19.3          20.2 Rcf9879649
G3132K02C11U  C2002 08 09.41974 04 15 50.62 -06 52 34.6          19.9 Rcf9879649
G3132K02C11U  C2002 08 09.42551 04 15 51.66 -06 52 53.2          20.0 Rcf9879649
G3132K02C11U 1C2003 01 11.53614 04 17 38.70 -54 55 19.5          21.3 Reh1598413
G3132K02C11U 1C2003 01 11.56098 04 17 37.69 -54 54 35.4          21.4 Reh1598413
G3132K02C11U 1C2003 01 30.61013 04 16 47.51 -44 23 43.2                eh6133413
G3132K02C11U 1C2005 12 25.70615 11 14 49.85 -30 46 16.6          20.8 Rrp6508413
G3132K02C11U 1C2005 12 25.71930 11 14 50.93 -30 46 17.8          20.7 Rrp6508413
G3132K02C11U  C2006 01 30.43653 12 00 25.08 -24 51 47.5          18.5 Rcq1705711
G3132K02C11U  C2006 01 30.44166 12 00 25.38 -24 51 38.2          18.6 Rcq1705711
G3132K02C11U  C2006 01 30.44678 12 00 25.69 -24 51 27.9          18.9 Rcq1705711
G3132K02C11U  C2006 01 30.73209 12 00 44.46 -24 41 53.3          19.0 Vrq1705E12
G3132K02C11U  C2006 01 30.74149 12 00 44.96 -24 41 34.0          19.1 Vrq1705E12
G3132K02C11U  C2006 01 30.75089 12 00 45.61 -24 41 15.2          19.0 Vrq1705E12
G3132K02C11U  C2006 01 30.76026 12 00 46.08 -24 40 57.9          18.4 Vrq1705E12
G3132K02C11U  C2006 02 11.41969 12 12 50.30 -14 32 02.0          18.0  cq3232704
G3132K02C11U  C2006 02 11.43263 12 12 50.95 -14 31 02.4          18.1  cq3232704
G3132K02C11U  C2006 02 11.44537 12 12 51.68 -14 30 02.8          18.1  cq3232704
G3132K02C11U  C2006 02 11.47084 12 12 52.96 -14 28 02.9          18.2  cq3232704
G3132K02C11U  C2006 02 20.39385 12 21 28.85 +01 54 49.8                cq3709691
G3132K02C11U  C2006 02 20.41116 12 21 29.64 +01 57 24.0                cq3709691
G3132K02C11U  C2006 02 20.42844 12 21 30.43 +01 59 58.0                cq3709691
G3132K02C11U  C2006 02 20.92494 12 22 00.11 +03 14 49.1          17.1 Vrq3709A13
G3132K02C11U  C2006 02 20.92883 12 22 00.31 +03 15 24.7          17.0 Vrq3709A13
G3132K02C11U  C2006 02 20.94185 12 22 00.97 +03 17 24.3          17.0 Vrq3709A13
G3132K02C11U  C2006 02 20.94499 12 22 01.15 +03 17 53.4          17.1 Vrq3709A13
G3132K02C11U  C2006 02 22.36506 12 23 21.33 +07 05 44.0          16.9 Vrq3709703
G3132K02C11U  C2006 02 22.38142 12 23 22.09 +07 08 28.4          16.8 Vrq3709703
G3132K02C11U  C2006 02 22.39212 12 23 22.56 +07 10 17.2          16.8 Vrq3709703
G3132K02C11U  C2006 02 22.40853 12 23 23.28 +07 13 01.0          17.0 Vrq3709703
G3132K02C11U  C2006 02 23.36936 12 24 18.45 +09 58 35.4          16.6  cq3709704
G3132K02C11U  C2006 02 23.38177 12 24 19.03 +10 00 47.0          16.4  cq3709704
G3132K02C11U  C2006 02 23.39439 12 24 19.59 +10 03 01.2          16.4  cq3709704
G3132K02C11U  C2006 02 23.40698 12 24 20.17 +10 05 14.5          17.1  cq3709704
G3132K02C11U  C2006 02 24.43285 12 25 18.69 +13 11 55.1          16.6 Vrq3709703
G3132K02C11U  C2006 02 24.43517 12 25 18.84 +13 12 21.0          16.5 Vrq3709703
G3132K02C11U  C2006 02 24.43752 12 25 18.91 +13 12 47.3          16.6 Vrq3709703
G3132K02C11U  C2006 02 26.28429 12 27 07.79 +19 11 27.9          16.2 Roq5018699
G3132K02C11U  C2006 02 26.30620 12 27 08.83 +19 15 53.4                oq5018699
G3132K02C11U  C2006 02 26.32812 12 27 09.87 +19 20 19.2                oq5018699
G3132K02C11U  C2006 02 27.40869 12 28 12.28 +23 01 57.8          16.7 Vrq5018703
G3132K02C11U  C2006 02 27.41628 12 28 12.64 +23 03 33.0          16.7 Vrq5018703
G3132K02C11U  C2006 02 27.42383 12 28 12.97 +23 05 07.0          16.7 Vrq5018703
G3132K02C11U  C2006 02 27.43142 12 28 13.36 +23 06 42.0          16.7 Vrq5018703
G3132K02C11U  C2006 02 27.98646 12 28 47.88 +25 03 02.9          16.4 Vrq5018A13
G3132K02C11U  C2006 02 28.00941 12 28 48.99 +25 07 51.5          16.4 Vrq5018A13
G3132K02C11U  C2006 02 28.01058 12 28 49.05 +25 08 06.3          16.4 Vrq5018A13
G3132K02C11U  C2006 02 28.01154 12 28 49.09 +25 08 18.5          16.4 Vrq5018A13
G3132K02C11U  C2006 02 28.01292 12 28 49.15 +25 08 36.0          16.5 Vrq5018A13
G3132K02C11U  C2006 02 28.01392 12 28 49.21 +25 08 48.7          16.5 Vrq5018A13
G3132K02C11U  C2006 03 03.59001 12 32 33.15 +37 58 16.7          17.2 Vrq5018379
G3132K02C11U  C2006 03 03.59227 12 32 33.34 +37 58 45.8          16.9 Vrq5018379
G3132K02C11U  C2006 03 03.59453 12 32 33.48 +37 59 13.8          17.1 Vrq5018379
G3132K02C11U  C2006 03 04.60870 12 33 40.96 +41 35 46.0          17.2 Vmq5993379
G3132K02C11U  C2006 03 04.61208 12 33 41.19 +41 36 28.5          17.4 Vmq5993379
G3132K02C11U  C2006 03 04.61322 12 33 41.25 +41 36 43.5          17.4 Vmq5993379
G3132K02C11U  C2006 03 05.33643 12 34 30.68 +44 08 37.0          16.9 Vrq5993703
G3132K02C11U  C2006 03 05.34379 12 34 31.08 +44 10 09.5          16.9 Vrq5993703
G3132K02C11U  C2006 03 05.35094 12 34 31.44 +44 11 38.7          16.9 Vrq5993703
G3132K02C11U  C2006 03 05.35830 12 34 31.80 +44 13 10.9          16.8 Vrq5993703
G3132K02C11U  C2006 03 06.91163 12 36 26.57 +49 28 38.8          16.7 Vcq5993J69
G3132K02C11U  C2006 03 06.91270 12 36 26.70 +49 28 50.6          16.5 Vcq5993J69
G3132K02C11U  C2006 03 06.91376 12 36 26.82 +49 29 03.8          16.4 Vcq5993J69
G3132K02C11U  C2006 03 06.91484 12 36 26.82 +49 29 16.9          16.4 Vcq5993J69
G3132K02C11U  C2006 03 06.91590 12 36 26.94 +49 29 29.4          16.4 Vcq5993J69
G3132K02C11U  C2006 03 12.35098 12 44 44.79 +65 17 55.5          17.8  cq5993704
G3132K02C11U  C2006 03 12.36287 12 44 45.79 +65 19 42.2          18.2  cq5993704
G3132K02C11U  C2006 03 12.37893 12 44 47.26 +65 22 04.4          18.0  cq5993704
G3132K02C11U  C2006 03 12.39640 12 44 48.81 +65 24 40.8          17.9  cq5993704
G3132K02C11U  C2006 03 12.41097 12 44 50.15 +65 26 49.9          18.0  cq5993704
G3132K02C11U  C2006 03 12.89178 12 45 51.12 +66 37 02.3          17.1 Voq5993A13
G3132K02C11U  C2006 03 12.89369 12 45 51.34 +66 37 18.4          17.3 Voq5993A13
G3132K02C11U  C2006 03 12.89420 12 45 51.38 +66 37 23.0          17.2 Voq5993A13
G3132K02C11U  C2006 03 12.89703 12 45 51.61 +66 37 48.1          17.3 Voq5993A13
G3132K02C11U  C2006 03 13.33171 12 46 43.35 +67 39 48.5          17.9  cq6975704
G3132K02C11U  C2006 03 13.34286 12 46 44.44 +67 41 22.2          18.0  cq6975704
G3132K02C11U  C2006 03 13.35399 12 46 45.53 +67 42 55.9          18.1  cq6975704
G3132K02C11U  C2006 03 19.80514 13 09 12.31 +79 54 18.1          18.7 Voq6975151
G3132K02C11U  C2006 03 19.80605 13 09 12.66 +79 54 23.2          18.8 Voq6975151
G3132K02C11U  C2006 03 19.80695 13 09 12.94 +79 54 28.4          18.6 Voq6975151
G3132K02C11U  C2006 03 19.80873 13 09 13.39 +79 54 38.6          18.2 Voq6975151
G3132K02C11U  C2006 03 19.80968 13 09 13.90 +79 54 43.7          18.5 Voq6975151
G3132K02C11U  C2006 03 19.81064 13 09 14.43 +79 54 49.0          18.8 Voq6975151
