c5343K02L00V* C2002 06 01.36721 19 55 45.50 +24 50 25.4          17.9  cf7832704
c5343K02L00V  C2002 06 01.38106 19 55 46.68 +24 50 38.5          18.2  cf7832704
c5343K02L00V  C2002 06 01.39490 19 55 47.73 +24 50 52.4          18.2  cf7832704
c5343K02L00V  C2002 06 01.40874 19 55 48.93 +24 51 05.2          18.2  cf7832704
c5343K02L00V  C2002 06 01.42259 19 55 50.05 +24 51 18.1          18.2  cf7832704
c5343K02L00V  C2002 06 02.02209 19 56 41.81 +25 00 36.5                cf7832246
c5343K02L00V  C2002 06 02.02304 19 56 41.89 +25 00 37.5                cf7832246
c5343K02L00V  C2002 06 02.02384 19 56 41.95 +25 00 38.1                cf7832246
c5343K02L00V  C2002 06 02.02488 19 56 42.03 +25 00 39.0                cf7832246
c5343K02L00V  C2002 06 02.02579 19 56 42.11 +25 00 40.0                cf7832246
c5343K02L00V  C2002 06 02.02601 19 56 42.17 +25 00 40.0          19.1 Vcf7832151
c5343K02L00V  C2002 06 02.02675 19 56 42.19 +25 00 40.8                cf7832246
c5343K02L00V  C2002 06 02.02769 19 56 42.28 +25 00 41.6                cf7832246
c5343K02L00V  C2002 06 02.02794 19 56 42.37 +25 00 41.6          18.2 Rcf7832636
c5343K02L00V  C2002 06 02.02795 19 56 42.35 +25 00 42.5          19.5 Vcf7832151
c5343K02L00V  C2002 06 02.02867 19 56 42.37 +25 00 42.6                cf7832246
c5343K02L00V  C2002 06 02.02964 19 56 42.52 +25 00 44.3          18.8 Vcf7832151
c5343K02L00V  C2002 06 02.03106 19 56 42.61 +25 00 44.9          19.0 Vcf7832151
c5343K02L00V  C2002 06 02.03187 19 56 42.65 +25 00 44.8          18.0 Rcf7832636
c5343K02L00V  C2002 06 02.03581 19 56 43.04 +25 00 49.0          18.1 Rcf7832636
c5343K02L00V IC2002 06 02.04767 19 56 44.00 +25 01 00.3                df7832557
c5343K02L00V  C2002 06 02.05191 19 56 44.24 +25 01 03.4                cf7832118
c5343K02L00V  C2002 06 02.05326 19 56 44.45 +25 01 05.2                df7832557
c5343K02L00V  C2002 06 02.05449 19 56 44.43 +25 01 06.9                cf7832118
c5343K02L00V  C2002 06 02.05659 19 56 44.69 +25 01 08.7                cf7832118
c5343K02L00V  C2002 06 02.05677 19 56 44.66 +25 01 09.3                df7832557
c5343K02L00V  C2002 06 02.05792 19 56 44.80 +25 01 09.8          18.5 Vdf7832557
c5343K02L00V  C2002 06 02.05797 19 56 44.77 +25 01 10.9          17.6 Rcf7832118
c5343K02L00V  C2002 06 02.06289 19 56 45.39 +25 01 15.7                df7832946
c5343K02L00V  C2002 06 02.07459 19 56 46.39 +25 01 27.2          18.3 Rdf7832946
c5343K02L00V  C2002 06 02.08039 19 56 46.91 +25 01 32.7          18.4 Rdf7832946
c5343K02L00V  C2002 06 02.11384 19 56 49.64 +25 02 04.5          17.5 R f7832941
c5343K02L00V  C2002 06 02.11709 19 56 49.86 +25 02 07.2          17.6 R f7832941
c5343K02L00V  C2002 06 02.31306 19 57 07.03 +25 05 10.9          17.8 Rdf7832734
c5343K02L00V  C2002 06 02.31973 19 57 07.62 +25 05 16.8          17.5 Rdf7832734
c5343K02L00V  C2002 06 02.37077 19 57 11.98 +25 06 06.2          18.1  cf7832704
c5343K02L00V  C2002 06 02.38931 19 57 13.45 +25 06 21.9          17.9 Rcf7832448
c5343K02L00V  C2002 06 02.39221 19 57 13.72 +25 06 25.8          18.5  cf7832704
c5343K02L00V  C2002 06 02.39676 19 57 14.00 +25 06 29.3                cf7832448
c5343K02L00V  C2002 06 02.39975 19 57 14.23 +25 06 32.3                cf7832448
c5343K02L00V  C2002 06 02.40296 19 57 14.59 +25 06 35.5          18.3  cf7832704
c5343K02L00V  C2002 06 03.04699 19 58 10.47 +25 16 35.9          18.1 Rcf7832118
c5343K02L00V  C2002 06 03.05057 19 58 10.81 +25 16 38.8                cf7832118
c5343K02L00V  C2002 06 03.05399 19 58 11.13 +25 16 41.8                cf7832118
c5343K02L00V  C2002 06 03.36177 19 58 38.15 +25 21 33.7          18.0  cf7832704
c5343K02L00V  C2002 06 03.36648 19 58 38.53 +25 21 37.1          18.0  cf7832704
c5343K02L00V  C2002 06 03.37533 19 58 39.22 +25 21 46.5          17.8  cf7832704
c5343K02L00V  C2002 06 03.38037 19 58 39.60 +25 21 50.8          18.0  cf7832704
c5343K02L00V  C2002 06 03.38906 19 58 40.42 +25 21 59.3          18.3  cf7832704
c5343K02L00V  C2002 06 03.39425 19 58 40.77 +25 22 03.5          18.3  cf7832704
c5343K02L00V  C2002 06 03.42209 19 58 43.09 +25 22 29.9          18.4  cf7832704
c5343K02L00V  C2002 06 04.31672 20 00 01.73 +25 36 21.7                cf7832649
c5343K02L00V  C2002 06 04.33512 20 00 03.26 +25 36 38.8                cf7832649
c5343K02L00V  C2002 06 04.97360 20 00 59.80 +25 46 32.0                cf7832246
c5343K02L00V  C2002 06 04.97455 20 00 59.87 +25 46 33.2                cf7832246
c5343K02L00V  C2002 06 04.97539 20 00 59.97 +25 46 34.0                cf7832246
c5343K02L00V  C2002 06 04.97632 20 01 00.03 +25 46 34.9                cf7832246
c5343K02L00V  C2002 06 04.97720 20 01 00.13 +25 46 35.6                cf7832246
c5343K02L00V  C2002 06 04.97812 20 01 00.22 +25 46 36.7                cf7832246
c5343K02L00V  C2002 06 04.97905 20 01 00.27 +25 46 37.6                cf7832246
c5343K02L00V 1C2002 06 05.66338 20 02 00.91 +25 57 29.7                mf7832413
c5343K02L00V 1C2002 06 05.66478 20 02 01.03 +25 57 31.0                mf7832413
c5343K02L00V 7C2002 06 06.42120 20 03 08.60 +26 09 01.1                cf7832696
c5343K02L00V 7C2002 06 06.42233 20 03 08.69 +26 09 02.4                cf7832696
c5343K02L00V  C2002 06 09.06944 20 07 10.73 +26 49 42.8          17.8 Rdf7832946
c5343K02L00V  C2002 06 09.07918 20 07 11.58 +26 49 51.9          18.3 Rdf7832946
c5343K02L00V  C2002 06 09.08113 20 07 11.76 +26 49 53.9          18.1 Rdf7832946
c5343K02L00V  C2002 06 09.28495 20 07 31.04 +26 52 59.2          17.0 Rcf7832649
c5343K02L00V  C2002 06 09.31073 20 07 33.33 +26 53 23.3          16.7 Rcf7832649
c5343K02L00V  C2002 06 09.35505 20 07 37.26 +26 54 04.5          17.1 Rcf7832649
c5343K02L00V  C2002 06 10.02161 20 08 39.96 +27 04 14.0                cf7832952
c5343K02L00V  C2002 06 10.02559 20 08 40.48 +27 04 16.9                cf7832952
c5343K02L00V  C2002 06 10.02891 20 08 40.72 +27 04 20.0                cf7832952
c5343K02L00V  C2002 06 10.03223 20 08 41.03 +27 04 21.7                cf7832952
c5343K02L00V  C2002 06 11.03753 20 10 16.46 +27 19 36.5          18.1 R f7832J95
c5343K02L00V  C2002 06 11.04105 20 10 16.84 +27 19 40.0          18.5 R f7832J95
c5343K02L00V  C2002 06 11.04237 20 10 16.93 +27 19 40.9          19.4 R f7832J95
c5343K02L00V  C2002 06 11.04375 20 10 17.14 +27 19 41.7          17.7 R f7832J95
c5343K02L00V  C2002 06 11.38611 20 10 50.03 +27 24 56.6                cf7832670
c5343K02L00V  C2002 06 11.44307 20 10 55.31 +27 25 49.1          18.1 Rcf7832670
c5343K02L00V  C2002 06 11.49362 20 10 59.94 +27 26 33.7                cf7832670
c5343K02L00V  C2002 06 12.05216 20 11 54.60 +27 34 58.4                cf7832952
c5343K02L00V  C2002 06 12.05519 20 11 54.82 +27 35 01.4                cf7832952
c5343K02L00V  C2002 06 12.05803 20 11 55.11 +27 35 03.8                cf7832952
c5343K02L00V  C2002 06 12.06655 20 11 55.88 +27 35 10.6                cf7832952
c5343K02L00V  C2002 06 13.04502 20 13 32.09 +27 49 49.8                cf7832118
c5343K02L00V  C2002 06 13.04777 20 13 32.35 +27 49 52.1          17.4 Rcf7832118
c5343K02L00V  C2002 06 13.04890 20 13 32.46 +27 49 53.2                cf7832118
c5343K02L00V  C2002 06 14.96800 20 16 47.34 +28 18 21.9          17.1 Rcf7832587
c5343K02L00V  C2002 06 14.96898 20 16 47.42 +28 18 22.5          17.9 Vcf7832151
c5343K02L00V  C2002 06 14.96983 20 16 47.50 +28 18 23.2          17.1 Rcf7832587
c5343K02L00V  C2002 06 14.97097 20 16 47.55 +28 18 24.3                cf7832246
c5343K02L00V  C2002 06 14.97166 20 16 47.66 +28 18 24.4          16.8 Rcf7832587
c5343K02L00V  C2002 06 14.97185 20 16 47.63 +28 18 25.1                cf7832246
c5343K02L00V  C2002 06 14.97242 20 16 47.78 +28 18 25.4          18.3 Vcf7832151
c5343K02L00V  C2002 06 14.97284 20 16 47.75 +28 18 26.1                cf7832246
c5343K02L00V  C2002 06 14.97372 20 16 47.83 +28 18 26.9                cf7832246
c5343K02L00V  C2002 06 14.97402 20 16 47.93 +28 18 27.4          18.1 Vcf7832151
c5343K02L00V  C2002 06 14.97475 20 16 47.94 +28 18 27.8                cf7832246
c5343K02L00V  C2002 06 14.97565 20 16 48.02 +28 18 28.5                cf7832246
c5343K02L00V  C2002 06 14.97679 20 16 48.19 +28 18 29.8          17.9 Vcf7832151
c5343K02L00V  C2002 06 14.97884 20 16 48.34 +28 18 31.4                cf7832246
c5343K02L00V  C2002 06 14.97980 20 16 48.43 +28 18 32.4                cf7832246
c5343K02L00V  C2002 06 14.98715 20 16 49.40 +28 18 40.8          17.0 Rdf7832176
c5343K02L00V  C2002 06 14.98988 20 16 49.65 +28 18 43.0          16.9 Rdf7832176
c5343K02L00V  C2002 06 14.99266 20 16 49.92 +28 18 45.8          17.1 Rdf7832176
c5343K02L00V  C2002 06 14.99545 20 16 50.21 +28 18 48.3          16.9 Rdf7832176
c5343K02L00V  C2002 06 14.99825 20 16 50.48 +28 18 50.8          17.0 Rdf7832176
c5343K02L00V  C2002 06 15.00375 20 16 51.02 +28 18 56.0          17.0 Rdf7832176
c5343K02L00V  C2002 06 15.00653 20 16 51.32 +28 18 58.4          16.9 Rdf7832176
c5343K02L00V  C2002 06 15.00927 20 16 51.61 +28 19 00.6          16.9 Rdf7832176
c5343K02L00V  C2002 06 15.03032 20 16 53.59 +28 19 20.1          17.9 Rcf7833952
c5343K02L00V  C2002 06 15.03860 20 16 54.48 +28 19 27.1                cf7833952
c5343K02L00V  C2002 06 15.05819 20 16 56.47 +28 19 45.1                cf7833952
c5343K02L00V  C2002 06 16.08873 20 18 44.08 +28 34 50.6                cf7833104
c5343K02L00V  C2002 06 16.09024 20 18 44.31 +28 34 52.3                cf7833104
c5343K02L00V  C2002 06 16.09279 20 18 44.62 +28 34 54.5                cf7833104
c5343K02L00V  C2002 06 16.09476 20 18 44.78 +28 34 54.7                cf7833104
c5343K02L00V  C2002 06 16.10043 20 18 45.30 +28 35 01.5          17.2 Vcf7833104
c5343K02L00V  C2002 06 16.39470 20 19 16.78 +28 39 20.3          17.0 Rcf7833448
c5343K02L00V  C2002 06 16.40083 20 19 17.32 +28 39 25.7          17.0 Rcf7833448
c5343K02L00V  C2002 06 16.40949 20 19 18.18 +28 39 33.2          16.9 Rcf7833448
c5343K02L00V  C2002 06 16.92116 20 20 14.00 +28 46 54.1          17.3 Vcf7833611
c5343K02L00V  C2002 06 16.92392 20 20 14.33 +28 46 56.5          17.0 Vcf7833611
c5343K02L00V  C2002 06 16.92806 20 20 14.73 +28 47 00.1          17.1 Vcf7833611
c5343K02L00V  C2002 06 17.89392 20 22 00.84 +29 00 55.6                cf7833185
c5343K02L00V  C2002 06 17.89560 20 22 00.99 +29 00 58.0                cf7833185
c5343K02L00V  C2002 06 17.89913 20 22 01.34 +29 01 00.7          16.9 Rcf7833185
c5343K02L00V  C2002 06 17.90215 20 22 01.68 +29 01 03.4                cf7833185
c5343K02L00V  C2002 06 17.92892 20 22 04.70 +29 01 27.6          17.1 V f7833201
c5343K02L00V  C2002 06 17.94404 20 22 06.26 +29 01 40.8          16.8 V f7833201
c5343K02L00V  C2002 06 17.95767 20 22 07.73 +29 01 52.8          17.4 Vcf7833611
c5343K02L00V  C2002 06 17.95962 20 22 07.95 +29 01 54.5                cf7833611
c5343K02L00V  C2002 06 17.96170 20 22 08.12 +29 01 56.0                cf7833611
c5343K02L00V  C2002 06 20.30625 20 26 37.93 +29 35 15.4          16.6 Rcf7833448
c5343K02L00V  C2002 06 20.30656 20 26 38.07 +29 35 17.2          17.4  cf7833704
c5343K02L00V  C2002 06 20.31872 20 26 39.32 +29 35 26.3          16.8 Rcf7833448
c5343K02L00V  C2002 06 20.32015 20 26 39.59 +29 35 28.8          17.5  cf7833704
c5343K02L00V  C2002 06 20.32272 20 26 39.80 +29 35 29.7          17.4 Rcf7833448
c5343K02L00V  C2002 06 20.34692 20 26 42.59 +29 35 52.1          17.9  cf7833704
c5343K02L00V  C2002 06 20.36021 20 26 44.12 +29 36 03.3          18.0  cf7833704
c5343K02L00V  C2002 06 24.31784 20 35 09.61 +30 30 04.2          16.4 Rcf7833649
c5343K02L00V  C2002 06 24.32508 20 35 10.55 +30 30 10.0          16.3 Rcf7833649
c5343K02L00V  C2002 06 24.33230 20 35 11.50 +30 30 16.0          16.3 Rcf7833649
c5343K02L00V  C2002 06 24.90227 20 36 31.16 +30 37 41.2          17.3 Vcf9011611
c5343K02L00V  C2002 06 24.90514 20 36 31.54 +30 37 44.0          17.1 Vcf9011611
c5343K02L00V  C2002 06 24.90772 20 36 31.87 +30 37 45.9          17.0 Vcf9011611
c5343K02L00V  C2002 06 24.98266 20 36 42.19 +30 38 45.7                cf9011636
c5343K02L00V  C2002 06 24.98721 20 36 42.78 +30 38 49.8          17.1 Rcf9011636
c5343K02L00V  C2002 06 24.99045 20 36 43.18 +30 38 52.2                cf9011636
c5343K02L00V  C2002 06 24.99375 20 36 43.70 +30 38 55.1          17.1 Rcf9011636
c5343K02L00V  C2002 06 24.99954 20 36 44.34 +30 39 00.3          18.7 R f9011J95
c5343K02L00V  C2002 06 27.97348 20 44 10.59 +31 16 58.9                cf9011127
c5343K02L00V  C2002 06 27.97836 20 44 11.32 +31 17 03.0                cf9011127
c5343K02L00V  C2002 06 27.98391 20 44 12.19 +31 17 07.3                cf9011127
c5343K02L00V  C2002 06 27.99961 20 44 14.88 +31 17 17.5          20.4 R f9011J95
c5343K02L00V  C2002 06 28.00152 20 44 15.01 +31 17 19.5          19.1 R f9011J95
c5343K02L00V  C2002 06 28.00487 20 44 15.59 +31 17 22.0          19.8 R f9011J95
c5343K02L00V  C2002 06 29.88904 20 49 31.82 +31 40 07.9          16.8 Vcf9011611
c5343K02L00V  C2002 06 29.89140 20 49 32.20 +31 40 09.2          16.7 Vcf9011611
c5343K02L00V  C2002 06 29.89390 20 49 32.62 +31 40 11.5          16.7 Vcf9011611
c5343K02L00V  C2002 06 29.91028 20 49 35.52 +31 40 24.6                cf9011185
c5343K02L00V  C2002 06 29.91238 20 49 35.73 +31 40 26.7          16.4 Vcf9011151
c5343K02L00V  C2002 06 29.91433 20 49 36.20 +31 40 27.6          17.1 Rcf9011185
c5343K02L00V  C2002 06 29.91461 20 49 36.23 +31 40 27.9          17.3 Vcf9011151
c5343K02L00V  C2002 06 29.91543 20 49 36.39 +31 40 28.5          17.0 Rcf9011185
c5343K02L00V  C2002 06 29.91890 20 49 36.97 +31 40 31.0          16.8 Rcf9011185
c5343K02L00V  C2002 06 29.91892 20 49 36.99 +31 40 31.3          17.1 Vcf9011151
c5343K02L00V  C2002 06 29.92168 20 49 37.44 +31 40 33.1          17.0 Rcf9011185
c5343K02L00V  C2002 06 29.92353 20 49 37.77 +31 40 34.4          17.2 Vcf9011151
c5343K02L00V  C2002 06 29.99181 20 49 49.23 +31 41 25.0          16.3 Rcf9011118
c5343K02L00V  C2002 06 29.99395 20 49 49.59 +31 41 26.5                cf9011118
c5343K02L00V  C2002 06 29.99748 20 49 50.19 +31 41 29.1                cf9011118
c5343K02L00V  C2002 06 29.99867 20 49 50.90 +31 41 32.0          16.6 R f9011941
c5343K02L00V  C2002 06 29.99944 20 49 51.00 +31 41 32.4          16.6 R f9011941
c5343K02L00V  C2002 06 30.00034 20 49 51.19 +31 41 32.9          16.6 R f9011941
c5343K02L00V  C2002 06 30.00123 20 49 51.30 +31 41 33.6          16.6 R f9011941
c5343K02L00V  C2002 06 30.00240 20 49 51.47 +31 41 34.4          16.6 R f9011941
c5343K02L00V  C2002 06 30.30305 20 50 44.91 +31 45 08.4          17.3  cf9011704
c5343K02L00V  C2002 06 30.31560 20 50 47.08 +31 45 17.0          17.3  cf9011704
c5343K02L00V  C2002 06 30.32836 20 50 49.24 +31 45 27.4          17.0  cf9011704
c5343K02L00V  C2002 06 30.34122 20 50 51.45 +31 45 34.5          17.7  cf9011704
c5343K02L00V  C2002 06 30.35403 20 50 53.60 +31 45 45.7          17.1  cf9011704
c5343K02L00V  C2002 07 01.26875 20 53 41.90 +31 56 11.9          16.3 Rcf9011785
c5343K02L00V  C2002 07 01.28961 20 53 45.72 +31 56 27.4          16.1 Rcf9011785
c5343K02L00V  C2002 07 02.24022 20 56 50.80 +32 06 47.4          16.8 Vcf9011642
c5343K02L00V  C2002 07 02.24229 20 56 51.15 +32 06 49.8                cf9011642
c5343K02L00V  C2002 07 02.24437 20 56 51.56 +32 06 51.5                cf9011642
c5343K02L00V  C2002 07 02.25477 20 56 53.73 +32 06 58.7                cf9011642
c5343K02L00V  C2002 07 02.26111 20 56 53.93 +32 07 11.8          16.9 Rcf9011785
c5343K02L00V  C2002 07 02.30627 20 57 02.61 +32 07 40.4          17.0 Rcf9011785
c5343K02L00V  C2002 07 03.08228 20 59 41.04 +32 15 55.7          15.9   f9011939
c5343K02L00V  C2002 07 03.08704 20 59 42.00 +32 15 58.8          16.0   f9011939
c5343K02L00V  C2002 07 03.09182 20 59 42.98 +32 16 01.9          16.0   f9011939
c5343K02L00V  C2002 07 03.91147 21 02 39.47 +32 24 18.8          16.2 Rdf9011176
c5343K02L00V  C2002 07 03.91714 21 02 40.65 +32 24 23.2          16.5 Rdf9011176
c5343K02L00V  C2002 07 03.91992 21 02 41.24 +32 24 25.4          16.4 Rdf9011176
c5343K02L00V  C2002 07 03.92257 21 02 41.79 +32 24 27.5          16.5 Rdf9011176
c5343K02L00V  C2002 07 03.93333 21 02 43.89 +32 24 34.8          16.8 Vcf9011157
c5343K02L00V  C2002 07 03.93498 21 02 44.24 +32 24 35.5          16.8 Vcf9011157
c5343K02L00V  C2002 07 03.93663 21 02 44.60 +32 24 36.8          16.6 Vcf9011157
c5343K02L00V  C2002 07 03.93829 21 02 44.96 +32 24 37.9          16.8 Vcf9011157
c5343K02L00V  C2002 07 04.92618 21 06 28.25 +32 34 10.3          16.1 Vcf9011151
c5343K02L00V  C2002 07 04.92742 21 06 28.56 +32 34 11.0          16.2 Vcf9011151
c5343K02L00V  C2002 07 04.92878 21 06 28.84 +32 34 11.9          16.2 Vcf9011151
c5343K02L00V  C2002 07 04.93030 21 06 29.19 +32 34 12.7          16.1 Vcf9011151
c5343K02L00V  C2002 07 04.93172 21 06 29.51 +32 34 13.7          16.2 Vcf9011151
c5343K02L00V  C2002 07 04.93360 21 06 29.96 +32 34 14.8          16.3 Vcf9011151
c5343K02L00V  C2002 07 04.93477 21 06 30.21 +32 34 15.5          16.2 Vcf9011151
c5343K02L00V  C2002 07 04.93604 21 06 30.50 +32 34 16.3          16.1 Vcf9011151
c5343K02L00V  C2002 07 06.01696 21 10 50.62 +32 44 06.7          16.5 Vcf9011157
c5343K02L00V  C2002 07 06.02436 21 10 52.42 +32 44 10.6          16.4 Vcf9011157
c5343K02L00V  C2002 07 06.02613 21 10 52.84 +32 44 11.7          16.3 Vcf9011157
c5343K02L00V  C2002 07 06.02791 21 10 53.24 +32 44 12.6          16.4 Vcf9011157
c5343K02L00V  C2002 07 06.03963 21 10 56.05 +32 44 14.9          15.8 Rcf9011113
c5343K02L00V  C2002 07 06.04066 21 10 56.32 +32 44 15.3          15.7 Rcf9011113
c5343K02L00V  C2002 07 06.04177 21 10 56.57 +32 44 16.0          15.7 Rcf9011113
c5343K02L00V  C2002 07 06.04286 21 10 56.84 +32 44 16.5          15.7 Rcf9011113
c5343K02L00V  C2002 07 06.04389 21 10 57.11 +32 44 17.2          15.6 Rcf9011113
c5343K02L00V  C2002 07 06.36968 21 12 19.95 +32 47 10.6                cf9011670
c5343K02L00V  C2002 07 06.37091 21 12 20.28 +32 47 11.0                cf9012670
c5343K02L00V  C2002 07 07.06995 21 15 22.93 +32 52 47.2          15.9 R f9012941
c5343K02L00V  C2002 07 07.07078 21 15 23.06 +32 52 47.5          15.9 R f9012941
c5343K02L00V  C2002 07 07.07169 21 15 23.34 +32 52 48.0          16.0 R f9012941
c5343K02L00V  C2002 07 07.07655 21 15 24.49 +32 52 50.2          15.9 R f9012941
c5343K02L00V  C2002 07 07.07764 21 15 24.87 +32 52 50.8          15.9 R f9012941
c5343K02L00V  C2002 07 07.07876 21 15 25.18 +32 52 51.4          15.8 R f9012941
c5343K02L00V  C2002 07 07.08000 21 15 25.47 +32 52 52.0          15.9 R f9012941
c5343K02L00V  C2002 07 07.08088 21 15 25.61 +32 52 52.4          15.8 R f9012941
c5343K02L00V  C2002 07 07.08172 21 15 25.86 +32 52 53.0          15.8 R f9012941
c5343K02L00V  C2002 07 07.08293 21 15 26.24 +32 52 53.5          15.9 R f9012941
c5343K02L00V  C2002 07 07.94671 21 19 25.83 +32 59 08.1          16.0 Vmf9012611
c5343K02L00V  C2002 07 08.04837 21 19 54.30 +32 59 57.4          16.6   f9012939
c5343K02L00V  C2002 07 08.05308 21 19 55.60 +32 59 59.4          16.5   f9012939
c5343K02L00V  C2002 07 08.05784 21 19 56.92 +33 00 01.4          16.5   f9012939
c5343K02L00V  C2002 07 08.34899 21 21 21.83 +33 01 59.6                cf9012670
c5343K02L00V  C2002 07 08.37044 21 21 27.88 +33 02 08.6          15.9 Rcf9012670
c5343K02L00V  C2002 07 08.42838 21 21 44.23 +33 02 31.7                cf9012670
c5343K02L00V  C2002 07 08.88199 21 24 01.58 +33 05 05.3          16.2 Vcf9012611
c5343K02L00V  C2002 07 08.88354 21 24 02.07 +33 05 05.8          16.2 Vcf9012611
c5343K02L00V  C2002 07 08.88477 21 24 02.44 +33 05 06.2          16.1 Vcf9012611
c5343K02L00V  C2002 07 08.99536 21 24 35.53 +33 05 49.6                cf9012127
c5343K02L00V  C2002 07 09.00080 21 24 37.15 +33 05 51.5                cf9012127
c5343K02L00V  C2002 07 09.00573 21 24 38.62 +33 05 53.5                cf9012127
c5343K02L00V  C2002 07 09.00996 21 24 39.89 +33 05 55.1                cf9012127
c5343K02L00V  C2002 07 09.91944 21 29 30.03 +33 10 38.2          15.6 Vcf9012157
c5343K02L00V  C2002 07 09.92109 21 29 30.61 +33 10 38.7          15.9 Vcf9012157
c5343K02L00V  C2002 07 09.92273 21 29 31.05 +33 10 39.1          15.6 Vcf9012157
c5343K02L00V  C2002 07 09.92824 21 29 32.84 +33 10 41.2          15.7 Vcf9012157
c5343K02L00V  C2002 07 10.69986 21 33 53.48 +33 13 53.0          16.3 V f9012379
c5343K02L00V  C2002 07 10.70584 21 33 55.49 +33 13 54.1          16.3 V f9012379
c5343K02L00V  C2002 07 10.70748 21 33 56.05 +33 13 54.5          16.3 V f9012379
c5343K02L00V  C2002 07 10.71088 21 33 57.22 +33 13 55.5          16.1 V f9012379
c5343K02L00V  C2002 07 10.71255 21 33 57.74 +33 13 56.1          16.4 V f9012379
c5343K02L00V  C2002 07 10.71419 21 33 58.30 +33 13 56.1          16.2 V f9012379
c5343K02L00V  C2002 07 10.94668 21 35 21.65 +33 14 29.3          15.6 Rcf9012185
c5343K02L00V  C2002 07 10.94761 21 35 21.99 +33 14 29.4          15.7 Rcf9012185
c5343K02L00V  C2002 07 10.94913 21 35 22.52 +33 14 29.9          15.6 Rcf9012185
c5343K02L00V  C2002 07 10.94987 21 35 22.78 +33 14 30.1          15.7 Rcf9012185
c5343K02L00V  C2002 07 10.95056 21 35 23.02 +33 14 30.2          15.6 Rcf9012185
c5343K02L00V  C2002 07 10.95126 21 35 23.25 +33 14 30.3          15.6 Rcf9012185
c5343K02L00V  C2002 07 10.96924 21 35 29.47 +33 14 36.0          15.9 Vcf9946560
c5343K02L00V  C2002 07 10.97060 21 35 29.94 +33 14 36.4          15.9 Vcf9946560
c5343K02L00V  C2002 07 10.97230 21 35 30.44 +33 14 36.6          15.9 Vcf9946560
c5343K02L00V  C2002 07 10.97353 21 35 30.96 +33 14 36.9          15.9 Vcf9946560
c5343K02L00V  C2002 07 11.62469 21 39 29.83 +33 16 14.1          16.2 V f9012379
c5343K02L00V  C2002 07 11.62844 21 39 31.17 +33 16 14.0          16.1 V f9012379
c5343K02L00V  C2002 07 11.63220 21 39 32.53 +33 16 15.3          16.1 V f9012379
c5343K02L00V  C2002 07 11.63377 21 39 33.10 +33 16 15.5          16.2 V f9012379
c5343K02L00V  C2002 07 11.63737 21 39 34.40 +33 16 15.6          16.0 V f9012379
c5343K02L00V  C2002 07 11.64659 21 39 37.76 +33 16 17.1          16.2 V f9012379
c5343K02L00V  C2002 07 11.99019 21 41 49.07 +33 16 35.9                cf9012127
c5343K02L00V  C2002 07 11.99427 21 41 50.64 +33 16 36.2                cf9012127
c5343K02L00V  C2002 07 12.93125 21 48 09.10 +33 16 36.5          15.7 Vcf9012157
c5343K02L00V  C2002 07 12.93289 21 48 09.77 +33 16 36.3          15.7 Vcf9012157
c5343K02L00V  C2002 07 12.93454 21 48 10.43 +33 16 36.4          15.7 Vcf9012157
c5343K02L00V  C2002 07 12.93618 21 48 11.12 +33 16 36.6          15.7 Vcf9012157
c5343K02L00V  C2002 07 12.99679 21 48 35.91 +33 16 33.3          15.8 Vcf9946560
c5343K02L00V  C2002 07 12.99786 21 48 36.35 +33 16 33.2          15.8 Vcf9946560
c5343K02L00V  C2002 07 12.99889 21 48 36.78 +33 16 33.3          15.8 Vcf9946560
c5343K02L00V  C2002 07 12.99985 21 48 37.17 +33 16 33.1          15.8 Vcf9946560
c5343K02L00V 1C2002 07 13.97183 21 55 44.60 +33 14 04.7          16.2 Vif9946071
c5343K02L00V 1C2002 07 13.97428 21 55 45.54 +33 14 04.0          15.9 Vif9946071
c5343K02L00V 1C2002 07 13.97716 21 55 46.69 +33 14 03.3          16.2 Vif9946071
c5343K02L00V  C2002 07 14.66780 22 01 13.26 +33 10 39.6          15.6 Vcf9012379
c5343K02L00V  C2002 07 14.66865 22 01 13.63 +33 10 39.5          15.6 Vcf9012379
c5343K02L00V  C2002 07 14.66950 22 01 14.05 +33 10 39.1          15.6 Vcf9012379
c5343K02L00V  C2002 07 14.67168 22 01 15.07 +33 10 38.1          15.4 Vcf9012379
c5343K02L00V  C2002 07 14.67303 22 01 15.71 +33 10 37.6          15.3 Vcf9012379
c5343K02L00V  C2002 07 14.67397 22 01 16.13 +33 10 37.2          15.1 Vcf9012379
c5343K02L00V  C2002 07 15.36139 22 07 02.15 +33 05 29.4                cf9012670
c5343K02L00V  C2002 07 15.38523 22 07 14.15 +33 05 17.8                cf9012670
c5343K02L00V  C2002 07 15.43242 22 07 37.94 +33 04 53.7                cf9012670
c5343K02L00V  C2002 07 15.47932 22 08 01.69 +33 04 27.1                cf9012670
c5343K02L00V  C2002 07 16.13090 22 13 56.48 +32 57 16.6          15.8   f9012866
c5343K02L00V  C2002 07 16.13715 22 13 59.89 +32 57 13.2          15.9   f9012866
c5343K02L00V  C2002 07 16.14340 22 14 03.30 +32 57 09.2          14.7   f9012866
c5343K02L00V  C2002 07 16.14965 22 14 06.80 +32 57 05.3          14.8   f9012866
c5343K02L00V  C2002 07 16.15590 22 14 10.16 +32 57 01.3          14.7   f9012866
c5343K02L00V  C2002 07 16.16215 22 14 13.66 +32 56 57.4          15.7   f9012866
c5343K02L00V  C2002 07 16.16852 22 14 17.19 +32 56 53.1          14.9   f9012866
c5343K02L00V  C2002 07 16.17465 22 14 20.32 +32 56 49.3          15.8   f9012866
c5343K02L00V  C2002 07 16.18090 22 14 23.89 +32 56 45.3          15.9   f9012866
c5343K02L00V  C2002 07 16.72303 22 19 32.43 +32 49 32.2          15.9 Vcf9012379
c5343K02L00V  C2002 07 16.72461 22 19 33.27 +32 49 30.9          15.9 Vcf9012379
c5343K02L00V  C2002 07 16.72619 22 19 34.18 +32 49 29.8          16.0 Vcf9012379
c5343K02L00V  C2002 07 16.72876 22 19 35.70 +32 49 27.1          15.7 Vcf9012379
c5343K02L00V  C2002 07 17.03728 22 22 40.70 +32 44 28.5          14.9 Rcf9012952
c5343K02L00V  C2002 07 17.03887 22 22 41.68 +32 44 27.2          14.7 Rcf9012952
c5343K02L00V  C2002 07 17.04079 22 22 42.80 +32 44 25.0          14.6 Rcf9012952
c5343K02L00V  C2002 07 17.04154 22 22 43.24 +32 44 24.4          14.7 Rcf9012952
c5343K02L00V  C2002 07 17.04234 22 22 43.71 +32 44 23.7                cf9012952
c5343K02L00V  C2002 07 17.04377 22 22 44.56 +32 44 22.4                cf9012952
c5343K02L00V  C2002 07 17.04443 22 22 44.94 +32 44 21.8                cf9012952
c5343K02L00V  C2002 07 17.13854 22 23 43.54 +32 42 35.3          16.4   f9012866
c5343K02L00V  C2002 07 17.14410 22 23 46.88 +32 42 30.2          14.0   f9012866
c5343K02L00V  C2002 07 17.14965 22 23 50.26 +32 42 25.2          14.7   f9012866
c5343K02L00V  C2002 07 17.16562 22 23 59.88 +32 42 10.3          14.1   f9012866
c5343K02L00V  C2002 07 17.17118 22 24 03.25 +32 42 04.9          13.7   f9012866
c5343K02L00V  C2002 07 17.17674 22 24 06.60 +32 41 59.7          14.1   f9012866
c5343K02L00V  C2002 07 17.20950 22 24 26.37 +32 41 22.0          15.1 Rcf9012762
c5343K02L00V  C2002 07 17.21292 22 24 28.44 +32 41 18.7          15.2 Rcf9012762
c5343K02L00V  C2002 07 17.22042 22 24 32.99 +32 41 11.1          15.3 Rcf9012762
c5343K02L00V  C2002 07 17.22199 22 24 33.93 +32 41 09.8          15.3 Rcf9012762
c5343K02L00V  C2002 07 17.22823 22 24 37.67 +32 41 03.7          15.4 Rcf9012762
c5343K02L00V  C2002 07 17.45180 22 26 54.01 +32 37 11.0          15.5 R f9012711
c5343K02L00V  C2002 07 17.45445 22 26 55.60 +32 37 08.1                 f9012711
c5343K02L00V  C2002 07 17.45701 22 26 57.14 +32 37 05.8                 f9012711
c5343K02L00V fC2002 07 17.45963 22 26 58.68 +32 37 03.1                 f9012711
c5343K02L00V  C2002 07 17.74233 22 29 59.73 +32 31 20.6          15.8 V f9946379
c5343K02L00V  C2002 07 17.74359 22 30 00.54 +32 31 19.0          15.7 V f9946379
c5343K02L00V  C2002 07 17.76853 22 30 16.29 +32 30 46.4          14.9 V f9946379
c5343K02L00V  C2002 07 17.77010 22 30 17.27 +32 30 44.6          15.0 V f9946379
c5343K02L00V  C2002 07 17.77322 22 30 19.12 +32 30 40.8          14.9 V f9946379
c5343K02L00V  C2002 07 18.13021 22 34 17.73 +32 22 25.2                 f9012866
c5343K02L00V  C2002 07 18.13507 22 34 20.90 +32 22 19.7                 f9012866
c5343K02L00V  C2002 07 18.13993 22 34 24.12 +32 22 13.2                 f9012866
c5343K02L00V  C2002 07 18.14479 22 34 27.41 +32 22 06.1                 f9012866
c5343K02L00V  C2002 07 18.22326 22 35 19.31 +32 20 21.9                 f9012866
c5343K02L00V  C2002 07 18.22813 22 35 22.70 +32 20 15.0                 f9012866
c5343K02L00V  C2002 07 18.23299 22 35 25.93 +32 20 08.6                 f9012866
c5343K02L00V  C2002 07 18.23785 22 35 29.08 +32 20 01.5                 f9012866
c5343K02L00V  C2002 07 19.00375 22 44 26.48 +31 59 08.5          15.0   f9012939
c5343K02L00V  C2002 07 19.00770 22 44 29.30 +31 59 01.7          15.1   f9012939
c5343K02L00V  C2002 07 19.01272 22 44 32.89 +31 58 53.0          15.2   f9012939
c5343K02L00V  C2002 07 19.89646 22 55 43.71 +31 28 19.4          15.0 Vcf9012151
c5343K02L00V  C2002 07 19.89766 22 55 44.66 +31 28 16.8          14.9 Vcf9012151
c5343K02L00V  C2002 07 19.89823 22 55 45.13 +31 28 15.6          15.0 Vcf9012151
c5343K02L00V  C2002 07 19.89983 22 55 46.37 +31 28 12.0          14.9 Vcf9012151
c5343K02L00V  C2002 07 19.90103 22 55 47.30 +31 28 09.4          14.9 Vcf9012151
c5343K02L00V  C2002 07 19.90157 22 55 47.73 +31 28 08.1          15.1 Vcf9012151
c5343K02L00V  C2002 07 19.90366 22 55 49.37 +31 28 03.6          15.0 Vcf9012151
c5343K02L00V  C2002 07 19.90476 22 55 50.23 +31 28 01.2          15.1 Vcf9012151
c5343K02L00V  C2002 07 19.95863 22 56 32.22 +31 26 00.5                df9012557
c5343K02L00V  C2002 07 19.95921 22 56 32.68 +31 25 59.2                df9012557
c5343K02L00V  C2002 07 19.95980 22 56 33.13 +31 25 57.8                df9012557
c5343K02L00V  C2002 07 19.96038 22 56 33.59 +31 25 56.5                df9012557
c5343K02L00V  C2002 07 19.96096 22 56 34.04 +31 25 55.2                df9012557
c5343K02L00V  C2002 07 19.98726 22 56 55.58 +31 24 59.3          14.4   f9946939
c5343K02L00V  C2002 07 19.99020 22 56 57.88 +31 24 53.1          14.4   f9946939
c5343K02L00V  C2002 07 19.99316 22 57 00.23 +31 24 46.6          14.5   f9946939
c5343K02L00V  C2002 07 19.99506 22 57 01.02 +31 24 37.0          14.7 Vcf9012198
c5343K02L00V  C2002 07 19.99735 22 57 02.83 +31 24 31.9          14.8 Vcf9012198
c5343K02L00V  C2002 07 20.00079 22 57 05.53 +31 24 24.0          14.8 Vcf9012198
c5343K02L00V  C2002 07 20.00155 22 57 06.12 +31 24 22.3          14.7 Vcf9012198
c5343K02L00V  C2002 07 20.00384 22 57 07.92 +31 24 17.2          14.9 Vcf9012198
c5343K02L00V  C2002 07 20.00766 22 57 10.91 +31 24 08.4          14.7 Vcf9012198
c5343K02L00V  C2002 07 20.59035 23 05 10.04 +30 59 19.3          15.0 Vcf9012355
c5343K02L00V  C2002 07 20.59345 23 05 12.63 +30 59 11.3                cf9012355
c5343K02L00V  C2002 07 20.59492 23 05 13.85 +30 59 07.5                cf9012355
c5343K02L00V  C2002 07 20.59602 23 05 14.78 +30 59 04.7                cf9012355
c5343K02L00V  C2002 07 20.86308 23 09 02.58 +30 46 00.8          15.4 Vcf9012611
c5343K02L00V  C2002 07 20.86397 23 09 03.37 +30 45 58.3          15.4 Vcf9012611
c5343K02L00V  C2002 07 20.86492 23 09 04.18 +30 45 55.6          15.3 Vcf9012611
c5343K02L00V  C2002 07 20.89617 23 09 31.04 +30 44 28.1                df9012557
c5343K02L00V  C2002 07 20.91715 23 09 49.10 +30 43 27.8                df9012557
c5343K02L00V  C2002 07 20.93758 23 10 06.68 +30 42 28.5                df9012557
c5343K02L00V  C2002 07 20.94941 23 10 16.86 +30 41 55.5          15.0 Raf9012118
c5343K02L00V  C2002 07 20.95177 23 10 18.88 +30 41 48.7                af9012118
c5343K02L00V  C2002 07 20.95299 23 10 19.93 +30 41 45.0                af9012118
c5343K02L00V  C2002 07 20.95817 23 10 24.37 +30 41 28.2                df9012557
c5343K02L00V  C2002 07 20.97963 23 10 42.84 +30 40 25.0                df9012557
c5343K02L00V  C2002 07 20.99490 23 10 56.29 +30 39 40.6          15.2 Vcf9012151
c5343K02L00V  C2002 07 20.99580 23 10 57.05 +30 39 37.7          15.1 Vcf9012151
c5343K02L00V  C2002 07 20.99672 23 10 57.85 +30 39 35.3          15.1 Vcf9012151
c5343K02L00V  C2002 07 20.99748 23 10 58.48 +30 39 32.9          15.1 Vcf9012151
c5343K02L00V  C2002 07 20.99911 23 10 59.90 +30 39 28.0          15.2 Vcf9012151
c5343K02L00V  C2002 07 20.99946 23 10 59.87 +30 39 26.1                df9012557
c5343K02L00V  C2002 07 20.99979 23 11 00.49 +30 39 26.0          15.1 Vcf9012151
c5343K02L00V  C2002 07 21.00046 23 11 01.06 +30 39 24.1          15.2 Vcf9012151
c5343K02L00V  C2002 07 21.00098 23 11 01.52 +30 39 22.6          15.1 Vcf9012151
c5343K02L00V  C2002 07 21.00304 23 11 03.30 +30 39 16.4          15.1 Vcf9012151
c5343K02L00V  C2002 07 21.00354 23 11 03.74 +30 39 14.9          15.1 Vcf9012151
c5343K02L00V  C2002 07 21.00404 23 11 04.17 +30 39 13.3          15.1 Vcf9012151
c5343K02L00V  C2002 07 21.00457 23 11 04.65 +30 39 11.7          15.1 Vcf9012151
c5343K02L00V  C2002 07 21.00972 23 11 09.69 +30 39 00.8          14.9   f9946939
c5343K02L00V  C2002 07 21.01272 23 11 12.25 +30 38 52.1          14.8   f9946939
c5343K02L00V  C2002 07 21.01571 23 11 14.81 +30 38 43.2          14.7   f9946939
c5343K02L00V  C2002 07 21.02096 23 11 18.39 +30 38 21.5                df9012557
c5343K02L00V  C2002 07 21.02750 23 11 24.60 +30 37 57.7          14.9 Vcf9012J93
c5343K02L00V  C2002 07 21.03451 23 11 30.68 +30 37 36.3          14.9 Vcf9012J93
c5343K02L00V  C2002 07 21.03712 23 11 32.91 +30 37 28.7          14.8 Vcf9012J93
c5343K02L00V  C2002 07 21.04061 23 11 35.95 +30 37 18.3          15.1 Vcf9012J93
c5343K02L00V  C2002 07 21.04315 23 11 37.47 +30 37 14.3                df9012557
c5343K02L00V  C2002 07 21.04412 23 11 38.99 +30 37 07.5          15.0 Vcf9012J93
c5343K02L00V  C2002 07 21.06267 23 11 54.31 +30 36 14.4                df9012557
c5343K02L00V  C2002 07 21.07841 23 12 07.89 +30 35 25.8                df9012557
c5343K02L00V  C2002 07 21.94989 23 25 27.73 +29 45 03.2                df9012557
c5343K02L00V  C2002 07 21.95737 23 25 34.90 +29 44 32.2          14.8 Rcf9012636
c5343K02L00V  C2002 07 21.95814 23 25 35.70 +29 44 29.3                cf9012636
c5343K02L00V  C2002 07 21.95892 23 25 36.36 +29 44 26.4          14.7 Rcf9012636
c5343K02L00V  C2002 07 21.95969 23 25 37.10 +29 44 23.6          14.7 Rcf9012636
c5343K02L00V  C2002 07 21.96876 23 25 45.44 +29 43 52.6                df9012557
c5343K02L00V  C2002 07 21.98400 23 26 00.28 +29 42 49.6          15.0 Vcf9012J93
c5343K02L00V  C2002 07 21.98598 23 26 02.06 +29 42 42.4          15.7 Vcf9012J93
c5343K02L00V  C2002 07 21.98949 23 26 05.46 +29 42 28.8          15.1 Vcf9012J93
c5343K02L00V  C2002 07 21.98987 23 26 05.33 +29 42 33.0                df9012557
c5343K02L00V  C2002 07 21.99300 23 26 08.83 +29 42 15.7          15.7 Vcf9012J93
c5343K02L00V  C2002 07 21.99650 23 26 12.05 +29 42 02.8          15.5 Vcf9012J93
c5343K02L00V  C2002 07 22.00001 23 26 15.37 +29 41 49.3          15.8 Vcf9012J93
c5343K02L00V  C2002 07 22.00352 23 26 18.67 +29 41 36.1          15.7 Vcf9012J93
c5343K02L00V  C2002 07 22.01190 23 26 26.06 +29 41 09.4                df9012557
c5343K02L00V  C2002 07 22.03168 23 26 44.72 +29 39 53.1                df9012557
c5343K02L00V  C2002 07 22.05214 23 27 03.94 +29 38 34.2                df9012557
c5343K02L00V  C2002 07 22.07307 23 27 23.68 +29 37 12.5                df9012557
c5343K02L00V  C2002 07 22.63296 23 36 36.87 +28 58 10.0          15.2 V f9946379
c5343K02L00V  C2002 07 22.63383 23 36 37.72 +28 58 06.3          16.0 V f9946379
c5343K02L00V  C2002 07 22.66844 23 37 12.06 +28 55 34.4          15.5 V f9946379
c5343K02L00V  C2002 07 22.67019 23 37 13.84 +28 55 26.7          15.4 V f9946379
c5343K02L00V  C2002 07 22.67117 23 37 14.81 +28 55 22.0          15.2 V f9946379
c5343K02L00V  C2002 07 22.67318 23 37 16.77 +28 55 13.2          15.0 V f9946379
c5343K02L00V  C2002 07 22.67406 23 37 17.64 +28 55 09.4          15.1 V f9946379
c5343K02L00V  C2002 07 22.67500 23 37 18.60 +28 55 05.2          15.4 V f9946379
c5343K02L00V  C2002 07 22.67836 23 37 21.90 +28 54 50.2          15.0 V f9946379
c5343K02L00V  C2002 07 22.91834 23 41 27.74 +28 35 53.7                df9946557
c5343K02L00V  C2002 07 22.93747 23 41 47.31 +28 34 24.7                df9946557
c5343K02L00V  C2002 07 22.95846 23 42 08.80 +28 32 46.4                df9946557
c5343K02L00V  C2002 07 22.97874 23 42 29.55 +28 31 10.7                df9946557
c5343K02L00V  C2002 07 23.00019 23 42 51.51 +28 29 28.7                df9946557
c5343K02L00V  C2002 07 23.01736 23 43 09.00 +28 28 08.7                af9012118
c5343K02L00V  C2002 07 23.02056 23 43 12.26 +28 27 53.4                af9012118
c5343K02L00V  C2002 07 23.02119 23 43 13.00 +28 27 48.3                df9946557
c5343K02L00V  C2002 07 23.04172 23 43 34.03 +28 26 09.3                df9946557
c5343K02L00V  C2002 07 23.06267 23 43 55.49 +28 24 27.6                df9946557
c5343K02L00V  C2002 07 23.08369 23 44 17.04 +28 22 44.7                df9946557
c5343K02L00V  C2002 07 23.42993 23 50 24.52 +27 53 27.3                cf9012670
c5343K02L00V  C2002 07 23.43115 23 50 25.79 +27 53 20.7          15.0 Rcf9012670
c5343K02L00V  C2002 07 23.89675 23 58 56.15 +27 09 33.1          14.9 Vcf9946151
c5343K02L00V  C2002 07 23.89731 23 58 56.77 +27 09 29.6          14.8 Vcf9946151
c5343K02L00V  C2002 07 23.89780 23 58 57.30 +27 09 26.8          14.7 Vcf9946151
c5343K02L00V  C2002 07 23.89832 23 58 57.95 +27 09 23.5          14.8 Vcf9946151
c5343K02L00V  C2002 07 23.89947 23 58 59.20 +27 09 17.2          14.8 Vcf9946151
c5343K02L00V  C2002 07 23.89994 23 58 59.73 +27 09 14.7          14.8 Vcf9946151
c5343K02L00V  C2002 07 23.90084 23 59 00.69 +27 09 09.5          14.8 Vcf9946151
c5343K02L00V  C2002 07 23.90237 23 59 02.39 +27 09 00.9          14.8 Vcf9946151
c5343K02L00V  C2002 07 23.90404 23 59 04.24 +27 08 50.9          14.8 Vcf9946151
c5343K02L00V  C2002 07 23.90449 23 59 04.80 +27 08 48.3          15.0 Vcf9946151
c5343K02L00V  C2002 07 23.90499 23 59 05.29 +27 08 45.7          14.9 Vcf9946151
c5343K02L00V  C2002 07 23.90550 23 59 05.84 +27 08 42.8          15.0 Vcf9946151
c5343K02L00V  C2002 07 24.31929 00 06 48.59 +26 28 07.4          15.0 Rmf9946860
c5343K02L00V  C2002 07 24.31993 00 06 49.47 +26 28 03.8          14.8 Rmf9946860
c5343K02L00V  C2002 07 24.32058 00 06 50.12 +26 27 58.3          14.8 Rmf9946860
c5343K02L00V  C2002 07 24.67009 00 13 38.08 +25 48 33.3          14.6 V f9946379
c5343K02L00V  C2002 07 24.67104 00 13 39.21 +25 48 26.8          14.6 V f9946379
c5343K02L00V  C2002 07 24.67192 00 13 40.20 +25 48 20.9          14.6 V f9946379
c5343K02L00V  C2002 07 24.67280 00 13 41.19 +25 48 15.1          14.6 V f9946379
c5343K02L00V  C2002 07 24.67365 00 13 42.21 +25 48 09.3          14.6 V f9946379
c5343K02L00V  C2002 07 25.03843 00 20 54.49 +25 05 12.9          14.0   f9946939
c5343K02L00V  C2002 07 25.04064 00 20 57.09 +25 04 57.2          14.0   f9946939
c5343K02L00V  C2002 07 25.04359 00 21 00.56 +25 04 36.0          14.0   f9946939
c5343K02L00V  C2002 07 25.76331 00 35 38.37 +23 31 38.9          15.0 V f9946379
c5343K02L00V  C2002 07 25.77253 00 35 49.64 +23 30 23.0          14.7 V f9946379
c5343K02L00V  C2002 07 25.77450 00 35 52.08 +23 30 07.5          14.6 V f9946379
c5343K02L00V  C2002 07 26.72324 00 56 01.35 +21 09 13.3          14.9 V f9946379
c5343K02L00V  C2002 07 26.72412 00 56 02.47 +21 09 04.5          14.5 V f9946379
c5343K02L00V  C2002 07 27.01979 01 02 29.19 +20 20 49.8          14.7   f9946939
c5343K02L00V  C2002 07 27.02347 01 02 33.99 +20 20 13.9          14.8   f9946939
c5343K02L00V  C2002 07 27.02618 01 02 37.52 +20 19 47.8          14.9   f9946939
c5343K02L00V  C2002 07 27.08163 01 03 49.33 +20 10 39.4          14.9 R f9946941
c5343K02L00V  C2002 07 27.08230 01 03 50.16 +20 10 32.6          14.9 R f9946941
c5343K02L00V  C2002 07 27.08386 01 03 52.19 +20 10 17.1          14.9 R f9946941
c5343K02L00V  C2002 07 27.08488 01 03 53.57 +20 10 07.4          15.0 R f9946941
c5343K02L00V  C2002 07 27.08552 01 03 54.40 +20 10 00.9          15.0 R f9946941
c5343K02L00V  C2002 07 27.08638 01 03 55.42 +20 09 51.7          15.0 R f9946941
c5343K02L00V  C2002 07 27.08711 01 03 56.42 +20 09 44.8          15.0 R f9946941
c5343K02L00V  C2002 07 27.94903 01 22 59.60 +17 37 50.3          15.5 Vcf9946151
c5343K02L00V  C2002 07 27.94976 01 23 00.51 +17 37 42.6          15.2 Vcf9946151
c5343K02L00V  C2002 07 27.95091 01 23 02.07 +17 37 30.1          15.3 Vcf9946151
c5343K02L00V  C2002 07 27.95135 01 23 02.64 +17 37 25.5          15.1 Vcf9946151
c5343K02L00V  C2002 07 27.95257 01 23 04.23 +17 37 12.2          15.2 Vcf9946151
c5343K02L00V  C2002 07 27.95302 01 23 04.88 +17 37 06.9          15.5 Vcf9946151
c5343K02L00V  C2002 07 27.95347 01 23 05.45 +17 37 02.6          15.4 Vcf9946151
c5343K02L00V  C2002 07 27.95451 01 23 06.85 +17 36 50.6          15.2 Vcf9946151
c5343K02L00V  C2002 07 28.96497 01 45 41.37 +14 21 49.6          15.3 Vcf9946151
c5343K02L00V  C2002 07 28.96552 01 45 42.13 +14 21 43.4          15.2 Vcf9946151
c5343K02L00V  C2002 07 28.96596 01 45 42.70 +14 21 38.5          15.3 Vcf9946151
c5343K02L00V  C2002 07 28.96641 01 45 43.34 +14 21 33.0          15.2 Vcf9946151
c5343K02L00V  C2002 07 28.96785 01 45 45.24 +14 21 15.3          15.2 Vcf9946151
c5343K02L00V  C2002 07 28.96823 01 45 45.73 +14 21 11.0          15.2 Vcf9946151
c5343K02L00V  C2002 07 28.97052 01 45 48.76 +14 20 43.8          15.1 Vcf9946151
c5343K02L00V  C2002 07 28.97097 01 45 49.39 +14 20 38.1          15.3 Vcf9946151
c5343K02L00V  C2002 07 28.97236 01 45 51.30 +14 20 21.8          15.1 Vcf9946151
c5343K02L00V  C2002 07 28.97279 01 45 51.86 +14 20 16.5          15.3 Vcf9946151
c5343K02L00V  C2002 07 28.97329 01 45 52.54 +14 20 10.2          15.4 Vcf9946151
c5343K02L00V  C2002 07 28.97375 01 45 53.16 +14 20 04.2          15.3 Vcf9946151
c5343K02L00V  C2002 07 29.45658 01 56 38.49 +12 42 06.3          14.6 Rcf9946670
c5343K02L00V  C2002 07 29.45761 01 56 39.85 +12 41 53.5                cf9946670
c5343K02L00V 1C2002 07 29.83392802 04 57.56 +11 24 59.6                mf9946413
c5343K02L00V 1C2002 07 29.83486102 04 58.78 +11 24 47.9                mf9946413
c5343K02L00V 1C2002 07 30.77680602 25 34.61 +08 05 04.2                mf9946413
c5343K02L00V 1C2002 07 30.77774802 25 35.82 +08 04 52.0                mf9946413
c5343K02L00V 1C2002 07 30.77869802 25 37.01 +08 04 40.0                mf9946413
c5343K02L00V  C2002 07 31.36808 02 38 10.64 +05 57 39.0          14.3 Rcf9946649
c5343K02L00V  C2002 07 31.36939 02 38 12.30 +05 57 22.2          14.4 Rcf9946649
c5343K02L00V  C2002 07 31.37103 02 38 14.34 +05 57 01.7          14.3 Rcf9946649
c5343K02L00V 1C2002 07 31.83762002 47 52.46 +04 20 02.5                mf9946413
c5343K02L00V 1C2002 07 31.83859502 47 53.64 +04 19 50.3                mf9946413
c5343K02L00V 1C2002 07 31.83954302 47 54.78 +04 19 38.4                mf9946413
c5343K02L00V  C2002 08 01.76317 03 06 25.54 +01 08 19.6          15.3 V f9946300
c5343K02L00V  C2002 08 01.76400 03 06 26.53 +01 08 09.9          15.5 V f9946300
c5343K02L00V  C2002 08 01.76567 03 06 28.41 +01 07 49.1          15.5 V f9946300
c5343K02L00V  C2002 08 01.76650 03 06 29.38 +01 07 38.8          15.4 V f9946300
c5343K02L00V  C2002 08 01.76735 03 06 30.33 +01 07 29.6          15.4 V f9946300
c5343K02L00V  C2002 08 01.76987 03 06 33.26 +01 06 58.5          15.2 V f9946300
c5343K02L00V  C2002 08 01.77071 03 06 34.18 +01 06 48.9          15.2 V f9946300
c5343K02L00V  C2002 08 04.74387 03 58 29.97 -07 43 13.1                 f9946300
c5343K02L00V  C2002 08 04.74438 03 58 30.50 -07 43 18.4                 f9946300
c5343K02L00V  C2002 08 04.74487 03 58 30.98 -07 43 22.5                 f9946300
c5343K02L00V  C2002 08 04.74538 03 58 31.41 -07 43 27.2                 f9946300
c5343K02L00V  C2002 10 04.58981 07 52 19.75 -26 57 30.3          17.4 Rcg3258474
c5343K02L00V  C2002 10 04.59191 07 52 19.99 -26 57 29.8          17.1 Rcg3258474
c5343K02L00V IC2002 10 04.60266 07 52 20.61 -26 57 28.4          16.9 Rcg3258474
c5343K02L00V  C2002 10 04.61043 07 52 21.24 -26 57 28.3          17.5 Rcg3258474
c5343K02L00V  C2002 11 30.53183 08 01 02.33 -22 30 29.9          16.7 Rcg7928474
c5343K02L00V IC2002 11 30.56309 08 01 00.01 -22 30 07.8          17   Rcg7928474
c5343K02L00V IC2002 11 30.56517 08 00 59.83 -22 30 05.8          17   Rcg7928474
c5343K02L00V IC2002 11 30.60464 08 00 56.50 -22 29 33.6          17   Rcg7928474
c5343K02L00V  C2002 12 01.60660 07 59 42.45 -22 16 09.7          17.7 Rcg7928474
c5343K02L00V  C2002 12 01.61233 07 59 42.00 -22 16 05.4          17.2 Rcg7928474
c5343K02L00V  C2002 12 01.61604 07 59 41.75 -22 16 02.2          17.6 Rcg7928474
c5343K02L00V  C2003 01 03.29698 07 03 46.29 -09 28 46.2          18.1  cg9902704
c5343K02L00V  C2003 01 03.32606 07 03 43.16 -09 27 52.1          18.6  cg9902704
c5343K02L00V  C2003 01 03.34054 07 03 41.55 -09 27 25.0          18.7  cg9902704
c5343K02L00V  C2003 01 03.35598 07 03 39.90 -09 26 55.9          18.5  cg9902704
c5343K02L00V  C2003 01 28.24049 06 31 33.23 +03 08 29.9          18.5  ch1599704
c5343K02L00V  C2003 01 28.25593 06 31 32.52 +03 08 55.0          19.0  ch1599704
c5343K02L00V  C2003 01 28.27152 06 31 31.75 +03 09 20.1          18.7  ch1599704
c5343K02L00V  C2003 01 28.28684 06 31 31.00 +03 09 44.7          19.0  ch1599704
c5343K02L00V  C2003 01 28.30243 06 31 30.29 +03 10 09.7          19.4  ch1599704
c5343K02L00V  C2003 02 09.99289 06 25 36.82 +08 19 46.9          19.9 Rch4189621
c5343K02L00V  C2003 02 10.01013 06 25 36.58 +08 20 07.5                ch4189621
c5343K02L00V HC2003 03 23.13944 06 43 59.38 +18 14 53.9          22.2 Vdh6142291
c5343K02L00V HC2003 03 23.14772 06 43 59.83 +18 14 57.6          22.0 Vdh6142291
c5343K02L00V  C2005 04 15.05315 14 35 13.67 +28 10 55.2          20.8  on6953J50
c5343K02L00V  C2005 04 15.05419 14 35 13.58 +28 10 56.5          20.7  on6953J50
c5343K02L00V  C2005 04 15.05950 14 35 13.16 +28 10 59.4          20.8  on6953J50
c5343K02L00V  C2005 04 15.06052 14 35 13.10 +28 10 59.6          20.5  on6953J50
c5343K02L00V  C2005 04 15.12297 14 35 09.23 +28 11 35.4          20.8  on6953J50
c5343K02L00V  C2005 04 15.12402 14 35 09.15 +28 11 36.1          20.9  on6953J50
c5343K02L00V  C2005 04 15.12995 14 35 08.78 +28 11 39.4          20.5  on6953J50
c5343K02L00V  C2005 04 15.13098 14 35 08.73 +28 11 39.9          20.6  on6953J50
c5343K02L00V 1C2005 05 04.46019 14 13 51.20 +30 18 27.0                 n3280F65
c5343K02L00V 1C2005 05 04.46188 14 13 51.09 +30 18 27.1                 n3280F65
c5343K02L00V 1C2005 05 04.46350 14 13 51.03 +30 18 27.6                 n3280F65
c5343K02L00V  C2005 06 05.30440 13 44 24.19 +29 14 50.6          21.9 Vdn5921291
c5343K02L00V  C2005 06 05.30874 13 44 24.02 +29 14 48.6          21.7 Vdn5921291
c5343K02L00V  C2005 06 05.31361 13 44 23.85 +29 14 47.3          21.8 Vdn5921291
c5343K02L00V  C2005 07 07.24297 13 38 25.86 +24 04 00.6          22.0 Vdo3841291
c5343K02L00V  C2005 07 07.24959 13 38 25.92 +24 03 56.1          22.1 Vdo3841291
c5343K02L00V HC2005 07 07.25568 13 38 26.10 +24 03 51.3                do3841291
c5343K02L00V  C2009 02 05.51846 16 43 36.84 +05 47 25.5          22.0 Vo~03Cc291
c5343K02L00V HC2009 02 05.52225 16 43 37.13 +05 47 27.1                o~03Cc291
c5343K02L00V  C2009 02 05.52644 16 43 37.51 +05 47 27.6          22.1 Vo~03Cc291
c5343K02L00V  C2009 03 29.47497 17 53 24.78 +12 35 56.5                c~05qj711
c5343K02L00V IC2009 03 29.48408 17 53 25.41 +12 36 03.9                c~05qj711
c5343K02L00V IC2009 03 29.49319 17 53 25.98 +12 36 07.0                c~05qj711
c5343K02L00V  C2009 04 22.43252 18 15 58.90 +18 05 58.0          19.6 Rr~06JA448
c5343K02L00V  C2009 04 22.45223 18 15 59.74 +18 06 16.3          19.5 Rr~06JA448
c5343K02L00V  C2009 04 22.47252 18 16 00.52 +18 06 34.3          19.7 Rr~06JA448
c5343K02L00V  C2009 04 25.00933 18 17 47.35 +18 45 48.2          19.2 Cv~06fdB15
c5343K02L00V  C2009 04 25.01083 18 17 47.42 +18 45 49.6          19.5 Cv~06fdB15
c5343K02L00V  C2009 04 25.01457 18 17 47.56 +18 45 54.1          19.1 Cv~06fdB15
c5343K02L00V  C2009 04 30.39762 18 21 04.46 +20 11 11.5          19.4 Rr~06fd448
c5343K02L00V  C2009 04 30.41386 18 21 04.90 +20 11 26.6          18.8 Rr~06fd448
c5343K02L00V  C2009 04 30.42862 18 21 05.36 +20 11 41.4          19.3 Rr~06fd448
c5343K02L00V  C2009 05 07.75361 18 24 22.67 +22 10 55.1          18.8  c~06s2D20
c5343K02L00V  C2009 05 07.75723 18 24 22.74 +22 10 58.3          18.8  c~06s2D20
c5343K02L00V  C2009 05 07.79881 18 24 23.51 +22 11 39.5          18.6  c~06s2D20
c5343K02L00V  C2009 05 12.34608618 25 39.72 +23 26 21.8          19.3 Vo~06s2H55
c5343K02L00V  C2009 05 12.35083118 25 39.76 +23 26 26.6          19.4 Vo~06s2H55
c5343K02L00V  C2009 05 12.35789018 25 39.83 +23 26 33.2          19.7 Vo~06s2H55
c5343K02L00V  C2009 05 20.02273 18 26 16.62 +25 31 54.7          18.7 Vr~06zGA13
c5343K02L00V  C2009 05 20.07753 18 26 16.27 +25 32 48.1          18.4 Vr~06zGA13
c5343K02L00V  C2009 05 20.97136 18 26 12.48 +25 47 11.1          18.6 Cw~06zG160
c5343K02L00V  C2009 05 20.97716 18 26 12.41 +25 47 17.1          19.0 Cw~06zG160
c5343K02L00V  C2009 05 28.96580 18 24 11.24 +27 51 04.5          18.7 Ri~07Ri071
c5343K02L00V  C2009 05 28.97023 18 24 10.79 +27 51 12.2          18.8 Ri~07Ri071
c5343K02L00V  C2009 05 28.97390 18 24 10.57 +27 51 10.6          18.7 Ri~07Ri071
c5343K02L00V  C2009 05 29.87934 18 23 47.25 +28 04 29.3          18.1 Vo~07Gj611
c5343K02L00V  C2009 05 29.88339 18 23 47.15 +28 04 33.2          18.0 Vo~07Gj611
c5343K02L00V  C2009 05 29.91049 18 23 46.36 +28 04 57.6          18.6 Vo~07Gj151
c5343K02L00V  C2009 05 29.91282 18 23 46.28 +28 04 59.5          18.6 Vo~07Gj151
c5343K02L00V  C2009 05 29.91515 18 23 46.20 +28 05 01.4          18.6 Vo~07Gj151
c5343K02L00V  C2009 06 01.35846 18 22 30.31 +28 39 57.1          18.7 Rr~07GjH45
c5343K02L00V  C2009 06 01.35958 18 22 30.25 +28 39 57.9          18.8 Rr~07GjH45
c5343K02L00V  C2009 06 01.36145 18 22 30.17 +28 39 59.6          18.8 Rr~07GjH45
c5343K02L00V  C2009 06 01.36242 18 22 30.16 +28 40 00.5          18.7 Rr~07GjH45
c5343K02L00V  C2009 06 01.36448 18 22 30.09 +28 40 02.0          18.9 Rr~07GjH45
c5343K02L00V  C2009 06 01.90914 18 22 11.60 +28 47 32.3          19.4 Rr~07GjA13
c5343K02L00V  C2009 06 01.93078 18 22 10.79 +28 47 50.4          18.4 Rr~07GjA13
c5343K02L00V  C2009 06 01.97895 18 22 08.94 +28 48 30.9          18.3 Rr~07GjA13
c5343K02L00V  C2009 06 02.94406 18 21 33.18 +29 01 40.7          18.5 Cc~07GjB09
c5343K02L00V  C2009 06 02.95258 18 21 32.77 +29 01 47.9          18.5 Cc~07GjB09
c5343K02L00V  C2009 06 02.97915 18 21 31.67 +29 02 10.9          19.4 Cw~07GjB40
c5343K02L00V  C2009 06 02.99982 18 21 30.79 +29 02 27.4          17.9 Cw~07GjB40
c5343K02L00V  C2009 06 03.26851 18 21 20.21 +29 06 03.4                v~07Gj932
c5343K02L00V  C2009 06 03.27145 18 21 20.09 +29 06 06.1          18.1 Rv~07Gj932
c5343K02L00V  C2009 06 03.27458 18 21 19.92 +29 06 08.2          18.2 Rv~07Gj932
c5343K02L00V  C2009 06 10.90660 18 14 55.46 +30 37 46.1          17.1 Cw~07RiB40
c5343K02L00V  C2009 06 10.91125 18 14 55.19 +30 37 49.4          17.6 Cw~07RiB40
c5343K02L00V  C2009 06 10.91686 18 14 54.84 +30 37 52.6          17.4 Cw~07RiB40
c5343K02L00V  C2009 06 11.86340 18 13 55.30 +30 47 28.5          19.0 Vc~07RiB23
c5343K02L00V  C2009 06 11.86609 18 13 54.99 +30 47 30.7          19.0 Vc~07RiB23
c5343K02L00V  C2009 06 11.86872 18 13 54.73 +30 47 31.8          18.6 Vc~07RiB23
c5343K02L00V  C2009 06 11.87134 18 13 54.50 +30 47 33.4          17.8 Vc~07RiB23
c5343K02L00V  C2009 06 12.92020 18 12 44.77 +30 57 41.3          17.4 Cv~07Ri160
c5343K02L00V  C2009 06 12.92290 18 12 44.58 +30 57 43.0          17.5 Cv~07Ri160
c5343K02L00V  C2009 06 12.92593 18 12 44.36 +30 57 44.7          17.5 Cv~07Ri160
c5343K02L00V  C2009 06 14.00891 18 11 28.86 +31 07 37.5          17.1 Rr~07RiJ51
c5343K02L00V  C2009 06 14.01566 18 11 28.34 +31 07 41.2          17.4 Rr~07RiJ51
c5343K02L00V  C2009 06 14.02241 18 11 27.79 +31 07 44.8          17.2 Rr~07RiJ51
c5343K02L00V  C2009 06 15.91049 18 09 07.33 +31 23 11.5          17.6 Cw~07Ri160
c5343K02L00V  C2009 06 15.91284 18 09 07.15 +31 23 12.7          17.5 Cw~07Ri160
c5343K02L00V  C2009 06 15.91520 18 09 06.96 +31 23 13.8          17.6 Cw~07Ri160
c5343K02L00V  C2009 06 15.91755 18 09 06.76 +31 23 14.9          17.4 Cw~07Ri160
c5343K02L00V  C2009 06 16.27765 18 08 38.65 +31 26 00.9          18.0  c~0AE2704
c5343K02L00V  C2009 06 16.28761 18 08 37.73 +31 26 05.0          17.9  c~0AE2704
c5343K02L00V  C2009 06 16.29748 18 08 36.88 +31 26 09.7          17.7  c~0AE2704
c5343K02L00V  C2009 06 16.30739 18 08 36.10 +31 26 14.4          17.6  c~0AE2704
c5343K02L00V  C2009 06 16.31701 18 08 35.31 +31 26 18.1          17.8  c~0AE2704
c5343K02L00V  C2009 06 17.00829 18 07 39.84 +31 31 14.6          17.0 Ri~07eQ071
c5343K02L00V  C2009 06 17.01212 18 07 39.51 +31 31 14.8          17.1 Ri~07eQ071
c5343K02L00V  C2009 06 17.01845 18 07 38.91 +31 31 17.1          17.0 Ri~07eQ071
c5343K02L00V  C2009 06 17.91775 18 06 25.31 +31 37 13.7          17.6 Vc~07RiB23
c5343K02L00V  C2009 06 17.92002 18 06 25.19 +31 37 13.9          18.3 Vc~07RiB23
c5343K02L00V  C2009 06 17.92230 18 06 24.99 +31 37 14.9          17.7 Vc~07RiB23
c5343K02L00V  C2009 06 17.92457 18 06 24.77 +31 37 15.8          18.5 Vc~07RiB23
c5343K02L00V  C2009 06 17.99565 18 06 18.15 +31 37 41.9          17.5  r~0GUhC20
c5343K02L00V  C2009 06 18.24890 18 05 57.22 +31 39 17.7          17.9 Vo~07RiH55
c5343K02L00V  C2009 06 18.25122 18 05 57.01 +31 39 18.6          18.0 Vo~07RiH55
c5343K02L00V  C2009 06 18.25354 18 05 56.80 +31 39 19.5          18.1 Vo~07RiH55
c5343K02L00V  C2009 06 18.25508 18 05 56.66 +31 39 20.1          18.1 Vo~07RiH55
c5343K02L00V  C2009 06 19.30420 18 04 25.60 +31 45 19.2          17.6 Rr~07RiH45
c5343K02L00V  C2009 06 19.30605 18 04 25.42 +31 45 19.7          17.6 Rr~07RiH45
c5343K02L00V  C2009 06 19.30797 18 04 25.24 +31 45 20.4          17.6 Rr~07RiH45
c5343K02L00V  C2009 06 19.30931 18 04 25.12 +31 45 20.9          17.7 Rr~07RiH45
c5343K02L00V  C2009 06 19.31061 18 04 25.00 +31 45 21.3          17.7 Rr~07RiH45
c5343K02L00V  C2009 06 21.33719 18 01 19.31 +31 54 31.9          18.0 Rr~07XjH45
c5343K02L00V  C2009 06 21.33861 18 01 19.16 +31 54 32.0          18.0 Rr~07XjH45
c5343K02L00V  C2009 06 21.34038 18 01 19.00 +31 54 32.6          18.0 Rr~07XjH45
c5343K02L00V  C2009 06 21.34271 18 01 18.76 +31 54 32.7          17.8 Rr~07XjH45
c5343K02L00V  C2009 06 21.34520 18 01 18.52 +31 54 33.3          17.8 Rr~07XjH45
c5343K02L00V  C2009 06 21.95964 18 00 20.41 +31 56 40.2          17.3 Rr~07XjJ27
c5343K02L00V  C2009 06 21.96471 18 00 19.68 +31 56 40.9          18.1 Vc~07Xj560
c5343K02L00V  C2009 06 21.96580 18 00 19.58 +31 56 41.1          18.1 Vc~07Xj560
c5343K02L00V  C2009 06 21.96717 18 00 19.44 +31 56 41.1          18.2 Vc~07Xj560
c5343K02L00V  C2009 06 21.97145 18 00 19.25 +31 56 42.8          17.3 Rr~07XjJ27
c5343K02L00V  C2009 06 21.97885 18 00 18.48 +31 56 44.2          17.1 Rr~07XjJ27
c5343K02L00V  C2009 06 21.97920 18 00 18.12 +31 56 45.2          17.5 Cw~07XjB40
c5343K02L00V  C2009 06 21.98248 18 00 17.74 +31 56 45.6          17.7 Cw~07XjB40
c5343K02L00V  C2009 06 21.98586 18 00 17.41 +31 56 46.3          17.1 Cw~07XjB40
c5343K02L00V  C2009 06 22.92860 17 58 44.71 +31 59 22.0          17.7  r~0GUhC20
c5343K02L00V  C2009 06 23.28453 17 58 09.07 +32 00 11.8          17.8 Rr~07XjH45
c5343K02L00V  C2009 06 23.28634 17 58 08.88 +32 00 11.9          17.7 Rr~07XjH45
c5343K02L00V  C2009 06 23.28783 17 58 08.71 +32 00 12.1          17.6 Rr~07XjH45
c5343K02L00V  C2009 06 23.28893 17 58 08.59 +32 00 12.3          17.6 Rr~07XjH45
c5343K02L00V  C2009 06 23.29027 17 58 08.46 +32 00 12.4          17.7 Rr~07XjH45
c5343K02L00V  C2009 06 23.92414 17 57 03.85 +32 01 17.4          17.8  r~0GUhC20
c5343K02L00V  C2009 06 23.96507 17 57 00.34 +32 01 24.3          16.6 Rr~07XjJ51
c5343K02L00V  C2009 06 23.96937 17 56 59.85 +32 01 25.0          16.7 Rr~07XjJ51
c5343K02L00V  C2009 06 23.97366 17 56 59.34 +32 01 25.4          16.6 Rr~07XjJ51
c5343K02L00V  C2009 06 24.88685 17 55 24.02 +32 02 17.3          17.6 Cw~07XjB09
c5343K02L00V  C2009 06 24.89098 17 55 23.53 +32 02 17.3          17.5 Cw~07XjB09
c5343K02L00V  C2009 06 24.89342 17 55 23.36 +32 02 16.2          17.4 Rr~07XjA13
c5343K02L00V  C2009 06 24.89421 17 55 23.23 +32 02 17.4          17.5 Cw~07XjB09
c5343K02L00V  C2009 06 24.90173 17 55 22.40 +32 02 17.5          17.4 Cw~07XjB09
c5343K02L00V  C2009 06 24.91606 17 55 20.85 +32 02 17.3          17.5 Rr~07XjA13
c5343K02L00V  C2009 06 24.98633 17 55 12.88 +32 02 21.6          16.8 Cw~07XjB40
c5343K02L00V  C2009 06 24.98967 17 55 12.51 +32 02 21.8          16.8 Cw~07XjB40
c5343K02L00V  C2009 06 24.99390 17 55 12.04 +32 02 22.0          16.9 Cw~07XjB40
c5343K02L00V  C2009 06 25.88720 17 53 36.62 +32 02 23.9          16.9 Cw~07XjB40
c5343K02L00V  C2009 06 25.88844 17 53 36.49 +32 02 24.3          16.8 Cw~07XjB40
c5343K02L00V  C2009 06 25.88973 17 53 36.34 +32 02 24.2          17.0 Cw~07XjB40
c5343K02L00V  C2009 06 25.94217 17 53 29.95 +32 02 20.9          18.0  r~0GUhC20
c5343K02L00V  C2009 06 26.13389 17 53 09.86 +32 02 14.7          17.3 Rr~07XjH26
c5343K02L00V  C2009 06 26.13551 17 53 09.65 +32 02 14.6          17.4 Rr~07XjH26
c5343K02L00V  C2009 06 26.13708 17 53 09.49 +32 02 13.4          17.1 Rr~07XjH26
c5343K02L00V  C2009 06 26.28576 17 52 52.45 +32 02 10.8          17.6 Rr~07XjH45
c5343K02L00V  C2009 06 26.28667 17 52 52.34 +32 02 10.7          17.4 Rr~07XjH45
c5343K02L00V  C2009 06 26.28847 17 52 52.14 +32 02 10.5          17.5 Rr~07XjH45
c5343K02L00V  C2009 06 26.29340 17 52 51.56 +32 02 10.2          17.4 Rr~07XjH45
c5343K02L00V  C2009 06 26.29790 17 52 51.04 +32 02 10.0          17.5 Rr~07XjH45
c5343K02L00V  C2009 06 27.96668 17 49 43.30 +31 59 22.1          17.1 Cw~07bxB40
c5343K02L00V  C2009 06 27.97083 17 49 42.80 +31 59 21.7          17.2 Cw~07bxB40
c5343K02L00V  C2009 06 28.92972 17 47 51.53 +31 56 23.0          17.0 Cr~07bxA81
c5343K02L00V  C2009 06 28.93310 17 47 51.09 +31 56 22.6          17.0 Cr~07bxA81
c5343K02L00V  C2009 06 28.93700 17 47 50.63 +31 56 21.6          16.8 Cr~07bxA81
c5343K02L00V  C2009 06 29.30889 17 47 06.12 +31 54 57.0          17.6 Rr~07bxH45
c5343K02L00V  C2009 06 29.30994 17 47 06.02 +31 54 56.9          17.7 Rr~07bxH45
c5343K02L00V  C2009 06 29.31414 17 47 05.49 +31 54 55.9          17.7 Rr~07bxH45
c5343K02L00V  C2009 06 29.31609 17 47 05.24 +31 54 55.4          17.6 Rr~07bxH45
c5343K02L00V  C2009 06 29.31666 17 47 05.15 +31 54 55.2          17.6 Rr~07bxH45
c5343K02L00V  C2009 06 29.96600 17 45 47.70 +31 52 02.5          17.1 Cw~07bxB40
c5343K02L00V  C2009 06 29.96858 17 45 47.35 +31 52 02.3          17.1 Cw~07bxB40
c5343K02L00V  C2009 06 29.99645 17 45 43.48 +31 51 50.1          17.6  r~0GUhC20
c5343K02L00V  C2009 06 30.16102 17 45 24.62 +31 51 05.4          16.3 Rr~07bxH53
c5343K02L00V  C2009 06 30.16380 17 45 24.29 +31 51 04.9          16.6 Rr~07bxH53
c5343K02L00V  C2009 06 30.16657 17 45 23.89 +31 51 03.5          16.7 Rr~07bxH53
c5343K02L00V  C2009 06 30.16935 17 45 23.54 +31 51 02.7          16.7 Rr~07bxH53
c5343K02L00V  C2009 06 30.17282 17 45 23.16 +31 51 02.0          16.8 Rr~07bxH53
c5343K02L00V  C2009 06 30.17560 17 45 22.75 +31 51 01.4          16.6 Rr~07bxH53
c5343K02L00V  C2009 06 30.28950 17 45 08.28 +31 50 26.4          17.2 Rr~07bxH45
c5343K02L00V  C2009 06 30.29101 17 45 08.07 +31 50 25.9          17.3 Rr~07bxH45
c5343K02L00V  C2009 06 30.30113 17 45 06.78 +31 50 22.7          17.2 Rr~07bxH45
c5343K02L00V  C2009 06 30.30219 17 45 06.65 +31 50 22.2          17.3 Rr~07byH45
c5343K02L00V  C2009 06 30.30394 17 45 06.44 +31 50 21.6          17.3 Rr~07byH45
c5343K02L00V  C2009 07 01.27522 17 43 07.03 +31 44 45.3          17.4 Rr~07byH45
c5343K02L00V  C2009 07 01.27628 17 43 06.91 +31 44 45.0          17.6 Rr~07byH45
c5343K02L00V  C2009 07 01.27744 17 43 06.74 +31 44 44.4          17.5 Rr~07byH45
c5343K02L00V  C2009 07 01.27851 17 43 06.61 +31 44 44.1          17.5 Rr~07byH45
c5343K02L00V  C2009 07 01.28124 17 43 06.25 +31 44 43.0          17.4 Rr~07byH45
c5343K02L00V  C2009 07 02.25474 17 41 04.19 +31 37 55.9          17.0  c~07by704
c5343K02L00V  C2009 07 02.26468 17 41 02.85 +31 37 51.5          17.5  c~07by704
c5343K02L00V  C2009 07 02.27457 17 41 01.56 +31 37 46.7          17.8  c~07by704
c5343K02L00V  C2009 07 02.28448 17 41 00.23 +31 37 38.8          17.6  c~07by704
c5343K02L00V  C2009 07 02.29435 17 40 58.89 +31 37 37.5          17.4  c~07by704
c5343K02L00V  C2009 07 02.89545 17 39 41.83 +31 32 45.0          17.1  r~0GUhC20
c5343K02L00V  C2009 07 03.85518 17 37 37.65 +31 24 02.6          16.9 Co~07byB88
c5343K02L00V  C2009 07 03.87660 17 37 34.21 +31 23 50.9          17.3  r~0GUhC20
c5343K02L00V  C2009 07 03.91135 17 37 29.94 +31 23 30.4          16.8 Co~07byB88
c5343K02L00V  C2009 07 03.92221 17 37 28.77 +31 23 25.2          16.7 Vr~07kiJ21
c5343K02L00V  C2009 07 03.92483 17 37 28.17 +31 23 22.7          16.8 Co~07byB88
c5343K02L00V  C2009 07 03.92735 17 37 28.04 +31 23 22.2          16.8 Vr~07kiJ21
c5343K02L00V  C2009 07 03.92757 17 37 28.02 +31 23 22.0          17.0 Vr~07kiJ21
c5343K02L00V  C2009 07 03.93249 17 37 27.31 +31 23 19.1          17.5 Vr~07kiJ21
c5343K02L00V  C2009 07 03.95237 17 37 24.35 +31 23 06.1                v~07eQ204
c5343K02L00V  C2009 07 03.96705 17 37 22.33 +31 22 57.3          17.3 Cv~07eQ204
c5343K02L00V  C2009 07 05.17970 17 34 41.01 +31 10 00.0          17.1 Rr~07eQH26
c5343K02L00V  C2009 07 05.18132 17 34 40.78 +31 09 59.1          17.1 Rr~07eQH26
c5343K02L00V  C2009 07 05.18296 17 34 40.57 +31 09 58.0          17.1 Rr~07eQH26
c5343K02L00V  C2009 07 05.18458 17 34 40.33 +31 09 56.6          17.1 Rr~07eQH26
c5343K02L00V  C2009 07 05.18619 17 34 40.10 +31 09 55.6          17.1 Rr~07eQH26
c5343K02L00V  C2009 07 05.18781 17 34 39.86 +31 09 54.4          17.0 Rr~07eQH26
c5343K02L00V  C2009 07 05.20416 17 34 37.56 +31 09 43.0          17.0 Rr~07eQH26
c5343K02L00V  C2009 07 05.20580 17 34 37.32 +31 09 41.9          17.1 Rr~07eQH26
c5343K02L00V  C2009 07 05.20744 17 34 37.07 +31 09 40.6          17.0 Rr~07eQH26
c5343K02L00V  C2009 07 05.20909 17 34 36.87 +31 09 39.5          16.9 Rr~07eQH26
c5343K02L00V  C2009 07 05.21071 17 34 36.62 +31 09 38.4          17.1 Rr~07eQH26
c5343K02L00V  C2009 07 05.21234 17 34 36.37 +31 09 37.3          17.2 Rr~07eQH26
c5343K02L00V  C2009 07 05.21396 17 34 36.19 +31 09 36.2          17.1 Rr~07eQH26
c5343K02L00V  C2009 07 05.21560 17 34 35.94 +31 09 35.1          17.3 Rr~07eQH26
c5343K02L00V  C2009 07 05.21722 17 34 35.67 +31 09 33.5          17.3 Rr~07eQH26
c5343K02L00V  C2009 07 06.20422 17 32 21.28 +30 57 25.5          17.7 Vo~07eQH55
c5343K02L00V  C2009 07 06.20726 17 32 20.86 +30 57 23.1          17.6 Vo~07eQH55
c5343K02L00V  C2009 07 06.21152 17 32 20.22 +30 57 19.7          17.6 Vo~07eQH55
c5343K02L00V  C2009 07 06.21395 17 32 19.88 +30 57 17.9          17.6 Vo~07eQH55
c5343K02L00V  C2009 07 06.21854 17 32 19.22 +30 57 14.3          17.6 Vo~07eQH55
c5343K02L00V  C2009 07 06.21976 17 32 19.05 +30 57 13.1          17.7 Vo~07eQH55
c5343K02L00V  C2009 07 06.89668 17 30 45.68 +30 48 00.2          17.1 Vc~07eQ560
c5343K02L00V  C2009 07 06.89802 17 30 45.48 +30 47 59.0          17.2 Vc~07eQ560
c5343K02L00V  C2009 07 06.89937 17 30 45.28 +30 47 57.9          17.1 Vc~07eQ560
c5343K02L00V  C2009 07 06.95323 17 30 37.67 +30 47 14.4          16.9 Vr~07eQJ75
c5343K02L00V  C2009 07 06.96226 17 30 36.32 +30 47 06.6          16.6 Vr~07eQJ75
c5343K02L00V  C2009 07 06.97135 17 30 35.05 +30 46 58.6          16.5 Vr~07eQJ75
c5343K02L00V  C2009 07 08.91833 17 25 59.02 +30 16 18.0          16.9 Vc~07eQ560
c5343K02L00V  C2009 07 08.91943 17 25 58.85 +30 16 16.8          17.0 Vc~07eQ560
c5343K02L00V  C2009 07 08.92081 17 25 58.67 +30 16 15.1          16.9 Vc~07eQ560
c5343K02L00V  C2009 07 08.92229 17 25 58.57 +30 16 14.0          15.9 Co~07q4B75
c5343K02L00V  C2009 07 08.92391 17 25 58.27 +30 16 12.4          16.7 Co~07q4B75
c5343K02L00V  C2009 07 08.92699 17 25 57.75 +30 16 08.7          16.6 Co~07q4B75
c5343K02L00V  C2009 07 09.20089 17 25 18.15 +30 11 21.1          16.9 Rr~07eQH26
c5343K02L00V  C2009 07 09.20252 17 25 17.90 +30 11 19.3          16.9 Rr~07eQH26
c5343K02L00V  C2009 07 09.20416 17 25 17.67 +30 11 17.7          16.9 Rr~07eQH26
c5343K02L00V  C2009 07 09.20579 17 25 17.43 +30 11 16.0          16.8 Rr~07eQH26
c5343K02L00V  C2009 07 09.20743 17 25 17.16 +30 11 14.1          16.9 Rr~07eQH26
c5343K02L00V  C2009 07 09.20905 17 25 16.93 +30 11 12.3          16.9 Rr~07eQH26
c5343K02L00V  C2009 07 09.21068 17 25 16.67 +30 11 10.6          16.9 Rr~07eQH26
c5343K02L00V  C2009 07 09.21233 17 25 16.44 +30 11 08.9          17.0 Rr~07eQH26
c5343K02L00V  C2009 07 09.25867 17 25 09.45 +30 10 21.2          17.2 Rr~07eQH45
c5343K02L00V  C2009 07 09.26073 17 25 09.09 +30 10 19.2          17.4 Rr~07eQH45
c5343K02L00V  C2009 07 09.26213 17 25 08.92 +30 10 17.4          17.2 Rr~07eQH45
c5343K02L00V  C2009 07 09.26383 17 25 08.66 +30 10 15.5          17.2 Rr~07eQH45
c5343K02L00V  C2009 07 09.26507 17 25 08.46 +30 10 14.3          17.4 Rr~07eQH45
c5343K02L00V  C2009 07 10.17204 17 22 56.61 +29 53 18.3          17.4 Vo~07eQH55
c5343K02L00V  C2009 07 10.17508 17 22 56.10 +29 53 14.9          17.5 Vo~07eQH55
c5343K02L00V  C2009 07 10.17965 17 22 55.44 +29 53 09.6          17.5 Vo~07eQH55
c5343K02L00V  C2009 07 10.18422 17 22 54.70 +29 53 04.0          17.5 Vo~07eQH55
c5343K02L00V  C2009 07 10.18726 17 22 54.24 +29 53 00.3          17.6 Vo~07eQH55
c5343K02L00V  C2009 07 10.18998 17 22 53.80 +29 52 57.4          17.5 Vo~07eQH55
c5343K02L00V  C2009 07 11.38246 17 19 55.88 +29 28 27.3          16.7 Vr~07eQ703
c5343K02L00V  C2009 07 11.38794 17 19 55.05 +29 28 19.8          16.7 Vr~07eQ703
c5343K02L00V  C2009 07 11.39341 17 19 54.19 +29 28 12.7          16.7 Vr~07eQ703
c5343K02L00V  C2009 07 11.39892 17 19 53.40 +29 28 03.9          16.3 Vr~07eQ703
c5343K02L00V  C2009 07 11.84939 17 18 47.02 +29 18 08.7          17.2 Vo~07eQ151
c5343K02L00V  C2009 07 11.85113 17 18 46.75 +29 18 06.4          17.2 Vo~07eQ151
c5343K02L00V  C2009 07 11.85288 17 18 46.48 +29 18 04.1          17.2 Vo~07eQ151
c5343K02L00V  C2009 07 12.22598 17 17 49.66 +29 09 38.0          16.9  c~07eQ704
c5343K02L00V  C2009 07 12.23603 17 17 48.15 +29 09 23.8          17.3  c~07eQ704
c5343K02L00V  C2009 07 12.24605 17 17 46.58 +29 09 09.0          17.6  c~07eQ704
c5343K02L00V  C2009 07 12.25614 17 17 44.93 +29 08 55.4          17.2  c~07eQ704
c5343K02L00V  C2009 07 12.26618 17 17 43.34 +29 08 41.5          17.2  c~07eQ704
c5343K02L00V  C2009 07 12.94829 17 15 59.27 +28 52 19.7          16.3 Cw~07eQ160
c5343K02L00V  C2009 07 12.95006 17 15 58.99 +28 52 17.0          16.3 Cw~07eQ160
c5343K02L00V  C2009 07 12.95181 17 15 58.71 +28 52 14.4          16.3 Cw~07eQ160
c5343K02L00V  C2009 07 13.96450 17 13 22.85 +28 26 27.3          16.5 Rr~07eQJ51
c5343K02L00V  C2009 07 13.96884 17 13 22.15 +28 26 20.3          16.5 Rr~07eQJ51
c5343K02L00V  C2009 07 13.97318 17 13 21.44 +28 26 13.4          16.5 Rr~07eQJ51
c5343K02L00V  C2009 07 14.06419 17 13 07.63 +28 24 05.7                r~07eQI21
c5343K02L00V  C2009 07 14.07611 17 13 05.74 +28 23 45.8                r~07eQI21
c5343K02L00V  C2009 07 14.08632 17 13 04.02 +28 23 30.4                r~07eQI21
c5343K02L00V  C2009 07 14.19135 17 12 47.38 +28 20 18.8          16.7 Rr~07eQH53
c5343K02L00V  C2009 07 14.19344 17 12 47.01 +28 20 15.1          16.6 Rr~07eQH53
c5343K02L00V  C2009 07 14.19552 17 12 46.74 +28 20 12.1          16.7 Rr~07eQH53
c5343K02L00V  C2009 07 14.19760 17 12 46.38 +28 20 08.6          16.8 Rr~07eQH53
c5343K02L00V  C2009 07 14.19969 17 12 46.00 +28 20 04.6          16.6 Rr~07eQH53
c5343K02L00V  C2009 07 14.20177 17 12 45.73 +28 20 01.7          16.7 Rr~07eQH53
c5343K02L00V  C2009 07 14.84651 17 11 05.34 +28 02 07.6          16.6 Cw~07eQ160
c5343K02L00V  C2009 07 14.84819 17 11 05.06 +28 02 04.7          16.6 Cw~07eQ160
c5343K02L00V  C2009 07 14.84985 17 11 04.80 +28 02 01.9          16.6 Cw~07eQ160
c5343K02L00V  C2009 07 14.89572 17 10 57.27 +28 00 43.8          16.3 Vc~07eQ560
c5343K02L00V  C2009 07 14.89579 17 10 57.21 +28 00 43.1          16.1 Vc~07eQB23
c5343K02L00V  C2009 07 14.89657 17 10 57.08 +28 00 41.8          16.2 Vc~07eQB23
c5343K02L00V  C2009 07 14.89735 17 10 56.95 +28 00 40.5          16.0 Vc~07eQB23
c5343K02L00V  C2009 07 14.89738 17 10 56.99 +28 00 40.9          16.4 Vc~07eQ560
c5343K02L00V  C2009 07 14.89812 17 10 56.83 +28 00 39.1          16.3 Vc~07eQB23
c5343K02L00V  C2009 07 14.89891 17 10 56.69 +28 00 37.8          16.2 Vc~07eQB23
c5343K02L00V  C2009 07 14.89893 17 10 56.74 +28 00 38.3          16.4 Vc~07eQ560
c5343K02L00V  C2009 07 15.48939 17 09 23.91 +27 43 29.3          16.8 Vr~07eQ379
c5343K02L00V  C2009 07 15.49882 17 09 22.37 +27 43 12.5          16.9 Vr~07eQ379
c5343K02L00V  C2009 07 15.50067 17 09 22.08 +27 43 09.7          16.8 Vr~07eQ379
c5343K02L00V  C2009 07 15.50509 17 09 21.32 +27 43 01.7          16.6 Vr~07eQ379
c5343K02L00V  C2009 07 15.50694 17 09 21.02 +27 42 58.3          16.5 Vr~07eQ379
c5343K02L00V  C2009 07 15.50880 17 09 20.71 +27 42 55.0          16.5 Vr~07eQ379
c5343K02L00V  C2009 07 15.51685 17 09 19.41 +27 42 40.9          16.6 Vr~07eQ379
c5343K02L00V  C2009 07 15.52078 17 09 18.75 +27 42 33.9          16.6 Vr~07eQ379
c5343K02L00V  C2009 07 15.52263 17 09 18.44 +27 42 30.3          16.5 Vr~07eQ379
c5343K02L00V  C2009 07 15.52448 17 09 18.12 +27 42 26.9          16.6 Vr~07eQ379
c5343K02L00V  C2009 07 15.62206 17 09 01.85 +27 39 29.3          16.5 Rm~0AYa355
c5343K02L00V  C2009 07 15.62279 17 09 01.74 +27 39 28.9                m~0AYa355
c5343K02L00V  C2009 07 15.62422 17 09 01.52 +27 39 26.1                m~0AYa355
c5343K02L00V  C2009 07 15.62494 17 09 01.40 +27 39 24.7                m~0AYa355
c5343K02L00V  C2009 07 15.89622 17 08 18.97 +27 31 07.0                c~07ki127
c5343K02L00V  C2009 07 15.90490 17 08 17.51 +27 30 50.7                c~07ki127
c5343K02L00V  C2009 07 15.90954 17 08 16.76 +27 30 42.4                c~07ki127
c5343K02L00V  C2009 07 15.91381 17 08 16.06 +27 30 34.3                c~07ki127
c5343K02L00V  C2009 07 15.91543 17 08 16.23 +27 30 38.9          15.2 Cw~07eQJ46
c5343K02L00V  C2009 07 15.92079 17 08 15.31 +27 30 29.3          15.1 Cw~07eQJ46
c5343K02L00V  C2009 07 15.92576 17 08 14.47 +27 30 20.1          16.1 Cw~07eQJ46
c5343K02L00V  C2009 07 16.83647 17 05 48.77 +27 01 19.9          17.2 Vo~07eQ151
c5343K02L00V  C2009 07 16.83823 17 05 48.45 +27 01 16.5          17.4 Vo~07eQ151
c5343K02L00V  C2009 07 16.83998 17 05 48.13 +27 01 13.1          17.2 Vo~07eQ151
c5343K02L00V  C2009 07 16.89132 17 05 39.59 +26 59 31.2                c~07ki127
c5343K02L00V  C2009 07 16.89763 17 05 38.53 +26 59 18.7                c~07ki127
c5343K02L00V  C2009 07 16.90209 17 05 37.77 +26 59 09.6                c~07ki127
c5343K02L00V  C2009 07 16.90583 17 05 37.16 +26 59 02.1                c~07ki127
c5343K02L00V  C2009 07 17.16869 17 04 54.70 +26 50 20.9          17.1 Rr~07eQH26
c5343K02L00V  C2009 07 17.16910 17 04 54.62 +26 50 20.4          17.1 Rr~07eQH26
c5343K02L00V  C2009 07 17.16949 17 04 54.59 +26 50 19.3          16.9 Rr~07eQH26
c5343K02L00V  C2009 07 17.16988 17 04 54.51 +26 50 18.7          16.8 Rr~07eQH26
c5343K02L00V  C2009 07 17.17028 17 04 54.44 +26 50 18.0          16.9 Rr~07eQH26
c5343K02L00V  C2009 07 17.17067 17 04 54.38 +26 50 17.2          16.8 Rr~07eQH26
c5343K02L00V  C2009 07 17.17105 17 04 54.33 +26 50 16.4          16.8 Rr~07eQH26
c5343K02L00V  C2009 07 17.17145 17 04 54.26 +26 50 15.3          16.8 Rr~07eQH26
c5343K02L00V  C2009 07 17.17185 17 04 54.19 +26 50 15.0          16.8 Rr~07eQH26
c5343K02L00V  C2009 07 17.17225 17 04 54.10 +26 50 14.0          16.9 Rr~07eQH26
c5343K02L00V  C2009 07 17.17265 17 04 54.03 +26 50 13.3          17.1 Rr~07eQH26
c5343K02L00V  C2009 07 17.17304 17 04 53.96 +26 50 12.7          17.0 Rr~07eQH26
c5343K02L00V  C2009 07 17.17343 17 04 53.91 +26 50 11.6          16.9 Rr~07eQH26
c5343K02L00V  C2009 07 17.17382 17 04 53.85 +26 50 10.9          16.8 Rr~07eQH26
c5343K02L00V  C2009 07 17.17421 17 04 53.78 +26 50 10.2          16.8 Rr~07eQH26
c5343K02L00V  C2009 07 17.17459 17 04 53.69 +26 50 09.2          17.0 Rr~07eQH26
c5343K02L00V  C2009 07 17.17499 17 04 53.63 +26 50 08.8          16.8 Rr~07eQH26
c5343K02L00V  C2009 07 17.17537 17 04 53.57 +26 50 07.9          16.9 Rr~07eQH26
c5343K02L00V  C2009 07 17.17576 17 04 53.54 +26 50 06.7          16.9 Rr~07eQH26
c5343K02L00V  C2009 07 17.17616 17 04 53.46 +26 50 06.0          16.8 Rr~07eQH26
c5343K02L00V  C2009 07 17.17654 17 04 53.41 +26 50 04.8          17.0 Rr~07eQH26
c5343K02L00V  C2009 07 17.17693 17 04 53.33 +26 50 04.3          17.0 Rr~07eQH26
c5343K02L00V  C2009 07 17.17731 17 04 53.26 +26 50 03.6          17.1 Rr~07eRH26
c5343K02L00V  C2009 07 17.17771 17 04 53.17 +26 50 02.7          16.9 Rr~07eRH26
c5343K02L00V  C2009 07 17.17810 17 04 53.13 +26 50 02.3          16.9 Rr~07eRH26
c5343K02L00V  C2009 07 17.17851 17 04 53.05 +26 50 01.4          16.8 Rr~07eRH26
c5343K02L00V  C2009 07 17.17889 17 04 52.99 +26 50 01.0          16.9 Rr~07eRH26
c5343K02L00V  C2009 07 17.17928 17 04 52.92 +26 50 00.0          16.8 Rr~07eRH26
c5343K02L00V  C2009 07 17.17968 17 04 52.87 +26 49 59.1          17.0 Rr~07eRH26
c5343K02L00V  C2009 07 17.18006 17 04 52.79 +26 49 58.3          16.9 Rr~07eRH26
c5343K02L00V  C2009 07 17.18045 17 04 52.70 +26 49 57.2          17.0 Rr~07eRH26
c5343K02L00V  C2009 07 17.18084 17 04 52.65 +26 49 56.7          17.0 Rr~07eRH26
c5343K02L00V  C2009 07 17.18124 17 04 52.60 +26 49 56.0          16.7 Rr~07eRH26
c5343K02L00V  C2009 07 17.18163 17 04 52.56 +26 49 55.4          16.7 Rr~07eRH26
c5343K02L00V  C2009 07 17.18203 17 04 52.45 +26 49 54.4          16.9 Rr~07eRH26
c5343K02L00V  C2009 07 17.18242 17 04 52.41 +26 49 54.0          16.8 Rr~07eRH26
c5343K02L00V  C2009 07 17.18281 17 04 52.33 +26 49 52.8          17.0 Rr~07eRH26
c5343K02L00V  C2009 07 17.18321 17 04 52.22 +26 49 51.9          17.0 Rr~07eRH26
c5343K02L00V  C2009 07 17.18359 17 04 52.18 +26 49 50.9          17.0 Rr~07eRH26
c5343K02L00V  C2009 07 17.18398 17 04 52.12 +26 49 50.2          16.9 Rr~07eRH26
c5343K02L00V  C2009 07 17.91686 17 02 53.61 +26 24 43.4          16.5 Rr~07kiJ51
c5343K02L00V  C2009 07 17.92521 17 02 52.20 +26 24 25.8          16.7 Rr~07kiJ51
c5343K02L00V  C2009 07 17.93493 17 02 50.55 +26 24 05.3          16.3 Rr~07kiJ51
c5343K02L00V  C2009 07 18.23566 17 02 00.63 +26 13 18.0          16.4 Rr~07kiH45
c5343K02L00V  C2009 07 18.23711 17 02 00.41 +26 13 14.7          16.5 Rr~07kiH45
c5343K02L00V  C2009 07 18.24044 17 01 59.83 +26 13 07.4          16.5 Rr~07kiH45
c5343K02L00V  C2009 07 18.24207 17 01 59.55 +26 13 03.8          16.5 Rr~07kiH45
c5343K02L00V  C2009 07 18.24322 17 01 59.34 +26 13 01.2          16.4 Rr~07kiH45
c5343K02L00V  C2009 07 18.88734 17 00 14.10 +25 49 16.0          15.8 Rc~07kiA53
c5343K02L00V  C2009 07 18.89100 17 00 13.46 +25 49 07.8          16.1 Rc~07kiA53
c5343K02L00V  C2009 07 18.89574 17 00 12.65 +25 48 56.9          16.0 Rc~07kiA53
c5343K02L00V  C2009 07 18.91502 17 00 09.33 +25 48 13.7          16.0 Ra~07ki233
c5343K02L00V  C2009 07 18.92089 17 00 08.31 +25 48 00.4          16.1 Ra~07ki233
c5343K02L00V  C2009 07 18.92545 17 00 07.49 +25 47 49.5          16.2 Ra~07ki233
c5343K02L00V  C2009 07 19.86072 16 57 32.97 +25 11 28.1          16.2 Co~07q4B75
c5343K02L00V  C2009 07 19.86278 16 57 32.66 +25 11 23.2          16.3 Co~07q4B75
c5343K02L00V  C2009 07 19.86405 16 57 32.41 +25 11 20.1          16.3 Co~07q4B75
c5343K02L00V  C2009 07 20.83926 16 54 49.24 +24 31 00.6          16.8 Vo~07ki151
c5343K02L00V  C2009 07 20.84101 16 54 48.93 +24 30 56.1          16.9 Vo~07ki151
c5343K02L00V  C2009 07 20.84276 16 54 48.64 +24 30 51.6          16.9 Vo~07kj151
c5343K02L00V  C2009 07 20.84402 16 54 48.39 +24 30 49.3          16.0 Vv~07kj434
c5343K02L00V  C2009 07 20.84592 16 54 47.94 +24 30 44.4          15.4 Vv~07kj434
c5343K02L00V  C2009 07 20.84728 16 54 47.76 +24 30 42.3          15.3 Vv~07kj434
c5343K02L00V  C2009 07 20.84901 16 54 47.51 +24 30 37.0          15.8 Vv~07kj434
c5343K02L00V  C2009 07 20.94355 16 54 30.91 +24 26 32.0          16.0 Rr~07kj130
c5343K02L00V  C2009 07 20.94456 16 54 30.74 +24 26 29.5          15.9 Rr~07kj130
c5343K02L00V  C2009 07 20.94606 16 54 30.48 +24 26 25.5          16.1 Rr~07kj130
c5343K02L00V  C2009 07 20.94657 16 54 30.39 +24 26 24.3          16.0 Rr~07kj130
c5343K02L00V  C2009 07 21.20818 16 53 46.27 +24 15 08.6          16.1 Rr~07kjH53
c5343K02L00V  C2009 07 21.21026 16 53 46.16 +24 15 02.5          16.0 Rr~07kjH53
c5343K02L00V  C2009 07 21.21234 16 53 45.61 +24 14 57.8          16.2 Rr~07kjH53
c5343K02L00V  C2009 07 21.21443 16 53 45.13 +24 14 51.9          16.1 Rr~07kjH53
c5343K02L00V  C2009 07 21.21724 16 53 44.64 +24 14 43.8          16.0 Rr~07kjH53
c5343K02L00V  C2009 07 21.21932 16 53 44.30 +24 14 39.2          16.0 Rr~07kjH53
c5343K02L00V  C2009 07 21.83802 16 52 00.28 +23 47 05.3          16.9 Vo~07kj151
c5343K02L00V  C2009 07 21.83889 16 52 00.13 +23 47 03.0          16.9 Vo~07kj151
c5343K02L00V  C2009 07 21.83977 16 51 59.98 +23 47 00.6          16.9 Vo~07kj151
c5343K02L00V  C2009 07 21.84064 16 51 59.82 +23 46 58.2          17.0 Vo~07kj151
c5343K02L00V  C2009 07 21.84152 16 51 59.67 +23 46 55.8          16.9 Vo~07kj151
c5343K02L00V  C2009 07 21.84240 16 51 59.52 +23 46 53.4          16.9 Vo~07kj151
c5343K02L00V  C2009 07 21.84327 16 51 59.36 +23 46 51.1          16.8 Vo~07kj151
c5343K02L00V  C2009 07 21.86319 16 51 55.80 +23 45 57.5          16.3 Rc~07kjA53
c5343K02L00V  C2009 07 21.86819 16 51 54.91 +23 45 43.5          15.9 Co~07q4B75
c5343K02L00V  C2009 07 21.86830 16 51 54.91 +23 45 44.0          16.2 Rc~07kjA53
c5343K02L00V  C2009 07 21.87044 16 51 54.52 +23 45 37.2          16.3 Co~07q4B75
c5343K02L00V  C2009 07 21.87133 16 51 54.35 +23 45 34.9          16.0 Co~07q4B75
c5343K02L00V  C2009 07 21.87779 16 51 53.19 +23 45 17.5          16.4 Rc~07kjA53
c5343K02L00V  C2009 07 21.88181 16 51 52.49 +23 45 06.7          16.2 Rc~07kjA53
c5343K02L00V  C2009 07 22.20946 16 50 56.27 +23 30 07.0          16.1 Rr~07kjH45
c5343K02L00V  C2009 07 22.21058 16 50 56.07 +23 30 03.8          16.2 Rr~07kjH45
c5343K02L00V  C2009 07 22.21171 16 50 55.87 +23 30 00.8          16.1 Rr~07kjH45
c5343K02L00V  C2009 07 22.21356 16 50 55.54 +23 29 55.4          16.1 Rr~07kjH45
c5343K02L00V  C2009 07 22.21462 16 50 55.35 +23 29 52.5          16.1 Rr~07kjH45
c5343K02L00V  C2009 07 22.21574 16 50 55.14 +23 29 49.3          16.1 Rr~07kjH45
c5343K02L00V  C2009 07 22.93462 16 48 52.22 +22 55 42.3          16.5 Rc~07kjJ08
c5343K02L00V  C2009 07 23.83304 16 46 17.71 +22 10 59.6          16.5 Vc~07kjA48
c5343K02L00V  C2009 07 23.83633 16 46 17.13 +22 10 49.2          16.5 Vc~07kjA48
c5343K02L00V  C2009 07 23.83962 16 46 16.54 +22 10 38.8          16.6 Vc~07kjA48
c5343K02L00V  C2009 07 23.84291 16 46 15.89 +22 10 28.9          16.6 Vc~07kjA48
c5343K02L00V  C2009 07 23.87273 16 46 11.14 +22 09 03.9          16.4 Rr~07kjJ51
c5343K02L00V  C2009 07 23.87441 16 46 10.17 +22 08 51.2          16.3 Vv~07kjB28
c5343K02L00V  C2009 07 23.87987 16 46 09.18 +22 08 34.5          16.7 Vv~07kjB28
c5343K02L00V  C2009 07 23.88193 16 46 09.47 +22 08 35.8          16.4 Rr~07kjJ51
c5343K02L00V  C2009 07 23.88392 16 46 08.45 +22 08 22.0          16.5 Vv~07kjB28
c5343K02L00V  C2009 07 23.88802 16 46 07.70 +22 08 09.3          16.4 Vv~07kjB28
c5343K02L00V  C2009 07 23.89081 16 46 07.86 +22 08 08.7          16.4 Rr~07kjJ51
c5343K02L00V  C2009 07 24.23865 16 45 06.24 +21 50 02.8          16.5 Rr~07kjH45
c5343K02L00V  C2009 07 24.24028 16 45 05.95 +21 49 57.7          16.7 Rr~07kjH45
c5343K02L00V  C2009 07 24.24102 16 45 05.81 +21 49 55.3          16.6 Rr~07kjH45
c5343K02L00V  C2009 07 24.24214 16 45 05.61 +21 49 51.7          16.6 Rr~07kjH45
c5343K02L00V  C2009 07 24.24338 16 45 05.38 +21 49 47.7          16.5 Rr~07kjH45
c5343K02L00V  C2009 07 25.83073 16 40 27.95 +20 22 47.0          16.5 Vo~07q4151
c5343K02L00V  C2009 07 25.83117 16 40 27.88 +20 22 45.7          16.7 Vo~07q4151
c5343K02L00V  C2009 07 25.83161 16 40 27.82 +20 22 44.4          16.7 Vo~07q4151
c5343K02L00V  C2009 07 25.83205 16 40 27.69 +20 22 42.4          16.7 Vo~07q4151
c5343K02L00V  C2009 07 25.83293 16 40 27.51 +20 22 39.1          16.8 Vo~07q4151
c5343K02L00V  C2009 07 25.83380 16 40 27.37 +20 22 36.4          16.9 Vo~07q4151
c5343K02L00V  C2009 07 25.83468 16 40 27.20 +20 22 33.6          16.9 Vo~07q4151
c5343K02L00V  C2009 07 25.83555 16 40 27.04 +20 22 30.4          17.0 Vo~07q4151
c5343K02L00V  C2009 07 25.83643 16 40 26.89 +20 22 27.3          16.9 Vo~07q4151
c5343K02L00V  C2009 07 25.85576 16 40 23.25 +20 21 21.7          16.1 Rc~07q4A53
c5343K02L00V  C2009 07 25.86269 16 40 21.96 +20 20 57.8          16.1 Rc~07q4A53
c5343K02L00V  C2009 07 25.87000 16 40 20.64 +20 20 32.7          16.2 Rc~07q4A53
c5343K02L00V  C2009 07 26.83070 16 37 30.06 +19 23 52.8          16.4 Cw~07q4160
c5343K02L00V  C2009 07 26.83198 16 37 29.82 +19 23 48.2          16.5 Cw~07q4160
c5343K02L00V  C2009 07 26.83327 16 37 29.58 +19 23 43.4          16.5 Cw~07q4160
c5343K02L00V  C2009 07 26.84982 16 37 26.44 +19 22 42.4          16.4 Vv~07q4B28
c5343K02L00V  C2009 07 26.85334 16 37 25.78 +19 22 29.5          16.3 Vv~07q4B28
c5343K02L00V  C2009 07 26.85889 16 37 24.74 +19 22 09.1          16.3 Vv~07q4B28
c5343K02L00V  C2009 07 26.86572 16 37 23.48 +19 21 44.1          16.2 Vv~07q4B28
c5343K02L00V  C2009 07 26.92307 16 37 13.36 +19 18 22.8          16.0 Rr~07q4J51
c5343K02L00V  C2009 07 26.92858 16 37 12.31 +19 18 02.5          16.1 Rr~07q4J51
c5343K02L00V  C2009 07 26.93538 16 37 10.99 +19 17 37.6          16.1 Rr~07q4J51
c5343K02L00V  C2009 07 26.93539 16 37 10.75 +19 17 32.3          16.1 Rr~07q4J53
c5343K02L00V  C2009 07 26.93682 16 37 10.48 +19 17 27.0          16.0 Rr~07q4J53
c5343K02L00V  C2009 07 26.93730 16 37 10.40 +19 17 25.2          16.0 Rr~07q4J53
c5343K02L00V  C2009 07 27.24427 16 36 14.91 +18 58 33.5          16.5 Rr~07q4H45
c5343K02L00V  C2009 07 27.24510 16 36 14.76 +18 58 30.4          16.4 Rr~07q4H45
c5343K02L00V  C2009 07 27.24629 16 36 14.53 +18 58 25.8          16.3 Rr~07q4H45
c5343K02L00V  C2009 07 27.24745 16 36 14.32 +18 58 21.5          16.4 Rr~07q4H45
c5343K02L00V  C2009 07 27.24827 16 36 14.17 +18 58 18.4          16.2 Rr~07q4H45
c5343K02L00V  C2009 07 27.24908 16 36 14.02 +18 58 15.4          16.2 Rr~07q4H45
c5343K02L00V  C2009 07 27.88571 16 34 19.94 +18 18 04.9          16.4 Cr~07q4A81
c5343K02L00V  C2009 07 27.88759 16 34 19.57 +18 17 57.6          16.3 Cr~07q4A81
c5343K02L00V  C2009 07 27.88947 16 34 19.22 +18 17 50.2          16.2 Cr~07q4A81
c5343K02L00V  C2009 07 27.89134 16 34 18.87 +18 17 43.1          16.2 Cr~07q4A81
c5343K02L00V  C2009 07 27.89360 16 34 18.45 +18 17 34.4          16.3 Cr~07q4A81
c5343K02L00V  C2009 07 28.82067 16 31 30.65 +17 16 32.3          15.8 Cw~07q4160
c5343K02L00V  C2009 07 28.82185 16 31 30.42 +17 16 27.5          15.8 Cw~07q4160
c5343K02L00V  C2009 07 28.82321 16 31 30.17 +17 16 22.1          15.8 Cw~07q4160
c5343K02L00V  C2009 07 28.83113 16 31 28.70 +17 15 49.0          16.3 Vo~07q4151
c5343K02L00V  C2009 07 28.83156 16 31 28.61 +17 15 47.1          16.3 Vo~07q4151
c5343K02L00V  C2009 07 28.83200 16 31 28.53 +17 15 45.1          16.3 Vo~07q4151
c5343K02L00V  C2009 07 28.83244 16 31 28.45 +17 15 43.3          16.5 Vo~07q4151
c5343K02L00V  C2009 07 28.83288 16 31 28.38 +17 15 41.4          16.7 Vo~07q4151
c5343K02L00V  C2009 07 28.83331 16 31 28.29 +17 15 39.5          16.6 Vo~07q4151
c5343K02L00V  C2009 07 28.83375 16 31 28.20 +17 15 37.7          16.4 Vo~07q4151
c5343K02L00V  C2009 07 28.83419 16 31 28.11 +17 15 36.2          16.6 Vo~07q4151
c5343K02L00V  C2009 07 28.83463 16 31 28.03 +17 15 34.4          16.5 Vo~07q4151
c5343K02L00V  C2009 07 28.83507 16 31 27.95 +17 15 32.6          16.5 Vo~07q4151
c5343K02L00V  C2009 07 28.83550 16 31 27.87 +17 15 30.8          16.5 Vo~07q4151
c5343K02L00V  C2009 07 28.83594 16 31 27.78 +17 15 29.1          16.6 Vo~07q4151
c5343K02L00V  C2009 07 28.83638 16 31 27.68 +17 15 27.3          16.5 Vo~07q4151
c5343K02L00V  C2009 07 28.83682 16 31 27.61 +17 15 25.5          16.5 Vo~07q4151
c5343K02L00V  C2009 07 28.83726 16 31 27.54 +17 15 23.9          16.4 Vo~07q4151
c5343K02L00V  C2009 07 28.84847 16 31 25.29 +17 14 38.4          15.6 Vv~07q4B28
c5343K02L00V  C2009 07 28.85330 16 31 24.36 +17 14 18.8          15.9 Vv~07q4B28
c5343K02L00V  C2009 07 28.85434 16 31 24.23 +17 14 15.1          16.2 Vc~07q4560
c5343K02L00V  C2009 07 28.85449 16 31 24.20 +17 14 14.6          16.2 Vc~07q4560
c5343K02L00V  C2009 07 28.85722 16 31 23.69 +17 14 03.5          16.3 Vc~07q4560
c5343K02L00V  C2009 07 28.85917 16 31 23.25 +17 13 55.0          15.9 Vv~07q4B28
c5343K02L00V  C2009 07 28.99136 16 30 59.77 +17 05 31.5                r~07q4I21
c5343K02L00V  C2009 07 28.99756 16 30 58.60 +17 05 06.6                r~07q4I21
c5343K02L00V  C2009 07 29.83296 16 28 24.60 +16 06 20.3          17.1 Vo~07q4151
c5343K02L00V  C2009 07 29.83471 16 28 24.27 +16 06 12.9          17.1 Vo~07q4151
c5343K02L00V  C2009 07 29.83646 16 28 23.93 +16 06 05.5          17.0 Vo~07q4151
c5343K02L00V  C2009 07 29.86719 16 28 17.94 +16 03 54.4          15.9 Vc~07q4560
c5343K02L00V  C2009 07 29.86932 16 28 17.53 +16 03 45.3          15.9 Vc~07q4560
c5343K02L00V  C2009 07 29.87060 16 28 17.28 +16 03 39.6          16.0 Vc~07q4560
c5343K02L00V  C2009 07 30.05859 16 27 42.61 +15 50 46.3                r~07q5I21
c5343K02L00V  C2009 07 30.06163 16 27 41.93 +15 50 33.2                r~07q5I21
c5343K02L00V  C2009 07 30.22258 16 27 11.77 +15 38 25.0          16.2 Vr~07q5703
c5343K02L00V  C2009 07 30.22807 16 27 10.65 +15 38 01.1          16.1 Vr~07q5703
c5343K02L00V  C2009 07 30.23338 16 27 09.68 +15 37 37.4          16.1 Vr~07q5703
c5343K02L00V  C2009 07 30.23869 16 27 08.60 +15 37 14.5          16.1 Vr~07q5703
c5343K02L00V  C2009 07 30.46802 16 26 26.76 +15 20 28.0          16.4 Vr~07q5379
c5343K02L00V  C2009 07 30.47303 16 26 25.79 +15 20 06.0          16.6 Vr~07q5379
c5343K02L00V  C2009 07 30.47487 16 26 25.44 +15 19 58.3          16.6 Vr~07q5379
c5343K02L00V  C2009 07 30.47674 16 26 25.05 +15 19 49.6          16.5 Vr~07q5379
c5343K02L00V  C2009 07 30.48064 16 26 24.28 +15 19 32.5          16.2 Vr~07q5379
c5343K02L00V  C2009 07 30.48249 16 26 23.93 +15 19 24.4          16.2 Vr~07q5379
c5343K02L00V  C2009 07 30.49041 16 26 22.35 +15 18 48.9          16.3 Vr~07q5379
c5343K02L00V  C2009 07 30.50052 16 26 20.38 +15 18 04.2          15.9 Vr~07q5379
c5343K02L00V  C2009 07 30.50237 16 26 20.03 +15 17 56.1          15.8 Vr~07q5379
c5343K02L00V  C2009 07 30.50961 16 26 18.56 +15 17 23.8          15.9 Vr~07q5379
c5343K02L00V  C2009 07 30.51146 16 26 18.21 +15 17 15.8          15.8 Vr~07q5379
c5343K02L00V  C2009 07 30.51331 16 26 17.88 +15 17 07.8          15.9 Vr~07q5379
c5343K02L00V  C2009 07 30.83596 16 25 17.97 +14 53 03.2          16.3 Co~07q5B88
c5343K02L00V  C2009 07 30.83881 16 25 17.43 +14 52 50.5          16.3 Co~07q5B88
c5343K02L00V  C2009 07 30.84123 16 25 16.94 +14 52 39.6          16.5 Co~07q5B88
c5343K02L00V  C2009 07 30.91017 16 25 03.98 +14 47 36.8          16.0 Rr~07q5J51
c5343K02L00V  C2009 07 30.91755 16 25 02.52 +14 47 03.4          16.0 Rr~07q5J51
c5343K02L00V  C2009 07 30.92465 16 25 01.12 +14 46 31.2          16.0 Rr~07q5J51
c5343K02L00V  C2009 08 01.88554 16 18 49.07 +12 11 16.1          16.6 Rr~07q5J51
c5343K02L00V  C2009 08 01.89046 16 18 48.08 +12 10 51.6          16.6 Rr~07q5J51
c5343K02L00V  C2009 08 01.89539 16 18 47.09 +12 10 27.1          16.6 Rr~07q5J51
c5343K02L00V  C2009 08 02.14169 16 17 59.18 +11 49 45.5          16.2 Rr~07q5H53
c5343K02L00V  C2009 08 02.14377 16 17 58.72 +11 49 34.8          16.2 Rr~07q5H53
c5343K02L00V  C2009 08 02.14586 16 17 58.30 +11 49 24.6          16.4 Rr~07q5H53
c5343K02L00V  C2009 08 02.14794 16 17 57.91 +11 49 14.0          16.3 Rr~07q5H53
c5343K02L00V  C2009 08 02.15002 16 17 57.50 +11 49 03.6          16.2 Rr~07q5H53
c5343K02L00V  C2009 08 02.15211 16 17 57.17 +11 48 53.3          16.4 Rr~07q5H53
c5343K02L00V  C2009 08 03.17405 16 14 37.67 +10 20 39.6          15.7 Rr~07q5H53
c5343K02L00V  C2009 08 03.17543 16 14 37.46 +10 20 31.9          15.9 Rr~07q5H53
c5343K02L00V  C2009 08 03.17682 16 14 37.12 +10 20 25.1          15.9 Rr~07q5H53
c5343K02L00V  C2009 08 03.17821 16 14 37.01 +10 20 18.1          15.9 Rr~07q5H53
c5343K02L00V  C2009 08 03.17960 16 14 36.51 +10 20 10.2          15.9 Rr~07q5H53
c5343K02L00V  C2009 08 03.18099 16 14 36.28 +10 20 02.3          15.9 Rr~07q5H53
c5343K02L00V  C2009 08 03.47987 16 13 38.02 +09 53 27.0          16.6 Vr~07q5379
c5343K02L00V  C2009 08 03.48568 16 13 36.83 +09 52 56.1          16.6 Vr~07q5379
c5343K02L00V  C2009 08 03.48753 16 13 36.44 +09 52 45.9          16.7 Vr~07q5379
c5343K02L00V  C2009 08 03.48939 16 13 36.06 +09 52 35.9          16.6 Vr~07q5379
c5343K02L00V  C2009 08 03.49760 16 13 34.33 +09 51 51.1          16.3 Vr~07q5379
c5343K02L00V  C2009 08 03.49946 16 13 33.96 +09 51 41.5          16.2 Vr~07q5379
c5343K02L00V  C2009 08 03.50131 16 13 33.57 +09 51 31.3          16.1 Vr~07q5379
c5343K02L00V  C2009 08 03.50530 16 13 32.75 +09 51 09.9          16.0 Vr~07q5379
c5343K02L00V  C2009 08 03.50715 16 13 32.36 +09 50 59.7          15.9 Vr~07q5379
c5343K02L00V  C2009 08 03.50900 16 13 31.97 +09 50 49.4          16.0 Vr~07q5379
c5343K02L00V  C2009 08 03.51323 16 13 31.07 +09 50 26.6          16.0 Vr~07q5379
c5343K02L00V  C2009 08 03.51508 16 13 30.72 +09 50 17.0          16.0 Vr~07q5379
c5343K02L00V  C2009 08 03.51693 16 13 30.33 +09 50 06.8          15.8 Vr~07q5379
c5343K02L00V  C2009 08 03.87231 16 12 20.35 +09 17 50.2          16.1 Cw~07q5J05
c5343K02L00V  C2009 08 03.87468 16 12 19.86 +09 17 37.2          16.1 Cw~07q5J05
c5343K02L00V  C2009 08 03.87731 16 12 19.31 +09 17 22.8          16.1 Cw~07q5J05
c5343K02L00V  C2009 08 04.11556 16 11 31.77 +08 55 30.5          16.2 Rr~07q5H53
c5343K02L00V  C2009 08 04.11658 16 11 31.51 +08 55 24.1          16.5 Rr~07q5H53
c5343K02L00V  C2009 08 04.11755 16 11 31.45 +08 55 18.4          16.2 Rr~07q5H53
c5343K02L00V  C2009 08 04.11859 16 11 31.08 +08 55 13.5          16.2 Rr~07q5H53
c5343K02L00V  C2009 08 04.11964 16 11 30.90 +08 55 07.4          16.4 Rr~07q5H53
c5343K02L00V  C2009 08 04.12068 16 11 30.66 +08 55 01.8          16.2 Rr~07q5H53
c5343K02L00V  C2009 08 04.85606 16 09 02.95 +07 45 46.2          15.8 Co~08BQB75
c5343K02L00V  C2009 08 04.85830 16 09 02.48 +07 45 34.2          16.0 Co~08BQB75
c5343K02L00V  C2009 08 04.85949 16 09 02.25 +07 45 27.4          16.1 Co~08BQB75
c5343K02L00V  C2009 08 05.19723 16 07 53.10 +07 12 57.0          16.2 Rr~08BQH45
c5343K02L00V  C2009 08 05.19877 16 07 52.77 +07 12 48.1          16.1 Rr~08BQH45
c5343K02L00V  C2009 08 05.20091 16 07 52.32 +07 12 35.4          16.3 Rr~08BQH45
c5343K02L00V  C2009 08 05.20311 16 07 51.86 +07 12 22.6          16.0 Rr~08BQH45
c5343K02L00V  C2009 08 05.20510 16 07 51.43 +07 12 10.8          16.1 Rr~08BQH45
c5343K02L00V  C2009 08 05.87161 16 05 35.45 +06 06 21.1          15.7 Co~08F0B75
c5343K02L00V  C2009 08 05.87258 16 05 35.24 +06 06 15.2          15.7 Co~08F0B75
c5343K02L00V  C2009 08 05.87507 16 05 34.73 +06 06 00.3          15.7 Co~08F0B75
c5343K02L00V  C2009 08 06.85760 16 02 10.16 +04 25 29.5          15.9 Cw~08BQ160
c5343K02L00V  C2009 08 06.85885 16 02 09.89 +04 25 21.6          15.5 Cw~08BQ160
c5343K02L00V  C2009 08 06.85998 16 02 09.63 +04 25 14.5          15.6 Cw~08BQ160
c5343K02L00V  C2009 08 06.95208 16 01 49.88 +04 15 31.7          16.8 Vo~08BQ510
c5343K02L00V  C2009 08 06.95989 16 01 48.22 +04 14 43.4          17.4 Vo~08BQ510
c5343K02L00V  C2009 08 06.96771 16 01 46.56 +04 13 53.2          16.6 Vo~08BQ510
c5343K02L00V  C2009 08 07.86184 15 58 37.20 +02 38 27.1          16.4 Rr~08BQJ51
c5343K02L00V  C2009 08 07.87003 15 58 35.33 +02 37 33.4          16.5 Rr~08BQJ51
c5343K02L00V  C2009 08 07.87822 15 58 33.47 +02 36 39.7          16.5 Rr~08BQJ51
c5343K02L00V  C2009 08 08.46427 15 56 26.44 +01 31 57.6          15.9 Vr~08BQ379
c5343K02L00V  C2009 08 08.46613 15 56 26.00 +01 31 45.1          16.0 Vr~08BQ379
c5343K02L00V  C2009 08 08.46799 15 56 25.60 +01 31 33.2          16.2 Vr~08BQ379
c5343K02L00V  C2009 08 08.47373 15 56 24.27 +01 30 54.3          16.3 Vr~08BQ379
c5343K02L00V  C2009 08 08.47558 15 56 23.87 +01 30 41.8          16.6 Vr~08BQ379
c5343K02L00V  C2009 08 08.48161 15 56 22.48 +01 30 01.8          16.5 Vr~08BQ379
c5343K02L00V  C2009 08 08.48531 15 56 21.64 +01 29 37.1          16.7 Vr~08BQ379
c5343K02L00V  C2009 08 08.94630 15 54 41.71 +00 38 17.3                r~08BQI21
c5343K02L00V  C2009 08 08.94703 15 54 41.54 +00 38 12.5                r~08BQI21
c5343K02L00V  C2009 08 11.80781 15 43 46.17 -05 05 18.6          15.4 Cw~08BQ160
c5343K02L00V  C2009 08 11.80900 15 43 45.87 -05 05 27.5          15.6 Cw~08BQ160
c5343K02L00V  C2009 08 11.81040 15 43 45.53 -05 05 38.1          15.6 Cw~08BQ160
c5343K02L00V  C2009 08 11.85722 15 43 34.57 -05 11 24.4          16.3 Rr~08BQJ51
c5343K02L00V  C2009 08 11.86309 15 43 33.10 -05 12 08.7          16.5 Rr~08BQJ51
c5343K02L00V  C2009 08 11.86897 15 43 31.63 -05 12 53.2          16.2 Rr~08BQJ51
c5343K02L00V  C2009 08 12.85795 15 39 32.47 -07 19 27.9          15.4 Cc~08BQJ05
c5343K02L00V  C2009 08 12.85960 15 39 32.05 -07 19 40.7          15.5 Cc~08BQJ05
c5343K02L00V  C2009 08 12.86178 15 39 31.49 -07 19 57.8          15.8 Cc~08BQJ05
c5343K02L00V  C2009 08 13.45927 15 37 03.50 -08 38 04.8          16.6 Vr~08BQ379
c5343K02L00V  C2009 08 13.46112 15 37 03.02 -08 38 19.3          16.2 Vr~08BQ379
c5343K02L00V  C2009 08 13.46297 15 37 02.55 -08 38 34.2          16.2 Vr~08BQ379
c5343K02L00V  C2009 08 13.46748 15 37 01.36 -08 39 09.3          16.0 Vr~08BQ379
c5343K02L00V  C2009 08 13.47118 15 37 00.39 -08 39 38.5          16.3 Vr~08BQ379
c5343K02L00V  C2009 08 13.47880 15 36 58.51 -08 40 35.5          16.5 Vr~08BQ379
c5343K02L00V  C2009 08 13.80681 15 35 36.37 -09 24 11.8          16.8 Cw~08BQ160
c5343K02L00V  C2009 08 13.80860 15 35 35.89 -09 24 26.3          17.1 Cw~08BQ160
c5343K02L00V  C2009 08 13.80999 15 35 35.53 -09 24 37.2          16.9 Cw~08BQ160
c5343K02L00V  C2009 08 13.81141 15 35 35.15 -09 24 48.6          17.0 Cw~08BQ160
c5343K02L00V  C2009 08 15.85023 15 26 42.16 -14 02 37.3          17.0 Vo~08F0510
c5343K02L00V  C2009 08 15.85853 15 26 39.83 -14 03 46.7          17.1 Vo~08F0510
c5343K02L00V  C2009 08 18.36050915 14 51.48 -19 57 30.8                r~08F0432
c5343K02L00V  C2009 08 18.37967915 14 45.50 -20 00 15.8                r~08F0432
c5343K02L00V  C2009 08 18.39892415 14 39.54 -20 03 00.7                r~08F0432
c5343K02L00V  C2009 08 19.35619815 09 49.96 -22 20 57.4                r~08F0432
c5343K02L00V  C2009 08 19.37546015 09 43.74 -22 23 43.3                r~08F0432
c5343K02L00V  C2009 08 19.39474215 09 37.53 -22 26 29.3                r~08F0432
c5343K02L00V  C2009 08 20.03090 15 06 17.77 -23 58 20.8                r~08F0I21
c5343K02L00V  C2009 08 20.05291 15 06 10.55 -24 01 29.6                r~08F0I21
c5343K02L00V  C2009 08 23.04868 14 49 14.93 -31 11 00.7                r~08TSI21
c5343K02L00V  C2009 08 23.06379 14 49 09.32 -31 13 07.5                r~08TSI21
c5343K02L00V  C2009 12 29.27656 06 03 47.45 -22 07 30.6          17.2 Vo~0CoJH21
c5343K02L00V  C2009 12 29.28079 06 03 47.04 -22 07 19.0          17.4 Vo~0CoJH21
c5343K02L00V  C2009 12 29.28451 06 03 46.68 -22 07 08.8          17.6 Vo~0CoJH21
c5343K02L00V  C2009 12 29.28817 06 03 46.33 -22 06 58.9          17.7 Vo~0CoJH21
c5343K02L00V  C2009 12 29.29123 06 03 46.03 -22 06 50.5          17.4 Vo~0CoJH21
c5343K02L00V  C2010 01 03.18004205 57 01.12 -18 22 46.9          18.4 Vo~0CoJH21
c5343K02L00V  C2010 01 03.18299005 57 00.91 -18 22 39.0          18.4 Vo~0CoJH21
c5343K02L00V  C2010 01 03.18581905 57 00.67 -18 22 31.0          18.7 Vo~0CoJH21
c5343K02L00V  C2010 01 03.18873105 57 00.45 -18 22 23.2          18.4 Vo~0CoJH21
c5343K02L00V  C2010 01 03.19435305 57 00.02 -18 22 07.3          18.3 Vo~0CoJH21
c5343K02L00V  C2010 01 05.96431 05 53 43.65 -16 16 30.2          18.4  u~0JSMC20
c5343K02L00V  C2010 01 07.82998 05 51 45.84 -14 53 00.3          17.7  u~0JSMC20
c5343K02L00V  C2010 01 07.83146 05 51 45.75 -14 52 56.3          17.8  u~0JSMC20
c5343K02L00V  C2010 01 08.83056 05 50 46.99 -14 08 40.3          18.4  u~0JSMC20
c5343K02L00V  C2010 01 08.83203 05 50 46.90 -14 08 36.1          18.2  u~0JSMC20
c5343K02L00V  C2010 01 18.87367 05 43 48.03 -07 08 07.2          19.2  u~0JSMC20
c5343K02L00V  C2010 01 18.87514 05 43 47.98 -07 08 03.0          19.0  u~0JSMC20
c5343K02L00V KC2010 01 31.84361 05 41 47.90 +00 29 50.3          19.0 Vu~0DbV560
c5343K02L00V KC2010 01 31.84603 05 41 47.92 +00 29 55.0          18.9 Vu~0DbV560
c5343K02L00V KC2010 01 31.84846 05 41 47.93 +00 29 59.6          18.9 Vu~0DbV560
c5343K02L00V KC2010 02 01.82462 05 41 55.56 +01 00 16.2                v~0DbV204
c5343K02L00V KC2010 02 01.83301 05 41 55.63 +01 00 32.0          18.8 Cv~0DbV204
c5343K02L00V  C2010 02 07.11308705 43 11.51 +03 34 30.1          19.6 Vo~0Dn3H21
c5343K02L00V  C2010 02 07.12066905 43 11.62 +03 34 42.5          19.0 Vo~0Dn3H21
c5343K02L00V  C2010 02 07.12282005 43 11.65 +03 34 45.7          19.7 Vo~0Dn3H21
c5343K02L00V  C2010 02 14.15813 05 46 17.00 +06 35 36.2          20.2  c~0Dn3704
c5343K02L00V  C2010 02 14.17081 05 46 17.25 +06 35 55.4          20.7  c~0Dn3704
c5343K02L00V  C2010 02 14.18303 05 46 17.66 +06 36 11.2          20.1  c~0Dn3704
c5343K02L00V  C2010 02 14.19525 05 46 18.07 +06 36 29.5          20.0  c~0Dn3704
c5343K02L00V  C2010 02 14.20750 05 46 18.46 +06 36 47.0          19.9  c~0Dn3704
c5343K02L00V  C2010 02 15.23785705 46 53.246+07 01 04.80         19.23yL~0K6UF51
c5343K02L00V  C2010 02 15.24648605 46 53.514+07 01 17.00         19.24yL~0K6UF51
c5343K02L00V KC2010 02 18.83840 05 49 07.11 +08 21 45.4          19.4 Vu~0Dn3240
c5343K02L00V KC2010 02 18.84699 05 49 07.48 +08 21 54.5          20.5 Vu~0Dn3240
c5343K02L00V KC2010 02 18.86060 05 49 08.10 +08 22 12.9          19.0 Vu~0Dn3240
c5343K02L00V KC2012 02 20.40429114 46 32.20 +18 03 25.2          22.1 Vo~0dncH21
c5343K02L00V KC2012 02 20.41743114 46 32.33 +18 03 33.6          22.3 Vo~0dncH21
c5343K02L00V KC2012 02 20.43054814 46 32.46 +18 03 42.2          22.1 Vo~0dncH21
c5343K02L00V  C2013 12 13.45120 10 30 28.07 +11 06 13.9          20.8 Vq~0y5CG96
c5343K02L00V  C2013 12 13.45971 10 30 28.11 +11 06 16.7          20.8 Vq~0y5CG96
c5343K02L00V  C2013 12 13.46822 10 30 28.16 +11 06 20.2          21.4 Vq~0y5CG96
c5343K02L00V  C2013 12 13.47673 10 30 28.18 +11 06 24.5          20.7 Vq~0y5CG96
     K02L00V  C2014 02 09.30846 09 52 58.97 +21 39 14.3                oEC029711
c5343K02L00V  C2014 02 09.30846 09 52 58.97 +21 39 14.3                o~10gP711
     K02L00V  C2014 02 09.31230 09 52 58.67 +21 39 17.1                oEC029711
c5343K02L00V  C2014 02 09.31230 09 52 58.67 +21 39 17.1                o~10gP711
     K02L00V  C2014 02 09.31609 09 52 58.39 +21 39 20.0                oEC029711
c5343K02L00V  C2014 02 09.31609 09 52 58.39 +21 39 20.0                o~10gP711
     K02L00V  C2014 02 10.28740 09 51 50.04 +21 50 53.1          20.1 VqEC031G96
c5343K02L00V  C2014 02 10.28740 09 51 50.04 +21 50 53.1          20.1 Vq~10gPG96
     K02L00V  C2014 02 10.29251 09 51 49.64 +21 50 56.8          20.5 VqEC031G96
c5343K02L00V  C2014 02 10.29251 09 51 49.64 +21 50 56.8          20.5 Vq~10gPG96
     K02L00V  C2014 02 10.29762 09 51 49.27 +21 51 00.7          20.1 VqEC031G96
c5343K02L00V  C2014 02 10.29762 09 51 49.27 +21 51 00.7          20.1 Vq~10gPG96
