G3243K02F03B* C2002 03 18.11120 05 35 34.31 -10 51 03.9          17.8  cf2829704
G3243K02F03B  C2002 03 18.12397 05 35 37.48 -10 50 33.2          18.2  cf2829704
G3243K02F03B  C2002 03 18.13669 05 35 40.76 -10 50 01.6          18.1  cf2829704
G3243K02F03B  C2002 03 18.14969 05 35 44.05 -10 49 30.1          18.2  cf2829704
G3243K02F03B  C2002 03 18.16312 05 35 47.44 -10 48 57.7          18.3  cf2829704
G3243K02F03B  C2002 03 19.10965 05 39 48.17 -10 11 14.5          17.8  cf2829704
G3243K02F03B  C2002 03 19.12102 05 39 50.98 -10 10 47.4          18.2  cf2829704
G3243K02F03B  C2002 03 19.13240 05 39 53.79 -10 10 20.4          18.0  cf2829704
G3243K02F03B  C2002 03 19.14381 05 39 56.61 -10 09 53.3          17.9  cf2829704
G3243K02F03B  C2002 03 19.14652 05 39 57.46 -10 09 47.9                cf2829670
G3243K02F03B  C2002 03 19.15651 05 39 59.73 -10 09 23.1          18.3  cf2829704
G3243K02F03B  C2002 03 19.16499 05 40 01.99 -10 09 04.4                cf2829670
G3243K02F03B  C2002 03 19.16955 05 40 02.96 -10 08 52.1          18.2  cf2829704
G3243K02F03B  C2002 03 19.18082 05 40 05.88 -10 08 26.4                cf2829670
G3243K02F03B  C2002 03 19.19337 05 40 08.82 -10 07 55.4          18.3  cf2829704
G3243K02F03B  C2002 03 19.20905 05 40 12.68 -10 07 18.8          17.9  cf2829704
G3243K02F03B  C2002 03 19.39836 05 41 00.54 -09 59 36.6          18.5  mf2829422
G3243K02F03B  C2002 03 19.39929 05 41 00.72 -09 59 35.0          18.6  mf2829422
G3243K02F03B  C2002 03 19.39986 05 41 00.87 -09 59 34.2          18.4  mf2829422
G3243K02F03B  C2002 03 19.55050 05 41 38.09 -09 53 42.0                cf2829322
G3243K02F03B  C2002 03 19.55554 05 41 39.63 -09 53 25.7                cf2829322
G3243K02F03B  C2002 03 19.57494 05 41 44.25 -09 52 43.1                cf2829322
G3243K02F03B  C2002 03 19.86017 05 42 54.94 -09 41 56.6          17.4 Rmf2829620
G3243K02F03B  C2002 03 19.86400 05 42 55.92 -09 41 46.3                mf2829620
G3243K02F03B  C2002 03 19.87431 05 42 58.52 -09 41 22.4                mf2829620
G3243K02F03B  C2002 03 20.09413 05 43 52.86 -09 32 50.0          16.9 Rcf2829711
G3243K02F03B  C2002 03 20.09574 05 43 53.17 -09 32 49.1          17.4 Rcf2829448
G3243K02F03B  C2002 03 20.09890 05 43 54.03 -09 32 39.4          17.0 Rcf2829711
G3243K02F03B  C2002 03 20.10010 05 43 54.24 -09 32 39.0          17.5 Rcf2829448
G3243K02F03B  C2002 03 20.10366 05 43 55.19 -09 32 28.4          17.0 Rcf2829711
G3243K02F03B  C2002 03 20.10613 05 43 55.69 -09 32 25.2          17.8 Rcf2829448
G3243K02F03B  C2002 03 20.81900 05 46 49.60 -09 05 08.4          18.2 Rdf2829946
G3243K02F03B  C2002 03 20.82301 05 46 50.52 -09 04 59.7          18.1 Rdf2829946
G3243K02F03B  C2002 03 20.84693 05 46 56.16 -09 04 04.6          17.2 Rcf2829938
G3243K02F03B  C2002 03 20.85520 05 46 58.17 -09 03 45.7          17.6 Rcf2829587
G3243K02F03B  C2002 03 20.85633 05 46 58.60 -09 03 43.6          17.8 Rcf2829587
G3243K02F03B  C2002 03 20.85884 05 46 59.07 -09 03 38.0                cf2829587
G3243K02F03B  C2002 03 20.86066 05 46 59.48 -09 03 34.1          17.5 Rcf2829587
G3243K02F03B  C2002 03 20.88412 05 47 05.04 -09 02 41.0          17.5 Rcf2829938
G3243K02F03B 6C2002 03 20.99182 05 47 31.43 -08 58 18.5                ci1902807
G3243K02F03B 6C2002 03 21.99359 05 51 30.22 -08 20 54.4                ci1902807
G3243K02F03B 6C2002 03 21.99794 05 51 31.21 -08 20 44.7                ci1902807
G3243K02F03B 6C2002 03 22.00228 05 51 32.21 -08 20 34.8                ci1902807
G3243K02F03B 6C2002 03 22.01641 05 51 35.45 -08 20 03.9                ci1902807
G3243K02F03B 6C2002 03 22.02421 05 51 37.26 -08 19 46.4                ci1902807
G3243K02F03B  C2002 03 25.13986 06 03 28.82 -06 29 19.7                cf2829670
G3243K02F03B  C2002 03 25.15946 06 03 33.08 -06 28 39.8                cf2829670
G3243K02F03B  C2002 03 25.18907 06 03 39.52 -06 27 38.2                cf2829670
G3243K02F03B  C2002 03 28.79461 06 16 30.69 -04 29 58.9                cf5849046
G3243K02F03B  C2002 03 28.79553 06 16 30.91 -04 29 57.8                cf5849046
G3243K02F03B  C2002 03 28.79647 06 16 31.14 -04 29 56.6                cf5849046
G3243K02F03B IC2002 03 29.77668 06 19 52.48 -03 59 45.0          18.3 Rdf5849540
G3243K02F03B  C2002 03 29.78166 06 19 53.44 -03 59 35.7          17.9 Rdf5849540
G3243K02F03B  C2002 03 29.78385 06 19 53.87 -03 59 31.9          18.0 Rdf5849540
G3243K02F03B  C2002 03 30.78532 06 23 16.08 -03 29 29.9          18.3 Rcf5849046
G3243K02F03B  C2002 03 30.78763 06 23 16.55 -03 29 25.7                cf5849046
G3243K02F03B  C2002 03 30.78858 06 23 16.73 -03 29 24.4                cf5849046
G3243K02F03B  C2002 03 30.78951 06 23 16.90 -03 29 22.6                cf5849046
G3243K02F03B  C2002 03 30.79066 06 23 17.13 -03 29 20.4                cf5849046
G3243K02F03B  C2002 04 01.80231 06 29 53.51 -02 31 20.7                cf5849587
G3243K02F03B  C2002 04 01.80344 06 29 53.82 -02 31 18.2          17.4 Rcf5849587
G3243K02F03B  C2002 04 01.80456 06 29 54.06 -02 31 17.1                cf5849587
G3243K02F03B  C2002 04 01.80568 06 29 54.19 -02 31 15.3                cf5849587
G3243K02F03B  C2002 04 03.42689 06 35 04.99 -01 46 26.9          18.7  mf5849422
G3243K02F03B  C2002 04 03.42756 06 35 05.12 -01 46 25.9          18.6  mf5849422
G3243K02F03B  C2002 04 03.42823 06 35 05.23 -01 46 24.7          18.5  mf5849422
G3243K02F03B  C2002 04 06.87191 06 45 42.90 -00 18 18.0                cf5849118
G3243K02F03B  C2002 04 06.87392 06 45 43.20 -00 18 14.8          17.5 Rcf5849118
G3243K02F03B  C2002 04 06.88175 06 45 44.71 -00 18 04.0                cf5849118
G3243K02F03B  C2002 04 07.84537 06 48 38.17 +00 05 14.8          18.1 Rcf5849118
G3243K02F03B  C2002 04 07.84911 06 48 38.81 +00 05 19.7                cf5849118
G3243K02F03B  C2002 04 16.12203 07 12 14.88 +03 01 25.6          17.9 Rcf5849649
G3243K02F03B  C2002 04 16.12610 07 12 15.57 +03 01 30.3          17.2 Rcf5849649
G3243K02F03B  C2002 04 16.13019 07 12 16.23 +03 01 35.1          17.8 Rcf5849649
G3243K02F03B  C2002 04 16.36065 07 12 54.19 +03 06 10.2          17.5 Rcf5849474
G3243K02F03B  C2002 04 16.36343 07 12 54.70 +03 06 13.4          17.8 Rcf5849474
G3243K02F03B  C2002 04 16.36864 07 12 55.53 +03 06 19.1          17.5 Rcf5849474
G3243K02F03B  C2002 04 21.16748 07 25 46.73 +04 30 03.7          18.2 Rcf5849448
G3243K02F03B  C2002 04 21.17166 07 25 47.45 +04 30 07.7          18.6 Rcf5849448
G3243K02F03B  C2002 04 21.17787 07 25 48.37 +04 30 15.3          18.3 Rcf5849448
G3243K02F03B  C2002 04 22.11253 07 28 15.46 +04 45 15.7          18.2 Rcf5849448
G3243K02F03B  C2002 04 22.11660 07 28 16.12 +04 45 19.4          18.1 Rcf5849448
G3243K02F03B  C2002 04 22.13035 07 28 18.34 +04 45 33.0          18.7 Rcf5849448
G3243K02F03B 1C2002 04 22.38484 07 28 58.29 +04 49 47.1                mf5849413
G3243K02F03B 1C2002 04 22.38632 07 28 58.51 +04 49 48.5                mf5849413
G3243K02F03B 1C2002 04 22.38781 07 28 58.74 +04 49 49.9                mf5849413
G3243K02F03B 1C2002 05 01.41688 07 51 50.13 +06 54 08.7                mf5035413
G3243K02F03B 1C2002 05 01.41825 07 51 50.33 +06 54 09.8                mf5035413
G3243K02F03B 1C2002 05 01.41962 07 51 50.53 +06 54 10.6                mf5035413
G3243K02F03B  C2002 05 29.13183 08 56 59.37 +10 27 45.4          18.3 Rcf7343448
G3243K02F03B  C2002 05 29.13984 08 57 00.45 +10 27 48.0          18.6 Rcf7343448
G3243K02F03B  C2002 05 29.14910 08 57 01.70 +10 27 50.4          18.3 Rcf7343448
G3243K02F03B 1C2002 06 06.35698 09 15 35.42 +10 57 04.2                mf7343413
G3243K02F03B 1C2002 06 06.35861 09 15 35.66 +10 57 04.5                mf7343413
G3243K02F03B 1C2002 06 06.36024 09 15 35.85 +10 57 04.8                mf7343413
G3243K02F03B 1C2002 07 21.35434 10 55 06.46 +11 38 28.8                mf8969413
G3243K02F03B 1C2002 07 21.35797 10 55 06.92 +11 38 29.1                mf8969413
G3243K02F03B 1C2002 07 21.36137 10 55 07.29 +11 38 29.0                mf8969413
G3243K02F03B 1C2002 12 28.73213 14 08 45.47 -22 57 44.9          18.6 Reg9902413
G3243K02F03B 9C2003 01 24.31224 15 28 20.78 -26 06 53.2          18.1 Rch1599809
G3243K02F03B 9C2003 01 24.32221 15 28 22.82 -26 06 56.0          17.9 Rch1599809
G3243K02F03B 9C2003 01 24.33200 15 28 24.84 -26 06 58.6          18.0 Rch1599809
G3243K02F03B 7C2003 02 18.32296 17 12 18.02 -25 34 45.1          19.0 Rdh4189809
G3243K02F03B 7C2003 02 18.32488 17 12 18.64 -25 34 44.1          18.3 Rdh4189809
G3243K02F03B  C2003 03 07.69700 18 56 06.14 -20 01 40.8          17.9 Rch4189474
G3243K02F03B  C2003 03 07.69852 18 56 06.79 -20 01 38.1          17.6 Rch4189474
G3243K02F03B  C2003 03 07.69978 18 56 07.27 -20 01 34.8          17.1 Rch4189474
G3243K02F03B  C2004 03 08.78578 05 05 11.77 -18 35 51.1          17.5 Vrk0860170
G3243K02F03B  C2004 03 08.78707 05 05 12.17 -18 35 47.2          17.4 Vrk0860170
G3243K02F03B  C2004 03 08.79008 05 05 13.09 -18 35 38.2          17.5 Vrk0860170
G3243K02F03B  C2004 03 18.45514 05 48 36.73 -11 06 14.1          17.7 Rrk1164D85
G3243K02F03B  C2004 03 18.45878 05 48 37.67 -11 06 02.7          18.3 Rrk1164D85
G3243K02F03B  C2004 03 18.46668 05 48 39.38 -11 05 49.8          17.0 Rrk1164D85
G3243K02F03B  C2004 03 19.77557 05 53 46.22 -10 12 05.4          18.2  rk2152130
G3243K02F03B  C2004 03 19.78412 05 53 48.21 -10 11 45.2          18.3  rk2152130
G3243K02F03B  C2004 03 19.79226 05 53 50.00 -10 11 24.8          18.4  rk2152130
G3243K02F03B  C2004 03 21.03836 05 58 33.90 -09 21 29.6          17.2  dk2152H72
G3243K02F03B  C2004 03 21.04012 05 58 34.18 -09 21 25.5          16.3  dk2152H72
G3243K02F03B  C2004 03 21.04186 05 58 34.36 -09 21 24.3          16.1  dk2152H72
G3243K02F03B  C2004 04 12.81812 07 09 34.70 +01 53 40.5          18.5 Vok4262240
G3243K02F03B  C2004 04 12.82175 07 09 35.32 +01 53 45.1          18.5 Vok4262240
G3243K02F03B  C2004 04 12.82393 07 09 35.66 +01 53 47.4          18.5 Vok4262240
G3243K02F03B  C2004 04 12.82902 07 09 36.43 +01 53 54.3          18.5 Vok4262240
G3243K02F03B  C2004 04 12.83120 07 09 36.78 +01 53 57.0          18.5 Vok4262240
G3243K02F03B  C2004 04 12.83338 07 09 37.14 +01 53 59.4          18.4 Vok4262240
G3243K02F03B  C2004 04 12.83483 07 09 37.37 +01 54 01.4          18.4 Vok4262240
G3243K02F03B tC2004 05 14.14257 08 26 09.60 +09 08 40.2          19.6 Vdk6722291
G3243K02F03B tC2004 05 14.15057 08 26 10.62 +09 08 43.9          19.9 Vdk6722291
G3243K02F03B tC2004 05 14.15533 08 26 11.28 +09 08 45.9          19.5 Vdk6722291
G3243K02F03B  C2004 06 13.14879 09 33 17.05 +11 32 20.0          17.9 Rdk9027703
G3243K02F03B  C2004 06 13.15433 09 33 17.69 +11 32 20.6          17.9 Rdk9027703
G3243K02F03B  C2004 06 13.15988 09 33 18.50 +11 32 21.2          18.5 Rdk9027703
G3243K02F03B  C2004 06 13.16544 09 33 19.13 +11 32 21.8          18.7 Rdk9027703
G3243K02F03B 9C2005 01 25.31273 15 38 30.08 -25 56 08.2          18.8 Rom5448809
G3243K02F03B 9C2005 01 25.31982 15 38 31.60 -25 56 09.7          18.7 Rom5448809
G3243K02F03B 9C2005 01 25.32631 15 38 32.98 -25 56 11.1          18.6 Rom5448809
G3243K02F03B  C2006 02 11.02053 01 53 08.16 -42 22 25.8          17.0  cq3236844
G3243K02F03B  C2006 02 11.02152 01 53 08.80 -42 22 24.4          16.8  cq3236844
G3243K02F03B  C2006 02 11.02308 01 53 09.86 -42 22 21.5          16.8  cq3236844
G3243K02F03B  C2006 02 11.02833 01 53 13.30 -42 22 14.6          16.7  cq3236844
G3243K02F03B  C2006 02 11.03257 01 53 16.10 -42 22 07.7          16.8  cq3236844
G3243K02F03B  C2006 04 13.10282 07 14 01.00 +01 36 24.8          17.4 Rrq8796850
G3243K02F03B IC2006 04 13.12573 07 14 04.33 +01 36 55.4          16.7 Rrq8796850
G3243K02F03B IC2006 04 13.14866 07 14 07.86 +01 37 27.9          18.3 Rrq8796850
G3243K02F03B  C2006 04 14.12236 07 16 38.07 +01 58 54.0          16.6 Rrq8796850
G3243K02F03B  C2006 04 14.14564 07 16 41.57 +01 59 22.9          16.8 Rrq8796850
G3243K02F03B  C2006 04 14.16501 07 16 44.50 +01 59 49.2          17.8 Rrq8796850
G3243K02F03B  C2006 04 16.80406 07 23 25.46 +02 54 56.0          18.2  rq9126130
G3243K02F03B  C2006 04 16.81324 07 23 26.82 +02 55 07.5          18.4  rq9126130
G3243K02F03B  C2006 04 16.81660 07 23 27.32 +02 55 11.7          18.5  rq9127130
G3243K02F03B  C2006 04 16.82014 07 23 27.87 +02 55 15.3          18.4  rq9127130
G3243K02F03B  C2006 05 03.14229 08 02 32.31 +07 16 27.0          19.0 Vrr0781703
G3243K02F03B  C2006 05 03.14764 08 02 33.10 +07 16 31.7          18.4 Vrr0781703
G3243K02F03B  C2006 05 03.15300 08 02 33.79 +07 16 35.6          18.3 Vrr0781703
G3243K02F03B  C2006 05 03.15837 08 02 34.47 +07 16 39.0          18.7 Vrr0781703
