     K02G08J KC2002 03 23.59817 14 44 39.06 -06 23 57.5                rr3850608
     K02G08J KC2002 03 23.60353 14 44 39.05 -06 23 54.4          21.2 Vrr3850608
     K02G08J KC2002 03 23.60890 14 44 39.13 -06 23 51.4          21.4 Vrr3850608
     K02G08J* C2002 04 12.40546 14 39 07.38 -00 35 08.4          19.0  cf5891644
     K02G08J  C2002 04 12.41578 14 39 06.76 -00 34 50.7          19.0  cf5891644
     K02G08J  C2002 04 12.42620 14 39 06.15 -00 34 33.1          19.2  cf5891644
     K02G08J  C2002 04 13.40931 14 38 10.64 -00 05 52.3          19.2  cf5891644
     K02G08J  C2002 04 13.42734 14 38 09.48 -00 05 19.9          19.4  cf5891644
     K02G08J  C2002 04 13.44173 14 38 08.53 -00 04 54.2          19.3  cf5891644
     K02G08J  C2002 04 14.37096 14 37 10.98 +00 23 43.9          18.5 Rcf5891649
     K02G08J  C2002 04 14.37123 14 37 11.13 +00 23 44.2                cf5099448
     K02G08J  C2002 04 14.37314 14 37 10.81 +00 23 47.9          18.7 Rcf5891649
     K02G08J  C2002 04 14.37530 14 37 10.63 +00 23 51.8          18.5 Rcf5891649
     K02G08J  C2002 04 14.37541 14 37 10.80 +00 23 52.4                cf5099448
     K02G08J  C2002 04 14.38032 14 37 10.41 +00 24 00.4          18.8 Rcf5099448
     K02G08J  C2002 04 16.49387 14 34 40.68 +01 35 39.3          18.5 Rcf5891474
     K02G08J  C2002 04 16.49572 14 34 40.51 +01 35 42.6          18.7 Rcf5891474
     K02G08J  C2002 04 16.49768 14 34 40.36 +01 35 46.8          18.5 Rcf5891474
     K02G08J  C2002 04 17.28705 14 33 36.55 +02 04 14.2          18.2 Rcf5891448
     K02G08J  C2002 04 17.28853 14 33 36.42 +02 04 16.6          18.4 Rcf5891448
     K02G08J  C2002 04 17.29050 14 33 36.15 +02 04 22.7          18.7 Rcf5891448
     K02G08J  C2002 04 17.93225 14 32 41.04 +02 28 55.0          18.0 Rcf5891046
     K02G08J  C2002 04 17.93402 14 32 40.99 +02 28 59.2                cf5891046
     K02G08J  C2002 04 17.93513 14 32 40.74 +02 29 01.3                cf5891046
     K02G08J  C2002 04 17.93628 14 32 40.76 +02 29 04.2                cf5891046
     K02G08J  C2002 04 17.93752 14 32 40.63 +02 29 06.1                cf5891046
     K02G08J 1C2002 04 18.38288 14 32 00.16 +02 46 42.5                cf5891658
     K02G08J 1C2002 04 18.38381 14 32 00.14 +02 46 44.8                cf5891658
     K02G08J 1C2002 04 18.38494 14 31 59.93 +02 46 47.5                cf5891658
     K02G08J 1C2002 04 19.40196 14 30 22.40 +03 28 51.4                cf5891658
     K02G08J 1C2002 04 19.40560 14 30 22.03 +03 29 00.8                cf5891658
     K02G08J 1C2002 04 19.40749 14 30 21.82 +03 29 05.4                cf5891658
     K02G08J  C2002 04 20.92418 14 27 41.04 +04 37 02.1          18.1 Rdf5891946
     K02G08J  C2002 04 20.93028 14 27 40.30 +04 37 20.5          19.1 Rdf5891946
     K02G08J  C2002 04 20.93435 14 27 39.86 +04 37 31.0          18.2 Rdf5891946
     K02G08J  C2002 04 21.88064 14 25 47.92 +05 23 20.7          18.4 Rcf5891587
     K02G08J  C2002 04 21.88247 14 25 47.65 +05 23 24.9                cf5891587
     K02G08J  C2002 04 21.88428 14 25 47.44 +05 23 31.8          18.7 Rcf5891587
     K02G08J  C2002 04 22.05741 14 25 24.73 +05 32 13.6          18.1 V f5891201
     K02G08J  C2002 04 22.06875 14 25 23.31 +05 32 48.0          17.9 V f5891201
     K02G08J  C2002 04 22.08008 14 25 21.78 +05 33 22.4          18.0 V f5891201
     K02G08J  C2002 04 22.32431 14 24 51.11 +05 45 51.9          17.8 Rcf5891649
     K02G08J  C2002 04 22.32736 14 24 50.68 +05 46 01.3          17.8 Rcf5891649
     K02G08J  C2002 04 22.33046 14 24 50.27 +05 46 11.0          17.8 Rcf5891649
     K02G08J  C2002 04 22.44009 14 24 35.77 +05 51 53.3          17.8 Rcl9268644
     K02G08J  C2002 04 22.45434 14 24 33.87 +05 52 36.8          18.1 Rcl9268644
     K02G08J  C2002 04 22.47105 14 24 31.61 +05 53 29.2          17.4 Rcl9268644
     K02G08J 1C2002 04 22.71333 14 23 59.96 +06 06 36.9                mf5891413
     K02G08J 1C2002 04 22.71470 14 23 59.78 +06 06 41.1                mf5891413
     K02G08J 1C2002 04 22.71605 14 23 59.59 +06 06 45.4                mf5891413
     K02G08J 1C2002 04 23.63857 14 21 53.33 +06 57 00.6                mf5891413
     K02G08J 1C2002 04 23.63975 14 21 53.15 +06 57 04.3                mf5891413
     K02G08J  C2002 04 25.23280 14 17 49.67 +08 31 04.5          17.7 R f5891649
     K02G08J  C2002 04 25.23705 14 17 48.94 +08 31 21.5          17.7 R f5891649
     K02G08J  C2002 04 25.24113 14 17 48.23 +08 31 36.1          18.2 R f5891649
     K02G08J  C2002 04 28.25676 14 08 18.80 +12 02 39.2          17.6 Rcf5099649
     K02G08J  C2002 04 28.26083 14 08 17.83 +12 02 58.2          17.4 Rcf5099649
     K02G08J  C2002 04 28.26491 14 08 16.95 +12 03 17.1          17.4 Rcf5099649
     K02G08J  C2002 04 30.91030 13 57 25.28 +15 51 32.9          18.2 Vdf5099151
     K02G08J  C2002 04 30.91207 13 57 24.74 +15 51 43.7          18.1 Vdf5099151
     K02G08J  C2002 04 30.91451 13 57 24.02 +15 51 58.0          18.0 Vdf5099151
     K02G08J  C2002 04 30.91628 13 57 23.54 +15 52 10.2          18.2 Vdf5099151
     K02G08J 1C2002 05 01.69275 13 53 34.69 +17 09 07.0                mf5099413
     K02G08J 1C2002 05 01.69388 13 53 34.29 +17 09 14.7                mf5099413
     K02G08J 1C2002 05 01.69503 13 53 33.90 +17 09 21.3                mf5099413
     K02G08J  C2002 05 01.94060 13 52 19.81 +17 33 44.4                cf5099118
     K02G08J  C2002 05 01.94213 13 52 19.30 +17 33 53.5          17.2 Rcf5099118
     K02G08J  C2002 05 01.94376 13 52 18.75 +17 34 03.9                cf5099118
     K02G08J 1C2002 05 02.59651 13 48 47.11 +18 43 56.0                mf5099413
     K02G08J 1C2002 05 02.59754 13 48 46.76 +18 44 03.0                mf5099413
     K02G08J 1C2002 05 02.59856 13 48 46.42 +18 44 09.7                mf5099413
     K02G08J  C2002 05 03.25646 13 44 58.87 +19 56 47.0          18.6 Rcl9268644
     K02G08J  C2002 05 03.27675 13 44 51.21 +19 59 07.4          17.8 Rcl9268644
     K02G08J  C2002 05 03.29727 13 44 43.44 +20 01 28.1          18.2 Rcl9268644
     K02G08J  C2002 05 03.33659 13 44 28.68 +20 05 56.6                cf5099670
     K02G08J FC2002 05 03.33789 13 44 28.21 +20 06 04.5                cf5099670
     K02G08J  C2002 05 03.91642 13 40 52.49 +21 13 58.3          18.1 Rcf5099938
     K02G08J  C2002 05 03.96133 13 40 34.37 +21 19 23.8          17.7 Rcf5099938
     K02G08J  C2002 05 03.96189 13 40 33.23 +21 19 21.7          17.3 Rcf5099118
     K02G08J  C2002 05 03.96359 13 40 32.57 +21 19 33.8                cf5099118
     K02G08J  C2002 05 03.96572 13 40 31.66 +21 19 49.3                cf5099118
     K02G08J  C2002 05 04.20775 13 38 56.65 +21 49 23.0          17.6 Rcf5099649
     K02G08J  C2002 05 04.21255 13 38 54.66 +21 49 58.2          17.6 Rcf5099649
     K02G08J  C2002 05 04.21492 13 38 53.66 +21 50 15.8          17.6 Rcf5099649
     K02G08J  C2002 05 04.96130 13 33 39.47 +23 24 27.2          18.3  cf5099106
     K02G08J  C2002 05 04.97215 13 33 34.55 +23 25 53.4          18.5  cf5099106
     K02G08J  C2002 05 04.98192 13 33 30.17 +23 27 07.8          18.5  cf5099106
     K02G08J  C2002 05 05.18145 13 32 02.11 +23 53 32.9          17.5 Rdf5099452
     K02G08J  C2002 05 05.18488 13 32 00.97 +23 53 59.4          17.7 Rdf5099452
     K02G08J  C2002 05 05.19973 13 31 53.65 +23 55 57.7          17.7 Rdf5099452
     K02G08J  C2002 05 05.20083 13 31 53.07 +23 56 06.4          17.3 Rdf5099452
     K02G08J  C2002 05 05.27834 13 31 17.79 +24 06 17.3          18.3  cf5099704
     K02G08J  C2002 05 05.29399 13 31 10.41 +24 08 22.2          18.5  cf5099704
     K02G08J  C2002 05 05.30971 13 31 02.99 +24 10 26.9          18.8  cf5099704
     K02G08J  C2002 05 05.32367 13 30 56.38 +24 12 18.4          19.1  cf5099704
     K02G08J  C2002 05 06.31817 13 22 51.34 +26 29 51.0          18.5 Vmf5099333
     K02G08J  C2002 05 06.32268 13 22 48.87 +26 30 28.9          18.3 Vmf5099333
     K02G08J  C2002 05 06.32722 13 22 46.41 +26 31 07.3          18.3 Vmf5099333
     K02G08J 1C2002 05 07.28911 13 13 55.95 +28 53 18.6                cf5099658
     K02G08J 1C2002 05 07.28965 13 13 55.65 +28 53 23.3                cf5099658
     K02G08J 1C2002 05 07.29017 13 13 55.34 +28 53 28.2                cf5099658
     K02G08J  C2002 05 07.88884 13 07 48.95 +30 26 37.1                cf5099118
     K02G08J  C2002 05 07.89014 13 07 48.14 +30 26 49.3                cf5099118
     K02G08J  C2002 05 07.89095 13 07 47.53 +30 26 56.4          17.4 Rcf5099118
     K02G08J  C2002 05 07.90152 13 07 40.86 +30 28 36.5                cf5099246
     K02G08J  C2002 05 07.90189 13 07 40.61 +30 28 39.8                cf5099246
     K02G08J  C2002 05 07.90222 13 07 40.38 +30 28 43.1                cf5099246
     K02G08J  C2002 05 07.90253 13 07 40.18 +30 28 46.4                cf5099246
     K02G08J  C2002 05 07.90292 13 07 39.89 +30 28 50.3                cf5099246
     K02G08J  C2002 05 07.90330 13 07 39.67 +30 28 53.8                cf5099246
     K02G08J  C2002 05 09.23749 12 52 05.42 +34 08 28.6                cf5099670
     K02G08J  C2002 05 09.23873 12 52 04.60 +34 08 43.5                cf5099670
     K02G08J  C2002 05 11.20836 12 22 54.97 +39 54 39.1          17.9 Rcf5099858
     K02G08J  C2002 05 11.21022 12 22 53.00 +39 54 59.4          17.9 Rcf5099858
     K02G08J  C2002 05 11.21207 12 22 51.18 +39 55 19.8          18.0 Rcf5099858
     K02G08J  C2002 05 14.30551 11 16 17.41 +48 48 34.9          18.3 Rcf5099649
     K02G08J  C2002 05 14.30736 11 16 14.48 +48 48 51.2          19.2 Rcf5099649
     K02G08J  C2002 05 14.31094 11 16 08.84 +48 49 23.8          18.9 Rcf5099649
     K02G08J  C2007 04 14.27830 12 53 28.45 +04 17 47.4                ou6841291
     K02G08J  C2007 04 14.28901 12 53 27.03 +04 17 59.7                ou6841291
     K02G08J  C2007 04 14.29942 12 53 25.62 +04 18 11.1                ou6841291
     K02G08J |C2012 12 15.18913 06 33 07.56 +13 53 31.0          21.3 Vu~0mqA807
     K02G08J |C2012 12 15.19262 06 33 06.98 +13 53 32.3          21.0 Vu~0mqA807
     K02G08J |C2012 12 15.19610 06 33 06.43 +13 53 34.1          21.0 Vu~0mqA807
