     K02B02J  C1996 03 12.47513 14 30 16.82 -08 01 50.7          17.7 Vah8243691
     K02B02J  C1996 03 12.49005 14 30 14.41 -08 02 01.3          17.6 Vah8243691
     K02B02J  C1996 03 12.50495 14 30 12.02 -08 02 11.3          17.7 Vah8243691
     K02B02J EC1996 03 24.37957 13 56 23.26 -10 00 02.1          17.5 Rok3085566
     K02B02J EC1996 03 24.40030 13 56 19.47 -10 00 12.7                ok3085566
     K02B02J EC1996 03 24.42071 13 56 15.72 -10 00 22.7                ok3085566
     K02B02J* C2002 01 21.49201 15 04 33.42 -13 46 05.7          21.2 Vme7537333
     K02B02J  C2002 01 21.49546 15 04 33.41 -13 46 08.0          22.0 Vme7537333
     K02B02J  C2002 01 21.51399 15 04 34.53 -13 46 24.3          20.9 Vme7537333
     K02B02J  C2002 01 21.51748 15 04 34.68 -13 46 27.2          21.4 Vme7537333
     K02B02J  C2002 01 21.53601 15 04 35.67 -13 46 43.9          21.7 Vme7537333
     K02B02J  C2002 01 21.53949 15 04 35.95 -13 46 47.2          20.5 Vme7537333
     K02B02J  C2002 01 22.48598 15 05 28.53 -14 00 44.1          20.3 Vme7537333
     K02B02J  C2002 01 22.48944 15 05 28.50 -14 00 45.8          20.0 Vme7537333
     K02B02J  C2002 01 22.49293 15 05 28.68 -14 00 48.7          20.0 Vme7537333
     K02B02J  C2002 01 22.50031 15 05 29.03 -14 00 55.6          20.0 Vde7537691
     K02B02J  C2002 01 22.50096 15 05 29.10 -14 00 56.7          20.2 Vme7537333
     K02B02J  C2002 01 22.50446 15 05 29.27 -14 00 59.6          20.4 Vme7537333
     K02B02J  C2002 01 22.50566 15 05 29.31 -14 01 00.4          20.0 Vde7537691
     K02B02J  C2002 01 22.50918 15 05 29.62 -14 01 04.1          20.3 Vme7537333
     K02B02J  C2002 01 22.51105 15 05 29.60 -14 01 05.1          20.0 Vde7537691
     K02B02J  C2002 01 22.51266 15 05 29.74 -14 01 08.4          20.3 Vme7537333
     K02B02J  C2002 01 23.48328 15 06 21.76 -14 15 17.9          21.0 V e7537333
     K02B02J  C2002 01 23.49483 15 06 22.39 -14 15 28.9          21.3 V e7537333
     K02B02J  C2002 01 23.53198 15 06 24.32 -14 16 02.2          21.5 V e7537333
     K02B02J  C2002 01 23.53543 15 06 24.52 -14 16 04.2          22.1 V e7537333
     K02B02J  C2002 01 23.53891 15 06 24.65 -14 16 06.5          22.0 V e7537333
     K02B02J  C2002 01 23.54347 15 06 24.88 -14 16 12.0          20.9 V e7537333
     K02B02J  C2002 01 23.54693 15 06 25.12 -14 16 15.3          22.1 V e7537333
     K02B02J  C2002 01 24.54207 15 07 16.60 -14 30 40.2          20.2 Vde7537691
     K02B02J  C2002 01 24.54678 15 07 16.87 -14 30 43.7          20.0 Vde7537691
     K02B02J  C2002 01 24.55166 15 07 17.05 -14 30 48.8          20.4 Vde7537691
     K02B02J 1C2002 02 06.76893 15 15 49.38 -17 33 50.7                ef0037413
     K02B02J 1C2002 02 06.77215 15 15 49.47 -17 33 53.5          19.9 Ref0037413
     K02B02J 1C2002 02 06.77537 15 15 49.54 -17 33 55.9                ef0037413
     K02B02J 1C2002 02 09.72498 15 16 55.65 -18 12 50.2                ef0037413
     K02B02J 1C2002 02 09.72820 15 16 55.70 -18 12 52.7                ef0037413
     K02B02J 1C2002 02 09.73141 15 16 55.75 -18 12 55.4          19.8 Ref0037413
     K02B02J 7C2002 02 12.48445 15 17 39.55 -18 48 45.1                cf0037696
     K02B02J 7C2002 02 12.48840 15 17 39.59 -18 48 48.1                cf0037696
     K02B02J  C2002 02 12.52247 15 17 39.86 -18 49 14.2          21.0 Vmf0037333
     K02B02J  C2002 02 12.52938 15 17 40.02 -18 49 19.7          20.9 Vmf0037333
     K02B02J  C2002 02 12.53634 15 17 40.05 -18 49 25.7          21.6 Vmf0037333
     K02B02J  C2002 02 19.48745 15 18 08.76 -20 17 03.0          21.5 Vmf0037333
     K02B02J  C2002 02 19.50797 15 18 08.65 -20 17 17.7          21.7 Vmf0037333
     K02B02J 1C2002 02 19.76026 15 18 07.32 -20 20 19.7                ef0037413
     K02B02J 1C2002 02 19.76209 15 18 07.31 -20 20 20.9          19.7 Ref0037413
     K02B02J 1C2002 02 19.76392 15 18 07.31 -20 20 22.5                ef0037413
     K02B02J 1C2002 03 05.74221 15 12 21.77 -23 03 58.2                ef2562413
     K02B02J 1C2002 03 05.74682 15 12 21.51 -23 04 00.7                ef2562413
     K02B02J 1C2002 03 06.77053 15 11 33.86 -23 15 10.3                ef2562413
     K02B02J 1C2002 03 06.78427 15 11 33.17 -23 15 19.1                ef2562413
     K02B02J 1C2002 03 26.78489 14 45 33.54 -26 14 47.3                ef5324413
     K02B02J 1C2002 03 26.78650 14 45 33.36 -26 14 47.7          19.5 Ref5324413
     K02B02J 2C2002 04 02.64278 14 32 41.84 -26 52 20.7                ef5324413
     K02B02J 2C2002 04 02.64439 14 32 41.67 -26 52 21.3                ef5324413
     K02B02J 2C2002 04 02.64598 14 32 41.47 -26 52 21.6          19.4 Ref5324413
     K02B02J 1C2002 04 22.66349 13 51 02.47 -27 09 33.4                ef5324413
     K02B02J 1C2002 04 22.66668 13 51 02.09 -27 09 33.1          19.4 Ref5324413
     K02B02J 1C2002 04 23.54956 13 49 16.41 -27 07 23.4          19.3 Ref5324413
     K02B02J 1C2002 04 23.55140 13 49 16.19 -27 07 23.1                ef5324413
     K02B02J 1C2002 04 23.55321 13 49 15.97 -27 07 22.8          19.6 Ref5324413
     K02B02J 1C2002 05 02.73233 13 32 15.00 -26 34 42.4                ef4701413
     K02B02J 1C2002 05 02.73417 13 32 14.80 -26 34 41.7                ef4701413
     K02B02J 1C2002 05 02.73601 13 32 14.64 -26 34 40.9          19.1 Ref4701413
