     K02V91Y* C2002 11 12.22704 03 12 22.77 +14 24 36.4          18.3  cg6501704
     K02V91Y  C2002 11 12.24352 03 13 02.08 +14 24 37.5          18.4  cg6501704
     K02V91Y  C2002 11 12.26012 03 13 41.37 +14 24 36.7          18.5  cg6501704
     K02V91Y  C2002 11 12.27688 03 14 20.80 +14 24 34.2          18.8  cg6501704
     K02V91Y  C2002 11 13.23875 03 48 16.05 +14 12 39.9          19.0  cg6501704
     K02V91Y  C2002 11 13.25571 03 48 44.17 +14 12 24.4          19.4  cg6501704
     K02V91Y  C2002 11 13.27267 03 49 12.10 +14 12 08.4          19.3  cg6501704
     K02V91Y  C2002 11 13.28966 03 49 39.88 +14 11 50.9          19.4  cg6501704
     K02V91Y  C2002 11 13.30666 03 50 07.46 +14 11 32.8          19.8  cg6501704
     K02V91Y  C2002 11 14.32519 04 15 11.06 +13 50 53.8          19.2 Rcg6501926
     K02V91Y  C2002 11 14.32572 04 15 11.78 +13 50 52.7          18.8 Rcg6501926
     K02V91Y  C2002 11 14.32628 04 15 12.51 +13 50 51.4          19.7 Rcg6501926
     K02V91Y  C2002 11 14.32685 04 15 13.01 +13 50 51.0          19.2 Rcg6501926
     K02V91Y  C2002 11 14.32740 04 15 13.64 +13 50 50.9          20.0 Rcg6501926
     K02V91Y 3C2002 11 18.18854 05 04 15.89 +12 43 47.2          20.0 Rcg6501950
     K02V91Y 3C2002 11 18.18935 05 04 16.23 +12 43 46.1                cg6501950
     K02V91Y 3C2002 11 18.19015 05 04 16.55 +12 43 45.5                cg6501950
     K02V91Y 3C2002 11 18.19096 05 04 16.86 +12 43 44.6                cg6501950
     K02V91Y 2C2002 12 04.53790305 44 15.591+11 46 21.59         22.5 Rog8280568
     K02V91Y 2C2002 12 04.57111205 44 15.885+11 46 22.91         22.6 Rog8280568
