     K02M03T* C2002 06 30.24427 16 31 33.96 +04 15 57.7          19.3  cf9043644
     K02M03T  C2002 06 30.26563 16 31 37.26 +04 14 53.2          19.5  cf9043644
     K02M03T  C2002 06 30.28652 16 31 40.50 +04 13 50.3          19.5  cf9043644
     K02M03T  C2002 06 30.88957 16 33 18.23 +03 43 49.2                cf9043246
     K02M03T  C2002 06 30.89028 16 33 18.32 +03 43 46.7                cf9043246
     K02M03T  C2002 06 30.89425 16 33 18.85 +03 43 35.9                cf9043246
     K02M03T  C2002 06 30.89497 16 33 18.99 +03 43 33.3                cf9043246
     K02M03T  C2002 06 30.89571 16 33 19.15 +03 43 30.9                cf9043246
     K02M03T  C2002 07 01.18073 16 34 04.99 +03 29 45.3          19.2 Rcl1109644
     K02M03T  C2002 07 01.20133 16 34 08.03 +03 28 45.7          19.3 Rcl1109644
     K02M03T  C2002 07 01.20385 16 34 08.17 +03 28 37.4          19.3  cf9043704
     K02M03T  C2002 07 01.21505 16 34 09.84 +03 28 05.7          19.4  cf9043704
     K02M03T  C2002 07 01.22617 16 34 11.45 +03 27 34.0          19.4  cf9043704
     K02M03T  C2002 07 01.23717 16 34 13.00 +03 27 02.6          19.0  cf9043704
     K02M03T  C2002 07 01.26282 16 34 16.67 +03 25 45.9          18.7 Rcf9043649
     K02M03T  C2002 07 01.26553 16 34 17.00 +03 25 37.6          18.4 Rcf9043649
     K02M03T  C2002 07 01.27037 16 34 17.81 +03 25 24.2          18.6 Rcf9043649
     K02M03T  C2002 07 01.88852 16 35 54.07 +02 56 01.4                df9043557
     K02M03T  C2002 07 01.89271 16 35 54.64 +02 55 49.8                df9043557
     K02M03T  C2002 07 01.89411 16 35 54.74 +02 55 46.8                df9043557
     K02M03T  C2002 07 02.24052 16 36 47.15 +02 39 48.6          19.0  cf9043704
     K02M03T  C2002 07 02.25074 16 36 48.58 +02 39 19.8          19.2  cf9043704
     K02M03T  C2002 07 02.26092 16 36 50.01 +02 38 51.3          19.4  cf9043704
     K02M03T  C2002 07 02.27107 16 36 51.48 +02 38 23.7          19.3  cf9043704
     K02M03T  C2002 07 04.91677 16 43 08.90 +00 43 38.4                cf9043587
     K02M03T  C2002 07 04.91928 16 43 09.20 +00 43 31.4                cf9043587
     K02M03T  C2002 07 04.92181 16 43 09.55 +00 43 25.7                cf9043587
     K02M03T  C2002 07 05.89990 16 45 19.82 +00 04 14.7                cf9043246
     K02M03T  C2002 07 05.90071 16 45 19.92 +00 04 12.8                cf9043246
     K02M03T  C2002 07 05.90149 16 45 20.04 +00 04 11.0                cf9043246
     K02M03T  C2002 07 05.90227 16 45 20.14 +00 04 08.9                cf9043246
     K02M03T  C2002 07 05.90308 16 45 20.25 +00 04 07.7                cf9043246
     K02M03T  C2002 07 05.90382 16 45 20.35 +00 04 05.5                cf9043246
     K02M03T  C2002 07 05.91110 16 45 21.25 +00 03 47.8          19.6 R f9043540
     K02M03T  C2002 07 05.91614 16 45 21.85 +00 03 36.6          19.7 R f9043540
     K02M03T  C2002 07 05.92118 16 45 22.51 +00 03 24.7          19.0 R f9043540
     K02M03T  C2002 07 07.26889 16 48 14.49 -00 47 54.1          19.5 Rcf9043649
     K02M03T  C2002 07 07.29115 16 48 17.03 -00 48 42.9          19.0 Rcf9043649
     K02M03T  C2002 07 07.93843 16 49 37.55 -01 12 23.7                cf9043246
     K02M03T  C2002 07 07.93935 16 49 37.71 -01 12 25.8                cf9043246
     K02M03T  C2002 07 07.94030 16 49 37.78 -01 12 27.3                cf9043246
     K02M03T  C2002 07 07.94124 16 49 37.95 -01 12 28.5                cf9043246
     K02M03T  C2002 07 08.90707 16 51 34.67 -01 46 38.7                cf9043246
     K02M03T  C2002 07 08.90789 16 51 34.80 -01 46 38.6                cf9043246
     K02M03T  C2002 07 08.90889 16 51 34.94 -01 46 42.3                cf9043246
     K02M03T  C2002 07 08.91115 16 51 35.13 -01 46 45.9                cf9043246
     K02M03T  C2002 07 08.91225 16 51 35.31 -01 46 49.6                cf9043246
     K02M03T  C2002 07 09.24796 16 52 14.67 -01 58 19.4          19.6 Rcf9043649
     K02M03T  C2002 07 09.25206 16 52 15.13 -01 58 27.8          19.8 Rcf9043649
     K02M03T  C2002 07 09.25613 16 52 15.60 -01 58 36.1          19.5 Rcf9043649
     K02M03T  C2002 07 09.86846 16 53 27.76 -02 19 18.2                cf9043246
     K02M03T  C2002 07 09.87086 16 53 27.99 -02 19 23.8                cf9043246
     K02M03T  C2002 07 09.87172 16 53 28.13 -02 19 26.1                cf9043246
     K02M03T  C2002 07 09.87859 16 53 28.87 -02 19 40.0                cf9043246
     K02M03T  C2002 07 09.87968 16 53 29.05 -02 19 42.2                cf9043246
     K02M03T  C2002 07 09.88074 16 53 29.20 -02 19 43.5                cf9043246
     K02M03T  C2002 07 12.87531 16 59 02.99 -03 53 59.3                cf9043246
     K02M03T  C2002 07 12.87639 16 59 03.13 -03 54 02.1                cf9043246
     K02M03T  C2002 07 13.17806 16 59 35.83 -04 02 53.2          20.1 Rcl1109644
     K02M03T  C2002 07 13.18853 16 59 36.90 -04 03 11.7          20.3 Rcl1109644
     K02M03T  C2002 07 13.20015 16 59 38.03 -04 03 32.0          20.2 Rcl1109644
     K02M03T IC2002 07 14.28116 17 01 31.48 -04 34 38.4          20.5 Rcf9043715
     K02M03T  C2002 07 14.28482 17 01 31.83 -04 34 43.9          20.7 Rcf9043715
     K02M03T  C2002 07 14.28849 17 01 32.27 -04 34 51.3          20.7 Rcf9043715
     K02M03T 1C2002 07 31.47947 17 28 05.72 -10 40 55.0                cf9974413
     K02M03T 1C2002 07 31.49047 17 28 06.62 -10 41 05.5          21.3 Rcf9974413
