j5299K02E06L* C2002 03 10.13090 14 23 40.95 +10 21 48.2          18.9 Rcf2814113
j5299K02E06L  C2002 03 10.13417 14 23 41.24 +10 21 50.3          18.8 Rcf2814113
j5299K02E06L  C2002 03 10.13729 14 23 41.60 +10 21 52.9          19.1 Rcf2814113
j5299K02E06L  C2002 03 10.14056 14 23 41.86 +10 21 54.4          18.6 Rcf2814113
j5299K02E06L  C2002 03 10.92956 14 24 57.82 +10 30 36.1          18.2 Rcf2814113
j5299K02E06L  C2002 03 10.93229 14 24 58.10 +10 30 37.5          18.3 Rcf2814113
j5299K02E06L  C2002 03 10.93501 14 24 58.23 +10 30 39.6          18.4 Rcf2814113
j5299K02E06L 7C2002 03 11.39071 14 25 41.55 +10 35 51.9                cf2814696
j5299K02E06L 7C2002 03 11.39667 14 25 42.09 +10 35 55.8          18.7 Rcf2814696
j5299K02E06L  C2002 03 12.03917 14 26 43.62 +10 43 13.1          18.3 Rcf2814046
j5299K02E06L  C2002 03 12.04065 14 26 43.74 +10 43 13.8                cf2814046
j5299K02E06L  C2002 03 12.04231 14 26 43.94 +10 43 15.1          18.2 Rcf2814046
j5299K02E06L  C2002 03 12.04360 14 26 44.03 +10 43 16.3                cf2814046
j5299K02E06L  C2002 03 12.04502 14 26 44.18 +10 43 17.2          18.4 Rcf2814046
j5299K02E06L  C2002 03 12.04803 14 26 44.44 +10 43 19.0                df2814557
j5299K02E06L  C2002 03 12.05354 14 26 44.93 +10 43 23.0                df2814557
j5299K02E06L  C2002 03 12.05571 14 26 45.29 +10 43 24.2          18.9 Rcf2814966
j5299K02E06L  C2002 03 12.05601 14 26 45.17 +10 43 24.7          19.0 Vdf2814557
j5299K02E06L  C2002 03 12.06580 14 26 46.28 +10 43 30.5          18.7 Rcf2814966
j5299K02E06L  C2002 03 12.07102 14 26 46.58 +10 43 36.7                cf2814118
j5299K02E06L  C2002 03 12.07250 14 26 46.68 +10 43 36.4                cf2814118
j5299K02E06L  C2002 03 12.07766 14 26 47.09 +10 43 40.3                cf2814118
j5299K02E06L  C2002 03 12.08079 14 26 47.43 +10 43 42.0                cf2814118
j5299K02E06L  C2002 03 12.08323 14 26 47.62 +10 43 44.4          18.0 Rcf2814118
j5299K02E06L  C2002 03 12.32528 14 27 11.22 +10 46 34.3          18.3 Rcf2814649
j5299K02E06L  C2002 03 12.32912 14 27 11.58 +10 46 37.1          18.3 Rcf2814649
j5299K02E06L  C2002 03 12.33296 14 27 11.92 +10 46 39.8          18.2 Rcf2814649
j5299K02E06L  C2002 03 12.45061 14 27 22.90 +10 48 05.3          20.1 Rcf2814926
j5299K02E06L  C2002 03 12.45435 14 27 23.25 +10 48 06.9          19.6 Rcf2814926
j5299K02E06L  C2002 03 12.73218 14 27 50.19 +10 51 20.0                cf2814345
j5299K02E06L  C2002 03 12.73436 14 27 50.48 +10 51 21.7                cf2814345
j5299K02E06L  C2002 03 12.73711 14 27 50.65 +10 51 23.2                cf2814345
j5299K02E06L  C2002 03 12.73942 14 27 50.86 +10 51 25.6                cf2814345
j5299K02E06L  C2002 03 12.74162 14 27 51.12 +10 51 27.2                cf2814345
j5299K02E06L  C2002 03 12.74382 14 27 51.22 +10 51 28.0                cf2814345
j5299K02E06L  C2002 03 12.75260 14 27 51.77 +10 51 50.4          18.2 Vmf2814422
j5299K02E06L  C2002 03 12.75462 14 27 51.95 +10 51 52.6          18.5 Vmf2814422
j5299K02E06L  C2002 03 12.75591 14 27 52.06 +10 51 53.9          18.7 Vmf2814422
j5299K02E06L  C2002 03 12.75848 14 27 52.26 +10 51 55.5          18.5 Vmf2814422
j5299K02E06L  C2002 03 13.11382 14 28 26.69 +10 55 48.8                cf2814118
j5299K02E06L  C2002 03 13.11696 14 28 26.95 +10 55 51.9                cf2814118
j5299K02E06L  C2002 03 13.12307 14 28 27.44 +10 55 55.0          18.4 Rcf2814118
j5299K02E06L  C2002 03 13.26572 14 28 42.25 +10 57 41.1          19.5 Rcf2814651
j5299K02E06L  C2002 03 13.26848 14 28 42.48 +10 57 42.9          19.4 Rcf2814651
j5299K02E06L  C2002 03 13.27134 14 28 42.77 +10 57 44.7          19.6 Rcf2814651
j5299K02E06L  C2002 03 13.31295 14 28 46.39 +10 58 13.9          18.9 Rcf2814649
j5299K02E06L  C2002 03 13.32017 14 28 47.12 +10 58 19.1          18.6 Rcf2814649
j5299K02E06L  C2002 03 13.48538 14 29 02.37 +11 00 20.6          19.0 Rcf2814926
j5299K02E06L  C2002 03 13.49056 14 29 02.85 +11 00 25.2          18.7 Rcf2814926
j5299K02E06L  C2002 03 15.45335 14 32 13.70 +11 24 40.8          18.7 Vdf2814291
j5299K02E06L IC2002 03 15.45781 14 32 14.15 +11 24 44.8          18.6 Vdf2814291
j5299K02E06L IC2002 03 15.46222 14 32 14.50 +11 24 47.6          18.6 Vdf2814291
j5299K02E06L  C2002 03 16.24321 14 33 32.01 +11 34 47.5          18.8 Rcf2814715
j5299K02E06L  C2002 03 16.24679 14 33 32.32 +11 34 49.6          19.1 Rcf2814715
j5299K02E06L  C2002 03 16.25036 14 33 32.70 +11 34 52.0          19.0 Rcf2814715
j5299K02E06L  C2002 03 16.38407 14 33 45.32 +11 36 39.6          18.7 Vdf2814291
j5299K02E06L  C2002 03 16.38869 14 33 45.75 +11 36 43.1          18.7 Vdf2814291
j5299K02E06L  C2002 03 16.39294 14 33 46.15 +11 36 46.4          18.8 Vdf2814291
j5299K02E06L  C2002 03 16.46718 14 33 52.95 +11 37 45.2                cf2814926
j5299K02E06L  C2002 03 16.47440 14 33 53.80 +11 37 52.4                cf2814926
j5299K02E06L  C2002 03 17.99288 14 36 24.53 +11 58 00.1          17.5 Rcf2815113
j5299K02E06L  C2002 03 17.99594 14 36 24.80 +11 58 02.0          17.5 Rcf2815113
j5299K02E06L  C2002 03 17.99899 14 36 25.08 +11 58 04.5          17.7 Rcf2815113
j5299K02E06L  C2002 03 18.00510 14 36 25.69 +11 58 09.9          17.9 Rcf2815113
j5299K02E06L  C2002 03 18.00819 14 36 25.99 +11 58 11.8          18.0 Rcf2815113
j5299K02E06L  C2002 03 19.08053 14 38 12.84 +12 12 59.6                cf2815118
j5299K02E06L  C2002 03 19.08668 14 38 13.41 +12 13 04.3          17.8 Rcf2815118
j5299K02E06L  C2002 03 19.08796 14 38 13.54 +12 13 05.7                cf2815118
j5299K02E06L IC2002 03 19.41732 14 38 46.77 +12 17 47.7                cf2815711
j5299K02E06L IC2002 03 19.42570 14 38 47.48 +12 17 54.9          17.4 Rcf2815711
j5299K02E06L  C2002 03 19.44835 14 38 49.62 +12 18 13.8          17.5 Rcf2815711
j5299K02E06L  C2002 03 21.36343 14 42 04.85 +12 45 51.0          18.5  cf2815704
j5299K02E06L  C2002 03 21.37499 14 42 05.98 +12 46 01.6          19.4  cf2815704
j5299K02E06L  C2002 03 21.38655 14 42 07.09 +12 46 11.7          18.9  cf2815704
j5299K02E06L  C2002 03 21.39812 14 42 08.18 +12 46 22.6          19.1  cf2815704
j5299K02E06L  C2002 03 21.40971 14 42 09.32 +12 46 32.4          18.9  cf2815704
j5299K02E06L  C2002 03 21.41339 14 42 09.81 +12 46 35.4          18.4 Rcf2815699
j5299K02E06L  C2002 03 21.42594 14 42 11.00 +12 46 47.2                cf2815699
j5299K02E06L  C2002 03 21.43851 14 42 12.24 +12 46 58.2                cf2815699
j5299K02E06L  C2002 03 21.45111 14 42 13.41 +12 47 09.1                cf2815699
j5299K02E06L  C2002 03 21.50292 14 42 18.37 +12 47 56.2          18.9 Rcf2815926
j5299K02E06L  C2002 03 21.51231 14 42 19.40 +12 48 01.2                cf2815926
j5299K02E06L  C2002 03 23.41098 14 45 37.21 +13 16 51.5          17.7  cf2815704
j5299K02E06L  C2002 03 23.42526 14 45 38.62 +13 17 04.6          18.3  cf2815704
j5299K02E06L  C2002 03 23.44022 14 45 40.07 +13 17 18.4          18.3  cf2815704
j5299K02E06L  C2002 03 23.45677 14 45 41.72 +13 17 33.8          18.2  cf2815704
j5299K02E06L  C2002 03 23.47273 14 45 43.29 +13 17 48.1          18.1  cf2815704
j5299K02E06L  C2002 03 24.74324 14 47 58.08 +13 38 08.7          18.3 Vmf2815422
j5299K02E06L  C2002 03 24.74431 14 47 58.20 +13 38 09.8          18.6 Vmf2815422
j5299K02E06L  C2002 03 24.74484 14 47 58.23 +13 38 09.9          18.5 Vmf2815422
j5299K02E06L  C2002 03 24.74576 14 47 58.34 +13 38 11.1          18.1 Vmf2815422
j5299K02E06L FC2002 03 25.40366 14 49 09.67 +13 48 25.8                cf2815670
j5299K02E06L  C2002 03 25.51027 14 49 20.59 +13 50 11.2                cf2815670
j5299K02E06L  C2002 03 26.03477 14 50 18.27 +13 58 42.3          17.9 Vcf2815198
j5299K02E06L  C2002 03 26.04544 14 50 19.32 +13 58 51.5          18.0 Vcf2815198
j5299K02E06L  C2002 03 26.05187 14 50 19.97 +13 58 57.5          18.0 Vcf2815198
j5299K02E06L  C2002 03 27.32425 14 52 40.25 +14 20 14.5          17.7 Rcf5656649
j5299K02E06L  C2002 03 27.32733 14 52 40.58 +14 20 17.5          17.6 Rcf5656649
j5299K02E06L  C2002 03 27.33041 14 52 40.87 +14 20 20.7          17.4 Rcf5656649
j5299K02E06L  C2002 03 31.89473 15 01 30.91 +15 41 28.0          17.6 V f5656151
j5299K02E06L  C2002 03 31.89899 15 01 31.46 +15 41 33.7          17.5 V f5656151
j5299K02E06L  C2002 03 31.90424 15 01 32.05 +15 41 39.7          17.6 V f5656151
j5299K02E06L  C2002 03 31.90937 15 01 32.60 +15 41 44.3          17.4 V f5656151
j5299K02E06L  C2002 03 31.91337 15 01 33.09 +15 41 50.4          17.6 V f5656151
j5299K02E06L  C2002 03 31.91758 15 01 33.65 +15 41 54.4          17.5 V f5656151
j5299K02E06L  C2002 04 01.85488 15 03 28.59 +15 59 35.7          17.6 V f5656151
j5299K02E06L  C2002 04 01.85826 15 03 29.09 +15 59 37.8          17.7 V f5656151
j5299K02E06L  C2002 04 01.95774 15 03 41.04 +16 01 34.2          17.2 Rcf5656113
j5299K02E06L  C2002 04 01.96022 15 03 41.34 +16 01 37.5          17.1 Rcf5656113
j5299K02E06L  C2002 04 01.96270 15 03 41.63 +16 01 40.1          17.0 Rcf5656113
j5299K02E06L  C2002 04 01.96521 15 03 41.95 +16 01 43.2          16.9 Rcf5656113
j5299K02E06L  C2002 04 01.96767 15 03 42.22 +16 01 46.1          17.0 Rcf5656113
j5299K02E06L  C2002 04 01.97425 15 03 43.04 +16 01 52.8          17.2 Rcf5656636
j5299K02E06L  C2002 04 01.97844 15 03 43.57 +16 01 57.5          17.2 Rcf5656636
j5299K02E06L  C2002 04 01.98262 15 03 44.08 +16 02 02.0          17.2 Rcf5656636
j5299K02E06L  C2002 04 01.98678 15 03 44.53 +16 02 06.9          17.3 Rcf5656636
j5299K02E06L  C2002 04 02.95394 15 05 45.93 +16 20 45.6          17.6 Rcf5656113
j5299K02E06L  C2002 04 02.95594 15 05 46.18 +16 20 48.0          17.8 Rcf5656113
j5299K02E06L  C2002 04 02.95795 15 05 46.41 +16 20 50.2          17.7 Rcf5656113
j5299K02E06L  C2002 04 02.95995 15 05 46.66 +16 20 52.8          17.5 Rcf5656113
j5299K02E06L  C2002 04 02.96205 15 05 46.93 +16 20 55.3          17.6 Rcf5656113
j5299K02E06L 1C2002 04 02.98150 15 05 49.36 +16 21 22.5          17.9 Vif4828071
j5299K02E06L 1C2002 04 02.98713 15 05 49.98 +16 21 29.1          17.9 Vif4828071
j5299K02E06L 1C2002 04 02.99159 15 05 50.50 +16 21 35.0          17.8 Vif4828071
j5299K02E06L  C2002 04 02.99976 15 05 51.77 +16 21 42.7          17.6 Vcf5656198
j5299K02E06L  C2002 04 03.00339 15 05 52.22 +16 21 46.3          17.9 Rcf5656636
j5299K02E06L  C2002 04 03.00760 15 05 52.65 +16 21 50.6          17.7 Rcf5656636
j5299K02E06L  C2002 04 03.01177 15 05 53.26 +16 21 55.9          17.4 Rcf5656636
j5299K02E06L  C2002 04 03.01353 15 05 53.43 +16 21 59.3          17.8 Vcf5656198
j5299K02E06L  C2002 04 03.01603 15 05 53.74 +16 22 02.3          17.9 Vcf5656198
j5299K02E06L  C2002 04 03.02769 15 05 55.08 +16 22 15.3                cf5656246
j5299K02E06L  C2002 04 03.02855 15 05 55.18 +16 22 16.2                cf5656246
j5299K02E06L  C2002 04 03.02948 15 05 55.28 +16 22 17.5                cf5656246
j5299K02E06L  C2002 04 03.03043 15 05 55.37 +16 22 18.6                cf5656246
j5299K02E06L  C2002 04 03.03134 15 05 55.47 +16 22 19.8                cf5656246
j5299K02E06L  C2002 04 03.03222 15 05 55.61 +16 22 20.7                cf5656246
j5299K02E06L  C2002 04 03.89178 15 07 47.05 +16 39 14.8          17.5 V f5656151
j5299K02E06L  C2002 04 03.89486 15 07 47.40 +16 39 18.2          17.3 V f5656151
j5299K02E06L  C2002 04 03.89687 15 07 47.63 +16 39 20.5          17.3 V f5656151
j5299K02E06L  C2002 04 03.89872 15 07 47.87 +16 39 22.8          17.2 V f5656151
j5299K02E06L  C2002 04 03.93919 15 07 53.05 +16 40 13.5          17.0 Rcf5656113
j5299K02E06L  C2002 04 03.94084 15 07 53.26 +16 40 15.4          17.0 Rcf5656113
j5299K02E06L  C2002 04 03.94251 15 07 53.47 +16 40 17.5          17.0 Rcf5656113
j5299K02E06L  C2002 04 03.94418 15 07 53.68 +16 40 19.3          17.0 Rcf5656113
j5299K02E06L  C2002 04 03.94583 15 07 53.88 +16 40 21.3          17.0 Rcf5656113
j5299K02E06L  C2002 04 04.01541 15 08 02.46 +16 41 42.9          17.2 Rcf5656636
j5299K02E06L  C2002 04 04.01693 15 08 02.55 +16 41 46.0                cf5656246
j5299K02E06L  C2002 04 04.01792 15 08 02.68 +16 41 47.2                cf5656246
j5299K02E06L  C2002 04 04.01881 15 08 02.78 +16 41 48.2                cf5656246
j5299K02E06L  C2002 04 04.01889 15 08 02.99 +16 41 47.9          17.7 Rcf5656636
j5299K02E06L  C2002 04 04.01971 15 08 02.93 +16 41 49.5                cf5656246
j5299K02E06L  C2002 04 04.02052 15 08 03.01 +16 41 50.3                cf5656246
j5299K02E06L  C2002 04 04.02238 15 08 03.36 +16 41 52.2          17.4 Rcf5656636
j5299K02E06L  C2002 04 04.89392 15 09 59.03 +16 59 22.0          17.4 Vdf5656151
j5299K02E06L  C2002 04 04.89791 15 09 59.50 +16 59 26.6          17.4 Vdf5656151
j5299K02E06L  C2002 04 04.90272 15 10 00.12 +16 59 33.0          17.5 Vdf5656151
j5299K02E06L  C2002 04 04.90513 15 10 00.44 +16 59 36.3          17.1 Vdf5656151
j5299K02E06L  C2002 04 04.96002 15 10 07.42 +17 00 43.4          17.7 Vcf5656198
j5299K02E06L  C2002 04 04.96253 15 10 07.75 +17 00 46.7          17.6 Vcf5656198
j5299K02E06L  C2002 04 04.96940 15 10 08.65 +17 00 55.5          17.6 Vcf5656198
j5299K02E06L  C2002 04 04.97442 15 10 09.30 +17 01 01.8          17.5 Vcf5656198
j5299K02E06L  C2002 04 05.39522 15 11 05.52 +17 09 43.5                cf5656670
j5299K02E06L  C2002 04 05.43670 15 11 10.79 +17 10 34.1                cf5656670
j5299K02E06L  C2002 04 05.46653 15 11 14.46 +17 11 11.2                cf5656670
j5299K02E06L  C2002 04 05.90503 15 12 15.66 +17 20 07.3          17.7 V f5656151
j5299K02E06L  C2002 04 05.90856 15 12 16.18 +17 20 09.3          17.7 V f5656151
j5299K02E06L  C2002 04 05.90973 15 12 16.34 +17 20 12.0          17.8 V f5656151
j5299K02E06L  C2002 04 05.91115 15 12 16.53 +17 20 13.0          17.7 V f5656151
j5299K02E06L  C2002 04 05.92313 15 12 18.11 +17 20 28.2          17.6 V f5656151
j5299K02E06L  C2002 04 05.92597 15 12 18.48 +17 20 32.1          17.6 V f5656151
j5299K02E06L  C2002 04 06.92311 15 14 37.28 +17 41 23.4          17.3 Rcf5656215
j5299K02E06L  C2002 04 06.92366 15 14 37.36 +17 41 23.6          17.2 Rcf5656215
j5299K02E06L  C2002 04 06.92413 15 14 37.45 +17 41 24.7          17.0 Rcf5656215
j5299K02E06L  C2002 04 06.97315 15 14 44.09 +17 42 27.2          17.5 Vcf5656198
j5299K02E06L  C2002 04 06.98066 15 14 45.10 +17 42 36.9          17.5 Vcf5656198
j5299K02E06L  C2002 04 06.98359 15 14 45.50 +17 42 40.6          17.5 Vcf5656198
j5299K02E06L  C2002 04 06.99236 15 14 46.67 +17 42 51.9          17.6 Vcf5656198
j5299K02E06L  C2002 04 07.37281 15 15 40.73 +17 51 02.8                cf5656670
j5299K02E06L  C2002 04 07.42855 15 15 48.22 +17 52 14.1                cf5656670
j5299K02E06L  C2002 04 07.48762 15 15 56.03 +17 53 29.1                cf5656670
j5299K02E06L  C2002 04 07.86047 15 16 51.70 +18 01 19.6                df5656557
j5299K02E06L  C2002 04 07.86270 15 16 52.01 +18 01 22.8                df5656557
j5299K02E06L  C2002 04 07.86492 15 16 52.33 +18 01 25.7                df5656557
j5299K02E06L  C2002 04 07.96439 15 17 06.42 +18 03 35.3          16.9 Rcf5656636
j5299K02E06L  C2002 04 07.96745 15 17 06.83 +18 03 39.9          16.9 Rcf5656636
j5299K02E06L  C2002 04 07.97029 15 17 07.24 +18 03 43.9          17.1 Rcf5656636
j5299K02E06L  C2002 04 07.97316 15 17 07.67 +18 03 47.2          17.1 Rcf5656636
j5299K02E06L 1C2002 04 07.99215 15 17 10.06 +18 04 16.5          17.5 Vif4828071
j5299K02E06L 1C2002 04 07.99574 15 17 10.53 +18 04 21.8          16.3 Vif4828071
j5299K02E06L  C2002 04 09.05443 15 19 47.33 +18 27 22.8                cf5656246
j5299K02E06L  C2002 04 09.05536 15 19 47.45 +18 27 24.1                cf5656246
j5299K02E06L  C2002 04 09.05624 15 19 47.59 +18 27 25.3                cf5656246
j5299K02E06L  C2002 04 09.05701 15 19 47.69 +18 27 26.3                cf5656246
j5299K02E06L  C2002 04 09.05788 15 19 47.81 +18 27 27.5                cf5656246
j5299K02E06L  C2002 04 09.05877 15 19 47.94 +18 27 28.6                cf5656246
j5299K02E06L  C2002 04 09.06972 15 19 49.66 +18 27 41.4          16.9 Rcf5656636
j5299K02E06L  C2002 04 09.07212 15 19 50.08 +18 27 45.4          16.9 Rcf5656636
j5299K02E06L  C2002 04 10.24983 15 22 52.10 +18 54 09.9          16.7 Rdf5656452
j5299K02E06L  C2002 04 10.25159 15 22 52.35 +18 54 12.4          16.6 Rdf5656452
j5299K02E06L  C2002 04 10.25333 15 22 52.67 +18 54 14.8          16.8 Rdf5656452
j5299K02E06L  C2002 04 12.19139 15 28 08.87 +19 38 40.3          16.7 Rdf5656452
j5299K02E06L  C2002 04 12.19490 15 28 09.42 +19 38 45.5          16.5 Rdf5656452
j5299K02E06L  C2002 04 12.19667 15 28 09.70 +19 38 48.0          16.6 Rdf5656452
j5299K02E06L  C2002 04 14.31711 15 34 22.81 +20 29 13.7          16.8 Rcf5656699
j5299K02E06L  C2002 04 14.33210 15 34 25.44 +20 29 37.3                cf5656699
j5299K02E06L  C2002 04 14.34711 15 34 28.00 +20 29 57.9                cf5656699
j5299K02E06L  C2002 04 14.36213 15 34 30.58 +20 30 20.1                cf5656699
j5299K02E06L  C2002 04 15.89241 15 39 23.13 +21 07 49.6          16.8 V f5656151
j5299K02E06L  C2002 04 15.89593 15 39 23.82 +21 07 55.0          16.9 V f5656151
j5299K02E06L  C2002 04 15.89809 15 39 24.22 +21 07 58.3          16.9 V f5656151
j5299K02E06L  C2002 04 15.90017 15 39 24.62 +21 08 01.5          16.8 V f5656151
j5299K02E06L  C2002 04 16.28063 15 40 39.32 +21 17 48.4          16.2 Rdf5656452
j5299K02E06L  C2002 04 16.28284 15 40 39.73 +21 17 51.9          16.2 Rdf5656452
j5299K02E06L  C2002 04 16.28395 15 40 39.96 +21 17 53.7          16.0 Rdf5656452
j5299K02E06L  C2002 04 16.28500 15 40 40.15 +21 17 55.3          16.1 Rdf5656452
j5299K02E06L  C2002 04 18.37784 15 48 01.77 +22 11 19.1                cf5656670
j5299K02E06L  C2002 04 18.44973 15 48 16.81 +22 13 12.3          16.8 Rcf5656670
j5299K02E06L  C2002 04 18.50052 15 48 27.48 +22 14 30.1                cf5656670
j5299K02E06L  C2002 04 21.03610 15 58 34.53 +23 21 50.9          16.7 R f5656941
j5299K02E06L  C2002 04 21.03782 15 58 34.98 +23 21 53.8          16.8 R f5656941
j5299K02E06L  C2002 04 21.03898 15 58 35.22 +23 21 56.0          16.9 R f5656941
j5299K02E06L  C2002 04 21.04017 15 58 35.57 +23 21 57.9          16.8 R f5656941
j5299K02E06L  C2002 04 21.04169 15 58 35.84 +23 22 01.1          16.9 R f5656941
j5299K02E06L  C2002 04 21.04406 15 58 36.50 +23 22 03.9          16.8 R f5656941
j5299K02E06L  C2002 04 21.37911 16 00 02.85 +23 31 14.0                cf5656670
j5299K02E06L  C2002 04 21.44692 16 00 19.53 +23 33 04.9                cf5656670
j5299K02E06L  C2002 04 21.50339 16 00 33.53 +23 34 35.2          16.5 Rcf5656670
j5299K02E06L  C2002 04 21.88456 16 02 17.48 +23 44 45.6          16.2 Rcf5656636
j5299K02E06L  C2002 04 21.88639 16 02 17.88 +23 44 48.5          16.3 Rcf5657636
j5299K02E06L  C2002 04 21.88822 16 02 18.44 +23 44 51.3          16.4 Rcf5657636
j5299K02E06L  C2002 04 21.90594 16 02 23.19 +23 45 22.6                mf5657611
j5299K02E06L  C2002 04 21.90900 16 02 23.87 +23 45 26.8                mf5657611
j5299K02E06L  C2002 04 21.91946 16 02 26.70 +23 45 48.1          16.0 Rcf5657587
j5299K02E06L  C2002 04 21.92023 16 02 26.91 +23 45 49.5          16.1 Rcf5657587
j5299K02E06L  C2002 04 21.92100 16 02 27.11 +23 45 50.8          16.1 Rcf5657587
j5299K02E06L  C2002 04 21.92177 16 02 27.31 +23 45 52.1          16.0 Rcf5657587
j5299K02E06L  C2002 04 22.33306 16 04 18.22 +23 57 23.2          16.7  cf5657704
j5299K02E06L  C2002 04 22.33624 16 04 19.24 +23 57 26.0          16.4 Rcf5657699
j5299K02E06L  C2002 04 22.34645 16 04 21.71 +23 57 45.5          16.7  cf5657704
j5299K02E06L  C2002 04 22.35607 16 04 24.41 +23 57 59.8                cf5657699
j5299K02E06L  C2002 04 22.37497 16 04 29.14 +23 58 33.0          17.0  cf5657704
j5299K02E06L  C2002 04 22.37590 16 04 29.58 +23 58 32.7                cf5657699
j5299K02E06L  C2002 04 22.38940 16 04 32.91 +23 58 56.7          17.0  cf5657704
j5299K02E06L  C2002 04 22.39570 16 04 34.74 +23 59 05.5                cf5657699
j5299K02E06L  C2002 04 22.93124 16 07 06.23 +24 13 42.9          16.5 Vcf5657198
j5299K02E06L  C2002 04 22.93418 16 07 07.08 +24 13 47.9          16.5 Vcf5657198
j5299K02E06L  C2002 04 22.94060 16 07 08.87 +24 13 59.0          16.6 Vcf5657198
j5299K02E06L  C2002 04 22.94206 16 07 09.28 +24 14 01.6          16.5 Vcf5657198
j5299K02E06L  C2002 04 22.94499 16 07 10.09 +24 14 06.7          16.6 Vcf5657198
j5299K02E06L  C2002 04 24.08854 16 12 48.36 +24 46 05.3          17.1  if5657866
j5299K02E06L  C2002 04 24.09829 16 12 51.26 +24 46 22.3          17.2  if5657866
j5299K02E06L  C2002 04 24.12743 16 13 00.01 +24 47 14.4          17.1  if5657866
j5299K02E06L  C2002 04 24.13715 16 13 02.86 +24 47 31.6          16.8  if5657866
j5299K02E06L  C2002 04 26.02578 16 23 15.03 +25 41 12.0          16.1 Vcf5657198
j5299K02E06L  C2002 04 26.02872 16 23 16.05 +25 41 17.0          16.2 Vcf5657198
j5299K02E06L  C2002 04 26.03654 16 23 18.57 +25 41 30.6          16.3 Vcf5657198
j5299K02E06L  C2002 04 26.03947 16 23 19.55 +25 41 35.6          16.1 Vcf5657198
j5299K02E06L  C2002 04 26.04238 16 23 20.52 +25 41 40.4          16.1 Vcf5657198
j5299K02E06L  C2002 04 26.04384 16 23 20.99 +25 41 43.0          16.1 Vcf5657198
j5299K02E06L  C2002 04 27.62758 16 32 58.11 +26 27 23.0                 f4828355
j5299K02E06L  C2002 04 27.63037 16 32 59.18 +26 27 27.1          16.6 V f4828355
j5299K02E06L  C2002 04 27.63642 16 33 01.36 +26 27 38.3                 f4828355
j5299K02E06L  C2002 04 30.97579 16 57 01.11 +28 02 39.6          15.9 Vdf4828151
j5299K02E06L  C2002 04 30.97801 16 57 02.25 +28 02 44.3          15.9 Vdf4828151
j5299K02E06L  C2002 04 30.98024 16 57 03.37 +28 02 48.5          16.0 Vdf4828151
j5299K02E06L  C2002 04 30.98433 16 57 05.10 +28 02 54.8          16.0 Vdf4828151
j5299K02E06L  C2002 05 01.01470 16 57 19.21 +28 03 52.1          15.9 Vcf4828157
j5299K02E06L  C2002 05 01.01587 16 57 19.81 +28 03 53.8          16.0 Vcf4828157
j5299K02E06L  C2002 05 01.01704 16 57 20.33 +28 03 55.8          15.9 Vcf4828157
j5299K02E06L  C2002 05 01.07483 16 57 47.85 +28 05 35.6          15.6 Rdf4828176
j5299K02E06L  C2002 05 01.07760 16 57 49.14 +28 05 40.2          15.6 Rdf4828176
j5299K02E06L  C2002 05 01.08038 16 57 50.44 +28 05 44.7          15.7 Rdf4828176
j5299K02E06L  C2002 05 01.08316 16 57 51.74 +28 05 49.3          15.8 Rdf4828176
j5299K02E06L  C2002 05 02.01708 17 05 42.60 +28 31 16.7          15.6 Rcf4828118
j5299K02E06L  C2002 05 02.02045 17 05 44.29 +28 31 22.2                cf4828118
j5299K02E06L  C2002 05 02.02211 17 05 45.13 +28 31 24.9                cf4828118
j5299K02E06L  C2002 05 03.26334 17 17 02.53 +29 04 19.4          15.4 Rdf4828452
j5299K02E06L  C2002 05 03.26390 17 17 02.80 +29 04 20.4          15.5 Rdf4828452
j5299K02E06L  C2002 05 03.26454 17 17 03.16 +29 04 21.1          15.5 Rdf4828452
j5299K02E06L  C2002 05 03.26595 17 17 03.94 +29 04 23.6          15.3 Rdf4828452
j5299K02E06L  C2002 05 03.36506 17 18 00.60 +29 06 45.5                cf4828670
j5299K02E06L  C2002 05 03.44338 17 18 43.91 +29 08 45.9                cf4828670
j5299K02E06L  C2002 05 03.49168 17 19 10.71 +29 09 57.0                cf4828670
j5299K02E06L  C2002 05 05.06667 17 35 18.10 +29 46 56.1          16.3 Vif4828212
j5299K02E06L  C2002 05 05.07021 17 35 20.72 +29 46 57.9          15.9   f4828939
j5299K02E06L  C2002 05 05.07244 17 35 22.05 +29 47 00.9          15.7 R f4828941
j5299K02E06L  C2002 05 05.07281 17 35 22.35 +29 47 01.3          16.0   f4828939
j5299K02E06L  C2002 05 05.07434 17 35 23.32 +29 47 03.5          15.7 R f4828941
j5299K02E06L  C2002 05 05.07541 17 35 23.95 +29 47 04.8          15.9   f4828939
j5299K02E06L  C2002 05 05.07919 17 35 26.35 +29 47 10.0          15.8 R f4828941
j5299K02E06L  C2002 05 05.08044 17 35 27.04 +29 47 11.8          15.8 R f4828941
j5299K02E06L  C2002 05 05.08137 17 35 27.66 +29 47 13.0          15.8 R f4828941
j5299K02E06L  C2002 05 05.08233 17 35 28.22 +29 47 14.3          15.7 R f4828941
j5299K02E06L  C2002 05 05.08311 17 35 28.77 +29 47 15.3          15.8 R f4828941
j5299K02E06L  C2002 05 05.08416 17 35 29.38 +29 47 16.6          15.7 R f4828941
j5299K02E06L  C2002 05 05.08512 17 35 29.96 +29 47 17.9          15.7 R f4828941
j5299K02E06L  C2002 05 05.09705 17 35 37.76 +29 47 36.0          16.3 Vif4828212
j5299K02E06L  C2002 05 05.21098 17 36 54.51 +29 50 07.4          15.5 Rdf4828452
j5299K02E06L  C2002 05 05.21149 17 36 54.80 +29 50 08.1          15.5 Rdf4828452
j5299K02E06L  C2002 05 05.21204 17 36 55.19 +29 50 08.7          15.6 Rdf4828452
j5299K02E06L  C2002 05 05.22014 17 37 00.32 +29 50 20.2          15.4 Rdf4828452
j5299K02E06L  C2002 05 05.38947 17 38 49.45 +29 53 53.5          14.9  cf4828704
j5299K02E06L  C2002 05 05.40159 17 38 57.20 +29 54 08.9          15.1  cf4828704
j5299K02E06L  C2002 05 05.41371 17 39 04.95 +29 54 24.0          15.2  cf4828704
j5299K02E06L  C2002 05 05.42586 17 39 12.74 +29 54 39.2          15.2  cf4828704
j5299K02E06L  C2002 05 05.43829 17 39 20.70 +29 54 54.4          15.1  cf4828704
j5299K02E06L  C2002 05 12.16522 19 12 19.73 +30 26 50.2          15.8 Vif4828212
j5299K02E06L  C2002 05 13.01775 19 26 33.53 +30 07 20.6          16.3 Vcf4828198
j5299K02E06L  C2002 05 13.01845 19 26 34.22 +30 07 19.5          16.1 Vcf4828198
j5299K02E06L  C2002 05 13.02333 19 26 39.13 +30 07 12.4          16.1 Vcf4828198
j5299K02E06L  C2002 05 13.02403 19 26 39.80 +30 07 11.4          16.3 Vcf4828198
j5299K02E06L  C2002 05 13.02751 19 26 43.28 +30 07 06.3          16.2 Vcf4828198
j5299K02E06L  C2002 05 13.09286 19 27 49.32 +30 05 39.7          15.8 Vif4828212
j5299K02E06L  C2002 05 16.04118 20 19 05.85 +28 02 10.6          16.5 Vcf4828198
j5299K02E06L  C2002 05 16.04328 20 19 08.06 +28 02 04.4          16.4 Vcf4828198
j5299K02E06L  C2002 05 16.04398 20 19 08.78 +28 02 02.2          16.5 Vcf4828198
j5299K02E06L  C2002 05 16.95962 20 35 14.93 +27 06 13.9          16.3 Vcf4828151
j5299K02E06L  C2002 05 16.96388 20 35 19.34 +27 05 58.4          16.2 Vcf4828151
j5299K02E06L  C2002 05 16.96750 20 35 23.19 +27 05 44.5          16.3 Vcf4828151
j5299K02E06L  C2002 05 16.97022 20 35 25.97 +27 05 34.7          16.2 Vcf4828151
j5299K02E06L  C2002 05 18.03466 20 53 53.09 +25 51 42.5          16.1 Vcf4828198
j5299K02E06L  C2002 05 18.03678 20 53 55.25 +25 51 33.3          16.1 Vcf4828198
j5299K02E06L  C2002 05 18.03749 20 53 55.95 +25 51 30.7          16.0 Vcf4828198
j5299K02E06L  C2002 05 18.04030 20 53 58.79 +25 51 18.7          16.0 Vcf4828198
j5299K02E06L  C2002 05 21.00725 21 42 32.99 +21 45 27.7          16.5 Vcf7313611
j5299K02E06L  C2002 05 21.00771 21 42 33.38 +21 45 25.0          16.4 Vcf7313611
j5299K02E06L  C2002 05 21.00817 21 42 33.81 +21 45 22.7          16.4 Vcf7313611
j5299K02E06L  C2002 05 21.06738 21 43 27.49 +21 40 08.7          16.3 Rrk4262544
j5299K02E06L  C2002 05 21.06937 21 43 29.28 +21 39 58.7          16.2 Rrk4262544
j5299K02E06L  C2002 05 21.07215 21 43 31.85 +21 39 43.6          16.4 Rrk4262544
j5299K02E06L  C2002 05 21.07356 21 43 33.01 +21 39 36.5          16.5 Rrk4262544
j5299K02E06L  C2002 05 21.07446 21 43 33.95 +21 39 31.4          16.4 Rrk4262544
j5299K02E06L 1C2002 06 22.82976 01 22 31.53 -05 00 17.0                mf7313413
j5299K02E06L 1C2002 06 22.83125 01 22 31.77 -05 00 18.0                mf7313413
j5299K02E06L  C2002 08 04.64259 02 22 31.53 -10 50 40.0          18.2 Rcf9891474
j5299K02E06L  C2002 08 04.66030 02 22 31.74 -10 50 48.5          18.2 Rcf9891474
j5299K02E06L  C2002 08 04.66701 02 22 31.79 -10 50 51.8          18.2 Rcf9891474
j5299K02E06L  C2002 08 04.67350 02 22 31.90 -10 50 55.1          17.7 Rcf9891474
j5299K02E06L  C2002 09 09.02711 01 55 35.21 -16 03 13.4          18.1 Rcg1210113
j5299K02E06L  C2002 09 09.03211 01 55 34.62 -16 03 15.7                cg1210113
j5299K02E06L  C2002 09 09.03462 01 55 34.48 -16 03 17.2          17.9 Rcg1210113
j5299K02E06L  C2002 09 09.03712 01 55 34.19 -16 03 18.0          17.7 Rcg1210113
j5299K02E06L  C2002 09 09.03962 01 55 33.88 -16 03 19.5          17.7 Rcg1210113
j5299K02E06L  C2002 09 10.48418 01 53 05.89 -16 13 13.6          19.4 Rcg1210848
j5299K02E06L  C2002 09 10.48987 01 53 05.32 -16 13 15.5          18.6 Rcg1210848
j5299K02E06L  C2002 09 10.49375 01 53 04.83 -16 13 18.8          18.6 Rcg1210848
j5299K02E06L  C2002 09 10.49763 01 53 04.48 -16 13 21.9          18.1 Rcg1210848
j5299K02E06L  C2002 10 08.25693 01 02 44.15 -16 47 18.6          18.6  cg3252644
j5299K02E06L  C2002 10 08.27796 01 02 42.08 -16 47 13.2          18.6  cg3252644
j5299K02E06L  C2002 10 08.29948 01 02 39.97 -16 47 07.7          18.5  cg3252644
j5299K02E06L  C2002 10 23.34015 00 43 46.93 -15 05 35.1          19.6 Rci1473644
j5299K02E06L  C2002 10 23.36104 00 43 45.79 -15 05 24.6          18.8 Rci1473644
j5299K02E06L  C2002 10 23.38225 00 43 44.51 -15 05 13.4          18.1 Rci1473644
j5299K02E06L HC2002 12 07.15842 00 40 00.89 -07 00 59.7          21.9 Vdg7926291
j5299K02E06L HC2002 12 07.16880 00 40 01.18 -07 00 51.5          22.7 Vdg7926291
j5299K02E06L HC2002 12 07.17926 00 40 01.51 -07 00 44.5          22.4 Vdg7926291
j5299K02E06L 2C2006 10 25.47769204 41 13.555+16 13 42.77         22.6 Rot1959568
j5299K02E06L 2C2006 10 25.48137204 41 13.352+16 13 42.44         22.5 Rot1959568
j5299K02E06L 2C2006 10 25.48505804 41 13.163+16 13 42.20         22.5 Rot1959568
j5299K02E06L HC2006 11 20.43377 04 13 14.50 +15 36 01.7                ds8482291
j5299K02E06L HC2006 11 20.44773 04 13 13.58 +15 36 00.9                ds8482291
j5299K02E06L  C2008 12 22.44259 12 36 30.77 +06 49 47.5          22.2 Vo~02OR291
j5299K02E06L  C2008 12 22.44631 12 36 31.23 +06 49 45.2                o~02OR291
j5299K02E06L HC2008 12 22.45005 12 36 31.60 +06 49 45.3                o~02OR291
j5299K02E06L  C2009 01 20.43799 13 29 05.30 +04 27 50.1          21.0 Vo~03CG291
j5299K02E06L  C2009 01 20.44231 13 29 05.78 +04 27 48.8          20.7 Vo~03CG291
j5299K02E06L  C2009 01 20.44653 13 29 06.27 +04 27 48.1          20.8 Vo~03CG291
j5299K02E06L  C2009 03 13.39159 15 27 58.64 +04 14 10.9          19.8 Vo~05CqH55
j5299K02E06L  C2009 03 13.39467 15 27 59.18 +04 14 11.2          19.3 Vo~05CqH55
j5299K02E06L  C2009 03 13.39757 15 27 59.68 +04 14 11.5          19.6 Vo~05CqH55
j5299K02E06L  C2009 03 19.34851 15 47 20.37 +04 33 04.0          18.2  c~05Cq704
j5299K02E06L  C2009 03 19.36023 15 47 22.72 +04 33 08.0          18.8  c~05Cq704
j5299K02E06L  C2009 03 19.37180 15 47 25.14 +04 33 10.4          19.0  c~05Cq704
j5299K02E06L  C2009 03 19.38357 15 47 27.52 +04 33 12.9          18.8  c~05Cq704
j5299K02E06L  C2009 03 19.39533 15 47 29.89 +04 33 14.6          18.9  c~05Cr704
j5299K02E06L  C2009 03 25.01017 16 08 11.03 +04 52 16.5          17.4 Rc~05qcA24
j5299K02E06L  C2009 03 25.01118 16 08 11.29 +04 52 16.2          17.3 Rc~05qcA24
j5299K02E06L  C2009 04 08.42333 17 17 27.39 +05 26 58.4          18.5 Vo~06ATH55
j5299K02E06L  C2009 04 08.42576 17 17 28.22 +05 26 58.1          18.4 Vo~06ATH55
j5299K02E06L  C2009 04 08.42789 17 17 28.95 +05 26 58.5          18.5 Vo~06ATH55
j5299K02E06L  C2009 04 08.42972 17 17 29.58 +05 26 58.5          18.4 Vo~06ATH55
j5299K02E06L  C2009 04 08.43063 17 17 29.91 +05 26 58.4          18.5 Vo~06ATH55
j5299K02E06L  C2009 04 08.43216 17 17 30.45 +05 26 58.5          18.2 Vo~06ATH55
j5299K02E06L  C2009 04 08.43368 17 17 30.96 +05 26 58.7          18.5 Vo~06ATH55
j5299K02E06L  C2009 04 08.43612 17 17 31.79 +05 26 58.9          18.5 Vo~06ATH55
j5299K02E06L  C2009 04 15.40202 18 02 57.90 +05 19 17.4          17.7  c~06AT704
j5299K02E06L  C2009 04 15.41285 18 03 02.40 +05 19 15.2          18.0  c~06AT704
j5299K02E06L  C2009 04 15.42367 18 03 06.94 +05 19 13.0          18.3  c~06AT704
j5299K02E06L  C2009 04 15.43451 18 03 11.56 +05 19 11.0          18.5  c~06AT704
j5299K02E06L  C2009 04 15.44533 18 03 16.15 +05 19 09.2          18.2  c~06AT704
j5299K02E06L  C2009 04 20.99331 18 46 08.48 +04 50 59.5          17.7 Rr~06J2113
j5299K02E06L  C2009 04 20.99576 18 46 09.64 +04 50 58.7          17.8 Rr~06J2113
j5299K02E06L  C2009 04 21.00632 18 46 14.83 +04 50 54.2          17.8 Rr~06J2113
j5299K02E06L  C2009 04 21.01010 18 46 16.66 +04 50 53.0          17.9 Rr~06J2113
j5299K02E06L  C2009 04 22.13030 18 55 35.74 +04 42 24.4                v~06fX204
j5299K02E06L  C2009 04 22.13323 18 55 37.20 +04 42 23.0                v~06fX204
j5299K02E06L  C2009 04 22.13560 18 55 38.38 +04 42 21.9          16.8 Cv~06fX204
j5299K02E06L  C2009 05 06.17208 21 01 55.46 +01 42 29.4          17.7 Rr~06s1J51
j5299K02E06L  C2009 05 06.18439 21 02 01.91 +01 42 17.5          17.7 Rr~06s1J51
j5299K02E06L  C2009 05 06.19689 21 02 08.47 +01 42 05.6          17.6 Rr~06s1J51
j5299K02E06L tC2009 05 06.42367 21 04 10.12 +01 38 28.6          18.5 Vo~06s1691
j5299K02E06L tC2009 05 06.44891 21 04 23.38 +01 38 04.5          18.4 Vo~06s1691
j5299K02E06L  C2009 09 01.08285 02 29 49.56 -08 12 42.2          18.2 Vr~08cvJ75
j5299K02E06L  C2009 09 01.09627 02 29 48.71 -08 12 49.1          18.5 Vr~08cvJ75
j5299K02E06L  C2009 09 01.10971 02 29 47.95 -08 12 55.8          18.7 Vr~08cvJ75
j5299K02E06L  C2009 09 16.43616 02 11 06.28 -10 18 00.3          18.8 Vr~095f703
j5299K02E06L  C2009 09 16.44169 02 11 05.78 -10 18 02.9          19.1 Vr~095f703
j5299K02E06L  C2009 09 16.44726 02 11 05.17 -10 18 06.2          18.8 Vr~095f703
j5299K02E06L  C2009 09 16.45279 02 11 04.77 -10 18 07.6          18.5 Vr~095f703
j5299K02E06L  C2009 09 23.01459 02 00 17.28 -11 00 56.1          18.7 Rr~09If113
j5299K02E06L  C2009 09 23.01839 02 00 16.88 -11 00 57.6          18.5 Rr~09If113
j5299K02E06L  C2009 09 23.02219 02 00 16.46 -11 00 59.0          18.8 Rr~09If113
j5299K02E06L KC2012 02 19.14472708 20 49.64 +29 57 31.3          22.6 Vo~0dnbH21
j5299K02E06L KC2012 02 19.16306508 20 48.32 +29 57 36.3          22.2 Vo~0dnbH21
j5299K02E06L KC2012 02 19.18142508 20 46.98 +29 57 40.3          22.5 Vo~0dnbH21
j5299K02E06L KC2016 02 06.18998 14 30 06.16 +00 04 04.4          20.2 Rq~1l0EJ04
j5299K02E06L KC2016 02 06.19439 14 30 06.83 +00 04 03.2          20.2 Rq~1l0EJ04
j5299K02E06L KC2016 02 06.19882 14 30 07.50 +00 04 01.5          20.1 Rq~1l0EJ04
j5299K02E06L  C2016 02 11.58958 14 44 18.288-00 24 24.00         20.2 wL~1l0EF51
j5299K02E06L  C2016 02 11.60194 14 44 20.254-00 24 27.86         20.2 wL~1l0EF51
j5299K02E06L  C2016 02 11.61436 14 44 22.229-00 24 31.71         20.1 wL~1l0EF51
