90403K03Y45E ) 1989 09 12.43819 03 33 43.15 +52 47 32.5                ck3156261
90403K03Y45E ) 1989 09 12.47639 03 33 44.41 +52 48 10.1                ck3156261
90403K03Y45E ) 1993 08 21.38472 00 37 19.38 +51 42 05.0                ck3156261
90403K03Y45E ) 1993 08 21.43333 00 37 13.61 +51 43 11.1                ck3156261
90403K03Y45E  C2001 01 18.10229 02 28 40.50 +28 13 11.5          19.8  ck3156704
90403K03Y45E  C2001 01 18.11732 02 28 41.61 +28 12 57.4          19.8  ck3156704
90403K03Y45E  C2001 01 18.13245 02 28 42.87 +28 12 43.5          19.9  ck3156704
90403K03Y45E  C2001 01 18.14749 02 28 43.96 +28 12 26.5          19.7  ck3156704
90403K03Y45E* C2003 12 21.44012 10 48 29.76 -00 14 48.7          19.0 Vdj4918703
90403K03Y45E  C2003 12 21.45381 10 48 31.18 -00 15 23.3          18.9 Vdj4918703
90403K03Y45E  C2003 12 21.46743 10 48 32.63 -00 15 58.7          18.5 Vdj4918703
90403K03Y45E  C2003 12 21.48110 10 48 33.94 -00 16 35.9          19.4 Vdj4918703
90403K03Y45E  C2003 12 22.11419 10 49 42.29 -00 44 44.0                rj4918J95
90403K03Y45E  C2003 12 22.12002 10 49 42.93 -00 45 00.7                rj4918J95
90403K03Y45E  C2003 12 22.12595 10 49 43.55 -00 45 15.4          18.6 Rrj4918J95
90403K03Y45E  C2003 12 22.28786 10 50 01.16 -00 52 28.2          17.4 Rcj4918785
90403K03Y45E  C2003 12 22.30747 10 50 03.24 -00 53 20.4          17.8 Rcj4918785
90403K03Y45E  C2003 12 22.30968 10 50 03.84 -00 53 24.3          18.6 Rcj4918854
90403K03Y45E  C2003 12 22.31629 10 50 04.48 -00 53 43.5          18.5 Rcj4918854
90403K03Y45E  C2003 12 22.39021 10 50 12.20 -00 57 01.0          18.4  cj4918704
90403K03Y45E  C2003 12 22.40292 10 50 13.60 -00 57 35.4          18.5  cj4918704
90403K03Y45E  C2003 12 22.41533 10 50 14.90 -00 58 09.0          18.8  cj4918704
90403K03Y45E  C2003 12 22.42771 10 50 16.11 -00 58 42.8          18.2  cj4918704
90403K03Y45E  C2003 12 22.44066 10 50 17.46 -00 59 17.2          18.8  cj4918704
90403K03Y45E  C2003 12 23.65073 10 52 27.36 -01 54 19.9          18.9  cj4918608
90403K03Y45E  C2003 12 23.66158 10 52 28.46 -01 54 50.1          19.1  cj4918608
90403K03Y45E  C2003 12 23.67190 10 52 29.52 -01 55 18.9          19.3  cj4918608
90403K03Y45E  C2003 12 24.46584 10 53 55.13 -02 32 20.0          18.4 Rrj4918649
90403K03Y45E  C2003 12 24.46763 10 53 55.32 -02 32 25.1          18.4 Rrj4918649
90403K03Y45E  C2003 12 24.46940 10 53 55.50 -02 32 29.9          18.4 Rrj4918649
90403K03Y45E  C2003 12 25.14017 10 55 07.94 -03 04 13.2          18.5 Vrj4918170
90403K03Y45E  C2003 12 25.14172 10 55 08.10 -03 04 17.8          18.7 Vrj4918170
90403K03Y45E  C2003 12 25.14289 10 55 08.22 -03 04 21.3          18.6 Vrj4918170
90403K03Y45E  C2003 12 25.14483 10 55 08.42 -03 04 26.9          18.8 Vrj4918170
90403K03Y45E 1C2003 12 25.74625 10 56 13.122-03 32 58.97         18.7 Rrj4918413
90403K03Y45E 1C2003 12 25.75044 10 56 13.550-03 33 11.12         18.7 Rrj4918413
90403K03Y45E  C2003 12 29.42482 11 02 49.66 -06 38 00.5          18.7 Rrj5888H36
90403K03Y45E  C2003 12 29.43152 11 02 50.30 -06 38 22.0          18.0 Rrj5888H36
90403K03Y45E  C2003 12 29.43747 11 02 50.91 -06 38 39.3          19.0 Rrj5888H36
90403K03Y45E 1C2003 12 30.70428 11 05 08.370-07 45 28.47         18.4 Rrj5888413
90403K03Y45E 1C2003 12 30.70590 11 05 08.544-07 45 33.91         18.4 Rrj5888413
90403K03Y45E  C2003 12 31.31472 11 06 14.89 -08 18 46.5          18.2 Rrj5888649
90403K03Y45E  C2003 12 31.31650 11 06 15.08 -08 18 52.3          18.2 Rrj5888649
90403K03Y45E  C2003 12 31.31828 11 06 15.26 -08 18 58.2          18.2 Rrj5888649
90403K03Y45E  C2003 12 31.32005 11 06 15.47 -08 19 03.7          18.1 Rrj5888649
90403K03Y45E  C2003 12 31.32182 11 06 15.65 -08 19 09.6          18.3 Rrj5888649
90403K03Y45E  C2003 12 31.32360 11 06 15.82 -08 19 15.8          18.4 Rrj5888649
90403K03Y45E  C2004 01 01.67524 11 08 42.92 -09 33 35.7          18.1 Rrj5888E14
90403K03Y45E  C2004 01 01.70797 11 08 46.34 -09 35 25.7          18.2 Rrj5888E14
90403K03Y45E  C2004 01 01.73536 11 08 49.18 -09 36 58.3          18.1 Rrj5888E14
90403K03Y45E 1C2004 01 05.75225 11 16 12.346-13 32 22.60         18.7 Rrj6400413
90403K03Y45E 1C2004 01 05.75376 11 16 12.506-13 32 28.10         18.8 Rrj6400413
90403K03Y45E 1C2004 01 05.75526 11 16 12.667-13 32 33.51         18.8 Rrj6400413
90403K03Y45E  C2004 01 06.39772 11 17 25.08 -14 12 23.3          18.5 Rcj6400926
90403K03Y45E  C2004 01 06.39910 11 17 25.17 -14 12 29.3          19.0 Rcj6400926
90403K03Y45E  C2004 01 06.40049 11 17 25.41 -14 12 34.4          18.7 Rcj6400926
90403K03Y45E  C2004 01 09.48954 11 23 15.90 -17 30 11.5          17.9 Rcj6400926
90403K03Y45E  C2004 01 09.49082 11 23 16.05 -17 30 17.5          18.2 Rcj6400926
90403K03Y45E  C2004 01 09.49215 11 23 16.23 -17 30 24.6          17.8 Rcj6400926
90403K03Y45E  C2004 01 11.44102 11 27 03.73 -19 41 32.4                cj7842670
90403K03Y45E  C2004 01 11.48828 11 27 08.95 -19 44 48.3                cj7842670
90403K03Y45E  C2004 01 11.53968 11 27 14.68 -19 48 18.7                cj7842670
90403K03Y45E  C2004 01 16.47612 11 37 17.32 -25 43 27.2          18.5 Rcj6649926
90403K03Y45E  C2004 01 16.47734 11 37 17.52 -25 43 33.2          18.6 Rcj6649926
90403K03Y45E  C2004 01 16.47870 11 37 17.69 -25 43 39.3          18.6 Rcj6649926
90403K03Y45E  C2004 01 22.47978 11 50 47.54 -33 35 33.4          16.9  cj7047644
90403K03Y45E  C2004 01 22.49671 11 50 49.82 -33 36 57.4          17.6  cj7047644
90403K03Y45E  C2004 01 22.51759 11 50 52.67 -33 38 39.0          17.4  cj7047644
90403K03Y45E  C2004 03 30.69949 22 11 21.29 -52 56 54.5          18.2 Rck3156474
90403K03Y45E  C2004 03 30.70331 22 11 21.96 -52 56 41.9          18.5 Rck3156474
90403K03Y45E  C2004 03 30.70493 22 11 22.26 -52 56 36.2          18.3 Rck3156474
90403K03Y45E  C2004 03 30.70644 22 11 22.52 -52 56 30.9          18.4 Rck3156474
90403K03Y45E 1C2004 03 30.79351 22 11 37.13 -52 51 40.9          19.3 Rrk3156413
90403K03Y45E 1C2004 03 30.79513 22 11 37.39 -52 51 35.5          19.1 Rrk3156413
90403K03Y45E 1C2004 03 30.79675 22 11 37.64 -52 51 30.1          19.1 Rrk3156413
90403K03Y45E  C2004 06 16.43113 00 32 24.02 +13 17 54.4          18.4 Rdk9037703
90403K03Y45E  C2004 06 16.43860 00 32 24.72 +13 18 12.4          18.3 Rdk9038703
90403K03Y45E  C2004 06 16.44604 00 32 25.40 +13 18 31.4          17.9 Rdk9038703
90403K03Y45E  C2004 06 16.45350 00 32 26.17 +13 18 49.5          18.2 Rdk9038703
90403K03Y45E  C2004 06 19.37602 00 37 09.49 +15 19 25.0          19.0  ck9589704
90403K03Y45E  C2004 06 19.39589 00 37 11.43 +15 20 13.2          19.0  ck9589704
90403K03Y45E  C2004 06 19.40598 00 37 12.43 +15 20 38.9          19.3  ck9589704
90403K03Y45E  C2004 06 19.41592 00 37 13.37 +15 21 03.8          19.1  ck9589704
90403K03Y45E  C2004 07 23.01670 01 24 34.70 +35 46 13.3          18.8 Rcl0750113
90403K03Y45E  C2004 07 23.01781 01 24 34.74 +35 46 15.7          19.3 Rcl0750113
90403K03Y45E  C2004 07 23.01891 01 24 34.82 +35 46 18.4          19.1 Rcl0750113
90403K03Y45E  C2004 07 23.02001 01 24 34.89 +35 46 20.9          19.1 Rcl0750113
90403K03Y45E  C2004 07 23.02112 01 24 34.97 +35 46 23.3          19.0 Rcl0750113
90403K03Y45E  C2004 07 27.41268 01 29 08.56 +38 06 27.2          19.5  cl0703704
90403K03Y45E  C2004 07 27.42358 01 29 09.07 +38 06 49.2          19.9  cl0703704
90403K03Y45E  C2004 07 27.43434 01 29 09.63 +38 07 09.9          20.0  cl0703704
90403K03Y45E  C2004 07 30.00099 01 31 33.02 +39 26 49.5          19.7 Vol0703151
90403K03Y45E  C2004 07 30.00819 01 31 33.35 +39 27 03.9          19.7 Vol0703151
90403K03Y45E  C2004 08 25.34095 01 38 06.68 +51 25 48.2          18.6  cl2196704
90403K03Y45E  C2004 08 25.35112 01 38 06.18 +51 26 02.5          18.6  cl2196704
90403K03Y45E  C2004 08 25.36138 01 38 05.84 +51 26 15.8          19.1  cl2196704
90403K03Y45E  C2004 08 25.38173 01 38 04.86 +51 26 45.0          18.5  cl2196704
90403K03Y45E  C2004 08 27.33982 01 36 44.72 +52 10 42.6          18.9  cl2196704
90403K03Y45E  C2004 08 27.34998 01 36 44.22 +52 10 57.6          18.7  cl2196704
90403K03Y45E  C2004 08 27.36015 01 36 43.70 +52 11 10.2          19.0  cl2196704
90403K03Y45E  C2004 08 27.37037 01 36 43.08 +52 11 23.7          19.3  cl2196704
90403K03Y45E  C2004 08 27.38055 01 36 42.68 +52 11 38.1          18.9  cl2196704
90403K03Y45E  C2004 08 27.91386 01 36 17.73 +52 23 10.0          19.5 Vol2196151
90403K03Y45E  C2004 08 27.91636 01 36 17.64 +52 23 13.8          19.6 Vol2196151
90403K03Y45E  C2004 08 27.91722 01 36 17.54 +52 23 14.5          19.2 Vol2196151
