M3456K03U10B  C2001 09 26.44984 02 44 53.19 +06 37 04.9          20   Rok8478644
M3456K03U10B  C2001 10 10.46191 02 29 01.78 +04 33 53.8          20.5 Rok8478644
M3456K03U10B  C2001 10 10.49494 02 28 58.99 +04 33 35.0                ok8478644
M3456K03U10B  C2001 10 16.42848 02 20 38.66 +03 40 00.6          20.5 Rok8478644
M3456K03U10B  C2001 10 16.46041 02 20 35.74 +03 39 43.2                ok8478644
M3456K03U10B  C2001 11 11.28436001 44 33.924+00 46 48.10         21.33Vep0704645
M3456K03U10B  C2001 11 11.28783201 44 33.677+00 46 47.30         22.15 ep0704645
M3456K03U10B  C2001 11 21.23423001 34 56.093+00 24 19.14         21.03Vei9590645
M3456K03U10B  C2001 11 21.23770201 34 55.923+00 24 19.05         21.86 ei9590645
M3456K03U10B* C2003 10 20.35531 01 56 57.15 +01 26 11.7          20.3 Vci8323691
M3456K03U10B  C2003 10 20.38314 01 56 54.60 +01 25 57.4          20.3 Vci8323691
M3456K03U10B  C2003 10 20.41165 01 56 51.95 +01 25 43.0          20.4 Vci8323691
M3456K03U10B  C2003 10 21.32233 01 55 30.86 +01 18 04.0          19.6 Rci8323926
M3456K03U10B 5C2003 10 21.32465 01 55 30.64 +01 18 02.7          20.5 Rci8323673
M3456K03U10B  C2003 10 21.32618 01 55 30.44 +01 18 01.6          19.5 Rci8323926
M3456K03U10B 5C2003 10 21.32870 01 55 30.27 +01 18 00.8                ci8323673
M3456K03U10B  C2003 10 21.33189 01 55 29.92 +01 18 00.3          19.2 Rci8323926
M3456K03U10B 5C2003 10 21.33275 01 55 29.95 +01 17 59.1                ci8323673
M3456K03U10B 5C2003 10 21.33669 01 55 29.55 +01 17 56.8                ci8323673
M3456K03U10B  C2003 10 21.39480 01 55 24.12 +01 17 28.4          20.2 Vdi8323291
M3456K03U10B  C2003 10 21.40221 01 55 23.45 +01 17 24.6          20.1 Vdi8323291
M3456K03U10B  C2003 10 21.41346 01 55 22.42 +01 17 19.2          20.5 Vdi8323291
M3456K03U10B  C2003 10 23.18629 01 52 45.26 +01 02 54.8          19.7 Vdi8323291
M3456K03U10B  C2003 10 23.19031 01 52 44.89 +01 02 51.7          19.8 Vdi8323291
M3456K03U10B  C2003 10 23.19416 01 52 44.58 +01 02 50.5          20.5 Vdi8323291
M3456K03U10B  C2003 10 23.29453001 52 35.365+01 02 02.09         20.18Ven7023645
M3456K03U10B  C2003 10 23.29800201 52 35.049+01 02 00.48         20.89 en7023645
M3456K03U10B  C2003 10 24.20369 01 51 15.36 +00 54 55.0          20.3 Vdi8323291
M3456K03U10B  C2003 10 24.20793 01 51 14.98 +00 54 52.9          20.2 Vdi8323291
M3456K03U10B  C2003 10 24.21224 01 51 14.58 +00 54 51.0          20.3 Vdi8323291
M3456K03U10B  C2003 10 24.23701 01 51 12.18 +00 54 38.3          19.8 Rri8323649
M3456K03U10B  C2003 10 24.24411 01 51 11.55 +00 54 33.9          21.2 Rri8323649
M3456K03U10B  C2003 10 24.24927 01 51 11.25 +00 54 33.7          19.5 Rci8323711
M3456K03U10B IC2003 10 24.25905 01 51 10.26 +00 54 29.1                ci8323711
M3456K03U10B  C2003 10 24.26739 01 51 09.45 +00 54 23.9          19.8 Rri8323649
M3456K03U10B  C2003 10 24.26883 01 51 09.38 +00 54 24.7          19.2 Rci8323711
M3456K03U10B  C2003 10 24.27781 01 51 08.58 +00 54 20.1          20.5 Rri8323448
M3456K03U10B  C2003 10 24.28578 01 51 07.91 +00 54 16.2          20.3 Rri8323448
M3456K03U10B  C2003 10 24.29700 01 51 06.86 +00 54 11.2          19.2 Rri8323448
M3456K03U10B  C2003 10 24.92302 01 50 11.93 +00 49 21.3                ci8323246
M3456K03U10B  C2003 10 24.92392 01 50 11.81 +00 49 20.9                ci8323246
M3456K03U10B  C2003 10 25.14430 01 49 52.94 +00 47 42.3          19.7 Rri8323715
M3456K03U10B  C2003 10 25.15046 01 49 52.38 +00 47 40.1          20.3 Rri8323715
M3456K03U10B  C2003 10 25.15662 01 49 51.78 +00 47 36.5          20.7 Rri8323715
M3456K03U10B 7C2003 10 28.23145 01 45 26.83 +00 25 30.7                oi9590696
M3456K03U10B 7C2003 10 28.23406 01 45 26.56 +00 25 30.8                oi9590696
M3456K03U10B 7C2003 10 28.23660 01 45 26.38 +00 25 29.0                oi9590696
M3456K03U10B 2C2003 10 29.35281201 43 52.617+00 18 03.45         19.8 Rok6250568
M3456K03U10B 2C2003 10 29.35462301 43 52.464+00 18 02.70         19.8 Rok6250568
M3456K03U10B 2C2003 10 30.23273001 42 40.043+00 12 24.34         19.8 Roj8803568
M3456K03U10B 2C2003 10 30.23432201 42 39.914+00 12 23.73         19.7 Roj8803568
M3456K03U10B  C2003 11 18.22726 01 21 53.41 -00 56 39.3          21.4 Vdj1032291
M3456K03U10B  C2003 11 18.23157 01 21 53.21 -00 56 39.4          21.7 Vdj1032291
M3456K03U10B  C2003 11 18.23584 01 21 53.02 -00 56 39.8          21.4 Vdj1032291
M3456K03U10B HC2003 11 28.11736 01 16 12.97 -00 52 40.7                dj1857291
M3456K03U10B HC2003 11 28.12770 01 16 12.55 -00 52 38.9                dj1857291
M3456K03U10B HC2003 11 28.13719 01 16 12.51 -00 52 39.6                dj1857291
M3456K03U10B HC2003 12 21.17470 01 16 40.23 +00 39 57.9          21.8 Vdj4716291
M3456K03U10B HC2003 12 21.17889 01 16 40.34 +00 39 59.3          21.8 Vdj4716291
M3456K03U10B HC2003 12 21.18281 01 16 40.41 +00 40 01.4          22.0 Vdj4716291
M3456K03U10B 7C2005 09 27.38716 02 09 33.15 +03 14 10.5                op0704696
M3456K03U10B 7C2005 09 27.39163 02 09 32.81 +03 14 07.7                op0704696
M3456K03U10B  C2005 10 01.31334 02 04 38.04 +02 34 21.0          19.6 Roo3932699
M3456K03U10B  C2005 10 01.33633 02 04 36.13 +02 34 08.3                oo3932699
M3456K03U10B  C2005 10 01.35932 02 04 34.26 +02 33 52.4                oo3932699
M3456K03U10B  C2005 10 01.38230 02 04 32.39 +02 33 37.7                oo3932699
M3456K03U10B  C2005 10 01.40310 02 04 30.62 +02 33 25.8          20.3 Rro3932448
M3456K03U10B  C2005 10 01.41403 02 04 29.69 +02 33 18.9          21.1 Rro3932448
M3456K03U10B  C2005 10 01.42716 02 04 28.61 +02 33 11.3          20.6 Rro3932448
M3456K03U10B 4C2005 10 14.34586 01 45 58.88 +00 25 12.5          20.1  gv1533705
M3456K03U10B 4C2005 10 14.34669 01 45 58.81 +00 25 12.2          19.8 Vgv1533705
M3456K03U10B  C2007 08 22.29738702 12 34.23 +06 22 45.8          21.4 Vov3703H55
M3456K03U10B  C2007 08 22.31564402 12 34.41 +06 22 40.8          21.3 Vov3703H55
M3456K03U10B  C2007 08 22.33388302 12 34.56 +06 22 36.0          21.5 Vov3703H55
M3456K03U10B  C2007 10 24.27866 01 12 33.76 -02 45 15.9          20.1 Vrw3400G96
M3456K03U10B  C2007 10 24.28110 01 12 33.58 -02 45 16.8          20.2 Vrw3400G96
M3456K03U10B  C2007 10 24.28353 01 12 33.33 -02 45 17.6          20.2 Vrw3400G96
M3456K03U10B  C2007 10 24.28597 01 12 33.19 -02 45 19.0          21.4 Vrw3400G96
M3456K03U10B  C2007 10 24.34792 01 12 28.11 -02 45 42.7          20.1 Vrw3400G96
M3456K03U10B  C2007 10 24.35067 01 12 27.90 -02 45 43.7          19.9 Vrw3400G96
M3456K03U10B  C2007 10 24.35352 01 12 27.64 -02 45 44.3          20.4 Vrw3400G96
M3456K03U10B  C2007 10 24.35627 01 12 27.39 -02 45 45.2          20.8 Vrw3400G96
M3456K03U10B  C2009 09 27.30174 01 29 33.32 -00 47 09.9          20.0 Vr~09ax703
M3456K03U10B  C2009 09 27.30920 01 29 32.67 -00 47 15.6          19.1 Vr~09ax703
M3456K03U10B  C2009 09 27.31646 01 29 32.06 -00 47 20.8          20.0 Vr~09ax703
M3456K03U10B  C2009 09 27.32380 01 29 31.48 -00 47 24.9          20.0 Vr~09ax703
M3456K03U10B  C2009 10 16.18666 01 01 49.31 -03 54 03.4          20.3 Rc~0AEVG92
M3456K03U10B  C2009 10 16.19873 01 01 48.25 -03 54 09.4          20.4 Rc~0AEVG92
M3456K03U10B  C2009 10 16.21080 01 01 47.18 -03 54 16.4          20.6 Rc~0AEVG92
M3456K03U10B  C2009 10 16.26436 01 01 42.56 -03 54 40.4          19.5 Vr~0AEV703
M3456K03U10B  C2009 10 16.27229 01 01 41.88 -03 54 44.0          20.2 Vr~0AEV703
M3456K03U10B  C2009 10 16.28029 01 01 41.23 -03 54 47.2          19.4 Vr~0AEV703
M3456K03U10B  C2009 10 16.28824 01 01 40.47 -03 54 50.6          20.0 Vr~0AEV703
