     K03Q31A  C2003 02 19.19039 08 50 35.77 +08 03 05.4                rm7934644
     K03Q31A  C2003 02 19.20125 08 50 34.28 +08 03 15.5                rm7934644
     K03Q31A  C2003 02 19.21247 08 50 32.81 +08 03 26.3                rm7934644
     K03Q31A* C2003 08 25.34096 02 26 12.11 +15 38 30.9          19.1  ci3478704
     K03Q31A  C2003 08 25.35339 02 26 10.66 +15 38 07.1          19.8  ci3478704
     K03Q31A  C2003 08 25.36611 02 26 09.13 +15 37 41.4          19.5  ci3478704
     K03Q31A  C2003 08 25.37898 02 26 07.61 +15 37 16.2          19.6  ci3478704
     K03Q31A  C2003 08 25.39282 02 26 05.93 +15 36 49.0          19.4  ci3478704
     K03Q31A  C2003 08 26.00370 02 24 56.88 +15 16 23.2                ci3478246
     K03Q31A  C2003 08 26.00605 02 24 56.49 +15 16 17.3                ci3478246
     K03Q31A  C2003 08 26.01425 02 24 55.74 +15 16 02.1          19.5 Vri3478198
     K03Q31A  C2003 08 26.01783 02 24 55.32 +15 15 54.9          19.5 Vri3478198
     K03Q31A  C2003 08 26.02212 02 24 54.82 +15 15 46.7          19.5 Vri3478198
     K03Q31A  C2003 08 26.04030 02 24 52.46 +15 15 09.7                di3478557
     K03Q31A  C2003 08 26.05000 02 24 51.34 +15 14 50.8                di3478557
     K03Q31A  C2003 08 26.05186 02 24 51.10 +15 14 47.5          19.0 Vdi3478557
     K03Q31A  C2003 08 26.06711 02 24 49.62 +15 14 20.5          18.7 Rdi3478941
     K03Q31A  C2003 08 26.06795 02 24 49.52 +15 14 19.2          18.7 Rdi3478941
     K03Q31A  C2003 08 26.06878 02 24 49.43 +15 14 17.4          18.8 Rdi3478941
     K03Q31A  C2003 08 26.07041 02 24 49.27 +15 14 13.7          18.8 Rdi3478941
     K03Q31A  C2003 08 26.07123 02 24 49.18 +15 14 11.7          18.7 Rdi3478941
     K03Q31A  C2003 08 26.07367 02 24 48.87 +15 14 06.4          18.9 Rdi3478941
     K03Q31A  C2003 08 26.07448 02 24 48.77 +15 14 04.8          18.8 Rdi3478941
     K03Q31A  C2003 08 26.41380 02 24 09.63 +15 02 51.2          19.4  ci3478704
     K03Q31A  C2003 08 26.42784 02 24 07.86 +15 02 23.3          19.9  ci3478704
     K03Q31A  C2003 08 26.44156 02 24 06.17 +15 01 56.7          19.7  ci3478704
     K03Q31A  C2003 08 26.45472 02 24 04.51 +15 01 30.4          19.7  ci3478704
     K03Q31A  C2003 08 26.46796 02 24 02.90 +15 01 04.0          19.7  ci3478704
     K03Q31A dC2003 08 28.02361 02 21 02.05 +14 09 11.0                di3478118
     K03Q31A  C2003 08 28.09759 02 20 53.22 +14 06 47.1          18.4 Rdi3478941
     K03Q31A  C2003 08 28.09838 02 20 53.13 +14 06 45.6          18.4 Rdi3478941
     K03Q31A  C2003 08 28.09916 02 20 53.02 +14 06 44.2          18.4 Rdi3478941
     K03Q31A  C2003 08 28.09995 02 20 52.92 +14 06 42.8          18.4 Rdi3478941
     K03Q31A  C2003 08 28.10074 02 20 52.81 +14 06 41.1          18.4 Rdi3478941
     K03Q31A  C2003 08 28.38311 02 20 19.48 +13 57 19.7          19.3  ci3478704
     K03Q31A  C2003 08 28.39725 02 20 17.72 +13 56 52.0          20.1  ci3478704
     K03Q31A  C2003 08 28.41297 02 20 15.69 +13 56 19.9          19.9  ci3478704
     K03Q31A  C2003 08 28.42781 02 20 13.78 +13 55 50.9          19.5  ci3478704
     K03Q31A  C2003 08 29.35917 02 18 22.34 +13 24 49.4          19.0  ci3478704
     K03Q31A  C2003 08 29.37226 02 18 20.61 +13 24 24.0          19.8  ci3478704
     K03Q31A  C2003 08 29.38523 02 18 19.00 +13 23 58.0          19.7  ci3478704
     K03Q31A  C2003 08 30.03848 02 16 59.48 +13 02 05.1          19.6 Rri4096J95
     K03Q31A  C2003 08 30.04492 02 16 58.61 +13 01 52.7          18.8 Rri4096J95
     K03Q31A  C2003 08 30.05146 02 16 57.86 +13 01 39.6          19.4 Rri4096J95
     K03Q31A  C2003 09 01.00523 02 12 54.23 +11 56 42.5                di4096118
     K03Q31A  C2003 09 01.01640 02 12 52.75 +11 56 20.3          19.2 Rdi4096118
     K03Q31A  C2003 09 04.31972 02 05 44.31 +10 06 57.5          18.5  ci4096704
     K03Q31A  C2003 09 04.33226 02 05 42.58 +10 06 32.3          19.4  ci4096704
     K03Q31A  C2003 09 04.35754 02 05 39.04 +10 05 43.4          19.0  ci4096704
     K03Q31A  C2003 09 04.37006 02 05 37.27 +10 05 18.2          18.7  ci4096704
     K03Q31A  C2003 09 05.03107 02 04 08.97 +09 43 26.2          18.8 Rdi4096118
     K03Q31A  C2003 09 05.03574 02 04 08.29 +09 43 17.1          19.1 Rdi4096118
     K03Q31A  C2003 09 05.03608 02 04 08.34 +09 43 16.1                ci4096246
     K03Q31A  C2003 09 05.03693 02 04 08.24 +09 43 14.5                ci4096246
     K03Q31A  C2003 09 05.03782 02 04 08.10 +09 43 12.1                ci4096246
     K03Q31A  C2003 09 05.03970 02 04 07.86 +09 43 08.7                ci4096246
     K03Q31A  C2003 09 06.02392 02 01 55.42 +09 10 49.4                ci4096246
     K03Q31A  C2003 09 06.02472 02 01 55.33 +09 10 47.9                ci4096246
     K03Q31A  C2003 09 06.02626 02 01 55.13 +09 10 45.1                ci4096246
     K03Q31A  C2003 09 06.02714 02 01 55.01 +09 10 43.0                ci4096246
     K03Q31A  C2003 09 06.02831 02 01 54.83 +09 10 40.8                ci4096246
     K03Q31A  C2003 09 06.03050 02 01 54.52 +09 10 36.2                ci4096246
     K03Q31A 1C2003 09 07.76136 01 57 57.37 +08 14 37.2          19.0 Rri4564413
     K03Q31A 1C2003 09 07.76692 01 57 56.56 +08 14 26.2          19.0 Rri4564413
     K03Q31A  C2003 09 13.43864 01 44 40.72 +05 13 56.9          19.1 Rri4564448
     K03Q31A  C2003 09 13.44754 01 44 39.41 +05 13 39.7          19.2 Rri4564448
     K03Q31A  C2003 09 13.45740 01 44 38.03 +05 13 23.1          19.4 Rri4564448
     K03Q31A  C2003 09 17.97131 01 33 56.01 +02 58 12.9                ci4564246
     K03Q31A  C2003 09 17.97223 01 33 55.83 +02 58 12.4                ci4564246
     K03Q31A  C2003 09 17.97321 01 33 55.75 +02 58 09.6                ci4564246
     K03Q31A  C2003 09 17.97416 01 33 55.56 +02 58 08.3                ci4564246
     K03Q31A  C2003 09 19.31738 01 30 45.42 +02 19 52.9          19.4  ci4564704
     K03Q31A  C2003 09 19.32944 01 30 43.56 +02 19 31.9          19.6  ci4564704
     K03Q31A  C2003 09 19.34156 01 30 41.85 +02 19 13.8          19.2  ci4564704
     K03Q31A  C2003 09 19.35388 01 30 39.98 +02 18 50.6          19.3  ci4564704
     K03Q31A  C2003 09 23.45292 01 21 09.06 +00 28 20.0          19.0  ci5261644
     K03Q31A  C2003 09 23.45435 01 21 08.85 +00 28 17.8          18.8  ci5261644
     K03Q31A  C2003 09 23.46428 01 21 07.45 +00 28 02.6          19.0  ci5261644
     K03Q31A  C2003 09 23.46567 01 21 07.23 +00 28 00.5          18.8  ci5261644
     K03Q31A  C2003 09 23.47546 01 21 05.87 +00 27 45.4          19.0  ci5261644
     K03Q31A  C2003 09 23.47684 01 21 05.64 +00 27 43.4          18.8  ci5261644
     K03Q31A  C2003 09 28.26210 01 10 33.25 -01 27 23.6          18.9 Roi6241699
     K03Q31A  C2003 09 28.27540 01 10 31.54 -01 27 41.3                oi6241699
     K03Q31A  C2003 09 28.28874 01 10 29.77 -01 27 58.3                oi6241699
     K03Q31A  C2003 09 28.30211 01 10 27.90 -01 28 17.3                oi6241699
     K03Q31A VC2003 10 25.16560 00 31 16.38 -07 10 13.9                ci8054711
     K03Q31A  C2003 10 25.17849 00 31 15.38 -07 10 18.1          20.1 Rci8054711
     K03Q31A IC2003 10 25.19138 00 31 14.74 -07 10 21.8                ci8054711
     K03Q31A 1C2003 12 01.10479 00 31 29.14 -05 54 59.0                oj2732696
     K03Q31A 1C2003 12 01.11924 00 31 29.61 -05 54 53.0                oj2732696
     K03Q31A HC2009 12 20.50801 11 31 38.92 -02 54 18.0                o~0Cdu291
     K03Q31A HC2009 12 20.51340 11 31 39.64 -02 54 22.6                o~0Cdu291
     K03Q31A HC2009 12 20.52135 11 31 40.46 -02 54 24.8                o~0Cdu291
     K03Q31A KC2010 02 13.42927 14 08 08.53 -14 00 35.3          20.6 Cu~0Dnu448
     K03Q31A KC2010 02 13.44886 14 08 14.31 -14 00 46.6          20.6 Cu~0Dnu448
     K03Q31A KC2010 02 13.46890 14 08 20.30 -14 01 00.3          21.4 Cu~0Dnu448
     K03Q31A KC2010 02 14.45392 14 13 20.84 -14 11 54.7          20.1 Cu~0Dnu448
     K03Q31A KC2010 02 14.47110 14 13 26.13 -14 12 05.8          20.4 Cu~0Dnu448
     K03Q31A KC2010 02 14.48915 14 13 31.59 -14 12 18.0          19.7 Cu~0Dnu448
     K03Q31A  C2010 11 02.27369 02 32 29.32 +02 19 19.9          22.4 Vr~0ONYG96
     K03Q31A  C2010 11 02.28093 02 32 28.60 +02 19 16.4          22.2 Vr~0ONYG96
     K03Q31A  C2010 11 02.28823 02 32 27.88 +02 19 12.0          21.5 Vr~0ONYG96
     K03Q31A  C2010 11 02.29552 02 32 27.13 +02 19 08.5          22.3 Vr~0ONYG96
     K03Q31A  c2012 11 03.21364620 49 49.848-19 39 51.34         21.6 wL~0kgOF51
     K03Q31A  c2012 11 03.21838020 49 51.072-19 39 48.56         21.8 wL~0kgOF51
     K03Q31A  c2012 11 03.22790520 49 53.559-19 39 42.71         21.9 wL~0kgOF51
