J6625K03R10M  C1998 09 19.16390 22 55 26.13 +17 53 00.2          17.9  aj6363704
J6625K03R10M  C1998 09 19.18472 22 55 24.18 +17 52 56.4                aj6363704
J6625K03R10M  C1998 09 19.20554 22 55 22.19 +17 52 51.2                aj6363704
J6625K03R10M  C1998 09 19.22639 22 55 20.24 +17 52 49.8                aj6363704
J6625K03R10M  C1998 09 19.24724 22 55 18.32 +17 52 44.9                aj6363704
J6625K03R10M  C1998 09 20.14113 22 54 16.44 +17 49 24.0          17.3 Rcj0488699
J6625K03R10M  C1998 09 20.16278 22 54 14.73 +17 49 21.0                cj0488699
J6625K03R10M  C1998 09 20.18421 22 54 13.00 +17 49 17.9                cj0488699
J6625K03R10M* C2003 09 13.35161 21 42 08.76 +07 19 23.5          15.2 Roi4598699
J6625K03R10M  C2003 09 13.36160 21 42 11.85 +07 20 02.7                oi4598699
J6625K03R10M  C2003 09 13.37151 21 42 14.89 +07 20 40.8                oi4598699
J6625K03R10M  C2003 09 13.38148 21 42 18.06 +07 21 19.9                oi4598699
J6625K03R10M  C2003 09 13.92326 21 45 12.77 +07 54 19.6          16.7 Rri4598J95
J6625K03R10M  C2003 09 13.92413 21 45 13.00 +07 54 22.6          16.8 Rri4598J95
J6625K03R10M  C2003 09 13.92500 21 45 13.24 +07 54 25.7          16.7 Rri4598J95
J6625K03R10M  C2003 09 13.92593 21 45 13.53 +07 54 29.1          16.7 Rri4598J95
J6625K03R10M  C2003 09 13.93426 21 45 15.09 +07 55 00.4          16.7 Vri4598198
J6625K03R10M  C2003 09 13.93756 21 45 16.02 +07 55 11.9          16.7 Vri4598198
J6625K03R10M  C2003 09 13.94118 21 45 17.01 +07 55 24.7          16.6 Vri4598198
J6625K03R10M  C2003 09 13.94427 21 45 17.87 +07 55 35.4          16.5 Vri4598198
J6625K03R10M  C2003 09 13.94582 21 45 18.28 +07 55 40.7          16.6 Vri4598198
J6625K03R10M  C2003 09 13.94903 21 45 19.87 +07 55 49.0          16.5 Vdi4598J90
J6625K03R10M  C2003 09 13.95927 21 45 22.66 +07 56 25.0          16.4 Vdi4598J90
J6625K03R10M  C2003 09 13.96620 21 45 24.05 +07 57 01.6          16.5 Rri4598176
J6625K03R10M  C2003 09 13.96663 21 45 24.81 +07 56 50.9          16.6 Vdi4598J90
J6625K03R10M  C2003 09 13.96701 21 45 24.27 +07 57 04.5          16.3 Rri4598176
J6625K03R10M  C2003 09 13.96794 21 45 24.52 +07 57 07.7          16.3 Rri4598176
J6625K03R10M  C2003 09 13.96875 21 45 24.75 +07 57 10.6          16.2 Rri4598176
J6625K03R10M  C2003 09 13.96969 21 45 25.00 +07 57 13.9          16.2 Rri4598176
J6625K03R10M  C2003 09 13.98152 21 45 28.72 +07 57 54.0          16.3 Rci4598J87
J6625K03R10M  C2003 09 13.98225 21 45 28.93 +07 57 56.1          16.3 Rci4598J87
J6625K03R10M  C2003 09 13.98299 21 45 29.16 +07 57 58.9          16.4 Rci4598J87
J6625K03R10M  C2003 09 13.98372 21 45 29.32 +07 58 01.0          16.5 Rci4598J87
J6625K03R10M  C2003 09 13.98444 21 45 29.58 +07 58 04.0          16.2 Rci4598J87
J6625K03R10M  C2003 09 13.98517 21 45 29.72 +07 58 06.4          16.2 Rci4598J87
J6625K03R10M  C2003 09 13.98591 21 45 29.94 +07 58 08.8          16.5 Rci4598J87
J6625K03R10M  C2003 09 13.98664 21 45 30.11 +07 58 11.1          16.6 Rci4598J87
J6625K03R10M  C2003 09 13.98738 21 45 30.30 +07 58 13.5          16.5 Rci4598J87
J6625K03R10M  C2003 09 13.98811 21 45 30.50 +07 58 16.1          15.9 Rci4598J87
J6625K03R10M  C2003 09 13.98907 21 45 30.42 +07 58 05.9          16.6 Rci4598636
J6625K03R10M  C2003 09 13.99082 21 45 30.80 +07 58 11.6          16.3 Rci4598636
J6625K03R10M  C2003 09 13.99170 21 45 31.06 +07 58 14.6          16.3 Rci4598636
J6625K03R10M  C2003 09 13.99985 21 45 33.74 +07 58 43.1          16.6 Vdi4598J90
J6625K03R10M  C2003 09 14.00126 21 45 34.33 +07 58 47.6          16.7 Vdi4598J90
J6625K03R10M  C2003 09 14.00354 21 45 34.86 +07 58 56.9          16.3 Vdi4598J90
J6625K03R10M  C2003 09 14.00664 21 45 35.83 +07 59 08.0          16.5 Vdi4598J90
J6625K03R10M  C2003 09 14.01078 21 45 36.05 +07 59 33.4          15.9 Roi4598620
J6625K03R10M  C2003 09 14.01132 21 45 37.06 +07 59 23.3          16.5 Vdi4598J90
J6625K03R10M  C2003 09 14.01580 21 45 37.45 +07 59 50.2          16.1 Roi4598620
J6625K03R10M  C2003 09 14.01738 21 45 38.58 +07 59 42.0          16.8 Rri4598J95
J6625K03R10M  C2003 09 14.03238 21 45 42.70 +08 00 32.6          16.8 Rri4598J95
J6625K03R10M  C2003 09 14.03812 21 45 44.26 +08 00 51.9          16.9 Rri4598J95
J6625K03R10M  C2003 09 14.16569 21 46 25.88 +08 08 20.4                ci4598G76
J6625K03R10M  C2003 09 14.19174 21 46 32.65 +08 09 47.1                ci4598G76
J6625K03R10M  C2003 09 14.19609 21 46 33.71 +08 10 00.8                ci4598G76
J6625K03R10M  C2003 09 14.25522 21 46 47.77 +08 13 14.8          16.6 Rri4598448
J6625K03R10M  C2003 09 14.26113 21 46 49.25 +08 13 34.1          16.4 Rri4598448
J6625K03R10M  C2003 09 14.26287 21 46 49.69 +08 13 39.5          16.5 Rri4598448
J6625K03R10M  C2003 09 14.44977 21 47 42.50 +08 25 10.3          16.4 Rci4598474
J6625K03R10M  C2003 09 14.45081 21 47 42.77 +08 25 13.6          16.4 Rci4598474
J6625K03R10M  C2003 09 14.45174 21 47 43.00 +08 25 16.4          16.4 Rci4598474
J6625K03R10M  C2003 09 14.45353 21 47 43.42 +08 25 21.8          16.5 Rci4598474
J6625K03R10M  C2003 09 14.53324 21 48 02.95 +08 29 25.0          16.4 Rci4598474
J6625K03R10M  C2003 09 14.53521 21 48 03.42 +08 29 30.8          16.4 Rci4598474
J6625K03R10M  C2003 09 14.53792 21 48 04.10 +08 29 39.0          16.5 Rci4598474
J6625K03R10M  C2003 09 14.63104 21 48 28.67 +08 32 38.7          16.8 V i4598300
J6625K03R10M  C2003 09 14.64238 21 48 31.32 +08 33 11.5          16.4 V i4598300
J6625K03R10M  C2003 09 14.65374 21 48 34.14 +08 33 46.1          16.1 V i4598300
J6625K03R10M  C2003 09 14.77805 21 49 11.49 +08 39 35.1          16.7 Vri4598151
J6625K03R10M  C2003 09 14.77926 21 49 11.76 +08 39 38.8          16.6 Vri4598151
J6625K03R10M  C2003 09 14.78007 21 49 11.96 +08 39 41.6          16.6 Vri4598151
J6625K03R10M  C2003 09 14.78434 21 49 12.99 +08 39 53.6          16.6 Vri4598151
J6625K03R10M  C2003 09 14.78559 21 49 13.29 +08 39 57.4          16.4 Vri4598151
J6625K03R10M  C2003 09 14.78590 21 49 13.36 +08 39 58.2          16.5 Vri4598151
J6625K03R10M  C2003 09 14.78656 21 49 13.52 +08 40 00.3          16.5 Vri4598151
J6625K03R10M  C2003 09 14.80780 21 49 18.56 +08 41 07.9                ci4598108
J6625K03R10M  C2003 09 14.80949 21 49 18.87 +08 41 12.0                ci4598108
J6625K03R10M  C2003 09 14.81302 21 49 19.80 +08 41 23.0                ci4598108
J6625K03R10M  C2003 09 14.81701 21 49 20.60 +08 41 33.7          16.8 Vci4598108
J6625K03R10M  C2003 09 14.84741 21 49 27.73 +08 42 54.8          16.8 Vci4598611
J6625K03R10M  C2003 09 14.84934 21 49 28.18 +08 43 00.5                ci4598611
J6625K03R10M  C2003 09 14.85132 21 49 28.63 +08 43 06.1                ci4598611
J6625K03R10M  C2003 09 14.86363 21 49 31.47 +08 43 41.3                ci4598611
J6625K03R10M  C2003 09 14.87244 21 49 34.12 +08 44 15.5          16.7 Rri4598170
J6625K03R10M  C2003 09 14.87357 21 49 34.35 +08 44 18.9          16.5 Rri4599170
J6625K03R10M  C2003 09 14.88676 21 49 37.34 +08 44 56.3          16.7 Rri4599170
J6625K03R10M  C2003 09 14.88760 21 49 37.55 +08 44 58.3          16.6 Rri4599170
J6625K03R10M  C2003 09 14.88846 21 49 37.74 +08 45 00.9          16.5 Rri4599170
J6625K03R10M  C2003 09 14.88929 21 49 37.90 +08 45 02.8          16.4 Rri4599170
J6625K03R10M  C2003 09 14.90685 21 49 42.02 +08 45 41.7          16.3 Rri4599J95
J6625K03R10M  C2003 09 14.90970 21 49 42.67 +08 45 50.1          16.5 Rri4599J95
J6625K03R10M  C2003 09 14.91267 21 49 43.34 +08 45 58.5          16.8 Rri4599J95
J6625K03R10M  C2003 09 15.19620 21 50 52.08 +08 59 10.5          16.7 R i4599649
J6625K03R10M  C2003 09 15.19797 21 50 52.46 +08 59 15.3          16.7 R i4599649
J6625K03R10M  C2003 09 15.19975 21 50 52.83 +08 59 20.1          16.7 R i4599649
J6625K03R10M  C2003 09 15.22329 21 50 58.69 +09 00 30.1          16.7 Rri4599448
J6625K03R10M  C2003 09 15.22539 21 50 59.14 +09 00 35.8          16.8 Rri4599448
J6625K03R10M  C2003 09 15.22765 21 50 59.60 +09 00 41.5          16.8 Rri4599448
J6625K03R10M 1C2003 09 15.40820 21 51 44.627+09 09 47.88         16.9 Rri4599413
J6625K03R10M 1C2003 09 15.40970 21 51 44.943+09 09 51.82         16.9 Rri4599413
J6625K03R10M 1C2003 09 15.42053 21 51 47.191+09 10 19.89         16.8 Rri4599413
J6625K03R10M 1C2003 09 15.42203 21 51 47.500+09 10 23.69         16.8 Rri4599413
J6625K03R10M 1C2003 09 15.42354 21 51 47.811+09 10 27.63         16.9 Rri4599413
J6625K03R10M  C2003 09 15.77625 21 53 06.72 +09 23 21.2          16.8 Vri4599151
J6625K03R10M  C2003 09 15.77661 21 53 06.79 +09 23 22.1          16.9 Vri4599151
J6625K03R10M  C2003 09 15.77692 21 53 06.86 +09 23 22.9          16.8 Vri4599151
J6625K03R10M  C2003 09 15.77718 21 53 06.92 +09 23 23.4          16.9 Vri4599151
J6625K03R10M  C2003 09 15.77744 21 53 06.96 +09 23 24.0          16.9 Vri4599151
J6625K03R10M  C2003 09 15.77773 21 53 07.03 +09 23 24.7          17.0 Vri4599151
J6625K03R10M  C2003 09 15.78152 21 53 07.79 +09 23 34.0          16.9 Vri4599151
J6625K03R10M  C2003 09 15.78235 21 53 07.96 +09 23 36.1          16.8 Vri4599151
J6625K03R10M  C2003 09 15.78274 21 53 08.04 +09 23 37.0          16.9 Vri4599151
J6625K03R10M  C2003 09 15.78359 21 53 07.90 +09 23 38.2                ci4599246
J6625K03R10M  C2003 09 15.78363 21 53 08.23 +09 23 39.1          16.8 Vri4599151
J6625K03R10M  C2003 09 15.78459 21 53 08.11 +09 23 40.8                ci4599246
J6625K03R10M  C2003 09 15.78539 21 53 08.25 +09 23 42.6                ci4599246
J6625K03R10M  C2003 09 15.78604 21 53 08.38 +09 23 44.2                ci4599246
J6625K03R10M  C2003 09 15.78804 21 53 08.79 +09 23 49.0                ci4599246
J6625K03R10M  C2003 09 15.78882 21 53 08.95 +09 23 50.8                ci4599246
J6625K03R10M  C2003 09 15.80480 21 53 12.35 +09 24 30.0          16.7 Rci4599215
J6625K03R10M  C2003 09 15.80520 21 53 12.42 +09 24 31.0          16.5 Rci4599215
J6625K03R10M  C2003 09 15.80559 21 53 12.50 +09 24 32.0          16.5 Rci4599215
J6625K03R10M  C2003 09 15.85059 21 53 22.01 +09 26 24.8          17.1 Rri4599170
J6625K03R10M  C2003 09 15.85339 21 53 22.58 +09 26 31.2          17.1 Rri4599170
J6625K03R10M  C2003 09 15.85467 21 53 22.79 +09 26 34.5          17.2 Rri4599170
J6625K03R10M  C2003 09 15.85637 21 53 23.12 +09 26 38.6          17.1 Rri4599170
J6625K03R10M  C2003 09 16.06863 21 54 04.21 +09 34 35.3          17.1 Rri4599J95
J6625K03R10M  C2003 09 16.07095 21 54 04.67 +09 34 40.2          16.4 Rri4599J95
J6625K03R10M  C2003 09 16.07332 21 54 05.12 +09 34 45.7          16.9 Rri4599J95
J6625K03R10M  C2003 09 16.78023 21 56 28.89 +09 59 43.4                ci4599246
J6625K03R10M  C2003 09 16.78188 21 56 29.17 +09 59 46.6                ci4599246
J6625K03R10M  C2003 09 16.78289 21 56 29.37 +09 59 48.8                ci4599246
J6625K03R10M  C2003 09 16.78411 21 56 29.55 +09 59 51.1                ci4599246
J6625K03R10M  C2003 09 16.78490 21 56 29.69 +09 59 52.7                ci4599246
J6625K03R10M  C2003 09 16.79456 21 56 31.63 +10 00 12.3          17.0 Vri4599151
J6625K03R10M  C2003 09 16.79593 21 56 31.88 +10 00 15.1          17.0 Vri4599151
J6625K03R10M  C2003 09 16.79944 21 56 32.47 +10 00 22.0          16.9 Vri4599151
J6625K03R10M  C2003 09 16.80118 21 56 32.74 +10 00 25.9          16.8 Vri4599151
J6625K03R10M  C2003 09 16.80765 21 56 33.87 +10 00 38.7          16.8 Vri4599151
J6625K03R10M  C2003 09 16.80816 21 56 33.96 +10 00 39.7          16.8 Vri4599151
J6625K03R10M  C2003 09 16.81056 21 56 34.34 +10 00 43.8          16.9 Vri4599151
J6625K03R10M  C2003 09 16.81190 21 56 34.56 +10 00 46.4          17.3 Vri4599151
J6625K03R10M  C2003 09 16.82646 21 56 36.80 +10 01 14.0          16.7 Rci4599113
J6625K03R10M  C2003 09 16.82756 21 56 36.99 +10 01 15.8          16.6 Rci4599113
J6625K03R10M  C2003 09 16.82866 21 56 37.20 +10 01 18.2          16.9 Rci4599113
J6625K03R10M  C2003 09 16.82977 21 56 37.36 +10 01 20.5          16.6 Rci4599113
J6625K03R10M  C2003 09 16.83087 21 56 37.56 +10 01 22.8          16.7 Rci4599113
J6625K03R10M  C2003 09 16.86164 21 56 43.39 +10 02 21.5                ri4599940
J6625K03R10M  C2003 09 16.86284 21 56 43.58 +10 02 24.4                ri4599940
J6625K03R10M  C2003 09 16.86403 21 56 43.78 +10 02 26.6                ri4599940
J6625K03R10M  C2003 09 16.86522 21 56 43.99 +10 02 29.0                ri4599940
J6625K03R10M  C2003 09 16.86641 21 56 44.15 +10 02 31.0                ri4599940
J6625K03R10M  C2003 09 16.86760 21 56 44.36 +10 02 33.4                ri4599940
J6625K03R10M  C2003 09 16.86880 21 56 44.59 +10 02 36.4                ri4599940
J6625K03R10M  C2003 09 16.86999 21 56 44.77 +10 02 38.1                ri4599940
J6625K03R10M  C2003 09 16.87118 21 56 45.03 +10 02 40.5                ri4599940
J6625K03R10M  C2003 09 16.87236 21 56 45.16 +10 02 42.6                ri4599940
J6625K03R10M  C2003 09 16.87355 21 56 45.34 +10 02 45.3                ri4599940
J6625K03R10M  C2003 09 16.87474 21 56 45.56 +10 02 47.3                ri4599940
J6625K03R10M  C2003 09 16.87487 21 56 45.59 +10 02 58.6          17.0 Rri4599176
J6625K03R10M  C2003 09 16.87593 21 56 45.77 +10 02 49.4                ri4599940
J6625K03R10M  C2003 09 16.87649 21 56 45.86 +10 03 01.9          16.9 Rri4599176
J6625K03R10M  C2003 09 16.87711 21 56 46.01 +10 02 52.2                ri4599940
J6625K03R10M  C2003 09 16.87810 21 56 46.12 +10 03 04.9          17.0 Rri4599176
J6625K03R10M  C2003 09 16.87830 21 56 46.21 +10 02 54.6                ri4599940
J6625K03R10M  C2003 09 16.87950 21 56 46.36 +10 02 56.8                ri4599940
J6625K03R10M  C2003 09 16.87972 21 56 46.39 +10 03 08.1          16.9 Rri4599176
J6625K03R10M  C2003 09 16.88068 21 56 46.55 +10 02 59.2                ri4599940
J6625K03R10M  C2003 09 16.88186 21 56 46.79 +10 03 01.9                ri4599940
J6625K03R10M  C2003 09 16.88305 21 56 46.96 +10 03 03.9                ri4599940
J6625K03R10M  C2003 09 16.89094 21 56 48.31 +10 03 19.6                ri4599940
J6625K03R10M  C2003 09 16.89213 21 56 48.50 +10 03 21.6                ri4599940
J6625K03R10M  C2003 09 16.89333 21 56 48.69 +10 03 23.7                ri4599940
J6625K03R10M  C2003 09 16.89451 21 56 48.90 +10 03 26.4                ri4599940
J6625K03R10M  C2003 09 16.89569 21 56 49.07 +10 03 28.8                ri4599940
J6625K03R10M  C2003 09 16.89688 21 56 49.27 +10 03 30.7                ri4599940
J6625K03R10M  C2003 09 16.89808 21 56 49.50 +10 03 33.3                ri4599940
J6625K03R10M  C2003 09 16.89927 21 56 49.67 +10 03 35.8                ri4599940
J6625K03R10M  C2003 09 16.90045 21 56 49.92 +10 03 38.3                ri4599940
J6625K03R10M  C2003 09 16.90164 21 56 50.13 +10 03 40.5                ri4599940
J6625K03R10M  C2003 09 16.90284 21 56 50.30 +10 03 42.2                ri4599940
J6625K03R10M  C2003 09 16.90402 21 56 50.50 +10 03 44.4                ri4599940
J6625K03R10M  C2003 09 16.90520 21 56 50.69 +10 03 46.7                ri4599940
J6625K03R10M  C2003 09 16.90640 21 56 50.89 +10 03 49.5                ri4599940
J6625K03R10M  C2003 09 16.90759 21 56 51.09 +10 03 52.1                ri4599940
J6625K03R10M  C2003 09 16.90877 21 56 51.30 +10 03 54.5                ri4599940
J6625K03R10M  C2003 09 16.90997 21 56 51.49 +10 03 56.8                ri4599940
J6625K03R10M  C2003 09 16.91116 21 56 51.65 +10 03 58.9                ri4599940
J6625K03R10M  C2003 09 16.91236 21 56 51.85 +10 04 01.1                ri4599940
J6625K03R10M  C2003 09 16.91354 21 56 52.07 +10 04 03.2                ri4599940
J6625K03R10M  C2003 09 16.91473 21 56 52.28 +10 04 05.4                ri4599940
J6625K03R10M  C2003 09 16.91592 21 56 52.47 +10 04 07.8                ri4599940
J6625K03R10M  C2003 09 16.91711 21 56 52.67 +10 04 10.1                ri4599940
J6625K03R10M  C2003 09 16.91830 21 56 52.87 +10 04 12.5                ri4599940
J6625K03R10M  C2003 09 16.91950 21 56 53.05 +10 04 14.7                ri4599940
J6625K03R10M  C2003 09 16.92069 21 56 53.25 +10 04 17.0                ri4599940
J6625K03R10M  C2003 09 16.92187 21 56 53.43 +10 04 19.7                ri4599940
J6625K03R10M  C2003 09 16.92306 21 56 53.65 +10 04 22.2                ri4599940
J6625K03R10M  C2003 09 16.92425 21 56 53.90 +10 04 24.6                ri4599940
J6625K03R10M  C2003 09 16.93255 21 56 55.03 +10 04 48.7          17.2 Rri4599170
J6625K03R10M  C2003 09 16.93428 21 56 55.32 +10 04 52.2          17.2 Rri4599170
J6625K03R10M  C2003 09 16.93644 21 56 55.66 +10 04 56.5          17.2 Rri4599170
J6625K03R10M  C2003 09 16.93903 21 56 56.06 +10 05 01.4          17.2 Rri4599170
J6625K03R10M  C2003 09 17.06309 21 57 16.93 +10 08 45.8          17.5 Rri4599J95
J6625K03R10M  C2003 09 17.06815 21 57 17.81 +10 08 55.4          16.7 Rri4599J95
J6625K03R10M  C2003 09 17.07263 21 57 18.56 +10 09 03.6          17.0 Rri4599J95
J6625K03R10M  C2003 09 17.20603 21 57 44.19 +10 13 25.9          17.1 Rri4599649
J6625K03R10M  C2003 09 17.20840 21 57 44.56 +10 13 30.2          17.2 Rri4599649
J6625K03R10M  C2003 09 17.21076 21 57 44.93 +10 13 34.4          17.2 Rri4599649
J6625K03R10M 1C2003 09 17.39944 21 58 20.735+10 20 24.99         17.3 Rri4599413
J6625K03R10M 1C2003 09 17.40083 21 58 20.950+10 20 27.45         17.3 Rri4599413
J6625K03R10M 1C2003 09 17.40221 21 58 21.162+10 20 29.95         17.2 Rri4599413
J6625K03R10M 1C2003 09 17.64790 21 58 57.707+10 27 34.15         17.3 Rri4599413
J6625K03R10M 1C2003 09 17.64941 21 58 57.937+10 27 36.54         17.3 Rri4599413
J6625K03R10M 1C2003 09 17.65091 21 58 58.166+10 27 39.05         17.3 Rri4599413
J6625K03R10M  C2003 09 17.78946 21 59 26.10 +10 30 17.5          16.9 Rci4599132
J6625K03R10M  C2003 09 17.79235 21 59 26.42 +10 30 22.4          16.8 Rci4599132
J6625K03R10M  C2003 09 17.79668 21 59 27.09 +10 30 29.5          16.8 Rci4599132
J6625K03R10M  C2003 09 17.80391 21 59 27.88 +10 30 38.4          17.5 Vri4599151
J6625K03R10M  C2003 09 17.80496 21 59 28.04 +10 30 40.2          17.5 Vri4599151
J6625K03R10M  C2003 09 17.80619 21 59 28.22 +10 30 42.1          17.5 Vri4599151
J6625K03R10M  C2003 09 17.80751 21 59 28.43 +10 30 44.3          17.5 Vri4599151
J6625K03R10M  C2003 09 17.80922 21 59 28.68 +10 30 47.0          17.5 Vri4599151
J6625K03R10M  C2003 09 17.81024 21 59 28.84 +10 30 49.0          17.5 Vri4599151
J6625K03R10M  C2003 09 17.83239 21 59 32.15 +10 31 28.4                ci6974204
J6625K03R10M  C2003 09 17.83444 21 59 32.42 +10 31 31.6                ci6974204
J6625K03R10M  C2003 09 17.83649 21 59 32.76 +10 31 35.0                ci6974204
J6625K03R10M  C2003 09 17.83751 21 59 32.93 +10 31 37.0                ci6974204
J6625K03R10M  C2003 09 17.83956 21 59 33.21 +10 31 40.1          17.3 Rci6974204
J6625K03R10M  C2003 09 17.84059 21 59 33.36 +10 31 41.8          17.1 Rci6974204
J6625K03R10M  C2003 09 17.84554 21 59 34.07 +10 31 47.1          17.1 Rci4599196
J6625K03R10M  C2003 09 17.84594321 59 33.05 +10 31 39.7                oj7818084
J6625K03R10M  C2003 09 17.85825 21 59 35.92 +10 32 08.1          16.9 Rci4599196
J6625K03R10M  C2003 09 17.88363 21 59 39.64 +10 32 50.0          17.0 Rci4599196
J6625K03R10M  C2003 09 17.89635 21 59 41.48 +10 33 10.9          17.0 Rci4599196
J6625K03R10M  C2003 09 17.89973 21 59 41.44 +10 33 16.6          16.9 Rdi4599118
J6625K03R10M  C2003 09 17.90116 21 59 42.02 +10 33 21.9          17.6 Vci4599108
J6625K03R10M  C2003 09 17.90161 21 59 41.74 +10 33 19.7                di4599118
J6625K03R10M  C2003 09 17.90315 21 59 41.93 +10 33 21.9                di4599118
J6625K03R10M  C2003 09 17.90336 21 59 42.25 +10 33 26.0          17.4 Vci4599108
J6625K03R10M  C2003 09 17.90619 21 59 42.65 +10 33 31.6          17.2 Vci4599108
J6625K03R10M  C2003 09 18.11819 22 00 16.93 +10 39 11.4          16.7 Rci4599932
J6625K03R10M  C2003 09 18.14047 22 00 20.00 +10 39 46.4          17.0 Rci4599932
J6625K03R10M  C2003 09 18.15753 22 00 22.31 +10 40 13.2          16.8 Rci4599932
J6625K03R10M  C2003 09 18.16524 22 00 24.52 +10 40 27.7          17.3 Rri4599649
J6625K03R10M  C2003 09 18.16918 22 00 25.05 +10 40 33.9          17.3 Rri4599649
J6625K03R10M  C2003 09 18.17304 22 00 25.58 +10 40 39.9          17.3 Rri4599649
J6625K03R10M  C2003 09 18.30140 22 00 44.22 +10 44 01.5                ci4599670
J6625K03R10M  C2003 09 18.41977 22 01 00.40 +10 46 55.7                ci4599670
J6625K03R10M 1C2003 09 18.42264 22 01 05.516+10 48 05.53         17.4 Rri4599413
J6625K03R10M 1C2003 09 18.42426 22 01 05.733+10 48 07.95         17.2 Rri4599413
J6625K03R10M 1C2003 09 18.42587 22 01 05.946+10 48 10.43         17.3 Rri4599413
J6625K03R10M 1C2003 09 18.67155 22 01 38.016+10 54 04.99         17.5 Rri4599413
J6625K03R10M 1C2003 09 18.67317 22 01 38.241+10 54 07.26         17.5 Rri4599413
J6625K03R10M 1C2003 09 18.67478 22 01 38.464+10 54 09.47         17.5 Rri4599413
J6625K03R10M  C2003 09 18.80765 22 02 01.99 +10 56 06.9                ci4599246
J6625K03R10M  C2003 09 18.80824 22 02 02.08 +10 56 07.6                ci4599246
J6625K03R10M  C2003 09 18.80881 22 02 02.14 +10 56 08.4                ci4599246
J6625K03R10M  C2003 09 18.80940 22 02 02.21 +10 56 09.3                ci4599246
J6625K03R10M  C2003 09 18.81005 22 02 02.29 +10 56 10.1                ci4599246
J6625K03R10M  C2003 09 18.81084 22 02 02.41 +10 56 11.4                ci4599246
J6625K03R10M  C2003 09 18.83929 22 02 06.28 +10 56 52.1          17.1 Rci4599215
J6625K03R10M  C2003 09 18.83970 22 02 06.33 +10 56 52.7          17.0 Rci4599215
J6625K03R10M  C2003 09 18.84009 22 02 06.37 +10 56 53.1          16.9 Rci4599215
J6625K03R10M  C2003 09 18.84116 22 02 06.85 +10 56 57.4          16.7 Rci4599132
J6625K03R10M  C2003 09 18.84405 22 02 07.19 +10 57 01.5          16.9 Rci4599132
J6625K03R10M  C2003 09 18.84550 22 02 07.39 +10 57 03.6          16.9 Rci4599132
J6625K03R10M  C2003 09 18.85818 22 02 09.19 +10 57 23.0          17.1 Rri4599170
J6625K03R10M  C2003 09 18.85994 22 02 09.14 +10 57 20.1          17.1 Rci4599196
J6625K03R10M  C2003 09 18.86075 22 02 09.52 +10 57 26.4          17.3 Rri4599170
J6625K03R10M  C2003 09 18.86587 22 02 10.15 +10 57 33.9          17.2 Rri4599170
J6625K03R10M  C2003 09 18.86760 22 02 10.39 +10 57 36.3          17.3 Rri4599170
J6625K03R10M  C2003 09 18.87480 22 02 10.98 +10 57 40.6          17.2 Rci4599196
J6625K03R10M  C2003 09 18.88937 22 02 12.81 +10 58 00.6          17.2 Rci4599196
J6625K03R10M  C2003 09 18.90204 22 02 14.44 +10 58 18.8          17.0 Rci4599196
J6625K03R10M  C2003 09 19.78104 22 04 16.02 +11 17 07.3                ci4599246
J6625K03R10M  C2003 09 19.78176 22 04 16.10 +11 17 08.0                ci4599246
J6625K03R10M  C2003 09 19.78245 22 04 16.16 +11 17 08.6                ci4599246
J6625K03R10M  C2003 09 19.78340 22 04 16.29 +11 17 09.8                ci4599246
J6625K03R10M  C2003 09 19.78435 22 04 16.42 +11 17 11.0                ci4599246
J6625K03R10M  C2003 09 19.78513 22 04 16.51 +11 17 11.9                ci4599246
J6625K03R10M  C2003 09 19.87882 22 04 27.92 +11 19 11.5          17.4 Rri5309176
J6625K03R10M  C2003 09 19.88079 22 04 28.14 +11 19 13.8          17.5 Rri5309176
J6625K03R10M  C2003 09 19.88194 22 04 28.27 +11 19 15.2          17.6 Rri5310176
J6625K03R10M  C2003 09 19.88333 22 04 28.42 +11 19 16.8          17.6 Rri5310176
J6625K03R10M  C2003 09 19.88484 22 04 28.59 +11 19 18.6          17.4 Rri5310176
J6625K03R10M  C2003 09 19.88895 22 04 28.80 +11 19 16.1          17.4 Rci5310196
J6625K03R10M  C2003 09 19.94044 22 04 34.51 +11 20 18.7          17.1 Rci4599587
J6625K03R10M  C2003 09 19.94155 22 04 34.65 +11 20 20.4          17.1 Rci4599587
J6625K03R10M  C2003 09 19.94240 22 04 34.89 +11 20 18.5          17.2 Rci5310196
J6625K03R10M  C2003 09 19.94265 22 04 34.76 +11 20 21.6          17.1 Rci4599587
J6625K03R10M  C2003 09 19.94376 22 04 34.89 +11 20 22.4          17.1 Rci4599587
J6625K03R10M  C2003 09 20.14740 22 05 02.95 +11 24 24.0          16.3 Roi5310699
J6625K03R10M  C2003 09 20.15750 22 05 03.87 +11 24 38.4          17.1 Rci5310H06
J6625K03R10M  C2003 09 20.16077 22 05 04.41 +11 24 39.7                oi5310699
J6625K03R10M  C2003 09 20.16979 22 05 05.13 +11 24 51.8          17.3 Rci5310H06
J6625K03R10M  C2003 09 20.16997 22 05 04.64 +11 24 47.2          17.8 Rri5310734
J6625K03R10M  C2003 09 20.17401 22 05 05.85 +11 24 54.9                oi5310699
J6625K03R10M  C2003 09 20.17465 22 05 05.18 +11 24 52.8          18.3 Rri5310734
J6625K03R10M  C2003 09 20.17918 22 05 05.64 +11 24 57.6          17.9 Rri5310734
J6625K03R10M  C2003 09 20.18207 22 05 06.49 +11 25 06.4          17.2 Rci5310H06
J6625K03R10M  C2003 09 20.18736 22 05 07.27 +11 25 10.2                oi5310699
J6625K03R10M  C2003 09 20.23489 22 05 12.10 +11 26 04.3          18.0  ci5310704
J6625K03R10M  C2003 09 20.24734 22 05 13.44 +11 26 18.1          18.1  ci5310704
J6625K03R10M  C2003 09 20.25986 22 05 14.76 +11 26 32.1          18.2  ci5310704
J6625K03R10M  C2003 09 20.27218 22 05 16.07 +11 26 45.2          18.1  ci5310704
J6625K03R10M  C2003 09 20.28434 22 05 17.39 +11 26 59.1          18.3  ci5310704
J6625K03R10M  C2003 09 20.43648 22 05 38.522+11 30 39.22         17.6 Rri5310422
J6625K03R10M  C2003 09 20.44060 22 05 38.949+11 30 43.75         17.9 Rri5310422
J6625K03R10M  C2003 09 20.80126 22 06 22.17 +11 35 56.3                ci5310246
J6625K03R10M  C2003 09 20.80211 22 06 22.25 +11 35 57.2                ci5310246
J6625K03R10M  C2003 09 20.83942 22 06 27.01 +11 36 40.6          18.0 Rri5310J87
J6625K03R10M  C2003 09 20.84089 22 06 27.19 +11 36 42.4          17.9 Rri5310J87
J6625K03R10M  C2003 09 20.84235 22 06 27.32 +11 36 43.7          18.1 Rri5310J87
J6625K03R10M  C2003 09 20.85061622 06 26.68 +11 36 40.3                oj7818084
J6625K03R10M  C2003 09 20.88825 22 06 31.11 +11 37 28.5                ci5310108
J6625K03R10M  C2003 09 20.89494 22 06 31.94 +11 37 34.5                ci5310108
J6625K03R10M  C2003 09 20.91473 22 06 33.92 +11 37 55.0          18.0 Vci5310108
J6625K03R10M  C2003 09 21.22465 22 07 09.88 +11 43 07.4          17.7  ci5310704
J6625K03R10M  C2003 09 21.23676 22 07 11.10 +11 43 18.4          17.8  ci5310704
J6625K03R10M  C2003 09 21.25021 22 07 12.37 +11 43 31.7          18.0  ci5310704
J6625K03R10M  C2003 09 21.26293 22 07 13.62 +11 43 43.8          18.0  ci5310704
J6625K03R10M  C2003 09 21.27506 22 07 14.75 +11 43 55.5          18.1  ci5310704
J6625K03R10M  C2003 09 21.79809 22 08 14.77 +11 51 41.6          18.1 Vri5310151
J6625K03R10M  C2003 09 21.79902 22 08 14.86 +11 51 42.1          17.9 Vri5310151
J6625K03R10M  C2003 09 21.79971 22 08 14.96 +11 51 43.2          17.9 Vri5310151
J6625K03R10M  C2003 09 21.80072 22 08 15.06 +11 51 44.1          17.7 Vri5310151
J6625K03R10M  C2003 09 21.80164 22 08 15.16 +11 51 45.2          17.9 Vri5310151
J6625K03R10M  C2003 09 21.80256 22 08 15.21 +11 51 46.2          17.9 Vri5310151
J6625K03R10M  C2003 09 22.80333 22 09 58.68 +12 05 21.4                ci5310246
J6625K03R10M  C2003 09 22.80411 22 09 58.75 +12 05 22.0                ci5310246
J6625K03R10M  C2003 09 22.80545 22 09 58.86 +12 05 23.2                ci5310246
J6625K03R10M  C2003 09 22.80613 22 09 58.94 +12 05 23.8                ci5310246
J6625K03R10M  C2003 09 22.80715 22 09 59.01 +12 05 24.6                ci5310246
J6625K03R10M  C2003 09 23.22000 22 10 38.07 +12 10 34.2          18.3 Rri5310649
J6625K03R10M  C2003 09 23.23001 22 10 38.92 +12 10 41.1          18.2 Rri5310649
J6625K03R10M  C2003 09 23.23859 22 10 39.62 +12 10 47.0          18.3 Rri5310649
J6625K03R10M  C2003 09 24.76920 22 13 01.99 +12 26 53.1          17.8 Rci5310113
J6625K03R10M  C2003 09 24.77193 22 13 02.21 +12 26 54.6          17.6 Rci5310113
J6625K03R10M  C2003 09 24.77466 22 13 02.42 +12 26 56.3          18.2 Rci5310113
J6625K03R10M  C2003 09 24.79700 22 13 04.17 +12 27 10.3                ci5310246
J6625K03R10M  C2003 09 24.79862 22 13 04.30 +12 27 11.5                ci5310246
J6625K03R10M  C2003 09 24.79950 22 13 04.36 +12 27 11.9                ci5310246
J6625K03R10M  C2003 09 24.80046 22 13 04.42 +12 27 12.6                ci5310246
J6625K03R10M  C2003 09 24.82668 22 13 06.37 +12 27 27.4          17.6 Rdi5310118
J6625K03R10M  C2003 09 24.83084 22 13 06.71 +12 27 30.1          17.7 Rdi5310118
J6625K03R10M  C2003 09 24.83845 22 13 07.25 +12 27 34.9          17.9 Rdi5310118
J6625K03R10M  C2003 09 24.97147 22 13 17.88 +12 28 46.5          18.6 Rri5310J95
J6625K03R10M  C2003 09 24.97622 22 13 18.22 +12 28 49.3          18.0 Rri5310J95
J6625K03R10M  C2003 09 24.98056 22 13 18.57 +12 28 51.6          18.3 Rri5310J95
J6625K03R10M  C2003 09 25.14303 22 13 32.84 +12 30 26.8          17.9 Rci5310932
J6625K03R10M  C2003 09 25.14516 22 13 33.04 +12 30 27.3          17.8 Rci5310932
J6625K03R10M  C2003 09 25.14941 22 13 33.32 +12 30 30.1          18.6 Rci5310932
J6625K03R10M  C2003 09 25.15580 22 13 33.79 +12 30 32.9          17.9 Rci5310932
J6625K03R10M  C2003 09 25.81307 22 14 30.54 +12 36 09.3          18.6 Rri5310170
J6625K03R10M  C2003 09 25.81958 22 14 30.99 +12 36 12.6          18.5 Rri5310170
J6625K03R10M  C2003 09 25.82013 22 14 30.50 +12 36 09.7                ci5310246
J6625K03R10M  C2003 09 25.82086 22 14 31.08 +12 36 13.3          18.5 Rri5310170
J6625K03R10M  C2003 09 25.82243 22 14 30.66 +12 36 10.7                ci5310246
J6625K03R10M  C2003 09 25.82309 22 14 30.71 +12 36 10.9                ci5310246
J6625K03R10M  C2003 09 25.82385 22 14 30.79 +12 36 11.3                ci5310246
J6625K03R10M  C2003 09 26.81817 22 15 50.68 +12 43 44.0                ci5310246
J6625K03R10M  C2003 09 26.81889 22 15 50.72 +12 43 44.6                ci5310246
J6625K03R10M  C2003 09 26.81975 22 15 50.80 +12 43 44.7                ci5310246
J6625K03R10M  C2003 09 26.82071 22 15 50.83 +12 43 45.3                ci5310246
J6625K03R10M  C2003 09 26.82204 22 15 50.93 +12 43 46.0                ci5310246
J6625K03R10M  C2003 09 26.82300 22 15 50.99 +12 43 46.1                ci5310246
J6625K03R10M  C2003 09 26.83184 22 15 51.56 +12 43 51.0                di6262118
J6625K03R10M  C2003 09 26.83782 22 15 51.96 +12 43 53.2                di6262118
J6625K03R10M  C2003 09 26.84028 22 15 52.15 +12 43 54.3                di6262118
J6625K03R10M  C2003 09 26.84231 22 15 52.27 +12 43 55.0          18.4 Rdi6262118
J6625K03R10M  C2003 09 27.82640 22 17 07.90 +12 50 22.1                ci6262246
J6625K03R10M  C2003 09 27.82714 22 17 07.96 +12 50 22.6                ci6262246
J6625K03R10M  C2003 09 27.82808 22 17 08.03 +12 50 23.0                ci6262246
J6625K03R10M  C2003 09 27.82881 22 17 08.06 +12 50 22.9                ci6262246
J6625K03R10M  C2003 09 27.83001 22 17 08.14 +12 50 23.8                ci6262246
J6625K03R10M  C2003 09 29.92154 22 19 38.49 +13 01 21.4          18.8 Vdi6262049
J6625K03R10M  C2003 09 29.93483 22 19 39.33 +13 01 24.9          18.6 Vdi6262049
J6625K03R10M  C2003 09 29.94793 22 19 40.20 +13 01 28.6          18.7 Vdi6262049
J6625K03R10M  C2003 10 13.15688 22 33 35.01 +13 26 25.0          20.1 Rri7323715
J6625K03R10M  C2003 10 13.16424 22 33 35.45 +13 26 25.0          20.2 Rri7323715
J6625K03R10M  C2003 10 13.17173 22 33 35.88 +13 26 25.4          20.5 Rri7323715
J6625K03R10M 2C2003 10 25.37054722 46 18.232+13 27 15.55         20.5 Rok1204568
J6625K03R10M 2C2003 10 25.37289722 46 18.375+13 27 15.49         20.5 Rok1204568
J6625K03R10M  C2003 10 27.11046 22 48 13.01 +13 27 21.7          20.9 Rri8089715
J6625K03R10M  C2003 10 27.11740 22 48 13.44 +13 27 22.5                ri8089715
J6625K03R10M  C2003 10 27.12439 22 48 13.83 +13 27 21.8          21.9 Rri8089715
J6625K03R10M HC2008 02 10.38527 09 10 04.31 +28 27 41.4                ox9373291
J6625K03R10M HC2008 02 10.40589 09 10 01.50 +28 27 45.0                ox9373291
J6625K03R10M HC2008 02 10.42515 09 09 58.93 +28 27 49.4                ox9373291
J6625K03R10M  C2008 09 21.12001 19 49 19.84 -08 34 57.3          18.4  cz6621704
J6625K03R10M  C2008 09 21.13206 19 49 27.18 -08 34 00.6          18.6  cz6621704
J6625K03R10M  C2008 09 21.14409 19 49 34.53 -08 33 03.8          18.9  cz6621704
