     K03K04F* C2003 05 25.17122 11 26 57.25 -06 52 06.7          16.8 Rci0298333
     K03K04F  C2003 05 25.18174 11 27 15.89 -07 00 29.5          16.4 Rci0298333
     K03K04F  C2003 05 25.19226 11 27 34.58 -07 08 50.3          16.4 Rci0298333
     K03K04F  C2003 05 25.20272 11 27 53.30 -07 17 09.3          16.6 Rci0298333
     K03K04F  C2003 05 25.85488 11 50 12.87 -16 16 08.9          16.5 Rci0298106
     K03K04F  C2003 05 25.85558 11 50 14.46 -16 16 48.0          16.2 Rci0298106
     K03K04F  C2003 05 25.85626 11 50 15.78 -16 17 19.2          16.6 Rci0298106
     K03K04F  C2003 05 26.15652 12 01 37.24 -20 29 24.1          16.6  ii0298854
     K03K04F  C2003 05 26.15801 12 01 40.46 -20 30 40.7          16.8  ii0298854
     K03K04F  C2003 05 26.16580 12 01 57.28 -20 37 11.4          16.7  ii0298854
     K03K04F  C2003 05 26.16656 12 01 58.89 -20 37 49.9          16.5  ii0298854
     K03K04F  C2003 05 26.17252 12 02 11.69 -20 42 47.0          16.9 Rmi0298333
     K03K04F  C2003 05 26.17293 12 02 12.53 -20 43 06.4          16.0 Rmi0298333
     K03K04F  C2003 05 26.17333 12 02 13.37 -20 43 26.5          16.0 Rmi0298333
     K03K04F  C2003 05 26.17372 12 02 14.28 -20 43 47.2          16.9 Rmi0298333
     K03K04F  C2003 05 26.17413 12 02 15.20 -20 44 07.9          16.2 Rmi0298333
     K03K04F  C2003 05 26.17451 12 02 15.99 -20 44 26.4          16.8 Rmi0298333
     K03K04F  C2003 05 26.17492 12 02 16.84 -20 44 46.7          16.0 Rmi0298333
     K03K04F  C2003 05 26.17530 12 02 17.73 -20 45 06.1          16.8 Rmi0298333
     K03K04F  C2003 05 26.19903 12 03 09.66 -21 04 58.3                ci0298G90
     K03K04F  C2003 05 26.20257 12 03 17.40 -21 07 55.6                ci0298G90
     K03K04F  C2003 05 26.20836 12 03 30.05 -21 12 44.4                ci0298G90
     K03K04F  C2003 05 26.47874012 14 16.66 -24 50 52.1          16.6 Vmi0298428
     K03K04F  C2003 05 26.47982912 14 19.16 -24 51 45.3          16.6 Vmi0298428
     K03K04F  C2003 05 26.48093512 14 21.67 -24 52 39.6          16.6 Vmi0298428
     K03K04F  C2003 05 26.48209712 14 24.37 -24 53 36.1          16.5 Vmi0298428
     K03K04F  C2003 05 26.94398 12 34 00.84 -31 07 20.91         16.0 Rci0298938
     K03K04F  C2003 05 26.95459 12 34 27.32 -31 15 20.38         16.2 Rci0298938
     K03K04F  C2003 05 27.14440 12 43 10.30 -33 37 10.0          16.8 Rmi0298333
     K03K04F  C2003 05 27.14470 12 43 11.03 -33 37 22.9          17.1 Rmi0298333
     K03K04F  C2003 05 27.14495 12 43 11.70 -33 37 34.4          17.0 Rmi0298333
     K03K04F  C2003 05 27.14523 12 43 12.40 -33 37 47.0          16.9 Rmi0298333
     K03K04F  C2003 05 27.14551 12 43 13.09 -33 37 58.7          17.0 Rmi0298333
     K03K04F  C2003 05 27.14579 12 43 13.80 -33 38 10.4          16.9 Rmi0298333
     K03K04F  C2003 05 27.14606 12 43 14.48 -33 38 22.7          17.1 Rmi0298333
     K03K04F  C2003 05 27.14635 12 43 15.21 -33 38 35.6          16.9 Rmi0298333
     K03K04F  C2003 05 27.14866 12 43 13.97 -33 40 30.4          16.0 Rci0298649
     K03K04F  C2003 05 27.15009 12 43 17.68 -33 41 33.7          15.9 Rci0298649
     K03K04F  C2003 05 27.15082 12 43 19.47 -33 42 04.7          16.1 Rci0298649
     K03K04F  C2003 05 27.15153 12 43 21.34 -33 42 35.4          15.7 Rci0298649
     K03K04F  C2003 05 27.15226 12 43 23.14 -33 43 06.6          16.0 Rci0298649
     K03K04F  C2003 05 27.15663 12 43 45.42 -33 46 11.4                ci0298670
     K03K04F  C2003 05 27.16080 12 43 56.03 -33 49 13.3                ci0298670
     K03K04F  C2003 05 27.16539 12 44 07.70 -33 52 33.9                ci0298670
     K03K04F  C2003 05 27.17016 12 44 15.77 -33 55 56.3          17.1 Rmi0298333
     K03K04F  C2003 05 27.17047 12 44 16.65 -33 56 11.4          16.6 Rmi0298333
     K03K04F  C2003 05 27.17073 12 44 17.23 -33 56 21.7          17.0 Rmi0298333
     K03K04F  C2003 05 27.17101 12 44 17.94 -33 56 33.7          17.1 Rmi0298333
     K03K04F  C2003 05 27.17128 12 44 18.63 -33 56 45.9          17.1 Rmi0298333
     K03K04F  C2003 05 27.17156 12 44 19.33 -33 56 58.0          17.0 Rmi0298333
     K03K04F  C2003 05 27.17184 12 44 20.03 -33 57 09.0          17.1 Rmi0298333
     K03K04F  C2003 05 27.17212 12 44 20.74 -33 57 21.7          16.9 Rmi0298333
     K03K04F  C2003 05 27.35609512 53 02.27 -36 02 11.6          16.3 Vmi0298428
     K03K04F  C2003 05 27.35918112 53 10.34 -36 04 21.8          16.3 Vmi0298428
     K03K04F  C2003 05 27.36018912 53 13.00 -36 05 04.1          16.4 Vmi0298428
     K03K04F  C2003 05 27.36131112 53 15.94 -36 05 51.3          16.3 Vmi0298428
     K03K04F  C2003 05 28.16252 13 31 40.83 -44 18 52.6          17.0 Rmi0298333
     K03K04F  C2003 05 28.16291 13 31 41.94 -44 19 05.5          17.0 Rmi0298333
     K03K04F  C2003 05 28.16331 13 31 43.05 -44 19 18.2          17.0 Rmi0298333
     K03K04F  C2003 05 28.16372 13 31 44.16 -44 19 30.0          16.8 Rmi0298333
     K03K04F  C2003 05 28.16412 13 31 45.38 -44 19 44.9          18.2 Rmi0298333
     K03K04F  C2003 05 28.16450 13 31 46.29 -44 19 55.7          16.5 Rmi0298333
     K03K04F  C2003 05 28.16492 13 31 47.50 -44 20 08.2          17.1 Rmi0298333
     K03K04F  C2003 05 28.16530 13 31 48.60 -44 20 21.4          17.0 Rmi0298333
     K03K04F  C2003 05 28.17125 13 32 05.23 -44 23 28.4          17.0 Rmi0298333
     K03K04F  C2003 05 28.17166 13 32 06.31 -44 23 40.7          17.1 Rmi0298333
     K03K04F  C2003 05 28.17206 13 32 07.47 -44 23 53.5          17.1 Rmi0298333
     K03K04F  C2003 05 28.17247 13 32 08.63 -44 24 06.6          16.8 Rmi0298333
     K03K04F  C2003 05 28.17287 13 32 09.72 -44 24 18.8          17.1 Rmi0298333
     K03K04F  C2003 05 28.17328 13 32 10.87 -44 24 32.2          16.9 Rmi0298333
     K03K04F  C2003 05 28.17367 13 32 11.97 -44 24 44.0          17.1 Rmi0298333
     K03K04F  C2003 05 28.17407 13 32 13.08 -44 24 56.8          17.2 Rmi0298333
     K03K04F  C2003 05 28.17527 13 32 16.46 -44 25 34.8          17.8 Rmi0298333
     K03K04F  C2003 05 28.17567 13 32 17.53 -44 25 46.9          17.1 Rmi0298333
     K03K04F  C2003 05 28.17608 13 32 18.59 -44 26 00.5          16.8 Rmi0298333
     K03K04F  C2003 05 28.17647 13 32 19.84 -44 26 12.9          17.1 Rmi0298333
     K03K04F  C2003 05 28.20981 13 33 52.92 -44 43 24.3          17.0 Rmi0298333
     K03K04F  C2003 05 28.21050 13 33 54.82 -44 43 45.8          17.2 Rmi0298333
     K03K04F  C2003 05 28.21083 13 33 55.81 -44 43 56.1          16.9 Rmi0298333
     K03K04F  C2003 05 28.21118 13 33 56.77 -44 44 07.0          17.3 Rmi0298333
     K03K04F  C2003 05 28.21153 13 33 57.69 -44 44 18.2          16.8 Rmi0298333
     K03K04F  C2003 05 28.21186 13 33 58.65 -44 44 28.1          17.1 Rmi0298333
     K03K04F  C2003 05 28.21221 13 33 59.67 -44 44 39.0          16.9 Rmi0298333
     K03K04F  C2003 05 29.49512014 37 39.70 -52 56 30.5          17.0 Vmi0298428
     K03K04F  C2003 05 29.49624314 37 42.85 -52 56 48.8          16.8 Vmi0298428
     K03K04F  C2003 05 30.49172 15 23 26.79 -56 20 24.1          15.6 Rci0298E14
     K03K04F  C2003 05 30.49547 15 23 35.89 -56 20 58.5          16.2 Rci0298E14
     K03K04F  C2003 05 30.49923 15 23 44.92 -56 21 32.6          15.8 Rci0298E14
     K03K04F  C2003 05 30.55764415 26 02.82 -56 30 28.3          17.2 Vmi0298428
     K03K04F  C2003 05 30.56029615 26 09.16 -56 30 50.0          17.4 Vmi0298428
     K03K04F  C2003 05 30.56151415 26 12.03 -56 31 00.0          17.4 Vmi0298428
     K03K04F  C2003 05 30.56282215 26 15.14 -56 31 10.7          17.3 Vmi0298428
     K03K04F  C2003 06 02.46510 17 00 38.59 -59 04 19.8          17.1 Rci0298474
     K03K04F  C2003 06 02.47986 17 00 57.87 -59 04 26.0          18.0 Rci0298474
     K03K04F  C2003 06 02.48079 17 00 59.07 -59 04 26.3          16.5 Rci0298474
     K03K04F IC2003 06 02.48426 17 01 03.41 -59 04 28.7          16.4 Rci0298474
     K03K04F IC2003 06 02.48507 17 01 04.70 -59 04 27.7          16.5 Rci0298474
     K03K04F  C2003 06 02.48576 17 01 05.43 -59 04 29.2          16.7 Rci0298474
     K03K04F  C2003 06 02.48692 17 01 06.98 -59 04 29.2          16.6 Rci0298474
     K03K04F IC2003 06 02.58461 17 03 11.93 -59 04 39.6                ci0298474
     K03K04F  C2003 06 02.58542 17 03 12.72 -59 04 39.3          16.8 Rci0298474
     K03K04F  C2003 06 02.58681 17 03 14.54 -59 04 38.9          17.1 Rci0298474
     K03K04F  C2003 06 02.58819 17 03 16.28 -59 04 38.7          17.1 Rci0298474
     K03K04F  C2003 06 04.57294 17 39 57.72 -58 44 26.0          18.4 Vbi0298428
     K03K04F  C2003 06 04.57794 17 40 01.67 -58 44 20.9          18.6 Vbi0298428
     K03K04F  C2003 06 08.66288 18 21 19.90 -57 18 09.8          19.0 Rci1585E14
     K03K04F  C2003 06 08.66997 18 21 22.44 -57 18 00.9          19.2 Rci1585E14
     K03K04F  C2003 06 08.67705 18 21 25.10 -57 17 50.0          19.6 Rci1585E14
