     K03R11W*5C2003 09 15.46597 23 34 02.22 -03 26 50.4          19.0 Rci4602673
     K03R11W 5C2003 09 15.46817 23 34 01.94 -03 26 53.2                ci4602673
     K03R11W 5C2003 09 15.47049 23 34 01.67 -03 26 56.4                ci4602673
     K03R11W 5C2003 09 15.47245 23 34 01.34 -03 26 59.3                ci4602673
     K03R11W 5C2003 09 15.47512 23 34 01.01 -03 27 02.9                ci4602673
     K03R11W 5C2003 09 15.47731 23 34 00.73 -03 27 05.0                ci4602673
     K03R11W 5C2003 09 15.47963 23 34 00.39 -03 27 08.2                ci4602673
     K03R11W  C2003 09 15.82321 23 33 16.78 -03 34 45.0                ci4602246
     K03R11W  C2003 09 15.82411 23 33 16.62 -03 34 46.6                ci4602246
     K03R11W  C2003 09 15.82502 23 33 16.50 -03 34 48.0                ci4602246
     K03R11W  C2003 09 15.82631 23 33 16.35 -03 34 48.4                ci4602246
     K03R11W  C2003 09 15.82720 23 33 16.26 -03 34 50.2                ci4602246
     K03R11W  C2003 09 15.82874 23 33 16.03 -03 34 52.7                ci4602246
     K03R11W  C2003 09 15.99392 23 32 54.37 -03 38 30.6          19.2 Rri4602J95
     K03R11W FC2003 09 16.00177 23 32 53.22 -03 38 40.4          19.2 Rri4602J95
     K03R11W  C2003 09 16.19700 23 32 28.68 -03 42 52.4          19.4 Rci4602854
     K03R11W  C2003 09 16.20059 23 32 28.21 -03 42 54.9          19.4 Rci4602854
     K03R11W  C2003 09 16.20240 23 32 28.23 -03 42 57.7          19.5 Rci4602854
     K03R11W 5C2003 09 16.28090 23 32 17.89 -03 44 40.1          18.5 Rci4602673
     K03R11W 5C2003 09 16.28368 23 32 17.57 -03 44 43.6                ci4602673
     K03R11W 5C2003 09 16.29248 23 32 16.40 -03 44 54.9                ci4602673
     K03R11W 5C2003 09 16.37330 23 32 05.80 -03 46 39.5          19.0 Rci4602673
     K03R11W 5C2003 09 16.37546 23 32 05.50 -03 46 42.5                ci4602673
     K03R11W 5C2003 09 16.38634 23 32 04.17 -03 46 55.8                ci4602673
     K03R11W  C2003 09 16.96481 23 30 51.97 -03 59 17.1          18.7 Rri4602J95
     K03R11W  C2003 09 16.97352 23 30 50.82 -03 59 28.2          19.4 Rri4602J95
     K03R11W  C2003 09 17.92624 23 28 54.36 -04 19 08.1                ci4602246
     K03R11W  C2003 09 17.92723 23 28 54.33 -04 19 10.0                ci4602246
     K03R11W  C2003 09 17.92801 23 28 54.20 -04 19 10.5                ci4602246
     K03R11W  C2003 09 17.92912 23 28 54.02 -04 19 11.5                ci4602246
     K03R11W  C2003 09 17.93229 23 28 53.64 -04 19 15.3                ci4602246
     K03R11W  C2003 09 17.93417 23 28 53.41 -04 19 17.6                ci4602246
     K03R11W 5C2003 09 18.21192 23 28 20.52 -04 24 52.8          19.5 Rci4602673
     K03R11W 5C2003 09 18.23345 23 28 17.98 -04 25 17.3                ci4602673
     K03R11W 5C2003 09 18.25359 23 28 15.46 -04 25 42.2                ci4602673
     K03R11W 1C2003 09 18.43385 23 27 54.412-04 29 06.79         19.4 Rri4602413
     K03R11W 1C2003 09 18.43941 23 27 53.742-04 29 13.57         19.3 Rri4602413
     K03R11W 1C2003 09 18.67955 23 27 24.616-04 33 59.62         19.4 Rri4602413
     K03R11W 1C2003 09 18.68441 23 27 24.053-04 34 05.44         19.8 Rri4602413
     K03R11W  C2003 09 18.87318 23 27 02.68 -04 38 02.1                ci4602246
     K03R11W  C2003 09 18.87520 23 27 02.50 -04 38 03.4                ci4602246
     K03R11W  C2003 09 18.87598 23 27 02.30 -04 38 04.9                ci4602246
     K03R11W  C2003 09 18.87689 23 27 02.16 -04 38 05.7                ci4602246
     K03R11W 5C2003 09 19.30752 23 26 12.39 -04 46 27.1          19.5 Rci4602673
     K03R11W 5C2003 09 19.31343 23 26 11.72 -04 46 33.0                ci4602673
     K03R11W 5C2003 09 19.31806 23 26 11.15 -04 46 38.8                ci4602673
     K03R11W 5C2003 09 19.32361 23 26 10.51 -04 46 44.3                ci4602673
     K03R11W  C2003 09 19.84552 23 25 11.74 -04 56 43.3                ci4602246
     K03R11W  C2003 09 19.84650 23 25 11.61 -04 56 44.8                ci4602246
     K03R11W  C2003 09 19.85009 23 25 11.24 -04 56 48.3                ci4602246
     K03R11W  C2003 09 19.85159 23 25 11.06 -04 56 49.9                ci4602246
     K03R11W  C2003 09 19.85300 23 25 10.86 -04 56 51.8                ci4602246
     K03R11W  C2003 09 19.85444 23 25 10.73 -04 56 53.8                ci4602246
     K03R11W  C2003 09 19.89826 23 25 05.82 -04 57 43.0          19.5 Rri5311176
     K03R11W  C2003 09 19.90059 23 25 05.56 -04 57 45.7          19.5 Rri5311176
     K03R11W  C2003 09 19.90291 23 25 05.29 -04 57 48.3          19.3 Rri5311176
     K03R11W  C2003 09 19.90522 23 25 05.03 -04 57 50.9          19.2 Rri5311176
     K03R11W  C2003 09 19.90754 23 25 04.76 -04 57 53.5          19.2 Rri5311176
     K03R11W  C2003 09 20.91417 23 23 14.09 -05 16 28.4                ci5311246
     K03R11W  C2003 09 20.91503 23 23 14.03 -05 16 29.7                ci5311246
     K03R11W  C2003 09 20.91619 23 23 13.87 -05 16 31.5                ci5311246
     K03R11W  C2003 09 20.91720 23 23 13.75 -05 16 31.9                ci5311246
     K03R11W  C2003 09 20.91932 23 23 13.50 -05 16 34.7                ci5311246
     K03R11W  C2003 09 24.82468 23 16 44.14 -06 21 52.0                ci5311246
     K03R11W  C2003 09 24.82648 23 16 44.06 -06 21 53.0                ci5311246
     K03R11W  C2003 09 24.82741 23 16 43.87 -06 21 54.5                ci5311246
     K03R11W  C2003 09 25.87944 23 15 09.20 -06 37 43.1                ci5311246
     K03R11W  C2003 09 25.88014 23 15 09.13 -06 37 42.4                ci5311246
     K03R11W  C2003 09 25.88101 23 15 09.12 -06 37 44.6                ci5311246
     K03R11W  C2003 09 25.88404 23 15 08.83 -06 37 46.3                ci5311246
     K03R11W 1C2003 09 26.23269 23 14 38.45 -06 42 50.3                oi6263696
     K03R11W 1C2003 09 26.23473 23 14 38.23 -06 42 52.0                oi6263696
     K03R11W  C2003 09 26.84981 23 13 45.88 -06 51 39.0                ci6263246
     K03R11W  C2003 09 26.85183 23 13 45.77 -06 51 40.0                ci6263246
     K03R11W  C2003 09 26.85272 23 13 45.63 -06 51 41.2                ci6263246
     K03R11W  C2003 09 26.85352 23 13 45.59 -06 51 41.0                ci6263246
     K03R11W  C2003 09 26.85475 23 13 45.47 -06 51 42.3                ci6263246
     K03R11W  C2003 09 27.88405 23 12 20.86 -07 05 50.4                ci6263246
     K03R11W  C2003 09 27.88527 23 12 20.77 -07 05 53.4                ci6263246
     K03R11W  C2003 09 27.88679 23 12 20.67 -07 05 54.2                ci6263246
     K03R11W  C2003 09 27.88878 23 12 20.47 -07 05 54.4                ci6263246
     K03R11W  C2003 09 27.89005 23 12 20.35 -07 05 56.2                ci6263246
     K03R11W  C2003 09 27.89140 23 12 20.27 -07 05 57.1                ci6263246
     K03R11W 5C2003 09 28.17940 23 11 57.57 -07 09 45.5          20.5 Rci6263673
     K03R11W 5C2003 09 28.18310 23 11 57.28 -07 09 48.4                ci6263673
     K03R11W 5C2003 09 28.18981 23 11 56.71 -07 09 54.0                ci6263673
     K03R11W 5C2003 09 28.19630 23 11 56.27 -07 09 58.1                ci6263673
     K03R11W 5C2003 09 28.20150 23 11 55.81 -07 10 02.5                ci6263673
     K03R11W  C2003 09 28.28421 23 11 49.02 -07 11 08.4          20.3  ci6263671
     K03R11W  C2003 09 28.29002 23 11 48.70 -07 11 15.1                ci6263671
     K03R11W  C2003 09 28.29663 23 11 47.99 -07 11 18.5                ci6263671
     K03R11W  C2003 09 28.30243 23 11 47.54 -07 11 22.5                ci6263671
     K03R11W 5C2003 09 29.24421 23 10 35.42 -07 23 27.2          20.5 Rci6263673
     K03R11W 5C2003 09 29.25544 23 10 34.58 -07 23 35.1                ci6263673
     K03R11W 5C2003 09 29.26111 23 10 34.03 -07 23 41.6                ci6263673
     K03R11W 5C2003 09 29.26447 23 10 33.76 -07 23 44.4                ci6263673
     K03R11W 5C2003 10 01.23125 23 08 13.50 -07 47 16.3          20.5 Rci6263673
     K03R11W 5C2003 10 01.23368 23 08 13.33 -07 47 18.2                ci6263673
     K03R11W 5C2003 10 01.24028 23 08 12.83 -07 47 23.0                ci6263673
     K03R11W 5C2003 10 01.24826 23 08 12.32 -07 47 28.7                ci6263673
     K03R11W 2C2003 10 25.25086822 55 21.302-10 10 42.94         21.6 Rok1204568
     K03R11W 2C2003 10 25.27785622 55 21.155-10 10 45.77         21.6 Rok1204568
     K03R11W  C2015 12 31.44342 05 57 26.643+01 46 28.24         20.2 rL~1h5EF51
     K03R11W  C2015 12 31.46424 05 57 23.343+01 46 22.10         20.2 rL~1h5EF51
     K03R11W  C2015 12 31.47515 05 57 21.618+01 46 18.74         20.2 rL~1h5EF51
     K03R11W  C2016 01 01.40269 05 54 57.482+01 41 50.32         20.0 rL~1h5EF51
     K03R11W  C2016 01 01.42415 05 54 54.030+01 41 44.25         20.1 rL~1h5EF51
     K03R11W  C2016 01 01.43477 05 54 52.319+01 41 41.16         20.0 rL~1h5EF51
     K03R11W |C2016 01 07.18128 05 39 10.84 +01 19 33.0          20.2 Vu~1hTZ807
     K03R11W |C2016 01 07.18361 05 39 10.42 +01 19 32.7          20.1 Vu~1hTZ807
     K03R11W |C2016 01 07.18605 05 39 10.00 +01 19 32.7          20.0 Vu~1hTZ807
     K03R11W |C2016 01 07.18827 05 39 09.63 +01 19 32.4          20.3 Vu~1hTZ807
     K03R11W |C2016 01 07.19072 05 39 09.19 +01 19 31.8          20.2 Vu~1hTZ807
     K03R11W |C2016 01 09.14658 05 33 34.28 +01 14 17.1          20.1 Vu~1iFE807
     K03R11W |C2016 01 09.14875 05 33 33.88 +01 14 16.8          20.2 Vu~1iFE807
     K03R11W |C2016 01 09.15106 05 33 33.47 +01 14 16.4          20.0 Vu~1iFE807
     K03R11W |C2016 01 09.15337 05 33 33.07 +01 14 16.1          20.1 Vu~1iFE807
     K03R11W |C2016 01 09.15539 05 33 32.73 +01 14 15.8          20.0 Vu~1iFE807
     K03R11W  C2016 01 11.40230 05 27 01.492+01 09 41.47         20.0 wL~1iFEF51
     K03R11W  C2016 01 11.40295 05 27 01.374+01 09 41.45         20.1 wL~1iFEF51
     K03R11W  C2016 01 11.41416 05 26 59.362+01 09 40.27         20.1 wL~1iFEF51
     K03R11W  C2016 01 11.41480 05 26 59.247+01 09 40.21         20.1 wL~1iFEF51
     K03R11W  C2016 01 11.42602 05 26 57.242+01 09 39.27         20.0 wL~1iFEF51
     K03R11W  C2016 01 11.42667 05 26 57.122+01 09 39.21         20.0 wL~1iFEF51
     K03R11W  C2016 01 11.43784 05 26 55.116+01 09 38.06         19.9 wL~1iFEF51
     K03R11W  C2016 01 11.43848 05 26 55.004+01 09 37.98         20.0 wL~1iFEF51
     K03R11W  C2016 01 13.18256 05 21 48.69 +01 07 25.2          19.9 rR~1iFEG45
     K03R11W  C2016 01 13.18869 05 21 47.58 +01 07 25.0          20.3 rR~1iFEG45
     K03R11W  C2016 01 13.20127 05 21 45.29 +01 07 24.0          20.3 rR~1iFEG45
     K03R11W  C2016 01 13.20885 05 21 43.94 +01 07 23.9          20.1 rR~1iFEG45
     K03R11W |C2016 01 14.12859 05 19 01.38 +01 06 53.8          20.1 Vu~1iFE807
     K03R11W |C2016 01 14.13077 05 19 00.99 +01 06 53.7          20.1 Vu~1iFE807
     K03R11W |C2016 01 14.13309 05 19 00.57 +01 06 53.8          20.2 Vu~1iFE807
     K03R11W |C2016 01 14.13540 05 19 00.15 +01 06 53.9          20.1 Vu~1iFE807
     K03R11W |C2016 01 14.13744 05 18 59.78 +01 06 54.0          20.1 Vu~1iFE807
     K03R11W "C2016 01 26.27164004 43 49.66 +01 26 45.9          19.7 Rt~1jgs705
     K03R11W "C2016 01 26.27264804 43 49.49 +01 26 46.5          19.8 Rt~1jgs705
     K03R11W "C2016 01 26.27365404 43 49.28 +01 26 47.0          20.1 Rt~1jgs705
     K03R11W  C2016 01 29.29127 04 35 35.459+01 40 03.17         20.2 wL~1k1VF51
     K03R11W  C2016 01 29.31487 04 35 31.543+01 40 10.08         20.2 wL~1k1VF51
     K03R11W  C2016 01 29.32661 04 35 29.606+01 40 13.49         20.2 wL~1k1VF51
     K03R11W  S2016 02 06.69394 04 14 27.53 +02 32 22.7          18   RL~1l0OC51
     K03R11W  s2016 02 06.69394 1 + 3618.6585 + 5835.6756 +   95.9356   ~1l0OC51
     K03R11W  S2016 02 06.82510 04 14 09.10 +02 33 21.6                L~1l0OC51
     K03R11W  s2016 02 06.82510 1 + 3609.0235 + 5840.8906 +  132.2347   ~1l0OC51
     K03R11W  S2016 02 07.02171 04 13 41.58 +02 34 50.0                L~1l0OC51
     K03R11W  s2016 02 07.02171 1 + 3585.9260 + 5855.7201 +  103.5880   ~1l0OC51
     K03R11W  S2016 02 07.02184 04 13 41.57 +02 34 50.0                L~1l0OC51
     K03R11W  s2016 02 07.02184 1 + 3594.3722 + 5848.3810 +  186.6660   ~1l0OC51
     K03R11W  S2016 02 07.08729 04 13 32.41 +02 35 19.7                L~1l0OC51
     K03R11W  s2016 02 07.08729 1 + 3581.0982 + 5858.3005 +  121.7658   ~1l0OC51
     K03R11W  S2016 02 07.15287 04 13 23.21 +02 35 49.4                L~1l0OC51
     K03R11W  s2016 02 07.15287 1 + 3576.2490 + 5860.8410 +  139.9551   ~1l0OC51
     K03R11W  S2016 02 07.28403 04 13 04.99 +02 36 49.1                L~1l0OC51
     K03R11W  s2016 02 07.28403 1 + 3566.4691 + 5865.7765 +  176.3567   ~1l0OC51
     K03R11W |C2016 02 25.01311 03 37 14.41 +05 26 40.3          20.4 Vu~1mrS807
     K03R11W |C2016 02 25.01547 03 37 14.11 +05 26 42.0          20.3 Vu~1mrS807
     K03R11W |C2016 02 25.01796 03 37 13.83 +05 26 43.9          20.2 Vu~1mrS807
     K03R11W |C2016 02 25.02022 03 37 13.58 +05 26 45.3          20.4 Vu~1mrS807
     K03R11W |C2016 02 25.02271 03 37 13.30 +05 26 46.9          20.4 Vu~1mrS807
     K03R11W  C2016 03 06.23768 03 17 11.779+07 26 59.81         20.5 wL~1nu6F51
     K03R11W  C2016 03 06.24294 03 17 11.058+07 27 03.60         20.6 wL~1nu6F51
     K03R11W  C2016 03 06.24822 03 17 10.346+07 27 07.55         20.6 wL~1nu6F51
     K03R11W  C2016 03 06.25350 03 17 09.633+07 27 11.26         20.5 wL~1nu6F51
