     K03E04P* C2003 03 07.30359 11 00 13.84 -00 21 03.0          18.9  ch4423704
     K03E04P  C2003 03 07.31748 11 00 04.00 -00 21 01.9          18.2  ch4423704
     K03E04P  C2003 03 07.33971 10 59 48.17 -00 20 58.4          18.3  ch4423704
     K03E04P  C2003 03 07.35274 10 59 38.83 -00 20 56.4          18.5  ch4423704
     K03E04P  C2003 03 07.36713 10 59 28.50 -00 20 53.5          19.0  ch4423704
     K03E04P  C2003 03 08.27362 10 47 18.06 -00 17 34.8          17.6 Rch4423926
     K03E04P  C2003 03 08.27450 10 47 17.02 -00 17 34.1          17.4 Rch4423926
     K03E04P  C2003 03 08.27541 10 47 16.12 -00 17 34.1          17.7 Rch4423926
     K03E04P  C2003 03 08.61260 10 41 15.02 -00 12 50.1          18.2 Vmh4423428
     K03E04P  C2003 03 08.61500 10 41 12.22 -00 12 48.8          18.1 Vmh4423428
     K03E04P  C2003 03 08.61738 10 41 09.30 -00 12 48.2          17.8 Vmh4423428
     K03E04P  C2003 03 08.61978 10 41 06.39 -00 12 47.3          18.0 Vmh4423428
     K03E04P  C2003 03 08.69600 10 39 33.20 -00 12 19.5          18.0 Vmh4423428
     K03E04P  C2003 03 08.70223 10 39 25.37 -00 12 16.6          17.9 Vmh4423428
     K03E04P  C2003 03 08.82369 10 37 13.79 -00 15 06.3          18.4 R h4423J87
     K03E04P  C2003 03 08.82457 10 37 12.71 -00 15 04.9          18.2 R h4423J87
     K03E04P  C2003 03 08.82627 10 37 10.41 -00 15 04.8          18.2 R h4423J87
     K03E04P  C2003 03 09.24586 10 27 10.89 -00 11 55.6          17.6  ch4423704
     K03E04P  C2003 03 09.24646 10 27 09.90 -00 11 55.8          16.9  ch4423704
     K03E04P  C2003 03 09.25904 10 26 49.02 -00 11 50.0          18.0  ch4423704
     K03E04P  C2003 03 09.25965 10 26 48.04 -00 11 49.8          17.3  ch4423704
     K03E04P  C2003 03 09.27212 10 26 27.19 -00 11 43.6          17.9  ch4423704
     K03E04P  C2003 03 09.27272 10 26 26.25 -00 11 43.7          17.1  ch4423704
     K03E04P  C2003 03 09.28534 10 26 04.97 -00 11 37.4          18.3  ch4423704
     K03E04P  C2003 03 09.28594 10 26 04.03 -00 11 37.5          17.3  ch4423704
     K03E04P  C2003 03 09.29862 10 25 42.46 -00 11 31.2          17.9  ch4423704
     K03E04P  C2003 03 09.52818910 19 08.27 -00 05 33.1          17.8 Vmh4423428
     K03E04P  C2003 03 09.52986310 19 05.03 -00 05 32.9          17.7 Vmh4423428
     K03E04P  C2003 03 09.54969010 18 26.26 -00 05 19.7          17.7 Vmh4423428
     K03E04P  C2003 03 09.55136610 18 22.99 -00 05 19.5          17.8 Vmh4423428
     K03E04P  C2003 03 09.91928 10 05 32.32 -00 06 03.8          16.8 Rch4423599
     K03E04P  C2003 03 09.92005 10 05 30.36 -00 06 03.2          16.7 Rch4423599
     K03E04P  C2003 03 09.92083 10 05 28.53 -00 06 02.7          16.9 Rch4423599
     K03E04P  C2003 03 09.92160 10 05 26.63 -00 06 02.4          16.6 Rch4423599
     K03E04P  C2003 03 09.92238 10 05 24.94 -00 06 01.8          17.4 Rch4423599
     K03E04P  C2003 03 09.92314 10 05 23.02 -00 06 01.3          16.3 Rch4423599
     K03E04P  C2003 03 09.92391 10 05 21.07 -00 06 00.8          17.1 Rch4423599
     K03E04P  C2003 03 09.92469 10 05 19.13 -00 06 00.1          16.5 Rch4423599
     K03E04P NC2003 03 09.96053 10 03 54.06 -00 06 03.7          16.8 Rdh4423J95
     K03E04P NC2003 03 09.96636 10 03 39.53 -00 05 59.5          16.5 Rdh4423J95
     K03E04P NC2003 03 09.96840 10 03 34.47 -00 05 58.2          16.8 Rdh4423J95
     K03E04P  C2003 03 10.55604 09 34 28.08 +00 03 43.3                mh4423379
     K03E04P  C2003 03 10.55806 09 34 20.45 +00 03 46.3                mh4423379
     K03E04P  C2003 03 10.56106 09 34 09.27 +00 03 48.9          16.7 Vmh4423379
     K03E04P  C2003 03 10.76351 09 21 05.43 +00 06 45.9          16.5 Rdh4423118
     K03E04P  C2003 03 10.76421 09 21 02.45 +00 06 45.9                dh4423118
     K03E04P  C2003 03 10.76664 09 20 51.94 +00 06 48.9                dh4423118
     K03E04P  C2003 03 10.76715 09 20 49.78 +00 06 50.8                dh4423118
     K03E04P  C2003 03 10.76837 09 20 44.67 +00 06 52.0                dh4423118
     K03E04P  C2003 03 10.76963 09 20 39.10 +00 06 53.2                dh4423118
     K03E04P  C2003 03 10.77280 09 20 27.68 +00 07 23.1          16.5 Rch4423599
     K03E04P  C2003 03 10.77356 09 20 23.98 +00 07 24.0          17.2 Rch4423599
     K03E04P  C2003 03 10.77432 09 20 20.63 +00 07 25.2          16.5 Rch4423599
     K03E04P  C2003 03 10.77509 09 20 17.27 +00 07 25.5          17.6 Rch4423599
     K03E04P  C2003 03 10.77585 09 20 14.36 +00 07 26.8          17.0 Rch4423599
     K03E04P  C2003 03 10.77740 09 20 07.40 +00 07 29.5          16.6 Rch4423599
     K03E04P  C2003 03 10.77817 09 20 03.94 +00 07 30.0          17.2 Rch4423599
     K03E04P  C2003 03 10.94631 09 07 00.84 +00 11 22.5                dh4423170
     K03E04P  C2003 03 10.94837 09 06 50.48 +00 11 26.0                dh4423170
     K03E04P  C2003 03 10.94976 09 06 43.65 +00 11 26.6                dh4423170
     K03E04P  C2003 03 10.95108 09 06 37.11 +00 11 30.3                dh4423170
     K03E04P  C2003 03 11.16018 08 48 20.65 +00 17 45.6          16.1 Rch4423448
     K03E04P  C2003 03 11.16211 08 48 09.34 +00 17 48.9          15.7 Rch4423448
     K03E04P  C2003 03 11.16462 08 47 54.50 +00 17 53.0          16.0 Rch4423448
     K03E04P  C2003 03 11.16718 08 47 39.33 +00 17 57.9          16.5 Rch4423448
     K03E04P  C2003 03 11.16793 08 47 34.99 +00 17 59.2          16.1 Rch4423448
     K03E04P  C2003 03 11.24201 08 40 09.06 +00 19 55.7                ch4423670
     K03E04P  C2003 03 11.24358 08 39 59.21 +00 19 59.1                ch4423670
     K03E04P  C2003 03 11.24483 08 39 51.42 +00 20 00.8                ch4423670
     K03E04P  C2003 03 11.24726 08 39 36.15 +00 20 05.5                ch4423670
     K03E04P  C2003 03 11.24800 08 39 31.48 +00 20 07.3                ch4423670
     K03E04P  C2003 03 11.25049 08 39 15.81 +00 20 10.6                ch4423670
     K03E04P  C2003 03 11.25174 08 39 07.94 +00 20 13.3                ch4423670
     K03E04P  C2003 03 11.80549 07 29 43.47 +00 38 32.8          16.7 Roh4423620
     K03E04P  C2003 03 11.80801 07 29 20.34 +00 38 36.6          16.3 Roh4423620
     K03E04P  C2003 03 11.81040 07 28 58.45 +00 38 43.0          16.8 Roh4423620
     K03E04P  C2003 03 11.81283 07 28 36.03 +00 38 48.1          16.8 Roh4423620
     K03E04P  C2003 03 11.87071 07 19 39.17 +00 39 41.9          17.3 Rdh4423J95
     K03E04P  C2003 03 11.87173 07 19 29.61 +00 39 43.4          16.8 Rdh4423J95
     K03E04P  C2003 03 11.87884 07 18 22.34 +00 39 59.2          17.0 Rdh4423J95
     K03E04P  C2003 03 11.87977 07 18 13.59 +00 40 02.0          17.1 Rdh4423J95
     K03E04P  C2003 03 12.12640 06 37 57.05 +00 51 05.1                ch4423670
     K03E04P  C2003 03 12.12819 06 37 38.23 +00 51 09.0                ch4423670
     K03E04P  C2003 03 12.13800 06 35 55.54 +00 51 27.8                ch4423670
     K03E04P  C2003 03 12.14417 06 34 45.79 +00 52 00.9          18.1 Rmh4423333
     K03E04P  C2003 03 12.14473 06 34 39.75 +00 52 02.1          18.7 Rmh4423333
     K03E04P  C2003 03 12.14546 06 34 32.11 +00 52 04.2          18.6 Rmh4423333
     K03E04P  C2003 03 12.14585 06 34 27.94 +00 52 04.3          17.5 Rmh4423333
     K03E04P  C2003 03 12.14721 06 34 18.53 +00 51 48.3                ch4423670
     K03E04P  C2003 03 12.15659 06 32 39.79 +00 52 07.3                ch4423670
     K03E04P WC2003 03 12.16539 06 31 06.69 +00 52 26.3                ch4423670
     K03E04P WC2003 03 12.17513 06 29 23.86 +00 52 45.8                ch4423670
