     K03W26W* C2003 11 21.19585 01 24 43.74 +05 51 29.2          18.7  cj1990704
     K03W26W  C2003 11 21.20862 01 24 53.82 +05 53 45.9          18.7  cj1990704
     K03W26W  C2003 11 21.22195 01 25 04.44 +05 56 07.3          19.0  cj1990704
     K03W26W  C2003 11 21.23502 01 25 14.66 +05 58 26.2          18.8  cj1990704
     K03W26W  C2003 11 21.24789 01 25 24.77 +06 00 41.7          19.0  cj1990704
     K03W26W  C2003 11 23.18514 01 45 49.72 +10 19 06.1          19.0 Rcj1990854
     K03W26W  C2003 11 23.19047 01 45 52.10 +10 19 37.7          18.8 Rcj1990854
     K03W26W  C2003 11 23.19579 01 45 54.59 +10 20 10.0          18.8 Rcj1991854
     K03W26W  C2003 11 23.21846 01 46 04.99 +10 22 27.1          18.5 Rcj1991926
     K03W26W  C2003 11 23.21911 01 46 05.31 +10 22 31.3          18.4 Rcj1991926
     K03W26W  C2003 11 23.21976 01 46 05.62 +10 22 35.5          18.5 Rcj1991926
     K03W26W  C2003 11 23.89287 01 51 08.49 +11 24 04.3          19.1 Rcj1991966
     K03W26W  C2003 11 23.90221 01 51 11.28 +11 24 53.9                cj1991246
     K03W26W  C2003 11 23.90285 01 51 11.55 +11 24 57.2                cj1991246
     K03W26W  C2003 11 23.90334 01 51 11.72 +11 24 59.6                cj1991246
     K03W26W  C2003 11 23.90376 01 51 11.89 +11 25 01.9                cj1991246
     K03W26W  C2003 11 23.90420 01 51 12.08 +11 25 04.5                cj1991246
     K03W26W  C2003 11 23.90488 01 51 12.36 +11 25 07.4                cj1991246
     K03W26W  C2003 11 23.90572 01 51 13.62 +11 25 09.0          19.3 Rcj1991966
     K03W26W  C2003 11 24.15062 01 52 53.84 +11 45 30.7          19.0  cj1991704
     K03W26W  C2003 11 24.15990 01 52 57.25 +11 46 15.9          19.0  cj1991704
     K03W26W  C2003 11 24.16778 01 53 00.19 +11 46 53.7          19.4  cj1991704
     K03W26W  C2003 11 24.17567 01 53 03.07 +11 47 31.8          20.0  cj1991704
     K03W26W  C2003 11 24.18441 01 53 06.33 +11 48 12.4          19.5  cj1991704
     K03W26W  C2003 11 24.18548 01 53 06.70 +11 48 17.1          19.0  cj1991704
     K03W26W  C2003 11 24.19991 01 53 11.98 +11 49 25.9          19.0  cj1991704
     K03W26W  C2003 11 24.21229 01 53 16.52 +11 50 23.8          19.1  cj1991704
     K03W26W  C2003 11 24.22479 01 53 21.11 +11 51 23.0          19.0  cj1991704
     K03W26W  C2003 11 24.23719 01 53 25.61 +11 52 20.6          19.1  cj1991704
     K03W26W  C2003 11 24.82422 01 57 02.53 +12 35 06.5          19.6 Vrj1991170
     K03W26W  C2003 11 24.82666 01 57 03.30 +12 35 16.3                rj1991170
     K03W26W  C2003 11 24.83476 01 57 05.86 +12 35 49.5          19.3 Vrj1991170
     K03W26W  C2003 11 24.83560 01 57 06.12 +12 35 53.1          19.3 Vrj1991170
     K03W26W  C2003 11 24.83645 01 57 06.39 +12 35 56.5          19.7 Vrj1991170
     K03W26W  C2003 11 24.83730 01 57 06.67 +12 36 00.0          19.7 Vrj1991170
     K03W26W  C2003 11 24.83815 01 57 06.94 +12 36 03.4          19.8 Vrj1991170
     K03W26W  C2003 11 24.83900 01 57 07.21 +12 36 06.9          19.6 Vrj1991170
     K03W26W  C2003 11 24.87157 01 57 17.70 +12 38 23.0          18.8 Rrj1991176
     K03W26W  C2003 11 24.87296 01 57 18.16 +12 38 28.4          18.8 Rrj1991176
     K03W26W  C2003 11 24.87436 01 57 18.63 +12 38 33.9          18.8 Rrj1991176
     K03W26W  C2003 11 24.87575 01 57 19.09 +12 38 39.3          18.8 Rrj1991176
     K03W26W  C2003 11 24.87647 01 57 19.32 +12 38 42.1          19.0 Rrj1991176
     K03W26W 3C2003 11 25.92220 02 02 43.97 +13 42 28.8                cj1991950
     K03W26W 3C2003 11 25.92294 02 02 44.16 +13 42 31.3                cj1991950
     K03W26W 3C2003 11 25.92366 02 02 44.35 +13 42 33.7                cj1991950
     K03W26W 3C2003 11 25.92447 02 02 44.56 +13 42 36.3                cj1991950
     K03W26W 3C2003 11 25.92518 02 02 44.75 +13 42 38.7                cj1991950
     K03W26W 3C2003 11 25.92819 02 02 45.53 +13 42 48.5                cj1991950
     K03W26W 3C2003 11 25.92890 02 02 45.72 +13 42 50.9                cj1991950
     K03W26W 3C2003 11 25.93034 02 02 46.09 +13 42 55.6                cj1991950
     K03W26W 3C2003 11 25.93111 02 02 46.29 +13 42 58.2                cj1991950
     K03W26W  C2003 11 26.30793 02 04 26.51 +14 02 36.5          19.6 Rrj1991649
     K03W26W  C2003 11 26.30971 02 04 26.96 +14 02 42.1          20.2 Rrj1991649
     K03W26W  C2003 11 26.31148 02 04 27.41 +14 02 47.0          19.8 Rrj1991649
     K03W26W  C2003 11 26.31326 02 04 27.85 +14 02 52.7          19.8 Rrj1991649
     K03W26W  C2003 11 27.82631 02 10 27.32 +15 10 00.7          19.0 Rrj1991J95
     K03W26W  C2003 11 27.84253 02 10 30.51 +15 10 38.7          19.7 Rrj1991J95
     K03W26W  C2003 11 27.85907 02 10 33.78 +15 11 17.4          20.4 Rrj1991J95
     K03W26W  C2003 11 27.93578 02 10 48.64 +15 14 22.9          20.2 Vrj1991941
     K03W26W  C2003 11 27.93691 02 10 48.88 +15 14 25.4          20.2 Vrj1991941
     K03W26W  C2003 11 27.93804 02 10 49.11 +15 14 28.0          20.1 Vrj1991941
     K03W26W  C2003 11 27.93918 02 10 49.33 +15 14 30.6          20.2 Vrj1991941
     K03W26W  C2003 11 27.94031 02 10 49.55 +15 14 32.9          20.1 Vrj1991941
     K03W26W  C2003 11 27.94372 02 10 50.18 +15 14 40.7          20.1 Vrj1991941
     K03W26W IC2003 11 28.12814 02 11 29.54 +15 21 41.6                rj1991715
     K03W26W  C2003 11 28.13277 02 11 30.46 +15 21 52.0          20.6 Rrj1991715
     K03W26W  C2003 11 28.13741 02 11 31.28 +15 22 02.6          20.1 Rrj1991715
     K03W26W  C2003 11 28.14204 02 11 32.20 +15 22 13.2          20.9 Rrj1991715
     K03W26W  C2003 11 28.29450 02 11 59.77 +15 27 40.7          20.0 Rrj1991649
     K03W26W  C2003 11 28.29805 02 12 00.45 +15 27 48.2          19.8 Rrj1991649
     K03W26W  C2003 11 28.30161 02 12 01.10 +15 27 55.8          19.9 Rrj1991649
     K03W26W  C2003 11 29.94378 02 16 53.77 +16 20 16.6          20.7 Rrj2829540
     K03W26W  C2003 11 30.06453 02 17 15.68 +16 23 47.6          21.1 Vcj2829691
     K03W26W  C2003 11 30.09173 02 17 19.69 +16 24 33.9          21.0 Vcj2829691
     K03W26W  C2003 11 30.10193 02 17 21.09 +16 24 51.4          20.1 Roj2829715
     K03W26W  C2003 11 30.11121 02 17 22.40 +16 25 06.9          20.0 Roj2829715
     K03W26W  C2003 11 30.11908 02 17 23.67 +16 25 20.1          21.3 Vcj2829691
     K03W26W  C2003 11 30.12050 02 17 23.73 +16 25 22.7          20.3 Roj2829715
     K03W26W 3C2003 12 04.02256 02 25 51.72 +17 50 29.5                cj2829950
     K03W26W 3C2003 12 04.02789 02 25 52.29 +17 50 34.8                cj2829950
     K03W26W 3C2003 12 08.87064 02 33 31.08 +18 57 37.0                cj3438950
     K03W26W 3C2003 12 08.87333 02 33 31.24 +18 57 38.8                cj3438950
     K03W26W IC2003 12 14.11133 02 40 05.52 +19 46 38.5          22.6 Rrj3766715
     K03W26W  C2003 12 14.13453 02 40 07.22 +19 46 48.3          22.4 Rrj3766715
