h4188K03A23D  C2002 12 14.50952210 57 03.286+10 26 26.99MPS390557       76269645
h4188K03A23D  C2002 12 14.51200910 57 02.858+10 26 35.74MPS39055720.51g 76269645
h4188K03A23D* C2003 01 07.33139 09 27 01.59 +32 25 05.3          19.0  ch0230704
h4188K03A23D  C2003 01 07.34648 09 26 57.42 +32 25 43.8          19.9  ch0230704
h4188K03A23D  C2003 01 07.36177 09 26 53.20 +32 26 22.1          19.4  ch0230704
h4188K03A23D  C2003 01 07.37686 09 26 48.93 +32 27 00.1          19.9  ch0230704
h4188K03A23D  C2003 01 08.05278 09 23 45.04 +32 55 04.5          18.5 Rdh0230J95
h4188K03A23D  C2003 01 08.05680 09 23 43.88 +32 55 14.1          18.8 Rdh0230J95
h4188K03A23D  C2003 01 08.38540 09 22 14.22 +33 08 41.5          19.1  ch0230704
h4188K03A23D  C2003 01 08.41481 09 22 05.98 +33 09 52.1          19.7  ch0230704
h4188K03A23D  C2003 01 08.42925 09 22 01.92 +33 10 27.7          19.7  ch0230704
h4188K03A23D  C2003 01 08.44365 09 21 57.96 +33 11 01.9          19.9  ch0230704
h4188K03A23D  C2003 01 08.88852 09 19 57.78 +33 28 40.3                dh0230557
h4188K03A23D  C2003 01 08.88980 09 19 57.34 +33 28 43.6                dh0230557
h4188K03A23D  C2003 01 08.89108 09 19 57.04 +33 28 45.8                dh0230557
h4188K03A23D  C2003 01 08.89236 09 19 56.71 +33 28 49.4                dh0230557
h4188K03A23D  C2003 01 08.89365 09 19 56.44 +33 28 53.4                dh0230557
h4188K03A23D  C2003 01 08.89493 09 19 55.94 +33 28 55.8                dh0230557
h4188K03A23D  C2003 01 08.89622 09 19 55.71 +33 28 59.8                dh0230557
h4188K03A23D  C2003 01 08.89749 09 19 55.27 +33 29 02.4                dh0230557
h4188K03A23D  C2003 01 08.89877 09 19 54.90 +33 29 05.8                dh0230557
h4188K03A23D  C2003 01 08.90006 09 19 54.58 +33 29 08.6                dh0230557
h4188K03A23D  C2003 01 11.29839 09 09 01.14 +34 58 34.8          18.9 Rch1759649
h4188K03A23D  C2003 01 11.30017 09 09 00.67 +34 58 38.3          19.3 Rch1759649
h4188K03A23D  C2003 01 11.30197 09 09 00.14 +34 58 42.3          18.7 Rch1759649
h4188K03A23D  C2003 01 11.30377 09 08 59.67 +34 58 45.9          18.9 Rch1759649
h4188K03A23D  C2003 01 12.03110 09 05 42.55 +35 23 42.1                ch1759246
h4188K03A23D  C2003 01 12.03175 09 05 42.32 +35 23 43.8                ch1759246
h4188K03A23D  C2003 01 12.03245 09 05 42.22 +35 23 44.5                ch1759246
h4188K03A23D  C2003 01 12.03316 09 05 41.95 +35 23 45.9                ch1759246
h4188K03A23D  C2003 01 12.28849 09 04 33.48 +35 32 21.3          19.8  ch1759704
h4188K03A23D  C2003 01 12.30422 09 04 29.09 +35 32 52.4          19.6  ch1759704
h4188K03A23D  C2003 01 12.31980 09 04 24.94 +35 33 24.0          20.1  ch1759704
h4188K03A23D  C2003 01 12.33539 09 04 20.57 +35 33 54.8          19.8  ch1759704
h4188K03A23D  C2003 01 13.32623 08 59 54.11 +36 05 46.3          20.5 Rch1759649
h4188K03A23D  C2003 01 13.32892 08 59 53.42 +36 05 51.3          19.8 Rch1759649
h4188K03A23D  C2003 01 25.21344 08 11 45.38 +40 16 45.5          20.9 Rdh1759734
h4188K03A23D IC2003 01 25.23308 08 11 40.87 +40 17 01.9          20.1 Rdh1759734
h4188K03A23D FC2003 01 25.93299 08 09 15.67 +40 25 11.5                ch1759587
h4188K03A23D FC2003 01 25.94898 08 09 12.34 +40 25 23.1                ch1759587
h4188K03A23D  C2005 01 13.07933 01 31 50.80 +03 19 43.9          18.5  cm4079704
h4188K03A23D  C2005 01 13.09259 01 32 00.52 +03 21 52.1          18.7  cm4079704
h4188K03A23D  C2005 01 13.10609 01 32 10.45 +03 24 02.9          18.5  cm4079704
h4188K03A23D  C2005 01 13.11900 01 32 19.96 +03 26 07.3          18.8  cm4079704
h4188K03A23D  C2005 01 13.13201 01 32 29.48 +03 28 12.8          18.5  cm4079704
h4188K03A23D  C2005 01 13.14153 01 32 36.58 +03 29 45.7          17.7 Rdm4079703
h4188K03A23D  C2005 01 13.15050 01 32 43.14 +03 31 11.6          18.0 Rdm4079703
h4188K03A23D  C2005 01 13.15946 01 32 49.74 +03 32 38.8          18.1 Rdm4079703
h4188K03A23D  C2005 01 13.16843 01 32 56.32 +03 34 05.0          17.9 Rdm4079703
h4188K03A23D  C2005 01 13.23304 01 33 43.79 +03 44 26.1          17.8 Rcm4079651
h4188K03A23D  C2005 01 13.23611 01 33 46.11 +03 44 55.9          17.9 Rcm4079651
h4188K03A23D  C2005 01 13.23912 01 33 48.28 +03 45 24.8          17.8 Rcm4079651
h4188K03A23D  C2005 01 13.80595 01 40 42.86 +05 14 05.5                rm4079J95
h4188K03A23D  C2005 01 13.81106 01 40 46.41 +05 14 52.4                rm4079J95
h4188K03A23D  C2005 01 13.81653 01 40 50.27 +05 15 42.7          18.8 Rrm4079J95
h4188K03A23D  C2005 01 14.07497 01 43 54.50 +05 55 09.5          18.0  cm4079704
h4188K03A23D  C2005 01 14.07510 01 43 54.57 +05 55 10.5          18.3  cm4079704
h4188K03A23D  C2005 01 14.08804 01 44 03.58 +05 57 07.5          18.7  cm4079704
h4188K03A23D  C2005 01 14.08817 01 44 03.64 +05 57 08.9          18.1  cm4079704
h4188K03A23D  C2005 01 14.10112 01 44 12.65 +05 59 05.3          18.6  cm4079704
h4188K03A23D  C2005 01 14.10124 01 44 12.71 +05 59 06.2          18.7  cm4079704
h4188K03A23D  C2005 01 14.11425 01 44 21.77 +06 01 03.6          18.4  cm4079704
h4188K03A23D  C2005 01 14.11437 01 44 21.86 +06 01 04.0          18.4  cm4079704
h4188K03A23D  C2005 01 14.12734 01 44 30.86 +06 03 01.1          18.4  cm4079704
h4188K03A23D  C2005 01 14.12746 01 44 30.92 +06 03 02.1          18.4  cm4079704
h4188K03A23D  C2005 01 15.12829 01 55 56.35 +08 27 34.5                cm4702670
h4188K03A23D  C2005 01 15.14815 01 56 09.40 +08 30 18.6                cm4702670
h4188K03A23D  C2005 01 15.15148 01 56 11.41 +08 30 47.8                cm4702670
h4188K03A23D HC2007 02 25.10040 02 35 08.70 +14 17 02.8                ou1478291
h4188K03A23D HC2007 02 25.10439 02 35 10.25 +14 17 08.6                ou1478291
h4188K03A23D HC2007 02 25.10824 02 35 11.34 +14 17 18.7                ou1478291
h4188K03A23D ^C2014 01 03.47746 11 45 30.94 +25 08 21.9                o~0zCe695
h4188K03A23D ^C2014 01 03.48191 11 45 30.89 +25 08 25.5                o~0zCe695
h4188K03A23D ^C2014 01 03.48587 11 45 30.84 +25 08 28.2                o~0zCe695
h4188K03A23D ^C2014 01 03.48981 11 45 30.80 +25 08 31.2                o~0zCe695
h4188K03A23D ^C2014 01 03.49779 11 45 30.70 +25 08 37.6          24.2 Ro~0zCe695
h4188K03A23D ^C2014 01 03.50173 11 45 30.68 +25 08 40.1                o~0zCe695
h4188K03A23D ^C2014 01 30.44090 11 28 59.34 +31 47 34.2                o~10gR695
h4188K03A23D ^C2014 01 30.44488 11 28 59.08 +31 47 38.0                o~10gR695
h4188K03A23D ^C2014 01 30.44884 11 28 58.81 +31 47 42.1          23.6 Ro~10gR695
h4188K03A23D  C2015 04 07.39602 17 42 29.05 +25 13 20.9          20.6 Ro~1PqY926
h4188K03A23D  C2015 04 07.40399 17 42 30.68 +25 13 38.5          20.5 Ro~1PqY926
h4188K03A23D  C2015 04 07.41187 17 42 32.28 +25 13 56.1          20.2 Ro~1PqY926
h4188K03A23D KC2015 04 23.46116719 07 21.18 +37 37 41.9          19.2 Rq~1Qcz448
h4188K03A23D KC2015 04 23.47003419 07 25.47 +37 38 10.7          19.6 Rq~1Qcz448
h4188K03A23D KC2015 04 23.47931719 07 29.98 +37 38 40.6          19.4 Rq~1Qcz448
