e5212K03Q10C* C2003 08 22.37898 03 52 40.72 +19 08 38.2          18.7  ci3447704
e5212K03Q10C  C2003 08 22.39249 03 52 47.19 +19 09 05.1          19.1  ci3447704
e5212K03Q10C  C2003 08 22.40709 03 52 54.24 +19 09 33.0          18.9  ci3447704
e5212K03Q10C  C2003 08 22.42041 03 53 00.68 +19 09 58.1          19.1  ci3447704
e5212K03Q10C  C2003 08 22.43303 03 53 06.69 +19 10 21.6          19.4  ci3447704
e5212K03Q10C  C2003 08 23.04396 03 58 06.81 +19 29 28.6          18.4 Rci3447113
e5212K03Q10C  C2003 08 23.04526 03 58 07.61 +19 29 33.6          18.1 Rci3447176
e5212K03Q10C  C2003 08 23.04605 03 58 07.83 +19 29 32.4          18.2 Rci3447113
e5212K03Q10C  C2003 08 23.04918 03 58 09.35 +19 29 38.8          18.6 Rci3447113
e5212K03Q10C  C2003 08 23.05156 03 58 10.75 +19 29 45.1          18.2 Rci3447176
e5212K03Q10C  C2003 08 23.05365 03 58 11.79 +19 29 48.9          18.3 Rci3447176
e5212K03Q10C  C2003 08 23.05573 03 58 12.82 +19 29 52.7          18.1 Rci3447176
e5212K03Q10C  C2003 08 23.05787 03 58 13.88 +19 29 56.6          18.2 Rci3447176
e5212K03Q10C  C2003 08 23.06473 03 58 17.23 +19 30 06.4          18.7 Rri3447J95
e5212K03Q10C  C2003 08 23.06993 03 58 19.76 +19 30 17.0          18.6 Rri3447J95
e5212K03Q10C  C2003 08 23.07502 03 58 22.28 +19 30 25.9          18.6 Rri3447J95
e5212K03Q10C  C2003 08 23.08566 03 58 27.52 +19 30 50.1          18.3 Rci3447599
e5212K03Q10C  C2003 08 23.08668 03 58 28.02 +19 30 51.9          18.2 Rci3447599
e5212K03Q10C FC2003 08 23.10379 03 58 36.36 +19 31 25.6                di3447118
e5212K03Q10C FC2003 08 23.10696 03 58 37.90 +19 31 29.6                di3447118
e5212K03Q10C FC2003 08 23.11014 03 58 39.49 +19 31 35.0                di3447118
e5212K03Q10C  C2003 08 23.39851 04 01 05.05 +19 40 41.3          19.0 Rci3447854
e5212K03Q10C  C2003 08 23.39961 04 01 05.67 +19 40 43.5          19.1 Rci3447854
e5212K03Q10C  C2003 08 23.40069 04 01 06.28 +19 40 43.0          19.2 Rci3447854
e5212K03Q10C  C2003 08 23.40178 04 01 06.74 +19 40 47.7          19.1 Rci3447854
e5212K03Q10C  C2003 08 23.40739 04 01 09.49 +19 40 58.0          19.2  ci3447704
e5212K03Q10C  C2003 08 23.42002 04 01 15.96 +19 41 22.9          19.1  ci3447704
e5212K03Q10C  C2003 08 23.43271 04 01 22.29 +19 41 46.8          18.9  ci3447704
e5212K03Q10C  C2003 08 23.44513 04 01 28.55 +19 42 10.9          19.2  ci3447704
e5212K03Q10C  C2003 08 23.45797 04 01 34.95 +19 42 33.5          19.3  ci3447704
e5212K03Q10C  C2003 08 24.01976 04 06 24.72 +20 00 01.7          18.2 Rci3447587
e5212K03Q10C  C2003 08 24.02227 04 06 25.95 +20 00 06.7          18.4 Rci3447587
e5212K03Q10C  C2003 08 24.07323 04 06 52.33 +20 01 43.1                ci3447246
e5212K03Q10C  C2003 08 24.07373 04 06 52.59 +20 01 43.6                ci3447246
e5212K03Q10C  C2003 08 24.07414 04 06 52.82 +20 01 44.2                ci3447246
e5212K03Q10C  C2003 08 24.07502 04 06 53.27 +20 01 46.2                ci3447246
e5212K03Q10C  C2003 08 24.07548 04 06 53.52 +20 01 46.6                ci3447246
e5212K03Q10C  C2003 08 24.07591 04 06 53.77 +20 01 47.3                ci3447246
e5212K03Q10C  C2003 08 25.05789 04 15 39.88 +20 32 12.8          18.6 Rdi3447941
e5212K03Q10C  C2003 08 25.05834 04 15 40.16 +20 32 14.2          18.6 Rdi3447941
e5212K03Q10C  C2003 08 25.05879 04 15 40.42 +20 32 15.1          18.7 Rdi3447941
e5212K03Q10C  C2003 08 25.05924 04 15 40.65 +20 32 15.9          18.6 Rdi3447941
e5212K03Q10C  C2003 08 25.05970 04 15 40.90 +20 32 16.6          18.7 Rdi3447941
e5212K03Q10C  C2003 08 25.06105 04 15 41.63 +20 32 19.3          18.5 Rdi3447941
e5212K03Q10C  C2003 08 25.10413 04 16 05.05 +20 33 40.6          18.7 Rri3447170
e5212K03Q10C  C2003 08 25.10465 04 16 05.33 +20 33 41.7          18.8 Rri3447170
e5212K03Q10C  C2003 08 25.10779 04 16 07.04 +20 33 47.1          18.8 Rri3447170
e5212K03Q10C  C2003 08 25.11096 04 16 08.75 +20 33 52.9          18.7 Rri3447170
e5212K03Q10C  C2003 08 25.11386 04 16 10.33 +20 33 58.3          18.9 Rri3447170
e5212K03Q10C  C2003 08 25.39408 04 18 45.40 +20 42 35.7          19.3  ci3447704
e5212K03Q10C  C2003 08 25.40188 04 18 49.68 +20 42 49.7          19.5  ci3447704
e5212K03Q10C  C2003 08 25.40709 04 18 52.62 +20 42 59.5          19.2  ci3447704
e5212K03Q10C  C2003 08 25.41829 04 18 58.76 +20 43 20.7          20.0  ci3447704
e5212K03Q10C  C2003 08 25.43144 04 19 06.13 +20 43 44.1          19.3  ci3447704
e5212K03Q10C  C2003 08 25.43669 04 19 08.96 +20 43 53.5          19.3  ci3447704
e5212K03Q10C  C2003 08 25.44431 04 19 13.22 +20 44 07.8          19.8  ci3447704
e5212K03Q10C  C2003 08 25.44940 04 19 16.01 +20 44 18.0          18.9  ci3447704
e5212K03Q10C  C2003 08 25.45679 04 19 20.03 +20 44 31.5          19.3  ci3447704
e5212K03Q10C  C2003 08 26.10497 04 25 27.34 +21 04 05.4          18.7 Rdi3447941
e5212K03Q10C  C2003 08 26.10576 04 25 27.80 +21 04 07.2          18.7 Rdi3447941
e5212K03Q10C  C2003 08 26.10655 04 25 28.27 +21 04 08.7          18.7 Rdi3447941
e5212K03Q10C  C2003 08 26.10734 04 25 28.74 +21 04 10.2          18.7 Rdi3447941
e5212K03Q10C  C2003 08 26.10813 04 25 29.18 +21 04 11.7          18.7 Rdi3447941
e5212K03Q10C  C2003 08 26.10892 04 25 29.64 +21 04 13.0          18.7 Rdi3447941
e5212K03Q10C  C2003 08 27.45047 04 38 43.93 +21 43 38.5                ci4081670
e5212K03Q10C WC2003 08 27.45353 04 38 45.78 +21 43 45.4                ci4081670
e5212K03Q10C  C2003 08 29.39842 04 59 21.01 +22 36 29.1          18.7  ci3447704
e5212K03Q10C  C2003 08 29.41338 04 59 30.79 +22 36 52.3          19.2  ci3447704
e5212K03Q10C  C2003 08 29.42634 04 59 39.32 +22 37 12.6          19.1  ci3447704
e5212K03Q10C  C2003 08 31.12030 05 18 53.93 +23 16 57.3          18.7 Rri4081J95
e5212K03Q10C  C2003 08 31.12543 05 18 57.51 +23 17 03.4          18.6 Rri4081J95
e5212K03Q10C  C2003 08 31.13001 05 19 00.75 +23 17 09.5          18.7 Rri4081J95
e5212K03Q10C  C2003 09 04.12888 06 08 30.99 +24 17 26.0                ri4081J95
e5212K03Q10C  C2003 09 04.13612 06 08 36.68 +24 17 30.5                ri4081J95
e5212K03Q10C  C2003 09 04.14201 06 08 41.22 +24 17 33.3          18.5 Rri4081J95
e5212K03Q10C  C2003 09 05.13507 06 21 37.20 +24 23 15.1          19.2 Rri4081J95
e5212K03Q10C  C2003 09 05.14653 06 21 46.15 +24 23 17.9          18.3 Rri4081J95
e5212K03Q10C 1C2003 09 06.81308 06 43 44.70 +24 23 50.5          17.9 Rri4555413
e5212K03Q10C  C2003 09 08.14790 07 01 24.30 +24 14 37.4                oi4081J95
e5212K03Q10C  C2003 09 08.15861 07 01 32.72 +24 14 31.6          18.4 Roi4081J95
e5212K03Q10C  C2003 09 08.17005 07 01 41.78 +24 14 25.0          18.0 Roi4081J95
e5212K03Q10C  C2003 09 08.17278 07 01 43.90 +24 14 23.8          18.4 Roi4081J95
e5212K03Q10C FC2003 09 12.15796 07 53 01.60 +23 04 18.6          19.4 Rri4555J95
e5212K03Q10C FC2003 09 12.16961 07 53 10.29 +23 03 59.1          18.7 Rri4555J95
e5212K03Q10C  C2006 08 23.33129 21 50 40.08 -19 28 23.4          20.2 Ro~0m5S644
e5212K03Q10C  C2006 08 23.35242 21 50 36.63 -19 28 38.6          19.5 Ro~0m5S644
e5212K03Q10C  C2006 08 23.37478 21 50 32.95 -19 28 54.9          19.5 Ro~0m5S644
e5212K03Q10C  C2010 06 06.56032 16 32 15.10 -43 20 05.5          17.3 Vr~0IPEE12
e5212K03Q10C  C2010 06 06.56401 16 32 13.77 -43 19 56.2          17.6 Vr~0IPEE12
e5212K03Q10C  C2010 06 06.56763 16 32 12.48 -43 19 46.8          16.4 Vr~0IPEE12
e5212K03Q10C  C2010 06 06.57130 16 32 11.25 -43 19 38.1          16.2 Vr~0IPEE12
e5212K03Q10C QC2010 06 07.58668 16 26 45.237-42 35 30.96         17.0 Vr~0IPEE12
e5212K03Q10C QC2010 06 07.59815 16 26 41.592-42 35 01.56         16.8 Vr~0IPEE12
e5212K03Q10C QC2010 06 08.64187 16 21 38.783-41 51 26.48         17.0 Vr~0IPEE12
e5212K03Q10C QC2010 06 08.65502 16 21 35.041-41 50 53.57         17.0 Vr~0IPEE12
e5212K03Q10C QC2010 06 08.68144 16 21 27.542-41 49 47.07         17.1 Vr~0IPEE12
e5212K03Q10C  C2011 06 28.41734 00 14 09.90 -02 07 10.3          22.1 Vo~0Wih291
e5212K03Q10C  C2011 06 28.42576 00 14 10.59 -02 07 05.4          21.8 Vo~0Wih291
e5212K03Q10C  C2011 06 28.42978 00 14 10.89 -02 07 03.8          21.7 Vo~0Wih291
e5212K03Q10C ]C2011 07 01.41388 00 18 14.19 -01 42 14.7          21.3 Vo~0Wih695
e5212K03Q10C ]C2011 07 01.41741 00 18 14.46 -01 42 12.8          21.5 Vo~0Wih695
e5212K03Q10C ]C2011 07 01.42115 00 18 14.78 -01 42 11.1          21.4 Vo~0Wih695
e5212K03Q10C KC2011 08 12.35442201 21 03.77 +04 39 34.4          19.0 Vt~0XOcH21
e5212K03Q10C KC2011 08 12.36290801 21 04.70 +04 39 40.3          19.0 Vt~0XOcH21
e5212K03Q10C KC2011 08 12.37139001 21 05.65 +04 39 46.5          18.9 Vt~0XOcH21
e5212K03Q10C KC2011 08 13.00905 01 22 19.64 +04 47 15.9          18.5 Rt~0XOc204
e5212K03Q10C KC2011 08 13.01866 01 22 20.76 +04 47 22.8                t~0XOc204
e5212K03Q10C KC2011 08 17.30470301 31 12.80 +05 41 47.6          18.3 Vo~0XOcH21
e5212K03Q10C KC2011 08 17.31069801 31 13.55 +05 41 52.9          18.7 Vo~0XOcH21
e5212K03Q10C KC2011 08 17.31668801 31 14.32 +05 41 57.8          18.6 Vo~0XOcH21
e5212K03Q10C KC2011 09 05.96958 02 49 59.65 +13 28 56.7          16.6 Ru~0XxmB15
e5212K03Q10C KC2011 09 05.97000 02 49 59.86 +13 28 58.0          16.5 Ru~0XxmB15
e5212K03Q10C KC2011 09 05.97071 02 50 00.17 +13 28 59.8          16.5 Ru~0XxmB15
e5212K03Q10C KC2011 09 05.97213 02 50 00.88 +13 29 03.5          16.4 Ru~0XxmB15
e5212K03Q10C KC2011 09 05.97312 02 50 01.33 +13 29 06.1          16.4 Ru~0XxmB15
e5212K03Q10C  C2011 09 07.12242 02 59 49.75 +14 21 57.4          16.2 Rc~0Y64A24
e5212K03Q10C  C2011 09 07.12314 02 59 50.31 +14 22 00.3          16.6 Rc~0Y64A24
e5212K03Q10C KC2011 09 11.03153 03 45 27.57 +18 01 43.5          15.6 Ru~0Y64160
e5212K03Q10C KC2011 09 11.03460 03 45 30.24 +18 01 55.0          16.1 Ru~0Y64160
e5212K03Q10C KC2011 09 11.03797 03 45 33.20 +18 02 08.3          16.1 Ru~0Y64160
e5212K03Q10C KC2011 09 11.05458 03 45 47.81 +18 03 11.2          16.4 Rt~0Y64204
e5212K03Q10C KC2011 09 11.05674 03 45 49.70 +18 03 19.5                t~0Y64204
e5212K03Q10C KC2011 09 11.05889 03 45 51.59 +18 03 28.0                t~0Y64204
e5212K03Q10C KC2011 09 11.06105 03 45 53.50 +18 03 36.4                t~0Y64204
e5212K03Q10C KC2011 09 11.06320 03 45 55.38 +18 03 44.8                t~0Y64204
e5212K03Q10C  C2011 09 11.67172 03 55 21.49 +18 43 32.5          16.4 Ro~0aPU300
e5212K03Q10C  C2011 09 11.67249 03 55 22.23 +18 43 35.8          16.6 Ro~0aPU300
e5212K03Q10C  C2011 09 11.67441 03 55 24.07 +18 43 43.3          16.3 Ro~0aPU300
e5212K03Q10C  C2011 09 11.67520 03 55 24.82 +18 43 46.7          16.6 Ro~0aPU300
e5212K03Q10C  C2011 09 11.67560 03 55 25.20 +18 43 48.2          16.4 Ro~0aPU300
e5212K03Q10C  C2011 09 12.36174404 06 58.80 +19 29 46.5          16.2 Vo~0Y64H21
e5212K03Q10C  C2011 09 12.36497204 07 02.18 +19 29 59.8          16.3 Vo~0Y64H21
e5212K03Q10C  C2011 09 12.36800104 07 05.34 +19 30 12.3          16.3 Vo~0Y64H21
e5212K03Q10C  C2011 09 12.37101404 07 08.49 +19 30 24.6          16.3 Vo~0Y64H21
e5212K03Q10C  C2011 09 12.37404404 07 11.65 +19 30 37.1          16.2 Vo~0Y64H21
e5212K03Q10C  C2011 09 12.37656004 07 14.27 +19 30 47.3          16.2 Vo~0Y64H21
e5212K03Q10C  C2011 09 13.34721704 25 33.08 +20 36 55.8          16.6 Vo~0Y64H21
e5212K03Q10C  C2011 09 13.35001604 25 36.41 +20 37 07.3          16.3 Vo~0Y64H21
e5212K03Q10C  C2011 09 13.35276604 25 39.66 +20 37 18.8          16.5 Vo~0Y64H21
e5212K03Q10C  C2011 09 13.35551604 25 42.95 +20 37 30.1          16.5 Vo~0Y64H21
e5212K03Q10C  C2011 09 13.35826704 25 46.21 +20 37 41.3          16.5 Vo~0Y64H21
e5212K03Q10C  C2011 09 13.36083504 25 49.27 +20 37 52.0          16.4 Vo~0Y64H21
e5212K03Q10C  C2011 09 14.67280 04 54 30.58 +22 05 07.7          16.6 Vu~0Y64379
e5212K03Q10C  C2011 09 14.67650 04 54 35.78 +22 05 22.1                u~0Y64379
e5212K03Q10C  C2011 09 14.68473 04 54 47.37 +22 05 53.7                u~0Y64379
e5212K03Q10C  C2011 09 14.69869 04 55 07.00 +22 06 48.5                u~0Y64379
e5212K03Q10C  C2011 09 14.70370 04 55 14.07 +22 07 08.1                u~0Y64379
e5212K03Q10C  C2011 09 14.70523 04 55 16.24 +22 07 14.3                u~0Y64379
e5212K03Q10C  C2011 09 14.70676 04 55 18.37 +22 07 20.2                u~0Y64379
e5212K03Q10C |C2012 07 16.27178 20 01 47.44 -28 40 27.3          21.0 Vu~0hn8807
e5212K03Q10C |C2012 07 16.27985 20 01 46.38 -28 40 29.7          21.1 Vu~0hn8807
e5212K03Q10C |C2012 07 16.28792 20 01 45.32 -28 40 32.6          21.0 Vu~0hn8807
e5212K03Q10C  C2014 07 30.51837 22 15 10.312-17 29 25.70         20.6 wL~16aIF51
e5212K03Q10C  C2014 07 30.54088 22 15 08.013-17 29 39.40         20.8 wL~16aIF51
e5212K03Q10C  C2014 07 30.55209 22 15 06.865-17 29 46.26         20.7 wL~16aIF51
e5212K03Q10C  C2014 08 14.40665 21 45 15.750-20 11 31.46         19.9 iL~17KnF51
e5212K03Q10C  C2014 08 14.41851 21 45 14.037-20 11 39.21         20.0 iL~17KnF51
e5212K03Q10C  C2014 08 14.44225 21 45 10.651-20 11 54.83         19.7 iL~17KnF51
e5212K03Q10C  C2014 08 15.40917 21 42 54.891-20 22 27.78         20.0 iL~17T9F51
e5212K03Q10C  C2014 08 15.42107 21 42 53.167-20 22 35.64         20.2 iL~17T9F51
e5212K03Q10C  C2014 08 15.44486 21 42 49.724-20 22 51.05         20.1 iL~17T9F51
e5212K03Q10C  C2014 08 24.41409 21 20 45.612-21 53 58.86         20.1 wL~17jhF51
e5212K03Q10C  C2014 08 24.42468 21 20 43.977-21 54 04.58         20.1 wL~17jhF51
e5212K03Q10C  C2014 08 24.43530 21 20 42.331-21 54 10.48         20.0 wL~17jhF51
e5212K03Q10C  C2014 08 24.44585 21 20 40.693-21 54 16.29         20.0 wL~17jhF51
e5212K03Q10C  C2014 08 25.41100 21 18 14.759-22 03 02.67         20.1 wL~17jhF51
e5212K03Q10C  C2014 08 25.42157 21 18 13.119-22 03 08.31         20.2 wL~17jhF51
e5212K03Q10C  C2014 08 25.43215 21 18 11.478-22 03 13.98         20.0 wL~17jhF51
e5212K03Q10C  C2014 08 25.44274 21 18 09.832-22 03 19.60         20.0 wL~17jhF51
