O2216K03R10N* C2003 09 13.11356 15 56 51.19 +08 50 13.2          17.9 Roi4599699
O2216K03R10N  C2003 09 13.12352 15 56 53.53 +08 50 27.3                oi4599699
O2216K03R10N  C2003 09 13.13350 15 56 55.75 +08 50 41.1                oi4599699
O2216K03R10N  C2003 09 13.14348 15 56 58.00 +08 50 55.4                oi4599699
O2216K03R10N  C2003 09 13.73359 15 59 14.89 +09 04 34.0          18.2 Vdi4599A50
O2216K03R10N  C2003 09 13.73645 15 59 15.57 +09 04 37.6                di4599A50
O2216K03R10N  C2003 09 13.73788 15 59 15.79 +09 04 39.5                di4599A50
O2216K03R10N  C2003 09 13.73931 15 59 16.10 +09 04 41.3                di4599A50
O2216K03R10N  C2003 09 13.74889 15 59 18.37 +09 04 55.1                di4599A50
O2216K03R10N  C2003 09 13.75086 15 59 18.99 +09 04 59.2                di4599A50
O2216K03R10N  C2003 09 13.75229 15 59 19.38 +09 04 59.7          18.2 Vdi4599A50
O2216K03R10N  C2003 09 13.75372 15 59 19.52 +09 05 01.0          18.2 Vdi4599A50
O2216K03R10N  C2003 09 13.75800 15 59 20.39 +09 05 07.5                di4599A50
O2216K03R10N  C2003 09 13.75943 15 59 20.85 +09 05 10.7          18.0 Vdi4599A50
O2216K03R10N  C2003 09 13.76086 15 59 21.19 +09 05 11.7                di4599A50
O2216K03R10N  C2003 09 13.76229 15 59 21.50 +09 05 14.0                di4599A50
O2216K03R10N  C2003 09 13.76372 15 59 21.91 +09 05 16.7          18.2 Vdi4599A50
O2216K03R10N  C2003 09 13.81810 15 59 34.44 +09 06 29.9          17.8 Rri4599J95
O2216K03R10N  C2003 09 13.81852 15 59 34.49 +09 06 32.5          17.9 Rci4600J87
O2216K03R10N  C2003 09 13.81967 15 59 34.80 +09 06 34.1          17.0 Rci4600J87
O2216K03R10N  C2003 09 13.82082 15 59 35.05 +09 06 36.0          17.4 Rci4600J87
O2216K03R10N  C2003 09 13.82198 15 59 35.30 +09 06 37.0          17.3 Rci4600J87
O2216K03R10N  C2003 09 13.82297 15 59 35.51 +09 06 36.8          18.3 Rri4600J95
O2216K03R10N  C2003 09 13.82313 15 59 35.58 +09 06 38.7          17.4 Rci4600J87
O2216K03R10N  C2003 09 13.82786 15 59 36.69 +09 06 43.8          18.4 Rri4600J95
O2216K03R10N  C2003 09 13.83678 15 59 38.60 +09 06 56.9          17.2 Rri4600938
O2216K03R10N  C2003 09 13.84484 15 59 40.43 +09 07 08.1          17.7 Vri4600198
O2216K03R10N  C2003 09 13.84616 15 59 40.80 +09 07 09.8          17.1 Rri4600938
O2216K03R10N  C2003 09 13.84699 15 59 40.98 +09 07 11.2          17.7 Vri4600198
O2216K03R10N  C2003 09 13.84842 15 59 41.31 +09 07 13.1          17.7 Vri4600198
O2216K03R10N  C2003 09 13.85390 15 59 42.63 +09 07 21.1          17.7 Vri4600198
O2216K03R10N  C2003 09 13.85626 15 59 43.15 +09 07 23.4          18.1 Rri4600938
O2216K03R10N  C2003 09 14.13301 16 00 47.05 +09 13 46.1          18.7 Rci4600854
O2216K03R10N  C2003 09 14.13846 16 00 48.11 +09 13 52.2          18.5 Rci4600854
O2216K03R10N  C2003 09 14.14436 16 00 49.70 +09 14 01.4          18.3 Rci4600854
O2216K03R10N  C2003 09 14.14547 16 00 49.91 +09 14 02.1          18.3 Rci4600854
O2216K03R10N  C2003 09 14.16306 16 00 53.92 +09 14 27.0          17.7 Rci4600854
O2216K03R10N  C2003 09 14.16416 16 00 54.26 +09 14 28.3          17.5 Rci4600854
O2216K03R10N  C2003 09 14.16527 16 00 54.50 +09 14 29.1          17.9 Rci4600854
O2216K03R10N 1C2003 09 14.43035 16 01 55.56 +09 20 42.2          18.0 Rri4600413
O2216K03R10N 1C2003 09 14.43219 16 01 56.02 +09 20 44.8          18.4 Rri4600413
O2216K03R10N 1C2003 09 14.43404 16 01 56.40 +09 20 47.3          18.2 Rri4600413
O2216K03R10N  C2003 09 14.77337 16 03 14.75 +09 28 18.6                di4600118
O2216K03R10N  C2003 09 14.77576 16 03 15.26 +09 28 22.0                di4600118
O2216K03R10N  C2003 09 14.77867 16 03 15.90 +09 28 24.8          17.5 Rdi4600118
O2216K03R10N  C2003 09 14.82858 16 03 27.33 +09 29 32.8          18.3 Rri4600938
O2216K03R10N  C2003 09 14.83627 16 03 29.10 +09 29 43.3          18.8 Rri4600938
O2216K03R10N  C2003 09 14.84405 16 03 30.86 +09 29 54.0          17.6 Rri4600938
O2216K03R10N  C2003 09 14.85582 16 03 33.59 +09 30 10.1          18.2 Rri4600938
O2216K03R10N  C2003 09 14.86082 16 03 34.65 +09 30 18.0          17.5 Rri4600938
O2216K03R10N  C2003 09 15.09911 16 04 29.50 +09 35 40.2          17.8 Rri4600448
O2216K03R10N  C2003 09 15.10552 16 04 30.94 +09 35 48.6          18.0 Rri4600448
O2216K03R10N  C2003 09 15.11992 16 04 34.25 +09 36 08.2          18.5 Rri4600448
O2216K03R10N  C2003 09 15.82292 16 07 15.47 +09 51 47.1          17.7 Rri4600J95
O2216K03R10N  C2003 09 15.82726 16 07 16.47 +09 51 52.7          18.2 Rri4600J95
O2216K03R10N  C2003 09 15.83162 16 07 17.43 +09 51 58.2          17.7 Rri4600J95
O2216K03R10N  C2003 09 16.78806 16 10 55.76 +10 12 59.0          17.8 Rci4600113
O2216K03R10N  C2003 09 16.79014 16 10 56.25 +10 13 01.5          17.6 Rci4600113
O2216K03R10N  C2003 09 16.79299 16 10 56.91 +10 13 05.2          17.4 Rci4600113
O2216K03R10N  C2003 09 16.79443 16 10 57.23 +10 13 07.5          17.3 Rci4600113
O2216K03R10N  C2003 09 16.79588 16 10 57.54 +10 13 08.6          17.7 Rci4600113
O2216K03R10N  C2003 09 16.86007 16 11 11.97 +10 14 33.7          17.0 Rri4600176
O2216K03R10N  C2003 09 16.86215 16 11 12.45 +10 14 36.4          17.4 Rri4600176
O2216K03R10N  C2003 09 16.86574 16 11 13.29 +10 14 41.0          17.0 Rri4600176
O2216K03R10N 1C2003 09 17.39358 16 13 13.361+10 26 16.54         17.9 Rri4600413
O2216K03R10N 1C2003 09 17.39496 16 13 13.677+10 26 18.24         17.8 Rri4600413
O2216K03R10N 1C2003 09 17.39635 16 13 13.981+10 26 20.10         17.9 Rri4600413
O2216K03R10N 1C2003 09 17.42887 16 13 21.311+10 27 01.84         18.4 Rri4600413
O2216K03R10N 1C2003 09 17.43049 16 13 21.670+10 27 03.95         18.5 Rri4600413
O2216K03R10N 1C2003 09 17.43211 16 13 22.040+10 27 05.98         18.4 Rri4600413
O2216K03R10N  C2003 09 17.76646816 14 38.02 +10 34 03.2                oj7818084
O2216K03R10N  C2003 09 17.77008 16 14 38.83 +10 34 09.6          17.3 Rdi4600118
O2216K03R10N  C2003 09 17.77414 16 14 39.76 +10 34 15.4                di4600118
O2216K03R10N  C2003 09 17.77862 16 14 40.81 +10 34 21.1                di4600118
O2216K03R10N  C2003 09 17.85075 16 14 57.10 +10 35 52.1          17.8 Rri4600J95
O2216K03R10N  C2003 09 17.85361 16 14 57.74 +10 35 55.5          18.3 Rri4600J95
O2216K03R10N  C2003 09 18.14020 16 16 02.51 +10 42 02.8          17.9 Rri4600649
O2216K03R10N  C2003 09 18.14258 16 16 03.04 +10 42 05.7          17.9 Rri4600649
O2216K03R10N  C2003 09 18.14495 16 16 03.58 +10 42 08.6          17.9 Rri4600649
O2216K03R10N 1C2003 09 18.41370216 17 04.392+10 48 00.10         18.1 Rri4600413
O2216K03R10N 1C2003 09 18.41532816 17 04.743+10 48 02.02         18.1 Rri4600413
O2216K03R10N 1C2003 09 18.41694316 17 05.110+10 48 04.01         18.1 Rri4600413
O2216K03R10N  C2003 09 18.76086 16 18 22.94 +10 55 06.1                ci4600246
O2216K03R10N  C2003 09 18.76135 16 18 23.05 +10 55 07.0                ci4600246
O2216K03R10N  C2003 09 18.76196 16 18 23.17 +10 55 07.7                ci4600246
O2216K03R10N  C2003 09 18.76243 16 18 23.27 +10 55 08.6                ci4600246
O2216K03R10N  C2003 09 18.76398 16 18 23.61 +10 55 10.7                ci4600246
O2216K03R10N  C2003 09 18.76458 16 18 23.75 +10 55 11.0                ci4600246
O2216K03R10N  C2003 09 18.80315 16 18 32.38 +10 56 00.5          17.7 Rci4600215
O2216K03R10N  C2003 09 18.80982 16 18 33.90 +10 56 08.7                cj8802204
O2216K03R10N  C2003 09 18.81682 16 18 35.50 +10 56 17.3          17.5 Rcj8802204
O2216K03R10N  C2003 09 19.76679 16 22 09.38 +11 15 59.3          18.0 Rci4600587
O2216K03R10N  C2003 09 19.76791 16 22 09.63 +11 16 01.1                ci4600587
O2216K03R10N  C2003 09 19.76900 16 22 09.87 +11 16 01.1                ci4600587
O2216K03R10N  C2003 09 19.77010 16 22 10.13 +11 16 03.7                ci4600587
O2216K03R10N  C2003 09 19.82963 16 22 23.30 +11 17 16.3          17.2 Rri5310176
O2216K03R10N  C2003 09 19.83171 16 22 23.80 +11 17 19.0          17.4 Rri5310176
O2216K03R10N  C2003 09 19.83368 16 22 24.27 +11 17 21.5          17.4 Rri5310176
O2216K03R10N  C2003 09 19.83762 16 22 25.21 +11 17 26.6          17.3 Rri5310176
O2216K03R10N bC2003 09 20.39444 16 24 30.07 +11 28 57.7          17.5 Rri5310422
O2216K03R10N bC2003 09 20.39615 16 24 30.42 +11 29 00.0          17.5 Rri5310422
O2216K03R10N bC2003 09 20.39698 16 24 30.68 +11 29 01.0          17.5 Rri5310422
O2216K03R10N bC2003 09 20.40027 16 24 31.37 +11 29 05.1          17.5 Rri5310422
O2216K03R10N bC2003 09 20.80608 16 26 02.41 +11 37 06.7          17.8 Rdi5310118
O2216K03R10N bC2003 09 20.81362 16 26 03.90 +11 37 15.2                di5310118
O2216K03R10N bC2003 09 20.81512 16 26 04.18 +11 37 16.2                di5310118
O2216K03R10N  C2003 09 22.83027 16 33 33.15 +12 16 58.0          18.2 Rri5310J95
O2216K03R10N  C2003 09 22.83466 16 33 34.13 +12 17 02.9          17.8 Rri5310J95
O2216K03R10N  C2003 09 22.83929 16 33 35.15 +12 17 07.8          18.0 Rri5310J95
O2216K03R10N  C2003 09 24.74136616 40 35.70 +12 53 06.6                oj7818084
O2216K03R10N  C2003 09 25.78519 16 44 25.27 +13 12 18.1          17.8 Rci5310587
O2216K03R10N  C2003 09 25.78700 16 44 25.69 +13 12 19.9          17.8 Rci5310587
O2216K03R10N  C2003 09 25.78881 16 44 26.05 +13 12 21.7          17.7 Rci5310587
O2216K03R10N  C2003 09 30.81105 17 02 40.26 +14 38 50.8          17.5 Rci6262054
O2216K03R10N  C2003 09 30.81197 17 02 40.48 +14 38 52.1          17.7 Rci6262054
O2216K03R10N  C2003 09 30.81291 17 02 40.66 +14 38 54.1          17.0 Rci6262054
O2216K03R10N  C2003 10 02.08224 17 07 14.73 +14 59 22.4          18.0 Rri6262448
O2216K03R10N  C2003 10 02.09194 17 07 16.80 +14 59 31.6          18.1 Rri6262448
O2216K03R10N  C2003 10 02.10158 17 07 18.87 +14 59 40.8          18.2 Rri6262448
O2216K03R10N  C2003 10 04.81120 17 17 01.09 +15 41 27.9          18.3 Rri6974938
O2216K03R10N  C2003 10 04.82125 17 17 03.32 +15 41 37.4          18.3 Rri6974938
O2216K03R10N  C2003 10 07.80290 17 27 39.76 +16 24 51.9          17.7 Rri6974938
O2216K03R10N  C2003 10 07.81104 17 27 41.47 +16 24 58.1          17.6 Rri6974938
O2216K03R10N  C2003 10 07.82523 17 27 44.58 +16 25 09.6          17.4 Rri6974938
O2216K03R10N  C2003 10 07.83337 17 27 46.24 +16 25 16.3          17.5 Rri6974938
O2216K03R10N  C2003 10 07.84785 17 27 49.17 +16 25 28.7          17.9 Rri6974938
O2216K03R10N  C2003 10 07.85600 17 27 51.05 +16 25 35.2          17.7 Rri6974938
O2216K03R10N  C2003 10 08.87231 17 31 27.06 +16 39 39.3          17.6 Rri6974938
O2216K03R10N  C2003 10 13.76199 17 48 41.50 +17 43 09.6          18.7 Vri7323240
O2216K03R10N  C2003 10 13.76419 17 48 41.98 +17 43 11.2          18.6 Vri7323240
O2216K03R10N  C2003 10 13.76639 17 48 42.47 +17 43 12.6          19.0 Vri7323240
O2216K03R10N  C2003 10 13.77388 17 48 44.00 +17 43 17.9          18.1 Vri7323240
O2216K03R10N  C2003 10 13.77612 17 48 44.46 +17 43 19.5          18.2 Vri7323240
O2216K03R10N  C2003 10 14.86273 17 52 33.21 +17 56 30.0          18.4 Rri7323A21
O2216K03R10N  C2003 10 15.89980 17 56 11.17 +18 08 46.4          18.3 Rri7323A21
O2216K03R10N  C2003 10 15.91164 17 56 13.71 +18 08 54.8          18.3 Rri7323A21
O2216K03R10N  C2003 10 22.07902 18 17 45.04 +19 16 23.9          18.4  ci8089704
O2216K03R10N  C2003 10 22.09077 18 17 47.60 +19 16 31.2          19.3  ci8089704
O2216K03R10N  C2003 10 22.10266 18 17 49.93 +19 16 38.4          18.9  ci8089704
O2216K03R10N  C2003 10 22.11456 18 17 52.42 +19 16 42.8          19.8  ci8089704
O2216K03R10N  C2003 10 22.12622 18 17 54.78 +19 16 52.1          18.8  ci8089704
O2216K03R10N  C2003 11 02.07179 18 55 46.80 +20 56 08.8          17.4  ci9434704
O2216K03R10N  C2003 11 02.08360 18 55 49.25 +20 56 14.6          18.0  ci9434704
O2216K03R10N  C2003 11 02.09551 18 55 51.69 +20 56 20.2          18.2  ci9434704
O2216K03R10N  C2003 11 02.10739 18 55 54.14 +20 56 25.7          18.2  ci9434704
O2216K03R10N  C2003 11 19.05977 19 53 29.92 +22 52 36.3          18.9 Rrj0981448
O2216K03R10N  C2003 11 19.10427 19 53 38.79 +22 52 51.8          18.5 Rrj0982448
O2216K03R10N  C2003 11 19.11175 19 53 40.27 +22 52 55.2          18.4 Rrj0982448
O2216K03R10N  C2003 12 11.10127 21 05 18.49 +24 44 23.6          19.3 Rrj3405448
O2216K03R10N  C2003 12 11.11094 21 05 20.30 +24 44 26.4          19.1 Rrj3405448
O2216K03R10N  C2003 12 11.12271 21 05 22.49 +24 44 29.7          19.1 Rrj3405448
O2216K03R10N  C2003 12 18.07943 21 27 01.43 +25 15 21.3          18.6  cj3707704
O2216K03R10N  C2003 12 18.09283 21 27 03.88 +25 15 24.8          19.0  cj3707704
O2216K03R10N  C2003 12 18.11957 21 27 08.79 +25 15 31.4          19.2  cj3707704
O2216K03R10N "C2004 09 15.58521 06 07 39.74 +35 13 26.4          21.1 Rol6622568
O2216K03R10N "C2004 09 15.59163 06 07 39.98 +35 13 26.1          21.1 Rol6622568
O2216K03R10N 7C2004 10 07.39448 06 14 16.89 +34 43 00.7                ol6622696
O2216K03R10N 7C2004 10 07.44112 06 14 16.94 +34 42 56.5                ol6622696
O2216K03R10N 7C2004 10 07.48192 06 14 16.95 +34 42 52.9                ol6622696
O2216K03R10N 5C2004 10 08.45903 06 14 17.71 +34 41 22.9          21.5 Rcl6622673
O2216K03R10N 5C2004 10 08.47512 06 14 17.69 +34 41 21.3                cl6622673
O2216K03R10N 5C2004 10 08.48715 06 14 17.67 +34 41 20.4                cl6622673
O2216K03R10N 5C2004 10 08.52373 06 14 17.62 +34 41 17.1                cl6622673
O2216K03R10N 7C2004 10 09.32360 06 14 17.05 +34 40 02.2                ol6622696
O2216K03R10N 7C2004 10 09.38103 06 14 16.96 +34 39 56.7                ol6622696
O2216K03R10N 5C2004 10 11.38206 06 14 10.45 +34 36 46.7          21.5 Rcl6622673
O2216K03R10N 5C2004 10 11.40208 06 14 10.33 +34 36 44.8                cl6622673
O2216K03R10N 5C2004 10 11.42326 06 14 10.20 +34 36 42.9                cl6622673
O2216K03R10N 5C2004 10 11.44468 06 14 10.06 +34 36 40.9                cl6622673
O2216K03R10N  C2004 12 11.22280 05 19 51.25 +30 43 29.6          20.3 Rrm1736734
O2216K03R10N  C2004 12 11.22565 05 19 50.91 +30 43 28.4          19.7 Rrm1736734
O2216K03R10N  C2004 12 11.22850 05 19 50.83 +30 43 27.5          19.6 Rrm1736734
O2216K03R10N HC2005 10 10.48948 08 13 33.12 +04 50 47.1                do3932291
O2216K03R10N HC2005 10 10.49342 08 13 33.39 +04 50 45.5                do3932291
O2216K03R10N HC2005 10 10.49719 08 13 33.42 +04 50 41.5                do3932291
O2216K03R10N  C2005 11 25.44693 08 24 14.97 -03 59 20.0          20.8 Vdp0703291
O2216K03R10N  C2005 11 25.45247 08 24 14.87 -03 59 24.2          21.1 Vdp0703291
O2216K03R10N HC2005 11 25.45880 08 24 14.72 -03 59 28.5                dp0703291
O2216K03R10N  C2005 12 25.55730 08 04 33.15 -09 49 59.7          21.5 Rrp6560E17
O2216K03R10N  C2005 12 25.56158 08 04 32.92 -09 50 02.4          20.6 Rrp6560E17
O2216K03R10N  C2005 12 25.56372 08 04 32.77 -09 50 03.8          21.3 Rrp6560E17
O2216K03R10N  C2007 09 28.33725105 17 50.19 +47 46 07.0          20.9 Vov8076H55
O2216K03R10N  C2007 09 28.35852805 17 50.05 +47 46 10.3          21.2 Vov8076H55
O2216K03R10N  C2007 09 28.37968905 17 49.98 +47 46 12.7          20.9 Vov8076H55
O2216K03R10N  C2007 12 25.20311003 33 05.68 +38 21 57.5          20.7 Vox1757H55
O2216K03R10N  C2007 12 25.21477403 33 05.10 +38 21 48.9          20.7 Vox1757H55
O2216K03R10N  C2010 03 03.86778 19 30 57.06 -42 16 59.7          17.6 Rc~0EkLD21
O2216K03R10N  C2010 03 03.87030 19 30 57.72 -42 16 55.0          17.8 Rc~0EkLD21
O2216K03R10N  C2010 03 03.87284 19 30 58.42 -42 16 49.2          17.5 Rc~0EkLD21
O2216K03R10N KC2010 06 01.08416 00 01 21.37 +32 58 47.2          17.8 Cu~0HyW160
O2216K03R10N KC2010 06 01.08684 00 01 21.82 +32 58 52.0          18.7 Cu~0HyW160
O2216K03R10N  C2010 06 01.41976 00 02 13.84 +33 12 14.5          18.2 Vr~0HyW703
O2216K03R10N  C2010 06 01.42441 00 02 14.60 +33 12 25.8          18.2 Vr~0HyW703
O2216K03R10N  C2010 06 01.42903 00 02 15.28 +33 12 36.3          18.6 Vr~0HyW703
O2216K03R10N KC2010 06 05.01578 00 11 35.18 +35 32 33.8          17.5 Cv~0Ihj204
O2216K03R10N KC2010 06 05.02092 00 11 36.00 +35 32 45.6                v~0Ihj204
