     K03E16G* C2003 03 08.38657 13 45 46.58 +23 24 03.6          18.6  ch4441704
     K03E16G  C2003 03 08.39968 13 45 50.63 +23 25 13.6          18.8  ch4441704
     K03E16G  C2003 03 08.41312 13 45 54.77 +23 26 26.6          18.3  ch4441704
     K03E16G  C2003 03 08.42622 13 45 58.84 +23 27 36.9          18.0  ch4441704
     K03E16G  C2003 03 09.16492 13 50 02.00 +24 35 01.1          17.7 Rch4441620
     K03E16G  C2003 03 09.17315 13 50 04.79 +24 35 46.9                dh4441170
     K03E16G  C2003 03 09.17372 13 50 04.90 +24 35 49.9          17.8 Rch4441620
     K03E16G  C2003 03 09.17402 13 50 05.13 +24 35 51.5                dh4441170
     K03E16G  C2003 03 09.17748 13 50 06.22 +24 36 10.6          17.5 Rdh4441170
     K03E16G  C2003 03 09.17996 13 50 06.96 +24 36 24.6          17.9 Rch4441620
     K03E16G  C2003 03 09.18281 13 50 07.84 +24 36 39.0          17.6 Rdh4441170
     K03E16G  C2003 03 09.18588 13 50 08.88 +24 36 56.1          17.5 Rdh4441170
     K03E16G  C2003 03 09.27995 13 50 43.15 +24 45 44.4          18.2 Rch4441651
     K03E16G  C2003 03 09.28152 13 50 43.65 +24 45 50.1          18.3 Rch4441651
     K03E16G  C2003 03 09.28380 13 50 44.40 +24 46 06.4          18.0 Rch4441651
     K03E16G  C2003 03 09.28739 13 50 45.62 +24 46 26.7          17.9 Rch4441651
     K03E16G  C2003 03 09.32439 13 50 57.81 +24 49 54.9          17.4 Rch4441858
     K03E16G  C2003 03 09.32642 13 50 58.48 +24 50 06.0          17.6 Rch4441858
     K03E16G  C2003 03 09.32846 13 50 59.13 +24 50 17.6          17.7 Rch4441858
     K03E16G  C2003 03 09.33048 13 50 59.83 +24 50 29.8          17.7 Rch4441858
     K03E16G  C2003 03 09.37161 13 51 13.52 +24 54 21.8          19.1  ch4441704
     K03E16G  C2003 03 09.38479 13 51 17.93 +24 55 36.0          19.3  ch4441704
     K03E16G  C2003 03 09.39797 13 51 22.30 +24 56 50.6          19.6  ch4441704
     K03E16G  C2003 03 09.41204 13 51 26.95 +24 58 08.9          19.1  ch4441704
     K03E16G  C2003 03 09.42522 13 51 31.38 +24 59 24.0          19.1  ch4441704
     K03E16G  C2003 03 09.43075 13 51 33.11 +24 59 57.4          18.1 Rch4441711
     K03E16G  C2003 03 09.43412 13 51 34.21 +25 00 15.8          17.9 Rch4441711
     K03E16G  C2003 03 09.43748 13 51 35.32 +25 00 34.8          17.7 Rch4441711
     K03E16G  C2003 03 09.46329 13 51 44.04 +25 02 59.5          17.8 Rch4441448
     K03E16G  C2003 03 09.46697 13 51 45.29 +25 03 20.3          18.1 Rch4441448
     K03E16G  C2003 03 09.47070 13 51 46.53 +25 03 40.8          17.9 Rch4441448
     K03E16G  C2003 03 10.36959 13 57 08.75 +26 30 01.3          18.3  ch4441704
     K03E16G  C2003 03 10.38322 13 57 13.64 +26 31 22.2          18.5  ch4441704
     K03E16G  C2003 03 10.39687 13 57 18.49 +26 32 42.4          18.7  ch4441704
     K03E16G  C2003 03 10.41098 13 57 23.60 +26 34 05.2          19.0  ch4441704
     K03E16G  C2003 03 10.42518 13 57 28.69 +26 35 28.7          19.2  ch4441704
     K03E16G  C2003 03 11.37350 14 03 33.09 +28 10 24.9          17.5  ch4441704
     K03E16G  C2003 03 11.38700 14 03 38.29 +28 11 47.9          17.9  ch4441704
     K03E16G  C2003 03 11.39538 14 03 41.95 +28 12 38.5                ch4441670
     K03E16G  C2003 03 11.40043 14 03 43.50 +28 13 09.9          18.1  ch4441704
     K03E16G  C2003 03 11.41417 14 03 48.81 +28 14 34.5          18.6  ch4441704
     K03E16G  C2003 03 11.42770 14 03 54.04 +28 15 56.6          18.5  ch4441704
     K03E16G  C2003 03 11.50096 14 04 22.83 +28 23 26.7                ch4441670
     K03E16G  C2003 03 11.53831 14 04 37.41 +28 27 15.3                ch4441670
     K03E16G  C2003 03 11.94854 14 07 27.68 +29 09 33.9          17.1 Rdh4441620
     K03E16G  C2003 03 11.95243 14 07 29.30 +29 09 58.8          17.1 Rdh4441620
     K03E16G  C2003 03 11.95633 14 07 30.92 +29 10 23.5          17.3 Rdh4441620
     K03E16G WC2003 03 12.47358 14 11 08.29 +30 04 56.9                ch4441670
     K03E16G  C2003 03 12.53218 14 11 32.92 +30 11 08.0                ch4441670
     K03E16G  C2003 03 12.96708 14 14 47.22 +30 57 36.8                ch4441587
     K03E16G  C2003 03 12.97063 14 14 48.84 +30 58 00.2          17.7 Rch4441587
     K03E16G 1C2003 03 13.68900 14 20 20.11 +32 17 02.8                mh4441413
     K03E16G  C2003 03 14.17548 14 24 15.08 +33 10 28.4          18.0 Roh4441620
     K03E16G  C2003 03 14.18035 14 24 17.49 +33 11 01.4          17.9 Roh4441620
     K03E16G  C2003 03 14.18522 14 24 19.83 +33 11 34.2          18.1 Roh4441620
     K03E16G  C2003 03 16.99031 14 50 24.86 +38 33 07.8          18.1 Roh6214J95
     K03E16G  C2003 03 16.99512 14 50 27.84 +38 33 41.1          18.1 Roh6214J95
     K03E16G  C2003 03 19.01833 15 13 26.52 +42 28 55.8                 h6214941
     K03E16G  C2003 03 19.02012 15 13 27.77 +42 29 07.9                 h6214941
     K03E16G  C2003 03 19.02137 15 13 28.67 +42 29 16.9                 h6214941
     K03E16G  C2003 03 20.04578 15 26 40.31 +44 25 39.1          17.7 R h6214941
     K03E16G  C2003 03 20.04605 15 26 40.50 +44 25 41.0          17.7 R h6214941
     K03E16G  C2003 03 20.04713 15 26 41.29 +44 25 48.2          17.7 R h6214941
     K03E16G  C2003 03 20.04821 15 26 42.09 +44 25 55.3          17.7 R h6214941
     K03E16G  C2003 03 21.06550 15 40 56.01 +46 17 34.9          17.9 R h6214941
     K03E16G  C2003 03 21.06583 15 40 56.31 +46 17 37.1          17.8 R h6214941
     K03E16G  C2003 03 21.06653 15 40 56.89 +46 17 41.3          17.8 R h6214941
     K03E16G  C2003 03 21.06690 15 40 57.21 +46 17 44.1          17.8 R h6214941
     K03E16G  C2003 03 21.06727 15 40 57.57 +46 17 46.5          17.8 R h6214941
     K03E16G  C2003 03 21.06765 15 40 57.90 +46 17 49.1          17.9 R h6214941
     K03E16G  C2003 03 21.07022 15 41 00.07 +46 18 06.1          17.8 R h6214941
     K03E16G  C2003 03 21.07094 15 41 00.71 +46 18 10.5          17.8 R h6214941
     K03E16G  C2003 03 21.07229 15 41 01.93 +46 18 19.5          17.8 R h6214941
     K03E16G  C2003 03 21.07325 15 41 02.71 +46 18 25.8          17.9 R h6214941
     K03E16G  C2003 03 22.04822 15 55 47.43 +48 00 06.1          17.9 R h6214941
     K03E16G  C2003 03 22.04985 15 55 48.99 +48 00 15.6          18.0 R h6214941
     K03E16G  C2003 03 22.05066 15 55 49.80 +48 00 21.1          18.0 R h6214941
     K03E16G  C2003 03 22.05120 15 55 50.30 +48 00 24.4          17.9 R h6214941
     K03E16G  C2003 03 22.05201 15 55 51.05 +48 00 29.5          17.9 R h6214941
     K03E16G  C2003 03 22.05228 15 55 51.36 +48 00 31.6          18.0 R h6214941
     K03E16G  C2003 03 22.37871 16 01 01.78 +48 33 15.1          19.6 Rch6214448
     K03E16G  C2003 03 22.38285 16 01 05.75 +48 33 41.0          18.9 Rch6214448
     K03E16G  C2003 03 22.38865 16 01 11.10 +48 34 16.6          19.1 Rch6214448
     K03E16G 5C2003 03 22.46286 16 02 21.95 +48 41 34.6          18.0 Rch6214673
     K03E16G 5C2003 03 22.46389 16 02 22.96 +48 41 40.7                ch6214673
     K03E16G 5C2003 03 22.46493 16 02 23.93 +48 41 46.8                ch6214673
     K03E16G 5C2003 03 22.46574 16 02 24.74 +48 41 51.3                ch6214673
     K03E16G 5C2003 03 22.46655 16 02 25.53 +48 41 56.1                ch6214673
     K03E16G 5C2003 03 22.47083 16 02 29.56 +48 42 21.9                ch6214673
     K03E16G  C2003 03 23.05863 16 12 11.45 +49 38 20.9          18.3 Rch6214113
     K03E16G  C2003 03 23.05965 16 12 12.46 +49 38 26.8          18.5 Rch6214113
     K03E16G  C2003 03 23.06067 16 12 13.47 +49 38 32.6          18.4 Rch6214113
     K03E16G  C2003 03 23.06170 16 12 14.49 +49 38 38.2          18.4 Rch6214113
     K03E16G  C2003 03 23.06272 16 12 15.53 +49 38 44.2          18.4 Rch6214113
     K03E16G  C2003 03 23.28734 16 16 05.18 +49 59 26.1          18.1 Rch6214649
     K03E16G  C2003 03 23.28891 16 16 06.75 +49 59 34.8          18.2 Rch6214649
     K03E16G  C2003 03 23.29047 16 16 08.38 +49 59 43.3          18.4 Rch6214649
     K03E16G  C2003 03 26.06519 17 07 16.68 +53 31 42.5          18.8 Rdh6214J95
     K03E16G  C2003 03 26.07008 17 07 22.40 +53 31 59.8          18.4 Rdh6214J95
     K03E16G  C2003 03 29.16876 18 10 02.10 +55 34 44.2          18.4 Rdh6214941
     K03E16G  C2003 03 29.16920 18 10 02.61 +55 34 44.9          18.4 Rdh6214941
     K03E16G  C2003 03 29.16965 18 10 03.14 +55 34 45.4          18.4 Rdh6214941
     K03E16G  C2003 03 29.17009 18 10 03.69 +55 34 46.1          18.4 Rdh6214941
     K03E16G  C2003 03 29.17054 18 10 04.23 +55 34 46.7          18.4 Rdh6214941
     K03E16G  C2003 03 29.17099 18 10 04.79 +55 34 47.1          18.4 Rdh6214941
     K03E16G  C2003 09 27.44054 03 00 16.51 -12 30 25.7          22.3 Vdi6228291
     K03E16G  C2003 09 27.44805 03 00 15.89 -12 30 33.7          22.1 Vdi6228291
     K03E16G  C2003 09 27.45652 03 00 15.22 -12 30 43.6          21.8 Vdi6228291
     K03E16G ^C2014 01 03.35772 09 47 56.01 +01 28 10.2          22.9 Ro~0zCf695
     K03E16G ^C2014 01 03.36171 09 47 55.93 +01 28 10.7          22.4 Ro~0zCf695
     K03E16G ^C2014 01 03.36565 09 47 55.81 +01 28 11.4          22.7 Ro~0zCf695
     K03E16G ^C2014 01 03.36977 09 47 55.72 +01 28 12.0          22.7 Ro~0zCf695
     K03E16G ^C2014 01 03.37372 09 47 55.62 +01 28 12.6          22.1 Ro~0zCf695
     K03E16G ^C2014 01 03.37766 09 47 55.54 +01 28 13.1          22.7 Ro~0zCf695
     K03E16G ^C2014 01 30.38858 09 25 31.95 +04 40 56.6          21.2 Ro~10gR695
     K03E16G ^C2014 01 30.39186 09 25 31.68 +04 40 58.8          21.8 Ro~10gR695
     K03E16G ^C2014 01 30.39513 09 25 31.39 +04 41 01.4          21.5 Ro~10gR695
     K03E16G |C2014 02 04.25489 09 18 36.04 +05 47 06.4          21.1 Vu~10US807
     K03E16G |C2014 02 04.26418 09 18 35.17 +05 47 14.6          21.5 Vu~10US807
     K03E16G |C2014 02 04.27350 09 18 34.31 +05 47 22.5          21.6 Vu~10US807
     K03E16G |C2014 02 05.17106 09 17 12.85 +06 00 38.1          21.1 Vu~10US807
     K03E16G |C2014 02 05.17731 09 17 12.29 +06 00 43.7          20.9 Vu~10US807
     K03E16G  C2014 08 23.59089 02 40 55.665-00 37 07.11         18.6 wL~17jhF51
     K03E16G  C2014 08 23.60088 02 40 49.951-00 39 01.40         18.5 wL~17jhF51
     K03E16G  C2014 08 23.61090 02 40 44.236-00 40 55.60         18.4 wL~17jhF51
     K03E16G KC2014 08 25.11350 02 27 50.72 -05 09 04.5          17.8 Rq~17jh160
     K03E16G KC2014 08 25.11547 02 27 49.71 -05 09 23.9          18.2 Rq~17jh160
     K03E16G KC2014 08 25.11744 02 27 48.70 -05 09 43.7          18.1 Rq~17jh160
     K03E16G  C2014 08 31.50694 01 45 52.033-18 20 05.68         18.0 wL~18AeF51
     K03E16G  C2014 08 31.51785 01 45 48.339-18 21 04.11         17.9 wL~18AeF51
     K03E16G  C2014 08 31.52870 01 45 44.675-18 22 01.95         18.0 wL~18AeF51
     K03E16G  C2014 08 31.53961 01 45 41.006-18 22 59.75         18.1 wL~18AeF51
     K03E16G KC2014 09 03.10877 01 32 58.40 -21 43 26.9                t~19wz204
     K03E16G KC2014 09 03.11233 01 32 57.37 -21 43 41.3                t~19wz204
     K03E16G KC2014 09 03.11568 01 32 56.42 -21 43 55.0          17.5 Rt~19wz204
     K03E16G  C2014 09 16.40721 00 47 55.521-30 13 15.55         18.3 iL~18cLF51
     K03E16G  C2014 09 16.41696 00 47 53.967-30 13 26.48         18.1 iL~18cLF51
     K03E16G  C2014 09 16.42667 00 47 52.417-30 13 37.27         18.1 iL~18cLF51
     K03E16G  C2014 09 16.43639 00 47 50.872-30 13 48.03         18.2 iL~18cLF51
