I4266K04V14W* C2004 11 03.35129 04 32 17.50 +12 21 12.9          19.1 Rol9356699
I4266K04V14W  C2004 11 03.36836 04 32 17.82 +12 21 07.1                ol9356699
I4266K04V14W  C2004 11 03.38546 04 32 18.06 +12 21 02.9                ol9356699
I4266K04V14W  C2004 11 03.40253 04 32 18.46 +12 20 56.0                ol9356699
I4266K04V14W  C2004 11 04.07793 04 32 35.76 +12 17 05.1          19.1 Vcl9356A50
I4266K04V14W  C2004 11 04.08147 04 32 35.77 +12 17 05.1          19.2 Vcl9356A50
I4266K04V14W  C2004 11 04.08502 04 32 35.93 +12 17 03.5          19.9 Vcl9356A50
I4266K04V14W  C2004 11 04.08856 04 32 35.98 +12 17 02.6          19.7 Vcl9356A50
I4266K04V14W  C2004 11 04.39341 04 32 43.97 +12 15 24.4          17.9 Rdl9356703
I4266K04V14W  C2004 11 04.40469 04 32 44.15 +12 15 19.9          18.3 Rdl9356703
I4266K04V14W  C2004 11 04.41596 04 32 44.31 +12 15 15.6          18.8 Rdl9356703
I4266K04V14W  C2004 11 04.42722 04 32 44.54 +12 15 12.2          18.7 Rdl9356703
I4266K04V14W  C2004 11 05.91841 04 33 20.40 +12 06 25.9          19.5 Vcl9356A50
I4266K04V14W  C2004 11 05.92196 04 33 20.46 +12 06 26.8          19.4 Vcl9356A50
I4266K04V14W  C2004 11 05.92550 04 33 20.59 +12 06 24.0          19.6 Vcl9356A50
I4266K04V14W  C2004 11 05.92904 04 33 20.68 +12 06 22.4          19.5 Vcl9356A50
I4266K04V14W  C2004 11 05.93259 04 33 20.75 +12 06 21.5          19.4 Vcl9356A50
I4266K04V14W  C2004 11 06.36648 04 33 29.73 +12 03 47.9          19.0 Rrl9356734
I4266K04V14W  C2004 11 06.37511 04 33 29.88 +12 03 44.7          19.0 Rrl9356734
I4266K04V14W  C2004 11 06.38373 04 33 29.99 +12 03 41.4          18.7 Rrl9356734
I4266K04V14W  C2004 11 06.39235 04 33 30.13 +12 03 38.3          19.1 Rrl9356734
I4266K04V14W  C2004 11 07.33117 04 33 50.04 +11 57 53.3          18.9 Rrl9356649
I4266K04V14W  C2004 11 07.33680 04 33 50.13 +11 57 50.9          19.1 Rrl9356649
I4266K04V14W  C2004 11 07.34244 04 33 50.19 +11 57 49.0          19.0 Rrl9356649
I4266K04V14W  C2004 11 07.34808 04 33 50.26 +11 57 46.8          18.9 Rrl9356649
I4266K04V14W  C2004 11 08.98845 04 34 21.40 +11 47 14.6          18.9 Rrl9356J95
I4266K04V14W  C2004 11 08.99393 04 34 21.51 +11 47 12.2          18.7 Rrl9356J95
I4266K04V14W  C2004 11 08.99950 04 34 21.52 +11 47 10.2          19.3 Rrl9356J95
I4266K04V14W 1C2004 11 09.49690 04 34 29.43 +11 44 05.2                cl9356F65
I4266K04V14W 1C2004 11 09.49869 04 34 29.44 +11 44 04.4                cl9356F65
I4266K04V14W 1C2004 11 09.64941 04 34 31.91 +11 43 23.2          18.8 Rrl9356413
I4266K04V14W 1C2004 11 09.65195 04 34 31.94 +11 43 22.1          18.9 Rrl9356413
I4266K04V14W 1C2004 11 09.65450 04 34 31.95 +11 43 21.1          18.9 Rrl9356413
I4266K04V14W  C2004 11 10.24762 04 34 42.06 +11 38 58.7          18.7 Rcl9356711
I4266K04V14W  C2004 11 10.25699 04 34 42.13 +11 38 55.2          18.7 Rcl9356711
I4266K04V14W  C2004 11 10.26636 04 34 42.20 +11 38 51.4          18.7 Rcl9356711
I4266K04V14W  C2004 11 12.89809 04 35 15.86 +11 20 12.7                cl9356587
I4266K04V14W  C2004 11 12.90409 04 35 15.91 +11 20 10.3          18.6 Rcl9356587
I4266K04V14W  C2004 11 13.97204 04 35 25.83 +11 12 17.1          18.2 Rcl9900952
I4266K04V14W  C2004 11 13.97559 04 35 25.79 +11 12 15.1          18.5 Rcl9900952
I4266K04V14W  C2004 11 13.97914 04 35 25.78 +11 12 13.9          18.1 Rcl9900952
I4266K04V14W  C2004 11 13.98269 04 35 25.76 +11 12 12.7          18.5 Rcl9900952
I4266K04V14W  C2004 11 14.11603 04 35 25.93 +11 11 07.2          18.7 Rrl9900J95
I4266K04V14W  C2004 11 14.11944 04 35 25.94 +11 11 06.3          18.6 Rrl9900J95
I4266K04V14W  C2004 11 14.12285 04 35 25.94 +11 11 03.6          19.0 Rrl9900J95
I4266K04V14W  C2004 11 15.92550 04 35 38.99 +10 57 04.2                cl9900246
I4266K04V14W  C2004 11 15.92639 04 35 39.04 +10 57 03.6                cl9900246
I4266K04V14W  C2004 11 15.92834 04 35 39.04 +10 57 02.9                cl9900246
I4266K04V14W  C2004 11 15.92942 04 35 39.00 +10 57 02.9                cl9900246
I4266K04V14W 1C2004 11 16.68763 04 35 41.210+10 51 31.67         18.0 Rrl9900413
I4266K04V14W 1C2004 11 16.68995 04 35 41.197+10 51 30.53         17.5 Rrl9900413
I4266K04V14W 1C2004 11 16.69226 04 35 41.190+10 51 29.34         18.0 Rrl9900413
I4266K04V14W IC2004 11 17.90803 04 35 45.97 +10 40 49.0                cl9900587
I4266K04V14W  C2004 11 17.95066 04 35 45.72 +10 40 27.4                cl9900587
I4266K04V14W  C2004 11 18.34410 04 35 45.86 +10 37 11.9          18.1 Vdl9900G72
I4266K04V14W  C2004 11 18.34731 04 35 45.85 +10 37 10.4          18.7 Vdl9900G72
I4266K04V14W  C2004 11 18.35056 04 35 45.80 +10 37 08.3          18.4 Vdl9900G72
I4266K04V14W  C2004 11 18.35381 04 35 45.78 +10 37 06.8          18.2 Vdl9900G72
I4266K04V14W  C2004 11 18.35707 04 35 45.76 +10 37 05.3          18.1 Vdl9900G72
I4266K04V14W  C2004 11 18.36031 04 35 45.72 +10 37 03.2          18.4 Vdl9901G72
I4266K04V14W  C2004 11 18.36356 04 35 45.69 +10 37 01.6          18.4 Vdl9901G72
I4266K04V14W  C2004 11 18.36850 04 35 45.66 +10 36 59.2          18.8 Vdl9901G72
I4266K04V14W  C2004 11 18.38202 04 35 45.53 +10 36 52.3 MPS11990117.8 Rc53585671
I4266K04V14W  C2004 11 18.38814 04 35 45.47 +10 36 49.1 MPS11990117.8 Rc53585671
I4266K04V14W  C2004 11 18.39488 04 35 45.40 +10 36 45.6 MPS11990117.7 Rc53585671
I4266K04V14W  C2004 11 18.39895 04 35 45.36 +10 36 43.4 MPS11990117.6 Rc53585671
I4266K04V14W  C2004 11 19.29370 04 35 46.52 +10 28 57.6                cm0623670
I4266K04V14W  C2004 11 19.31718 04 35 46.25 +10 28 44.6                cm0623670
I4266K04V14W  C2004 11 19.33725 04 35 45.98 +10 28 34.0          18.5 Vdl9901G72
I4266K04V14W  C2004 11 19.33979 04 35 45.95 +10 28 31.6          18.3 Vdl9901G72
I4266K04V14W  C2004 11 19.34234 04 35 45.93 +10 28 31.0          18.1 Vdl9901G72
I4266K04V14W  C2004 11 19.34490 04 35 45.91 +10 28 29.8          18.3 Vdl9901G72
I4266K04V14W  C2004 11 19.34744 04 35 45.89 +10 28 28.8          18.2 Vdl9901G72
I4266K04V14W  C2004 11 19.34870 04 35 45.85 +10 28 27.9          18.2 Vdl9901G72
I4266K04V14W  C2004 11 19.35125 04 35 45.82 +10 28 26.8          17.9 Vdl9901G72
I4266K04V14W  C2004 11 19.35381 04 35 45.78 +10 28 24.8          18.5 Vdl9901G72
I4266K04V14W  C2004 11 19.35635 04 35 45.76 +10 28 24.2          18.0 Vdl9901G72
I4266K04V14W  C2004 11 19.36742 04 35 45.61 +10 28 18.9                cm0623670
I4266K04V14W  C2004 11 19.43700 04 35 44.87 +10 27 41.1                cm0623670
I4266K04V14W  C2004 11 23.25731 04 35 30.15 +09 51 40.7          17.8 Vdm0623G72
I4266K04V14W  C2004 11 23.26050 04 35 30.11 +09 51 39.3          18.3 Vdm0623G72
I4266K04V14W  C2004 11 23.26367 04 35 30.03 +09 51 37.1          17.5 Vdm0623G72
I4266K04V14W  C2004 11 23.26682 04 35 29.98 +09 51 35.1          17.7 Vdm0623G72
I4266K04V14W  C2004 11 23.27000 04 35 29.94 +09 51 33.3          17.5 Vdm0623G72
I4266K04V14W  C2004 11 23.27661 04 35 29.81 +09 51 29.9          17.7 Vdm0623G72
I4266K04V14W  C2004 11 23.28296 04 35 29.71 +09 51 25.9          18.0 Vdm0623G72
I4266K04V14W  C2004 11 23.28617 04 35 29.59 +09 51 23.8          17.3 Vdm0623G72
I4266K04V14W  C2004 11 23.28933 04 35 29.53 +09 51 22.2          17.8 Vdm0623G72
I4266K04V14W 1C2004 11 23.60719 04 35 26.257+09 48 47.41         17.3 Rrm0623413
I4266K04V14W 1C2004 11 23.60904 04 35 26.215+09 48 46.34         17.2 Rrm0623413
I4266K04V14W 1C2004 11 23.61089 04 35 26.175+09 48 45.14         17.3 Rrm0623413
I4266K04V14W  C2004 11 23.91429 04 35 24.49 +09 44 53.2          16.9 Vrm0623A16
I4266K04V14W  C2004 11 23.91947 04 35 24.39 +09 44 50.6          17.2 Vrm0623A16
I4266K04V14W  C2004 11 23.92459 04 35 24.29 +09 44 47.5          17.2 Vrm0623A16
I4266K04V14W  C2004 11 23.92970 04 35 24.20 +09 44 44.5          17.5 Vrm0623A16
I4266K04V14W  C2004 11 23.93449 04 35 24.12 +09 44 41.5          17.1 Vrm0623A16
I4266K04V14W  C2004 11 25.27477 04 35 09.80 +09 30 38.6          17.0 Rrm0623H41
I4266K04V14W  C2004 11 25.27635 04 35 09.79 +09 30 38.4          17.0 Rrm0623H41
I4266K04V14W  C2004 11 25.27765 04 35 09.77 +09 30 38.2          17.0 Rrm0623H41
I4266K04V14W  C2004 11 25.27912 04 35 09.73 +09 30 36.4          16.9 Rrm0623H41
I4266K04V14W  C2004 11 25.28032 04 35 09.70 +09 30 35.9          17.0 Rrm0623H41
I4266K04V14W  C2004 11 26.11311 04 34 58.24 +09 21 15.5          17.0 Rcm0623118
I4266K04V14W  C2004 11 26.11546 04 34 58.21 +09 21 14.0          17.0 Rcm0623118
I4266K04V14W  C2004 11 26.11782 04 34 58.19 +09 21 12.3          17.0 Rcm0623118
I4266K04V14W  C2004 11 26.12017 04 34 58.12 +09 21 10.5          17.2 Rcm0623118
I4266K04V14W  C2004 11 26.12638 04 34 57.99 +09 21 06.2          17.1 Rcm0623118
I4266K04V14W  C2004 11 30.31722 04 33 47.68 +08 29 34.7          16.8 Rdm0623G72
I4266K04V14W  C2004 11 30.31912 04 33 47.59 +08 29 33.3          16.4 Rdm0623G72
I4266K04V14W  C2004 11 30.32105 04 33 47.52 +08 29 31.7          16.5 Rdm0623G72
I4266K04V14W  C2004 11 30.32297 04 33 47.45 +08 29 30.1          16.6 Rdm0623G72
I4266K04V14W  C2004 11 30.32619 04 33 47.34 +08 29 27.6          16.7 Rdm0623G72
I4266K04V14W  C2004 11 30.32877 04 33 47.22 +08 29 25.1          16.7 Rdm0623G72
I4266K04V14W  C2004 11 30.33007 04 33 47.17 +08 29 24.0          16.6 Rdm0623G72
I4266K04V14W  C2004 11 30.36437 04 33 45.83 +08 28 55.7          16.4 Rdm0623G72
I4266K04V14W  C2004 11 30.36631 04 33 45.78 +08 28 54.2          16.4 Rdm0623G72
I4266K04V14W  C2004 11 30.36825 04 33 45.74 +08 28 52.8          16.5 Rdm0623G72
I4266K04V14W  C2004 11 30.37019 04 33 45.66 +08 28 51.0          16.6 Rdm0623G72
I4266K04V14W  C2004 11 30.37209 04 33 45.60 +08 28 49.3          16.6 Rdm0623G72
I4266K04V14W  C2004 11 30.37339 04 33 45.55 +08 28 48.3          16.6 Rdm0623G72
I4266K04V14W  C2004 11 30.37722 04 33 45.34 +08 28 44.9          16.5 Rdm0623G72
I4266K04V14W  C2004 12 01.05147 04 33 30.40 +08 19 09.1          16.8 Rrm0623J95
I4266K04V14W  C2004 12 01.06076 04 33 30.09 +08 19 01.0          16.8 Rrm0623J95
I4266K04V14W  C2004 12 01.07069 04 33 29.74 +08 18 52.5          16.7 Rrm0623J95
I4266K04V14W  C2004 12 01.56016 04 33 19.78 +08 12 00.7          17.2 Vrm0623379
I4266K04V14W  C2004 12 01.56234 04 33 19.71 +08 11 58.6          16.8 Vrm0623379
I4266K04V14W  C2004 12 01.56453 04 33 19.64 +08 11 57.1          16.7 Vrm0623379
I4266K04V14W  C2004 12 01.56890 04 33 19.44 +08 11 52.8          16.3 Vrm0623379
I4266K04V14W  C2004 12 01.57109 04 33 19.37 +08 11 51.4          16.3 Vrm0623379
I4266K04V14W  C2004 12 01.57328 04 33 19.25 +08 11 49.8          16.7 Vrm0623379
I4266K04V14W  C2004 12 02.26992 04 33 01.47 +08 01 25.1          16.4 Ron7062699
I4266K04V14W  C2004 12 02.28776 04 33 00.71 +08 01 08.9                on7062699
I4266K04V14W  C2004 12 02.30563 04 32 59.92 +08 00 52.3                on7062699
I4266K04V14W  C2004 12 02.31761 04 32 58.52 +08 00 41.5          16.4 Rrm0623H41
I4266K04V14W  C2004 12 02.31856 04 32 58.47 +08 00 40.4          16.6 Rrm0623H41
I4266K04V14W  C2004 12 02.31960 04 32 58.43 +08 00 39.1          16.5 Rrm0623H41
I4266K04V14W  C2004 12 02.32068 04 32 58.38 +08 00 38.2          16.5 Rrm0623H41
I4266K04V14W  C2004 12 02.32266 04 32 58.29 +08 00 36.4          16.6 Rrm0623H41
I4266K04V14W  C2004 12 02.32349 04 32 59.16 +08 00 36.1                on7062699
I4266K04V14W  C2004 12 02.55917 04 32 54.12 +07 56 57.7          16.8 Vrm0623379
I4266K04V14W  C2004 12 02.56135 04 32 54.04 +07 56 55.6          16.6 Vrm0623379
I4266K04V14W  C2004 12 02.56354 04 32 53.94 +07 56 53.7          16.5 Vrm0623379
I4266K04V14W  C2004 12 02.57010 04 32 53.64 +07 56 47.4          16.6 Vrm0623379
I4266K04V14W  C2004 12 02.57229 04 32 53.53 +07 56 45.4          16.2 Vrm0623379
I4266K04V14W  C2004 12 02.57448 04 32 53.43 +07 56 43.6          16.3 Vrm0623379
I4266K04V14W  C2004 12 02.99956 04 32 40.84 +07 49 56.9          16.7 Vrm0623170
I4266K04V14W  C2004 12 03.00056 04 32 40.80 +07 49 56.1          16.5 Vrm0623170
I4266K04V14W  C2004 12 03.00287 04 32 40.70 +07 49 53.8          16.6 Vrm0623170
I4266K04V14W  C2004 12 03.25022 04 32 34.62 +07 46 00.5          17.0  cm0623704
I4266K04V14W  C2004 12 03.26320 04 32 34.01 +07 45 44.9          17.8  cm0623704
I4266K04V14W  C2004 12 03.28072 04 32 33.14 +07 45 31.0          17.3  cm0623704
I4266K04V14W  C2004 12 03.29357 04 32 32.48 +07 45 16.0          17.4  cm0623704
I4266K04V14W  C2004 12 03.30573 04 32 32.05 +07 45 06.1          17.4  cm0623704
I4266K04V14W  C2004 12 04.14098 04 32 08.03 +07 31 00.2          16.7 Vom0623H97
I4266K04V14W  C2004 12 04.16185 04 32 07.01 +07 30 38.6          16.7 Vom0623H97
I4266K04V14W  C2004 12 04.18281 04 32 05.98 +07 30 17.0          16.7 Vom0623H97
I4266K04V14W  C2004 12 06.51024 04 30 45.94 +06 46 23.9          16.3 Vrm1183379
I4266K04V14W  C2004 12 06.51771 04 30 45.54 +06 46 14.5          16.3 Vrm1183379
I4266K04V14W  C2004 12 06.51920 04 30 45.42 +06 46 12.4          15.9 Vrm1183379
I4266K04V14W  C2004 12 06.52069 04 30 45.36 +06 46 10.9          16.2 Vrm1183379
I4266K04V14W  C2004 12 06.52219 04 30 45.23 +06 46 09.2          16.2 Vrm1183379
I4266K04V14W  C2004 12 07.16064 04 30 19.70 +06 32 23.4          15.9 Rrm2726918
I4266K04V14W  C2004 12 07.18296 04 30 18.39 +06 31 54.5          16.0 Rrm2726918
I4266K04V14W  C2004 12 07.20616 04 30 16.98 +06 31 24.3          15.9 Rrm2726918
I4266K04V14W  C2004 12 07.22938 04 30 15.56 +06 30 53.8          16.1 Rrm2726918
I4266K04V14W  C2004 12 07.25256 04 30 14.11 +06 30 23.1          16.0 Rrm2726918
I4266K04V14W  C2004 12 07.25545 04 30 14.20 +06 30 29.5          16.3  cm1183704
I4266K04V14W  C2004 12 07.26787 04 30 13.37 +06 30 12.8          16.5  cm1183704
I4266K04V14W  C2004 12 07.27569 04 30 12.66 +06 29 52.5          16.2 Rrm2726918
I4266K04V14W  C2004 12 07.28058 04 30 12.54 +06 29 56.0          16.5  cm1183704
I4266K04V14W  C2004 12 07.29308 04 30 11.69 +06 29 38.5          17.3  cm1183704
I4266K04V14W  C2004 12 07.30561 04 30 10.90 +06 29 22.8          16.5  cm1183704
I4266K04V14W  C2004 12 07.51572 04 30 04.49 +06 24 38.3          15.7 Vrm1183379
I4266K04V14W  C2004 12 07.52169 04 30 04.13 +06 24 30.7          16.5 Vrm1183379
I4266K04V14W  C2004 12 07.52318 04 30 04.01 +06 24 28.2          16.5 Vrm1183379
I4266K04V14W  C2004 12 07.52468 04 30 03.93 +06 24 26.6          15.9 Vrm1183379
I4266K04V14W  C2004 12 07.52617 04 30 03.85 +06 24 24.3          15.8 Vrm1183379
I4266K04V14W  C2004 12 08.52448 04 29 18.50 +06 00 41.0          15.7 Vrm1183379
I4266K04V14W  C2004 12 08.52747 04 29 18.28 +06 00 36.7          15.8 Vrm1183379
I4266K04V14W  C2004 12 08.52896 04 29 18.16 +06 00 33.9          15.9 Vrm1183379
I4266K04V14W  C2004 12 10.13701 04 27 55.37 +05 16 38.2          15.5 Rrm2726918
I4266K04V14W  C2004 12 10.15178 04 27 54.22 +05 16 10.9          15.2 Rrm2726918
I4266K04V14W  C2004 12 10.16655 04 27 53.09 +05 15 46.0          15.5 Rrm2726918
I4266K04V14W  C2004 12 10.18127 04 27 51.92 +05 15 19.9          15.4 Rrm2726918
I4266K04V14W  C2004 12 10.19778 04 27 50.60 +05 14 50.4          15.5 Rrm2726918
I4266K04V14W  C2004 12 10.21348 04 27 49.33 +05 14 22.4          15.4 Rrm2726918
I4266K04V14W  C2004 12 10.22816 04 27 48.13 +05 13 56.1          15.4 Rrm2726918
I4266K04V14W  C2004 12 10.24338 04 27 46.89 +05 13 28.7          15.5 Rrm2726918
I4266K04V14W  C2004 12 10.26020 04 27 45.50 +05 12 58.3          15.5 Rrm2726918
I4266K04V14W  C2004 12 10.27704 04 27 44.10 +05 12 27.9          15.4 Rrm2726918
I4266K04V14W  C2004 12 10.29450 04 27 42.67 +05 11 56.3          15.4 Rrm2726918
I4266K04V14W  C2004 12 10.31251 04 27 41.24 +05 11 23.3          15.6 Rrm2726918
I4266K04V14W  C2004 12 10.34625 04 27 38.51 +05 10 21.1          15.4 Rrm2726918
I4266K04V14W  C2004 12 10.36347 04 27 37.16 +05 09 49.2          15.5 Rrm2726918
I4266K04V14W  C2004 12 10.38023 04 27 35.79 +05 09 17.2          16.1 Rrm2726918
I4266K04V14W  C2004 12 10.52873 04 27 31.53 +05 04 55.3          15.7 Vrm1771379
I4266K04V14W  C2004 12 10.53022 04 27 31.43 +05 04 52.4          15.4 Vrm1771379
I4266K04V14W  C2004 12 10.53321 04 27 31.16 +05 04 47.0          15.7 Vrm1771379
I4266K04V14W  C2004 12 10.53470 04 27 31.05 +05 04 44.8          15.4 Vrm1771379
I4266K04V14W  C2004 12 10.53619 04 27 30.92 +05 04 41.7          15.7 Vrm1771379
I4266K04V14W  C2004 12 10.53918 04 27 30.66 +05 04 36.4          16.0 Vrm1771379
I4266K04V14W  C2004 12 10.54067 04 27 30.51 +05 04 33.6          15.6 Vrm1771379
I4266K04V14W  C2004 12 10.90722 04 27 07.68 +04 52 41.4          15.7  cm1771A57
I4266K04V14W  C2004 12 10.92330 04 27 06.26 +04 52 10.1          15.8  cm1771A57
I4266K04V14W  C2004 12 10.94020 04 27 04.78 +04 51 37.0          15.7  cm1771A57
I4266K04V14W  C2004 12 10.94369 04 27 04.49 +04 51 28.1          15.6 Rcm1771560
I4266K04V14W  C2004 12 10.94578 04 27 04.31 +04 51 24.0          15.5 Rcm1771560
I4266K04V14W  C2004 12 10.94980 04 27 03.95 +04 51 16.1          15.5 Rcm1771560
I4266K04V14W  C2004 12 10.97810 04 27 02.04 +04 50 24.8          15.5 Rcm1771213
I4266K04V14W  C2004 12 10.98561 04 27 01.36 +04 50 10.0          15.5 Rcm1771213
I4266K04V14W  C2004 12 10.98814 04 27 01.13 +04 50 04.8          15.4 Rcm1771213
I4266K04V14W  C2004 12 11.51583 04 26 29.69 +04 32 14.3          15.4 Vrm1771379
I4266K04V14W  C2004 12 11.51733 04 26 29.52 +04 32 11.1          15.7 Vrm1771379
I4266K04V14W  C2004 12 11.51882 04 26 29.39 +04 32 07.6          15.7 Vrm1771379
I4266K04V14W  C2004 12 11.52031 04 26 29.25 +04 32 04.8          15.4 Vrm1771379
I4266K04V14W  C2004 12 11.52330 04 26 28.95 +04 31 58.5          15.3 Vrm1771379
I4266K04V14W  C2004 12 11.52479 04 26 28.82 +04 31 55.0          15.6 Vrm1771379
I4266K04V14W  C2004 12 11.52628 04 26 28.68 +04 31 52.0          15.6 Vrm1771379
I4266K04V14W  C2004 12 11.90381 04 26 01.54 +04 17 53.8                cm2726046
I4266K04V14W  C2004 12 11.90539 04 26 01.40 +04 17 50.2                cm2726046
I4266K04V14W  C2004 12 11.90615 04 26 01.32 +04 17 48.6                cm2726046
I4266K04V14W  C2004 12 11.90671 04 26 01.27 +04 17 47.3                cm2726046
I4266K04V14W  C2004 12 11.90727 04 26 01.21 +04 17 46.1                cm2726046
I4266K04V14W  C2004 12 12.25477 04 25 34.64 +04 04 48.9          15.3 Rrm1771H41
I4266K04V14W  C2004 12 12.25593 04 25 34.53 +04 04 46.1          15.3 Rrm1771H41
I4266K04V14W  C2004 12 12.25677 04 25 34.42 +04 04 44.2          15.3 Rrm1771H41
I4266K04V14W  C2004 12 12.25763 04 25 34.34 +04 04 42.2          15.4 Rrm1771H41
I4266K04V14W  C2004 12 12.25854 04 25 34.24 +04 04 40.0          15.4 Rrm1771H41
I4266K04V14W  C2004 12 12.26917 04 25 34.34 +04 04 17.4          15.6  cm1771704
I4266K04V14W  C2004 12 12.28464 04 25 32.67 +04 03 41.0          15.8  cm1771704
I4266K04V14W  C2004 12 12.30008 04 25 31.03 +04 03 04.4          15.6  cm1771704
I4266K04V14W  C2004 12 12.31539 04 25 29.41 +04 02 28.0          15.7  cm1772704
I4266K04V14W  C2004 12 12.33089 04 25 27.79 +04 01 51.3          15.7  cm1772704
I4266K04V14W  C2004 12 12.87501 04 24 49.70 +03 39 14.0          15.1 Rcm1772560
I4266K04V14W  C2004 12 12.87667 04 24 49.52 +03 39 09.7          15.1 Rcm1772560
I4266K04V14W  C2004 12 12.87934 04 24 49.26 +03 39 05.7          15.5 Vcm1772A57
I4266K04V14W  C2004 12 12.88008 04 24 49.15 +03 39 01.0          15.4 Rcm1772560
I4266K04V14W  C2004 12 12.89086 04 24 47.97 +03 38 36.1          15.5 Vcm1772A57
I4266K04V14W  C2004 12 12.90104 04 24 46.85 +03 38 09.7          15.5 Vcm1772A57
I4266K04V14W  C2004 12 12.91543 04 24 44.99 +03 37 25.8                cm2726046
I4266K04V14W  C2004 12 12.91687 04 24 44.83 +03 37 22.2                cm2726046
I4266K04V14W  C2004 12 12.91743 04 24 44.77 +03 37 20.6                cm2726046
I4266K04V14W  C2004 12 12.91803 04 24 44.71 +03 37 19.0                cm2726046
I4266K04V14W  C2004 12 12.91918 04 24 44.58 +03 37 16.2                cm2727046
I4266K04V14W  C2004 12 12.91986 04 24 44.51 +03 37 14.3                cm2727046
I4266K04V14W  C2004 12 13.09675 04 24 33.98 +03 29 35.1          14.7 Rrm2727918
I4266K04V14W  C2004 12 13.10950 04 24 32.67 +03 29 01.4          15.8 Rrm2727918
I4266K04V14W  C2004 12 13.12429 04 24 31.08 +03 28 22.2          14.9 Rrm2727918
I4266K04V14W  C2004 12 13.13957 04 24 29.47 +03 27 41.6          14.7 Rrm2727918
I4266K04V14W  C2004 12 13.15491 04 24 27.79 +03 27 00.7          14.8 Rrm2727918
I4266K04V14W  C2004 12 13.16969 04 24 26.15 +03 26 21.3          14.9 Rrm2727918
I4266K04V14W  C2004 12 13.18494 04 24 24.44 +03 25 40.5          14.8 Rrm2727918
I4266K04V14W  C2004 12 13.20094 04 24 22.60 +03 24 57.2          14.8 Rrm2727918
I4266K04V14W  C2004 12 13.21574 04 24 20.85 +03 24 17.0          15.7 Rrm2727918
I4266K04V14W  C2004 12 13.23168 04 24 19.08 +03 23 34.3          14.8 Rrm2727918
I4266K04V14W  C2004 12 13.24701 04 24 17.30 +03 22 52.5          14.8 Rrm2727918
I4266K04V14W  C2004 12 13.26536 04 24 15.17 +03 22 02.7          14.8 Rrm2727918
I4266K04V14W  C2004 12 13.28324 04 24 13.05 +03 21 13.2          15.1 Rrm2727918
I4266K04V14W  C2004 12 13.30146 04 24 11.00 +03 20 23.7          14.7 Rrm2727918
I4266K04V14W  C2004 12 13.31979 04 24 08.91 +03 19 32.9          14.8 Rrm2727918
I4266K04V14W  C2004 12 13.33756 04 24 06.94 +03 18 44.4          14.7 Rrm2727918
I4266K04V14W  C2004 12 13.35443 04 24 05.04 +03 17 56.8          14.6 Rrm2727918
I4266K04V14W  C2004 12 13.37146 04 24 03.18 +03 17 09.4          14.7 Rrm2727918
I4266K04V14W  C2004 12 13.38800 04 24 01.42 +03 16 22.9          14.6 Rrm2727918
I4266K04V14W  C2004 12 13.49373 04 23 59.05 +03 11 40.9          15.1 Vrm1772379
I4266K04V14W  C2004 12 13.49671 04 23 58.67 +03 11 33.0          15.1 Vrm1772379
I4266K04V14W  C2004 12 13.49970 04 23 58.33 +03 11 24.8          14.9 Vrm1772379
I4266K04V14W  C2004 12 13.50119 04 23 58.17 +03 11 20.4          15.0 Vrm1772379
I4266K04V14W  C2004 12 13.50269 04 23 57.97 +03 11 16.0          15.2 Vrm1772379
I4266K04V14W  C2004 12 13.90412 04 23 19.82 +02 51 19.5          15.0 Vcm1772A62
I4266K04V14W  C2004 12 13.90486 04 23 19.73 +02 51 17.4          14.9 Vcm1772A62
I4266K04V14W  C2004 12 13.90560 04 23 19.66 +02 51 15.1          14.9 Vcm1772A62
I4266K04V14W  C2004 12 13.90774 04 23 19.38 +02 51 08.6          14.9 Vcm1772A62
I4266K04V14W  C2004 12 13.90848 04 23 19.28 +02 51 06.3          14.9 Vcm1772A62
I4266K04V14W  C2004 12 13.90922 04 23 19.20 +02 51 04.0          14.9 Vcm1772A62
I4266K04V14W  C2004 12 13.91137 04 23 18.92 +02 50 57.4          14.9 Vcm1772A62
I4266K04V14W  C2004 12 13.91211 04 23 18.84 +02 50 55.3          15.0 Vcm1772A62
I4266K04V14W  C2004 12 13.91286 04 23 18.74 +02 50 52.9          14.9 Vcm1772A62
I4266K04V14W  C2004 12 14.86666 04 21 43.60 +01 58 20.2          14.5 Vom1772198
I4266K04V14W  C2004 12 14.86956 04 21 43.18 +01 58 09.8          14.5 Vom1772198
I4266K04V14W  C2004 12 14.87247 04 21 42.77 +01 57 58.9          14.5 Vom1772198
I4266K04V14W  C2004 12 14.87269 04 21 42.64 +01 58 02.9          14.8 Vcm1772A48
I4266K04V14W  C2004 12 14.87486 04 21 42.31 +01 57 54.8          15.0 Vcm1772A48
I4266K04V14W  C2004 12 14.87537 04 21 42.37 +01 57 48.3          14.2 Vom1772198
I4266K04V14W  C2004 12 14.87704 04 21 42.02 +01 57 47.2          15.1 Vcm1772A48
I4266K04V14W  C2004 12 14.87900 04 21 41.85 +01 57 35.4          14.5 Vom1772198
I4266K04V14W  C2004 12 14.87922 04 21 41.70 +01 57 39.4          14.9 Vcm1772A48
I4266K04V14W  C2004 12 14.88335 04 21 41.22 +01 57 19.5          14.5 Vom1772198
I4266K04V14W  C2004 12 14.92705 04 21 34.43 +01 54 41.0                cm1772246
I4266K04V14W  C2004 12 14.92744 04 21 34.37 +01 54 39.4                cm1772246
I4266K04V14W  C2004 12 14.92791 04 21 34.30 +01 54 37.8                cm1772246
I4266K04V14W  C2004 12 14.92885 04 21 34.17 +01 54 34.3                cm1772246
I4266K04V14W  C2004 12 14.94058 04 21 32.91 +01 53 56.1                rm3356203
I4266K04V14W  C2004 12 14.96153 04 21 29.84 +01 52 39.5                rm3356203
I4266K04V14W  C2004 12 15.01292 04 21 22.43 +01 49 21.4          14.5 Rrm1772A39
I4266K04V14W  C2004 12 15.01531 04 21 22.08 +01 49 12.6          14.4 Rrm1772A39
I4266K04V14W  C2004 12 15.01753 04 21 21.77 +01 49 04.3          14.5 Rrm1772A39
I4266K04V14W  C2004 12 15.02082 04 21 21.33 +01 48 52.2          14.5 Rrm1772A39
I4266K04V14W  C2004 12 15.02511 04 21 20.72 +01 48 36.0          14.7 Rrm1772A39
I4266K04V14W  C2004 12 15.02874 04 21 20.23 +01 48 22.7          14.9 Rrm1772A39
I4266K04V14W  C2004 12 15.06492 04 21 23.99 +01 46 20.4          15.5 Rcm1772927
I4266K04V14W  C2004 12 15.08628 04 21 20.97 +01 45 00.5          15.4 Rcm1772927
I4266K04V14W  C2004 12 15.10752 04 21 17.94 +01 43 41.6          15.3 Rcm1772927
I4266K04V14W  C2004 12 15.21536 04 21 02.14 +01 36 56.5          14.8 Rrm1772H36
I4266K04V14W  C2004 12 15.21698 04 21 01.87 +01 36 50.4          14.8 Rrm1772H36
I4266K04V14W  C2004 12 15.21860 04 21 01.62 +01 36 43.9          14.8 Rrm1772H36
I4266K04V14W  C2004 12 15.24828 04 20 59.56 +01 34 57.7          14.5 Rdm1772G72
I4266K04V14W  C2004 12 15.25038 04 20 59.24 +01 34 49.5          14.5 Rdm1772G72
I4266K04V14W  C2004 12 15.25247 04 20 58.91 +01 34 41.5          14.6 Rdm1772G72
I4266K04V14W  C2004 12 15.25353 04 20 58.74 +01 34 37.5          14.5 Rdm1772G72
I4266K04V14W  C2004 12 15.25616 04 20 58.30 +01 34 27.2          14.7 Rdm1772G72
I4266K04V14W  C2004 12 15.25877 04 20 57.86 +01 34 17.2          14.5 Rdm1772G72
I4266K04V14W  C2004 12 15.51256 04 20 28.75 +01 17 24.6          14.7 Vrm1772379
I4266K04V14W  C2004 12 15.56777 04 20 19.49 +01 13 37.6          14.8 Vrm1772379
I4266K04V14W  C2004 12 15.57006 04 20 19.09 +01 13 27.9          14.6 Vrm1772379
I4266K04V14W  C2004 12 15.57120 04 20 18.90 +01 13 23.7          14.7 Vrm1772379
I4266K04V14W  C2004 12 15.57235 04 20 18.68 +01 13 18.5          14.7 Vrm1772379
I4266K04V14W  C2004 12 15.57464 04 20 18.30 +01 13 09.0          14.6 Vrm1772379
I4266K04V14W  C2004 12 15.57579 04 20 18.10 +01 13 04.6          14.7 Vrm1772379
I4266K04V14W  C2004 12 15.87941 04 19 41.04 +00 51 02.0          14.7 Vrm1772240
I4266K04V14W  C2004 12 15.88052 04 19 40.84 +00 50 57.0          14.8 Vrm1772240
I4266K04V14W  C2004 12 15.88272 04 19 40.47 +00 50 47.3          14.7 Vrm1772240
I4266K04V14W  C2004 12 15.88382 04 19 40.29 +00 50 42.6          14.7 Vrm1772240
I4266K04V14W  C2004 12 15.88492 04 19 40.10 +00 50 37.6          14.6 Vrm1772240
I4266K04V14W  C2004 12 15.88546 04 19 40.01 +00 50 35.3          14.8 Vrm1772240
I4266K04V14W  C2004 12 15.88602 04 19 39.92 +00 50 32.9          14.7 Vrm1772240
I4266K04V14W  C2004 12 15.88712 04 19 39.73 +00 50 28.1          14.7 Vrm1772240
I4266K04V14W  C2004 12 15.88821 04 19 39.55 +00 50 23.1          14.6 Vrm1772240
I4266K04V14W  C2004 12 15.89041 04 19 39.17 +00 50 13.3          14.6 Vrm1772240
I4266K04V14W  C2004 12 15.89150 04 19 38.98 +00 50 08.4          14.7 Vrm1772240
I4266K04V14W  C2004 12 15.89263 04 19 38.79 +00 50 03.5          14.7 Vrm1772240
I4266K04V14W  C2004 12 15.93365304 19 31.90 +00 47 03.1          14.8 Vrm1772A16
I4266K04V14W  C2004 12 15.93744504 19 31.24 +00 46 46.3          14.8 Vrm1772A16
I4266K04V14W  C2004 12 15.94118104 19 30.60 +00 46 29.6          14.8 Vrm1772A16
I4266K04V14W  C2004 12 15.94491404 19 29.95 +00 46 12.9          14.7 Vrm1772A16
I4266K04V14W  C2004 12 15.94958004 19 29.13 +00 45 52.0          14.7 Vrm1772A16
I4266K04V14W  C2004 12 15.96674 04 19 25.54 +00 44 32.5                cm1772246
I4266K04V14W  C2004 12 15.96700 04 19 25.49 +00 44 31.5                cm1772246
I4266K04V14W  C2004 12 15.96730 04 19 25.42 +00 44 29.9                cm1772246
I4266K04V14W  C2004 12 16.24743 04 18 46.57 +00 23 14.8          14.6 Rrm1772H41
I4266K04V14W  C2004 12 16.24803 04 18 46.46 +00 23 11.9          14.5 Rrm1772H41
I4266K04V14W  C2004 12 16.24865 04 18 46.34 +00 23 09.2          14.5 Rrm1772H41
I4266K04V14W  C2004 12 16.24999 04 18 46.08 +00 23 02.8          14.5 Rrm1772H41
I4266K04V14W  C2004 12 16.25066 04 18 45.96 +00 22 59.6          14.4 Rrm1772H41
I4266K04V14W  C2004 12 17.47102 04 15 31.53 -01 29 48.0          14.0 Vrm2727379
I4266K04V14W  C2004 12 17.47331 04 15 30.97 -01 30 02.7          14.1 Vrm2727379
I4266K04V14W  C2004 12 17.47560 04 15 30.42 -01 30 17.4          14.0 Vrm2727379
I4266K04V14W  C2004 12 17.47675 04 15 30.15 -01 30 24.9          14.0 Vrm2727379
I4266K04V14W  C2004 12 17.47789 04 15 29.88 -01 30 32.2          14.0 Vrm2727379
I4266K04V14W  C2004 12 17.47904 04 15 29.61 -01 30 39.6          14.0 Vrm2727379
I4266K04V14W  C2004 12 18.09959 04 13 22.80 -02 43 34.6          13.6 Rrm2727918
I4266K04V14W  C2004 12 18.11307 04 13 19.21 -02 45 17.9          13.7 Rrm2727918
I4266K04V14W  C2004 12 18.12551 04 13 15.86 -02 46 53.7          13.7 Rrm2727918
I4266K04V14W  C2004 12 18.14418 04 13 10.71 -02 49 18.6          13.7 Rrm2727918
I4266K04V14W  C2004 12 18.16904 04 13 03.76 -02 52 32.6          13.8 Rrm2727918
I4266K04V14W  C2004 12 18.17903 04 13 00.95 -02 53 50.5          13.8 Rrm2727918
I4266K04V14W  C2004 12 18.19017 04 12 57.76 -02 55 18.4          13.7 Rrm2727918
I4266K04V14W  C2004 12 18.20197 04 12 54.42 -02 56 50.5          13.7 Rrm2727918
I4266K04V14W  C2004 12 18.21134 04 12 51.69 -02 58 04.9          13.8 Rrm2727918
I4266K04V14W  C2004 12 18.22391 04 12 48.11 -02 59 42.9          14.5 Rrm2727918
I4266K04V14W  C2004 12 18.86744 04 10 05.06 -04 33 33.3          14.1 Vdm2727A56
I4266K04V14W  C2004 12 18.86822 04 10 04.83 -04 33 41.1          13.7 Vdm2727A56
I4266K04V14W  C2004 12 18.86991 04 10 04.27 -04 33 57.8          13.8 Vdm2727A56
I4266K04V14W  C2004 12 18.87350 04 10 03.02 -04 34 32.5          13.8 Vdm2727A56
I4266K04V14W  C2004 12 18.87627 04 10 02.06 -04 34 59.1          13.8 Vdm2727A56
I4266K04V14W  C2004 12 18.88130 04 10 00.32 -04 35 47.8          13.8 Vdm2727A56
I4266K04V14W  C2004 12 18.88534 04 09 58.92 -04 36 27.0          13.8 Vdm2727A56
I4266K04V14W  C2004 12 18.88879 04 09 57.73 -04 37 00.6          13.9 Vdm2727A56
I4266K04V14W  C2004 12 18.89204 04 09 56.62 -04 37 32.1          13.8 Vdm2727A56
I4266K04V14W  C2004 12 18.89640 04 09 55.08 -04 38 14.6          13.9 Vdm2727A56
I4266K04V14W  C2004 12 18.90478 04 09 54.12 -04 39 25.3          14.0 Vrm2727941
I4266K04V14W  C2004 12 18.90511 04 09 54.00 -04 39 28.5          14.1 Vrm2727941
I4266K04V14W  C2004 12 18.90846 04 09 52.81 -04 40 01.3          14.0 Vrm2727941
I4266K04V14W  C2004 12 18.90871 04 09 51.04 -04 40 17.2                rm3356203
I4266K04V14W  C2004 12 18.91213 04 09 51.50 -04 40 37.3          13.9 Vrm2727941
I4266K04V14W  C2004 12 18.91233 04 09 49.53 -04 40 50.4          13.8 Vdm2727A56
I4266K04V14W  C2004 12 18.92216 04 09 46.36 -04 42 29.3                rm3356203
I4266K04V14W  C2004 12 18.92572 04 09 45.11 -04 43 04.2                rm3356203
I4266K04V14W  C2004 12 19.23986 04 08 06.76 -05 36 52.9          13.8 Rrm2727H41
I4266K04V14W  C2004 12 19.24133 04 08 06.18 -05 37 08.5          13.9 Rrm2727H41
I4266K04V14W  C2004 12 19.24177 04 08 06.01 -05 37 13.4          13.9 Rrm2727H41
I4266K04V14W  C2004 12 19.24256 04 08 05.72 -05 37 21.9          13.9 Rrm2727H41
I4266K04V14W  C2004 12 19.24432 04 08 05.01 -05 37 40.9          14.0 Rrm2727H41
I4266K04V14W  C2004 12 19.24516 04 08 04.70 -05 37 50.2          13.9 Rrm2727H41
I4266K04V14W  C2004 12 19.25044 04 08 07.70 -05 38 45.7          14.0 Rdm2727G72
I4266K04V14W  C2004 12 19.25657 04 08 05.25 -05 39 52.9          14.0 Rdm2727G72
I4266K04V14W  C2004 12 19.26164 04 08 03.22 -05 40 49.2          13.9 Rdm2727G72
I4266K04V14W  C2004 12 19.26498 04 08 01.88 -05 41 25.7          13.9 Rdm2727G72
I4266K04V14W  C2004 12 19.27125 04 07 59.34 -05 42 34.9          14.0 Rdm2727G72
I4266K04V14W  C2004 12 19.27458 04 07 58.00 -05 43 12.0          13.9 Rdm2727G72
I4266K04V14W  C2004 12 20.27076 04 01 22.44 -09 24 06.1          13.7 Rrm2727448
I4266K04V14W  C2004 12 20.27235 04 01 21.54 -09 24 31.5          13.6 Rrm2727448
I4266K04V14W  C2004 12 20.27386 04 01 20.68 -09 24 55.6          13.6 Rrm2727448
I4266K04V14W  C2004 12 20.27552 04 01 19.74 -09 25 22.1          13.6 Rrm2727448
I4266K04V14W 3C2004 12 20.44819 03 59 49.74 -10 12 23.1          14.3 Rcm2727F65
I4266K04V14W 3C2004 12 20.44981 03 59 48.65 -10 12 53.4          14.5 Rcm2727F65
I4266K04V14W 3C2004 12 20.45207 03 59 47.34 -10 13 30.1          14.5 Rcm2727F65
I4266K04V14W  C2004 12 20.54084 03 59 10.19 -10 40 32.8          12.9 Vrm2727379
I4266K04V14W  C2004 12 20.54164 03 59 09.66 -10 40 46.2          13.0 Vrm2727379
I4266K04V14W  C2004 12 20.54515 03 59 07.44 -10 41 49.8          13.1 Vrm2727379
I4266K04V14W  C2004 12 20.54595 03 59 06.92 -10 42 04.3          13.2 Vrm2727379
I4266K04V14W  C2004 12 20.54675 03 59 06.39 -10 42 18.7          13.3 Vrm2727379
I4266K04V14W  C2004 12 20.54755 03 59 05.89 -10 42 32.2          13.1 Vrm2727379
I4266K04V14W  C2004 12 20.54834 03 59 05.41 -10 42 46.8          13.3 Vrm2727379
I4266K04V14W  C2004 12 20.55483 03 59 01.22 -10 44 43.1          13.5 Vrm2727379
I4266K04V14W  C2004 12 20.55642 03 59 00.25 -10 45 12.0          13.5 Vrm2727379
I4266K04V14W  C2004 12 20.55802 03 58 59.18 -10 45 41.3          13.4 Vrm2727379
I4266K04V14W  C2004 12 20.55882 03 58 58.66 -10 45 55.0          13.5 Vrm2727379
I4266K04V14W  C2004 12 20.55962 03 58 58.20 -10 46 09.8          13.3 Vrm2727379
I4266K04V14W  C2004 12 20.56365 03 58 55.60 -10 47 22.5          13.2 Vrm2727379
I4266K04V14W  C2004 12 20.56444 03 58 55.09 -10 47 36.6          13.1 Vrm2727379
I4266K04V14W  C2004 12 20.91532 03 55 28.42 -12 42 41.9          13.7 Vom2727198
I4266K04V14W  C2004 12 20.91694 03 55 27.23 -12 43 16.2          13.8 Vom2727198
I4266K04V14W  C2004 12 20.92163 03 55 23.79 -12 44 55.0          13.8 Vom2727198
I4266K04V14W  C2004 12 20.92745 03 55 19.53 -12 46 58.7          13.8 Vom2727198
I4266K04V14W  C2004 12 20.93041 03 55 17.36 -12 48 01.2          14.7 Vom2727198
I4266K04V14W  C2004 12 20.93261 03 55 15.76 -12 48 47.6          14.2 Vom2727198
I4266K04V14W  C2004 12 21.22548 03 51 53.68 -14 39 14.5          12.6 Rdm2727703
I4266K04V14W  C2004 12 21.23376 03 51 46.42 -14 42 36.8          12.6 Rdm2727703
I4266K04V14W  C2004 12 21.24208 03 51 39.10 -14 46 00.5          12.7 Rdm2727703
I4266K04V14W  C2004 12 21.25041 03 51 31.73 -14 49 25.2          12.7 Rdm2727703
I4266K04V14W  C2004 12 21.49993 03 48 13.83 -16 38 44.3          13.2 Vrm2727379
I4266K04V14W  C2004 12 21.50153 03 48 12.21 -16 39 28.9          12.9 Vrm2727379
I4266K04V14W  C2004 12 21.50233 03 48 11.38 -16 39 51.7          13.1 Vrm2727379
I4266K04V14W  C2004 12 21.51619 03 47 57.39 -16 46 20.7          13.0 Vrm2727379
I4266K04V14W  C2004 12 21.51779 03 47 55.75 -16 47 05.4          13.3 Vrm2727379
I4266K04V14W  C2004 12 21.52259 03 47 50.85 -16 49 21.5          13.1 Vrm2727379
I4266K04V14W  C2004 12 21.52499 03 47 48.39 -16 50 29.4          13.0 Vrm2727379
I4266K04V14W  C2004 12 22.52186 03 26 45.24 -27 07 27.3          13.2 Vrm2727379
I4266K04V14W  C2004 12 22.52426 03 26 40.50 -27 09 22.8          13.2 Vrm2727379
I4266K04V14W  C2004 12 22.52506 03 26 38.88 -27 10 01.9          13.4 Vrm2727379
I4266K04V14W  C2004 12 22.52586 03 26 37.30 -27 10 40.2          13.2 Vrm2727379
I4266K04V14W  C2004 12 23.47820 02 40 27.43 -43 35 40.0          12.7 Rrm2727E12
I4266K04V14W  C2004 12 23.47844 02 40 26.22 -43 35 58.8          12.8 Rrm2727E12
I4266K04V14W  C2004 12 23.47869 02 40 25.02 -43 36 17.2          12.8 Rrm2727E12
I4266K04V14W  C2004 12 23.47893 02 40 23.79 -43 36 36.6          12.6 Rrm2727E12
I4266K04V14W  C2004 12 23.48158 02 40 10.67 -43 39 59.4          12.8 Rrm2727E12
I4266K04V14W  C2004 12 23.48182 02 40 09.47 -43 40 17.8          12.8 Rrm2727E12
I4266K04V14W  C2004 12 23.48207 02 40 08.24 -43 40 36.6          12.8 Rrm2727E12
I4266K04V14W  C2004 12 23.48231 02 40 07.04 -43 40 55.3          12.8 Rrm2727E12
I4266K04V14W  C2004 12 23.53656 02 35 29.08 -44 50 38.6          12.9 Rrm2727E12
I4266K04V14W  C2004 12 23.53680 02 35 27.80 -44 50 57.5          12.9 Rrm2727E12
I4266K04V14W  C2004 12 23.53704 02 35 26.52 -44 51 16.2          12.8 Rrm2727E12
I4266K04V14W  C2004 12 23.53731 02 35 25.15 -44 51 36.3          12.9 Rrm2727E12
I4266K04V14W 3C2005 05 03.55279 18 14 15.69 -17 31 04.1                on3340F65
I4266K04V14W 3C2005 05 03.55436 18 14 15.53 -17 31 04.5                on3340F65
I4266K04V14W 3C2005 05 03.55698 18 14 15.30 -17 31 04.9                on3340F65
I4266K04V14W 3C2005 05 03.55854 18 14 15.15 -17 31 05.1          20.3 Ron3340F65
I4266K04V14W 3C2005 05 03.56016 18 14 15.00 -17 31 05.4          20.2 Ron3340F65
I4266K04V14W  C2005 05 03.58553 18 14 13.00 -17 30 55.1          22.1 Rcn3340474
I4266K04V14W  C2005 05 03.58935 18 14 12.68 -17 30 55.4          21.0 Rcn3340474
I4266K04V14W IC2005 05 03.59676 18 14 11.98 -17 30 56.1                cn3340474
I4266K04V14W  C2005 05 03.60359 18 14 11.32 -17 30 58.0          20.4 Rcn3340474
I4266K04V14W  C2005 05 03.61146 18 14 10.61 -17 30 59.6          20.4 Rcn3340474
I4266K04V14W  C2005 06 03.07594 17 14 56.35 -18 56 52.6          19.2  on7062J50
I4266K04V14W  C2005 06 03.07700 17 14 56.21 -18 56 52.7          19.3  on7062J50
I4266K04V14W  C2005 06 03.08720 17 14 54.98 -18 56 53.6          18.7  on7062J50
I4266K04V14W  C2005 06 03.08822 17 14 54.86 -18 56 53.9          19.3  on7062J50
I4266K04V14W  C2005 06 03.10735 17 14 52.56 -18 56 56.2          20.5  on7062J50
I4266K04V14W  C2005 06 04.57650 17 11 59.28 -18 59 47.3          19.7 Rrn5960474
I4266K04V14W  C2005 06 04.57905 17 11 59.06 -18 59 48.2          19.8 Rrn5960474
I4266K04V14W  C2005 06 04.58090 17 11 58.86 -18 59 48.1          19.9 Rrn5960474
I4266K04V14W  C2005 06 04.58287 17 11 58.54 -18 59 48.1          19.7 Rrn5960474
I4266K04V14W  C2005 06 04.58843 17 11 57.79 -18 59 48.2          20.0 Rrn5960474
I4266K04V14W  C2007 09 15.31937402 36 57.97 +08 37 56.6          22.5  ov6208H55
I4266K04V14W  C2007 09 15.33375102 36 58.00 +08 37 54.5          22.5  ov6208H55
I4266K04V14W  C2007 09 15.34815702 36 58.03 +08 37 51.5          22.8  ov6208H55
I4266K04V14W  C2007 10 15.32167 02 20 46.50 +05 30 02.1          20.9 Vrw0507G96
I4266K04V14W  C2007 10 15.32990 02 20 45.92 +05 29 57.9          20.7 Vrw0507G96
I4266K04V14W  C2007 10 15.33822 02 20 45.24 +05 29 53.2          20.6 Vrw0507G96
I4266K04V14W  C2007 10 15.34649 02 20 44.62 +05 29 48.7          20.5 Vrw0507G96
I4266K04V14W  C2007 10 15.43901 02 20 37.50 +05 28 56.5          21.0 Vow0507291
I4266K04V14W  C2007 10 15.44280 02 20 37.20 +05 28 54.5          21.1 Vow0507291
I4266K04V14W  C2007 10 15.44653 02 20 36.91 +05 28 52.3          21.2 Vow0507291
I4266K04V14W  C2008 04 02.11852 21 03 54.56 +58 12 52.4          16.9 Rcy4688J34
I4266K04V14W  C2008 04 02.12748 21 03 31.61 +58 12 55.5          17.5 Rcy4688J34
I4266K04V14W  C2008 04 02.14241 21 02 52.97 +58 12 59.4          17.4 Rcy4688J34
I4266K04V14W  C2008 04 02.14931 21 02 35.19 +58 13 01.7          17.2 Rcy4688J34
I4266K04V14W  C2008 04 06.17568 18 24 43.12 +50 55 18.6                cy5741B19
I4266K04V14W  C2008 04 06.18309 18 24 28.99 +50 53 54.2                cy5741B19
I4266K04V14W  C2008 04 06.18896 18 24 17.91 +50 52 47.7                cy5741B19
I4266K04V14W  C2008 04 11.44699 16 40 24.09 +32 57 35.2          16.0 Vry5741703
I4266K04V14W  C2008 04 11.45478 16 40 18.12 +32 56 08.0          16.0 Vry5741703
I4266K04V14W  C2008 04 11.46258 16 40 12.18 +32 54 40.4          16.0 Vry5741703
I4266K04V14W  C2008 04 11.47039 16 40 06.20 +32 53 12.8          16.0 Vry5741703
I4266K04V14W  C2008 04 15.24133 16 05 36.94 +22 46 29.1          16.4 Rry6745H45
I4266K04V14W  C2008 04 15.24253 16 05 36.41 +22 46 19.4          16.2 Rry6745H45
I4266K04V14W  C2008 04 15.24311 16 05 36.15 +22 46 14.8          16.4 Rry6745H45
I4266K04V14W  C2008 04 15.24490 16 05 35.38 +22 46 00.3          16.3 Rry6745H45
I4266K04V14W  C2008 04 15.24633 16 05 34.74 +22 45 48.9          16.1 Rry6745H45
I4266K04V14W  C2008 04 15.24818 16 05 33.91 +22 45 33.9          16.1 Rry6745H45
I4266K04V14W  C2008 04 15.24919 16 05 33.46 +22 45 25.9          16.2 Rry6745H45
I4266K04V14W  C2008 04 15.44593 16 04 07.68 +22 19 04.1          16.1 Vry6745703
I4266K04V14W  C2008 04 15.45241 16 04 04.80 +22 18 11.8          16.1 Vry6745703
I4266K04V14W  C2008 04 15.45885 16 04 01.95 +22 17 19.7          16.1 Vry6745703
I4266K04V14W  C2008 04 15.46535 16 03 59.11 +22 16 27.5          16.1 Vry6745703
