     K04F31Y  C2004 02 17.42302811 53 40.478+39 44 32.06         21.53r ~0Yud645
     K04F31Y  C2004 02 17.42634511 53 40.632+39 44 36.28                ~0Yud645
     K04F31Y* C2004 03 31.30169 13 37 48.46 +62 16 11.4          18.2 Rok3274699
     K04F31Y  C2004 03 31.31796 13 38 01.40 +62 17 26.1                ok3274699
     K04F31Y  C2004 03 31.33416 13 38 14.02 +62 18 40.2                ok3274699
     K04F31Y  C2004 03 31.35152 13 38 27.65 +62 19 58.5                ok3274699
     K04F31Y 5C2004 03 31.39352 13 39 02.34 +62 23 05.8          18.0 Rck3274673
     K04F31Y 5C2004 03 31.39514 13 39 03.61 +62 23 13.1                ck3274673
     K04F31Y 5C2004 03 31.39711 13 39 05.38 +62 23 21.8                ck3274673
     K04F31Y 5C2004 03 31.39907 13 39 06.83 +62 23 30.3                ck3274673
     K04F31Y 5C2004 03 31.40266 13 39 09.62 +62 23 45.7                ck3274673
     K04F31Y 5C2004 03 31.40648 13 39 12.72 +62 24 02.7                ck3274673
     K04F31Y  C2004 03 31.45197 13 39 47.87 +62 27 16.6          19.2  ck3274854
     K04F31Y  C2004 03 31.45400 13 39 47.56 +62 26 58.8          18.4 Rok3274649
     K04F31Y  C2004 03 31.45578 13 39 49.02 +62 27 06.2          18.3 Rok3274649
     K04F31Y  C2004 03 31.45755 13 39 50.51 +62 27 13.4          18.6 Rok3274649
     K04F31Y  C2004 03 31.45861 13 39 53.15 +62 27 43.3          19.0  ck3274854
     K04F31Y  C2004 03 31.46524 13 39 58.92 +62 28 11.7          18.9  ck3274854
     K04F31Y  C2004 03 31.82731 13 46 00.47 +62 54 45.9          18.1 Rck3274176
     K04F31Y  C2004 03 31.82874 13 46 01.86 +62 54 53.0          18.0 Rck3274176
     K04F31Y  C2004 03 31.83170 13 46 04.73 +62 55 07.7          18.5 Rck3274176
     K04F31Y  C2004 03 31.83273 13 46 05.73 +62 55 12.8          18.1 Rck3274176
     K04F31Y  C2004 04 02.26900 14 14 22.87 +64 49 44.9          18.3 Rok3274649
     K04F31Y  C2004 04 02.27222 14 14 27.15 +64 50 00.9          18.3 Rok3274649
     K04F31Y  C2004 04 02.27541 14 14 31.44 +64 50 17.2          18.3 Rok3274649
     K04F31Y  C2004 04 02.79828 14 28 07.24 +65 30 19.2          17.5 Rck3952540
     K04F31Y  C2004 04 02.80359 14 28 15.99 +65 30 47.3          17.4 Rck3952540
     K04F31Y  C2004 04 02.80889 14 28 24.65 +65 31 14.6          17.3 Rck3952540
     K04F31Y  C2004 04 03.02315 14 34 21.85 +65 48 57.4          18.2 Rok3952J95
     K04F31Y  C2004 04 03.02904 14 34 31.77 +65 49 25.5          18.0 Rok3952J95
     K04F31Y  C2004 04 03.03519 14 34 42.20 +65 49 55.3          17.9 Rok3952J95
     K04F31Y  C2004 04 03.91487 15 04 28.20 +66 52 46.7          18.0 Vok3952A16
     K04F31Y  C2004 04 03.92583 15 04 52.75 +66 53 36.4          18.1 Vok3952A16
     K04F31Y  C2004 04 05.02512 15 53 43.76 +67 45 31.2          17.3 Rok3952J95
     K04F31Y  C2004 04 05.03059 15 54 00.05 +67 45 41.0          17.8 Rok3952J95
     K04F31Y  C2004 04 05.03921 15 54 25.70 +67 45 56.2          17.6 Rok3952J95
     K04F31Y  C2004 04 05.04326 15 54 37.71 +67 46 03.2          17.6 Rok3952J95
     K04F31Y  C2004 04 05.04708 15 54 49.22 +67 46 09.6          17.5 Rok3952J95
     K04F31Y  C2004 04 06.00248 16 49 23.03 +67 34 57.4          17.7 Rok3952J95
     K04F31Y  C2004 04 06.00609 16 49 36.11 +67 34 48.4          17.5 Rok3952J95
     K04F31Y  C2004 04 06.00927 16 49 47.81 +67 34 40.1          17.6 Rok3952J95
     K04F31Y  C2004 04 07.45604 18 23 48.19 +64 13 31.4          17.4 Rck3952926
     K04F31Y  C2004 04 07.45633 18 23 49.31 +64 13 27.3          17.8 Rck3952926
     K04F31Y  C2004 04 07.45664 18 23 50.38 +64 13 22.0          18.2 Rck3952926
     K04F31Y  C2004 04 08.03216 18 59 52.11 +61 24 58.6          17.7 Rok3952J95
     K04F31Y  C2004 04 08.03379 18 59 57.88 +61 24 27.0          17.2 Rok3952J95
     K04F31Y  C2004 04 08.03548 19 00 03.80 +61 23 54.5          17.6 Rok3952J95
     K04F31Y  C2004 04 08.46538 19 24 43.66 +58 47 39.4          18.1 Rck3952926
     K04F31Y  C2004 04 08.46569 19 24 44.79 +58 47 32.5          18.5 Rck3952926
     K04F31Y  C2004 04 08.46604 19 24 45.78 +58 47 24.6          17.6 Rck3952926
     K04F31Y  C2004 04 09.02475 19 53 41.28 +54 34 51.5          18.2 Rok3952J95
     K04F31Y  C2004 04 09.02817 19 53 51.20 +54 33 15.0          17.8 Rok3952J95
     K04F31Y  C2004 04 09.07129 19 55 54.75 +54 12 38.4          18.0 Rok3952J95
     K04F31Y  C2004 04 09.47640 20 14 13.84 +50 43 46.1          18.3 Rck3952926
     K04F31Y  C2004 04 09.47672 20 14 14.62 +50 43 36.5          17.5 Rck3952926
     K04F31Y  C2004 04 09.47706 20 14 15.40 +50 43 25.4          17.3 Rck3953926
     K04F31Y  C2004 04 11.47093 21 19 37.83 +29 58 29.6          18.6 Rck4387926
     K04F31Y  C2004 04 11.47124 21 19 38.35 +29 58 16.5          18.2 Rck4387926
     K04F31Y  R2004 04 14.538889               -    1142904    2380 251 51497251
     K04F31Y  r2004 04 14.538889C                       200         251 51497251
