     K04D44M* C2004 02 25.38189 14 53 22.30 -08 10 59.4          19.6  ck0284704
     K04D44M  C2004 02 25.39372 14 53 14.67 -08 11 19.9          20.0  ck0284704
     K04D44M  C2004 02 25.40509 14 53 07.28 -08 11 42.4          20.0  ck0284704
     K04D44M  C2004 02 25.41626 14 53 00.13 -08 12 02.3          20.1  ck0284704
     K04D44M  C2004 02 26.32919 14 43 38.48 -08 38 49.4          19.5 Rrk0284649
     K04D44M  C2004 02 26.33062 14 43 37.62 -08 38 52.5          19.0 Rrk0284649
     K04D44M  C2004 02 26.33205 14 43 36.78 -08 38 54.9          19.3 Rrk0284649
     K04D44M  C2004 02 26.33347 14 43 35.86 -08 38 57.6          19.2 Rrk0284649
     K04D44M  C2004 02 26.35080 14 43 25.85 -08 39 21.0          19.4 Vok0284H06
     K04D44M  C2004 02 26.35288 14 43 24.51 -08 39 25.7          19.2 Vok0284H06
     K04D44M  C2004 02 26.35495 14 43 23.16 -08 39 30.8          19.2 Vok0284H06
     K04D44M  C2004 02 26.40582 14 42 51.18 -08 40 59.5          19.1 Rrk0284H36
     K04D44M  C2004 02 26.41299 14 42 46.86 -08 41 12.6          19.4 Rrk0284H36
     K04D44M  C2004 02 26.44119 14 42 29.87 -08 41 55.5          18.9  ck0284704
     K04D44M  C2004 02 26.46453 14 42 15.39 -08 42 34.9          19.5  ck0284704
     K04D44M  C2004 02 26.47135 14 42 11.09 -08 42 45.7          19.6  ck0284704
     K04D44M  C2004 02 26.47272 14 42 10.64 -08 42 46.4          19.4 Rck0284926
     K04D44M  C2004 02 26.47340 14 42 10.12 -08 42 47.4          19.5 Rck0284926
     K04D44M  C2004 02 26.47403 14 42 09.69 -08 42 48.8          19.2 Rck0284926
     K04D44M  C2004 02 26.47572 14 42 08.43 -08 42 52.7          19.0  ck0284704
     K04D44M  C2004 02 26.48322 14 42 03.77 -08 43 05.2          19.2  ck0284704
     K04D44M  C2004 02 26.48687 14 42 01.63 -08 43 12.2          19.3  ck0284704
     K04D44M  C2004 02 26.49509 14 41 56.49 -08 43 25.1          19.6  ck0284704
     K04D44M  C2004 02 26.50708 14 41 49.07 -08 43 45.7          19.5  ck0284704
     K04D44M  C2004 02 27.29576 14 34 06.24 -09 04 40.4          19.1 Rrk0284649
     K04D44M  C2004 02 27.29753 14 34 05.14 -09 04 43.5          19.1 Rrk0284649
     K04D44M  C2004 02 27.30287 14 34 02.03 -09 04 51.1          19.1 Rrk0284649
     K04D44M  C2004 02 27.30465 14 34 00.97 -09 04 54.1          19.3 Rrk0284649
     K04D44M  C2004 02 28.36242 14 24 01.03 -09 30 17.6          19.0 Vok0741H06
     K04D44M  C2004 02 28.36689 14 23 58.47 -09 30 23.3          19.0 Vok0741H06
     K04D44M  C2004 02 28.37133 14 23 55.93 -09 30 29.8          19.1 Vok0741H06
     K04D44M 2C2004 03 03.69334 13 47 46.431-10 46 03.35         19.3 Rrk0741413
     K04D44M 2C2004 03 03.70134 13 47 42.696-10 46 09.72         19.3 Rrk0741413
     K04D44M  C2004 03 06.35940 13 28 57.70 -11 15 22.7          19.4 Rrk0895448
     K04D44M  C2004 03 06.36837 13 28 53.95 -11 15 26.3          19.8 Rrk0895448
     K04D44M  C2004 03 06.37374 13 28 51.84 -11 15 29.0          19.4 Rrk0895448
     K04D44M  C2004 03 14.36000 12 45 29.92 -11 44 40.1          19.4 Rck1269926
     K04D44M  C2004 03 14.36148 12 45 29.50 -11 44 40.1          19.1 Rck1269926
     K04D44M  C2004 03 14.36297 12 45 29.12 -11 44 40.5          18.7 Rck1269926
     K04D44M  C2004 03 14.37508 12 45 25.95 -11 44 40.8          19.0  ck1269644
     K04D44M  C2004 03 14.39840 12 45 19.54 -11 44 40.7          18.8  ck1269644
     K04D44M  C2004 03 14.42506 12 45 12.23 -11 44 40.3          18.8  ck1269644
     K04D44M  C2004 03 14.94713 12 42 57.82 -11 44 35.4                ck1269246
     K04D44M  C2004 03 14.94779 12 42 57.65 -11 44 36.1                ck1269246
     K04D44M  C2004 03 14.94840 12 42 57.51 -11 44 35.9                ck1269246
     K04D44M  C2004 03 14.94942 12 42 57.32 -11 44 36.8                ck1269246
     K04D44M  C2004 03 14.95019 12 42 57.05 -11 44 36.3                ck1269246
     K04D44M  C2004 03 14.95135 12 42 56.74 -11 44 36.7                ck1269246
     K04D44M  C2004 03 14.95206 12 42 56.55 -11 44 36.6                ck1269246
     K04D44M  C2004 03 17.34868 12 33 19.20 -11 41 43.7          19.1  ck1269704
     K04D44M  C2004 03 17.37186 12 33 13.73 -11 41 39.5          19.2  ck1269704
     K04D44M  C2004 03 17.38325 12 33 11.02 -11 41 38.4          19.2  ck1269704
     K04D44M  C2004 03 17.39451 12 33 08.35 -11 41 38.0          19.2  ck1269704
     K04D44M  C2004 03 21.37384 12 19 40.37 -11 31 07.7                ck2269671
     K04D44M  C2004 03 21.37782 12 19 39.59 -11 31 06.9                ck2269671
     K04D44M  C2004 03 21.38181 12 19 38.85 -11 31 06.3                ck2269671
     K04D44M 1C2004 03 29.63728 11 59 36.70 -10 57 57.8          20.0 Rrk3183413
     K04D44M 1C2004 03 29.64364 11 59 35.94 -10 57 55.7          20.0 Rrk3183413
     K04D44M FC2004 04 01.28984 11 55 00.47 -10 46 58.3                ck3183926
     K04D44M FC2004 04 01.29400 11 54 59.93 -10 46 56.9                ck3183926
     K04D44M  C2007 09 12.27322 22 50 53.66 -10 30 10.6          19.5 Vrv5122G96
     K04D44M  C2007 09 12.27933 22 50 52.51 -10 30 10.0          19.6 Vrv5122G96
     K04D44M  C2007 09 12.28543 22 50 51.32 -10 30 09.5          19.2 Vrv5122G96
     K04D44M  C2007 09 12.29153 22 50 50.13 -10 30 08.7          19.7 Vrv5122G96
     K04D44M  C2007 09 12.32198 22 50 44.23 -10 30 05.6          19.8 Vrv5122G96
     K04D44M  C2007 09 12.32904 22 50 42.90 -10 30 04.7          19.0 Vrv5122G96
     K04D44M  C2007 09 12.33610 22 50 41.53 -10 30 03.9          19.1 Vrv5122G96
     K04D44M  C2007 09 12.34315 22 50 40.16 -10 30 03.1          19.0 Vrv5122G96
     K04D44M  C2007 09 12.88261 22 48 59.61 -10 29 10.4          19.4 Vrv5122A17
     K04D44M  C2007 09 12.89619 22 48 56.91 -10 29 07.5          19.1 Vrv5122A17
     K04D44M  C2007 09 12.91220 22 48 53.79 -10 29 07.1          19.3 Vrv5122A17
     K04D44M IC2007 09 12.94130 22 48 48.21 -10 29 03.8                rv5122J95
     K04D44M  C2007 09 12.94684 22 48 47.19 -10 29 03.9                rv5122J95
     K04D44M  C2007 09 12.95065 22 48 46.42 -10 29 03.1          19.2 Rrv5122J95
     K04D44M  C2007 09 13.11483 22 48 15.67 -10 28 40.2          19.2 Rrv5122649
     K04D44M  C2007 09 13.11720 22 48 15.17 -10 28 38.8          19.3 Rrv5122649
     K04D44M  C2007 09 13.11958 22 48 14.70 -10 28 39.4          19.2 Rrv5122649
     K04D44M  C2007 09 13.12189 22 48 13.26 -10 28 19.4          18.9 Rrv5122I77
     K04D44M  C2007 09 13.12312 22 48 14.01 -10 28 39.4          19.5 Rrv5122649
     K04D44M  C2007 09 13.12500 22 48 12.64 -10 28 19.0          19.2 Rrv5122I77
     K04D44M  C2007 09 13.12811 22 48 11.92 -10 28 18.4          19.4 Rrv5122I77
     K04D44M  C2007 09 13.16152922 48 06.22 -10 28 34.7          19.5 Vov5122H55
     K04D44M  C2007 09 13.17685522 48 03.17 -10 28 33.5          19.6 Vov5122H55
     K04D44M  C2007 09 13.18230522 48 02.07 -10 28 32.4          19.6 Vov5122H55
     K04D44M  C2007 09 13.27042 22 47 44.73 -10 28 19.3          19.2 Rcv5122711
     K04D44M  C2007 09 13.27604 22 47 43.59 -10 28 18.5          19.4 Rcv5122711
     K04D44M  C2007 09 13.28165 22 47 42.47 -10 28 17.7          19.4 Rcv5122711
     K04D44M 5C2007 09 13.33819 22 47 31.38 -10 28 12.0          19.4 Rov5122673
     K04D44M 5C2007 09 13.34306 22 47 30.40 -10 28 11.6                ov5122673
     K04D44M 5C2007 09 13.35278 22 47 28.44 -10 28 10.2                ov5122673
     K04D44M 5C2007 09 13.35706 22 47 27.59 -10 28 09.8                ov5122673
     K04D44M  C2007 09 15.35284 22 40 43.23 -10 23 08.4          20.1 Vov6199291
     K04D44M  C2007 09 15.35657 22 40 42.41 -10 23 07.6          20.1 Vov6199291
     K04D44M  C2007 09 15.36023 22 40 41.63 -10 23 06.9          20.0 Vov6199291
     K04D44M  C2007 09 20.22183 22 21 50.79 -10 01 56.6          19.2 Vrv6199703
     K04D44M  C2007 09 20.22319 22 21 50.32 -10 01 55.8          18.9 Vrv6199703
     K04D44M  C2007 09 20.22454 22 21 50.04 -10 01 55.4          20.0 Vrv6199703
     K04D44M  C2007 09 20.22588 22 21 49.64 -10 01 55.5          19.7 Vrv6199703
     K04D44M  C2007 09 30.24747 21 30 47.31 -08 16 25.3          20.0 Vov8089291
     K04D44M  C2007 09 30.25137 21 30 45.83 -08 16 21.7          20.0 Vov8089291
     K04D44M  C2007 09 30.25506 21 30 44.49 -08 16 18.1          20.2 Vov8089291
     K04D44M  C2007 10 08.12614 20 38 16.92 -05 27 44.0          19.9 Rrv8641448
     K04D44M  C2007 10 08.13693 20 38 12.04 -05 27 26.4          19.7 Rrv8641448
     K04D44M tC2007 10 08.14296 20 38 09.48 -05 27 16.2          20.3 Vov8641291
     K04D44M tC2007 10 08.14787 20 38 07.21 -05 27 08.8          20.6 Vov8641291
     K04D44M  C2007 10 08.15093 20 38 05.62 -05 27 03.9          19.3 Rrv8641448
     K04D44M tC2007 10 08.15351 20 38 04.65 -05 26 59.3          20.2 Vov8641291
