     K04G02B* C2004 04 12.22407 12 11 01.98 -12 49 09.3          19.1  ck4422644
     K04G02B  C2004 04 12.24503 12 11 03.26 -12 48 03.1          19.1  ck4422644
     K04G02B  C2004 04 12.26597 12 11 04.54 -12 46 56.8          19.1  ck4422644
     K04G02B  C2004 04 12.89684 12 11 49.36 -12 14 23.2          19.7 Rrk4422620
     K04G02B  C2004 04 12.90390 12 11 49.73 -12 14 03.1          19.1 Rrk4422620
     K04G02B  C2004 04 12.91097 12 11 50.27 -12 13 41.9          19.4 Rrk4422620
     K04G02B  C2004 04 12.92228 12 11 50.59 -12 13 09.0                ck4422246
     K04G02B  C2004 04 12.92343 12 11 50.71 -12 13 06.4                ck4422246
     K04G02B  C2004 04 12.92575 12 11 50.81 -12 12 59.0                ck4422246
     K04G02B  C2004 04 12.92737 12 11 50.96 -12 12 54.9                ck4422246
     K04G02B  C2004 04 13.14868 12 12 07.54 -12 01 43.9          19.2  ck4422854
     K04G02B  C2004 04 13.15547 12 12 07.84 -12 01 23.4          19.2  ck4422854
     K04G02B  C2004 04 13.16225 12 12 08.16 -12 01 05.5          19.5  ck4422854
     K04G02B  C2004 04 13.23073 12 12 12.19 -11 57 41.3          20.2 Rrk4422448
     K04G02B  C2004 04 13.24136 12 12 12.81 -11 57 09.4          19.6 Rrk4422448
     K04G02B  C2004 04 13.25135 12 12 13.40 -11 56 39.6          20.0 Rrk4422448
     K04G02B 5C2004 04 13.32361 12 12 17.92 -11 53 07.0          20.0 Rck4422673
     K04G02B 5C2004 04 13.32523 12 12 18.00 -11 53 02.1                ck4422673
     K04G02B 5C2004 04 13.32720 12 12 18.11 -11 52 56.0                ck4422673
     K04G02B 5C2004 04 13.32917 12 12 18.22 -11 52 50.5                ck4422673
     K04G02B  C2004 04 14.28224 12 13 22.25 -11 07 35.0          20.0 Vdk4422291
     K04G02B  C2004 04 14.28643 12 13 22.48 -11 07 23.1          20.9 Vdk4422291
     K04G02B  C2004 04 14.30384 12 13 23.46 -11 06 35.4          19.8 Vdk4422291
     K04G02B  C2004 04 14.89780 12 14 02.47 -10 39 58.6                ck4422246
     K04G02B  C2004 04 14.90131 12 14 02.64 -10 39 49.3                ck4422246
     K04G02B  C2004 04 14.90431 12 14 02.81 -10 39 41.4                ck4422246
     K04G02B  C2004 04 14.90839 12 14 03.04 -10 39 30.7                ck4422246
     K04G02B IC2004 04 15.14420 12 14 18.26 -10 29 10.8          19.7 Rrk4422H36
     K04G02B  C2004 04 15.15875 12 14 19.38 -10 28 31.2          20.7 Rrk4422H36
     K04G02B  C2004 04 15.17379 12 14 20.03 -10 27 56.3          20.2 Rrk4422H36
     K04G02B  C2004 04 18.87638 12 18 01.58 -08 06 15.4                ck5192246
     K04G02B  C2004 04 18.88181 12 18 01.93 -08 06 04.1                ck5192246
     K04G02B  C2004 04 18.88275 12 18 01.89 -08 06 01.9                ck5192246
     K04G02B HC2004 05 23.18780 12 48 12.92 -00 55 02.8          23   Vdk8131291
     K04G02B HC2004 05 23.19280 12 48 13.12 -00 55 01.7          23   Vdk8131291
