     K04F04U  C2004 03 19.44687 16 23 00.90 -15 41 16.7          19.6  ck2332704
     K04F04U  C2004 03 19.46852 16 23 00.60 -15 41 50.1          20.0  ck2332704
     K04F04U  C2004 03 19.47936 16 23 00.48 -15 42 05.1          20.0  ck2332704
     K04F04U* C2004 03 20.44006 16 22 53.17 -16 04 46.8          18.9  ck2332704
     K04F04U  C2004 03 20.45067 16 22 53.05 -16 05 02.2          19.5  ck2332704
     K04F04U  C2004 03 20.46131 16 22 52.86 -16 05 17.1          19.1  ck2332704
     K04F04U  C2004 03 20.47206 16 22 52.73 -16 05 32.3          19.1  ck2332704
     K04F04U  C2004 03 21.41089 16 22 41.82 -16 28 04.2          19.6 Rrk2332H36
     K04F04U  C2004 03 21.41609 16 22 41.76 -16 28 08.9          19.4 Rrk2332H36
     K04F04U IC2004 03 21.42112 16 22 41.71 -16 28 16.9          19.7 Rrk2332H36
     K04F04U  C2004 03 22.45698 16 22 25.34 -16 53 20.6          19.1  ck2332704
     K04F04U  C2004 03 22.46762 16 22 25.14 -16 53 36.1          19.4  ck2332704
     K04F04U  C2004 03 22.47844 16 22 24.97 -16 53 51.3          20.0  ck2332704
     K04F04U  C2004 03 22.48010 16 22 24.97 -16 53 53.2          19.3 Rck2332926
     K04F04U  C2004 03 22.48235 16 22 24.89 -16 53 57.2          19.5 Rck2332926
     K04F04U  C2004 03 22.48459 16 22 24.82 -16 54 00.9          19.3 Rck2332926
     K04F04U  C2004 03 22.48943 16 22 24.66 -16 54 08.3          19.6  ck2332704
     K04F04U 7C2004 03 24.47948 16 21 40.37 -17 43 15.8                ok3244696
     K04F04U 7C2004 03 24.48462 16 21 40.22 -17 43 24.1                ok3244696
     K04F04U 7C2004 03 24.48805 16 21 40.11 -17 43 29.2                ok3244696
     K04F04U 3C2004 03 26.16738 16 20 49.31 -18 25 52.2          19.0 Rck2332950
     K04F04U 3C2004 03 26.16898 16 20 49.26 -18 25 55.1          19.2 Rck2332950
     K04F04U 3C2004 03 26.16979 16 20 49.21 -18 25 56.2                ck2332950
     K04F04U 3C2004 03 26.17059 16 20 49.19 -18 25 57.6                ck2332950
     K04F04U 3C2004 03 26.17140 16 20 49.17 -18 25 58.7                ck2332950
     K04F04U  C2004 03 26.41379 16 20 40.79 -18 32 10.4          20.3 Vdk2332291
     K04F04U  C2004 03 26.41791 16 20 40.63 -18 32 16.9          19.7 Vdk2332291
     K04F04U  C2004 03 26.42215 16 20 40.46 -18 32 23.2          19.9 Vdk2332291
     K04F04U  C2004 03 28.39665 16 19 21.47 -19 23 29.3          19.7 Vdk3244291
     K04F04U  C2004 03 28.40190 16 19 21.13 -19 23 38.6          19.2 Vdk3244291
     K04F04U  C2004 03 28.40592 16 19 20.99 -19 23 44.1          19.0 Vdk3244291
     K04F04U  C2004 03 28.44491 16 19 18.98 -19 24 47.5          19.5  ck3244704
     K04F04U  C2004 03 28.45558 16 19 18.41 -19 25 03.6          19.7  ck3244704
     K04F04U  C2004 03 28.46605 16 19 17.92 -19 25 20.4          19.4  ck3244704
     K04F04U  C2004 03 28.47631 16 19 17.42 -19 25 35.9          19.7  ck3244704
     K04F04U  C2004 03 28.49432 16 19 16.55 -19 26 03.7          19.5 Vdk3244291
     K04F04U  C2004 03 28.49882 16 19 16.34 -19 26 10.8          19.7 Vdk3244291
     K04F04U  C2004 03 28.51288 16 19 15.61 -19 26 32.8          19.7 Vdk3244291
     K04F04U  C2004 03 29.46699 16 18 30.33 -19 51 41.6          19.9 Vdk3244291
     K04F04U  C2004 03 29.47086 16 18 30.11 -19 51 47.6          19.9 Vdk3244291
     K04F04U  C2004 03 29.47499 16 18 29.89 -19 51 54.3          20.0 Vdk3244291
     K04F04U  C2004 03 30.03344 16 18 01.51 -20 06 46.7                ck3244246
     K04F04U  C2004 03 30.03427 16 18 01.42 -20 06 47.8                ck3244246
     K04F04U  C2004 03 30.03699 16 18 01.29 -20 06 51.6                ck3244246
     K04F04U  C2004 03 30.03924 16 18 01.18 -20 06 55.2                ck3244246
     K04F04U  C2004 03 30.04061 16 18 01.10 -20 06 57.0                ck3244246
     K04F04U  C2004 03 30.04189 16 18 01.05 -20 06 58.6                ck3244246
     K04F04U  C2004 03 30.38979 16 17 42.43 -20 16 15.5          20.1 Vdk3244291
     K04F04U  C2004 03 30.39578 16 17 42.06 -20 16 24.9          20.2 Vdk3244291
     K04F04U  C2004 03 30.39992 16 17 41.81 -20 16 31.6          20.3 Vdk3244291
     K04F04U  C2004 03 30.44293 16 17 39.18 -20 17 41.4          20.0 Rrk3244715
     K04F04U IC2004 03 30.44989 16 17 38.84 -20 17 52.6                rk3244715
     K04F04U  C2004 03 30.45686 16 17 38.27 -20 18 04.2          20.4 Rrk3244715
     K04F04U IC2004 03 30.46308 16 17 37.83 -20 18 14.4          19.7 Rrk3244715
     K04F04U  C2004 03 31.44608 16 16 41.51 -20 44 41.3          20.7 Vdk3244291
     K04F04U  C2004 03 31.45426 16 16 40.94 -20 44 53.8          19.9 Vdk3244291
     K04F04U  C2004 03 31.46183 16 16 40.48 -20 45 06.9          20.3 Vdk3244291
     K04F04U  C2004 04 01.46764 16 15 37.34 -21 12 28.6          19.1 Rck3244926
     K04F04U  C2004 04 01.47084 16 15 37.09 -21 12 33.0          20.7 Rck3244926
     K04F04U 1C2004 04 01.69855 16 15 22.272-21 18 32.57         19.0 Rrk3244413
     K04F04U 1C2004 04 01.70595 16 15 21.736-21 18 44.57         19.0 Rrk3244413
     K04F04U  C2004 04 12.41157 15 58 04.31 -26 22 52.8          19.8 Vdk4379291
     K04F04U  C2004 04 12.41628 15 58 03.65 -26 23 01.6          20.1 Vdk4379291
     K04F04U  C2004 04 12.42067 15 58 03.07 -26 23 09.2          20.1 Vdk4379291
     K04F04U 3C2004 04 12.43025 15 58 01.73 -26 23 25.5          19.8 Rok4379290
     K04F04U 3C2004 04 12.43459 15 58 01.14 -26 23 33.3          19.2 Rok4379290
     K04F04U 3C2004 04 12.45111 15 57 58.94 -26 24 01.7          19.7 Rok4379290
     K04F04U 3C2004 04 13.41439 15 55 52.26 -26 51 48.6          19.1 Rok4379290
     K04F04U 3C2004 04 13.41951 15 55 51.54 -26 51 57.5          19.1 Rok4379290
     K04F04U 3C2004 04 13.42479 15 55 50.79 -26 52 06.6          19.1 Rok4379290
     K04F04U 1C2004 04 13.66543 15 55 18.439-26 58 47.66         18.4 Rrk5139413
     K04F04U 1C2004 04 13.67999 15 55 16.366-26 59 12.92         18.4 Rrk5139413
     K04F04U 1C2004 04 13.69213 15 55 14.627-26 59 33.81         18.4 Rrk5139413
     K04F04U IC2004 04 21.36734 15 34 54.76 -30 34 33.5                ck5139711
     K04F04U  C2004 04 21.37288 15 34 53.72 -30 34 42.6          19.2 Rck5139711
     K04F04U  C2004 04 21.37841 15 34 52.66 -30 34 51.2          19.1 Rck5139711
     K04F04U  C2004 04 25.17544 15 22 53.53 -32 12 00.0          18.3 Rrk6275859
     K04F04U  C2004 04 25.17763 15 22 52.96 -32 12 03.4          18.3 Rrk6275859
     K04F04U  C2004 04 25.17977 15 22 52.50 -32 12 07.0          18.2 Rrk6275859
     K04F04U  C2004 05 02.14513 14 58 37.50 -34 44 01.6          18.6 Rrk6764859
     K04F04U  C2004 05 02.14617 14 58 37.10 -34 44 02.4          19.5 Rrk6764859
     K04F04U  C2004 05 02.14722 14 58 36.77 -34 44 03.4          18.6 Rrk6764859
     K04F04U  C2004 06 06.95450 13 22 56.72 -37 52 41.4          19.2 Rrk8689859
     K04F04U  C2004 06 06.96079 13 22 56.13 -37 52 39.6          19.4 Rrk8689859
     K04F04U  C2004 06 06.96175 13 22 56.01 -37 52 38.7          19.0 Rrk8689859
     K04F04U  C2004 06 06.96715 13 22 55.74 -37 52 38.9          19.2 Rrk8689859
     K04F04U  C2007 05 17.71366 20 00 31.14 -55 47 42.9          19.7 Rou8895474
     K04F04U  C2007 05 17.71655 20 00 31.30 -55 47 47.6          19.7 Rou8895474
     K04F04U  C2007 05 17.71944 20 00 31.46 -55 47 52.8          20.0 Rou8895474
     K04F04U HC2007 12 19.07188 22 07 24.42 -10 58 03.7                ox1790291
     K04F04U  C2007 12 19.07681 22 07 25.03 -10 57 51.5                ox1790291
     K04F04U HC2007 12 19.08093 22 07 25.72 -10 57 38.4                ox1790291
     K04F04U HC2008 05 07.21411 08 56 15.35 +34 32 44.3                oy8949291
     K04F04U  C2008 05 07.21974 08 56 16.59 +34 32 30.6                oy8949291
     K04F04U HC2008 05 07.22424 08 56 17.77 +34 32 18.7                oy8949291
     K04F04U  C2008 05 08.20952 09 00 02.81 +33 53 38.2                oy8949291
     K04F04U  C2008 05 08.21456 09 00 03.93 +33 53 26.9                oy8949291
     K04F04U  C2008 05 08.22070 09 00 05.44 +33 53 11.8                oy8949291
     K04F04U  C2008 05 28.20267 10 03 45.07 +21 17 10.6          20.2 Vrz0409G96
     K04F04U  C2008 05 28.20798 10 03 45.90 +21 16 59.1          20.4 Vrz0409G96
     K04F04U  C2008 05 28.21324 10 03 46.80 +21 16 47.6          20.2 Vrz0409G96
     K04F04U  C2008 05 28.21850 10 03 47.62 +21 16 36.4          20.4 Vrz0409G96
     K04F04U QC2010 08 30.77145 04 01 26.24 -29 28 45.2          18.7 Vr~0MRPE12
     K04F04U QC2010 08 30.78510 04 01 28.45 -29 28 33.6          18.7 Vr~0MRPE12
     K04F04U  C2010 09 09.24191 04 29 26.82 -26 41 11.0                c~0Mei844
     K04F04U  C2010 09 09.24413 04 29 27.18 -26 41 08.0                c~0Mei844
     K04F04U  C2010 09 09.24634 04 29 27.56 -26 41 05.1                c~0Mei844
     K04F04U  C2010 09 09.24855 04 29 27.99 -26 41 01.7                c~0Mei844
     K04F04U  C2010 09 09.25079 04 29 28.39 -26 40 59.8                c~0Mei844
     K04F04U  C2010 09 09.25300 04 29 28.71 -26 40 56.7                c~0Mei844
     K04F04U  C2010 09 09.25521 04 29 29.19 -26 40 53.6                c~0Mei844
     K04F04U  C2010 09 09.25743 04 29 29.57 -26 40 50.9                c~0Mei844
     K04F04U  C2010 09 09.28602 04 29 34.74 -26 40 13.8                c~0Mei844
     K04F04U  C2010 09 09.28819 04 29 35.14 -26 40 10.8                c~0Mei844
     K04F04U  C2010 09 09.29037 04 29 35.53 -26 40 08.0                c~0Mei844
     K04F04U  C2010 09 09.29255 04 29 35.91 -26 40 05.2                c~0Mei844
     K04F04U  C2010 09 09.29469 04 29 36.31 -26 40 02.8                c~0Mei844
     K04F04U  C2010 09 09.29686 04 29 36.68 -26 39 59.5                c~0Mei844
     K04F04U  C2010 09 09.29903 04 29 37.09 -26 39 56.9                c~0Mei844
     K04F04U  C2010 09 09.30118 04 29 37.51 -26 39 53.5                c~0Mei844
     K04F04U  C2010 09 09.30336 04 29 37.84 -26 39 50.7                c~0Mei844
     K04F04U  C2010 09 09.30553 04 29 38.24 -26 39 47.7                c~0Mei844
     K04F04U  C2010 10 05.06355 06 24 28.07 -04 17 21.9          17.0 Rr~0NGLA98
     K04F04U  C2010 10 05.06559 06 24 28.91 -04 17 10.1          16.9 Rr~0NGLA98
     K04F04U  C2010 10 05.06722 06 24 29.59 -04 16 59.6          17.0 Rr~0NGLA98
     K04F04U  C2010 10 05.06763 06 24 29.75 -04 16 57.0          17.4 Rr~0NGLA98
     K04F04U  C2010 10 05.06966 06 24 30.54 -04 16 45.0          16.7 Rr~0NGLA98
     K04F04U  C2010 10 05.07008 06 24 30.73 -04 16 41.9          17.2 Rr~0NGLA98
     K04F04U  C2010 10 05.07170 06 24 31.39 -04 16 32.3          16.9 Rr~0NGLA98
     K04F04U  C2010 10 05.07212 06 24 31.55 -04 16 29.8          17.1 Rr~0NGLA98
     K04F04U  C2010 10 05.07252 06 24 31.71 -04 16 27.4          17.0 Rr~0NGLA98
     K04F04U  C2010 10 05.07333 06 24 32.03 -04 16 22.5          16.9 Rr~0NGLA98
     K04F04U  C2010 10 18.48005 08 27 42.51 +24 47 35.0          16.9 Vr~0NiI703
     K04F04U  C2010 10 18.48500 08 27 45.82 +24 48 14.4          16.9 Vr~0NiI703
     K04F04U  C2010 10 18.49514 08 27 52.70 +24 49 35.7          17.0 Vr~0NiI703
     K04F04U KC2010 10 20.11461 08 46 57.64 +28 15 32.2          17.7 Ru~0NiI160
     K04F04U KC2010 10 20.11621 08 46 58.72 +28 15 43.7          17.7 Ru~0NiI160
     K04F04U KC2010 10 20.11827 08 47 00.17 +28 15 59.3          17.4 Ru~0NiI160
     K04F04U  C2010 10 21.15132 08 59 28.74 +30 18 34.8          17.0 Vr~0NiIJ75
     K04F04U  C2010 10 21.16440 08 59 38.04 +30 20 06.3          17.0 Vr~0NiIJ75
     K04F04U  C2010 10 21.17751 08 59 47.47 +30 21 37.4          17.0 Vr~0NiIJ75
     K04F04U KC2010 10 21.19146 08 59 56.65 +30 23 12.4          17.6 Ru~0NiI160
     K04F04U KC2010 10 21.19307 08 59 57.79 +30 23 23.5          17.9 Ru~0NiI160
     K04F04U KC2010 10 21.19468 08 59 58.96 +30 23 34.7          17.5 Ru~0NiI160
     K04F04U KC2010 10 22.15607 09 11 45.36 +32 09 57.8          18.6 Ru~0ONx160
     K04F04U KC2010 10 22.15820 09 11 46.91 +32 10 11.8          18.9 Ru~0ONx160
     K04F04U KC2010 10 22.16037 09 11 48.47 +32 10 25.8          19.4 Ru~0ONx160
     K04F04U KC2010 10 27.12258 10 12 45.97 +39 14 51.6          17.3 Rv~0On1204
     K04F04U KC2010 10 27.12674 10 12 48.94 +39 15 08.1                v~0On1204
     K04F04U KC2010 10 27.12964 10 12 51.01 +39 15 19.7                v~0On1204
     K04F04U  C2010 10 28.47036 10 28 46.56 +40 34 27.0          19.0 Vr~0NiI703
     K04F04U  C2010 10 28.47605 10 28 50.41 +40 34 47.1          18.6 Vr~0NiI703
     K04F04U  C2010 10 28.48176 10 28 54.33 +40 35 05.8          18.6 Vr~0NiI703
     K04F04U  C2010 10 28.48743 10 28 58.29 +40 35 25.3          18.9 Vr~0NiI703
     K04F04U  C2010 11 05.17641 11 48 48.56 +44 22 04.7          18.2 Vr~0On1J75
     K04F04U  C2010 11 05.19353 11 48 57.56 +44 22 17.9          18.8 Vr~0On1J75
     K04F04U  C2010 11 05.21062 11 49 06.59 +44 22 30.0          18.0 Vr~0On1J75
     K04F04U  C2011 01 14.22865 15 27 25.10 +27 15 56.6          19.3 Vr~0RRKJ75
     K04F04U  C2011 01 14.23924 15 27 25.89 +27 15 48.5          19.3 Vr~0RRKJ75
     K04F04U  C2011 01 14.24984 15 27 26.57 +27 15 38.0          18.9 Vr~0RRKJ75
     K04F04U  C2011 03 08.41610 15 39 27.84 +15 39 08.1          18.7  c~0TV4704
     K04F04U  C2011 03 08.42784 15 39 26.82 +15 38 58.2          18.7  c~0TV4704
     K04F04U  C2011 03 08.43958 15 39 25.77 +15 38 47.9          18.8  c~0TV4704
     K04F04U  C2011 03 08.45135 15 39 24.69 +15 38 37.1          18.8  c~0TV4704
     K04F04U  C2011 03 08.46317 15 39 23.67 +15 38 27.4          18.8  c~0TV4704
     K04F04U  C2011 03 17.40509415 23 15.26 +13 13 21.8          19.0 Vo~0U09H21
     K04F04U  C2011 03 17.40868415 23 14.73 +13 13 17.8                o~0U09H21
     K04F04U  C2011 03 17.41121115 23 14.35 +13 13 14.8          18.5 Vo~0U09H21
     K04F04U  C2011 03 17.79296 15 22 22.38 +13 06 16.5          18.9 Ro~0Uqu300
     K04F04U  C2011 03 17.79469 15 22 22.06 +13 06 14.5          18.9 Ro~0Uqu300
     K04F04U  C2011 03 17.79641 15 22 21.91 +13 06 13.0          19.0 Ro~0Uqu300
     K04F04U KC2011 03 23.08505 15 08 48.75 +11 21 00.0          17.5 Ru~0U34160
     K04F04U KC2011 03 23.08689 15 08 48.42 +11 20 57.9          17.4 Ru~0U34160
     K04F04U KC2011 03 23.08879 15 08 48.09 +11 20 55.5          18.1 Ru~0U34160
     K04F04U KC2011 03 24.02766 15 06 06.23 +11 00 31.9                v~0UT6204
     K04F04U KC2011 03 24.03400 15 06 05.08 +11 00 23.6                v~0UT6204
     K04F04U KC2011 03 24.04034 15 06 03.93 +11 00 15.2          17.6 Rv~0UT6204
     K04F04U  C2011 03 26.66484 14 58 02.81 +10 00 26.3          17.5 Rm~0U34355
     K04F04U  C2011 03 26.66556 14 58 02.66 +10 00 25.7          17.6 Rm~0U34355
     K04F04U  C2011 03 27.41736 14 55 37.12 +09 42 30.3          17.8 Vr~0U34703
     K04F04U  C2011 03 27.42253 14 55 36.04 +09 42 22.8          17.7 Vr~0U34703
     K04F04U  C2011 03 27.42770 14 55 35.00 +09 42 15.1          17.8 Vr~0U34703
     K04F04U  C2011 03 27.43291 14 55 33.96 +09 42 07.8          17.8 Vr~0U34703
     K04F04U KC2011 04 03.01925 14 32 24.77 +06 49 55.8          18.0 Vu~0UT6151
     K04F04U KC2011 04 03.02041 14 32 24.49 +06 49 53.7          18.1 Vu~0UT6151
     K04F04U KC2011 04 03.02158 14 32 24.21 +06 49 51.7          18.1 Vu~0UT6151
     K04F04U KC2011 04 03.02274 14 32 23.96 +06 49 49.9          18.2 Vu~0UT6151
     K04F04U KC2011 04 03.02391 14 32 23.70 +06 49 48.2          18.1 Vu~0UT6151
     K04F04U KC2011 04 03.02507 14 32 23.43 +06 49 46.1          18.2 Vu~0UT6151
     K04F04U KC2011 04 03.02624 14 32 23.16 +06 49 43.9          18.1 Vu~0UT6151
     K04F04U  C2011 04 05.37913 14 23 26.41 +05 42 26.4          17.5 Vr~0UT6703
     K04F04U  C2011 04 05.38534 14 23 24.93 +05 42 15.9          17.4 Vr~0UT6703
     K04F04U  C2011 04 05.39162 14 23 23.42 +05 42 04.8          17.4 Vr~0UT6703
     K04F04U  C2011 04 05.39791 14 23 21.94 +05 41 53.8          17.5 Vr~0UT6703
     K04F04U  C2011 04 06.08661 14 20 42.15 +05 21 37.6          16.6 Rc~0VDnA24
     K04F04U  C2011 04 06.08733 14 20 41.99 +05 21 36.2          16.8 Rc~0VDnA24
     K04F04U  C2011 04 06.38263 14 19 33.10 +05 12 55.9          18.0 Ru~0UT6H45
     K04F04U  C2011 04 06.38374 14 19 32.82 +05 12 53.7          18.1 Ru~0UT6H45
     K04F04U  C2011 04 06.38538 14 19 32.44 +05 12 50.9          18.1 Ru~0UT6H45
     K04F04U  C2011 04 06.38633 14 19 32.22 +05 12 49.3          18.2 Ru~0UT6H45
     K04F04U  C2011 04 06.38733 14 19 31.95 +05 12 47.3          18.1 Ru~0UT6H45
     K04F04U  C2011 04 06.96810 14 17 17.28 +04 55 28.6          16.5 Rc~0UT6A24
     K04F04U  C2011 04 06.96882 14 17 17.22 +04 55 27.5          16.1 Rc~0UT6A24
     K04F04U KC2011 04 07.04709 14 16 58.24 +04 53 07.0          16.7 Rr~0Uqu130
     K04F04U KC2011 04 07.04877 14 16 57.83 +04 53 04.0          16.8 Rr~0Uqu130
     K04F04U KC2011 04 07.05061 14 16 57.41 +04 53 00.8          17.1 Rr~0Uqu130
     K04F04U KC2011 04 07.05262 14 16 56.91 +04 52 57.2          17.2 Rr~0Uqu130
     K04F04U  C2011 04 08.97877 14 09 24.46 +03 54 49.5          17.0 Rc~0VDnA24
     K04F04U  C2011 04 08.97949 14 09 24.28 +03 54 48.4          17.0 Rc~0VDnA24
     K04F04U  C2011 04 09.98206 14 05 27.65 +03 24 08.0          17.4 Rc~0VDnA24
     K04F04U  C2011 04 09.98279 14 05 27.47 +03 24 06.9          17.7 Rc~0VDnA24
     K04F04U KC2011 04 09.99771 14 05 23.87 +03 23 39.0          17.6 Rc~0VDnA24
     K04F04U  C2011 04 10.02827 14 05 16.42 +03 22 42.2          17.3 Rc~0VDnA24
     K04F04U  C2011 04 10.02899 14 05 16.24 +03 22 41.6          17.4 Rc~0VDnA24
     K04F04U  C2011 04 10.98522 14 01 30.96 +02 53 14.2          17.3 Rc~0VWVA24
     K04F04U  C2011 04 10.98594 14 01 30.74 +02 53 13.1          17.0 Rc~0VWVA24
     K04F04U KC2011 04 11.00122 14 01 27.05 +02 52 44.9          17.6 Rc~0VWVA24
     K04F04U  C2011 04 11.03251 14 01 19.46 +02 51 46.2          17.3 Rc~0VWVA24
     K04F04U  C2011 04 11.03323 14 01 19.28 +02 51 45.6          17.0 Rc~0VWVA24
     K04F04U  C2011 04 12.32277 13 56 16.26 +02 11 52.7          17.4 Vr~0Uqu703
     K04F04U  C2011 04 12.32971 13 56 14.60 +02 11 39.9          17.5 Vr~0Uqu703
     K04F04U  C2011 04 12.33668 13 56 12.91 +02 11 27.4          17.3 Vr~0Uqu703
     K04F04U  C2011 04 12.34367 13 56 11.22 +02 11 14.1          17.5 Vr~0Uqu703
     K04F04U  C2011 04 13.75810 13 50 40.48 +01 27 15.4          17.4 Ro~0Wik300
     K04F04U  C2011 04 13.76449 13 50 38.98 +01 27 03.3          17.8 Ro~0Wik300
     K04F04U  C2011 04 13.76609 13 50 38.53 +01 27 00.5          17.7 Ro~0Wik300
     K04F04U  C2011 04 13.76769 13 50 38.19 +01 26 57.2          17.6 Ro~0Wik300
     K04F04U  C2011 04 14.28751 13 48 38.95 +01 10 48.8          18.1 Vr~0UquG96
     K04F04U  C2011 04 14.29539 13 48 37.08 +01 10 34.1          18.1 Vr~0UquG96
     K04F04U  C2011 04 14.30330 13 48 35.17 +01 10 19.3          18.1 Vr~0UquG96
     K04F04U  C2011 04 14.31118 13 48 33.30 +01 10 04.5          18.1 Vr~0UquG96
     K04F04U KC2011 04 15.99993 13 42 06.45 +00 17 37.7          18.2 Ru~0V8FB67
     K04F04U KC2011 04 16.00629 13 42 04.98 +00 17 26.1          18.0 Ru~0V8FB67
     K04F04U KC2011 04 16.01285 13 42 03.45 +00 17 13.7          18.4 Ru~0V8FB67
     K04F04U  C2011 04 21.43444 13 22 28.444-02 26 59.63         17.7 rL~0VDoF51
     K04F04U  C2011 04 21.44438 13 22 26.321-02 27 17.20         17.8 rL~0VDoF51
     K04F04U  C2011 04 21.45561 13 22 23.928-02 27 37.08         17.6 iL~0VDoF51
     K04F04U  C2011 04 21.46641 13 22 21.625-02 27 56.15         17.7 iL~0VDoF51
     K04F04U  C2011 04 24.24462 13 13 11.89 -03 48 18.6          17.9 Vr~0VDo703
     K04F04U  C2011 04 24.25199 13 13 10.45 -03 48 30.3          17.7 Vr~0VDo703
     K04F04U  C2011 04 24.25936 13 13 09.01 -03 48 43.0          17.8 Vr~0VDo703
     K04F04U  C2011 04 24.26672 13 13 07.53 -03 48 55.4          17.6 Vr~0VDo703
     K04F04U  C2011 04 26.29835 13 06 51.38 -04 45 25.9          18.3  c~0VDo704
     K04F04U  C2011 04 26.30924 13 06 49.36 -04 45 43.7          18.2  c~0VDo704
     K04F04U  C2011 04 26.32017 13 06 47.36 -04 46 01.2          18.8  c~0VDo704
     K04F04U  C2011 04 26.33111 13 06 45.31 -04 46 18.9          18.9  c~0VDo704
     K04F04U  C2011 04 26.34209 13 06 43.30 -04 46 38.0          18.8  c~0VDo704
     K04F04U  C2011 04 28.17828 13 01 25.73 -05 35 54.5          19.0 Vo~0VDo691
     K04F04U  C2011 04 28.21817 13 01 18.76 -05 36 57.8          18.8 Vo~0VDo691
     K04F04U  C2011 04 28.26155 13 01 11.20 -05 38 06.4          18.5 Vo~0VDo691
     K04F04U  C2011 05 01.29840 12 53 10.13 -06 55 40.3          17.7  c~0VWV704
     K04F04U  C2011 05 01.31983 12 53 06.85 -06 56 11.7          18.4  c~0VWV704
     K04F04U  C2011 05 01.34093 12 53 03.61 -06 56 41.2          18.0  c~0VWV704
     K04F04U KC2011 05 01.93342 12 51 37.06 -07 11 19.6          17.4 Rc~0VWVA24
     K04F04U KC2011 05 01.94518 12 51 35.29 -07 11 36.9          17.7 Rc~0VWVA24
     K04F04U KC2011 05 01.95238 12 51 34.21 -07 11 47.3          17.7 Rc~0VWVA24
     K04F04U KC2011 05 01.96222 12 51 32.73 -07 12 01.5          17.5 Rc~0VWVA24
     K04F04U KC2011 05 01.96942 12 51 31.66 -07 12 12.0          17.3 Rc~0VWVA24
     K04F04U KC2011 05 01.98118 12 51 29.90 -07 12 29.2          16.7 Rc~0VWVA24
     K04F04U  C2011 05 02.23162 12 50 54.28 -07 18 32.6          18.3  c~0VWV704
     K04F04U  C2011 05 02.24182 12 50 52.77 -07 18 47.2          18.1  c~0VWV704
     K04F04U  C2011 05 02.25196 12 50 51.28 -07 19 01.6          18.5  c~0VWV704
     K04F04U  C2011 05 02.26209 12 50 49.68 -07 19 16.0          18.9  c~0VWV704
     K04F04U  C2011 05 02.27223 12 50 48.18 -07 19 30.7          18.4  c~0VWV704
     K04F04U  C2011 05 03.14908 12 48 46.12 -07 40 34.7          18.5 Vo~0VWV691
     K04F04U  C2011 05 03.17301 12 48 42.65 -07 41 08.7          19.7 Vo~0VWV691
     K04F04U  C2011 05 03.19692 12 48 39.21 -07 41 42.6          18.9 Vo~0VWV691
     K04F04U  C2011 05 04.24078 12 46 19.05 -08 06 13.6          18.7  c~0VWV704
     K04F04U  C2011 05 04.25178 12 46 17.55 -08 06 29.8          18.9  c~0VWV704
     K04F04U  C2011 05 04.26190 12 46 16.19 -08 06 43.1          18.9  c~0VWV704
     K04F04U  C2011 05 04.27307 12 46 14.66 -08 06 59.0          19.0  c~0VWV704
     K04F04U  C2011 05 04.28790 12 46 12.66 -08 07 19.2          19.1  c~0VWV704
     K04F04U  C2011 05 05.19851 12 44 17.00 -08 28 13.8          19.0  c~0VWV704
     K04F04U  C2011 05 05.20870 12 44 15.68 -08 28 29.1          18.7  c~0VWV704
     K04F04U  C2011 05 05.21875 12 44 14.42 -08 28 43.0          18.7  c~0VWV704
     K04F04U  C2011 05 05.22877 12 44 13.05 -08 28 55.8          18.5  c~0VWV704
     K04F04U  C2011 05 06.18912 12 42 16.43 -08 50 31.7          17.9  c~0Vln704
     K04F04U  C2011 05 06.19915 12 42 15.19 -08 50 45.1          18.2  c~0Vln704
     K04F04U  C2011 05 06.20936 12 42 13.96 -08 50 58.5          18.2  c~0Vln704
     K04F04U  C2011 05 06.21946 12 42 12.66 -08 51 12.2          18.4  c~0Vln704
     K04F04U  C2011 05 06.22958 12 42 11.39 -08 51 25.3          18.3  c~0Vln704
     K04F04U  C2011 05 08.19586 12 38 30.36 -09 34 12.4          17.7  c~0Vln704
     K04F04U  C2011 05 08.19919 12 38 29.97 -09 34 15.4          18.3 Vr~0Vln703
     K04F04U  C2011 05 08.20497 12 38 29.32 -09 34 24.0          18.5 Vr~0Vln703
     K04F04U  C2011 05 08.20596 12 38 29.21 -09 34 25.6          17.9  c~0Vln704
     K04F04U  C2011 05 08.21071 12 38 28.68 -09 34 30.7          18.6 Vr~0Vln703
     K04F04U  C2011 05 08.21602 12 38 28.08 -09 34 38.2          18.1  c~0Vln704
     K04F04U  C2011 05 08.21648 12 38 28.03 -09 34 38.2          18.6 Vr~0Vln703
     K04F04U  C2011 05 08.22609 12 38 26.92 -09 34 51.3          17.9  c~0Vln704
     K04F04U  C2011 05 08.23615 12 38 25.85 -09 35 03.8          18.4  c~0Vln704
     K04F04U KC2011 05 17.13178712 26 21.58 -12 27 31.1          19.1 Vo~0W0JH21
     K04F04U KC2011 05 17.13716412 26 21.23 -12 27 37.0          19.7 Vo~0W0JH21
     K04F04U KC2011 05 17.14312812 26 20.82 -12 27 42.9          19.7 Vo~0W0JH21
     K04F04U  C2014 01 21.53142 15 43 27.90 -12 12 14.3                o~0zdZ691
     K04F04U  C2014 01 21.54412 15 43 29.55 -12 12 28.3                o~0zdZ691
     K04F04U  C2014 01 21.55683 15 43 31.14 -12 12 41.8                o~0zdZ691
     K04F04U |C2014 05 15.24589 17 32 47.71 -55 37 31.8          19.8 Vu~1ReE807
     K04F04U |C2014 05 15.25059 17 32 46.96 -55 37 40.6          19.3 Vu~1ReE807
     K04F04U |C2014 05 15.25529 17 32 46.25 -55 37 49.0          19.5 Vu~1ReE807
     K04F04U KC2015 06 06.21675 09 30 22.12 +25 59 38.1          21.6 Ro~1T0P291
     K04F04U KC2015 06 06.22125 09 30 23.02 +25 59 30.2                o~1T0P291
