     K04V17C* C2004 11 07.37541 07 38 33.51 +15 22 58.5          16.2  cl9360704
     K04V17C  C2004 11 07.38733 07 38 13.89 +15 22 17.3          16.4  cl9360704
     K04V17C  C2004 11 07.39932 07 37 54.21 +15 21 36.1          16.5  cl9360704
     K04V17C  C2004 11 07.41129 07 37 34.56 +15 20 54.4          16.4  cl9360704
     K04V17C  C2004 11 07.42332 07 37 14.85 +15 20 12.8          16.6  cl9360704
     K04V17C  C2004 11 08.13094 07 18 28.71 +14 36 20.3          16.4 Rrl9360118
     K04V17C  C2004 11 08.13356 07 18 24.66 +14 36 10.4          16.1 Rrl9360118
     K04V17C  C2004 11 08.13440 07 18 23.31 +14 36 07.1          15.9 Rrl9360118
     K04V17C  C2004 11 08.22494 07 16 06.59 +14 30 15.8          16.0 Rrl9360649
     K04V17C  C2004 11 08.22584 07 16 05.17 +14 30 12.4          16.1 Rrl9360649
     K04V17C  C2004 11 08.22674 07 16 03.78 +14 30 08.9          16.1 Rrl9360649
     K04V17C  C2004 11 08.22764 07 16 02.38 +14 30 05.5          16.1 Rrl9360649
     K04V17C  C2004 11 08.30516 07 14 01.98 +14 25 08.5          16.3 Rrl9360734
     K04V17C  C2004 11 08.30559 07 14 01.32 +14 25 05.5          16.2 Rrl9360734
     K04V17C  C2004 11 08.30726 07 13 58.70 +14 24 59.0          16.6 Rrl9360734
     K04V17C  C2004 11 08.30767 07 13 58.07 +14 24 57.4          16.2 Rrl9360734
     K04V17C  C2004 11 08.30810 07 13 57.42 +14 24 55.8          16.1 Rrl9360734
     K04V17C  C2004 11 08.30852 07 13 56.78 +14 24 54.1          16.2 Rrl9360734
     K04V17C 3C2004 11 08.42528 07 10 56.29 +14 17 22.6          16.0 Vrl9360H06
     K04V17C 3C2004 11 08.42610 07 10 55.09 +14 17 20.3          15.5 Vrl9360H06
     K04V17C 3C2004 11 08.42918 07 10 50.26 +14 17 07.5          16.0 Vrl9360H06
     K04V17C 3C2004 11 08.42994 07 10 49.01 +14 17 04.7          16.1 Vrl9360H06
     K04V17C 4C2004 11 08.43761 07 10 37.09 +14 16 34.0          16.0 Rrl9360H06
     K04V17C 4C2004 11 08.43811 07 10 36.30 +14 16 31.9                rl9360H06
     K04V17C 4C2004 11 08.43960 07 10 34.03 +14 16 25.9                rl9360H06
     K04V17C  C2004 11 08.95632 06 57 43.85 +13 41 14.7          16.4 Rcl9360587
     K04V17C  C2004 11 08.95883 06 57 40.14 +13 41 03.1                cl9360587
     K04V17C  C2004 11 08.96306 06 57 33.89 +13 40 45.6          15.4 Rcl9360587
     K04V17C  C2004 11 08.96389 06 57 32.71 +13 40 42.3          15.5 Rcl9360587
     K04V17C  C2004 11 09.00407 06 56 33.53 +13 37 59.3                rl9360203
     K04V17C  C2004 11 09.02091 06 56 08.82 +13 36 44.6          16.1 Rrl9360J95
     K04V17C  C2004 11 09.02368 06 56 04.78 +13 36 32.7          16.3 Rrl9360J95
     K04V17C  C2004 11 09.02467 06 56 03.16 +13 36 35.2                rl9360203
     K04V17C  C2004 11 09.02611 06 56 01.23 +13 36 22.9          16.5 Rrl9360J95
     K04V17C  C2004 11 09.03457 06 55 49.50 +13 35 58.0          15.6 Rrl9360938
     K04V17C  C2004 11 09.03505 06 55 48.86 +13 35 55.6          15.5 Rrl9360938
     K04V17C  C2004 11 09.03552 06 55 48.10 +13 35 54.5          15.5 Rrl9360938
     K04V17C  C2004 11 09.03878 06 55 43.41 +13 35 40.1                rl9360938
     K04V17C  C2004 11 09.03927 06 55 42.63 +13 35 39.1          15.5 Rrl9360938
     K04V17C  C2004 11 09.03973 06 55 41.91 +13 35 36.6          15.5 Rrl9360938
     K04V17C 2C2004 11 09.42199 06 46 32.69 +13 09 15.9          16.0 Rol9360H06
     K04V17C 2C2004 11 09.42402 06 46 29.79 +13 09 07.7          16.1 Rol9360H06
     K04V17C 2C2004 11 09.42598 06 46 26.98 +13 08 59.4          16.0 Rol9360H06
     K04V17C 4C2004 11 10.37794 06 25 06.43 +12 02 06.4          15.9 Rrl9360H06
     K04V17C 4C2004 11 10.37853 06 25 05.67 +12 02 04.0                rl9360H06
     K04V17C 4C2004 11 10.37892 06 25 05.15 +12 02 02.5                rl9360H06
     K04V17C 4C2004 11 10.37932 06 25 04.64 +12 02 01.0                rl9360H06
     K04V17C  C2004 11 11.01405 06 11 57.64 +11 17 39.5          15.3 Rrl9360938
     K04V17C  C2004 11 11.01509 06 11 56.37 +11 17 34.8          15.7 Rrl9360938
     K04V17C  C2004 11 11.01615 06 11 55.02 +11 17 31.7          15.7 Rrl9360938
     K04V17C  C2004 11 12.98285 05 36 40.25 +09 08 54.1          16.0 Rcl9902J81
     K04V17C  C2004 11 12.98485 05 36 38.39 +09 08 47.0          15.3 Rcl9902J81
     K04V17C  C2004 11 12.98733 05 36 36.07 +09 08 38.1          15.5 Rcl9902J81
     K04V17C  C2004 11 13.00767 05 36 15.80 +09 07 22.7                rl9902203
     K04V17C  C2004 11 13.02372 05 36 00.26 +09 06 24.1                rl9902203
     K04V17C  C2004 11 13.45090 05 29 24.78 +08 41 13.3          16.6  cl9902608
     K04V17C  C2004 11 13.46119 05 29 15.27 +08 40 37.5          16.6  cl9902608
     K04V17C  C2004 11 13.47152 05 29 05.77 +08 40 01.1          16.7  cl9902608
     K04V17C  C2004 11 13.99006 05 21 32.64 +08 10 04.3                rl9902203
     K04V17C  C2004 11 14.00023 05 21 24.29 +08 09 26.2          16.2 Vcl9902J93
     K04V17C  C2004 11 14.00166 05 21 22.98 +08 09 20.6          16.3 Vcl9902J93
     K04V17C  C2004 11 14.00308 05 21 21.66 +08 09 16.1          16.3 Vcl9902J93
     K04V17C  C2004 11 14.00762 05 21 17.56 +08 09 05.4                rl9902203
     K04V17C  C2004 11 14.02391 05 21 03.54 +08 08 11.0                rl9902203
     K04V17C  C2004 11 14.07049 05 20 24.12 +08 05 32.4          16.1 Rrl9902J95
     K04V17C  C2004 11 14.07215 05 20 22.70 +08 05 27.0          16.2 Rrl9902J95
     K04V17C  C2004 11 14.07385 05 20 21.25 +08 05 21.4          16.2 Rrl9902J95
     K04V17C  C2004 11 14.36061 05 16 25.58 +07 49 55.1          16.0 Vdl9902G72
     K04V17C  C2004 11 14.36110 05 16 25.19 +07 49 53.5          16.1 Vdl9902G72
     K04V17C  C2004 11 14.36157 05 16 24.79 +07 49 52.1          15.9 Vdl9902G72
     K04V17C  C2004 11 14.36206 05 16 24.40 +07 49 50.4          16.2 Vdl9902G72
     K04V17C  C2004 11 14.36253 05 16 24.00 +07 49 48.8          16.2 Vdl9902G72
     K04V17C  C2004 11 14.36301 05 16 23.59 +07 49 47.4          16.0 Vdl9902G72
     K04V17C  C2004 11 14.36348 05 16 23.22 +07 49 45.8          16.2 Vdl9902G72
     K04V17C  C2004 11 14.36397 05 16 22.83 +07 49 44.3          16.0 Vdl9902G72
     K04V17C  C2004 11 14.36444 05 16 22.43 +07 49 42.7          16.3 Vdl9902G72
     K04V17C  C2004 11 14.36492 05 16 21.97 +07 49 40.8          15.9 Vdl9902G72
     K04V17C  C2004 11 14.36539 05 16 21.69 +07 49 39.3          16.0 Vdl9902G72
     K04V17C  C2004 11 14.36588 05 16 21.23 +07 49 38.1          16.0 Vdl9902G72
     K04V17C  C2004 11 14.36635 05 16 20.84 +07 49 36.5          16.1 Vdl9902G72
     K04V17C  C2004 11 14.36684 05 16 20.43 +07 49 35.1          16.0 Vdl9902G72
     K04V17C  C2004 11 14.36731 05 16 20.04 +07 49 33.4          16.3 Vdl9902G72
     K04V17C  C2004 11 14.36880 05 16 18.86 +07 49 28.6          16.3 Vdl9902G72
     K04V17C  C2004 11 14.36928 05 16 18.43 +07 49 27.4          15.8 Vdl9902G72
     K04V17C  C2004 11 14.36976 05 16 18.04 +07 49 25.4          16.0 Vdl9902G72
     K04V17C  C2004 11 14.37023 05 16 17.64 +07 49 24.3          15.9 Vdl9902G72
     K04V17C  C2004 11 14.37072 05 16 17.25 +07 49 22.5          16.1 Vdl9902G72
     K04V17C  C2004 11 14.37471 05 16 13.95 +07 49 09.7          16.2 Vdl9902G72
     K04V17C  C2004 11 14.37520 05 16 13.55 +07 49 08.1          16.0 Vdl9902G72
     K04V17C  C2004 11 14.37567 05 16 13.15 +07 49 06.5          15.9 Vdl9902G72
     K04V17C  C2004 11 14.37616 05 16 12.76 +07 49 05.1          16.1 Vdl9902G72
     K04V17C  C2004 11 14.37663 05 16 12.37 +07 49 03.5          16.1 Vdl9902G72
     K04V17C  C2004 11 14.37712 05 16 11.96 +07 49 02.0          16.0 Vdl9902G72
     K04V17C  C2004 11 14.37759 05 16 11.57 +07 49 00.3          16.1 Vdl9902G72
     K04V17C  C2004 11 14.37808 05 16 11.17 +07 48 59.0          16.2 Vdl9902G72
     K04V17C  C2004 11 14.37856 05 16 10.78 +07 48 57.0          16.1 Vdl9902G72
     K04V17C  C2004 11 14.37904 05 16 10.37 +07 48 55.6          16.0 Vdl9902G72
     K04V17C  C2004 11 14.37953 05 16 09.98 +07 48 54.3          16.2 Vdl9902G72
     K04V17C  C2004 11 14.38000 05 16 09.60 +07 48 52.6          16.2 Vdl9902G72
     K04V17C  C2004 11 14.38047 05 16 09.19 +07 48 51.0          16.2 Vdl9902G72
     K04V17C  C2004 11 14.38096 05 16 08.80 +07 48 49.5          16.1 Vdl9902G72
     K04V17C  C2004 11 14.38144 05 16 08.40 +07 48 48.0          15.8 Vdl9902G72
     K04V17C  C2004 11 14.38192 05 16 08.01 +07 48 46.5          16.1 Vdl9902G72
     K04V17C  C2004 11 14.38240 05 16 07.60 +07 48 44.9          16.2 Vdl9902G72
     K04V17C  C2004 11 14.38287 05 16 07.20 +07 48 43.6          16.3 Vdl9902G72
     K04V17C  C2004 11 14.38336 05 16 06.83 +07 48 42.0          16.3 Vdl9902G72
     K04V17C  C2004 11 14.38383 05 16 06.41 +07 48 40.4          16.2 Vdl9902G72
     K04V17C  C2004 11 15.31284 05 04 17.86 +07 01 06.3                cm0624670
     K04V17C  C2004 11 15.31998 05 04 12.61 +07 00 45.6                cm0624670
     K04V17C  C2004 11 15.33013 05 04 05.17 +07 00 16.2                cm0624670
     K04V17C  C2004 11 15.35344 05 03 48.00 +06 59 08.3                cm0624670
     K04V17C  C2004 11 15.39501 05 03 17.54 +06 57 08.9          16.0 Vdl9902G72
     K04V17C  C2004 11 15.39550 05 03 17.17 +06 57 06.7          15.7 Vdl9902G72
     K04V17C  C2004 11 15.39594 05 03 16.81 +06 57 05.4          16.0 Vdl9902G72
     K04V17C  C2004 11 15.39642 05 03 16.49 +06 57 04.3          16.5 Vdl9902G72
     K04V17C  C2004 11 15.39688 05 03 16.13 +06 57 02.6          16.4 Vdl9902G72
     K04V17C  C2004 11 15.39733 05 03 15.83 +06 57 01.1          15.7 Vdl9902G72
     K04V17C  C2004 11 15.39777 05 03 15.50 +06 57 00.0          15.7 Vdl9902G72
     K04V17C  C2004 11 15.39822 05 03 15.14 +06 56 58.3          16.4 Vdl9902G72
     K04V17C  C2004 11 15.39872 05 03 14.79 +06 56 57.4          16.3 Vdl9902G72
     K04V17C  C2004 11 15.39917 05 03 14.47 +06 56 56.2          16.1 Vdl9902G72
     K04V17C  C2004 11 15.39966 05 03 14.11 +06 56 54.6          16.2 Vdl9902G72
     K04V17C  C2004 11 15.40012 05 03 13.77 +06 56 53.3          16.0 Vdl9902G72
     K04V17C  C2004 11 15.40060 05 03 13.38 +06 56 52.1          15.9 Vdl9902G72
     K04V17C  C2004 11 15.40109 05 03 13.07 +06 56 50.8          16.2 Vdl9902G72
     K04V17C  C2004 11 15.40159 05 03 12.71 +06 56 49.3          16.3 Vdl9902G72
     K04V17C  C2004 11 15.40207 05 03 12.34 +06 56 47.9          16.4 Vdl9902G72
     K04V17C  C2004 11 15.40256 05 03 12.00 +06 56 46.6          15.9 Vdl9902G72
     K04V17C  C2004 11 15.40300 05 03 11.66 +06 56 45.3          16.0 Vdl9902G72
     K04V17C  C2004 11 15.40348 05 03 11.31 +06 56 43.9          16.2 Vdl9902G72
     K04V17C  C2004 11 15.40398 05 03 10.95 +06 56 41.9          16.3 Vdl9902G72
     K04V17C  C2004 11 15.40686 05 03 08.85 +06 56 33.8          16.1 Vdl9902G72
     K04V17C  C2004 11 15.40735 05 03 08.48 +06 56 32.5          16.1 Vdl9902G72
     K04V17C  C2004 11 15.40779 05 03 08.18 +06 56 31.0          16.1 Vdl9902G72
     K04V17C  C2004 11 15.40828 05 03 07.81 +06 56 29.4          16.2 Vdl9902G72
     K04V17C  C2004 11 15.40873 05 03 07.48 +06 56 28.7          16.1 Vdl9902G72
     K04V17C  C2004 11 15.40921 05 03 07.14 +06 56 27.2          16.3 Vdl9902G72
     K04V17C  C2004 11 15.40965 05 03 06.80 +06 56 25.2          16.3 Vdl9902G72
     K04V17C  C2004 11 15.41012 05 03 06.47 +06 56 24.4          16.1 Vdl9902G72
     K04V17C  C2004 11 15.41060 05 03 06.13 +06 56 22.8          16.2 Vdl9902G72
     K04V17C  C2004 11 15.41109 05 03 05.77 +06 56 21.7          16.6 Vdl9902G72
     K04V17C  C2004 11 15.41154 05 03 05.44 +06 56 20.4          16.3 Vdl9902G72
     K04V17C  C2004 11 15.41203 05 03 05.12 +06 56 18.6          16.0 Vdl9902G72
     K04V17C  C2004 11 15.41248 05 03 04.72 +06 56 17.4          16.2 Vdl9902G72
     K04V17C  C2004 11 15.41296 05 03 04.44 +06 56 16.8          16.2 Vdl9902G72
     K04V17C  C2004 11 15.41345 05 03 04.02 +06 56 14.5          16.3 Vdl9902G72
     K04V17C  C2004 11 15.41394 05 03 03.69 +06 56 13.3          16.0 Vdl9902G72
     K04V17C  C2004 11 15.41442 05 03 03.36 +06 56 11.8          16.0 Vdl9902G72
     K04V17C  C2004 11 15.41491 05 03 02.98 +06 56 10.3          16.0 Vdl9902G72
     K04V17C  C2004 11 15.41539 05 03 02.65 +06 56 08.8          15.9 Vdl9902G72
     K04V17C  C2004 11 15.41589 05 03 02.24 +06 56 07.5          16.2 Vdl9902G72
     K04V17C  C2004 11 15.41811 05 03 00.68 +06 56 00.9          15.7 Vdl9902G72
     K04V17C  C2004 11 15.41860 05 03 00.31 +06 55 59.6          15.9 Vdl9902G72
     K04V17C  C2004 11 15.41909 05 02 59.98 +06 55 58.5          16.1 Vdl9902G72
     K04V17C  C2004 11 15.41957 05 02 59.61 +06 55 56.8          16.0 Vdl9902G72
     K04V17C  C2004 11 15.42006 05 02 59.21 +06 55 55.6          16.4 Vdl9902G72
     K04V17C  C2004 11 15.42054 05 02 58.87 +06 55 53.8          16.0 Vdl9902G72
     K04V17C  C2004 11 15.42100 05 02 58.55 +06 55 52.7          15.9 Vdl9902G72
     K04V17C  C2004 11 15.42147 05 02 58.33 +06 55 50.3          16.1 Vdl9902G72
     K04V17C  C2004 11 15.42192 05 02 57.90 +06 55 49.9          15.6 Vdl9902G72
     K04V17C  C2004 11 15.42236 05 02 57.56 +06 55 49.0          15.9 Vdl9902G72
     K04V17C  C2004 11 15.42647 05 02 54.58 +06 55 37.0          15.6 Vdl9902G72
     K04V17C  C2004 11 15.42692 05 02 54.27 +06 55 35.8          15.8 Vdl9902G72
     K04V17C  C2004 11 15.42742 05 02 53.89 +06 55 34.3          15.9 Vdl9902G72
     K04V17C  C2004 11 15.42791 05 02 53.55 +06 55 32.9          15.9 Vdl9902G72
     K04V17C  C2004 11 15.42836 05 02 53.20 +06 55 31.2          15.9 Vdl9902G72
     K04V17C  C2004 11 15.42914 05 02 52.64 +06 55 29.0          16.2 Vdl9902G72
     K04V17C  C2004 11 15.42959 05 02 52.30 +06 55 28.2          16.3 Vdl9902G72
     K04V17C  C2004 11 15.43009 05 02 51.97 +06 55 26.5          16.5 Vdl9902G72
     K04V17C  C2004 11 15.43053 05 02 51.67 +06 55 25.4          16.1 Vdl9902G72
     K04V17C  C2004 11 15.43102 05 02 51.26 +06 55 24.1          15.9 Vdl9902G72
     K04V17C  C2004 11 15.63611 05 00 28.42 +06 45 37.9          16.2 Vrl9902379
     K04V17C  C2004 11 15.64184 05 00 24.36 +06 45 22.3                rl9902379
     K04V17C  C2004 11 15.64872 05 00 19.45 +06 45 03.0                rl9902379
     K04V17C  C2004 11 15.91285 04 57 20.20 +06 32 39.2          16.1  rl9902469
     K04V17C  C2004 11 15.91562 04 57 18.30 +06 32 31.9          16.1  rl9902469
     K04V17C  C2004 11 15.91892 04 57 16.05 +06 32 23.0          16.2  rl9902469
     K04V17C  C2004 11 15.92101 04 57 14.63 +06 32 16.9          16.1  rl9902469
     K04V17C  C2004 11 15.92309 04 57 13.20 +06 32 11.6          16.1  rl9902469
     K04V17C  C2004 11 15.92535 04 57 11.66 +06 32 05.4          16.1  rl9902469
     K04V17C  C2004 11 15.93003 04 57 08.48 +06 31 52.5          15.9  rl9902469
     K04V17C  C2004 11 15.94637 04 56 57.17 +06 31 07.7                cl9902246
     K04V17C  C2004 11 15.94679 04 56 56.85 +06 31 06.4                cl9902246
     K04V17C  C2004 11 15.94874 04 56 55.55 +06 31 01.2                cl9902246
     K04V17C  C2004 11 15.94917 04 56 55.25 +06 30 59.9                cl9902246
     K04V17C  C2004 11 15.94976 04 56 54.88 +06 30 58.6                cl9902246
     K04V17C  C2004 11 15.98197 04 56 33.18 +06 29 31.9          16.2 Vrl9902A16
     K04V17C  C2004 11 15.98341 04 56 32.20 +06 29 28.1          16.3 Vrl9902A16
     K04V17C  C2004 11 15.98543 04 56 30.85 +06 29 22.6          16.4 Vrl9902A16
     K04V17C  C2004 11 15.98566 04 56 30.69 +06 29 22.0          16.3 Vrl9902A16
     K04V17C  C2004 11 15.99579 04 56 23.82 +06 28 54.3          16.2 Vrl9902A16
     K04V17C  C2004 11 15.99814 04 56 22.23 +06 28 48.1          16.2 Vrl9902A16
     K04V17C  C2004 11 16.60737 04 49 51.82 +06 02 18.7          15.9 Vrl9902379
     K04V17C  C2004 11 16.60887 04 49 50.90 +06 02 14.3          16.4 Vrl9902379
     K04V17C  C2004 11 16.64000 04 49 31.20 +06 00 55.6          16.6 Vrl9902379
     K04V17C  C2004 11 16.64448 04 49 28.36 +06 00 44.2          16.4 Vrl9902379
     K04V17C  C2004 11 16.87852 04 47 07.39 +05 50 55.0          15.5 Rcl9902108
     K04V17C  C2004 11 16.88125 04 47 05.72 +05 50 48.8          15.7 Rcl9902108
     K04V17C  C2004 11 16.88356 04 47 04.26 +05 50 42.9          15.7 Rcl9902108
     K04V17C  C2004 11 16.88634 04 47 02.57 +05 50 35.9          15.6 Rcl9902108
     K04V17C  C2004 11 16.88912 04 47 00.94 +05 50 29.5          15.6 Rcl9902108
     K04V17C  C2004 11 16.89271 04 46 58.68 +05 50 20.3          15.6 Rcl9902108
     K04V17C  C2004 11 16.93979 04 46 30.50 +05 48 28.1          16.2 R l9902176
     K04V17C  C2004 11 16.94041 04 46 30.13 +05 48 26.6          16.1 R l9902176
     K04V17C  C2004 11 16.94100 04 46 29.77 +05 48 25.1          16.2 R l9902176
     K04V17C  C2004 11 16.94160 04 46 29.41 +05 48 23.7          16.1 R l9902176
     K04V17C  C2004 11 16.97551 04 46 08.58 +05 46 57.3          16.2 Vrl9902A16
     K04V17C  C2004 11 16.97844 04 46 06.83 +05 46 50.3          16.5 Vrl9902A16
     K04V17C  C2004 11 16.98353 04 46 03.60 +05 46 39.2          16.8 Vcm0624A48
     K04V17C  C2004 11 16.98574 04 46 02.29 +05 46 33.0          16.9 Vcm0624A48
     K04V17C  C2004 11 16.98795 04 46 00.93 +05 46 28.0          16.7 Vcm0624A48
     K04V17C  C2004 11 17.34216 04 42 34.72 +05 32 31.8          16.3 Rrl9902H41
     K04V17C  C2004 11 17.34615 04 42 32.43 +05 32 22.6          16.4 Rrl9902H41
     K04V17C  C2004 11 17.34701 04 42 31.95 +05 32 20.2          16.2 Rrl9902H41
     K04V17C  C2004 11 17.34827 04 42 31.20 +05 32 17.5          16.3 Rrl9902H41
     K04V17C  C2004 11 17.34975 04 42 30.36 +05 32 14.2          16.3 Rrl9902H41
     K04V17C  C2004 11 18.36195 04 33 28.92 +04 55 15.3 MPS11990216.5 Rc53585671
     K04V17C  C2004 11 18.36295 04 33 28.39 +04 55 13.2 MPS11990216.5 Rc53585671
     K04V17C  C2004 11 18.36403 04 33 27.85 +04 55 11.0 MPS11990216.5 Rc53585671
     K04V17C  C2004 11 18.36506 04 33 27.31 +04 55 08.7 MPS11990216.5 Rc53585671
     K04V17C  C2004 11 18.36609 04 33 26.78 +04 55 06.7 MPS11990216.5 Rc53585671
     K04V17C  C2004 11 18.36712 04 33 26.25 +04 55 04.6 MPS11990216.5 Rc53586671
     K04V17C  C2004 11 18.36815 04 33 25.70 +04 55 02.4 MPS11990216.5 Rc53586671
     K04V17C  C2004 11 18.36918 04 33 25.18 +04 55 00.3 MPS11990216.4 Rc53586671
     K04V17C  C2004 11 18.37021 04 33 24.63 +04 54 58.1 MPS11990216.5 Rc53586671
     K04V17C  C2004 11 18.37124 04 33 24.11 +04 54 56.0 MPS11990216.5 Rc53586671
     K04V17C  C2004 11 18.37227 04 33 23.58 +04 54 53.9 MPS11990216.5 Rc53586671
     K04V17C  C2004 11 18.37330 04 33 23.04 +04 54 51.8 MPS11990216.5 Rc53586671
     K04V17C  C2004 11 19.27766 04 26 10.18 +04 25 22.8                cm0624670
     K04V17C  C2004 11 19.30008 04 25 59.74 +04 24 42.0                cm0624670
     K04V17C  C2004 11 19.32714 04 25 47.07 +04 23 52.1                cm0624670
     K04V17C  C2004 11 19.37439 04 25 25.12 +04 22 25.5                cm0624670
     K04V17C  C2004 11 19.94245 04 21 17.29 +04 05 34.5          16.9  rm0624130
     K04V17C  C2004 11 19.94498 04 21 16.19 +04 05 30.4          16.7  rm0624130
     K04V17C  C2004 11 19.94633 04 21 15.61 +04 05 28.1          16.7  rm0624130
     K04V17C  C2004 11 19.94769 04 21 15.03 +04 05 26.0          17.0  rm0624130
     K04V17C 1C2004 11 20.07167 04 20 21.50 +04 01 50.6                om1772084
     K04V17C  C2004 11 20.95653 04 14 29.47 +03 38 27.8          16.3 Rcm0624108
     K04V17C  C2004 11 20.95822 04 14 28.90 +03 38 24.7          16.1 Rcm0624108
     K04V17C  C2004 11 20.96053 04 14 27.99 +03 38 18.5          16.0 Rcm0624108
     K04V17C  C2004 11 20.96250 04 14 27.15 +03 38 16.1          16.3 Rcm0624108
     K04V17C  C2004 11 20.98473 04 14 18.55 +03 37 42.9          16.3 Vdm0624A56
     K04V17C  C2004 11 20.98789 04 14 17.29 +03 37 38.3          16.5 Vdm0624A56
     K04V17C  C2004 11 20.99458 04 14 14.68 +03 37 28.9          16.1 Vdm0624A56
     K04V17C  C2004 11 21.00124 04 14 12.11 +03 37 18.2          16.2 Vdm0624A56
     K04V17C 1C2004 11 22.85982 04 03 32.42 +02 55 36.6                om1772084
     K04V17C  C2004 11 23.94417 03 58 10.67 +02 35 28.2          16.7 Vrm0624A16
     K04V17C  C2004 11 23.94690 03 58 09.81 +02 35 25.3          17.0 Vrm0624A16
     K04V17C  C2004 11 23.95216 03 58 08.31 +02 35 19.7          17.2 Vrm0624A16
     K04V17C  C2004 11 23.95737 03 58 06.83 +02 35 14.4          17.1 Vrm0624A16
     K04V17C  C2004 11 23.96256 03 58 05.33 +02 35 09.0          17.1 Vrm0624A16
     K04V17C  C2004 11 23.96774 03 58 03.83 +02 35 03.9          17.1 Vrm0624A16
     K04V17C 1C2004 11 25.95804 03 49 35.75 +02 04 31.2                om1772084
     K04V17C 1C2004 11 25.98197 03 49 30.07 +02 04 11.9                om1772084
     K04V17C  C2004 11 26.02541 03 49 19.85 +02 03 39.8          17.4 Rcm0624118
     K04V17C  C2004 11 26.03247 03 49 18.22 +02 03 34.6          17.1 Rcm0624118
     K04V17C  C2004 11 26.03640 03 49 17.19 +02 03 31.5          17.1 Rcm0624118
     K04V17C  C2004 11 26.03875 03 49 16.70 +02 03 29.1          17.3 Rcm0624118
     K04V17C  C2004 11 26.03993 03 49 16.43 +02 03 28.4          17.2 Rcm0624118
     K04V17C  C2004 11 30.00679 03 36 31.46 +01 22 42.6          18.1 Rrm0624118
     K04V17C  C2004 11 30.01034 03 36 30.87 +01 22 40.8          18.4 Rrm0624118
     K04V17C  C2004 11 30.01387 03 36 30.30 +01 22 39.5          18.3 Rrm0624118
     K04V17C  C2004 12 02.22291 03 31 09.08 +01 08 30.0          18.4 Rrm0624G70
     K04V17C  C2004 12 02.23674 03 31 07.18 +01 08 25.6          18.2 Rrm0624G70
     K04V17C  C2004 12 02.26407 03 31 03.36 +01 08 16.9          18.3 Rrm0624G70
     K04V17C  C2004 12 02.30280 03 30 57.60 +01 08 04.2          18.2 Rrm0624H41
     K04V17C  C2004 12 02.30461 03 30 57.33 +01 08 02.8          18.3 Rrm0624H41
     K04V17C  C2004 12 02.30616 03 30 57.12 +01 08 03.3          18.4 Rrm0624H41
     K04V17C  C2004 12 02.30764 03 30 56.93 +01 08 03.1          18.2 Rrm0624H41
     K04V17C  C2004 12 02.55534 03 30 25.25 +01 07 08.0          18.1 Rrm0624E12
     K04V17C  C2004 12 02.56578 03 30 23.90 +01 07 04.0          18.2 Rrm0624E12
     K04V17C  C2004 12 02.57621 03 30 22.42 +01 07 02.3          18.4 Rrm0624E12
     K04V17C  C2004 12 02.58718 03 30 21.07 +01 06 58.4          19.2 Rrm0624E12
     K04V17C  C2004 12 04.28218 03 26 59.38 +00 59 25.8          18.4 Rom2727699
     K04V17C  C2004 12 04.29435 03 26 57.94 +00 59 22.3                om2727699
     K04V17C  C2004 12 04.30649 03 26 56.59 +00 59 20.3                om2727699
     K04V17C  C2004 12 04.31866 03 26 55.12 +00 59 17.8                om2727699
     K04V17C  C2004 12 07.19490 03 22 15.92 +00 52 08.3          18.8  cm1183704
     K04V17C  C2004 12 07.20796 03 22 14.72 +00 52 06.2          19.2  cm1183704
     K04V17C  C2004 12 07.22059 03 22 13.63 +00 52 05.2          19.0  cm1183704
     K04V17C  C2004 12 07.24539 03 22 11.34 +00 52 04.2          19.4  cm1183704
     K04V17C  C2004 12 07.94785 03 21 13.43 +00 51 05.6          18.5 Rcm1183587
     K04V17C  C2004 12 07.95105 03 21 13.14 +00 51 05.5          18.4 Rcm1183587
     K04V17C  C2004 12 07.95432 03 21 12.84 +00 51 05.2                cm1183587
     K04V17C  C2004 12 08.89694 03 20 01.08 +00 50 18.5                cm1183246
     K04V17C  C2004 12 08.89837 03 20 00.97 +00 50 19.1                cm1183246
     K04V17C  C2004 12 08.90216 03 20 00.66 +00 50 19.2                cm1183246
     K04V17C  C2004 12 08.90291 03 20 00.64 +00 50 18.7                cm1183246
     K04V17C  C2004 12 08.90370 03 20 00.55 +00 50 18.8                cm1183246
     K04V17C  C2004 12 08.90433 03 20 00.52 +00 50 18.9                cm1183246
     K04V17C  C2004 12 10.88615 03 17 48.66 +00 50 14.0                cm1772246
     K04V17C  C2004 12 10.88691 03 17 48.61 +00 50 13.4                cm1772246
     K04V17C  C2004 12 10.88791 03 17 48.53 +00 50 13.5                cm1772246
     K04V17C  C2004 12 10.88875 03 17 48.50 +00 50 13.0                cm1772246
     K04V17C  C2004 12 10.88942 03 17 48.40 +00 50 13.1                cm1772246
     K04V17C  C2004 12 10.89059 03 17 48.35 +00 50 12.8                cm1772246
     K04V17C  C2004 12 12.19805203 16 34.495+00 51 13.13                ~0Yuk645
     K04V17C  C2004 12 12.19888203 16 34.446+00 51 13.41                ~0Yuk645
     K04V17C  C2004 12 12.19971103 16 34.395+00 51 13.84                ~0Yuk645
     K04V17C  C2004 12 12.20054003 16 34.346+00 51 13.38                ~0Yuk645
     K04V17C  C2004 12 12.20136903 16 34.299+00 51 13.38                ~0Yuk645
     K04V17C  C2004 12 12.21395 03 16 33.65 +00 51 14.8          19.4  cm1772704
     K04V17C  C2004 12 12.22881 03 16 32.72 +00 51 15.0          19.5  cm1772704
     K04V17C  C2004 12 12.24337 03 16 31.89 +00 51 15.5          19.7  cm1772704
     K04V17C  C2004 12 12.25781 03 16 31.05 +00 51 16.8          19.5  cm1772704
     K04V17C  C2004 12 12.27233 03 16 30.22 +00 51 17.2          19.7  cm1772704
     K04V17C  C2004 12 12.89330 03 15 58.90 +00 51 59.4          20.2 Rcm1772560
     K04V17C  C2004 12 12.89920 03 15 58.60 +00 51 59.8          20.1 Rcm1772560
     K04V17C  C2004 12 12.90392 03 15 58.36 +00 52 00.2          20.2 Rcm1772560
     K04V17C  C2004 12 14.26039603 14 56.198+00 54 08.86         19.38r ~0Yuk645
     K04V17C  C2004 12 14.26122503 14 56.160+00 54 08.96                ~0Yuk645
     K04V17C  C2004 12 14.26288303 14 56.086+00 54 08.93                ~0Yuk645
     K04V17C  C2004 12 14.26371303 14 56.045+00 54 09.00                ~0Yuk645
     K04V17C  C2007 02 20.50378 11 24 55.25 -48 19 56.0          19.0 Rou0378474
     K04V17C  C2007 02 20.50583 11 24 55.05 -48 20 02.0          19.3 Rou0378474
     K04V17C IC2007 02 20.51095 11 24 54.53 -48 20 17.5          19.4 Rou0378474
     K04V17C  C2007 02 20.51367 11 24 54.28 -48 20 25.1          19.4 Rou0378474
     K04V17C  C2007 02 21.65191 11 23 01.46 -49 16 54.3          19.3 Rou0378474
     K04V17C  C2007 02 21.65561 11 23 01.07 -49 17 05.4          19.4 Rou0378474
     K04V17C  C2007 02 21.65942 11 23 00.69 -49 17 16.9          18.6 Rou0378474
     K04V17C  C2007 03 23.23350 03 03 58.75 -63 58 43.9          17.9 Vru5548F85
     K04V17C  C2007 03 23.26683 03 03 17.57 -63 52 44.4          18.1 Vru5548F85
