     K04Y23Z & 1986 02 08.43182 04 09 13.29 -54 06 40.6                go1719413
     K04Y23Z & 1986 02 08.51515 04 09 01.34 -54 07 14.0                go1719413
     K04Y23Z* C2004 12 22.57473 06 40 53.07 -36 43 33.0          17.4 Rrm2893E12
     K04Y23Z  C2004 12 22.58329 06 40 51.84 -36 43 58.7          17.1 Rrm2893E12
     K04Y23Z  C2004 12 22.59178 06 40 50.64 -36 44 24.2          17.6 Rrm2893E12
     K04Y23Z  C2004 12 22.60025 06 40 49.41 -36 44 49.7          17.2 Rrm2893E12
     K04Y23Z  C2004 12 22.65007 06 40 42.32 -36 47 19.4          17.6 Rrm2893E12
     K04Y23Z  C2004 12 22.65897 06 40 41.04 -36 47 46.9          17.3 Rrm2893E12
     K04Y23Z  C2004 12 22.66791 06 40 39.80 -36 48 13.4          17.6 Rrm2893E12
     K04Y23Z  C2004 12 22.67686 06 40 38.49 -36 48 40.0          17.7 Rrm2893E12
     K04Y23Z  C2004 12 22.74466 06 40 28.91 -36 52 02.1          17.3 Rrm2893E12
     K04Y23Z  C2004 12 22.74870 06 40 28.27 -36 52 14.3          16.9 Rrm2893E12
     K04Y23Z  C2004 12 22.75073 06 40 27.99 -36 52 19.8          17.4 Rrm2893E12
     K04Y23Z  C2004 12 23.46260 06 38 48.65 -37 27 50.3          17.7 Rrm2893E12
     K04Y23Z  C2004 12 23.46347 06 38 48.48 -37 27 53.0          18.0 Rrm2893E12
     K04Y23Z  C2004 12 23.46436 06 38 48.38 -37 27 56.1          17.8 Rrm2893E12
     K04Y23Z  C2004 12 23.46602 06 38 48.17 -37 28 01.4          17.9 Rrm2893E12
     K04Y23Z  C2004 12 23.50946 06 38 41.80 -37 30 11.1          17.7 Rrm2893E12
     K04Y23Z  C2004 12 23.51015 06 38 41.72 -37 30 12.8          18.0 Rrm2893E12
     K04Y23Z  C2004 12 23.51084 06 38 41.56 -37 30 15.4          17.8 Rrm2893E12
     K04Y23Z  C2004 12 23.51154 06 38 41.50 -37 30 17.6          17.9 Rrm2893E12
     K04Y23Z  C2004 12 24.34108 06 36 40.83 -38 11 26.2          17.9 Vrm2893H36
     K04Y23Z  C2004 12 24.35054 06 36 39.44 -38 11 53.0          17.1 Vrm2893H36
     K04Y23Z  C2004 12 25.49961 06 33 48.11 -39 07 46.2          17.1 Rcm3385474
     K04Y23Z  C2004 12 25.50250 06 33 47.64 -39 07 54.6          17.1 Rcm3385474
     K04Y23Z  C2004 12 25.50654 06 33 47.03 -39 08 06.3          17.2 Rcm3385474
     K04Y23Z  C2004 12 25.50924 06 33 46.61 -39 08 14.2          17.3 Rcm3385474
     K04Y23Z  C2004 12 26.54023 06 31 07.42 -39 57 46.9          17.8 Rrm3385E17
     K04Y23Z  C2004 12 26.54274 06 31 07.00 -39 57 54.4          17.9 Rrm3385E17
     K04Y23Z  C2004 12 26.54532 06 31 06.60 -39 58 02.1          18.5 Rrm3385E17
     K04Y23Z  C2004 12 31.60117 06 16 55.65 -43 48 33.2          17.9 Vrm3385428
     K04Y23Z  C2004 12 31.60284 06 16 55.33 -43 48 37.2          17.5 Vrm3385428
     K04Y23Z  C2004 12 31.60579 06 16 54.74 -43 48 45.4          18.0 Vrm3385428
     K04Y23Z  C2004 12 31.60818 06 16 54.42 -43 48 50.6          17.7 Vrm3385428
     K04Y23Z  C2005 01 03.08080 06 09 18.65 -45 32 55.9          17.8 Rrm3603I77
     K04Y23Z  C2005 01 03.08258 06 09 18.36 -45 33 00.5          18.1 Rrm3603I77
     K04Y23Z  C2005 01 03.08436 06 09 17.86 -45 33 04.1          18.1 Rrm3603I77
     K04Y23Z  C2005 01 17.08378 05 20 25.09 -53 12 09.4          16.8 Rcm4789844
     K04Y23Z  C2005 01 17.08547 05 20 24.73 -53 12 12.0          17.2 Rcm4789844
     K04Y23Z  C2005 01 17.08856 05 20 24.07 -53 12 16.2          17.1 Rcm4789844
     K04Y23Z  C2005 01 17.09007 05 20 23.72 -53 12 18.1          16.9 Rcm4789844
     K04Y23Z  C2005 01 17.09167 05 20 23.33 -53 12 21.4          17.1 Rcm4789844
     K04Y23Z 1C2005 01 31.58214 04 28 41.136-57 24 11.97         17.9 Rrm6398413
     K04Y23Z 1C2005 01 31.58972 04 28 39.607-57 24 16.79         17.8 Rrm6398413
     K04Y23Z 1C2005 01 31.59527 04 28 38.479-57 24 20.27         17.8 Rrm6398413
     K04Y23Z 1C2005 02 01.55475 04 25 29.531-57 34 48.04         17.8 Rrm6398413
     K04Y23Z 1C2005 02 01.56122 04 25 28.250-57 34 51.93         17.8 Rrm6398413
     K04Y23Z 1C2005 02 01.56862 04 25 26.779-57 34 56.42         17.9 Rrm6398413
     K04Y23Z  C2005 02 04.12117 04 17 18.69 -57 59 51.6          17.6 Rcm5751844
     K04Y23Z  C2005 02 04.13816 04 17 15.43 -58 00 00.3          17.8 Rcm5751844
     K04Y23Z  C2005 02 04.14806 04 17 13.49 -58 00 05.1          17.5 Rcm5751844
     K04Y23Z  C2005 02 04.16007 04 17 11.33 -58 00 11.4          17.4 Rcm5751844
     K04Y23Z  C2005 02 04.17110 04 17 09.18 -58 00 16.5          17.4 Rcm5751844
     K04Y23Z  C2005 03 15.44612 02 57 27.07 -61 12 25.6          17.2 Rcm9121474
     K04Y23Z  C2005 03 15.44959 02 57 26.78 -61 12 26.6          17.3 Rcm9121474
     K04Y23Z  C2005 03 15.45307 02 57 26.56 -61 12 27.6          17.3 Rcm9121474
     K04Y23Z 1C2005 04 02.40179 02 35 20.356-63 36 11.60         18.3 Rrn0772413
     K04Y23Z 1C2005 04 02.40364 02 35 20.201-63 36 12.81         18.4 Rrn0772413
     K04Y23Z 1C2005 04 02.40549 02 35 20.065-63 36 13.77         18.5 Rrn0772413
     K04Y23Z  C2005 04 17.46970 02 10 52.36 -67 23 14.7          17.5 Rcn2616474
     K04Y23Z  C2005 04 17.47039 02 10 52.28 -67 23 15.5          17.5 Rcn2616474
     K04Y23Z  C2005 04 17.47178 02 10 52.09 -67 23 17.5          17.5 Rcn2616474
     K04Y23Z  C2005 04 17.47421 02 10 51.71 -67 23 20.3          17.4 Rcn2616474
     K04Y23Z  C2005 04 17.47560 02 10 51.59 -67 23 22.0          17.5 Rcn2616474
     K04Y23Z  C2005 05 07.62666 00 03 36.17 -77 56 26.0                cn4005322
     K04Y23Z  C2005 05 07.63669 00 03 25.42 -77 56 50.2                cn4005322
     K04Y23Z  C2005 05 07.64721 00 03 14.40 -77 57 14.3                cn4005322
     K04Y23Z  C2005 05 20.63062 17 46 27.3  -71 25 34.3          17.0 Rrn5360E17
     K04Y23Z  C2005 05 20.63354 17 46 24.6  -71 25 15.7          17.3 Rrn5360E17
     K04Y23Z  C2005 05 20.63646 17 46 21.4  -71 24 52.5          17.7 Rrn5360E17
     K04Y23Z  C2005 05 22.46332 17 19 42.78 -67 16 19.0          15.3 Rrn5360E17
     K04Y23Z  C2005 05 22.46556 17 19 41.11 -67 15 59.8          15.3 Rrn5360E17
     K04Y23Z  C2005 05 22.46779 17 19 39.30 -67 15 40.2          15.5 Rrn5360E17
     K04Y23Z  C2005 05 25.10760 16 52 27.12 -60 20 13.5                 n7464834
     K04Y23Z  C2005 05 25.12438 16 52 18.37 -60 17 24.9                 n7464834
     K04Y23Z  C2005 05 25.13675 16 52 12.01 -60 15 21.2                 n7464834
     K04Y23Z  C2005 05 30.18209 16 21 30.89 -45 09 17.0                 n7464834
     K04Y23Z  C2005 05 30.19904 16 21 26.25 -45 06 09.0                 n7464834
     K04Y23Z  C2005 05 30.23865 16 21 15.47 -44 58 47.7                 n7464834
     K04Y23Z  C2005 05 31.13660 16 17 34.89 -42 13 13.2          14.2 Rrn5607I77
     K04Y23Z  C2005 05 31.13713 16 17 34.76 -42 13 07.3          14.1 Rrn5607I77
     K04Y23Z  C2005 05 31.13819 16 17 34.50 -42 12 55.6          14.2 Rrn5607I77
     K04Y23Z  C2005 06 06.55826 15 59 35.43 -23 58 39.8          13.8 Vrn5961379
     K04Y23Z  C2005 06 06.55941 15 59 35.29 -23 58 28.8          13.7 Vrn5961379
     K04Y23Z  C2005 06 06.56056 15 59 35.13 -23 58 18.4          13.7 Vrn5961379
     K04Y23Z  C2005 06 06.56514 15 59 34.56 -23 57 37.4          13.6 Vrn5961379
     K04Y23Z  C2005 06 06.56743 15 59 34.28 -23 57 16.8          13.5 Vrn5961379
     K04Y23Z  C2005 06 06.56858 15 59 34.13 -23 57 06.4          13.6 Vrn5961379
     K04Y23Z  C2005 06 09.41650 15 54 42.85 -17 17 11.1          14.7  cn5961608
     K04Y23Z  C2005 06 09.42754 15 54 41.81 -17 15 45.8          14.6  cn5961608
     K04Y23Z  C2005 06 09.43817 15 54 40.75 -17 14 22.4          14.6  cn5961608
     K04Y23Z  C2005 06 10.20912 15 53 36.45 -15 36 46.7          14.2  cn6539704
     K04Y23Z  C2005 06 10.22109 15 53 35.39 -15 35 17.9          14.5  cn6539704
     K04Y23Z  C2005 06 10.23477 15 53 34.08 -15 33 36.1          14.5  cn6539704
     K04Y23Z  C2005 06 10.24772 15 53 33.02 -15 32 00.4          14.4  cn6539704
     K04Y23Z  C2005 06 10.25848 15 53 32.06 -15 30 40.5          14.6  cn6539704
     K04Y23Z  C2005 06 11.85400 15 51 33.94 -12 22 58.9          15.0  rn6539130
     K04Y23Z  C2005 06 11.85479 15 51 33.89 -12 22 53.8          15.1  rn6539130
     K04Y23Z  C2005 06 11.85557 15 51 33.83 -12 22 48.6          15.1  rn6539130
     K04Y23Z  C2005 06 11.85634 15 51 33.77 -12 22 43.4          14.9  rn6539130
     K04Y23Z  C2005 06 11.85712 15 51 33.70 -12 22 38.3          15.0  rn6539130
     K04Y23Z  C2005 06 11.94503 15 51 27.37 -12 12 48.2          15.1 Vrn6539941
     K04Y23Z  C2005 06 11.94647 15 51 27.27 -12 12 38.6          15.3 Vrn6539941
     K04Y23Z  C2005 06 11.94891 15 51 27.08 -12 12 22.1          15.2 Vrn6539941
     K04Y23Z  C2005 06 11.94940 15 51 27.05 -12 12 19.1          15.2 Vrn6539941
     K04Y23Z  C2005 06 11.95085 15 51 26.94 -12 12 09.3          15.1 Vrn6539941
     K04Y23Z  C2005 06 12.30135 15 51 03.07 -11 33 32.6          14.6 Rrn6539H45
     K04Y23Z  C2005 06 12.30231 15 51 02.96 -11 33 26.4          14.9 Rrn6539H45
     K04Y23Z  C2005 06 12.30459 15 51 02.81 -11 33 11.5          14.9 Rrn6539H45
     K04Y23Z  C2005 06 15.21911 15 48 21.46 -06 43 57.3          15.3 Vcn6539691
     K04Y23Z  C2005 06 15.23648 15 48 20.52 -06 42 23.5          15.3 Vcn6539691
     K04Y23Z  C2005 06 15.25384 15 48 19.58 -06 40 49.8          15.3 Vcn6539691
     K04Y23Z  C2005 06 17.90289 15 46 33.64 -03 02 32.2          15.8 Vrn6539157
     K04Y23Z  C2005 06 17.90370 15 46 33.60 -03 02 28.7          15.5 Vrn6539157
     K04Y23Z  C2005 06 17.90451 15 46 33.57 -03 02 24.9          15.6 Vrn6539157
     K04Y23Z  C2005 06 17.90532 15 46 33.55 -03 02 21.2          15.7 Vrn6539157
     K04Y23Z  C2005 06 22.84586 15 44 37.50 +02 14 32.0          16.2 Vcn7464A48
     K04Y23Z  C2005 06 22.84845 15 44 37.44 +02 14 40.5          16.3 Vcn7464A48
     K04Y23Z  C2005 06 22.85142 15 44 37.39 +02 14 49.9          16.2 Vcn7464A48
     K04Y23Z  C2005 06 22.85403 15 44 37.35 +02 14 58.5          16.1 Vcn7464A48
     K04Y23Z  C2005 06 25.23635 15 44 11.48 +04 14 14.9          16.2  on7063644
     K04Y23Z  C2005 06 25.26601 15 44 11.11 +04 15 37.1          16.1  on7063644
     K04Y23Z  C2005 06 25.28608 15 44 10.88 +04 16 32.5          16.1  on7063644
     K04Y23Z  C2005 06 25.94907 15 44 06.91 +04 46 23.2          16.4 Vrn7063941
     K04Y23Z  C2005 06 25.95003 15 44 06.90 +04 46 25.8          16.2 Vrn7063941
     K04Y23Z  C2005 06 25.95101 15 44 06.89 +04 46 28.5          16.2 Vrn7063941
     K04Y23Z  C2005 06 25.95199 15 44 06.88 +04 46 31.0          16.3 Vrn7063941
     K04Y23Z  C2005 06 26.01851 15 44 06.81 +04 49 40.4          16.0 Rrn7063I77
     K04Y23Z  C2005 06 26.02087 15 44 06.77 +04 49 46.7          16.0 Rrn7063I77
     K04Y23Z  C2005 06 26.02402 15 44 06.75 +04 49 54.9          16.0 Rrn7063I77
     K04Y23Z  C2005 06 26.93957 15 44 03.04 +05 28 38.0          16.4  rn7063160
     K04Y23Z  C2005 06 26.94118 15 44 03.02 +05 28 41.8          16.3  rn7063160
     K04Y23Z  C2005 06 26.94249 15 44 03.01 +05 28 45.7          16.2  rn7063160
     K04Y23Z  C2005 06 26.94394 15 44 03.02 +05 28 48.5          16.2  rn7063160
     K04Y23Z  C2005 06 28.22511 15 44 02.10 +06 19 33.9          16.8  cn7063704
     K04Y23Z  C2005 06 28.23521 15 44 02.11 +06 19 56.7          17.2  cn7063704
     K04Y23Z  C2005 06 28.24539 15 44 02.02 +06 20 20.2          17.5  cn7063704
     K04Y23Z  C2005 06 28.25552 15 44 02.00 +06 20 42.7          17.3  cn7063704
     K04Y23Z  C2005 06 28.26566 15 44 01.94 +06 21 05.9          17.2  cn7063704
     K04Y23Z  C2005 06 29.87130 15 44 06.77 +07 18 42.8          16.4  on7063160
     K04Y23Z  C2005 06 29.87514 15 44 06.78 +07 18 51.7          16.7  on7063160
     K04Y23Z  C2005 06 29.88347 15 44 06.80 +07 19 07.5          16.6  on7063160
     K04Y23Z  C2005 07 02.91087 15 44 31.17 +08 52 36.7          17.0 Ron7464108
     K04Y23Z  C2005 07 02.91360 15 44 31.18 +08 52 42.0          16.5 Ron7464108
     K04Y23Z  C2005 07 02.91649 15 44 31.30 +08 52 44.8          16.7 Ron7464108
     K04Y23Z  C2005 07 02.92269 15 44 31.26 +08 52 56.9          16.4 Ron7464108
     K04Y23Z  C2005 07 02.92842 15 44 31.27 +08 53 06.0          16.3  on7464160
     K04Y23Z  C2005 07 02.93056 15 44 31.34 +08 53 10.6          16.5  on7464160
     K04Y23Z  C2005 07 02.93279 15 44 31.34 +08 53 13.8          16.3  on7464160
     K04Y23Z  C2005 07 02.93479 15 44 31.43 +08 53 17.6          16.5  on7464160
     K04Y23Z  C2005 07 10.15677 15 46 42.81 +11 33 47.4          17.1 Vrn7976703
     K04Y23Z  C2005 07 10.16156 15 46 42.88 +11 33 52.6          17.1 Vrn7976703
     K04Y23Z  C2005 07 10.16639 15 46 42.99 +11 33 57.3          17.1 Vrn7976703
     K04Y23Z  C2005 07 10.17120 15 46 43.10 +11 34 02.1          17.1 Vrn7976703
     K04Y23Z  C2005 07 14.88098 15 48 54.60 +12 44 04.1          17.6 Vrn8429170
     K04Y23Z  C2005 07 14.88407 15 48 54.69 +12 44 06.5          17.6 Vrn8429170
     K04Y23Z  C2005 07 14.88718 15 48 54.78 +12 44 09.3          17.4 Vrn8429170
     K04Y23Z  C2005 07 30.19729 15 59 10.61 +14 39 47.8          18.1  cn8897704
     K04Y23Z  C2005 07 30.20883 15 59 11.16 +14 39 50.5          18.3  cn8897704
     K04Y23Z  C2005 07 30.22040 15 59 11.66 +14 39 53.4          18.3  cn8897704
     K04Y23Z  C2005 07 30.23193 15 59 12.22 +14 39 55.5          18.5  cn8897704
     K04Y23Z  C2005 07 30.24349 15 59 12.73 +14 39 58.2          18.8  cn8897704
     K04Y23Z  C2005 08 28.23683 16 27 45.24 +14 47 48.0                t~1h5G644
     K04Y23Z  C2005 08 28.24775 16 27 45.89 +14 47 46.4                t~1h5G644
     K04Y23Z  C2005 08 29.79274 16 29 31.80 +14 45 02.3          19   Roo0223461
     K04Y23Z  C2005 08 29.79425 16 29 31.91 +14 45 02.2                oo0223461
     K04Y23Z  C2005 08 29.79574 16 29 32.03 +14 45 01.5                oo0223461
     K04Y23Z  C2005 08 29.79873 16 29 32.22 +14 45 01.6                oo0223461
     K04Y23Z  C2005 08 30.84673 16 30 44.66 +14 43 05.9                ro0223147
     K04Y23Z  C2005 08 30.85127 16 30 44.96 +14 43 05.1          19.9  ro0223147
     K04Y23Z KC2010 11 27.00759 04 59 44.82 +24 25 43.2                v~0Pib204
     K04Y23Z KC2010 11 27.02239 04 59 43.52 +24 25 31.3                v~0Pib204
     K04Y23Z KC2010 11 27.03225 04 59 42.61 +24 25 22.9          18.4 Rv~0Pib204
     K04Y23Z  C2010 11 30.33693 04 54 43.63 +23 38 39.8          18.6 Vr~0PibG96
     K04Y23Z  C2010 11 30.34418 04 54 42.98 +23 38 33.5          18.5 Vr~0PibG96
     K04Y23Z  C2010 11 30.35132 04 54 42.30 +23 38 27.2          18.6 Vr~0PibG96
     K04Y23Z  C2010 11 30.35858 04 54 41.61 +23 38 20.9          18.6 Vr~0PibG96
     K04Y23Z  C2010 12 01.25977 04 53 18.59 +23 25 12.8          19.3  c~0Pib704
     K04Y23Z  C2010 12 01.27312 04 53 17.22 +23 25 00.7          19.6  c~0Pib704
     K04Y23Z  C2010 12 01.28632 04 53 16.12 +23 24 48.6          20.1  c~0Pib704
     K04Y23Z  C2010 12 01.29955 04 53 14.80 +23 24 37.7          20.1  c~0Pib704
     K04Y23Z  C2010 12 01.31279 04 53 13.56 +23 24 24.0          20.1  c~0Pib704
     K04Y23Z  C2010 12 03.33382 04 50 04.48 +22 54 16.0          18.2 Vr~0PibG96
     K04Y23Z  C2010 12 03.34132 04 50 03.76 +22 54 09.2          18.5 Vr~0PibG96
     K04Y23Z  C2010 12 03.34888 04 50 03.04 +22 54 02.3          18.4 Vr~0PibG96
     K04Y23Z  C2010 12 03.35633 04 50 02.32 +22 53 55.6          18.4 Vr~0PibG96
     K04Y23Z  C2010 12 08.25243 04 42 16.30 +21 37 44.0          18.3 Vr~0Pib703
     K04Y23Z  C2010 12 08.25815 04 42 15.69 +21 37 38.7          18.3 Vr~0Pib703
     K04Y23Z  C2010 12 08.26971 04 42 14.76 +21 37 27.9          18.3 Vr~0Pib703
     K04Y23Z KC2010 12 09.13521504 40 51.63 +21 23 33.0          19.4 Vo~0PibH20
     K04Y23Z KC2010 12 09.13726404 40 51.47 +21 23 31.1          19.5 Vo~0PibH20
     K04Y23Z KC2010 12 09.13922804 40 51.24 +21 23 29.1          19.3 Vo~0PibH20
     K04Y23Z KC2010 12 09.14118104 40 51.05 +21 23 27.5          19.1 Vo~0PibH20
     K04Y23Z  C2010 12 13.14960 04 34 27.15 +20 17 50.8          18.5  c~0Pib704
     K04Y23Z  C2010 12 13.16282 04 34 25.91 +20 17 37.6          18.8  c~0Pib704
     K04Y23Z  C2010 12 13.17588 04 34 24.57 +20 17 24.3          19.0  c~0Pib704
     K04Y23Z  C2010 12 13.18894 04 34 23.36 +20 17 11.3          19.0  c~0Pib704
     K04Y23Z  C2010 12 13.20213 04 34 22.04 +20 16 58.9          19.0  c~0Pib704
     K04Y23Z KC2010 12 14.15680004 32 51.12 +20 01 04.5                o~0PibH20
     K04Y23Z KC2010 12 14.15995304 32 50.83 +20 01 01.7                o~0PibH20
     K04Y23Z KC2010 12 14.16293604 32 50.55 +20 00 59.0                o~0PibH20
     K04Y23Z KC2010 12 14.16590204 32 50.27 +20 00 55.7                o~0PibH20
     K04Y23Z  C2010 12 15.21848 04 31 10.63 +19 43 18.8          18.3 Vr~0Pib703
     K04Y23Z  C2010 12 15.22542 04 31 09.98 +19 43 12.9          18.8 Vr~0Pib703
     K04Y23Z  C2010 12 15.23229 04 31 09.26 +19 43 05.2          18.8 Vr~0Pib703
     K04Y23Z  C2010 12 15.23912 04 31 08.65 +19 42 58.9          18.1 Vr~0Pib703
     K04Y23Z  C2010 12 29.21776 04 10 36.26 +15 46 35.4          18.5 Vr~0Qml703
     K04Y23Z  C2010 12 29.22535 04 10 35.61 +15 46 27.9          19.3 Vr~0Qml703
     K04Y23Z  C2010 12 29.23292 04 10 35.04 +15 46 20.3          18.9 Vr~0Qml703
     K04Y23Z  C2010 12 29.24049 04 10 34.39 +15 46 12.2          18.9 Vr~0Qml703
     K04Y23Z KC2011 01 01.96828 04 05 49.70 +14 44 54.4          18.9 Rv~0RRh204
     K04Y23Z KC2011 01 01.97665 04 05 49.08 +14 44 46.2                v~0RRh204
     K04Y23Z KC2011 01 01.98527 04 05 48.43 +14 44 37.8                v~0RRh204
     K04Y23Z KC2011 01 02.12207404 05 38.61 +14 42 25.3          19.4 Vo~0QsrH20
     K04Y23Z KC2011 01 02.12702204 05 38.21 +14 42 20.9                o~0QsrH20
     K04Y23Z KC2011 01 02.13121304 05 37.95 +14 42 16.7          19.8 Vo~0QsrH20
     K04Y23Z KC2011 01 02.13559104 05 37.61 +14 42 11.9          19.5 Vo~0QsrH20
     K04Y23Z KC2011 01 03.17343604 04 22.80 +14 25 28.8          19.3 Vo~0QsrH20
     K04Y23Z KC2011 01 03.17548704 04 22.68 +14 25 26.8          19.0 Vo~0QsrH20
     K04Y23Z KC2011 01 03.17746404 04 22.50 +14 25 24.6                o~0QsrH20
     K04Y23Z KC2011 01 03.17944204 04 22.37 +14 25 22.5          18.9 Vo~0QsrH20
     K04Y23Z  C2011 01 03.21715 04 04 19.74 +14 24 47.2          19.6  c~0Qsr704
     K04Y23Z  C2011 01 03.24366 04 04 17.80 +14 24 22.0          19.1  c~0Qsr704
     K04Y23Z  C2011 01 03.25684 04 04 16.87 +14 24 09.3          19.6  c~0Qsr704
     K04Y23Z  C2011 01 10.13912 03 56 54.13 +12 37 38.1          19.3  c~0RRh704
     K04Y23Z  C2011 01 10.15338 03 56 53.35 +12 37 24.6          19.7  c~0RRh704
     K04Y23Z  C2011 01 10.16661 03 56 52.65 +12 37 14.2          19.9  c~0RRh704
     K04Y23Z  C2011 01 10.17988 03 56 51.75 +12 37 02.2          19.7  c~0RRh704
     K04Y23Z  C2011 01 10.19333 03 56 50.95 +12 36 49.9          20.0  c~0RRh704
     K04Y23Z KC2011 01 11.89367 03 55 16.29 +12 11 51.9          19.3 Ro~0RRhJ04
     K04Y23Z KC2011 01 11.90174 03 55 15.85 +12 11 44.6          19.1 Ro~0RRhJ04
     K04Y23Z KC2011 01 11.90984 03 55 15.40 +12 11 37.8          19.0 Ro~0RRhJ04
     K04Y23Z  C2011 01 21.13790403 48 26.07 +10 06 39.1          19.7 Vo~0RpaH21
     K04Y23Z  C2011 01 21.14378103 48 25.88 +10 06 34.8          19.0 Vo~0RpaH21
     K04Y23Z  C2011 01 21.14834303 48 25.70 +10 06 31.8          19.0 Vo~0RpaH21
     K04Y23Z  C2011 01 27.16343 03 45 34.48 +08 55 08.7          19.8 Vr~0Rpa703
     K04Y23Z  C2011 01 27.16915 03 45 34.27 +08 55 03.4          19.8 Vr~0Rpa703
     K04Y23Z  C2011 01 27.17480 03 45 34.23 +08 54 59.5          19.2 Vr~0Rpa703
     K04Y23Z  C2011 01 27.18051 03 45 34.12 +08 54 56.5          19.2 Vr~0Rpa703
     K04Y23Z  C2011 01 30.15402 03 44 36.91 +08 22 37.5          19.7  c~0SEZ704
     K04Y23Z  C2011 01 30.16699 03 44 36.71 +08 22 28.8          19.8  c~0SEZ704
     K04Y23Z  C2011 01 30.17989 03 44 36.42 +08 22 21.5          20.1  c~0SEZ704
     K04Y23Z  C2011 01 30.19276 03 44 36.33 +08 22 11.9          20.4  c~0SEZ704
     K04Y23Z  C2011 01 30.20565 03 44 36.03 +08 22 03.8          19.6  c~0SEZ704
     K04Y23Z  C2011 02 04.15607 03 43 40.44 +07 32 23.9          19.1 Vr~0SEZ703
     K04Y23Z  C2011 02 04.16441 03 43 40.40 +07 32 20.0          18.7 Vr~0SEZ703
     K04Y23Z  C2011 02 04.17277 03 43 40.40 +07 32 13.8          19.3 Vr~0SEZ703
     K04Y23Z  C2011 02 04.18107 03 43 40.47 +07 32 10.7          19.5 Vr~0SEZ703
