F4715K04L06B  C2004 06 12.36385 21 40 42.26 -01 36 12.1          18.5 Rdk9078703
F4715K04L06B  C2004 06 12.37254 21 40 44.31 -01 35 53.6          18.5 Rdk9078703
F4715K04L06B  C2004 06 12.38119 21 40 46.40 -01 35 38.5          18.5 Rdk9078703
F4715K04L06B* C2004 06 13.37369 21 44 52.25 -01 03 20.9          18.5  ck9078704
F4715K04L06B  C2004 06 13.38371 21 44 54.69 -01 03 01.0          18.4  ck9078704
F4715K04L06B  C2004 06 13.39373 21 44 57.13 -01 02 40.8          18.7  ck9078704
F4715K04L06B  C2004 06 13.40375 21 44 59.61 -01 02 20.7          18.9  ck9078704
F4715K04L06B  C2004 06 13.41377 21 45 02.10 -01 02 01.3          18.8  ck9078704
F4715K04L06B  C2004 06 14.00931 21 47 33.38 -00 42 12.5                rk9078557
F4715K04L06B  C2004 06 14.01043 21 47 33.66 -00 42 10.1                rk9078557
F4715K04L06B  C2004 06 14.01153 21 47 33.93 -00 42 08.2                rk9078557
F4715K04L06B  C2004 06 14.01263 21 47 34.21 -00 42 05.8                rk9078557
F4715K04L06B  C2004 06 14.01484 21 47 34.78 -00 42 01.6                rk9078557
F4715K04L06B  C2004 06 14.37298 21 49 06.92 -00 29 48.8          19.1  ck9078704
F4715K04L06B  C2004 06 14.37668 21 49 07.82 -00 29 40.2          18.9  ck9078704
F4715K04L06B  C2004 06 14.38339 21 49 09.57 -00 29 26.9          18.9  ck9078704
F4715K04L06B  C2004 06 14.38700 21 49 10.47 -00 29 19.8          18.8  ck9078704
F4715K04L06B  C2004 06 14.39368 21 49 12.14 -00 29 06.4          18.9  ck9078704
F4715K04L06B  C2004 06 14.39728 21 49 13.05 -00 28 58.1          19.2  ck9078704
F4715K04L06B  C2004 06 14.40396 21 49 14.75 -00 28 45.2          19.3  ck9078704
F4715K04L06B  C2004 06 14.40824 21 49 15.88 -00 28 36.0          19.2  ck9078704
F4715K04L06B  C2004 06 14.41435 21 49 17.34 -00 28 23.8          18.8  ck9078704
F4715K04L06B  C2004 06 14.41911 21 49 18.55 -00 28 13.3          19.0  ck9078704
F4715K04L06B  C2004 06 14.42473 21 49 20.01 -00 28 00.6          19.7 Rck9078854
F4715K04L06B  C2004 06 14.42583 21 49 20.33 -00 27 58.9          19.6 Rck9078854
F4715K04L06B  C2004 06 14.43171 21 49 21.99 -00 27 49.1          18.4 Rrk9078G70
F4715K04L06B  C2004 06 14.44604 21 49 25.56 -00 27 19.2          18.6 Rrk9078G70
F4715K04L06B  C2004 06 14.46056 21 49 29.25 -00 26 49.3          18.5 Rrk9078G70
F4715K04L06B  C2004 06 15.37507 21 53 29.82 +00 04 53.4          18.8  ck9078704
F4715K04L06B  C2004 06 15.38546 21 53 32.49 +00 05 15.2          18.5  ck9078704
F4715K04L06B  C2004 06 15.39583 21 53 35.21 +00 05 37.3          18.6  ck9078704
F4715K04L06B  C2004 06 15.40587 21 53 37.89 +00 05 58.5          18.6 Rck9078926
F4715K04L06B  C2004 06 15.40615 21 53 37.88 +00 05 58.9          18.6  ck9078704
F4715K04L06B  C2004 06 15.40723 21 53 38.27 +00 06 01.7          18.8 Rck9078926
F4715K04L06B  C2004 06 15.40863 21 53 38.66 +00 06 04.3          18.6 Rck9078926
F4715K04L06B  C2004 06 15.41656 21 53 40.58 +00 06 20.8          18.7  ck9078704
F4715K04L06B  C2004 06 16.37277 21 57 59.47 +00 40 30.5          18.3  ck9078704
F4715K04L06B  C2004 06 16.38291 21 58 02.21 +00 40 52.8          18.5  ck9078704
F4715K04L06B  C2004 06 16.39297 21 58 04.86 +00 41 14.3          19.0  ck9078704
F4715K04L06B  C2004 06 16.40303 21 58 07.58 +00 41 36.6          18.7  ck9078704
F4715K04L06B  C2004 06 16.41309 21 58 10.25 +00 41 59.4          19.4  ck9078704
F4715K04L06B  C2004 06 19.32414 22 12 07.44 +02 32 27.6          18.6  ck9599704
F4715K04L06B  C2004 06 19.33377 22 12 10.21 +02 32 50.1          19.1  ck9599704
F4715K04L06B  C2004 06 19.34661 22 12 14.04 +02 33 20.4          18.8  ck9599704
F4715K04L06B  C2004 06 19.36685 22 12 20.05 +02 34 08.4          19.3  ck9599704
F4715K04L06B  C2004 06 19.43325 22 12 39.65 +02 36 47.7          18.0 Rdk9599703
F4715K04L06B  C2004 06 19.44071 22 12 41.84 +02 37 05.6          17.6 Rdk9599703
F4715K04L06B  C2004 06 19.44815 22 12 44.20 +02 37 24.8          17.3 Rdk9599703
F4715K04L06B  C2004 06 19.45558 22 12 46.21 +02 37 40.4          18.2 Rdk9599703
F4715K04L06B  C2004 06 23.01693 22 31 47.36 +05 06 52.7                ck9599246
F4715K04L06B  C2004 06 23.01751 22 31 47.62 +05 06 55.0                ck9599246
F4715K04L06B  C2004 06 23.01814 22 31 47.84 +05 06 56.2                ck9599246
F4715K04L06B  C2004 06 23.01888 22 31 48.02 +05 06 58.0                ck9599246
F4715K04L06B  C2004 06 23.32924 22 33 34.07 +05 20 45.1          19.1 Rrk9599734
F4715K04L06B  C2004 06 23.33414 22 33 35.77 +05 20 59.0          18.5 Rrk9599734
F4715K04L06B  C2004 06 26.08843 22 50 06.75 +07 27 49.5          18.2 Rrk9986J87
F4715K04L06B  C2004 06 26.08988 22 50 07.30 +07 27 54.0          18.3 Rrk9986J87
F4715K04L06B  C2004 06 26.09137 22 50 07.82 +07 27 58.0          18.2 Rrk9986J87
F4715K04L06B  C2004 06 26.09282 22 50 08.38 +07 28 01.9          17.9 Rrk9986J87
F4715K04L06B  C2004 06 27.46134 22 58 56.39 +08 34 19.6                ck9986670
F4715K04L06B WC2004 06 27.46344 22 58 57.21 +08 34 24.3                ck9986670
F4715K04L06B  C2004 07 04.03923 23 47 24.14 +14 14 44.9          18.1 Rrl0127J87
F4715K04L06B  C2004 07 04.04144 23 47 25.34 +14 14 53.0          17.6 Rrl0127J87
F4715K04L06B  C2004 07 04.09311 23 47 50.11 +14 17 40.2          17.8 Vrl0127170
F4715K04L06B  C2004 07 04.09360 23 47 50.37 +14 17 41.7          17.9 Vrl0127170
F4715K04L06B  C2004 07 04.09441 23 47 50.77 +14 17 44.3          18.0 Vrl0127170
F4715K04L06B  C2004 07 04.09506 23 47 51.08 +14 17 46.3          18.1 Vrl0127170
F4715K04L06B  C2004 07 06.38183 00 07 12.43 +16 19 53.6          17.8 Rrl0127H41
F4715K04L06B  C2004 07 06.38360 00 07 13.46 +16 19 59.7          18.0 Rrl0127H41
F4715K04L06B  C2004 07 06.38703 00 07 15.12 +16 20 10.0          17.8 Rrl0127H41
F4715K04L06B  C2004 07 06.38877 00 07 16.15 +16 20 15.6          17.8 Rrl0127H41
F4715K04L06B  C2004 07 06.39046 00 07 16.90 +16 20 22.1          17.9 Rrl0127H41
F4715K04L06B  C2004 07 12.40387 01 03 41.13 +21 22 18.5          18.0 Rrl0367H41
F4715K04L06B  C2004 07 12.40558 01 03 42.05 +21 22 23.0          18.0 Rrl0367H41
F4715K04L06B  C2004 07 13.39162 01 13 32.77 +22 06 24.3          17.8 Rrl0367H41
F4715K04L06B  C2004 07 13.39525 01 13 35.00 +22 06 33.9          17.9 Rrl0367H41
F4715K04L06B  C2004 07 13.39880 01 13 37.10 +22 06 42.6          18.0 Rrl0367H41
F4715K04L06B  C2004 07 15.40348 01 33 56.42 +23 29 07.1          18.3 Rrl0367H41
F4715K04L06B  C2004 07 15.40536 01 33 57.61 +23 29 12.1          18.4 Rrl0367H41
F4715K04L06B 7C2004 11 10.48121 10 14 07.82 +05 35 10.6                ol9849696
F4715K04L06B 7C2004 11 10.48639 10 14 08.25 +05 35 08.4                ol9849696
F4715K04L06B  C2004 11 14.17016 10 20 06.30 +04 55 50.0          20.5 Rrl9849J95
F4715K04L06B  C2004 11 14.19643 10 20 08.69 +04 55 33.2          19.9 Rrl9849J95
F4715K04L06B  C2004 11 14.21444 10 20 10.30 +04 55 22.6          20.0 Rrl9849J95
F4715K04L06B  C2004 12 12.14263 10 50 13.36 +01 19 29.5                cm1747246
F4715K04L06B  C2004 12 12.14333 10 50 13.37 +01 19 28.9                cm1747246
F4715K04L06B  C2004 12 12.14407 10 50 13.42 +01 19 28.3                cm1747246
F4715K04L06B  C2004 12 12.14485 10 50 13.45 +01 19 28.2                cm1747246
F4715K04L06B  C2004 12 12.14561 10 50 13.40 +01 19 27.4                cm1747246
F4715K04L06B  C2004 12 12.14646 10 50 13.47 +01 19 27.5                cm1747246
F4715K04L06B  C2005 01 17.01269 10 38 07.46 +02 05 18.7                cm4752246
F4715K04L06B  C2005 01 17.01346 10 38 07.41 +02 05 18.0                cm4752246
F4715K04L06B  C2005 01 17.01583 10 38 07.19 +02 05 19.7                cm4752246
F4715K04L06B  C2005 01 17.01832 10 38 07.04 +02 05 21.4                cm4752246
F4715K04L06B  C2005 01 17.02038 10 38 06.86 +02 05 22.0                cm4752246
F4715K04L06B  C2005 01 17.02111 10 38 06.83 +02 05 22.3                cm4752246
F4715K04L06B  C2005 01 17.02194 10 38 06.75 +02 05 23.3                cm4752246
F4715K04L06B  C2005 02 14.18782 09 51 28.77 +07 25 28.6          20.0 Vcm6787691
F4715K04L06B  C2005 02 14.21316 09 51 25.99 +07 25 47.9          19.5 Vcm6787691
F4715K04L06B  C2005 02 14.23929 09 51 23.21 +07 26 08.1          20.0 Vcm6787691
F4715K04L06B 7C2006 04 27.45850 18 27 46.51 -16 53 19.4                oq9909696
F4715K04L06B 7C2006 04 27.47344 18 27 47.43 -16 53 13.4                oq9909696
F4715K04L06B  C2006 05 24.05246 18 44 28.09 -13 24 43.3          18.9 Ror3590586
F4715K04L06B  C2006 05 24.06528 18 44 28.16 -13 24 37.9          18.9 Ror3590586
F4715K04L06B  C2006 05 24.07230 18 44 28.21 -13 24 33.4          18.9 Ror3590586
F4715K04L06B  C2006 05 24.08284 18 44 28.29 -13 24 27.2          18.9 Ror3590586
F4715K04L06B  C2006 06 19.97392 18 31 44.98 -07 54 01.5          17.6 Ror3909461
F4715K04L06B  C2006 06 19.97542 18 31 44.85 -07 54 00.3                or3909461
F4715K04L06B  C2006 06 19.97692 18 31 44.74 -07 53 59.1                or3909461
F4715K04L06B  C2006 06 19.97992 18 31 44.48 -07 53 55.9                or3909461
F4715K04L06B  C2006 06 19.98145 18 31 44.34 -07 53 54.5                or3909461
F4715K04L06B  C2006 06 19.98296 18 31 44.20 -07 53 53.0                or3909461
F4715K04L06B  C2006 06 19.98447 18 31 44.10 -07 53 51.8                or3909461
F4715K04L06B  C2006 06 19.98596 18 31 43.96 -07 53 50.4                or3910461
F4715K04L06B  C2006 06 20.22007 18 31 26.28 -07 50 09.6          17.8 Rrr3910H45
F4715K04L06B  C2006 06 20.22206 18 31 26.13 -07 50 07.5          17.9 Rrr3910H45
F4715K04L06B  C2006 06 20.22352 18 31 26.00 -07 50 06.3          17.9 Rrr3910H45
F4715K04L06B  C2006 06 20.22431 18 31 25.94 -07 50 05.6          17.7 Rrr3910H45
F4715K04L06B  C2006 06 20.22516 18 31 25.88 -07 50 04.6          17.7 Rrr3910H45
F4715K04L06B  C2006 06 20.22637 18 31 25.77 -07 50 03.7          17.8 Rrr3910H45
F4715K04L06B  C2006 06 23.86076 18 26 09.83 -06 51 47.9          18.2 Vcr4487A50
F4715K04L06B  C2006 06 23.86161 18 26 09.74 -06 51 47.1          18.4 Vcr4487A50
F4715K04L06B  C2006 06 23.86202 18 26 09.70 -06 51 46.8          18.5 Vcr4487A50
F4715K04L06B  C2006 06 23.86286 18 26 09.63 -06 51 46.4          18.2 Vcr4487A50
F4715K04L06B  C2006 06 23.86412 18 26 09.51 -06 51 44.8          18.2 Vcr4487A50
F4715K04L06B  C2006 06 23.86518 18 26 09.41 -06 51 44.0          18.3 Vcr4487A50
F4715K04L06B  C2006 06 23.86538 18 26 09.39 -06 51 43.8          18.2 Vcr4487A50
F4715K04L06B  C2006 06 23.94626 18 26 01.48 -06 50 21.9                rr4487203
F4715K04L06B  C2006 06 23.95938 18 26 00.14 -06 50 08.9                rr4487203
F4715K04L06B  C2006 06 24.93648 18 24 24.23 -06 33 44.0          17.6 Rrr4487157
F4715K04L06B  C2006 06 24.93927 18 24 23.91 -06 33 41.4          17.2 Rrr4487157
F4715K04L06B  C2006 06 24.94205 18 24 23.59 -06 33 38.8          17.6 Rrr4487157
F4715K04L06B  C2006 06 26.90092 18 20 57.44 -05 59 51.7                rr4487203
F4715K04L06B  C2006 06 26.91514 18 20 55.78 -05 59 36.5                rr4487203
F4715K04L06B  C2006 06 26.92262 18 20 54.81 -05 59 28.1          16.8  or4487160
F4715K04L06B  C2006 06 26.92491 18 20 54.56 -05 59 25.7          17.1  or4487160
F4715K04L06B  C2006 06 26.92827 18 20 54.14 -05 59 22.8          17.1  or4487160
F4715K04L06B  C2006 06 26.93635 18 20 53.19 -05 59 13.8          16.7  or4487160
F4715K04L06B  C2006 06 27.34486 18 20 06.55 -05 51 57.6          17.7 Rrr4487H45
F4715K04L06B  C2006 06 27.34626 18 20 06.38 -05 51 56.0          17.7 Rrr4487H45
F4715K04L06B  C2006 06 27.34748 18 20 06.24 -05 51 54.7          17.6 Rrr4487H45
F4715K04L06B  C2006 06 27.34817 18 20 06.15 -05 51 53.7          17.6 Rrr4487H45
F4715K04L06B  C2006 06 27.34878 18 20 06.08 -05 51 53.2          17.6 Rrr4487H45
F4715K04L06B  C2006 06 29.36419 18 16 08.77 -05 15 25.8          17.4 Rcr4487H45
F4715K04L06B  C2006 06 29.36516 18 16 08.54 -05 15 25.8          17.4 Rcr4487H45
F4715K04L06B  C2006 06 29.36664 18 16 08.32 -05 15 24.1          17.4 Rcr4487H45
F4715K04L06B  C2006 06 29.36788 18 16 08.18 -05 15 22.8          17.3 Rcr4487H45
F4715K04L06B  C2006 06 29.37229 18 16 07.60 -05 15 17.5          17.5 Rcr4487H45
F4715K04L06B  C2006 06 29.37380 18 16 07.39 -05 15 16.1          17.3 Rcr4487H45
F4715K04L06B  C2006 07 01.89724 18 10 41.95 -04 27 39.3          17.6 Vrr4710240
F4715K04L06B  C2006 07 01.90131 18 10 41.36 -04 27 34.4          17.5 Vrr4710240
F4715K04L06B  C2006 07 01.90538 18 10 40.78 -04 27 29.7          17.6 Vrr4710240
F4715K04L06B  C2006 07 01.90810 18 10 40.38 -04 27 26.6          17.6 Vrr4710240
F4715K04L06B  C2006 07 01.90946 18 10 40.18 -04 27 25.0          17.6 Vrr4710240
F4715K04L06B  C2006 07 02.87500 18 08 26.15 -04 08 29.8          18.7 Vor4710151
F4715K04L06B  C2006 07 02.87590 18 08 26.01 -04 08 28.8          18.6 Vor4710151
F4715K04L06B  C2006 07 02.87680 18 08 25.89 -04 08 27.8          18.7 Vor4710151
F4715K04L06B  C2006 07 02.87861 18 08 25.62 -04 08 25.7          18.6 Vor4710151
F4715K04L06B  C2006 07 02.87952 18 08 25.49 -04 08 24.7          18.6 Vor4710151
F4715K04L06B  C2006 07 02.88042 18 08 25.36 -04 08 23.6          18.5 Vor4710151
F4715K04L06B  C2006 07 07.31693 17 56 58.21 -02 36 22.5          16.7 Rrr4710H45
F4715K04L06B  C2006 07 07.31870 17 56 57.89 -02 36 20.2          16.8 Rrr4710H45
F4715K04L06B  C2006 07 07.31988 17 56 57.69 -02 36 18.3          16.8 Rrr4710H45
F4715K04L06B  C2006 07 07.32043 17 56 57.60 -02 36 17.7          16.8 Rrr4710H45
F4715K04L06B  C2006 07 07.32922 17 56 56.04 -02 36 06.2          16.8 Rrr4710H45
F4715K04L06B  C2006 07 09.98787 17 49 10.65 -01 35 51.0          16.2 Rcr4710844
F4715K04L06B  C2006 07 09.99735 17 49 08.75 -01 35 37.6          16.6 Rcr4710844
F4715K04L06B  C2006 07 10.00362 17 49 07.56 -01 35 29.8          15.9 Rcr4710844
F4715K04L06B  C2006 07 10.01792 17 49 04.74 -01 35 09.8          16.6 Rcr4710844
F4715K04L06B  C2006 07 10.02185 17 49 03.95 -01 35 03.8          17.6 Rcr4710844
F4715K04L06B  C2006 07 10.87651 17 46 23.04 -01 15 59.3          16.9 Vor4845198
F4715K04L06B  C2006 07 10.87762 17 46 22.82 -01 15 57.9          16.9 Vor4845198
F4715K04L06B  C2006 07 10.87965 17 46 22.42 -01 15 55.1          16.9 Vor4845198
F4715K04L06B  C2006 07 10.88112 17 46 22.13 -01 15 53.2          16.9 Vor4845198
F4715K04L06B  C2006 07 10.88259 17 46 21.83 -01 15 51.2          16.9 Vor4845198
F4715K04L06B  C2006 07 14.99644 17 32 16.07 +00 25 54.5          16.5 Vor4845J68
F4715K04L06B  C2006 07 15.03001 17 32 08.24 +00 26 46.5          17.0 Vor4845J68
F4715K04L06B  C2006 07 15.05435 17 32 02.72 +00 27 25.0          16.9 Vor4845J68
F4715K04L06B  C2006 07 15.25540 17 31 18.29 +00 32 48.9          16.9 Rrr4845H45
F4715K04L06B  C2006 07 15.25617 17 31 18.10 +00 32 50.0          16.8 Rrr4845H45
F4715K04L06B  C2006 07 15.25712 17 31 17.87 +00 32 51.7          16.7 Rrr4845H45
F4715K04L06B  C2006 07 15.25778 17 31 17.72 +00 32 52.6          16.6 Rrr4845H45
F4715K04L06B  C2006 07 15.25834 17 31 17.58 +00 32 53.4          16.8 Rrr4845H45
F4715K04L06B  C2006 07 15.86250 17 29 02.97 +00 48 42.6          16.7 Vrr4845151
F4715K04L06B  C2006 07 15.86311 17 29 02.83 +00 48 43.5          16.6 Vrr4845151
F4715K04L06B  C2006 07 15.86372 17 29 02.68 +00 48 44.4          16.4 Vrr4845151
F4715K04L06B  C2006 07 15.86501 17 29 02.40 +00 48 46.5          16.4 Vrr4845151
F4715K04L06B  C2006 07 15.86564 17 29 02.25 +00 48 47.5          16.5 Vrr4845151
F4715K04L06B  C2006 07 15.86626 17 29 02.09 +00 48 48.6          16.5 Vrr4845151
F4715K04L06B  C2006 07 15.90594 17 28 52.40 +00 49 51.2                cr4845246
F4715K04L06B  C2006 07 15.90628 17 28 52.29 +00 49 52.1                cr4845246
F4715K04L06B  C2006 07 15.90705 17 28 52.13 +00 49 53.4                cr4845246
F4715K04L06B  C2006 07 15.90946 17 28 51.55 +00 49 56.6                cr4845246
F4715K04L06B  C2006 07 15.91078 17 28 51.22 +00 49 58.8                cr4845246
F4715K04L06B  C2006 07 16.07168 17 28 14.85 +00 55 14.0          16.1 Rcr4845844
F4715K04L06B  C2006 07 16.07344 17 28 14.43 +00 55 17.6          16.1 Rcr4845844
F4715K04L06B  C2006 07 16.07448 17 28 14.10 +00 55 19.2          15.9 Rcr4845844
F4715K04L06B  C2006 07 16.07929 17 28 12.90 +00 55 27.0          15.2 Rcr4845844
F4715K04L06B  C2006 07 16.08093 17 28 12.58 +00 55 29.5          15.8 Rcr4845844
F4715K04L06B  C2006 07 16.29362 17 27 21.99 +01 00 20.7          16.5 Rrr4845H45
F4715K04L06B  C2006 07 16.29423 17 27 21.85 +01 00 21.8          16.6 Rrr4845H45
F4715K04L06B  C2006 07 16.29492 17 27 21.68 +01 00 22.8          16.6 Rrr4845H45
F4715K04L06B  C2006 07 16.29612 17 27 21.39 +01 00 24.8          16.7 Rrr4845H45
F4715K04L06B  C2006 07 16.29726 17 27 21.12 +01 00 26.6          16.5 Rrr4845H45
F4715K04L06B  C2006 07 16.84526 17 25 15.23 +01 15 09.9          15.9 Vrr4845151
F4715K04L06B  C2006 07 16.84587 17 25 15.16 +01 15 10.4          16.5 Vrr4845151
F4715K04L06B  C2006 07 16.84649 17 25 15.05 +01 15 11.2          16.4 Vrr4845151
F4715K04L06B  C2006 07 16.84772 17 25 14.72 +01 15 12.8          16.4 Vrr4845151
F4715K04L06B  C2006 07 16.84833 17 25 14.58 +01 15 13.9          16.6 Vrr4845151
F4715K04L06B  C2006 07 16.84894 17 25 14.43 +01 15 15.0          16.7 Vrr4845151
F4715K04L06B  C2006 07 16.85743 17 25 12.37 +01 15 28.8          16.5 Rrr4845185
F4715K04L06B  C2006 07 16.86132 17 25 11.33 +01 15 34.3          16.5 Vrr4845240
F4715K04L06B  C2006 07 16.86198 17 25 11.17 +01 15 35.5          16.3 Vrr4845240
F4715K04L06B  C2006 07 16.86264 17 25 11.00 +01 15 36.5          16.4 Vrr4845240
F4715K04L06B  C2006 07 16.86330 17 25 10.85 +01 15 37.8          16.5 Vrr4845240
F4715K04L06B  C2006 07 16.86396 17 25 10.69 +01 15 38.9          16.7 Vrr4845240
F4715K04L06B  C2006 07 16.86528 17 25 10.35 +01 15 41.1          16.6 Vrr4845240
F4715K04L06B  C2006 07 16.86594 17 25 10.18 +01 15 42.1          16.7 Vrr4845240
F4715K04L06B  C2006 07 16.86660 17 25 10.04 +01 15 43.2          16.5 Vrr4845240
F4715K04L06B  C2006 07 16.86924 17 25 09.37 +01 15 47.7          16.5 Vrr4845240
F4715K04L06B  C2006 07 16.86990 17 25 09.21 +01 15 48.6          16.5 Vrr4845240
F4715K04L06B  C2006 07 16.87056 17 25 09.04 +01 15 49.8          16.6 Vrr4845240
F4715K04L06B  C2006 07 16.87084 17 25 09.04 +01 15 50.8          16.5 Rrr4845185
F4715K04L06B  C2006 07 16.87413 17 25 08.21 +01 15 56.0          16.5 Rrr4845185
F4715K04L06B  C2006 07 16.91866 17 24 57.04 +01 17 06.7          16.6 Rrr4845A27
F4715K04L06B  C2006 07 16.92344 17 24 55.87 +01 17 14.1          17.0 Rrr4845A27
F4715K04L06B  C2006 07 16.92762 17 24 54.84 +01 17 21.4          16.3 Rrr4845A27
F4715K04L06B  C2006 07 16.93241 17 24 53.66 +01 17 29.0          16.9 Rrr4845A27
F4715K04L06B  C2006 07 16.93838 17 24 52.17 +01 17 39.2          16.3 Rrr4845A27
F4715K04L06B  C2006 07 16.94436 17 24 50.66 +01 17 48.0          16.3 Rrr4845A27
F4715K04L06B  C2006 07 16.94684 17 24 50.08 +01 17 52.7          16.3 Rrr4845A27
F4715K04L06B  C2006 07 16.95037 17 24 49.21 +01 17 58.9          16.6 Rrr4845A27
F4715K04L06B  C2006 07 16.95744 17 24 47.42 +01 18 10.2          16.5 Rrr4845A27
F4715K04L06B  C2006 07 16.96215 17 24 46.27 +01 18 17.7          17.0 Rrr4845A27
F4715K04L06B  C2006 07 17.06313 17 24 23.93 +01 21 09.5          16.5 Vrr4845H98
F4715K04L06B  C2006 07 17.06683 17 24 23.01 +01 21 15.4          16.2 Vrr4845H98
F4715K04L06B  C2006 07 17.07669 17 24 20.47 +01 21 31.4          16.3 Vrr4845H98
F4715K04L06B  C2006 07 17.24853 17 23 37.73 +01 26 19.0          16.4 Rrr4845H45
F4715K04L06B  C2006 07 17.24905 17 23 37.61 +01 26 19.9          16.5 Rrr4845H45
F4715K04L06B  C2006 07 17.25075 17 23 37.18 +01 26 22.8          16.4 Rrr4845H45
F4715K04L06B  C2006 07 17.25117 17 23 37.07 +01 26 23.4          16.3 Rrr4845H45
F4715K04L06B  C2006 07 17.25168 17 23 36.94 +01 26 24.3          16.6 Rrr4845H45
F4715K04L06B  C2006 07 17.75464 17 21 38.35 +01 40 12.1          16.4 Rcr4845196
F4715K04L06B  C2006 07 17.84755 17 21 14.44 +01 42 48.1          16.7 Vrr4845151
F4715K04L06B  C2006 07 17.84831 17 21 14.25 +01 42 49.6          16.8 Vrr4845151
F4715K04L06B  C2006 07 17.84907 17 21 14.05 +01 42 51.1          16.8 Vrr4845151
F4715K04L06B  C2006 07 17.85059 17 21 13.68 +01 42 53.7          16.5 Vrr4845151
F4715K04L06B  C2006 07 17.85143 17 21 13.44 +01 42 55.2          16.5 Vrr4845151
F4715K04L06B  C2006 07 17.85227 17 21 13.21 +01 42 56.6          16.4 Vrr4845151
F4715K04L06B  C2006 07 17.86158 17 21 10.71 +01 43 14.1          16.3 Vcr4845A48
F4715K04L06B  C2006 07 17.86344 17 21 10.24 +01 43 17.2          16.4 Vcr4845A48
F4715K04L06B  C2006 07 17.86530 17 21 09.76 +01 43 20.4          16.4 Vcr4845A48
F4715K04L06B  C2006 07 17.86716 17 21 09.27 +01 43 23.5          16.3 Vcr4845A48
F4715K04L06B  C2006 07 17.86720 17 21 09.33 +01 43 23.2          16.3 Vcr5128434
F4715K04L06B  C2006 07 17.86916 17 21 08.83 +01 43 26.6          16.3 Vcr5128434
F4715K04L06B  C2006 07 17.87089 17 21 08.36 +01 43 29.4          16.5 Vcr5128434
F4715K04L06B  C2006 07 17.87263 17 21 07.89 +01 43 32.2          16.4 Vcr5128434
F4715K04L06B  C2006 07 17.89366 17 21 02.62 +01 44 05.0                cr5721127
F4715K04L06B  C2006 07 17.89655 17 21 01.86 +01 44 09.7                cr5721127
F4715K04L06B  C2006 07 17.89940 17 21 01.12 +01 44 14.5                cr5721127
F4715K04L06B  C2006 07 17.91072 17 20 58.21 +01 44 33.9          16.4 Rcr4845196
F4715K04L06B  C2006 07 17.93280 17 20 52.52 +01 45 10.9          16.5 Rcr4845196
F4715K04L06B  C2006 07 18.88431 17 16 55.51 +02 12 10.2                cr5721127
F4715K04L06B  C2006 07 18.88741 17 16 54.68 +02 12 15.4                cr5721127
F4715K04L06B  C2006 07 18.89045 17 16 53.88 +02 12 20.8                cr5721127
F4715K04L06B  C2006 07 18.89326 17 16 53.10 +02 12 25.6                cr5721127
F4715K04L06B  C2006 07 18.90462 17 16 50.04 +02 12 46.0          15.8 Rcr4845196
F4715K04L06B  C2006 07 18.91594 17 16 46.93 +02 13 03.7          16.0 Rrr4845A27
F4715K04L06B  C2006 07 18.92067 17 16 45.68 +02 13 11.9          15.9 Rrr4845A27
F4715K04L06B  C2006 07 18.92656 17 16 44.09 +02 13 21.9          16.2 Rrr4845A27
F4715K04L06B  C2006 07 18.93009 17 16 43.15 +02 13 28.3          16.2 Rrr4845A27
F4715K04L06B  C2006 07 18.93480 17 16 41.91 +02 13 36.3          16.3 Rrr4845A27
F4715K04L06B  C2006 07 18.93670 17 16 41.52 +02 13 41.4          15.6 Rcr4845196
F4715K04L06B  C2006 07 18.94069 17 16 40.33 +02 13 46.4          16.3 Rrr4845A27
F4715K04L06B  C2006 07 18.94160 17 16 40.04 +02 13 51.4          16.3 Rrr5128204
F4715K04L06B  C2006 07 18.94380 17 16 39.45 +02 13 55.1                rr5128204
F4715K04L06B  C2006 07 18.94630 17 16 38.78 +02 13 59.4                rr5128204
F4715K04L06B  C2006 07 18.94889 17 16 38.10 +02 14 04.0                rr5128204
F4715K04L06B  C2006 07 18.95109 17 16 37.50 +02 14 07.7                rr5128204
F4715K04L06B  C2006 07 18.95366 17 16 36.90 +02 14 08.7          16.2 Rrr4845A27
F4715K04L06B  C2006 07 19.85235 17 12 45.37 +02 40 22.5          16.7 Vrr4845151
F4715K04L06B  C2006 07 19.85311 17 12 45.16 +02 40 23.6          16.8 Vrr4845151
F4715K04L06B  C2006 07 19.85386 17 12 44.95 +02 40 24.8          16.9 Vrr4845151
F4715K04L06B  C2006 07 19.88681 17 12 35.64 +02 41 26.2          16.1 Rrr4845157
F4715K04L06B  C2006 07 19.88808 17 12 35.28 +02 41 28.6          16.1 Rrr4845157
F4715K04L06B  C2006 07 19.88935 17 12 34.93 +02 41 30.9          16.2 Rrr4845157
F4715K04L06B  C2006 07 19.89063 17 12 34.57 +02 41 33.0          16.0 Rrr4845157
F4715K04L06B  C2006 07 19.89191 17 12 34.20 +02 41 35.3          16.2 Rrr4845157
F4715K04L06B  C2006 07 19.89318 17 12 33.86 +02 41 37.5          16.3 Rrr4845157
F4715K04L06B  C2006 07 20.17345 17 11 20.85 +02 50 02.1          16.3 Ror4845644
F4715K04L06B  C2006 07 20.17464 17 11 20.52 +02 50 04.2          16.3 Ror4845644
F4715K04L06B  C2006 07 20.18793 17 11 16.75 +02 50 28.0          16.4 Ror4845644
F4715K04L06B  C2006 07 20.18911 17 11 16.41 +02 50 30.1          16.4 Ror4845644
F4715K04L06B  C2006 07 20.20530 17 11 11.81 +02 50 59.1          16.2 Ror4845644
F4715K04L06B  C2006 07 20.20649 17 11 11.48 +02 51 01.2          16.2 Ror4845644
F4715K04L06B  C2006 07 20.86983 17 08 12.86 +03 10 52.4          16.0 Vrr4845938
F4715K04L06B  C2006 07 20.91427 17 07 59.53 +03 12 11.8          16.5 Rrr4845170
F4715K04L06B  C2006 07 20.91582 17 07 59.07 +03 12 14.6          16.4 Rrr4845170
F4715K04L06B  C2006 07 20.91737 17 07 58.63 +03 12 17.5          16.4 Rrr4845170
F4715K04L06B  C2006 07 20.92009 17 07 58.28 +03 12 23.8          16.3 Vrr4845938
F4715K04L06B  C2006 07 20.96870 17 07 44.18 +03 13 52.2          16.1 Vrr4845938
F4715K04L06B  C2006 07 21.21569 17 06 36.48 +03 21 28.6          16.7  cr4845704
F4715K04L06B  C2006 07 21.22588 17 06 33.47 +03 21 47.5          16.5  cr4845704
F4715K04L06B  C2006 07 21.23612 17 06 30.44 +03 22 06.3          16.4  cr4845704
F4715K04L06B  C2006 07 21.24642 17 06 27.43 +03 22 25.1          16.3  cr4845704
F4715K04L06B  C2006 07 21.25671 17 06 24.39 +03 22 42.6          16.7  cr4845704
F4715K04L06B  C2006 07 21.88372 17 03 29.09 +03 41 58.2                or4845473
F4715K04L06B  C2006 07 21.94750 17 03 10.17 +03 43 57.8          16.3 Vrr5128A16
F4715K04L06B  C2006 07 21.94929 17 03 09.70 +03 44 00.1          16.2 Vrr5128A16
F4715K04L06B  C2006 07 21.95110 17 03 09.15 +03 44 03.8          16.3 Vrr5128A16
F4715K04L06B  C2006 07 21.95380 17 03 08.35 +03 44 09.2          16.3 Vrr5128A16
F4715K04L06B  C2006 07 22.86782 16 58 44.46 +04 13 07.3          16.3 Rrr5128157
F4715K04L06B  C2006 07 22.86910 16 58 44.06 +04 13 09.8          16.0 Rrr5128157
F4715K04L06B  C2006 07 22.87037 16 58 43.66 +04 13 12.4          16.0 Rrr5128157
F4715K04L06B  C2006 07 22.87166 16 58 43.27 +04 13 14.8          16.0 Rrr5128157
F4715K04L06B  C2006 07 23.24564 16 56 50.78 +04 25 23.1          16.4 Rrr5128H45
F4715K04L06B  C2006 07 23.24793 16 56 50.06 +04 25 27.3          16.3 Rrr5128H45
F4715K04L06B  C2006 07 23.24892 16 56 49.76 +04 25 29.2          16.4 Rrr5128H45
F4715K04L06B  C2006 07 23.24943 16 56 49.60 +04 25 30.3          16.3 Rrr5128H45
F4715K04L06B  C2006 07 23.24994 16 56 49.44 +04 25 31.3          16.3 Rrr5128H45
F4715K04L06B  C2006 07 24.21292 16 51 56.24 +04 57 11.0          16.2 Rrr5128H45
F4715K04L06B  C2006 07 24.21361 16 51 56.01 +04 57 12.2          16.3 Rrr5128H45
F4715K04L06B  C2006 07 24.21411 16 51 55.85 +04 57 13.3          16.2 Rrr5128H45
F4715K04L06B  C2006 07 24.21579 16 51 55.30 +04 57 16.6          16.2 Rrr5128H45
F4715K04L06B  C2006 07 24.21649 16 51 55.07 +04 57 18.1          16.2 Rrr5128H45
F4715K04L06B  C2006 07 24.85222 16 48 36.47 +05 18 31.7          16.7 Vor5128198
F4715K04L06B  C2006 07 24.85332 16 48 36.10 +05 18 34.0          16.8 Vor5128198
F4715K04L06B  C2006 07 24.85517 16 48 35.48 +05 18 37.9          16.8 Vor5128198
F4715K04L06B  C2006 07 24.85590 16 48 35.24 +05 18 39.4          16.8 Vor5128198
F4715K04L06B  C2006 07 24.85664 16 48 34.99 +05 18 41.0          16.7 Vor5128198
F4715K04L06B  C2006 07 24.92173 16 48 13.35 +05 20 49.4          16.2 Ror5436A32
F4715K04L06B  C2006 07 24.92243 16 48 13.49 +05 20 53.0          16.8 Vor5128J68
F4715K04L06B  C2006 07 24.92820 16 48 11.21 +05 21 02.5          16.1 Ror5436A32
F4715K04L06B  C2006 07 24.93376 16 48 09.38 +05 21 14.0          16.0 Ror5436A32
F4715K04L06B  C2006 07 24.93875 16 48 07.73 +05 21 24.1          16.3 Ror5436A32
F4715K04L06B  C2006 07 24.94441 16 48 05.86 +05 21 35.7          16.1 Ror5436A32
F4715K04L06B  C2006 07 24.96356 16 47 59.82 +05 22 16.5          16.6 Vor5128J68
F4715K04L06B  C2006 07 25.00023 16 47 47.73 +05 23 30.8          16.9 Vor5128J68
F4715K04L06B  C2006 07 25.55626 16 44 47.62 +05 42 52.6          16.7 Vrr5128379
F4715K04L06B  C2006 07 25.55825 16 44 46.91 +05 42 55.9          16.8 Vrr5128379
F4715K04L06B  C2006 07 25.56425 16 44 44.83 +05 43 08.8          16.9 Vrr5128379
F4715K04L06B  C2006 07 25.58054 16 44 39.25 +05 43 42.5          16.4 Vrr5128379
F4715K04L06B  C2006 07 27.49998 16 33 45.06 +06 52 20.6          16.4 Vrr5128379
F4715K04L06B  C2006 07 27.50198 16 33 44.30 +06 52 25.1          16.3 Vrr5128379
F4715K04L06B  C2006 07 27.50397 16 33 43.56 +06 52 29.6          16.4 Vrr5128379
F4715K04L06B  C2006 07 27.50796 16 33 42.07 +06 52 38.0          16.3 Vrr5128379
F4715K04L06B  C2006 07 27.51196 16 33 40.55 +06 52 47.1          16.4 Vrr5128379
F4715K04L06B  C2006 07 27.53889 16 33 30.46 +06 53 46.1          16.3 Vrr5128379
F4715K04L06B  C2006 07 27.54089 16 33 29.73 +06 53 50.4          16.3 Vrr5128379
F4715K04L06B  C2006 07 27.54288 16 33 28.97 +06 53 54.5          16.7 Vrr5128379
F4715K04L06B  C2006 07 27.55087 16 33 26.00 +06 54 12.3          16.4 Vrr5128379
F4715K04L06B  C2006 07 27.95744 16 31 00.11 +07 09 02.8          16.2 Vor5128J68
F4715K04L06B  C2006 07 27.98593 16 30 49.47 +07 10 05.9          16.3 Vor5128J68
F4715K04L06B  C2006 07 28.01403 16 30 39.01 +07 11 08.1          16.2 Vor5128J68
F4715K04L06B  C2006 07 28.56290 16 27 17.64 +07 32 07.7          16.4 Vmr7042300
F4715K04L06B  C2006 07 28.56706 16 27 15.93 +07 32 17.9          17.0 Vmr7042300
F4715K04L06B  C2006 07 28.57356 16 27 13.34 +07 32 31.9          16.7 Vmr7042300
F4715K04L06B  C2006 07 28.57589 16 27 12.44 +07 32 37.8          16.4 Vmr7042300
F4715K04L06B  C2006 07 29.56689 16 20 55.39 +08 10 52.2          16.2 Vrr5436379
F4715K04L06B  C2006 07 29.56872 16 20 54.65 +08 10 56.7          16.4 Vrr5436379
F4715K04L06B  C2006 07 29.57053 16 20 53.90 +08 11 01.1          16.3 Vrr5436379
F4715K04L06B  C2006 07 31.13639 16 10 23.24 +09 13 51.9          16.4 Rrr5436932
F4715K04L06B  C2006 07 31.14613 16 10 19.02 +09 14 15.6          16.4 Rrr5436932
F4715K04L06B  C2006 07 31.15870 16 10 13.59 +09 14 46.2          16.6 Rrr5436932
F4715K04L06B  C2006 08 01.93726 15 57 18.64 +10 29 52.7          16.2 Vor5436J68
F4715K04L06B  C2006 08 01.94781 15 57 13.71 +10 30 19.8          16.2 Vor5436J68
F4715K04L06B  C2006 08 01.95552 15 57 10.12 +10 30 39.7          16.2 Vor5436J68
F4715K04L06B  C2006 08 02.22412 15 55 06.05 +10 42 37.1          16.4 Rrr5436H45
F4715K04L06B  C2006 08 02.22715 15 55 04.60 +10 42 44.9          16.3 Rrr5436H45
F4715K04L06B  C2006 08 02.23021 15 55 03.18 +10 42 52.8          16.3 Rrr5437H45
F4715K04L06B  C2006 08 02.23078 15 55 02.91 +10 42 54.1          16.2 Rrr5437H45
F4715K04L06B  C2006 08 02.23126 15 55 02.67 +10 42 55.6          16.0 Rrr5437H45
F4715K04L06B  C2006 08 02.23221 15 55 02.22 +10 42 58.0          16.2 Rrr5437H45
F4715K04L06B  C2006 08 04.89725 15 33 09.22 +12 43 43.9          16.4 Rcr5721A99
F4715K04L06B  C2006 08 04.89880 15 33 08.37 +12 43 48.3          16.4 Rcr5721A99
F4715K04L06B  C2006 08 04.89982 15 33 07.83 +12 43 51.0          16.4 Rcr5721A99
F4715K04L06B  C2006 08 04.90027 15 33 07.59 +12 43 52.3          16.4 Rcr5721A99
F4715K04L06B  C2006 09 26.48741 09 07 03.44 +13 18 12.7                os1050693
F4715K04L06B  C2006 09 26.48946 09 07 03.45 +13 18 10.9                os1050693
F4715K04L06B  C2006 09 26.49150 09 07 03.45 +13 18 09.1          19.9 Ros1050693
F4715K04L06B  C2006 12 01.46043 10 17 21.98 +02 00 31.5          20.0 Vrt0487703
F4715K04L06B  C2006 12 01.46804 10 17 22.27 +02 00 30.1          20.3 Vrt0487703
F4715K04L06B  C2006 12 01.47591 10 17 22.38 +02 00 27.5          19.4 Vrt0487703
F4715K04L06B  C2006 12 01.48353 10 17 22.56 +02 00 24.6          19.8 Vrt0487703
F4715K04L06B  C2006 12 27.04843 10 11 05.97 +01 46 10.4                ct2196246
F4715K04L06B  C2006 12 27.04916 10 11 05.91 +01 46 10.5                ct2196246
F4715K04L06B  C2006 12 27.05032 10 11 05.82 +01 46 10.3                ct2196246
F4715K04L06B  C2006 12 27.05236 10 11 05.75 +01 46 11.4                ct2196246
F4715K04L06B  C2006 12 27.05378 10 11 05.59 +01 46 11.4                ct2196246
F4715K04L06B  C2006 12 27.05451 10 11 05.58 +01 46 11.7                ct2196246
F4715K04L06B  C2006 12 27.05545 10 11 05.53 +01 46 11.3                ct2196246
F4715K04L06B  C2007 01 12.76763 09 46 38.19 +04 02 04.7          21.3 Rot6354D35
F4715K04L06B  C2007 01 12.77943 09 46 36.73 +04 02 13.5          20.5 Rot6354D35
F4715K04L06B  C2007 01 12.79125 09 46 35.32 +04 02 21.6          21.1 Rot6354D35
F4715K04L06B  C2007 01 13.01019 09 46 11.16 +04 04 47.6          19.6 Vrt6354A13
F4715K04L06B  C2007 01 13.04779 09 46 06.76 +04 05 13.8          19.3 Vrt6354A13
F4715K04L06B  C2007 01 15.26409 09 41 52.94 +04 31 37.5          19.2 Vrt6354703
F4715K04L06B  C2007 01 15.27414 09 41 51.72 +04 31 46.9          19.1 Vrt6354703
F4715K04L06B  C2007 01 15.28552 09 41 50.35 +04 31 54.2          18.7 Vrt6354703
F4715K04L06B  C2007 01 15.29560 09 41 49.12 +04 32 02.2          19.3 Vrt6354703
F4715K04L06B  C2007 02 06.35479 08 57 40.81 +09 35 04.1          18.9 Rot8701644
F4715K04L06B  C2007 02 06.37520 08 57 38.51 +09 35 20.2          18.9 Rot8701644
F4715K04L06B  C2007 02 06.39562 08 57 36.25 +09 35 36.9          19.1 Rot8701644
F4715K04L06B  C2007 02 08.29897 08 54 16.95 +10 00 49.5          19.5 Vrt8701703
F4715K04L06B  C2007 02 08.30653 08 54 16.20 +10 00 55.5          19.8 Vrt8701703
F4715K04L06B  C2007 02 08.31412 08 54 15.40 +10 01 02.4          19.4 Vrt8701703
F4715K04L06B  C2007 02 08.32166 08 54 14.65 +10 01 08.0          19.2 Vrt8701703
F4715K04L06B  C2007 02 10.24671 08 51 02.88 +10 25 54.3          19.1 Rot9472644
F4715K04L06B  C2007 02 10.26720 08 51 00.80 +10 26 09.9          19.3 Rot9472644
F4715K04L06B  C2007 02 10.28766 08 50 58.71 +10 26 25.4          19.5 Rot9472644
F4715K04L06B  C2007 03 13.05245808 25 53.55 +14 53 55.3          21.0  ou3025H55
F4715K04L06B  C2007 03 13.08837808 25 53.39 +14 54 04.7          21.3  ou3025H55
F4715K04L06B  C2007 03 13.10271608 25 53.27 +14 54 09.3          21.7  ou3025H55
