     K04M00C  C2004 06 15.22445 14 52 29.37 -09 58 06.7          19.4  ck9097704
     K04M00C  C2004 06 15.23461 14 52 29.45 -09 58 19.7          19.4  ck9097704
     K04M00C  C2004 06 15.24478 14 52 29.59 -09 58 33.2          19.4  ck9097704
     K04M00C  C2004 06 15.25504 14 52 29.68 -09 58 46.1          19.1  ck9097704
     K04M00C  C2004 06 15.26521 14 52 29.80 -09 58 58.8          19.7  ck9097704
     K04M00C* C2004 06 16.16931 14 53 27.16 -10 20 09.0          19.2  ck9097704
     K04M00C  C2004 06 16.17902 14 53 27.34 -10 20 23.7          19.5  ck9097704
     K04M00C  C2004 06 16.19911 14 53 27.71 -10 20 53.3          19.9  ck9097704
     K04M00C  C2004 06 16.20953 14 53 27.87 -10 21 09.4          19.5  ck9097704
     K04M00C  C2004 06 16.89280 14 54 16.77 -10 39 55.2          19.0 Vrk9097240
     K04M00C  C2004 06 16.90036 14 54 17.05 -10 40 08.5          19.0 Vrk9097240
     K04M00C  C2004 06 16.90251 14 54 17.12 -10 40 12.2          18.9 Vrk9097240
     K04M00C  C2004 06 16.90899 14 54 17.37 -10 40 23.1          19.1 Vrk9097240
     K04M00C  C2004 06 16.91116 14 54 17.45 -10 40 26.5          19.0 Vrk9097240
     K04M00C  C2004 06 16.94077 14 54 19.78 -10 41 22.3          19.2 Rrk9097J95
     K04M00C  C2004 06 16.94624 14 54 20.12 -10 41 31.1          18.4 Rrk9097J95
     K04M00C  C2004 06 17.15426 14 54 40.69 -10 47 10.1          18.4 Rck9097G90
     K04M00C  C2004 06 17.16135 14 54 40.94 -10 47 22.9          18.5 Rck9097G90
     K04M00C  C2004 06 17.16845 14 54 41.17 -10 47 35.9          18.8 Rck9097G90
     K04M00C  C2004 06 17.16956 14 54 40.61 -10 47 39.4          19.1  ck9097704
     K04M00C  C2004 06 17.17099 14 54 40.64 -10 47 41.5          18.9  ck9097704
     K04M00C  C2004 06 17.17907 14 54 40.94 -10 47 56.7          19.6  ck9097704
     K04M00C  C2004 06 17.18188 14 54 41.01 -10 48 01.7          19.3  ck9097704
     K04M00C  C2004 06 17.18935 14 54 41.21 -10 48 15.5          19.4  ck9097704
     K04M00C  C2004 06 17.19211 14 54 41.30 -10 48 20.2          19.2  ck9097704
     K04M00C  C2004 06 17.20046 14 54 41.61 -10 48 35.2          18.8  ck9097704
     K04M00C  C2004 06 17.20237 14 54 41.62 -10 48 38.4          18.9  ck9097704
     K04M00C  C2004 06 17.20997 14 54 41.90 -10 48 51.9          19.2  ck9097704
     K04M00C  C2004 06 17.21260 14 54 41.97 -10 48 57.0          19.3  ck9097704
     K04M00C 8C2004 06 17.22917 14 54 44.07 -10 49 28.6          18.0 Rck9097673
     K04M00C  C2004 06 17.22963 14 54 43.05 -10 49 24.1          19.0 Rck9097651
     K04M00C  C2004 06 17.23107 14 54 43.13 -10 49 26.7          19.1 Rck9097651
     K04M00C  C2004 06 17.23235 14 54 43.14 -10 49 29.0          19.1 Rck9097651
     K04M00C 8C2004 06 17.23333 14 54 44.21 -10 49 36.6                ck9097673
     K04M00C 8C2004 06 17.23692 14 54 44.33 -10 49 42.7                ck9097673
     K04M00C  C2004 06 17.29412 14 54 45.02 -10 51 18.0          18.6 Rok9097H06
     K04M00C  C2004 06 17.29685 14 54 45.05 -10 51 23.8          18.3 Rok9097H06
     K04M00C  C2004 06 17.29957 14 54 45.11 -10 51 29.7          17.9 Rok9097H06
     K04M00C  C2004 06 17.92030 14 55 44.74 -11 12 05.4          18.7 Vrk9097A13
     K04M00C  C2004 06 17.92318 14 55 44.88 -11 12 11.8          18.9 Vrk9097A13
     K04M00C  C2004 06 17.92587 14 55 45.04 -11 12 17.5          18.5 Vrk9097A13
     K04M00C  C2004 06 17.92857 14 55 45.24 -11 12 21.7          19.0 Vrk9097A13
     K04M00C  C2004 06 17.93107 14 55 45.36 -11 12 27.9          18.8 Vrk9097A13
     K04M00C  C2004 06 18.17125 14 56 12.73 -11 20 35.0          18.8  ck9097704
     K04M00C  C2004 06 18.18131 14 56 13.18 -11 20 57.0          18.9  ck9097704
     K04M00C  C2004 06 18.19184 14 56 13.76 -11 21 19.5          18.9  ck9097704
     K04M00C  C2004 06 18.20207 14 56 14.23 -11 21 41.2          19.1  ck9097704
     K04M00C  C2004 06 18.21237 14 56 14.77 -11 22 03.0          19.1  ck9097704
     K04M00C  C2004 06 18.22369 14 56 15.37 -11 22 27.7          18.6  ck9097704
     K04M00C  C2004 06 18.23370 14 56 15.88 -11 22 48.5          18.6  ck9097704
     K04M00C  C2004 06 18.24370 14 56 16.39 -11 23 09.5          19.1  ck9097704
     K04M00C  C2004 06 18.25371 14 56 16.98 -11 23 30.9          19.2  ck9097704
     K04M00C  C2004 06 18.26372 14 56 17.55 -11 23 53.0          19.3  ck9097704
     K04M00C  C2004 06 18.89769 14 57 32.52 -11 48 47.1          18.7 R k9607176
     K04M00C  C2004 06 18.89931 14 57 32.63 -11 48 51.1          18.7 R k9607176
     K04M00C  C2004 06 18.90093 14 57 32.74 -11 48 55.0          18.3 R k9607176
     K04M00C  C2004 06 18.90419 14 57 32.96 -11 49 03.0          18.4 R k9607176
     K04M00C WC2004 06 18.96329 14 57 37.00 -11 51 35.9                ck9607587
     K04M00C WC2004 06 18.96580 14 57 37.21 -11 51 41.7                ck9607587
     K04M00C  C2004 06 19.16854 14 58 05.89 -12 00 22.4          19.4 Rrk9607927
     K04M00C  C2004 06 19.17741 14 58 06.58 -12 00 44.9          19.1 Rrk9607927
     K04M00C  C2004 06 20.15972 15 00 28.85 -12 48 12.1          18.7 Rck9607932
     K04M00C  C2004 06 20.16736 15 00 29.72 -12 48 35.6          17.4 Rck9607932
     K04M00C  C2004 06 20.17292 15 00 30.35 -12 48 53.0          18.0 Rck9607932
     K04M00C  C2004 06 20.98152 15 03 05.36 -13 33 20.5          18.1 Rrl0128859
     K04M00C  C2004 06 20.98294 15 03 05.42 -13 33 26.5          18.0 Rrl0128859
     K04M00C  C2004 06 21.44552 15 04 44.71 -14 04 10.7          17.8 Vrk9607428
     K04M00C  C2004 06 21.44703 15 04 44.95 -14 04 17.6          17.7 Vrk9607428
     K04M00C  C2004 06 21.44850 15 04 45.11 -14 04 23.6          17.8 Vrk9607428
     K04M00C  C2004 06 21.45144 15 04 45.61 -14 04 36.1          17.8 Vrk9607428
     K04M00C  C2004 06 21.86286 15 06 24.36 -14 39 36.4                ck9607246
     K04M00C  C2004 06 21.86361 15 06 24.54 -14 39 40.6                ck9607246
     K04M00C  C2004 06 21.86426 15 06 24.65 -14 39 43.3                ck9607246
     K04M00C  C2004 06 21.86507 15 06 24.81 -14 39 47.1                ck9607246
     K04M00C  C2004 06 21.86606 15 06 24.99 -14 39 51.9                ck9607246
     K04M00C  C2004 06 21.86685 15 06 25.13 -14 39 55.2                ck9607246
     K04M00C  C2004 06 22.08888 15 07 25.71 -14 57 50.4          17.1 Rck9607932
     K04M00C  C2004 06 22.09097 15 07 26.16 -14 58 00.6          17.6 Rck9607932
     K04M00C  C2004 06 22.09861 15 07 27.67 -14 58 38.8          17.9 Rck9607932
     K04M00C  C2004 06 22.91894 15 11 39.87 -16 15 55.7                ck9607246
     K04M00C  C2004 06 22.91953 15 11 40.01 -16 15 59.2                ck9607246
     K04M00C  C2004 06 22.92034 15 11 40.25 -16 16 04.1                ck9607246
     K04M00C  C2004 06 22.92087 15 11 40.40 -16 16 07.5                ck9607246
     K04M00C  C2004 06 22.92134 15 11 40.54 -16 16 10.4                ck9607246
     K04M00C  C2004 06 22.92186 15 11 40.71 -16 16 13.7                ck9607246
     K04M00C  C2004 06 23.19551 15 13 23.05 -16 45 45.9          17.4 Rrk9607649
     K04M00C  C2004 06 23.19729 15 13 23.60 -16 45 57.6          17.4 Rrk9607649
     K04M00C  C2004 06 23.19907 15 13 24.13 -16 46 09.6          17.5 Rrk9607649
     K04M00C  C2004 06 23.20084 15 13 24.65 -16 46 21.6          17.6 Rrk9607649
     K04M00C  C2004 06 23.20262 15 13 25.19 -16 46 33.4          17.7 Rrk9607649
     K04M00C  C2004 06 24.10556 15 20 18.54 -18 44 39.5          17.3 Rck9607932
     K04M00C  C2004 06 24.11110 15 20 20.93 -18 45 28.8          17.4 Rck9607932
     K04M00C  C2004 06 24.11666 15 20 23.30 -18 46 19.0          17.0 Rck9607932
     K04M00C  C2004 06 24.12986 15 20 29.08 -18 48 16.1          17.4 Rck9607932
     K04M00C  C2004 06 24.87155 15 28 11.55 -20 55 44.9                ck9607246
     K04M00C  C2004 06 24.87198 15 28 11.84 -20 55 50.5                ck9607246
     K04M00C  C2004 06 24.87226 15 28 12.02 -20 55 53.5                ck9607246
     K04M00C  C2004 06 24.87250 15 28 12.19 -20 55 57.0                ck9607246
     K04M00C  C2004 06 26.38865515 55 04.44 -27 26 53.4          15.8 Vrk9989428
     K04M00C  C2004 06 26.38916415 55 05.13 -27 27 04.0          16.0 Vrk9989428
     K04M00C  C2004 06 26.38966215 55 05.85 -27 27 15.1          16.1 Vrk9989428
     K04M00C  C2004 06 26.39016015 55 06.52 -27 27 26.3          15.8 Vrk9989428
     K04M00C  C2004 06 26.39115415 55 07.87 -27 27 47.3          15.8 Vrk9989428
     K04M00C  C2004 06 27.24250 16 23 29.82 -33 37 02.6                ck9989670
     K04M00C  C2004 06 27.24372 16 23 32.75 -33 37 40.0                ck9989670
     K04M00C  C2004 06 27.24518 16 23 36.25 -33 38 24.4                ck9989670
     K04M00C  C2004 06 27.38331 16 30 35.26 -34 38 33.8          14.9 Vcl0371D87
     K04M00C  C2004 06 27.38346 16 30 35.68 -34 38 38.1          14.2 Vcl0371D87
     K04M00C  C2004 06 27.38359 16 30 36.17 -34 38 43.8          15.9 Vcl0371D87
     K04M00C  C2004 06 27.51186316 36 34.18 -35 52 09.7          15.4 Vrk9989428
     K04M00C  C2004 06 27.51225516 36 35.32 -35 52 22.6          15.4 Vrk9989428
     K04M00C  C2004 06 27.51301716 36 37.58 -35 52 48.1          15.5 Vrk9989428
     K04M00C  C2004 06 27.51415916 36 40.99 -35 53 26.6          15.3 Vrk9989428
     K04M00C  C2004 06 28.46705017 55 27.34 -45 56 46.4          14.5 Vrk9989428
     K04M00C  C2004 06 28.46739717 55 29.70 -45 57 00.3          14.5 Vrk9989428
     K04M00C  C2004 06 28.46772917 55 31.99 -45 57 14.0          14.5 Vrk9989428
     K04M00C  C2004 06 28.46906617 55 41.15 -45 58 08.2          14.5 Vrk9989428
     K04M00C  C2004 06 28.66669418 20 05.13 -48 01 12.8          14.6 Vrk9989428
     K04M00C  C2004 06 28.66703018 20 07.83 -48 01 24.1          14.6 Vrk9989428
     K04M00C  C2004 06 28.66736718 20 10.58 -48 01 35.4          14.5 Vrk9989428
     K04M00C  C2004 06 28.66770418 20 13.25 -48 01 46.7          14.6 Vrk9989428
     K04M00C  C2004 06 28.66804018 20 15.98 -48 01 58.0          14.6 Vrk9989428
     K04M00C  C2004 06 29.61141021 11 33.73 -51 10 26.5          14.5 Vrk9989428
     K04M00C  C2004 06 29.61172121 11 37.15 -51 10 20.8          14.4 Vrk9989428
     K04M00C  C2004 06 29.61234421 11 44.03 -51 10 09.6          14.5 Vrk9989428
     K04M00C  C2004 06 29.61353521 11 57.14 -51 09 47.7          14.5 Vrk9989428
     K04M00C  C2004 06 29.61384621 12 00.58 -51 09 41.8          14.4 Vrk9989428
     K04M00C  C2004 06 30.65420323 39 34.35 -39 10 01.8          15.8 Vrk9989428
     K04M00C  C2004 06 30.65455023 39 36.20 -39 09 45.9          15.7 Vrk9989428
     K04M00C  C2004 06 30.65488423 39 37.98 -39 09 30.6          15.8 Vrk9989428
     K04M00C  C2004 06 30.65555223 39 41.40 -39 08 59.4          15.7 Vrk9989428
