V8160K04Q02Z & 1954 02 26.29167 09 33 31.95 +12 09 44.6                cn0766261
V8160K04Q02Z & 1954 02 26.31945 09 33 30.76 +12 09 52.5                cn0766261
V8160K04Q02Z  C2002 04 04.44599 13 41 02.03 -10 58 30.2          21.1 Rcn0766644
V8160K04Q02Z  C2002 04 08.27123 13 36 41.20 -10 32 32.5          20.4 Rcn0766644
V8160K04Q02Z  C2002 04 08.34381 13 36 36.06 -10 32 02.8          21.2 Rcn0766644
V8160K04Q02Z  C2002 04 08.40565 13 36 31.70 -10 31 37.0          20.8 Rcn0766644
V8160K04Q02Z  C2002 04 22.25247 13 21 09.28 -08 57 03.0                cn0766644
V8160K04Q02Z  C2002 04 22.32495 13 21 04.62 -08 56 35.4          20.4 Rcn0766644
V8160K04Q02Z* C2004 08 20.41053 01 57 24.65 +13 26 55.8          18.9 Rdl2249703
V8160K04Q02Z  C2004 08 20.41909 01 57 25.85 +13 27 02.2          19.6 Rdl2249703
V8160K04Q02Z  C2004 08 20.42759 01 57 27.03 +13 27 09.2          19.5 Rdl2249703
V8160K04Q02Z  C2004 08 20.43610 01 57 28.22 +13 27 15.1          19.6 Rdl2249703
V8160K04Q02Z  C2004 08 21.30831 01 59 34.24 +13 38 31.8          19.7 Rcl2249651
V8160K04Q02Z  C2004 08 21.31002 01 59 34.47 +13 38 33.1          19.6 Rcl2249651
V8160K04Q02Z  C2004 08 21.31175 01 59 34.75 +13 38 34.6          19.6 Rcl2249651
V8160K04Q02Z  C2004 08 22.37173 02 02 08.38 +13 52 15.3          18.9 Rrl2249H36
V8160K04Q02Z  C2004 08 22.38177 02 02 09.74 +13 52 25.2          19.8 Rrl2249H36
V8160K04Q02Z 5C2004 08 22.46481 02 02 21.85 +13 53 30.5          19.5 Rcl2249673
V8160K04Q02Z 5C2004 08 22.46690 02 02 22.14 +13 53 32.0                cl2249673
V8160K04Q02Z 5C2004 08 22.46898 02 02 22.44 +13 53 33.6                cl2249673
V8160K04Q02Z 5C2004 08 22.47106 02 02 22.72 +13 53 35.1                cl2249673
V8160K04Q02Z  C2004 08 24.00785 02 06 09.19 +14 13 24.4                cl2249246
V8160K04Q02Z  C2004 08 24.00870 02 06 09.28 +14 13 24.2                cl2249246
V8160K04Q02Z  C2004 08 24.00950 02 06 09.43 +14 13 25.2                cl2249246
V8160K04Q02Z  C2004 08 24.01039 02 06 09.54 +14 13 26.6                cl2249246
V8160K04Q02Z  C2004 08 24.01125 02 06 09.68 +14 13 27.2                cl2249246
V8160K04Q02Z  C2004 08 25.04480 02 08 43.63 +14 26 48.3          20.0 Vol2249198
V8160K04Q02Z  C2004 08 25.05067 02 08 44.53 +14 26 52.8          20.0 Vol2249198
V8160K04Q02Z  C2004 08 25.05419 02 08 45.06 +14 26 55.5          20.0 Vol2249198
V8160K04Q02Z 1C2004 08 26.76347 02 13 03.03 +14 49 17.0          19.7 Rsl2249413
V8160K04Q02Z 1C2004 08 26.76903 02 13 03.83 +14 49 21.2          19.8 Rsl2249413
V8160K04Q02Z  C2004 08 27.43122 02 14 45.39 +14 57 40.9          19.1 Rrl2249715
V8160K04Q02Z  C2004 08 27.43529 02 14 45.98 +14 57 44.1          19.6 Rrl2249715
V8160K04Q02Z  C2004 08 27.43935 02 14 46.61 +14 57 47.4          19.6 Rrl2249715
V8160K04Q02Z  C2004 08 27.44341 02 14 47.21 +14 57 50.4          19.3 Rrl2249715
V8160K04Q02Z  C2004 08 28.01302 02 16 15.35 +15 05 07.8          19.9 Vol2249A13
V8160K04Q02Z  C2004 08 28.01632 02 16 15.75 +15 05 09.7          19.4 Vol2249A13
V8160K04Q02Z  C2004 08 28.01931 02 16 16.19 +15 05 13.0          19.6 Vol2249A13
V8160K04Q02Z  C2004 08 28.02281 02 16 16.74 +15 05 15.2          19.7 Vol2249A13
V8160K04Q02Z  C2004 08 28.02430 02 16 16.93 +15 05 16.5          19.7 Vol2249A13
V8160K04Q02Z  C2004 08 28.03194 02 16 18.09 +15 05 23.5          20.0 Vol2249198
V8160K04Q02Z  C2004 08 28.04068 02 16 19.47 +15 05 29.7          19.9 Vol2249198
V8160K04Q02Z  C2004 08 28.04942 02 16 20.81 +15 05 35.8          19.8 Vol2249198
V8160K04Q02Z  C2004 08 28.08533 02 16 26.39 +15 06 06.1          19.9 Rrl2249952
V8160K04Q02Z  C2004 08 28.09454 02 16 27.74 +15 06 13.0          19.9 Rrl2249952
V8160K04Q02Z  C2004 08 28.09879 02 16 28.32 +15 06 16.0          20.2 Rrl2249952
V8160K04Q02Z  C2004 08 28.10021 02 16 28.55 +15 06 17.0          20.0 Rrl2249952
V8160K04Q02Z  C2004 08 28.10233 02 16 28.88 +15 06 18.6          19.9 Rrl2249952
V8160K04Q02Z "C2004 09 02.58532 02 31 02.41 +16 16 51.1          19.5 Rol2783568
V8160K04Q02Z "C2004 09 02.58816 02 31 02.85 +16 16 53.2          19.5 Rol2783568
V8160K04Q02Z  C2004 09 07.00804 02 43 28.61 +17 12 53.7                cl2783246
V8160K04Q02Z  C2004 09 07.00875 02 43 28.78 +17 12 53.9                cl2783246
V8160K04Q02Z  C2004 09 07.00948 02 43 28.87 +17 12 54.9                cl2783246
V8160K04Q02Z  C2004 09 07.01067 02 43 29.07 +17 12 55.5                cl2783246
V8160K04Q02Z  C2004 09 07.01146 02 43 29.20 +17 12 56.1                cl2783246
V8160K04Q02Z  C2004 09 09.02442 02 49 21.94 +17 38 10.6                cl2783246
V8160K04Q02Z  C2004 09 09.02560 02 49 22.15 +17 38 11.6                cl2783246
V8160K04Q02Z  C2004 09 09.02777 02 49 22.55 +17 38 12.7                cl2783246
V8160K04Q02Z  C2004 09 09.02937 02 49 22.80 +17 38 13.9                cl2783246
V8160K04Q02Z  C2004 09 09.03035 02 49 22.98 +17 38 14.8                cl2783246
V8160K04Q02Z  C2004 09 09.29645 02 50 10.64 +17 41 36.9          18.9  cl2783704
V8160K04Q02Z  C2004 09 09.30779 02 50 12.64 +17 41 44.9          19.1  cl2783704
V8160K04Q02Z  C2004 09 09.31912 02 50 14.61 +17 41 53.9          18.9  cl2783704
V8160K04Q02Z  C2004 09 09.33045 02 50 16.55 +17 42 01.9          19.4  cl2783704
V8160K04Q02Z  C2004 09 09.34179 02 50 18.53 +17 42 11.1          19.3  cl2783704
V8160K04Q02Z  C2004 09 11.06269 02 55 28.07 +18 03 28.0                cl3004246
V8160K04Q02Z  C2004 09 11.06632 02 55 28.71 +18 03 30.6                cl3004246
V8160K04Q02Z  C2004 09 11.06748 02 55 28.91 +18 03 31.4                cl3004246
V8160K04Q02Z  C2004 09 13.34286 03 02 29.48 +18 31 24.8          18.4  cl3004704
V8160K04Q02Z  C2004 09 13.36569 03 02 33.63 +18 31 41.9          18.5  cl3004704
V8160K04Q02Z  C2004 09 13.37709 03 02 35.73 +18 31 49.9          18.9  cl3004704
V8160K04Q02Z  C2004 09 13.38850 03 02 37.79 +18 31 59.0          18.9  cl3004704
V8160K04Q02Z  C2004 09 17.38501 03 15 26.97 +19 19 36.6          18.7  cl3004704
V8160K04Q02Z  C2004 09 17.39685 03 15 29.27 +19 19 45.2          19.4  cl3004704
V8160K04Q02Z  C2004 09 17.40869 03 15 31.50 +19 19 53.7          19.5  cl3004704
V8160K04Q02Z  C2004 09 17.42056 03 15 33.78 +19 20 01.9          19.4  cl3004704
V8160K04Q02Z  C2004 09 17.43240 03 15 36.02 +19 20 09.9          19.4  cl3004704
V8160K04Q02Z  C2004 09 22.38850 03 32 30.00 +20 16 16.8          18.4 Rol9851699
V8160K04Q02Z  C2004 09 22.40644 03 32 33.64 +20 16 28.9                ol9851699
V8160K04Q02Z  C2004 09 22.42439 03 32 37.30 +20 16 41.1                ol9851699
V8160K04Q02Z  C2004 09 22.44234 03 32 41.00 +20 16 52.3                ol9851699
V8160K04Q02Z  C2004 09 23.35996 03 35 56.98 +20 26 48.7          18.6  cl4406704
V8160K04Q02Z  C2004 09 23.38401 03 36 02.02 +20 27 04.6          18.7  cl4406704
V8160K04Q02Z  C2004 09 23.39608 03 36 04.47 +20 27 13.1          19.0  cl4406704
V8160K04Q02Z  C2004 09 24.10915 03 38 38.09 +20 34 47.2          18.1 Vrl4406170
V8160K04Q02Z  C2004 09 24.10957 03 38 38.18 +20 34 47.5          18.3 Vrl4406170
V8160K04Q02Z  C2004 09 24.11000 03 38 38.26 +20 34 47.7          18.2 Vrl4406170
V8160K04Q02Z  C2004 10 08.00027 04 33 44.71 +22 36 14.8          18.3 Vcl6643A50
V8160K04Q02Z  C2004 10 08.00205 04 33 45.16 +22 36 15.9          18.1 Vcl6644A50
V8160K04Q02Z  C2004 10 08.02722 04 33 51.47 +22 36 25.2          18.1 Vcl6644A50
V8160K04Q02Z  C2004 10 08.02900 04 33 51.97 +22 36 25.5          18.1 Vcl6644A50
V8160K04Q02Z  C2004 10 08.47216 04 35 46.70 +22 39 18.7          17.4  cl5766644
V8160K04Q02Z  C2004 10 08.48214 04 35 49.15 +22 39 22.1          17.2  cl5766644
V8160K04Q02Z  C2004 10 08.49228 04 35 51.75 +22 39 26.0          17.6  cl5766644
V8160K04Q02Z  C2004 10 09.08429 04 38 26.43 +22 42 51.8          17.8 Vcl6644A50
V8160K04Q02Z  C2004 10 09.08606 04 38 26.99 +22 42 53.5          17.1 Vcl6644A50
V8160K04Q02Z  C2004 10 09.30873 04 39 26.61 +22 44 14.6          17.9  cl6644704
V8160K04Q02Z  C2004 10 09.31959 04 39 29.39 +22 44 18.7          18.5  cl6644704
V8160K04Q02Z  C2004 10 09.33045 04 39 32.18 +22 44 22.9          18.4  cl6644704
V8160K04Q02Z  C2004 10 09.34147 04 39 34.99 +22 44 26.4          18.5  cl6644704
V8160K04Q02Z  C2004 10 09.35233 04 39 37.74 +22 44 31.3          17.9  cl6644704
V8160K04Q02Z  C2004 10 13.21056104 56 51.21 +23 03 03.5          17.6 Rcl6644830
V8160K04Q02Z  C2004 10 13.21846604 56 53.32 +23 03 05.7          17.6 Rcl6644830
V8160K04Q02Z  C2004 10 13.22777504 56 55.79 +23 03 08.2          17.8 Rcl6644830
V8160K04Q02Z  C2004 10 13.23715904 56 58.31 +23 03 10.6          17.8 Rcl6644830
V8160K04Q02Z 1C2004 10 16.04106705 09 50.43 +23 11 47.8                ol9851084
V8160K04Q02Z  C2004 10 16.40031 05 11 30.61 +23 12 46.8          18.0 Rrl7622H41
V8160K04Q02Z  C2004 10 16.40203 05 11 31.10 +23 12 47.6          18.0 Rrl7622H41
V8160K04Q02Z  C2004 10 16.40348 05 11 31.50 +23 12 47.6          18.0 Rrl7622H41
V8160K04Q02Z  C2004 10 18.03969 05 19 11.51 +23 15 26.2          17.9 Vdl7622A56
V8160K04Q02Z  C2004 10 18.04155 05 19 11.98 +23 15 26.3          18.0 Vdl7622A56
V8160K04Q02Z  C2004 10 18.04447 05 19 12.86 +23 15 27.5          18.1 Vdl7622A56
V8160K04Q02Z  C2004 10 18.04625 05 19 13.29 +23 15 27.7          18.3 Vdl7622A56
V8160K04Q02Z  C2004 10 18.05747 05 19 16.31 +23 15 28.6          18.3 Vdl7622A56
V8160K04Q02Z  C2004 10 18.06552 05 19 18.52 +23 15 29.6          17.8 Vdl7622A56
V8160K04Q02Z  C2004 10 18.06829 05 19 19.34 +23 15 29.7          18.1 Vdl7622A56
V8160K04Q02Z  C2004 10 19.31101 05 25 11.99 +23 16 33.7          17.9  cl7622704
V8160K04Q02Z  C2004 10 19.32142 05 25 14.88 +23 16 33.7          18.3  cl7622704
V8160K04Q02Z  C2004 10 19.33184 05 25 17.74 +23 16 35.3          18.1  cl7622704
V8160K04Q02Z  C2004 10 19.34224 05 25 20.63 +23 16 36.1          18.3  cl7622704
V8160K04Q02Z  C2004 10 19.35265 05 25 23.48 +23 16 36.5          18.3  cl7622704
V8160K04Q02Z  C2004 10 20.31651 05 29 58.21 +23 16 43.7          17.9  cl7622704
V8160K04Q02Z  C2004 10 20.32597 05 30 00.85 +23 16 44.5          18.1  cl7622704
V8160K04Q02Z  C2004 10 20.33544 05 30 03.50 +23 16 44.7          18.1  cl7622704
V8160K04Q02Z  C2004 10 23.43200 05 44 51.44 +23 13 24.3                cl8417670
V8160K04Q02Z  C2004 10 23.55569 05 45 25.74 +23 13 08.2                cl8417670
V8160K04Q02Z 1C2004 10 30.96275 06 21 00.07 +22 40 36.1                om1749084
V8160K04Q02Z  C2004 11 06.38030 06 50 50.16 +21 47 33.9          17.0 Rrl9285H41
V8160K04Q02Z  C2004 11 06.38155 06 50 50.44 +21 47 13.6          16.9 Rrl9285H41
V8160K04Q02Z  C2004 11 06.38306 06 50 50.84 +21 47 32.8          16.8 Rrl9285H41
V8160K04Q02Z  C2004 11 06.38470 06 50 51.27 +21 47 31.7          17.2 Rrl9285H41
V8160K04Q02Z  C2004 11 06.38630 06 50 51.68 +21 47 30.8          16.9 Rrl9285H41
V8160K04Q02Z  C2004 11 06.38775 06 50 52.05 +21 47 30.4          17.2 Rrl9285H41
V8160K04Q02Z  C2004 11 07.36760 06 55 16.65 +21 37 36.1          17.6  cl9285704
V8160K04Q02Z  C2004 11 07.37972 06 55 19.70 +21 37 30.0          18.3  cl9285704
V8160K04Q02Z  C2004 11 07.39183 06 55 22.84 +21 37 21.8          17.8  cl9285704
V8160K04Q02Z  C2004 11 07.40395 06 55 25.92 +21 37 14.7          17.6  cl9285704
V8160K04Q02Z  C2004 11 07.41607 06 55 29.04 +21 37 07.1          17.7  cl9285704
V8160K04Q02Z  C2004 11 13.36235 07 20 54.54 +20 29 27.9          16.5 Rdl9851703
V8160K04Q02Z  C2004 11 13.37053 07 20 56.30 +20 29 23.3          16.5 Rdl9851703
V8160K04Q02Z  C2004 11 13.37879 07 20 58.20 +20 29 17.3          16.3 Rdl9851703
V8160K04Q02Z  C2004 11 13.38696 07 21 00.13 +20 29 11.3          16.4 Rdl9851703
V8160K04Q02Z  C2004 11 18.31552 07 40 05.85 +19 26 35.6          17.3  cl9851704
V8160K04Q02Z  C2004 11 18.32789 07 40 08.50 +19 26 26.7          17.3  cl9851704
V8160K04Q02Z  C2004 11 18.34021 07 40 11.10 +19 26 16.7          17.9  cl9851704
V8160K04Q02Z  C2004 11 18.35260 07 40 13.69 +19 26 08.3          17.5  cl9851704
V8160K04Q02Z  C2004 11 18.36493 07 40 16.28 +19 25 59.3          17.5  cl9851704
V8160K04Q02Z  C2004 11 21.04467 07 49 47.03 +18 50 48.7          17.6 Vom0501198
V8160K04Q02Z  C2004 11 21.04612 07 49 47.31 +18 50 47.5          17.5 Vom0501198
V8160K04Q02Z  C2004 11 21.04974 07 49 48.03 +18 50 44.8          17.6 Vom0501198
V8160K04Q02Z  C2004 11 21.05554 07 49 49.17 +18 50 40.3          17.5 Vom0501198
V8160K04Q02Z  C2004 11 21.05990 07 49 50.04 +18 50 37.0          17.5 Vom0501198
V8160K04Q02Z  C2004 11 21.06207 07 49 50.46 +18 50 35.3          17.4 Vom0501198
V8160K04Q02Z  C2004 11 22.04113 07 53 09.81 +18 37 47.7          16.7 Vdm0501A56
V8160K04Q02Z 1C2004 11 22.04178 07 53 09.30 +18 37 39.8                om1749084
V8160K04Q02Z  C2004 11 22.04406 07 53 10.35 +18 37 44.9          17.1 Vdm0501A56
V8160K04Q02Z  C2004 11 22.04763 07 53 11.06 +18 37 42.6          16.5 Vdm0501A56
V8160K04Q02Z  C2004 11 22.05994 07 53 13.45 +18 37 32.9          16.4 Vdm0501A56
V8160K04Q02Z  C2004 11 24.97515 08 02 35.76 +17 59 33.3          17.2 Vom0501198
V8160K04Q02Z  C2004 11 24.97622 08 02 35.95 +17 59 32.5          17.2 Vom0501198
V8160K04Q02Z  C2004 11 24.97741 08 02 36.16 +17 59 31.6          17.4 Vom0501198
V8160K04Q02Z  C2004 11 24.97985 08 02 36.59 +17 59 29.8          17.3 Vom0501198
V8160K04Q02Z  C2004 11 24.98051 08 02 36.71 +17 59 29.3          17.3 Vom0501198
V8160K04Q02Z  C2004 11 25.36961 08 03 47.38 +17 54 38.8          16.8 Rrm0501H41
V8160K04Q02Z  C2004 11 25.37080 08 03 47.61 +17 54 38.0          17.0 Rrm0501H41
V8160K04Q02Z  C2004 11 25.37177 08 03 47.77 +17 54 37.2          16.8 Rrm0501H41
V8160K04Q02Z  C2004 11 25.37286 08 03 47.95 +17 54 35.9          16.9 Rrm0501H41
V8160K04Q02Z  C2004 11 25.37409 08 03 48.12 +17 54 34.5          17.1 Rrm0501H41
V8160K04Q02Z 1C2004 11 26.05629 08 05 50.95 +17 45 39.0                om1749084
V8160K04Q02Z  C2004 11 26.18174 08 06 12.51 +17 44 07.7          16.9 Rcm0501118
V8160K04Q02Z  C2004 11 26.18411 08 06 12.89 +17 44 05.9          17.0 Rcm0501118
V8160K04Q02Z  C2004 11 26.18529 08 06 13.10 +17 44 04.9          17.0 Rcm0501118
V8160K04Q02Z  C2004 11 26.18647 08 06 13.30 +17 44 04.0          17.0 Rcm0501118
V8160K04Q02Z  C2004 11 26.18882 08 06 13.69 +17 44 02.1          17.0 Rcm0501118
V8160K04Q02Z  C2004 11 26.58624 08 07 24.81 +17 39 16.1          18.0  cm0501608
V8160K04Q02Z  C2004 11 26.59687 08 07 26.53 +17 39 07.7          17.9  cm0501608
V8160K04Q02Z  C2004 11 26.60758 08 07 28.26 +17 38 59.9          18.0  cm0501608
V8160K04Q02Z  C2004 11 27.53771 08 10 10.04 +17 27 15.4          18.0  cm0501608
V8160K04Q02Z  C2004 11 27.54796 08 10 11.62 +17 27 07.7          18.1  cm0501608
V8160K04Q02Z  C2004 11 27.55825 08 10 13.23 +17 27 00.5          17.7  cm0501608
V8160K04Q02Z  C2004 12 02.41588 08 22 51.42 +16 28 26.6          16.8 Rrm0501H41
V8160K04Q02Z  C2004 12 02.41698 08 22 51.58 +16 28 25.2          16.7 Rrm0501H41
V8160K04Q02Z  C2004 12 02.41811 08 22 51.70 +16 28 25.5          16.8 Rrm0501H41
V8160K04Q02Z  C2004 12 02.41914 08 22 51.81 +16 28 24.6          16.8 Rrm0501H41
V8160K04Q02Z  C2004 12 02.42035 08 22 51.99 +16 28 22.9          16.8 Rrm0501H41
V8160K04Q02Z  C2004 12 08.46079 08 35 23.99 +15 24 56.3          17.4  cm1173704
V8160K04Q02Z  C2004 12 08.47703 08 35 25.52 +15 24 46.7          17.4  cm1173704
V8160K04Q02Z  C2004 12 08.49221 08 35 26.95 +15 24 38.5          17.4  cm1173704
V8160K04Q02Z  C2004 12 08.50864 08 35 28.50 +15 24 25.1          17.2  cm1173704
V8160K04Q02Z  C2004 12 08.52614 08 35 30.22 +15 24 18.0          17.3  cm1173704
V8160K04Q02Z  C2004 12 10.38245 08 38 39.29 +15 07 23.7          16.8 Rrm1173H41
V8160K04Q02Z  C2004 12 10.38375 08 38 39.41 +15 07 23.2          16.9 Rrm1173H41
V8160K04Q02Z  C2004 12 10.38486 08 38 39.49 +15 07 22.3          16.8 Rrm1173H41
V8160K04Q02Z  C2004 12 10.38714 08 38 39.68 +15 07 21.1          16.5 Rrm1173H41
V8160K04Q02Z  C2004 12 10.38817 08 38 39.77 +15 07 20.6          16.8 Rrm1173H41
V8160K04Q02Z  C2004 12 11.36969 08 40 11.31 +14 58 56.6          16.8 Rrm1749H41
V8160K04Q02Z  C2004 12 11.37098 08 40 11.41 +14 58 56.1          16.9 Rrm1749H41
V8160K04Q02Z  C2004 12 11.37225 08 40 11.51 +14 58 55.9          16.7 Rrm1749H41
V8160K04Q02Z  C2004 12 11.37348 08 40 11.61 +14 58 55.2          16.8 Rrm1749H41
V8160K04Q02Z  C2004 12 11.96100 08 41 04.58 +14 53 55.7                cm2710046
V8160K04Q02Z  C2004 12 11.96201 08 41 04.64 +14 53 55.4                cm2710046
V8160K04Q02Z  C2004 12 11.96333 08 41 04.76 +14 53 54.7                cm2710046
V8160K04Q02Z  C2004 12 11.96404 08 41 04.81 +14 53 54.8                cm2710046
V8160K04Q02Z  C2004 12 11.96472 08 41 04.85 +14 53 54.1                cm2710046
V8160K04Q02Z  C2004 12 11.96538 08 41 04.89 +14 53 53.5                cm2710046
V8160K04Q02Z  C2004 12 12.05733 08 41 12.34 +14 53 13.4          16.1 Vdm1749A56
V8160K04Q02Z  C2004 12 12.05949 08 41 12.48 +14 53 12.3          16.0 Vdm1749A56
V8160K04Q02Z  C2004 12 12.06519 08 41 12.88 +14 53 09.3          16.4 Vdm1749A56
V8160K04Q02Z  C2004 12 12.07104 08 41 13.28 +14 53 06.7          16.2 Vdm1749A56
V8160K04Q02Z  C2004 12 12.07710 08 41 13.77 +14 53 03.7          16.2 Vdm1749A56
V8160K04Q02Z  C2004 12 12.35511 08 41 38.23 +14 50 54.1          16.5 Rom1749699
V8160K04Q02Z  C2004 12 12.36650 08 41 39.11 +14 50 48.8                om1749699
V8160K04Q02Z  C2004 12 12.37789 08 41 39.95 +14 50 43.5                om1749699
V8160K04Q02Z  C2004 12 12.38927 08 41 40.78 +14 50 38.3                om1749699
V8160K04Q02Z  C2004 12 12.39412 08 41 40.52 +14 50 36.1          16.9 Rrm1749H41
V8160K04Q02Z  C2004 12 12.39542 08 41 40.63 +14 50 35.4          16.9 Rrm1749H41
V8160K04Q02Z  C2004 12 12.40949 08 41 41.66 +14 50 28.9          16.8 Rrm1749H41
V8160K04Q02Z  C2004 12 12.41075 08 41 41.74 +14 50 28.2          17.0 Rrm1749H41
V8160K04Q02Z  C2004 12 12.41236 08 41 41.87 +14 50 27.4          16.8 Rrm1749H41
V8160K04Q02Z  C2004 12 12.99550 08 42 31.26 +14 45 46.3                cm2710046
V8160K04Q02Z  C2004 12 12.99699 08 42 31.36 +14 45 45.4                cm2710046
V8160K04Q02Z  C2004 12 12.99766 08 42 31.42 +14 45 44.9                cm2710046
V8160K04Q02Z  C2004 12 12.99900 08 42 31.50 +14 45 44.6                cm2710046
V8160K04Q02Z  C2004 12 12.99970 08 42 31.55 +14 45 44.4                cm2710046
V8160K04Q02Z  C2004 12 13.00037 08 42 31.61 +14 45 44.1                cm2710046
V8160K04Q02Z  C2004 12 13.32995 08 42 57.89 +14 43 20.1          17.1 Rrm1749H41
V8160K04Q02Z  C2004 12 13.33128 08 42 57.99 +14 43 19.7          16.9 Rrm1749H41
V8160K04Q02Z  C2004 12 13.33272 08 42 58.09 +14 43 19.1          16.8 Rrm1749H41
V8160K04Q02Z  C2004 12 13.33426 08 42 58.20 +14 43 18.5          17.0 Rrm1749H41
V8160K04Q02Z  C2004 12 13.33547 08 42 58.27 +14 43 18.2          16.9 Rrm1749H41
V8160K04Q02Z 1C2004 12 13.86905 08 43 40.17 +14 39 05.3                om5458084
V8160K04Q02Z  C2004 12 14.00771108 43 50.65 +14 38 12.0          16.8 Vrm1749A16
V8160K04Q02Z  C2004 12 14.01290208 43 50.99 +14 38 09.6          17.0 Vrm1749A16
V8160K04Q02Z  C2004 12 14.01802408 43 51.35 +14 38 07.8          16.9 Vrm1749A16
V8160K04Q02Z  C2004 12 14.02314308 43 51.68 +14 38 05.7          16.8 Vrm1749A16
V8160K04Q02Z  C2004 12 14.02825308 43 52.03 +14 38 03.5          16.9 Vrm1749A16
V8160K04Q02Z  C2004 12 14.33421 08 44 15.11 +14 35 57.9          17.3  cm1749704
V8160K04Q02Z  C2004 12 14.34722 08 44 15.95 +14 35 53.0          17.1  cm1749704
V8160K04Q02Z  C2004 12 14.36073 08 44 16.79 +14 35 47.2          17.1  cm1749704
V8160K04Q02Z  C2004 12 14.36240 08 44 16.51 +14 35 46.1          16.7 Rrm1749H41
V8160K04Q02Z  C2004 12 14.36407 08 44 16.59 +14 35 44.9          16.7 Rrm1749H41
V8160K04Q02Z  C2004 12 14.36531 08 44 16.65 +14 35 44.4          16.7 Rrm1749H41
V8160K04Q02Z  C2004 12 14.36653 08 44 16.71 +14 35 44.2          16.8 Rrm1749H41
V8160K04Q02Z  C2004 12 14.36773 08 44 16.78 +14 35 43.8          16.7 Rrm1749H41
V8160K04Q02Z  C2004 12 14.37373 08 44 17.60 +14 35 41.7          17.2  cm1749704
V8160K04Q02Z  C2004 12 14.38672 08 44 18.41 +14 35 36.5          17.5  cm1749704
V8160K04Q02Z  C2004 12 15.09201 08 45 08.47 +14 30 32.7          17.1 Rrm1749A39
V8160K04Q02Z  C2004 12 15.09960 08 45 08.93 +14 30 29.5          17.0 Rrm1749A39
V8160K04Q02Z  C2004 12 15.10340 08 45 09.16 +14 30 28.0          17.1 Rrm1749A39
V8160K04Q02Z  C2004 12 15.10720 08 45 09.39 +14 30 26.8          17.1 Rrm1749A39
V8160K04Q02Z  C2004 12 15.30787 08 45 24.29 +14 29 12.2          16.8 Rrm1749H41
V8160K04Q02Z  C2004 12 15.31294 08 45 24.55 +14 29 09.7          16.7 Rrm1749H41
V8160K04Q02Z  C2004 12 15.31419 08 45 24.60 +14 29 09.4          16.6 Rrm1749H41
V8160K04Q02Z  C2004 12 15.31550 08 45 24.70 +14 29 09.2          16.7 Rrm1749H41
V8160K04Q02Z  C2004 12 15.31689 08 45 24.78 +14 29 08.8          16.6 Rrm1749H41
V8160K04Q02Z  C2004 12 16.02941508 46 12.07 +14 24 21.2          16.9 Vrm1749A16
V8160K04Q02Z  C2004 12 16.03453308 46 12.54 +14 24 19.3          17.5 Vrm1749A16
V8160K04Q02Z  C2004 12 16.03869308 46 12.64 +14 24 16.6          16.4 Vrm1749A16
V8160K04Q02Z  C2004 12 16.35497 08 46 32.57 +14 22 23.7          16.9 Rrm1749H41
V8160K04Q02Z  C2004 12 16.36483 08 46 33.08 +14 22 20.1          16.4 Rrm1749H41
V8160K04Q02Z  C2004 12 16.36606 08 46 33.18 +14 22 19.7          16.8 Rrm1749H41
V8160K04Q02Z  C2004 12 16.36856 08 46 33.26 +14 22 18.7          16.6 Rrm1749H41
V8160K04Q02Z  C2004 12 16.36980 08 46 33.36 +14 22 18.1          16.8 Rrm1749H41
V8160K04Q02Z  C2004 12 17.34799 08 47 32.62 +14 16 21.5          16.9 Rrm1749H41
V8160K04Q02Z  C2004 12 17.34994 08 47 32.71 +14 16 20.7          17.1 Rrm1749H41
V8160K04Q02Z  C2004 12 17.35124 08 47 32.75 +14 16 20.0          16.9 Rrm1749H41
V8160K04Q02Z  C2004 12 17.35248 08 47 32.81 +14 16 19.8          16.9 Rrm1749H41
V8160K04Q02Z  C2004 12 17.35435 08 47 32.91 +14 16 19.5          17.0 Rrm1749H41
V8160K04Q02Z  C2004 12 17.73872 08 47 54.44 +14 14 06.1          17.6 Vrm2710379
V8160K04Q02Z  C2004 12 17.74090 08 47 54.57 +14 14 05.5          17.4 Vrm2710379
V8160K04Q02Z  C2004 12 17.74309 08 47 54.64 +14 14 05.1          17.7 Vrm2711379
V8160K04Q02Z  C2004 12 17.74747 08 47 54.85 +14 14 03.5          17.7 Vrm2711379
V8160K04Q02Z  C2004 12 17.74965 08 47 54.94 +14 14 02.1          17.8 Vrm2711379
V8160K04Q02Z  C2004 12 18.30383 08 48 25.97 +14 10 55.7          16.5 Rrm2711H41
V8160K04Q02Z  C2004 12 18.30542 08 48 26.01 +14 10 55.7          16.8 Rrm2711H41
V8160K04Q02Z  C2004 12 18.30666 08 48 26.09 +14 10 55.1          16.4 Rrm2711H41
V8160K04Q02Z  C2004 12 18.30787 08 48 26.13 +14 10 54.6          16.7 Rrm2711H41
V8160K04Q02Z  C2004 12 18.30909 08 48 26.14 +14 10 54.3          16.6 Rrm2711H41
V8160K04Q02Z  C2004 12 18.37747 08 48 29.47 +14 10 33.1          17.2  cm2711704
V8160K04Q02Z  C2004 12 18.39177 08 48 30.07 +14 10 28.5          17.3  cm2711704
V8160K04Q02Z  C2004 12 18.40610 08 48 30.66 +14 10 24.0          17.4  cm2711704
V8160K04Q02Z  C2004 12 18.41967 08 48 31.21 +14 10 19.6          17.5  cm2711704
V8160K04Q02Z  C2004 12 18.43281 08 48 31.74 +14 10 15.2          17.2  cm2711704
V8160K04Q02Z  C2004 12 19.03816 08 49 02.99 +14 06 57.5          16.9 Rrm2711A41
V8160K04Q02Z  C2004 12 19.05307 08 49 03.61 +14 06 52.5          17.0 Rrm2711A41
V8160K04Q02Z  C2004 12 19.06796 08 49 04.17 +14 06 47.9          17.1 Rrm2711A41
V8160K04Q02Z  C2004 12 19.34207 08 49 17.73 +14 05 29.6          16.7 Rrm2711H41
V8160K04Q02Z  C2004 12 19.34346 08 49 17.76 +14 05 29.6          16.6 Rrm2711H41
V8160K04Q02Z  C2004 12 19.36443 08 49 18.54 +14 05 23.3          16.6 Rrm2711H41
V8160K04Q02Z  C2004 12 19.36572 08 49 18.59 +14 05 23.0          16.7 Rrm2711H41
V8160K04Q02Z  C2004 12 19.36699 08 49 18.64 +14 05 23.0          16.7 Rrm2711H41
V8160K04Q02Z  C2004 12 20.01257 08 49 48.90 +14 02 06.8          17.0 Vcm2711A62
V8160K04Q02Z  C2004 12 20.01367 08 49 48.92 +14 02 06.4          16.8 Vcm2711A62
V8160K04Q02Z  C2004 12 20.01477 08 49 48.97 +14 02 06.0          16.9 Vcm2711A62
V8160K04Q02Z  C2004 12 20.01586 08 49 48.99 +14 02 05.8          16.8 Vcm2711A62
V8160K04Q02Z  C2004 12 20.01696 08 49 49.02 +14 02 05.6          16.8 Vcm2711A62
V8160K04Q02Z  C2004 12 20.01945 08 49 49.15 +14 02 04.7          16.8 Vcm2711A62
V8160K04Q02Z  C2004 12 20.02054 08 49 49.19 +14 02 04.5          16.9 Vcm2711A62
V8160K04Q02Z  C2004 12 20.02163 08 49 49.21 +14 02 04.4          16.8 Vcm2711A62
V8160K04Q02Z  C2004 12 20.02273 08 49 49.24 +14 02 04.1          16.9 Vcm2711A62
V8160K04Q02Z  C2004 12 20.02383 08 49 49.29 +14 02 03.4          16.9 Vcm2711A62
V8160K04Q02Z  C2004 12 20.02632 08 49 49.39 +14 02 02.9          16.9 Vcm2711A62
V8160K04Q02Z  C2004 12 20.02743 08 49 49.41 +14 02 02.5          16.8 Vcm2711A62
V8160K04Q02Z  C2004 12 20.02855 08 49 49.45 +14 02 02.6          16.9 Vcm2711A62
V8160K04Q02Z  C2004 12 20.02965 08 49 49.51 +14 02 02.0          16.9 Vcm2711A62
V8160K04Q02Z  C2004 12 20.03074 08 49 49.54 +14 02 01.9          17.0 Vcm2711A62
V8160K04Q02Z  C2004 12 20.03324 08 49 49.63 +14 02 01.1          16.8 Vcm2711A62
V8160K04Q02Z  C2004 12 20.03433 08 49 49.67 +14 02 00.7          17.0 Vcm2711A62
V8160K04Q02Z  C2004 12 20.03543 08 49 49.69 +14 02 00.2          16.8 Vcm2711A62
V8160K04Q02Z  C2004 12 20.03652 08 49 49.75 +14 02 00.2          17.1 Vcm2711A62
V8160K04Q02Z  C2004 12 20.03762 08 49 49.77 +14 02 00.0          16.9 Vcm2711A62
V8160K04Q02Z  C2004 12 20.04010 08 49 49.87 +14 01 59.1          17.0 Vcm2711A62
V8160K04Q02Z  C2004 12 20.04120 08 49 49.92 +14 01 58.7          16.9 Vcm2711A62
V8160K04Q02Z  C2004 12 20.04230 08 49 49.96 +14 01 58.6          17.0 Vcm2711A62
V8160K04Q02Z  C2004 12 20.04340 08 49 50.01 +14 01 58.4          16.9 Vcm2711A62
V8160K04Q02Z  C2004 12 20.04449 08 49 50.02 +14 01 58.4          17.1 Vcm2711A62
V8160K04Q02Z  C2004 12 20.04882 08 49 50.18 +14 01 56.8          16.7 Vcm2711A62
V8160K04Q02Z  C2004 12 20.05176 08 49 50.30 +14 01 56.1          16.9 Vcm2711A62
V8160K04Q02Z  C2004 12 20.05470 08 49 50.39 +14 01 55.2          16.8 Vcm2711A62
V8160K04Q02Z  C2004 12 20.05764 08 49 50.49 +14 01 54.2          16.9 Vcm2711A62
V8160K04Q02Z  C2004 12 20.06059 08 49 50.60 +14 01 53.6          16.8 Vcm2711A62
V8160K04Q02Z  C2004 12 20.06720 08 49 50.84 +14 01 51.9          16.9 Vcm2711A62
V8160K04Q02Z  C2004 12 20.07016 08 49 50.93 +14 01 51.1          16.8 Vcm2711A62
V8160K04Q02Z  C2004 12 20.07310 08 49 51.02 +14 01 50.0          16.7 Vcm2711A62
V8160K04Q02Z  C2004 12 20.26901 08 50 00.91 +14 00 58.9          16.5 Rom2711699
V8160K04Q02Z  C2004 12 20.28688 08 50 01.59 +14 00 54.9                om2711699
V8160K04Q02Z  C2004 12 20.30478 08 50 02.20 +14 00 50.2                om2711699
V8160K04Q02Z  C2004 12 20.32268 08 50 02.83 +14 00 46.0                om2711699
V8160K04Q02Z  C2004 12 22.26081 08 51 17.10 +13 52 35.8          16.7 Rom3347699
V8160K04Q02Z  C2004 12 22.27951 08 51 17.62 +13 52 32.5                om3347699
V8160K04Q02Z  C2004 12 22.29819 08 51 18.11 +13 52 28.8                om3347699
V8160K04Q02Z  C2004 12 22.31689 08 51 18.60 +13 52 25.0                om3347699
V8160K04Q02Z 1C2004 12 25.13847 08 52 32.30 +13 43 13.7                om5458084
V8160K04Q02Z  C2004 12 29.30728 08 53 21.60 +13 36 01.7          17.2 Rrm3347H41
V8160K04Q02Z  C2004 12 29.31009 08 53 21.60 +13 36 00.8          17.1 Rrm3347H41
V8160K04Q02Z  C2004 12 29.31119 08 53 21.60 +13 36 00.7          17.2 Rrm3347H41
V8160K04Q02Z  C2004 12 29.31225 08 53 21.60 +13 36 00.9          17.0 Rrm3347H41
V8160K04Q02Z  C2004 12 29.31329 08 53 21.58 +13 36 01.1          17.0 Rrm3347H41
V8160K04Q02Z 1C2004 12 31.99693 08 53 15.61 +13 34 35.8                om5458084
V8160K04Q02Z  C2005 01 01.02819 08 53 15.61 +13 34 40.7          16.4 Vdm3569A56
V8160K04Q02Z  C2005 01 01.03855 08 53 15.49 +13 34 42.2          16.5 Vdm3569A56
V8160K04Q02Z  C2005 01 01.04626 08 53 15.36 +13 34 42.7          16.6 Vdm3569A56
V8160K04Q02Z  C2005 01 01.76204 08 53 08.60 +13 34 52.9          17.4 Vrm4102379
V8160K04Q02Z  C2005 01 01.76352 08 53 08.56 +13 34 52.9          17.5 Vrm4102379
V8160K04Q02Z  C2005 01 01.76501 08 53 08.57 +13 34 53.2          17.5 Vrm4102379
V8160K04Q02Z  C2005 01 01.76800 08 53 08.43 +13 34 53.3          17.0 Vrm4102379
V8160K04Q02Z  C2005 01 01.77248 08 53 08.40 +13 34 53.2          17.0 Vrm4102379
V8160K04Q02Z  C2005 01 01.99789 08 53 07.52 +13 34 54.2          16.9 Rrm3569A06
V8160K04Q02Z  C2005 01 04.92951 08 52 23.10 +13 37 22.3          17.0  rm3569469
V8160K04Q02Z  C2005 01 04.93646 08 52 22.94 +13 37 22.8          17.1  rm3569469
V8160K04Q02Z  C2005 01 04.94340 08 52 22.74 +13 37 23.7          16.9  rm3569469
V8160K04Q02Z  C2005 01 04.95035 08 52 22.58 +13 37 24.2          17.0  rm3569469
V8160K04Q02Z  C2005 01 04.95167 08 52 22.48 +13 37 24.4          16.9 Vcm3569A62
V8160K04Q02Z  C2005 01 04.95259 08 52 22.46 +13 37 24.6          16.8 Vcm3569A62
V8160K04Q02Z  C2005 01 04.95350 08 52 22.44 +13 37 24.5          16.8 Vcm3569A62
V8160K04Q02Z  C2005 01 04.95441 08 52 22.43 +13 37 24.8          16.9 Vcm3569A62
V8160K04Q02Z  C2005 01 04.95534 08 52 22.40 +13 37 24.9          16.8 Vcm3569A62
V8160K04Q02Z  C2005 01 04.95729 08 52 22.41 +13 37 25.1          17.0  rm3569469
V8160K04Q02Z  C2005 01 04.95766 08 52 22.34 +13 37 25.0          16.7 Vcm3570A62
V8160K04Q02Z  C2005 01 04.95857 08 52 22.33 +13 37 25.2          16.8 Vcm3570A62
V8160K04Q02Z  C2005 01 04.95948 08 52 22.29 +13 37 25.4          16.9 Vcm3570A62
V8160K04Q02Z  C2005 01 04.96040 08 52 22.27 +13 37 25.5          16.7 Vcm3570A62
V8160K04Q02Z  C2005 01 04.96131 08 52 22.24 +13 37 25.4          16.9 Vcm3570A62
V8160K04Q02Z  C2005 01 04.96364 08 52 22.17 +13 37 25.9          16.8 Vcm3570A62
V8160K04Q02Z  C2005 01 04.96455 08 52 22.15 +13 37 25.7          16.8 Vcm3570A62
V8160K04Q02Z  C2005 01 04.96546 08 52 22.12 +13 37 25.9          16.9 Vcm3570A62
V8160K04Q02Z  C2005 01 04.96639 08 52 22.10 +13 37 25.8          16.8 Vcm3570A62
V8160K04Q02Z  C2005 01 04.96731 08 52 22.11 +13 37 26.0          16.7 Vcm3570A62
V8160K04Q02Z  C2005 01 04.97120 08 52 21.97 +13 37 26.5          16.8 Vcm3570A62
V8160K04Q02Z  C2005 01 04.97414 08 52 21.88 +13 37 26.7          16.8 Vcm3570A62
V8160K04Q02Z  C2005 01 04.97708 08 52 21.82 +13 37 27.0          16.8 Vcm3570A62
V8160K04Q02Z  C2005 01 04.98142 08 52 21.70 +13 37 27.2          16.8 Vcm3570A62
V8160K04Q02Z  C2005 01 04.98436 08 52 21.59 +13 37 27.7          16.8 Vcm3570A62
V8160K04Q02Z  C2005 01 04.98731 08 52 21.53 +13 37 27.5          16.7 Vcm3570A62
V8160K04Q02Z  C2005 01 05.88918 08 52 03.14 +13 38 48.6          17.1 Rrm3570A06
V8160K04Q02Z  C2005 01 05.96764 08 52 00.99 +13 38 58.4          17.0 Rrm3570A06
V8160K04Q02Z  C2005 01 06.35215 08 51 51.40 +13 39 42.3          17.5  cm3570704
V8160K04Q02Z  C2005 01 06.36543 08 51 50.88 +13 39 44.3          17.9  cm3570704
V8160K04Q02Z  C2005 01 06.38030 08 51 50.40 +13 39 45.3          17.7  cm3570704
V8160K04Q02Z  C2005 01 06.39371 08 51 49.93 +13 39 47.4          17.8  cm3570704
V8160K04Q02Z  C2005 01 06.40699 08 51 49.46 +13 39 48.7          17.9  cm3570704
V8160K04Q02Z  C2005 01 06.99713 08 51 35.75 +13 40 47.7          16.7 Vcm3570A62
V8160K04Q02Z  C2005 01 07.00789 08 51 35.40 +13 40 48.8          16.8 Vcm3570A62
V8160K04Q02Z  C2005 01 07.00900 08 51 35.34 +13 40 48.8          16.8 Vcm3570A62
V8160K04Q02Z  C2005 01 07.01009 08 51 35.32 +13 40 49.4          16.8 Vcm3570A62
V8160K04Q02Z  C2005 01 07.01119 08 51 35.27 +13 40 49.1          16.6 Vcm3570A62
V8160K04Q02Z  C2005 01 07.01230 08 51 35.26 +13 40 49.6          16.7 Vcm3570A62
V8160K04Q02Z  C2005 01 07.01478 08 51 35.17 +13 40 49.6          17.0 Vcm3570A62
V8160K04Q02Z  C2005 01 07.01588 08 51 35.14 +13 40 50.1          17.1 Vcm3570A62
V8160K04Q02Z  C2005 01 07.01808 08 51 35.06 +13 40 49.9          16.8 Vcm3570A62
V8160K04Q02Z  C2005 01 07.01917 08 51 35.02 +13 40 50.0          16.9 Vcm3570A62
V8160K04Q02Z  C2005 01 07.02166 08 51 34.94 +13 40 50.5          16.8 Vcm3570A62
V8160K04Q02Z  C2005 01 07.02277 08 51 34.89 +13 40 50.8          16.7 Vcm3570A62
V8160K04Q02Z  C2005 01 07.02388 08 51 34.87 +13 40 50.8          16.8 Vcm3570A62
V8160K04Q02Z  C2005 01 07.02499 08 51 34.82 +13 40 51.0          16.9 Vcm3570A62
V8160K04Q02Z  C2005 01 07.02610 08 51 34.79 +13 40 51.0          16.8 Vcm3570A62
V8160K04Q02Z  C2005 01 07.04477 08 51 34.21 +13 40 53.5          16.5 Rrm4102185
V8160K04Q02Z  C2005 01 07.05902 08 51 33.72 +13 40 55.2          16.7 Rrm4102185
V8160K04Q02Z 1C2005 01 08.14487 08 51 03.70 +13 43 06.7                om5458084
V8160K04Q02Z  C2005 01 08.64704 08 50 50.44 +13 44 28.8          17.1 Vrm4102379
V8160K04Q02Z  C2005 01 08.65141 08 50 50.30 +13 44 29.3          17.2 Vrm4102379
V8160K04Q02Z  C2005 01 08.65360 08 50 50.22 +13 44 30.0          17.3 Vrm4102379
V8160K04Q02Z  C2005 01 08.65797 08 50 50.04 +13 44 30.1          17.3 Vrm4102379
V8160K04Q02Z  C2005 01 09.38668 08 50 27.50 +13 46 17.3          16.6   m4102447
V8160K04Q02Z  C2005 01 09.41678 08 50 26.28 +13 46 21.8          16.0   m4102447
V8160K04Q02Z  C2005 01 09.61904 08 50 21.21 +13 46 55.2          17.1 Vrm4102379
V8160K04Q02Z  C2005 01 09.62560 08 50 20.94 +13 46 56.5          17.9 Vrm4102379
V8160K04Q02Z  C2005 01 09.62998 08 50 20.69 +13 46 56.5          17.7 Vrm4102379
V8160K04Q02Z  C2005 01 09.88217 08 50 13.50 +13 47 32.3          16.2 Rrm4102A06
V8160K04Q02Z  C2005 01 09.88665 08 50 13.31 +13 47 32.9          17.0 Rrm4102A06
V8160K04Q02Z  C2005 01 09.89026 08 50 13.23 +13 47 32.8          17.3 Rrm4102A06
V8160K04Q02Z  C2005 01 10.75934 08 49 42.73 +13 50 04.3          17.6 Vrm4102379
V8160K04Q02Z  C2005 01 10.76233 08 49 42.64 +13 50 05.0                rm4102379
V8160K04Q02Z  C2005 01 10.76382 08 49 42.58 +13 50 05.2                rm4102379
V8160K04Q02Z  C2005 01 10.76979 08 49 42.25 +13 50 05.3                rm4102379
V8160K04Q02Z  C2005 01 10.89826 08 49 39.79 +13 50 22.1          16.8 Vcm4102A62
V8160K04Q02Z  C2005 01 10.90007 08 49 39.72 +13 50 22.7          16.9 Vcm4102A62
V8160K04Q02Z  C2005 01 10.90187 08 49 39.62 +13 50 22.8          16.9 Vcm4102A62
V8160K04Q02Z  C2005 01 10.90277 08 49 39.58 +13 50 23.3          17.0 Vcm4102A62
V8160K04Q02Z  C2005 01 10.90367 08 49 39.51 +13 50 23.4          16.9 Vcm4102A62
V8160K04Q02Z  C2005 01 10.90616 08 49 39.47 +13 50 23.8          16.7 Vcm4102A62
V8160K04Q02Z  C2005 01 10.90797 08 49 39.39 +13 50 24.0          16.9 Vcm4102A62
V8160K04Q02Z  C2005 01 10.90977 08 49 39.30 +13 50 24.4          16.8 Vcm4102A62
V8160K04Q02Z  C2005 01 10.91157 08 49 39.19 +13 50 24.4          16.8 Vcm4102A62
V8160K04Q02Z  C2005 01 10.91338 08 49 39.16 +13 50 25.1          16.8 Vcm4102A62
V8160K04Q02Z  C2005 01 10.91589 08 49 39.05 +13 50 25.6          16.7 Vcm4102A62
V8160K04Q02Z  C2005 01 10.91769 08 49 38.99 +13 50 25.9          16.8 Vcm4102A62
V8160K04Q02Z  C2005 01 10.91950 08 49 38.90 +13 50 26.6          17.0 Vcm4102A62
V8160K04Q02Z  C2005 01 10.92130 08 49 38.86 +13 50 26.7          17.2 Vcm4102A62
V8160K04Q02Z  C2005 01 10.92310 08 49 38.74 +13 50 27.0          16.9 Vcm4102A62
V8160K04Q02Z  C2005 01 11.63149 08 49 13.98 +13 52 41.6          17.2 Vrm4753379
V8160K04Q02Z  C2005 01 11.63448 08 49 13.86 +13 52 42.4          17.2 Vrm4753379
V8160K04Q02Z  C2005 01 11.63597 08 49 13.77 +13 52 42.6          17.1 Vrm4753379
V8160K04Q02Z  C2005 01 11.63896 08 49 13.64 +13 52 43.2          17.1 Vrm4753379
V8160K04Q02Z  C2005 01 13.34120 08 48 11.55 +13 58 16.4          16.9  cm4102704
V8160K04Q02Z  C2005 01 13.35535 08 48 10.88 +13 58 19.4          17.0  cm4102704
V8160K04Q02Z  C2005 01 13.36825 08 48 10.27 +13 58 21.9          17.1  cm4102704
V8160K04Q02Z  C2005 01 13.38133 08 48 09.65 +13 58 24.7          17.1  cm4102704
V8160K04Q02Z  C2005 01 13.39500 08 48 09.02 +13 58 27.3          17.1  cm4102704
V8160K04Q02Z  C2005 01 13.57010 08 48 03.73 +13 59 02.0          17.3 Vrm4753379
V8160K04Q02Z  C2005 01 13.57160 08 48 03.64 +13 59 02.7          17.5 Vrm4753379
V8160K04Q02Z  C2005 01 13.57757 08 48 03.38 +13 59 04.2          17.4 Vrm4753379
V8160K04Q02Z  C2005 01 13.57906 08 48 03.30 +13 59 04.2          17.3 Vrm4753379
V8160K04Q02Z  C2005 01 13.58056 08 48 03.25 +13 59 04.6          16.8 Vrm4753379
V8160K04Q02Z  C2005 01 14.03527 08 47 44.77 +14 00 36.6          17.2 Rim6395071
V8160K04Q02Z  C2005 01 14.03935 08 47 44.73 +14 00 37.1          17.7 Rim6395071
V8160K04Q02Z  C2005 01 14.04318 08 47 44.27 +14 00 39.0          17.3 Rim6395071
V8160K04Q02Z  C2005 01 14.05152 08 47 44.11 +14 00 40.0          17.1 Rim6395071
V8160K04Q02Z  C2005 01 14.05513 08 47 43.81 +14 00 41.1          17.1 Rim6395071
V8160K04Q02Z  C2005 01 14.05885 08 47 43.67 +14 00 41.9          16.9 Rim6395071
V8160K04Q02Z  C2005 01 14.06807 08 47 43.25 +14 00 43.6          16.9 Rim6395071
V8160K04Q02Z  C2005 01 14.07123 08 47 43.08 +14 00 44.1          16.6 Rim6395071
V8160K04Q02Z  C2005 01 14.37520 08 47 31.47 +14 01 53.0          16.8 Rrm4102H41
V8160K04Q02Z  C2005 01 14.37647 08 47 31.43 +14 01 53.2          16.7 Rrm4102H41
V8160K04Q02Z  C2005 01 14.37767 08 47 31.33 +14 01 52.8          17.0 Rrm4102H41
V8160K04Q02Z  C2005 01 14.37889 08 47 31.27 +14 01 53.7          16.8 Rrm4102H41
V8160K04Q02Z  C2005 01 14.38012 08 47 31.22 +14 01 54.3          16.9 Rrm4102H41
V8160K04Q02Z  C2005 01 14.38138 08 47 31.18 +14 01 54.1          16.7 Rrm4102H41
V8160K04Q02Z  C2005 01 14.93408 08 47 10.96 +14 03 49.5          16.8 Vcm4102A62
V8160K04Q02Z  C2005 01 14.93553 08 47 10.90 +14 03 49.4          16.8 Vcm4102A62
V8160K04Q02Z  C2005 01 14.93697 08 47 10.83 +14 03 49.6          16.8 Vcm4102A62
V8160K04Q02Z  C2005 01 14.93987 08 47 10.70 +14 03 50.6          16.8 Vcm4102A62
V8160K04Q02Z  C2005 01 14.94269 08 47 10.56 +14 03 51.3          16.9 Vcm4102A62
V8160K04Q02Z  C2005 01 14.94415 08 47 10.50 +14 03 51.6          16.9 Vcm4102A62
V8160K04Q02Z  C2005 01 14.94559 08 47 10.43 +14 03 52.0          16.9 Vcm4102A62
V8160K04Q02Z  C2005 01 14.94704 08 47 10.37 +14 03 52.4          16.9 Vcm4102A62
V8160K04Q02Z  C2005 01 14.94849 08 47 10.31 +14 03 52.8          16.8 Vcm4102A62
V8160K04Q02Z  C2005 01 14.95134 08 47 10.18 +14 03 53.3          16.8 Vcm4102A62
V8160K04Q02Z  C2005 01 14.95279 08 47 10.11 +14 03 53.9          17.0 Vcm4102A62
V8160K04Q02Z  C2005 01 14.95423 08 47 10.03 +14 03 53.9          16.8 Vcm4102A62
V8160K04Q02Z  C2005 01 14.95569 08 47 09.98 +14 03 54.1          16.9 Vcm4102A62
V8160K04Q02Z  C2005 01 14.95714 08 47 09.91 +14 03 54.4          16.9 Vcm4102A62
V8160K04Q02Z  C2005 01 14.96625 08 47 09.50 +14 03 56.6          16.7 Vcm4102A62
V8160K04Q02Z  C2005 01 14.96919 08 47 09.36 +14 03 57.3          16.7 Vcm4102A62
V8160K04Q02Z  C2005 01 14.97214 08 47 09.21 +14 03 58.2          16.6 Vcm4102A62
V8160K04Q02Z  C2005 01 14.97508 08 47 09.09 +14 03 58.9          16.7 Vcm4102A62
V8160K04Q02Z  C2005 01 15.31056 08 46 56.14 +14 05 18.7                cm4753670
V8160K04Q02Z  C2005 01 15.35185 08 46 53.80 +14 05 28.7          17.2  cm4753704
V8160K04Q02Z  C2005 01 15.35457 08 46 53.99 +14 05 29.2                cm4753670
V8160K04Q02Z  C2005 01 15.36511 08 46 53.13 +14 05 31.5          17.0  cm4753704
V8160K04Q02Z  C2005 01 15.37918 08 46 52.45 +14 05 34.7          17.4  cm4753704
V8160K04Q02Z  C2005 01 15.39238 08 46 51.81 +14 05 37.6          17.1  cm4753704
V8160K04Q02Z  C2005 01 15.40563 08 46 51.17 +14 05 40.3          17.3  cm4753704
V8160K04Q02Z  C2005 01 15.42995 08 46 50.30 +14 05 45.8                cm4753670
V8160K04Q02Z  C2005 01 15.47642 08 46 48.08 +14 05 55.3                cm4753670
V8160K04Q02Z  C2005 01 15.93639 08 46 31.24 +14 07 35.0          16.9 Vcm4753A62
V8160K04Q02Z  C2005 01 15.93784 08 46 31.15 +14 07 35.2          17.0 Vcm4753A62
V8160K04Q02Z  C2005 01 15.93928 08 46 31.09 +14 07 35.5          16.9 Vcm4753A62
V8160K04Q02Z  C2005 01 15.94073 08 46 31.01 +14 07 36.0          16.8 Vcm4753A62
V8160K04Q02Z  C2005 01 15.94218 08 46 30.94 +14 07 36.5          16.9 Vcm4753A62
V8160K04Q02Z  C2005 01 15.94502 08 46 30.82 +14 07 36.7          16.9 Vcm4753A62
V8160K04Q02Z  C2005 01 15.94647 08 46 30.75 +14 07 37.7          16.9 Vcm4753A62
V8160K04Q02Z  C2005 01 15.94791 08 46 30.68 +14 07 37.5          17.0 Vcm4753A62
V8160K04Q02Z  C2005 01 15.94935 08 46 30.59 +14 07 38.0          16.9 Vcm4753A62
V8160K04Q02Z  C2005 01 15.95080 08 46 30.55 +14 07 38.5          16.9 Vcm4753A62
V8160K04Q02Z  C2005 01 15.95364 08 46 30.41 +14 07 39.1          17.0 Vcm4753A62
V8160K04Q02Z  C2005 01 15.95508 08 46 30.36 +14 07 39.5          16.7 Vcm4753A62
V8160K04Q02Z  C2005 01 15.95653 08 46 30.28 +14 07 39.8          16.9 Vcm4753A62
V8160K04Q02Z  C2005 01 15.95798 08 46 30.21 +14 07 40.3          16.8 Vcm4753A62
V8160K04Q02Z  C2005 01 15.95943 08 46 30.14 +14 07 40.5          16.9 Vcm4753A62
V8160K04Q02Z 1C2005 01 16.08060 08 46 24.23 +14 08 03.3                on1710084
V8160K04Q02Z  C2005 01 16.36035 08 46 13.08 +14 09 17.5          16.8 Rcm4753H41
V8160K04Q02Z  C2005 01 16.36157 08 46 13.00 +14 09 18.1          16.8 Rcm4753H41
V8160K04Q02Z  C2005 01 16.36293 08 46 12.93 +14 09 18.3          17.2 Rcm4753H41
V8160K04Q02Z  C2005 01 16.36413 08 46 12.88 +14 09 18.8          17.3 Rcm4753H41
V8160K04Q02Z  C2005 01 16.36553 08 46 12.79 +14 09 19.1          16.9 Rcm4753H41
V8160K04Q02Z  C2005 01 16.57178 08 46 05.84 +14 10 06.9          17.1 Vrm4753379
V8160K04Q02Z  C2005 01 16.57775 08 46 05.55 +14 10 08.3                rm4753379
V8160K04Q02Z  C2005 01 17.31648 08 45 34.64 +14 13 03.5          17.0 Rrm4753H41
V8160K04Q02Z  C2005 01 17.31787 08 45 34.56 +14 13 03.7          17.0 Rrm4753H41
V8160K04Q02Z  C2005 01 17.31995 08 45 34.47 +14 13 04.2          16.9 Rrm4753H41
V8160K04Q02Z  C2005 01 17.32142 08 45 34.39 +14 13 04.4          16.9 Rrm4753H41
V8160K04Q02Z  C2005 01 17.32375 08 45 34.23 +14 13 05.2          17.0 Rrm4753H41
V8160K04Q02Z  C2005 01 17.34732 08 45 33.56 +14 13 12.7          17.1 Vcm4753691
V8160K04Q02Z  C2005 01 17.35619 08 45 32.94 +14 13 14.2          16.9  cm4753704
V8160K04Q02Z  C2005 01 17.37010 08 45 32.25 +14 13 17.4          17.0  cm4753704
V8160K04Q02Z  C2005 01 17.37306 08 45 32.26 +14 13 18.7          17.1 Vcm4753691
V8160K04Q02Z  C2005 01 17.38406 08 45 31.57 +14 13 20.7          17.6  cm4753704
V8160K04Q02Z  C2005 01 17.39696 08 45 30.91 +14 13 23.6          17.3  cm4753704
V8160K04Q02Z  C2005 01 17.40441 08 45 30.70 +14 13 26.0          17.1 Vcm4753691
V8160K04Q02Z  C2005 01 17.41039 08 45 30.26 +14 13 26.7          17.3  cm4753704
V8160K04Q02Z  C2005 01 18.56332 08 44 44.35 +14 18 06.0          16.7 Vrm4753379
V8160K04Q02Z  C2005 01 18.56481 08 44 44.29 +14 18 06.3          17.2 Vrm4753379
V8160K04Q02Z  C2005 01 18.56780 08 44 44.11 +14 18 06.8          17.5 Vrm4753379
V8160K04Q02Z 1C2005 01 19.02669 08 44 23.99 +14 19 51.8                on1710084
V8160K04Q02Z  C2005 01 19.96356 08 43 45.94 +14 23 51.8                rm6395203
V8160K04Q02Z  C2005 01 19.99016 08 43 44.64 +14 23 58.8                rm6395203
V8160K04Q02Z  C2005 01 20.19948 08 43 36.95 +14 24 54.1          16.8 Rom4753699
V8160K04Q02Z  C2005 01 20.21737 08 43 36.07 +14 24 59.4                om4753699
V8160K04Q02Z 7C2005 01 20.22426 08 43 35.75 +14 25 02.6          16.7 Rom5458696
V8160K04Q02Z  C2005 01 20.23528 08 43 35.21 +14 25 03.8                om4753699
V8160K04Q02Z  C2005 01 20.25315 08 43 34.34 +14 25 09.3                om4753699
V8160K04Q02Z 7C2005 01 20.25775 08 43 34.12 +14 25 11.8          16.8 Rom5458696
V8160K04Q02Z  C2005 01 20.30160 08 43 31.45 +14 25 22.4          17.2 Rrm4753H41
V8160K04Q02Z  C2005 01 20.30436 08 43 31.35 +14 25 22.5          17.0 Rrm4753H41
V8160K04Q02Z  C2005 01 20.30557 08 43 31.29 +14 25 22.7          17.1 Rrm4753H41
V8160K04Q02Z  C2005 01 20.30678 08 43 31.23 +14 25 23.4          17.1 Rrm4753H41
V8160K04Q02Z  C2005 01 20.30834 08 43 31.16 +14 25 23.7          17.0 Rrm4753H41
V8160K04Q02Z  C2005 01 20.55340 08 43 21.91 +14 26 25.6                mm6787355
V8160K04Q02Z  C2005 01 20.56240 08 43 21.40 +14 26 26.8          17.6 Rmm6787355
V8160K04Q02Z  C2005 01 20.56442 08 43 21.39 +14 26 27.9                mm6787355
V8160K04Q02Z  C2005 01 21.30699 08 42 49.75 +14 29 39.4          16.9 Rrm4753H41
V8160K04Q02Z  C2005 01 21.30828 08 42 49.69 +14 29 39.8          16.7 Rrm4753H41
V8160K04Q02Z  C2005 01 21.30956 08 42 49.63 +14 29 40.1          16.7 Rrm4753H41
V8160K04Q02Z  C2005 01 21.31084 08 42 49.59 +14 29 40.4          16.7 Rrm4753H41
V8160K04Q02Z  C2005 01 21.31226 08 42 49.51 +14 29 40.7          16.9 Rrm4753H41
V8160K04Q02Z 1C2005 01 30.02939 08 37 11.98 +15 07 25.9                on1710084
V8160K04Q02Z 1C2005 01 30.03192 08 37 11.85 +15 07 26.6                on1710084
V8160K04Q02Z  C2005 01 30.88733 08 36 43.91 +15 11 08.0                rm6395203
V8160K04Q02Z  C2005 01 30.90236 08 36 43.34 +15 11 12.5                rm6395203
V8160K04Q02Z  C2005 01 30.96256 08 36 40.93 +15 11 28.1                rm6395203
V8160K04Q02Z  C2005 02 01.89380 08 35 39.91 +15 19 27.8                rm6395203
V8160K04Q02Z  C2005 02 01.93138 08 35 38.57 +15 19 37.6                rm6395203
V8160K04Q02Z  C2005 02 02.28486 08 35 27.78 +15 21 08.0          17.5  cm5712704
V8160K04Q02Z  C2005 02 02.29762 08 35 27.30 +15 21 10.8          17.8  cm5712704
V8160K04Q02Z  C2005 02 02.31051 08 35 26.79 +15 21 13.8          17.8  cm5712704
V8160K04Q02Z  C2005 02 02.32324 08 35 26.34 +15 21 17.1          17.9  cm5712704
V8160K04Q02Z  C2005 02 02.33596 08 35 25.86 +15 21 20.1          17.9  cm5712704
V8160K04Q02Z  C2005 02 02.83975 08 35 12.13 +15 23 16.3          18.0 Vom5712434
V8160K04Q02Z  C2005 02 02.84128 08 35 12.14 +15 23 16.8          17.6 Vom5712434
V8160K04Q02Z  C2005 02 02.84277 08 35 12.18 +15 23 17.0          17.8 Vom5712434
V8160K04Q02Z  C2005 02 02.84459 08 35 12.01 +15 23 17.9          17.7 Vom5712434
V8160K04Q02Z  C2005 02 02.88284 08 35 10.71 +15 23 27.7                rm6395203
V8160K04Q02Z  C2005 02 02.93497 08 35 08.90 +15 23 40.7                rm6395203
V8160K04Q02Z  C2005 02 02.93629 08 35 08.73 +15 23 35.2          16.4  zm6395A70
V8160K04Q02Z  C2005 02 02.94080 08 35 08.51 +15 23 36.8          16.5  zm6395A70
V8160K04Q02Z  C2005 02 02.95712 08 35 08.12 +15 23 39.9          16.4  zm6395A70
V8160K04Q02Z  C2005 02 02.96719 08 35 07.72 +15 23 42.5          16.7  zm6395A70
V8160K04Q02Z  C2005 02 03.91478 08 34 41.80 +15 27 32.9                rm6395203
V8160K04Q02Z  C2005 02 03.94948 08 34 40.62 +15 27 41.3                rm6395203
V8160K04Q02Z 1C2005 02 03.96447 08 34 39.87 +15 27 40.1                on1710084
V8160K04Q02Z 1C2005 02 03.96699 08 34 39.81 +15 27 40.8                on1710084
V8160K04Q02Z  C2005 02 04.19465508 34 34.599+15 28 41.95         17.39r ~0b1z645
V8160K04Q02Z  C2005 02 04.19548408 34 34.567+15 28 42.12                ~0b1z645
V8160K04Q02Z  C2005 02 04.19714308 34 34.516+15 28 42.52                ~0b1z645
V8160K04Q02Z  C2005 02 04.19797208 34 34.484+15 28 42.72                ~0b1z645
V8160K04Q02Z 1C2005 02 05.07533 08 34 10.75 +15 31 56.2                on1710084
V8160K04Q02Z 1C2005 02 05.07785 08 34 10.68 +15 31 57.0                on1710084
V8160K04Q02Z 1C2005 02 09.95011 08 32 32.58 +15 49 14.2                on1710084
V8160K04Q02Z 1C2005 02 09.95333 08 32 32.50 +15 49 15.1                on1710084
V8160K04Q02Z  C2005 02 14.31216 08 31 46.21 +16 02 16.7          18.1 Rrm6787H41
V8160K04Q02Z  C2005 02 14.31397 08 31 46.20 +16 02 16.7          18.2 Rrm6787H41
V8160K04Q02Z  C2005 02 14.31580 08 31 46.17 +16 02 17.5          18.0 Rrm6787H41
V8160K04Q02Z  C2005 02 14.32120 08 31 46.05 +16 02 17.7          18.2 Rrm6787H41
V8160K04Q02Z  C2005 02 15.92189 08 31 40.37 +16 06 21.3          18.1 Rcm6787A53
V8160K04Q02Z  C2005 02 15.93046 08 31 40.34 +16 06 22.8          18.1 Rcm6787A53
V8160K04Q02Z  C2005 02 15.99213 08 31 39.90 +16 06 31.7          17.6 Rcm6787A53
V8160K04Q02Z  C2005 03 09.19854 08 38 39.65 +16 25 00.3          18.8 Rrm8005G96
V8160K04Q02Z  C2005 03 09.20515 08 38 39.89 +16 24 59.9          18.8 Rrm8005G96
V8160K04Q02Z  C2005 03 09.21172 08 38 40.11 +16 24 59.8          18.7 Rrm8005G96
V8160K04Q02Z  C2005 03 09.21832 08 38 40.38 +16 24 59.7          18.7 Rrm8005G96
V8160K04Q02Z  C2005 03 11.12523 08 39 59.13 +16 23 29.0          19.7 Vcm9117691
V8160K04Q02Z  C2005 03 11.14134 08 39 59.76 +16 23 28.3          19.7 Vcm9117691
V8160K04Q02Z  C2005 03 11.15731 08 40 00.38 +16 23 27.5          19.7 Vcm9117691
V8160K04Q02Z  C2005 03 12.18084 08 40 44.77 +16 22 25.8          19.2 Rom9117699
V8160K04Q02Z  C2005 03 12.19543 08 40 45.43 +16 22 24.9                om9117699
V8160K04Q02Z  C2005 03 12.21006 08 40 46.01 +16 22 24.0                om9117699
V8160K04Q02Z  C2005 03 12.22468 08 40 46.58 +16 22 23.1                om9117699
V8160K04Q02Z  C2005 03 16.17818 08 43 53.92 +16 17 06.0          19.2 Rrm9117703
V8160K04Q02Z  C2005 03 16.18674 08 43 54.34 +16 17 04.8          19.8 Rrm9117703
V8160K04Q02Z  C2005 03 16.19534 08 43 54.69 +16 17 03.3          19.2 Rrm9117703
V8160K04Q02Z  C2005 03 16.20389 08 43 55.09 +16 17 03.1          19.1 Rrm9117703
V8160K04Q02Z  C2005 04 05.16911 09 04 29.00 +15 20 32.1          19.8 Rrn0766G96
V8160K04Q02Z  C2005 04 05.17663 09 04 29.48 +15 20 30.1          20.0 Rrn0766G96
V8160K04Q02Z  C2005 04 05.18415 09 04 29.98 +15 20 27.4          17.9 Rrn0766G96
V8160K04Q02Z  C2005 04 05.19168 09 04 30.49 +15 20 25.9          17.6 Rrn0766G96
V8160K04Q02Z  C2005 04 06.16613 09 05 40.34 +15 16 32.0          20.2 Rrn0766G96
V8160K04Q02Z  C2005 04 06.17211 09 05 40.76 +15 16 30.4          20.2 Rrn0766G96
V8160K04Q02Z  C2005 04 06.17814 09 05 41.16 +15 16 29.0          20.4 Rrn0766G96
V8160K04Q02Z  C2005 04 06.18409 09 05 41.60 +15 16 27.4          18.7 Rrn0766G96
V8160K04Q02Z  C2011 12 04.60163 11 56 31.373-00 41 28.70         21.5 wL~0b1zF51
V8160K04Q02Z  C2011 12 04.60624 11 56 31.899-00 41 32.31         21.6 wL~0b1zF51
V8160K04Q02Z  C2011 12 04.61087 11 56 32.384-00 41 35.72         21.5 wL~0b1zF51
V8160K04Q02Z  C2011 12 04.61551 11 56 32.918-00 41 39.02         21.5 wL~0b1zF51
V8160K04Q02Z  C2012 02 27.38962 12 44 24.11 -06 04 11.6          20.8 Vo~0e6U691
V8160K04Q02Z  C2012 02 27.40757 12 44 22.99 -06 04 04.3          21.1 Vo~0e6U691
V8160K04Q02Z  C2012 02 27.42554 12 44 21.88 -06 03 58.1          20.5 Vo~0e6U691
V8160K04Q02Z  C2012 02 27.47605 12 44 19.166-06 03 37.52         21.1 wL~0e6UF51
V8160K04Q02Z  C2012 02 27.49083 12 44 18.252-06 03 31.97         21.1 wL~0e6UF51
V8160K04Q02Z  C2012 02 27.50561 12 44 17.334-06 03 26.23         21.2 wL~0e6UF51
V8160K04Q02Z  C2012 02 27.52037 12 44 16.426-06 03 20.67         21.2 wL~0e6UF51
V8160K04Q02Z HC2012 03 02.43754 12 40 12.46 -05 36 54.9                o~0e6U691
V8160K04Q02Z HC2012 03 02.45686 12 40 11.20 -05 36 45.9                o~0e6U691
V8160K04Q02Z HC2012 03 02.47620 12 40 09.81 -05 36 38.4                o~0e6U691
