N5756K04V00C & 1992 10 22.59700 03 16 39.70 -49 18 44.9                go0223413
N5756K04V00C & 1992 10 22.64214 03 16 28.44 -49 21 03.5                go0223413
N5756K04V00C* C2004 11 01.41719 21 08 42.29 -29 09 14.2          18.3 Rrl8746E12
N5756K04V00C  C2004 11 01.43021 21 08 47.76 -29 09 59.9          18.0 Rrl8746E12
N5756K04V00C  C2004 11 01.44143 21 08 52.44 -29 10 39.0          18.9 Rrl8746E12
N5756K04V00C  C2004 11 01.45266 21 08 57.26 -29 11 17.3          18.9 Rrl8746E12
N5756K04V00C 1C2004 11 01.47870 21 09 08.216-29 12 47.66         19.1 Rrl8746413
N5756K04V00C 1C2004 11 01.48009 21 09 08.803-29 12 52.37         19.0 Rrl8746413
N5756K04V00C 1C2004 11 01.48148 21 09 09.391-29 12 57.23         19.0 Rrl8746413
N5756K04V00C +C2004 11 02.03830421 13 06.99 -29 44 43.0          19.0 R l8746809
N5756K04V00C +C2004 11 02.03962421 13 07.53 -29 44 47.4          19.0 R l8746809
N5756K04V00C +C2004 11 02.04094221 13 08.08 -29 44 51.8          19.0 R l8746809
N5756K04V00C  C2004 11 02.10155 21 13 34.20 -29 48 36.6          19.5 Rcl8746854
N5756K04V00C  C2004 11 02.11114 21 13 38.07 -29 49 07.3          19.6 Rcl8746854
N5756K04V00C  C2004 11 02.12758 21 13 44.94 -29 50 01.9          19.8 Rcl8746854
N5756K04V00C  C2004 11 02.13721 21 13 48.82 -29 50 32.8          19.6 Rcl8746854
N5756K04V00C 1C2004 11 03.42387 21 22 44.023-30 58 02.49         18.8 Rrl8746413
N5756K04V00C 1C2004 11 03.42803 21 22 45.704-30 58 14.92         19.0 Rrl8747413
N5756K04V00C 1C2004 11 03.59150 21 23 51.68 -31 06 15.1          18.9 Rrl8747413
N5756K04V00C 1C2004 11 03.59982 21 23 55.07 -31 06 39.4          18.9 Rrl8747413
N5756K04V00C 1C2004 11 05.44489 21 36 11.522-32 31 35.29         18.8 Rrl8747413
N5756K04V00C 1C2004 11 05.45252 21 36 14.434-32 31 54.65         19.4 Rrl8747413
N5756K04V00C  C2004 11 06.45891 21 42 41.36 -33 12 54.5          18.0 Rcl9349474
N5756K04V00C  C2004 11 06.45961 21 42 41.64 -33 12 56.2          18.2 Rcl9349474
N5756K04V00C  C2004 11 06.46134 21 42 42.24 -33 12 59.9          17.8 Rcl9349474
N5756K04V00C 1C2004 11 06.53826 21 43 11.204-33 16 03.39         19.2 Rrl9349413
N5756K04V00C 1C2004 11 06.54658 21 43 14.331-33 16 22.13         19.0 Rrl9349413
N5756K04V00C 1C2004 11 08.44179 21 54 56.03 -34 24 27.4          19.0 Rrl9349413
N5756K04V00C 1C2004 11 08.44595 21 54 57.53 -34 24 35.4          19.0 Rrl9349413
N5756K04V00C 1C2004 11 09.42939 22 00 48.111-34 55 41.27         19.0 Rrl9349413
N5756K04V00C 1C2004 11 09.43372 22 00 49.597-34 55 49.25         19.1 Rrl9349413
N5756K04V00C 1C2004 11 12.42279 22 17 41.412-36 14 49.50         19.3 Rrl9349413
N5756K04V00C 1C2004 11 12.43112 22 17 44.056-36 15 00.83         19.4 Rrl9349413
N5756K04V00C 1C2004 11 17.48579922 43 26.603-37 45 12.16         19.4 Rrl9894413
N5756K04V00C 1C2004 11 17.49632722 43 29.557-37 45 20.15         19.6 Rrl9894413
N5756K04V00C 1C2004 11 18.55477 22 48 28.182-37 58 35.42         19.5 Rrl9894413
N5756K04V00C 1C2004 11 18.56379 22 48 30.670-37 58 41.25         19.7 Rrl9894413
N5756K04V00C 1C2004 11 22.47304 23 05 50.60 -38 34 29.4          19.7 Rrm0616413
N5756K04V00C 1C2004 11 22.48276 23 05 53.01 -38 34 32.7          19.3 Rrm0616413
N5756K04V00C 1C2004 11 23.52403 23 10 13.98 -38 40 56.1          19.8 Rrm0616413
N5756K04V00C 1C2004 11 23.53423 23 10 16.47 -38 40 58.8          20.0 Rrm0616413
N5756K04V00C 1C2004 11 24.50565223 14 14.65 -38 45 56.3          19.6 Rrm0616413
N5756K04V00C 1C2004 11 24.51536823 14 17.01 -38 45 58.8          19.9 Rrm0616413
N5756K04V00C 1C2004 12 12.55115 00 15 49.73 -38 11 05.9          20.5 Rrm1768413
N5756K04V00C 1C2004 12 12.57195 00 15 53.36 -38 10 56.7          20.4 Rrm1768413
N5756K04V00C 4C2005 03 08.23346 03 42 14.77 -18 30 22.3          20.8 Rom8007F65
N5756K04V00C 4C2005 03 08.24037 03 42 15.75 -18 30 15.5          21.2 Rom8007F65
N5756K04V00C 4C2005 03 08.24613 03 42 16.58 -18 30 09.6          21.0 Rom8007F65
N5756K04V00C  C2009 03 18.73855 15 40 44.03 -41 27 32.2          18.1  c~05DdD20
N5756K04V00C  C2009 03 18.74552 15 40 46.49 -41 26 57.2          18.0  c~05DdD20
N5756K04V00C  C2009 03 18.78464 15 40 59.08 -41 23 43.4          17.9  c~05DdD20
N5756K04V00C  C2009 03 18.78907 15 41 00.52 -41 23 21.5          18.1  c~05DdD20
N5756K04V00C  C2009 03 27.76260 16 39 40.64 -20 00 28.2          16.8 Vr~05rR379
N5756K04V00C  C2009 03 27.76446 16 39 41.42 -20 00 03.0          16.9 Vr~05rR379
N5756K04V00C  C2009 03 27.77095 16 39 44.23 -19 58 37.3          16.6 Vr~05rR379
N5756K04V00C  C2009 03 27.77280 16 39 45.02 -19 58 12.8          16.6 Vr~05rR379
N5756K04V00C  C2009 03 27.77465 16 39 45.81 -19 57 48.5          16.7 Vr~05rR379
N5756K04V00C  C2009 03 30.80845 17 03 41.86 -07 08 47.1          16.3 Vr~05rR379
N5756K04V00C  C2009 03 30.81030 17 03 42.72 -07 08 15.9          16.2 Vr~05rR379
N5756K04V00C  C2009 04 02.77487 17 29 15.56 +07 47 54.6          16.6 Vr~05rR379
N5756K04V00C  C2009 04 02.77672 17 29 16.52 +07 48 29.6          17.1 Vr~05rR379
N5756K04V00C  C2009 04 02.78137 17 29 18.92 +07 49 57.3          17.1 Vr~05rR379
N5756K04V00C  C2009 04 02.78322 17 29 19.89 +07 50 32.3          16.9 Vr~05rR379
N5756K04V00C  C2009 04 02.78507 17 29 20.84 +07 51 06.4          17.4 Vr~05rR379
N5756K04V00C  C2009 04 02.78969 17 29 23.19 +07 52 34.1          16.7 Vr~05rR379
N5756K04V00C  C2009 04 02.79154 17 29 24.16 +07 53 08.3          16.7 Vr~05rR379
N5756K04V00C  C2009 04 02.79803 17 29 27.50 +07 55 10.5          17.1 Vr~05rR379
N5756K04V00C  C2009 04 02.79988 17 29 28.45 +07 55 45.5          16.9 Vr~05rR379
N5756K04V00C  C2009 04 03.02085617 31 29.78 +09 04 48.5          17.2 Vo~05rR198
N5756K04V00C  C2009 04 03.02518317 31 32.02 +09 06 10.2          17.1 Vo~05rR198
N5756K04V00C  C2009 04 03.02836317 31 33.74 +09 07 09.7          17.1 Vo~05rR198
N5756K04V00C  C2009 04 03.02970517 31 34.46 +09 07 35.4          17.1 Vo~05rR198
N5756K04V00C  C2009 04 03.03179717 31 35.55 +09 08 14.8          16.9 Vo~05rR198
N5756K04V00C  C2009 04 03.06712 17 31 54.16 +09 19 18.7          17.0 Vo~068D510
N5756K04V00C  C2009 04 03.07322 17 31 57.36 +09 21 13.6          16.7 Vo~068D510
N5756K04V00C  C2009 04 03.07949 17 32 00.66 +09 23 11.6          16.7 Vo~068D510
N5756K04V00C  C2009 04 06.13436 18 00 35.02 +24 49 46.1                v~068D204
N5756K04V00C  C2009 04 06.13679 18 00 36.38 +24 50 27.6                v~068D204
N5756K04V00C  C2009 04 06.13940 18 00 37.84 +24 51 12.0          16.8 Cv~068E204
N5756K04V00C  C2009 04 06.72904 18 06 23.00 +27 35 40.8          17.4 Vr~06Al379
N5756K04V00C  C2009 04 06.75404 18 06 37.14 +27 42 31.4                r~06Al379
N5756K04V00C  S2010 02 28.97820 05 19 46.02 -35 14 26.2                L~0EkkC51
N5756K04V00C  s2010 02 28.97820 1 + 1757.3904 + 5275.2729 - 4109.1078   ~0EkkC51
N5756K04V00C  S2010 03 01.17672 05 20 01.13 -35 07 51.0                L~0EkkC51
N5756K04V00C  s2010 03 01.17672 1 + 1746.1981 + 5291.6037 - 4092.4334   ~0EkkC51
N5756K04V00C  S2010 03 01.30902 05 20 11.41 -35 03 29.3                L~0EkkC51
N5756K04V00C  s2010 03 01.30902 1 + 1730.1076 + 5289.3976 - 4102.1578   ~0EkkC51
N5756K04V00C  S2010 03 01.50754 05 20 26.60 -34 56 51.3                L~0EkkC51
N5756K04V00C  s2010 03 01.50754 1 + 1719.9269 + 5306.5484 - 4084.6253   ~0EkkC51
N5756K04V00C  S2010 03 01.57376 05 20 31.87 -34 54 41.0                L~0EkkC51
N5756K04V00C  s2010 03 01.57376 1 + 1725.3961 + 5325.7478 - 4057.0835   ~0EkkC51
