     K04H00M* C2004 04 16.35679 16 09 31.92 -04 08 13.4          16.9  ck5264704
     K04H00M  C2004 04 16.36748 16 09 14.32 -04 04 26.1          17.3  ck5264704
     K04H00M  C2004 04 16.37838 16 08 56.44 -04 00 35.3          17.4  ck5264704
     K04H00M  C2004 04 16.38903 16 08 39.06 -03 56 51.1          17.5  ck5264704
     K04H00M  C2004 04 16.39969 16 08 21.76 -03 53 07.2          17.1  ck5264704
     K04H00M  C2004 04 17.34614 15 49 17.17 +00 35 22.1          17.0  ck5264704
     K04H00M  C2004 04 17.34760 15 49 15.62 +00 35 42.6          16.7  ck5264704
     K04H00M  C2004 04 17.34770 15 49 15.50 +00 35 43.7          17.1  ck5264704
     K04H00M  C2004 04 17.35647 15 49 06.02 +00 37 44.2          17.1  ck5264704
     K04H00M  C2004 04 17.35826 15 49 04.16 +00 38 09.4          16.6  ck5264704
     K04H00M  C2004 04 17.35836 15 49 03.99 +00 38 10.0          17.0  ck5264704
     K04H00M  C2004 04 17.36684 15 48 54.88 +00 40 05.9          17.1  ck5264704
     K04H00M  C2004 04 17.36891 15 48 52.64 +00 40 35.0          16.3  ck5264704
     K04H00M  C2004 04 17.36902 15 48 52.50 +00 40 35.4          16.9  ck5264704
     K04H00M  C2004 04 17.37716 15 48 43.85 +00 42 27.0          17.5  ck5264704
     K04H00M  C2004 04 17.37972 15 48 41.06 +00 43 02.2          16.4  ck5264704
     K04H00M  C2004 04 17.37982 15 48 40.93 +00 43 02.6          16.9  ck5265704
     K04H00M  C2004 04 17.38794 15 48 32.34 +00 44 52.1          17.4  ck5265704
     K04H00M  C2004 04 17.39043 15 48 29.61 +00 45 27.1          16.3  ck5265704
     K04H00M  C2004 04 17.39053 15 48 29.45 +00 45 27.5          16.8  ck5265704
     K04H00M  C2004 04 17.40297 15 48 17.42 +00 48 25.0          16.5 Rck5265926
     K04H00M  C2004 04 17.40329 15 48 17.08 +00 48 29.0          16.7 Rck5265926
     K04H00M  C2004 04 17.40360 15 48 16.77 +00 48 33.5          16.5 Rck5265926
     K04H00M  C2004 04 17.59605 15 45 20.86 +01 35 28.0          16.7 Rrk5265474
     K04H00M  C2004 04 17.59825 15 45 18.73 +01 35 55.2          17.1 Rrk5265474
     K04H00M  C2004 04 17.60521 15 45 11.97 +01 37 21.0          17.2 Rrk5265474
     K04H00M  C2004 04 17.60902 15 45 08.26 +01 38 08.2          16.8 Rrk5265474
     K04H00M  C2004 04 17.73183 15 43 13.11 +02 02 39.5          16.7 Rrk5265474
     K04H00M  C2004 04 17.73297 15 43 11.99 +02 02 53.6          16.6 Rrk5265474
     K04H00M  C2004 04 17.73368 15 43 11.38 +02 03 01.6          16.6 Rrk5265474
     K04H00M  C2004 04 17.73552 15 43 09.74 +02 03 23.4          17.0 Rrk5265474
     K04H00M  C2004 04 18.03131 15 39 26.13 +02 52 23.0          17.3 Vrk5265941
     K04H00M  C2004 04 18.03158 15 39 25.92 +02 52 25.8          17.5 Vrk5265941
     K04H00M  C2004 04 18.03185 15 39 25.70 +02 52 28.7          17.4 Vrk5265941
     K04H00M  C2004 04 18.03212 15 39 25.48 +02 52 31.5          17.5 Vrk5265941
     K04H00M  C2004 04 18.03293 15 39 24.81 +02 52 40.0          17.2 Vrk5265941
     K04H00M  C2004 04 18.10479 15 38 24.63 +03 05 04.5          17.6 Rrk5265620
     K04H00M  C2004 04 18.10897 15 38 21.27 +03 05 47.4          17.3 Rrk5265620
     K04H00M  C2004 04 18.11315 15 38 17.80 +03 06 30.0          18.1 Rrk5265620
     K04H00M  C2004 04 18.19244 15 37 24.31 +03 23 43.6          17.1 Rrk5265859
     K04H00M  C2004 04 18.19592 15 37 21.48 +03 24 18.1          17.3 Rrk5265859
     K04H00M  C2004 04 18.19993 15 37 18.22 +03 24 57.5          17.5 Rrk5265859
     K04H00M  C2004 04 18.29726 15 36 17.08 +03 37 07.3          16.9 Rck5265854
     K04H00M  C2004 04 18.29889 15 36 15.85 +03 37 22.6          17.4 Rck5265854
     K04H00M  C2004 04 18.29971 15 36 15.23 +03 37 30.4          17.5 Rck5265854
     K04H00M  C2004 04 18.38667 15 35 09.08 +03 51 08.2          17.7 Rck5265926
     K04H00M  C2004 04 18.38722 15 35 08.68 +03 51 13.3          17.3 Rck5265926
     K04H00M  C2004 04 18.38774 15 35 08.27 +03 51 18.3          17.2 Rck5265926
     K04H00M  C2004 04 19.05696 15 28 27.30 +05 22 29.2          17.6 Vrk5265941
     K04H00M  C2004 04 19.05777 15 28 26.82 +05 22 34.9          17.4 Vrk5265941
     K04H00M  C2004 04 19.05804 15 28 26.66 +05 22 36.9          17.5 Vrk5265941
     K04H00M  C2004 04 19.05858 15 28 26.35 +05 22 40.6          17.6 Vrk5265941
     K04H00M  C2004 04 19.05912 15 28 26.04 +05 22 44.5          17.6 Vrk5265941
     K04H00M  C2004 04 19.09024 15 28 07.59 +05 25 58.6          17.5 Rrk5265J95
     K04H00M  C2004 04 19.09360 15 28 05.64 +05 26 22.9          17.7 Rrk5265J95
     K04H00M  C2004 04 19.09688 15 28 03.71 +05 26 46.4          17.5 Rrk5265J95
     K04H00M  C2004 04 20.93457 15 15 21.64 +08 16 24.7                ck5265587
     K04H00M  C2004 04 20.93638 15 15 20.99 +08 16 33.5                ck5265587
     K04H00M  C2004 04 20.93818 15 15 20.40 +08 16 39.3          17.7 Rck5265587
     K04H00M  C2004 04 21.34022 15 13 09.63 +08 43 40.4          18.2 Rrk5265H36
     K04H00M  C2004 04 21.34216 15 13 08.98 +08 43 48.1          18.1 Rrk5265H36
     K04H00M  C2004 04 21.34412 15 13 08.23 +08 43 55.4          17.8 Rrk5265H36
     K04H00M  C2004 04 21.98841 15 10 12.97 +09 21 15.1          18.2 Vrk5265170
     K04H00M  C2004 04 21.98928 15 10 12.70 +09 21 17.9          18.3 Vrk5265170
     K04H00M  C2004 04 21.99100 15 10 12.15 +09 21 22.9          18.5 Vrk5265170
     K04H00M  C2004 04 22.02257 15 10 01.19 +09 22 49.9                ck5265246
     K04H00M  C2004 04 22.02635 15 10 00.11 +09 23 01.9                ck5265246
     K04H00M  C2004 04 22.02704 15 09 59.89 +09 23 04.2                ck5265246
     K04H00M  C2004 04 22.02803 15 09 59.58 +09 23 07.2                ck5265246
     K04H00M  C2004 04 22.36326 15 08 36.44 +09 40 45.6          18.0 Rdk5265703
     K04H00M  C2004 04 22.37260 15 08 33.76 +09 41 14.3          15.5 Rdk5265703
     K04H00M  C2004 04 22.38201 15 08 31.07 +09 41 40.6          17.6 Rdk5265703
     K04H00M  C2004 04 22.39113 15 08 28.49 +09 42 07.2          17.9 Rdk5265703
     K04H00M  C2004 04 23.04211 15 06 04.39 +10 10 50.8          18.6 Rrk5265J95
     K04H00M  C2004 04 23.04629 15 06 03.37 +10 11 01.5          18.6 Rrk5265J95
     K04H00M  C2004 04 23.04986 15 06 02.45 +10 11 10.5          18.6 Rrk5265J95
     K04H00M  C2004 04 24.04587 15 02 50.07 +10 48 41.9          18.7 Vrk6319170
     K04H00M  C2004 04 24.04687 15 02 49.90 +10 48 43.8          18.8 Vrk6319170
     K04H00M  C2004 04 24.04788 15 02 49.70 +10 48 45.8          18.7 Vrk6319170
     K04H00M  C2004 04 25.03417 15 00 09.45 +11 18 26.7          18.4 Vrk6319170
     K04H00M  C2004 04 25.03503 15 00 09.31 +11 18 28.6          18.7 Vrk6319170
     K04H00M  C2004 04 25.03589 15 00 09.15 +11 18 30.3          18.8 Vrk6319170
     K04H00M  C2004 04 25.03861 15 00 08.54 +11 18 37.9          18.6 Rrk6319176
     K04H00M  C2004 04 25.03987 15 00 08.30 +11 18 39.9          18.6 Rrk6319176
     K04H00M  C2004 04 25.04115 15 00 08.06 +11 18 41.9          18.5 Rrk6319176
     K04H00M  C2004 04 25.04241 15 00 07.83 +11 18 44.0          18.6 Rrk6319176
     K04H00M  C2004 04 25.04368 15 00 07.59 +11 18 46.0          18.5 Rrk6319176
     K04H00M  C2004 04 25.04803 15 00 07.15 +11 18 52.7          19.1 Vrk6319941
     K04H00M  C2004 04 25.04882 15 00 06.98 +11 18 54.2          18.9 Vrk6319941
     K04H00M  C2004 04 25.04962 15 00 06.83 +11 18 55.5          19.0 Vrk6319941
     K04H00M  C2004 04 25.05041 15 00 06.70 +11 18 56.8          19.1 Vrk6319941
     K04H00M  C2004 04 25.05199 15 00 06.39 +11 18 59.2          19.2 Vrk6319941
     K04H00M  C2004 04 25.30656 14 59 29.34 +11 25 41.2          19.3 Rrk6319H36
     K04H00M  C2004 04 25.31137 14 59 28.44 +11 25 48.0          19.6 Rrk6319H36
     K04H00M  C2004 04 25.32736 14 59 25.65 +11 26 12.9          19.7 Rrk6319H36
     K04H00M  C2004 04 26.29914 14 57 17.31 +11 48 46.6          19.8  ck6319704
     K04H00M  C2004 04 26.30963 14 57 15.62 +11 48 59.6          19.9  ck6319704
     K04H00M  C2004 04 26.32013 14 57 14.02 +11 49 13.1          20.1  ck6319704
     K04H00M  C2004 04 26.33062 14 57 12.37 +11 49 25.6          20.7  ck6319704
     K04H00M  C2004 04 26.34120 14 57 10.75 +11 49 38.2          19.9  ck6319704
     K04H00M  C2004 04 27.31981 14 55 16.82 +12 07 48.1          19.4 Rrk6319H36
     K04H00M  C2004 04 27.33405 14 55 14.74 +12 08 01.5                rk6319H36
     K04H00M  C2004 04 27.33947 14 55 14.06 +12 08 07.2          19.6 Rrk6319H36
     K04H00M  C2004 04 27.34698 14 55 13.18 +12 08 14.3          19.7 Rrk6319H36
     K04H00M  C2004 05 09.31576 14 43 23.10 +13 04 54.1          22.1 Vdk6809291
     K04H00M  C2004 05 09.32020 14 43 22.88 +13 04 53.8          21.4 Vdk6809291
     K04H00M  C2004 05 09.32406 14 43 22.71 +13 04 53.2          21.3 Vdk6809291
     K04H00M HC2004 05 13.30574 14 41 45.36 +12 49 26.7          21.2 Vdk6809291
     K04H00M HC2004 05 13.31411 14 41 45.17 +12 49 24.9                dk6809291
     K04H00M HC2004 05 16.19045 14 41 01.97 +12 32 23.2          22.8 Vdk7418291
     K04H00M HC2004 05 16.19434 14 41 01.98 +12 32 23.0          22.4 Vdk7418291
     K04H00M HC2004 05 16.19818 14 41 01.78 +12 32 20.5          22.7 Vdk7418291
