G4207K04G09U  C2001 05 11.30459 09 00 10.36 +13 07 18.4          19.6  cm2709608
G4207K04G09U  C2001 05 11.31523 09 00 09.24 +13 06 26.1          19.4  cm2709608
G4207K04G09U* C2004 04 13.24432 10 07 21.53 +49 48 07.0          19.6  ck4431704
G4207K04G09U  C2004 04 13.25545 10 07 18.35 +49 47 23.6          19.6  ck4431704
G4207K04G09U  C2004 04 13.26650 10 07 15.23 +49 46 38.4          20.1  ck4431704
G4207K04G09U  C2004 04 13.27762 10 07 11.99 +49 45 54.4          20.0  ck4431704
G4207K04G09U  C2004 04 13.28877 10 07 08.84 +49 45 09.6          19.8  ck4431704
G4207K04G09U  C2004 04 13.82711 10 04 53.23 +49 10 04.0          19.2 Rok4431620
G4207K04G09U  C2004 04 13.83317 10 04 51.57 +49 09 40.4          19.4 Rok4431620
G4207K04G09U  C2004 04 13.83923 10 04 49.87 +49 09 16.2          19.1 Rok4431620
G4207K04G09U  C2004 04 13.87007 10 04 41.60 +49 07 03.7          19.4 Rok4431J95
G4207K04G09U  C2004 04 13.87656 10 04 39.85 +49 06 38.1          19.6 Rok4431J95
G4207K04G09U  C2004 04 13.88310 10 04 37.99 +49 06 12.4          19.4 Rok4431J95
G4207K04G09U  C2004 04 13.96334 10 04 15.03 +49 00 45.4          19.7 Vdk4431118
G4207K04G09U  C2004 04 13.96444 10 04 14.67 +49 00 40.6                dk4431118
G4207K04G09U  C2004 04 13.96994 10 04 13.44 +49 00 18.5                dk4431118
G4207K04G09U  C2004 04 14.08891 10 03 47.09 +48 52 45.8          19.7 Rrk4431H36
G4207K04G09U  C2004 04 14.10098 10 03 43.72 +48 51 57.6          19.7 Rrk4431H36
G4207K04G09U  C2004 04 14.11391 10 03 40.16 +48 51 07.4          19.3 Rrk4431H36
G4207K04G09U  C2004 04 14.12826 10 03 36.93 +48 50 13.3          19.2  ck4431704
G4207K04G09U  C2004 04 14.13941 10 03 33.87 +48 49 29.3          19.8  ck4431704
G4207K04G09U  C2004 04 14.14918 10 03 31.12 +48 48 50.6          20.2  ck4431704
G4207K04G09U  C2004 04 14.15035 10 03 30.79 +48 48 46.3          19.8  ck4431704
G4207K04G09U  C2004 04 14.15961 10 03 28.20 +48 48 10.1          19.9  ck4431704
G4207K04G09U  C2004 04 14.16141 10 03 27.72 +48 48 02.1          19.8  ck4431704
G4207K04G09U  C2004 04 14.16206 10 03 27.75 +48 48 00.9          19.4 Rck4431926
G4207K04G09U  C2004 04 14.16337 10 03 27.49 +48 47 55.9          19.5 Rck4431854
G4207K04G09U  C2004 04 14.16534 10 03 26.94 +48 47 48.8          19.5 Rck4431926
G4207K04G09U  C2004 04 14.17001 10 03 25.47 +48 47 30.4          20.4 Rck4431854
G4207K04G09U  C2004 04 14.17007 10 03 25.23 +48 47 27.7          19.7  ck4431704
G4207K04G09U  C2004 04 14.17159 10 03 25.18 +48 47 23.6          19.6 Rck4431926
G4207K04G09U  C2004 04 14.17236 10 03 24.78 +48 47 17.6          20.3  ck4431704
G4207K04G09U  C2004 04 14.17277 10 03 23.74 +48 47 10.7          19.7 Rrk4431649
G4207K04G09U  C2004 04 14.17455 10 03 23.26 +48 47 03.6          19.7 Rrk4431649
G4207K04G09U  C2004 04 14.17632 10 03 22.75 +48 46 56.5          19.5 Rrk4431649
G4207K04G09U  C2004 04 14.17660 10 03 23.90 +48 47 03.2          19.6 Rck4431854
G4207K04G09U  C2004 04 14.17810 10 03 22.29 +48 46 49.4          19.7 Rrk4431649
G4207K04G09U  C2004 04 14.18226 10 03 21.88 +48 46 40.0          19.5 Rok4431448
G4207K04G09U  C2004 04 14.18943 10 03 19.91 +48 46 10.5          20.0 Rok4431448
G4207K04G09U  C2004 04 14.19697 10 03 17.82 +48 45 40.0          19.7 Rok4431448
G4207K04G09U  C2004 04 14.88624 10 00 28.43 +47 59 04.1          19.4 Rrk5196J95
G4207K04G09U  C2004 04 14.89754 10 00 25.49 +47 58 17.8          19.4 Rrk5196J95
G4207K04G09U  C2004 04 14.90826 10 00 22.64 +47 57 33.8          19.6 Rrk5196J95
G4207K04G09U  C2004 04 15.09603 09 59 38.94 +47 44 59.4          19.2 Rrk4431H36
G4207K04G09U  C2004 04 15.10631 09 59 36.30 +47 44 17.9          19.7 Rrk4431H36
G4207K04G09U  C2004 04 15.11681 09 59 33.50 +47 43 34.1          19.8 Rrk4431H36
G4207K04G09U  C2004 04 15.12889 09 59 31.09 +47 42 50.9          19.8 Rck4431704
G4207K04G09U  C2004 04 15.12891 09 59 31.01 +47 42 49.9          19.9 Rck4431704
G4207K04G09U  C2004 04 15.13972 09 59 28.23 +47 42 05.9          19.8 Rck4431704
G4207K04G09U  C2004 04 15.15040 09 59 25.40 +47 41 22.2          20.1 Rck4431704
G4207K04G09U  C2004 04 15.15059 09 59 25.27 +47 41 20.5          19.9 Rck4431704
G4207K04G09U  C2004 04 15.17218 09 59 19.45 +47 39 52.6          20.0 Rck4431704
G4207K04G09U  C2004 04 15.17229 09 59 19.51 +47 39 51.4          20.4 Rck4431704
G4207K04G09U  C2004 04 16.17417 09 55 26.03 +46 30 30.7          19.9 Rok4431715
G4207K04G09U  C2004 04 16.17865 09 55 24.96 +46 30 11.4          20.1 Rok4431715
G4207K04G09U  C2004 04 16.18313 09 55 23.75 +46 29 52.6          19.3 Rok4431715
G4207K04G09U  C2004 04 16.18761 09 55 22.60 +46 29 33.8          19.5 Rok4431715
G4207K04G09U  C2004 04 18.79821 09 46 10.03 +43 20 54.7          19.1 Rck5196540
G4207K04G09U  C2004 04 18.80547 09 46 08.46 +43 20 22.7          19.3 Rck5196540
G4207K04G09U  C2004 04 18.81270 09 46 06.86 +43 19 50.0          19.4 Rck5196540
G4207K04G09U  C2004 04 18.83054 09 46 02.94 +43 18 30.4                ck5196246
G4207K04G09U  C2004 04 18.83188 09 46 02.69 +43 18 24.0                ck5196246
G4207K04G09U  C2004 04 18.83262 09 46 02.58 +43 18 20.7                ck5196246
G4207K04G09U  C2004 04 18.83330 09 46 02.41 +43 18 17.6                ck5196246
G4207K04G09U  C2004 04 18.83409 09 46 02.23 +43 18 13.7                ck5196246
G4207K04G09U  C2004 04 20.11359 09 41 58.57 +41 42 31.7          19.2 Rok5196715
G4207K04G09U  C2004 04 20.11733 09 41 57.77 +41 42 15.4          19.9 Rok5196715
G4207K04G09U  C2004 04 20.12106 09 41 57.02 +41 41 58.2          19.2 Rok5196715
G4207K04G09U  C2004 04 21.85934 09 36 48.18 +39 28 04.5                ck5196246
G4207K04G09U  C2004 04 21.85998 09 36 48.07 +39 28 01.5                ck5196246
G4207K04G09U  C2004 04 21.86220 09 36 47.64 +39 27 51.0                ck5196246
G4207K04G09U  C2004 04 25.21152 09 28 05.73 +35 02 14.1          20.2 Rrk6300448
G4207K04G09U  C2004 04 25.21944 09 28 04.46 +35 01 35.0          19.7 Rrk6300448
G4207K04G09U  C2004 04 25.22990 09 28 02.77 +35 00 43.3          19.9 Rrk6300448
G4207K04G09U  C2004 05 02.15862 09 13 50.64 +25 30 20.7          20.1 Rck6793926
G4207K04G09U  C2004 05 02.15962 09 13 50.56 +25 30 15.3                ck6793926
G4207K04G09U  C2004 05 02.16061 09 13 50.43 +25 30 10.3          19.6 Rck6793926
G4207K04G09U  C2004 05 04.15781 09 10 23.49 +22 43 59.1                ck6793926
G4207K04G09U  C2004 05 04.15881 09 10 23.42 +22 43 53.4          19.8 Rck6793926
G4207K04G09U  C2004 05 04.15984 09 10 23.26 +22 43 50.8                ck6793926
G4207K04G09U tC2004 05 13.15202 08 56 44.44 +10 29 29.7          21.4 Vdk6793291
G4207K04G09U tC2004 05 13.15636 08 56 43.96 +10 29 08.1          21.4 Vdk6793291
G4207K04G09U tC2004 05 13.16038 08 56 43.60 +10 28 50.1          21.4 Vdk6793291
G4207K04G09U 1C2004 12 17.65312 12 24 01.17 +36 37 48.4                om2709F65
G4207K04G09U 1C2004 12 17.65533 12 24 01.73 +36 37 50.2                om2709F65
G4207K04G09U 3C2005 03 03.62733 14 03 41.40 +59 24 47.9          20.0 Rom7203F65
G4207K04G09U 3C2005 03 03.62954 14 03 41.00 +59 24 50.9                om7203F65
G4207K04G09U 3C2005 03 03.63166 14 03 40.56 +59 24 53.6                om7203F65
G4207K04G09U  C2005 04 09.21920 10 23 13.86 +53 56 37.3          19.7 Ron1707448
G4207K04G09U  C2005 04 09.23253 10 23 09.46 +53 55 51.7          19.2 Ron1707448
G4207K04G09U  C2005 04 09.24327 10 23 05.80 +53 55 14.9          18.8 Ron1707448
G4207K04G09U  C2005 04 22.25506 09 34 30.93 +39 09 48.8          20.1 Rrn2615649
G4207K04G09U  C2005 04 22.25980 09 34 30.32 +39 09 26.6          20.0 Rrn2615649
G4207K04G09U  C2005 04 22.26454 09 34 29.53 +39 09 03.9          19.7 Rrn2615649
G4207K04G09U  C2005 04 22.26928 09 34 28.61 +39 08 40.8          19.7 Rrn2615649
G4207K04G09U HC2005 10 03.49537 08 05 40.92 +17 51 24.8                do3968291
G4207K04G09U HC2005 10 03.49996 08 05 41.74 +17 51 32.8                do3968291
G4207K04G09U HC2005 10 03.50518 08 05 42.69 +17 51 41.4                do3968291
G4207K04G09U  C2006 03 02.88098 14 01 28.47 +59 56 14.2          19.8 Voq5085A74
G4207K04G09U  C2006 03 02.89549 14 01 25.92 +59 56 35.8          18.9 Voq5085A74
G4207K04G09U  C2006 03 02.91037 14 01 23.31 +59 56 58.8          19.1 Voq5085A74
G4207K04G09U  C2006 03 18.91496 12 41 41.09 +63 54 41.4          19.4 Voq7068A74
G4207K04G09U  C2006 03 18.92222 12 41 37.83 +63 54 42.6          19.7 Voq7068A74
G4207K04G09U  C2006 03 18.92948 12 41 34.63 +63 54 44.1          19.4 Voq7068A74
G4207K04G09U  C2007 02 27.34684114 05 12.44 +59 32 52.5          20.7  ou1498H55
G4207K04G09U  C2007 02 27.36336914 05 09.93 +59 33 17.6          20.7  ou1498H55
G4207K04G09U  C2007 04 06.80564 10 23 23.10 +56 05 52.0          19.6 Vou5955151
G4207K04G09U  C2007 04 06.80877 10 23 22.12 +56 05 42.4          19.7 Vou5955151
G4207K04G09U  C2007 04 06.81190 10 23 21.16 +56 05 32.9          19.7 Vou5955151
G4207K04G09U  C2007 04 10.05255310 08 14.49 +53 08 10.3          20.4  ou6163H55
G4207K04G09U  C2007 04 10.05578210 08 13.62 +53 08 00.2          20.5  ou6163H55
G4207K04G09U  C2007 04 10.06051010 08 12.26 +53 07 42.2          20.4  ou6163H55
G4207K04G09U  C2007 04 10.06360810 08 11.39 +53 07 32.9          20.6  ou6163H55
G4207K04G09U  C2007 04 14.19439 09 52 15.63 +48 53 22.5          19.8 Vru6883703
G4207K04G09U  C2007 04 14.20291 09 52 13.62 +48 52 48.3          19.7 Vru6883703
G4207K04G09U  C2007 04 14.21141 09 52 11.60 +48 52 13.4          19.0 Vru6883703
G4207K04G09U  C2007 04 14.21992 09 52 09.76 +48 51 40.6          19.8 Vru6883703
