E4332K04D24V 9 1955 04 24.22569 12 27 16.82 +49 36 50.8                oq3799261
E4332K04D24V 9 1955 04 24.23403 12 27 15.86 +49 37 00.7                oq3799261
E4332K04D24V* C2004 02 21.49152 11 08 00.16 -20 48 14.2          18.9  ck0261608
E4332K04D24V  C2004 02 21.50194 11 07 58.98 -20 47 48.2          18.8  ck0261608
E4332K04D24V  C2004 02 21.51296 11 07 57.71 -20 47 21.4          19.1  ck0261608
E4332K04D24V  C2004 02 21.90166 11 07 15.16 -20 31 30.4          18.6 Vck0261A50
E4332K04D24V  C2004 02 21.90516 11 07 14.70 -20 31 21.7          18.5 Vck0261A50
E4332K04D24V  C2004 02 21.90866 11 07 14.08 -20 31 10.7          17.9 Vck0261A50
E4332K04D24V  C2004 02 21.91216 11 07 13.81 -20 31 05.6                ck0261A50
E4332K04D24V  C2004 02 21.97308 11 07 07.29 -20 28 32.2          18.2 Rok0262493
E4332K04D24V  C2004 02 21.97402 11 07 07.23 -20 28 30.2                ok0262493
E4332K04D24V  C2004 02 21.97503 11 07 07.05 -20 28 27.4                ok0262493
E4332K04D24V  C2004 02 23.02766 11 05 09.57 -19 44 27.9          18.5 Rrk0262620
E4332K04D24V  C2004 02 23.03493 11 05 08.73 -19 44 09.6          18.7 Rrk0262620
E4332K04D24V  C2004 02 23.04215 11 05 07.91 -19 43 51.0          18.3 Rrk0262620
E4332K04D24V  C2004 02 23.26888 11 04 42.50 -19 34 11.7          18.1 Rck0262785
E4332K04D24V  C2004 02 23.27708 11 04 41.56 -19 33 52.2          18.2 Rck0262785
E4332K04D24V  C2004 02 23.28610 11 04 40.50 -19 33 30.9          18.3 Rck0262785
E4332K04D24V  C2004 02 23.30428 11 04 38.39 -19 32 43.9          18.3 Rck0262785
E4332K04D24V  C2004 02 23.41672 11 04 26.07 -19 27 50.7          19.4  ck0262608
E4332K04D24V  C2004 02 23.42829 11 04 24.73 -19 27 20.6          18.7  ck0262608
E4332K04D24V  C2004 02 23.43947 11 04 23.49 -19 26 52.3          19.8  ck0262608
E4332K04D24V  C2004 02 25.98784 10 59 33.51 -17 34 23.0          18.1 Rrk0262540
E4332K04D24V  C2004 02 25.99035 10 59 33.23 -17 34 16.8          18.2 Rrk0262540
E4332K04D24V  C2004 02 25.99286 10 59 32.92 -17 34 09.1          18.1 Rrk0262540
E4332K04D24V  C2004 02 25.99537 10 59 32.62 -17 34 02.6          18.4 Rrk0262540
E4332K04D24V  C2004 02 25.99788 10 59 32.33 -17 33 55.3          18.2 Rrk0262540
E4332K04D24V  C2004 02 26.20057 10 59 09.39 -17 24 40.1          18.4 Rrk0262649
E4332K04D24V  C2004 02 26.20235 10 59 09.16 -17 24 35.2          18.6 Rrk0262649
E4332K04D24V  C2004 02 26.20413 10 59 08.96 -17 24 30.4          18.7 Rrk0262649
E4332K04D24V  C2004 02 27.28439 10 57 04.23 -16 34 37.2          18.3 Rrk0262649
E4332K04D24V  C2004 02 27.28616 10 57 04.01 -16 34 32.0          18.2 Rrk0262649
E4332K04D24V  C2004 02 27.28794 10 57 03.79 -16 34 27.3          18.3 Rrk0262649
E4332K04D24V  C2004 02 27.95066 10 55 47.21 -16 03 17.9          17.6 Vok0740A16
E4332K04D24V  C2004 02 27.95808 10 55 46.33 -16 02 58.2          18.0 Vok0740A16
E4332K04D24V  C2004 02 28.98346 10 53 47.62 -15 13 59.7          18.0 Rrk0740176
E4332K04D24V  C2004 02 28.98508 10 53 47.44 -15 13 55.1          18.4 Rrk0740176
E4332K04D24V  C2004 02 28.98671 10 53 47.25 -15 13 50.4          18.3 Rrk0740176
E4332K04D24V  C2004 02 28.98833 10 53 47.06 -15 13 45.7          18.5 Rrk0740176
E4332K04D24V  C2004 02 28.98994 10 53 46.87 -15 13 41.1          18.2 Rrk0740176
E4332K04D24V  C2004 02 29.30911 10 53 09.89 -14 58 15.3          18.0 Rck0740926
E4332K04D24V  C2004 02 29.31030 10 53 09.76 -14 58 11.4          18.2 Rck0740926
E4332K04D24V  C2004 02 29.31148 10 53 09.60 -14 58 07.7          18.0 Rck0740926
E4332K04D24V HC2004 02 29.31702 10 53 08.93 -14 57 51.8          18.0 Vdk0740291
E4332K04D24V HC2004 02 29.32538 10 53 07.93 -14 57 27.4          18.2 Vdk0740291
E4332K04D24V HC2004 02 29.36268 10 53 03.41 -14 55 39.5          18.3 Vdk0740291
E4332K04D24V  C2004 03 02.88347 10 48 11.72 -12 51 04.4                ck0740587
E4332K04D24V  C2004 03 02.88708 10 48 11.29 -12 50 55.0                ck0740587
E4332K04D24V  C2004 03 03.30899 10 47 22.45 -12 29 37.0                ck0894926
E4332K04D24V  C2004 03 03.31071 10 47 22.19 -12 29 33.9          19.4 Rck0894926
E4332K04D24V 2C2004 03 03.63052 10 46 45.139-12 13 08.91         18.0 Rrk0740413
E4332K04D24V 2C2004 03 03.63203 10 46 44.965-12 13 04.49         17.9 Rrk0740413
E4332K04D24V 2C2004 03 03.63353 10 46 44.782-12 12 59.85         18.0 Rrk0740413
E4332K04D24V 2C2004 03 03.70831 10 46 35.927-12 09 11.50         18.6 Rrk0740413
E4332K04D24V 2C2004 03 03.70980 10 46 35.746-12 09 07.01         18.4 Rrk0740413
E4332K04D24V 2C2004 03 03.71131 10 46 35.569-12 09 02.29         18.6 Rrk0740413
E4332K04D24V 1C2004 03 04.63689 10 44 49.438-11 21 48.08         17.8 Rrk0740413
E4332K04D24V 1C2004 03 04.63844 10 44 49.260-11 21 43.37         17.6 Rrk0740413
E4332K04D24V 1C2004 03 04.63993 10 44 49.081-11 21 38.68         17.8 Rrk0740413
E4332K04D24V  C2004 03 04.95158 10 44 13.70 -11 05 50.3          17.8 Rrk0740620
E4332K04D24V  C2004 03 04.96495 10 44 12.19 -11 05 08.8          17.3 Rrk0740620
E4332K04D24V  C2004 03 05.93233 10 42 21.84 -10 15 11.0          17.9 V k0894118
E4332K04D24V  C2004 03 05.94145 10 42 20.76 -10 14 42.6          17.9 V k0894118
E4332K04D24V  C2004 03 08.23050 10 38 03.45 -08 15 03.8          18.1 Rrk0894649
E4332K04D24V  C2004 03 08.23228 10 38 03.23 -08 14 58.6          18.6 Rrk0894649
E4332K04D24V  C2004 03 08.23760 10 38 02.69 -08 14 41.3          17.3 Rrk0894649
E4332K04D24V  C2004 03 08.23937 10 38 02.39 -08 14 36.8          18.0 Rrk0894649
E4332K04D24V  C2004 03 09.23861 10 36 12.09 -07 21 58.6          18.1 Rrk0894649
E4332K04D24V  C2004 03 09.24038 10 36 11.87 -07 21 53.0          18.0 Rrk0894649
E4332K04D24V  C2004 03 09.24215 10 36 11.69 -07 21 47.1          18.0 Rrk0894649
E4332K04D24V  C2004 03 09.24394 10 36 11.48 -07 21 41.7          18.0 Rrk0894649
E4332K04D24V   2004 03 09.94649410 34 54.65 -06 44 39.2                ok4344084
E4332K04D24V   2004 03 10.86631510 33 15.48 -05 56 02.3                ok4344084
E4332K04D24V   2004 03 11.93875510 31 21.29 -04 59 22.9                ok4344084
E4332K04D24V   2004 03 12.93910310 29 36.74 -04 06 38.1                ok4344084
E4332K04D24V   2004 03 13.98354410 27 49.53 -03 11 44.1                ok4344084
E4332K04D24V  C2004 03 13.98983 10 27 48.94 -03 11 23.2          18.3 Vrk1259170
E4332K04D24V  C2004 03 13.99303 10 27 48.63 -03 11 12.9          18.7 Vrk1259170
E4332K04D24V  C2004 03 13.99585 10 27 48.34 -03 11 04.5          18.7 Vrk1259170
E4332K04D24V  C2004 03 15.25197 10 25 42.76 -02 05 23.4          18.3 Vdk1259703
E4332K04D24V  C2004 03 15.26672 10 25 41.25 -02 04 37.2          18.4 Vdk1259703
E4332K04D24V  C2004 03 15.28159 10 25 39.76 -02 03 51.0          17.9 Vdk1259703
E4332K04D24V  C2004 03 15.29652 10 25 38.24 -02 03 03.7          18.1 Vdk1259703
E4332K04D24V  C2004 03 15.85845 10 24 43.43 -01 33 54.9          19.3 Vok1259151
E4332K04D24V  C2004 03 15.86049 10 24 43.22 -01 33 48.7          18.9 Vok1259151
E4332K04D24V  C2004 03 15.86186 10 24 43.11 -01 33 44.1          19.1 Vok1259151
E4332K04D24V  C2004 03 15.86248 10 24 43.10 -01 33 41.2          18.8 Vok1259151
E4332K04D24V  C2004 03 15.86291 10 24 43.00 -01 33 40.7          18.8 Vok1259151
E4332K04D24V  C2004 03 15.86497 10 24 42.79 -01 33 34.5          18.6 Vok1259151
E4332K04D24V  C2004 03 16.22613 10 24 07.65 -01 14 52.4          18.8  ck1259704
E4332K04D24V  C2004 03 16.23706 10 24 06.59 -01 14 18.6          18.9  ck1259704
E4332K04D24V  C2004 03 16.24851 10 24 05.42 -01 13 41.5          18.5  ck1259704
E4332K04D24V  C2004 03 16.24924 10 24 05.35 -01 13 40.3          18.7  ck1259704
E4332K04D24V  C2004 03 16.26272 10 24 04.02 -01 12 58.0          18.7  ck1259704
E4332K04D24V  C2004 03 16.27412 10 24 02.87 -01 12 22.7          18.5  ck1259704
E4332K04D24V  C2004 03 16.86188 10 23 06.87 -00 42 07.3          18.5 Vrk1259240
E4332K04D24V  C2004 03 16.86333 10 23 06.71 -00 42 02.4          18.6 Vrk1259240
E4332K04D24V  C2004 03 16.86769 10 23 06.30 -00 41 49.3          18.1 Vrk1259240
E4332K04D24V  C2004 03 16.86914 10 23 06.16 -00 41 44.7          18.2 Vrk1259240
E4332K04D24V  C2004 03 16.87204 10 23 05.87 -00 41 35.6          18.4 Vrk1259240
E4332K04D24V  C2004 03 16.87422 10 23 05.66 -00 41 28.8          17.8 Vrk1259240
E4332K04D24V  C2004 03 16.87495 10 23 05.59 -00 41 26.4          18.4 Vrk1259240
E4332K04D24V  C2004 03 16.87640 10 23 05.45 -00 41 22.2          18.4 Vrk1259240
E4332K04D24V  C2004 03 16.87858 10 23 05.24 -00 41 15.7          18.3 Vrk1259240
E4332K04D24V  C2004 03 16.87930 10 23 05.18 -00 41 13.7          18.4 Vrk1259240
E4332K04D24V  C2004 03 17.91454 10 21 27.98 +00 11 42.8          17.9 Rrk1259215
E4332K04D24V  C2004 03 17.91496 10 21 27.96 +00 11 43.8          18.3 Rrk1259215
E4332K04D24V  C2004 03 17.91538 10 21 27.89 +00 11 44.9          18.3 Rrk1259215
E4332K04D24V  C2004 03 18.22256 10 20 59.74 +00 27 23.9          18.0  ck1259704
E4332K04D24V  C2004 03 18.23351 10 20 58.67 +00 27 58.0          18.2  ck1259704
E4332K04D24V  C2004 03 18.24461 10 20 57.62 +00 28 31.0          18.4  ck1259704
E4332K04D24V  C2004 03 18.25577 10 20 56.56 +00 29 04.9          18.1  ck1259704
E4332K04D24V  C2004 03 18.26689 10 20 55.45 +00 29 38.3          18.8  ck1259704
E4332K04D24V 1C2004 03 18.97000 10 19 51.50 +01 05 09.0          19.2 V k6749071
E4332K04D24V  C2004 03 19.22839 10 19 28.80 +01 18 07.0          18.4  ck2260704
E4332K04D24V  C2004 03 19.24010 10 19 27.73 +01 18 42.2          18.6  ck2260704
E4332K04D24V  C2004 03 19.25162 10 19 26.65 +01 19 16.8          18.6  ck2260704
E4332K04D24V  C2004 03 19.26301 10 19 25.60 +01 19 50.9          18.5  ck2260704
E4332K04D24V  C2004 03 19.27451 10 19 24.53 +01 20 25.2          18.4  ck2260704
E4332K04D24V  C2004 03 19.29356 10 19 22.76 +01 21 22.5          18.1  ck2260704
E4332K04D24V  C2004 03 19.30485 10 19 21.70 +01 21 56.6          19.0  ck2260704
E4332K04D24V  C2004 03 19.31618 10 19 20.65 +01 22 30.7          18.7  ck2260704
E4332K04D24V  C2004 03 19.32744 10 19 19.67 +01 23 04.8          18.9  ck2260704
E4332K04D24V  C2004 03 19.33859 10 19 18.65 +01 23 37.5          18.3  ck2260704
E4332K04D24V  C2004 03 19.84529 10 18 34.55 +01 48 54.4          18.6 Vrk2260941
E4332K04D24V  C2004 03 19.84608 10 18 34.49 +01 48 56.5          18.6 Vrk2260941
E4332K04D24V  C2004 03 19.84687 10 18 34.43 +01 48 59.2          18.7 Vrk2260941
E4332K04D24V  C2004 03 19.84766 10 18 34.36 +01 49 01.6          18.7 Vrk2260941
E4332K04D24V  C2004 03 19.84924 10 18 34.21 +01 49 06.3          18.7 Vrk2260941
E4332K04D24V  C2004 03 19.88776 10 18 30.70 +01 51 00.7          18.6  rk2260130
E4332K04D24V  C2004 03 19.89432 10 18 30.05 +01 51 20.3          18.5  rk2260130
E4332K04D24V  C2004 03 19.90113 10 18 29.43 +01 51 39.4          18.5  rk2260130
E4332K04D24V   2004 03 19.91766810 18 27.87 +01 52 27.7                ok4344084
E4332K04D24V  C2004 03 20.22139 10 18 01.69 +02 07 34.6          18.6  ck2260704
E4332K04D24V  C2004 03 20.23210 10 18 00.72 +02 08 06.7          18.9  ck2260704
E4332K04D24V  C2004 03 20.24308 10 17 59.72 +02 08 39.3          18.8  ck2260704
E4332K04D24V  C2004 03 20.25405 10 17 58.72 +02 09 12.0          18.7  ck2260704
E4332K04D24V  C2004 03 20.26503 10 17 57.79 +02 09 45.0          18.8  ck2260704
E4332K04D24V  C2004 03 25.99217 10 10 29.97 +06 40 26.6          18.2 Rck3177A32
E4332K04D24V  C2004 03 25.99889 10 10 29.48 +06 40 44.6          18.2 Rck3177A32
E4332K04D24V  C2004 03 26.00563 10 10 29.01 +06 41 02.6          18.0 Rck3177A32
E4332K04D24V  C2004 03 26.01292 10 10 28.51 +06 41 22.5          18.3 Rck3177A32
E4332K04D24V  C2004 03 27.23288 10 09 05.82 +07 35 28.2          19.3  ck3177704
E4332K04D24V  C2004 03 27.25263 10 09 04.53 +07 36 19.5          18.6  ck3177704
E4332K04D24V  C2004 03 27.26525 10 09 03.68 +07 36 52.4          18.7  ck3177704
E4332K04D24V  C2004 03 27.27500 10 09 03.01 +07 37 17.9          18.6  ck3177704
E4332K04D24V  C2004 03 28.82098 10 07 25.38 +08 43 40.7                ck3177046
E4332K04D24V  C2004 03 28.82205 10 07 25.26 +08 43 43.6                ck3177046
E4332K04D24V  C2004 03 28.82362 10 07 25.10 +08 43 48.3                ck3177046
E4332K04D24V  C2004 03 28.82440 10 07 25.04 +08 43 49.9                ck3177046
E4332K04D24V  C2004 03 28.82596 10 07 25.03 +08 43 53.1                ck3177046
E4332K04D24V  C2004 03 28.83186 10 07 24.50 +08 44 09.4          20.0 Rrk3177A41
E4332K04D24V  C2004 03 28.84725 10 07 23.61 +08 44 47.9          20.3 Rrk3177A41
E4332K04D24V  C2004 03 28.86234 10 07 22.57 +08 45 26.0          19.7 Rrk3177A41
E4332K04D24V  C2004 03 31.14084 10 05 11.99 +10 19 05.5          18.8 Vck3178691
E4332K04D24V  C2004 03 31.16930 10 05 10.36 +10 20 13.6          19.0 Vck3178691
E4332K04D24V  C2004 03 31.19685 10 05 08.78 +10 21 19.6          19.1 Vck3178691
E4332K04D24V  C2004 04 14.18572 09 57 31.96 +18 05 12.8          19.3  ck4344704
E4332K04D24V  C2004 04 14.19606 09 57 31.66 +18 05 29.8          19.9  ck4344704
E4332K04D24V  C2004 04 14.20647 09 57 31.67 +18 05 45.9          19.6  ck4344704
E4332K04D24V  C2004 04 14.21693 09 57 31.41 +18 06 03.5          19.4  ck4344704
E4332K04D24V  C2004 04 14.22718 09 57 31.27 +18 06 19.7          19.5  ck4344704
E4332K04D24V  C2004 04 20.19762 09 57 05.55 +20 31 11.1          19.3  ck5113704
E4332K04D24V  C2004 04 20.20879 09 57 05.54 +20 31 27.5          19.3  ck5113704
E4332K04D24V  C2004 04 20.22012 09 57 05.62 +20 31 41.4          19.5  ck5113704
E4332K04D24V  C2004 04 20.23121 09 57 05.59 +20 31 56.2          19.4  ck5113704
E4332K04D24V  C2004 04 20.24230 09 57 05.64 +20 32 10.6          19.5  ck5113704
E4332K04D24V  C2006 01 25.41348 14 21 56.04 +01 16 18.4                dq0412291
E4332K04D24V  C2006 01 25.41724 14 21 56.37 +01 16 23.8                dq0412291
E4332K04D24V  C2006 01 25.42106 14 21 56.74 +01 16 28.9                dq0412291
E4332K04D24V  C2006 02 19.04945 14 54 00.02 +13 38 32.2          19.2 Vrq3799A13
E4332K04D24V  C2006 02 19.06334 14 54 00.91 +13 39 05.3          19.3 Vrq3799A13
E4332K04D24V  C2006 02 19.07526 14 54 01.63 +13 39 32.1          19.5 Vrq3799A13
E4332K04D24V  C2006 02 22.41994 14 57 32.85 +15 53 40.1          19.5  cq3799704
E4332K04D24V  C2006 02 22.43245 14 57 33.55 +15 54 11.5          19.5  cq3799704
E4332K04D24V  C2006 02 22.45762 14 57 35.02 +15 55 14.4          19.3  cq3799704
E4332K04D24V  C2006 02 22.47019 14 57 35.78 +15 55 44.4          19.4  cq3799704
E4332K04D24V  C2006 02 24.47459 14 59 34.52 +17 19 59.8          19.6  cq3799704
E4332K04D24V  C2006 02 24.48640 14 59 35.19 +17 20 30.1          19.4  cq3799704
E4332K04D24V  C2006 02 24.49823 14 59 35.75 +17 21 01.8          19.7  cq3799704
E4332K04D24V  C2006 02 24.51167 14 59 36.47 +17 21 34.8          19.6  cq3799704
E4332K04D24V  C2006 02 25.48725 15 00 32.13 +18 03 36.3          19.2  cq5084704
E4332K04D24V  C2006 02 25.49913 15 00 32.74 +18 04 07.5          19.3  cq5084704
E4332K04D24V  C2006 02 25.51100 15 00 33.49 +18 04 37.5          19.4  cq5084704
E4332K04D24V  C2006 03 04.48241 15 06 23.18 +23 22 42.4          19.0 Vrq6071G96
E4332K04D24V  C2006 03 04.48900 15 06 23.43 +23 23 01.6          19.1 Vrq6071G96
E4332K04D24V  C2006 03 04.49590 15 06 23.83 +23 23 19.8          18.2 Vrq6071G96
E4332K04D24V  C2006 03 04.50288 15 06 24.01 +23 23 41.2          19.3 Vrq6071G96
E4332K04D24V  C2006 03 12.07855 15 10 56.58 +29 37 18.0          19.4 Vrq6071941
E4332K04D24V  C2006 03 12.07895 15 10 56.62 +29 37 19.3          19.4 Vrq6071941
E4332K04D24V  C2006 03 12.07935 15 10 56.66 +29 37 21.2          19.5 Vrq6071941
E4332K04D24V  C2006 03 12.07975 15 10 56.70 +29 37 22.3          19.5 Vrq6071941
E4332K04D24V  C2006 04 18.31366 14 50 56.83 +57 53 03.6          18.9 Roq9166699
E4332K04D24V  C2006 04 18.33697 14 50 54.35 +57 53 48.6                oq9166699
E4332K04D24V  C2006 04 18.36033 14 50 51.83 +57 54 33.4                oq9166699
E4332K04D24V  C2006 04 18.38367 14 50 49.07 +57 55 18.7                oq9166699
E4332K04D24V  C2006 04 21.82882 14 44 32.36 +59 38 44.4          19.3 Voq9166151
E4332K04D24V  C2006 04 21.83002 14 44 32.23 +59 38 46.7          19.7 Voq9166151
E4332K04D24V  C2006 04 21.83122 14 44 32.13 +59 38 49.2          19.8 Voq9166151
E4332K04D24V  C2006 04 21.83559 14 44 31.70 +59 38 57.6          19.8 Voq9166151
E4332K04D24V  C2006 05 01.35640 14 23 59.28 +63 20 52.6          19.3 Vrr0832703
E4332K04D24V  C2006 05 01.35803 14 23 58.95 +63 20 55.1          19.5 Vrr0832703
E4332K04D24V  C2006 05 01.36135 14 23 58.52 +63 20 58.4          18.9 Vrr0832703
E4332K04D24V  C2006 05 01.36296 14 23 58.34 +63 21 00.5          18.8 Vrr0832703
E4332K04D24V  C2006 05 01.36632 14 23 57.80 +63 21 04.3          18.9 Vrr0832703
E4332K04D24V  C2006 05 01.36793 14 23 57.55 +63 21 05.7          19.1 Vrr0832703
E4332K04D24V  C2006 05 01.37127 14 23 57.15 +63 21 09.3          19.1 Vrr0832703
E4332K04D24V  C2006 05 01.37286 14 23 56.90 +63 21 11.8          19.0 Vrr0832703
E4332K04D24V  C2006 05 03.25668 14 19 31.90 +63 54 06.0          19.5  cr0832H55
E4332K04D24V  C2006 05 03.26970 14 19 30.00 +63 54 19.2          19.6  cr0832H55
E4332K04D24V  C2006 05 03.28037 14 19 28.46 +63 54 30.0          19.4  cr0832H55
E4332K04D24V  C2006 06 06.18000 13 17 55.54 +66 00 38.3          19.8  cr3908H55
E4332K04D24V  C2006 06 06.18749 13 17 55.17 +66 00 35.7          19.9  cr3908H55
E4332K04D24V  C2006 06 06.19122 13 17 55.04 +66 00 35.0          19.7  cr3908H55
E4332K04D24V  C2006 09 17.11648 16 21 36.03 +29 38 43.2          18.1 Vrr9324703
E4332K04D24V  C2006 09 17.13583 16 21 39.81 +29 37 40.7          18.3 Vrr9324703
E4332K04D24V  C2006 09 20.09593 16 31 47.29 +26 54 25.9          18.2  cr9324704
E4332K04D24V  C2006 09 20.10835 16 31 49.85 +26 53 43.2          18.3  cr9324704
E4332K04D24V  C2006 09 20.13276 16 31 54.74 +26 52 19.6          18.1  cr9324704
E4332K04D24V  C2006 09 20.14629 16 31 57.58 +26 51 33.4          18.6  cr9324704
E4332K04D24V  C2006 09 21.77890 16 37 37.28 +25 16 47.6          18.0 Rrr9324113
E4332K04D24V  C2006 09 21.78008 16 37 37.48 +25 16 43.7          18.1 Rrr9324113
E4332K04D24V  C2006 09 21.78125 16 37 37.75 +25 16 39.3          18.2 Rrr9324113
E4332K04D24V  C2006 09 21.78241 16 37 37.98 +25 16 35.3          17.7 Rrr9324113
E4332K04D24V  C2006 09 21.78358 16 37 38.22 +25 16 31.2          18.3 Rrr9324113
E4332K04D24V  C2006 09 28.10314 16 59 59.85 +18 39 50.7          18.2 Vrs1029703
E4332K04D24V  C2006 09 28.10954 17 00 01.18 +18 39 24.8          18.2 Vrs1029703
E4332K04D24V  C2006 09 28.11594 17 00 02.59 +18 38 59.7          18.3 Vrs1029703
E4332K04D24V  C2006 09 28.12231 17 00 03.92 +18 38 33.8          18.2 Vrs1029703
E4332K04D24V  C2006 10 03.10246 17 18 09.27 +12 55 01.0          19.0  cs2664704
E4332K04D24V  C2006 10 03.11503 17 18 12.02 +12 54 07.2          18.8  cs2664704
E4332K04D24V  C2006 10 03.12780 17 18 14.77 +12 53 12.1          19.5  cs2664704
E4332K04D24V  C2006 10 03.14037 17 18 17.45 +12 52 18.2          19.0  cs2664704
E4332K04D24V  C2006 10 09.74850 17 42 49.62 +04 45 07.5          18.2 Vos2463198
E4332K04D24V  C2006 10 09.74978 17 42 49.90 +04 45 01.6          18.2 Vos2463198
E4332K04D24V  C2006 10 09.75218 17 42 50.43 +04 44 50.8          18.2 Vos2463198
E4332K04D24V  C2006 10 09.75567 17 42 51.22 +04 44 35.3          18.3 Vos2463198
E4332K04D24V  C2006 10 09.75659 17 42 51.43 +04 44 31.2          18.3 Vos2463198
