     K04K01G* C2004 05 19.41468 19 04 40.21 -30 47 40.5          17.4  ck7485704
     K04K01G  C2004 05 19.42399 19 03 51.73 -30 47 39.8          17.3  ck7485704
     K04K01G  C2004 05 19.43330 19 03 03.30 -30 47 38.1          17.0  ck7485704
     K04K01G  C2004 05 19.44261 19 02 14.88 -30 47 33.5          17.3  ck7485704
     K04K01G  C2004 05 19.83237 18 30 34.97 -30 22 22.7          16.5 Rrk7485E12
     K04K01G  C2004 05 19.83293 18 30 32.54 -30 22 20.4          16.6 Rrk7485E12
     K04K01G  C2004 05 20.09484 18 11 14.01 -30 06 16.7          16.2 Rck7485599
     K04K01G  C2004 05 20.09544 18 11 11.25 -30 06 12.3          16.7 Rck7485599
     K04K01G %C2004 05 20.15217 18 07 36.56 -29 51 06.7          16.5 Rok7485807
     K04K01G %C2004 05 20.15384 18 07 29.29 -29 50 56.0          16.1 Rok7485807
     K04K01G %C2004 05 20.15417 18 07 27.81 -29 50 54.0          16.5 Rok7485807
     K04K01G %C2004 05 20.15829 18 07 09.60 -29 50 29.0          16.6 Rok7485807
     K04K01G %C2004 05 20.15863 18 07 08.11 -29 50 26.7          16.2 Rok7485807
     K04K01G %C2004 05 20.16084 18 06 58.37 -29 50 12.9          16.3 Rok7485807
     K04K01G  C2004 05 20.33378 17 54 47.72 -29 35 27.8          15.5 Rck7485854
     K04K01G  C2004 05 20.33471 17 54 43.86 -29 35 20.9          15.5 Rck7485854
     K04K01G  C2004 05 20.34156 17 54 14.61 -29 34 29.9          15.6 Rck7485854
     K04K01G  C2004 05 20.34248 17 54 10.61 -29 34 20.6          16.0 Rck7485854
     K04K01G  C2004 05 20.39321 17 50 37.82 -29 27 14.8          15.9 Rck7485926
     K04K01G  C2004 05 20.39345 17 50 36.85 -29 27 12.9          15.9 Rck7485926
     K04K01G  C2004 05 20.39370 17 50 35.81 -29 27 10.5          16.0 Rck7485926
     K04K01G  C2004 05 20.39830 17 50 16.54 -29 26 33.7          16.0 Rck7485854
     K04K01G  C2004 05 20.39926 17 50 12.51 -29 26 25.1          15.3 Rck7485854
     K04K01G  C2004 05 20.39975 17 50 10.43 -29 26 21.1          16.1 Rck7485854
     K04K01G  C2004 05 21.96722 16 30 36.75 -24 57 40.4          17.0 Rrk7485J95
     K04K01G  C2004 05 21.97008 16 30 30.00 -24 57 11.0          16.9 Rrk7485J95
     K04K01G  C2004 05 21.97317 16 30 22.77 -24 56 40.8          17.1 Rrk7485J95
     K04K01G  C2004 05 22.27459 16 19 43.04 -24 04 58.2          16.3 Rck8176926
     K04K01G  C2004 05 22.27493 16 19 42.37 -24 04 55.1          16.4 Rck8176926
     K04K01G  C2004 05 22.27522 16 19 41.67 -24 04 51.6          16.2 Rck8176926
     K04K01G  C2004 05 22.27968 16 19 30.23 -24 04 15.7          16.6 Rok8176H06
     K04K01G  C2004 05 22.28053 16 19 28.46 -24 04 07.9          16.3 Rok8176H06
     K04K01G  C2004 05 22.28137 16 19 26.69 -24 03 59.7          16.5 Rok8176H06
     K04K01G  C2004 05 22.28221 16 19 24.81 -24 03 51.2          16.7 Rok8176H06
     K04K01G  C2004 05 22.28305 16 19 23.02 -24 03 43.3          16.3 Rok8176H06
     K04K01G  C2004 05 22.28389 16 19 21.18 -24 03 35.2          16.9 Rok8176H06
     K04K01G HC2004 05 22.28611 16 19 12.65 -24 03 30.6          16.6 Rrk8176649
     K04K01G  C2004 05 22.28903 16 19 06.48 -24 03 01.2          16.4 Rrk8176649
     K04K01G  C2004 05 22.28975 16 19 05.01 -24 02 54.9          16.7 Rrk8176649
     K04K01G  C2004 05 22.29096 16 19 02.47 -24 02 42.3          17.1 Rrk8176649
     K04K01G  C2004 05 22.30002 16 18 47.28 -24 00 59.1          17.5  ck8176704
     K04K01G  C2004 05 22.30934 16 18 27.55 -23 59 27.4          17.7  ck8176704
     K04K01G  C2004 05 22.31857 16 18 08.06 -23 57 56.6          17.8  ck8176704
     K04K01G  C2004 05 22.96278 15 59 16.34 -22 18 49.7          16.5 Rrk8176J95
     K04K01G  C2004 05 22.96617 15 59 10.67 -22 18 20.1          16.6 Rrk8176J95
     K04K01G  C2004 05 22.96955 15 59 05.14 -22 17 52.1          17.2 Rrk8176J95
     K04K01G  C2004 05 23.09057 15 55 59.94 -21 55 59.4          16.4 Rrk8176859
     K04K01G  C2004 05 23.09102 15 55 59.17 -21 55 54.9          16.4 Rrk8176859
     K04K01G  C2004 05 23.09145 15 55 58.47 -21 55 51.8          16.6 Rrk8176859
     K04K01G  C2004 05 23.09189 15 55 57.75 -21 55 48.0          16.4 Rrk8176859
     K04K01G  C2004 05 23.09235 15 55 57.04 -21 55 44.2          16.6 Rrk8176859
     K04K01G  C2004 05 23.30821 15 50 40.62 -21 29 39.2          16.5 Rck8176926
     K04K01G  C2004 05 23.30852 15 50 40.13 -21 29 36.4          16.7 Rck8176926
     K04K01G  C2004 05 23.30885 15 50 39.66 -21 29 33.9          16.8 Rck8176926
     K04K01G  C2004 05 23.90434 15 38 10.81 -20 14 39.3                ck8176587
     K04K01G  C2004 05 23.90545 15 38 09.35 -20 14 30.6                ck8176587
     K04K01G  C2004 05 23.90656 15 38 08.01 -20 14 22.3                ck8176587
     K04K01G  C2004 05 23.90766 15 38 06.66 -20 14 13.4                ck8176587
     K04K01G  C2004 05 23.97091 15 36 50.04 -20 06 51.7          17.3 Vrk8176A16
     K04K01G  C2004 05 23.97383 15 36 46.52 -20 06 32.1          17.0 Vrk8176A16
     K04K01G  C2004 05 23.97398 15 36 46.34 -20 06 30.7          17.0 Vrk8176A16
     K04K01G  C2004 05 23.97672 15 36 43.03 -20 06 10.9          17.1 Vrk8176A16
     K04K01G  C2004 05 24.23080 15 32 15.29 -19 36 46.4          17.0 Rck8176926
     K04K01G  C2004 05 24.23123 15 32 14.76 -19 36 44.1          17.2 Rck8176926
     K04K01G  C2004 05 24.23167 15 32 14.26 -19 36 41.2          17.1 Rck8176926
     K04K01G  C2004 05 24.88120 15 22 01.13 -18 30 41.3          18.2 Vck8176104
     K04K01G  C2004 05 24.88247 15 21 59.88 -18 30 33.1          18.3 Vck8176104
     K04K01G  C2004 05 24.88377 15 21 58.68 -18 30 26.4          17.7 Vck8176104
     K04K01G  C2004 05 24.88515 15 21 57.52 -18 30 18.7          17.9 Vck8176104
     K04K01G  C2004 05 24.92689 15 21 19.59 -18 26 29.8          17.2 Rrk8176185
     K04K01G  C2004 05 24.92875 15 21 17.88 -18 26 19.5          17.4 Rrk8176185
     K04K01G  C2004 05 24.93220 15 21 14.79 -18 26 00.3          17.5 Rrk8176185
     K04K01G  C2004 05 24.93376 15 21 13.32 -18 25 51.7          17.1 Rrk8176185
     K04K01G  C2004 05 24.93655 15 21 10.72 -18 25 36.2          17.7 Rrk8176185
     K04K01G  C2004 05 24.93832 15 21 09.21 -18 25 25.9          17.4 Rrk8176185
     K04K01G  C2004 05 24.94056 15 21 07.13 -18 25 13.6          17.5 Rrk8176185
     K04K01G  C2004 05 24.94321 15 21 04.73 -18 24 58.8          17.6 Rrk8176185
     K04K01G  C2004 05 24.94529 15 21 02.82 -18 24 47.2          17.6 Rrk8176185
     K04K01G  C2004 05 24.94704 15 21 01.25 -18 24 36.7          17.6 Rrk8176185
     K04K01G  C2004 05 24.94943 15 20 59.09 -18 24 23.2          17.8 Rrk8176185
     K04K01G  C2004 05 24.95045 15 20 58.38 -18 24 17.9          17.7 Vrk8177A13
     K04K01G  C2004 05 24.95246 15 20 56.54 -18 24 06.7          17.8 Vrk8177A13
     K04K01G  C2004 05 24.95442 15 20 54.76 -18 23 55.7          17.7 Vrk8177A13
     K04K01G  C2004 05 24.95638 15 20 53.00 -18 23 44.4          17.8 Vrk8177A13
     K04K01G tC2004 05 25.45203 15 14 28.02 -17 35 05.8          17.3 Rrk8177474
     K04K01G tC2004 05 25.45284 15 14 27.39 -17 35 01.9          17.5 Rrk8177474
     K04K01G tC2004 05 25.45365 15 14 26.72 -17 34 57.8          17.3 Rrk8177474
     K04K01G  C2004 05 25.45434 15 14 26.17 -17 34 54.2          17.3 Rrk8177474
     K04K01G  C2004 05 25.60648 15 12 27.94 -17 22 15.3          17.7 Rrk8177474
     K04K01G  C2004 05 25.60706 15 12 27.51 -17 22 12.6          18.0 Rrk8177474
     K04K01G  C2004 05 25.61157 15 12 24.14 -17 21 49.9          17.7 Rrk8177474
     K04K01G  C2004 05 25.61609 15 12 20.82 -17 21 27.6          18.0 Rrk8177474
     K04K01G  C2004 05 25.91649 15 09 07.70 -17 02 51.4          16.9 Vrk8177A16
     K04K01G  C2004 05 25.91787 15 09 06.74 -17 02 43.8          17.4 Vrk8177A16
     K04K01G  C2004 05 25.91935 15 09 05.73 -17 02 37.3          17.8 Vrk8177A16
     K04K01G  C2004 05 25.91948 15 09 05.63 -17 02 37.8          17.7 Vrk8177A16
     K04K01G  C2004 05 25.92083 15 09 04.68 -17 02 31.2          17.7 Vrk8177A16
     K04K01G  C2004 05 25.92245 15 09 03.50 -17 02 24.6          17.8 Vrk8177A16
     K04K01G  C2004 05 28.27331 14 49 42.30 -14 41 02.5          19.4 Rrk8177448
     K04K01G  C2004 05 28.28101 14 49 38.98 -14 40 40.2          19.6 Rrk8177448
     K04K01G  C2004 05 28.28913 14 49 35.53 -14 40 16.8          19.2 Rrk8177448
     K04K01G  C2004 05 29.31500 14 43 50.82 -13 56 22.1          19.0 Rck8542926
     K04K01G  C2004 05 29.31590 14 43 50.45 -13 56 19.3          18.8 Rck8542926
     K04K01G  C2004 05 29.31678 14 43 50.11 -13 56 16.7          18.7 Rck8542926
