j0293K04L03V* C2004 06 12.37128 21 23 54.97 -04 05 47.1          18.7  ck9074704
j0293K04L03V  C2004 06 12.38134 21 23 54.92 -04 04 59.0          19.8  ck9074704
j0293K04L03V  C2004 06 12.39141 21 23 54.96 -04 04 10.6          19.0  ck9074704
j0293K04L03V  C2004 06 12.40149 21 23 54.92 -04 03 22.3          19.8  ck9074704
j0293K04L03V  C2004 06 12.41156 21 23 54.85 -04 02 33.6          19.1  ck9074704
j0293K04L03V  C2004 06 13.00347 21 23 55.86 -03 14 45.8          18.4 Rck9074A50
j0293K04L03V  C2004 06 13.00491 21 23 55.98 -03 14 39.8          18.3 Rck9074A50
j0293K04L03V  C2004 06 13.00633 21 23 55.99 -03 14 32.9          18.0 Rck9074A50
j0293K04L03V  C2004 06 13.00919 21 23 56.00 -03 14 18.7          18.2 Rck9074A50
j0293K04L03V  C2004 06 13.30978 21 23 56.52 -02 49 32.7          19.0 Rck9074G90
j0293K04L03V  C2004 06 13.31333 21 23 56.56 -02 49 15.6          19.0 Rck9074G90
j0293K04L03V  C2004 06 13.31688 21 23 56.51 -02 48 57.6          19.3 Rck9074G90
j0293K04L03V  C2004 06 13.36230 21 23 56.29 -02 45 14.3          19.2  ck9074704
j0293K04L03V  C2004 06 13.37158 21 23 56.21 -02 44 28.5          19.3  ck9074704
j0293K04L03V  C2004 06 13.37223 21 23 56.16 -02 44 24.4          19.4  ck9074704
j0293K04L03V  C2004 06 13.38160 21 23 56.04 -02 43 38.9          19.2  ck9074704
j0293K04L03V  C2004 06 13.38218 21 23 56.10 -02 43 35.8          19.6  ck9074704
j0293K04L03V  C2004 06 13.39162 21 23 56.01 -02 42 48.9          19.4  ck9074704
j0293K04L03V  C2004 06 13.39231 21 23 56.03 -02 42 44.8          19.7  ck9074704
j0293K04L03V  C2004 06 13.40164 21 23 55.99 -02 41 59.3          19.6  ck9075704
j0293K04L03V  C2004 06 13.40230 21 23 55.89 -02 41 56.0          19.7  ck9075704
j0293K04L03V  C2004 06 13.43137 21 23 55.98 -02 39 32.6          19.1 Rrk9075G70
j0293K04L03V  C2004 06 13.44528 21 23 55.87 -02 38 23.2          18.9 Rrk9075G70
j0293K04L03V  C2004 06 13.45330 21 23 55.62 -02 37 41.8          19.3 Rck9075926
j0293K04L03V  C2004 06 13.45433 21 23 55.61 -02 37 37.2          19.1 Rck9075926
j0293K04L03V  C2004 06 13.45531 21 23 55.62 -02 37 32.0          19.3 Rck9075926
j0293K04L03V  C2004 06 13.45918 21 23 55.68 -02 37 14.7          18.7 Rrk9075G70
j0293K04L03V  C2004 06 14.37219 21 23 53.66 -01 20 25.4          18.8  ck9075704
j0293K04L03V  C2004 06 14.38257 21 23 53.57 -01 19 32.0          19.5  ck9075704
j0293K04L03V  C2004 06 14.39289 21 23 53.46 -01 18 39.4          19.3  ck9075704
j0293K04L03V  C2004 06 14.40317 21 23 53.36 -01 17 47.1          19.7  ck9075704
j0293K04L03V  C2004 06 14.41357 21 23 53.27 -01 16 53.9          19.4  ck9075704
j0293K04L03V  C2004 06 14.44770 21 23 52.91 -01 13 57.7          19.2 Rck9075926
j0293K04L03V  C2004 06 14.44867 21 23 52.90 -01 13 52.5          19.1 Rck9075926
j0293K04L03V  C2004 06 14.44965 21 23 52.90 -01 13 47.3          18.7 Rck9075926
j0293K04L03V  C2004 06 15.37493 21 23 47.32 +00 06 34.1          18.9  ck9075704
j0293K04L03V  C2004 06 15.38532 21 23 47.20 +00 07 29.6          20.1  ck9075704
j0293K04L03V  C2004 06 15.39569 21 23 46.99 +00 08 23.9          19.7  ck9075704
j0293K04L03V  C2004 06 15.40601 21 23 46.85 +00 09 18.4          19.4  ck9075704
j0293K04L03V  C2004 06 15.41641 21 23 46.68 +00 10 13.1          19.2  ck9075704
j0293K04L03V  C2004 06 15.45527 21 23 46.17 +00 13 39.4          18.8 Rck9075926
j0293K04L03V  C2004 06 15.45625 21 23 46.15 +00 13 44.8          18.7 Rck9075926
j0293K04L03V  C2004 06 16.37262 21 23 37.03 +01 35 53.4          19.6  ck9075704
j0293K04L03V  C2004 06 16.38276 21 23 36.86 +01 36 48.2          19.5  ck9075704
j0293K04L03V  C2004 06 16.39282 21 23 36.65 +01 37 43.1          19.2  ck9075704
j0293K04L03V  C2004 06 16.40288 21 23 36.42 +01 38 37.7          19.1  ck9075704
j0293K04L03V  C2004 06 16.41294 21 23 36.22 +01 39 32.9          19.6  ck9075704
j0293K04L03V  C2004 06 17.37484 21 23 22.65 +03 08 24.1          19.0  ck9075704
j0293K04L03V  C2004 06 17.38505 21 23 22.37 +03 09 21.2          19.4  ck9075704
j0293K04L03V  C2004 06 17.39537 21 23 22.16 +03 10 19.3          19.2  ck9075704
j0293K04L03V  C2004 06 18.38324 21 23 03.95 +04 44 17.4          17.8 Rrk9075G70
j0293K04L03V  C2004 06 18.39708 21 23 03.65 +04 45 37.3          20.1 Rrk9075G70
j0293K04L03V  C2004 06 18.41089 21 23 03.19 +04 46 56.7          20.3 Rrk9075G70
j0293K04L03V !C2004 06 18.98271 21 22 51.31 +05 42 38.9          19.2 Vck9598950
j0293K04L03V !C2004 06 18.98418 21 22 51.27 +05 42 47.6          19.2 Vck9598950
j0293K04L03V !C2004 06 18.98553 21 22 51.23 +05 42 55.2          19.4 Vck9598950
j0293K04L03V  C2004 06 20.05469 21 22 22.69 +07 29 19.6          19.0 Rrk9598J95
j0293K04L03V  C2004 06 20.06042 21 22 22.49 +07 29 55.2          18.8 Rrk9598J95
j0293K04L03V  C2004 06 21.32360 21 21 43.12 +09 39 47.8          19.0  cl0761704
j0293K04L03V  C2004 06 21.33307 21 21 42.71 +09 40 46.7          19.0  cl0761704
j0293K04L03V  C2004 06 21.34272 21 21 42.37 +09 41 47.3          19.6  cl0761704
j0293K04L03V  C2004 06 21.98351 21 21 19.09 +10 49 10.6                ck9598246
j0293K04L03V  C2004 06 21.98564 21 21 19.00 +10 49 24.1                ck9598246
j0293K04L03V  C2004 06 21.98638 21 21 19.00 +10 49 28.4                ck9598246
j0293K04L03V  C2004 06 21.98693 21 21 18.97 +10 49 32.2                ck9598246
j0293K04L03V  C2004 06 21.98749 21 21 18.90 +10 49 35.8                ck9598246
j0293K04L03V  C2004 06 22.33120 21 21 05.77 +11 26 17.9          19.0  ck9598704
j0293K04L03V  C2004 06 22.34153 21 21 05.28 +11 27 24.6          19.3  ck9598704
j0293K04L03V  C2004 06 22.35156 21 21 04.82 +11 28 29.3          19.2  ck9598704
j0293K04L03V  C2004 06 23.14926 21 20 31.20 +12 54 38.8          18.2 Rol0761J50
j0293K04L03V  C2004 06 23.17368 21 20 29.91 +12 57 18.5          18.2 Rol0761J50
j0293K04L03V  C2004 06 23.19939 21 20 28.54 +13 00 06.7          18.1 Rol0761J50
j0293K04L03V  C2004 06 24.06706 21 19 48.96 +14 35 26.4          18.9 Rrk9598J95
j0293K04L03V  C2004 06 24.07063 21 19 48.77 +14 35 50.2          18.9 Rrk9598J95
j0293K04L03V  C2004 06 24.07437 21 19 48.56 +14 36 15.1          18.8 Rrk9598J95
j0293K04L03V  C2004 07 01.01644 21 11 45.79 +28 07 58.8          18.6 Rrk9986J95
j0293K04L03V  C2004 07 01.02150 21 11 45.28 +28 08 36.3                rk9986J95
j0293K04L03V  C2004 07 03.98642 21 06 36.29 +34 07 10.6          18.8 Vrl0126170
j0293K04L03V  C2004 07 03.98727 21 06 36.18 +34 07 16.8          18.7 Vrl0126170
j0293K04L03V  C2004 07 03.98854 21 06 36.01 +34 07 26.2          18.8 Vrl0126170
j0293K04L03V  C2004 07 03.98939 21 06 35.91 +34 07 32.4          18.7 Vrl0126170
j0293K04L03V  C2004 07 05.03680 21 04 28.50 +36 13 26.0          18.9 Rrl0126J95
j0293K04L03V  C2004 07 05.04325 21 04 27.59 +36 14 12.8          18.8 Rrl0126J95
j0293K04L03V  C2004 07 05.04962 21 04 26.81 +36 14 57.9          18.1 Rrl0126J95
j0293K04L03V  C2004 07 08.34159 20 56 38.82 +42 42 44.6          19.3 Rrl0126G70
j0293K04L03V  C2004 07 08.35553 20 56 36.41 +42 44 21.4          19.3 Rrl0126G70
j0293K04L03V  C2004 07 08.36962 20 56 34.02 +42 45 58.9          19.0 Rrl0126G70
j0293K04L03V  C2004 07 12.96058 20 42 11.64 +51 10 04.6                cl0367587
j0293K04L03V IC2004 07 12.96378 20 42 10.83 +51 10 26.1                cl0367587
j0293K04L03V  C2004 07 16.87480 20 25 54.44 +57 32 21.0          19.4 Vcl0367151
j0293K04L03V  C2004 07 16.87711 20 25 53.85 +57 32 33.8          19.2 Vcl0367151
j0293K04L03V  C2004 07 16.87818 20 25 53.58 +57 32 39.5          18.9 Vcl0367151
j0293K04L03V  C2004 07 16.87845 20 25 53.52 +57 32 40.9          19.0 Vcl0367151
j0293K04L03V  C2004 07 17.93145 20 20 44.20 +59 06 57.7          19.5 Vrl0761941
j0293K04L03V  C2004 07 17.93190 20 20 44.05 +59 07 00.1          19.4 Vrl0761941
j0293K04L03V  C2004 07 17.93234 20 20 43.92 +59 07 02.4          19.3 Vrl0761941
j0293K04L03V  C2004 07 17.93367 20 20 43.51 +59 07 09.7          19.2 Vrl0761941
j0293K04L03V  C2004 07 23.98170 19 43 15.53 +66 52 13.8          19   Rol0715461
j0293K04L03V  C2004 07 23.98251 19 43 15.24 +66 52 16.4                ol0715461
j0293K04L03V  C2004 07 23.98331 19 43 14.72 +66 52 19.7                ol0715461
j0293K04L03V  C2004 07 23.98412 19 43 14.43 +66 52 23.2                ol0715461
j0293K04L03V  C2004 07 26.12483 19 26 15.82 +69 05 26.3          18.8 Rol0715649
j0293K04L03V  C2004 07 26.12661 19 26 14.81 +69 05 33.0          19.2 Rol0715649
j0293K04L03V  C2004 07 26.12838 19 26 13.87 +69 05 38.7          19.1 Rol0715649
j0293K04L03V  C2004 07 27.91878 19 10 12.18 +70 44 10.6          19.8 Vol0715151
j0293K04L03V  C2004 07 27.92122 19 10 10.81 +70 44 18.0          19.5 Vol0715151
j0293K04L03V  C2004 07 27.92221 19 10 10.29 +70 44 21.1          19.7 Vol0715151
j0293K04L03V  C2004 07 27.92246 19 10 10.11 +70 44 21.9          19.6 Vol0715151
j0293K04L03V  C2004 07 29.88251 18 50 43.38 +72 18 55.8          19.3 Vol0715151
j0293K04L03V  C2004 07 29.88723 18 50 40.37 +72 19 07.6          19.3 Vol0715151
j0293K04L03V  C2004 07 29.89005 18 50 38.58 +72 19 14.3          19.2 Vol0715151
j0293K04L03V  C2004 08 16.17731 15 09 08.24 +76 48 32.2          18.7 Rol1868649
j0293K04L03V  C2004 08 16.17911 15 09 07.01 +76 48 31.4          18.7 Rol1868649
j0293K04L03V  C2004 08 16.18091 15 09 05.70 +76 48 30.4          19.0 Rol1868649
j0293K04L03V 7C2004 10 09.50434 11 18 15.23 +50 56 14.0                ol6623696
j0293K04L03V 7C2004 10 09.50844 11 18 15.00 +50 56 03.4                ol6623696
j0293K04L03V 7C2004 10 09.51119 11 18 14.86 +50 55 56.2                ol6623696
j0293K04L03V 7C2004 11 09.50123 11 08 55.07 +22 03 09.0                ol9849696
j0293K04L03V 7C2004 11 09.50359 11 08 54.99 +22 03 00.3                ol9849696
j0293K04L03V  C2004 11 18.50623 11 10 29.18 +11 35 08.4          19.4 Rcl9849671
j0293K04L03V  C2004 11 18.50750 11 10 29.20 +11 35 03.1          19.5 Rcl9849671
j0293K04L03V  C2004 11 18.51131 11 10 29.24 +11 34 46.8          19.2 Rcl9849671
j0293K04L03V 1C2005 01 31.63305 09 45 52.03 -62 20 42.2          20.5 Rrm6394413
j0293K04L03V 1C2005 01 31.63953 09 45 50.42 -62 20 49.5          20.1 Rrm6394413
j0293K04L03V  C2005 03 15.46047 07 38 10.72 -59 10 39.0          18.8 Rcm9117474
j0293K04L03V  C2005 03 15.46238 07 38 10.65 -59 10 36.5          19.1 Rcm9117474
j0293K04L03V  C2005 03 15.46782 07 38 10.42 -59 10 30.3          18.7 Rcm9117474
j0293K04L03V  C2005 03 15.47002 07 38 10.43 -59 10 28.1          18.9 Rcm9117474
j0293K04L03V  C2008 05 26.50673 18 35 28.05 -58 46 56.5          19.2 Vrz0412F85
j0293K04L03V  C2008 05 26.53041 18 35 22.53 -58 46 37.7          19.6 Vrz0412F85
j0293K04L03V  C2008 05 26.55469 18 35 16.95 -58 46 16.7          19.4 Vrz0412F85
j0293K04L03V  C2008 07 10.87362 15 49 33.02 -16 15 57.8          18.8 Vrz2433151
j0293K04L03V  C2008 07 10.87596 15 49 32.75 -16 15 48.5          19.1 Vrz2433151
j0293K04L03V  C2008 07 10.87829 15 49 32.52 -16 15 39.0          18.9 Vrz2433151
j0293K04L03V  C2008 07 17.16644 15 43 01.88 -09 16 15.6          19.1 Voz2727H55
j0293K04L03V  C2008 07 17.17001 15 43 01.73 -09 16 03.2          18.4 Voz2727H55
j0293K04L03V  C2008 07 17.17190 15 43 01.60 -09 15 56.3          18.6 Voz2727H55
j0293K04L03V  C2008 07 17.17358 15 43 01.52 -09 15 49.2          18.8 Voz2727H55
j0293K04L03V  C2008 07 26.93342 15 39 16.85 -00 32 08.9          18.7 Roz2922B15
j0293K04L03V  C2008 07 26.93562 15 39 16.80 -00 32 02.8          18.8 Roz2922B15
j0293K04L03V  C2008 07 26.93782 15 39 16.83 -00 31 57.4          18.6 Roz2922B15
j0293K04L03V  C2008 08 14.09110 15 45 47.02 +10 18 43.8          19.5 Voz4324H55
j0293K04L03V  C2008 08 14.09342 15 45 47.14 +10 18 48.2          19.6 Voz4324H55
j0293K04L03V  C2008 08 14.09573 15 45 47.28 +10 18 53.5                oz4324H55
j0293K04L03V  C2008 12 13.68753 19 04 23.26 +44 24 19.7          17.9  o~0GV3C20
j0293K04L03V  C2008 12 18.71947 20 05 41.41 +44 04 45.9          17.4  o~0GV3C20
j0293K04L03V  C2008 12 23.88565 22 10 36.16 +35 59 25.6          16.6 Rr~02P4J53
j0293K04L03V  C2008 12 23.88593 22 10 36.68 +35 59 22.5          16.2 Rr~02P4J53
j0293K04L03V  C2008 12 23.88606 22 10 36.93 +35 59 20.3          16.6 Rr~02P4J53
j0293K04L03V  C2008 12 25.76947 23 12 12.29 +27 31 27.9          16.6 Vr~02P4A17
j0293K04L03V  C2008 12 25.78361 23 12 40.03 +27 26 45.1          16.7 Vr~02P4A17
j0293K04L03V  C2008 12 25.79919 23 13 10.63 +27 21 32.1          16.5 Vr~02P4A17
j0293K04L03V  C2008 12 25.80332 23 13 18.79 +27 20 09.0          16.4 Vr~02P4A17
j0293K04L03V  C2008 12 26.40992 23 33 21.65 +23 48 32.6          16.4 Vr~02d6379
j0293K04L03V  C2008 12 26.42252 23 33 45.89 +23 43 53.5          16.3 Vr~02d6379
j0293K04L03V  C2008 12 26.44161 23 34 22.67 +23 36 51.4          16.7 Vr~02d6379
j0293K04L03V  C2008 12 26.44288 23 34 25.11 +23 36 23.1          16.6 Vr~02d6379
j0293K04L03V  C2008 12 26.45223 23 34 43.19 +23 32 55.4          16.7 Vr~02d6379
j0293K04L03V  C2008 12 26.78857 23 45 41.03 +21 26 24.9          16.5 Vo~02d6151
j0293K04L03V  C2008 12 26.78910 23 45 42.03 +21 26 12.8          16.6 Vo~02d6151
j0293K04L03V  C2008 12 26.78962 23 45 43.05 +21 26 00.8          16.5 Vo~02d6151
j0293K04L03V  C2008 12 26.79015 23 45 44.05 +21 25 48.6          16.5 Vo~02d6151
j0293K04L03V  C2008 12 26.79068 23 45 45.06 +21 25 36.5          16.6 Vo~02d6151
j0293K04L03V  C2008 12 26.79121 23 45 46.07 +21 25 24.3          16.5 Vo~02d6151
j0293K04L03V  C2008 12 26.79174 23 45 47.08 +21 25 12.0          16.4 Vo~02d6151
j0293K04L03V  C2008 12 28.39427 00 34 51.38 +10 46 11.6          16.2 Vr~02d6379
j0293K04L03V  C2008 12 28.39554 00 34 53.47 +10 45 40.6          16.2 Vr~02d6379
j0293K04L03V  C2008 12 28.39682 00 34 55.67 +10 45 10.8          16.5 Vr~02d6379
j0293K04L03V  C2008 12 28.81940 00 46 43.06 +07 56 09.2          15.5 Co~02d6639
j0293K04L03V  C2008 12 28.82035 00 46 44.63 +07 55 47.1          15.5 Co~02d6639
j0293K04L03V  C2008 12 28.82198 00 46 47.23 +07 55 08.1          15.5 Co~02d6639
j0293K04L03V  C2008 12 28.82858 00 46 57.91 +07 52 31.8          15.9 Cr~02d6639
j0293K04L03V  C2008 12 28.83089 00 47 01.66 +07 51 36.5          15.9 Cr~02d6639
j0293K04L03V  C2008 12 28.83263 00 47 04.44 +07 50 55.9          15.8 Cr~02d6639
j0293K04L03V  C2008 12 29.04071 00 52 43.67 +06 29 55.5          15.4 Rr~02d6H53
j0293K04L03V  C2008 12 29.04174 00 52 45.27 +06 29 31.6          15.5 Rr~02d6H53
j0293K04L03V  C2008 12 29.04278 00 52 46.90 +06 29 07.6          15.5 Rr~02d6H53
j0293K04L03V  C2008 12 29.04382 00 52 48.54 +06 28 43.2          15.5 Rr~02d6H53
j0293K04L03V  C2008 12 29.04486 00 52 50.16 +06 28 18.7          15.5 Rr~02d6H53
j0293K04L03V  C2008 12 29.04590 00 52 51.78 +06 27 54.7          15.5 Rr~02d6H53
j0293K04L03V  C2008 12 29.51411 01 04 57.67 +03 29 49.7          15.7 Vr~02d6379
j0293K04L03V  C2008 12 29.51666 01 05 01.45 +03 28 52.5          15.8 Vr~02d6379
j0293K04L03V  C2008 12 29.52661 01 05 16.28 +03 25 10.3          15.8 Vr~02d6379
j0293K04L03V  C2008 12 29.53324 01 05 26.08 +03 22 42.6          15.9 Vr~02d6379
j0293K04L03V  C2008 12 29.53579 01 05 29.85 +03 21 45.8          16.2 Vr~02d6379
j0293K04L03V  C2008 12 29.53934 01 05 35.12 +03 20 26.3          16.0 Vr~02d6379
j0293K04L03V  C2008 12 29.54061 01 05 37.00 +03 19 57.6          16.2 Vr~02d6379
j0293K04L03V  C2008 12 29.54189 01 05 38.93 +03 19 29.5          16.1 Vr~02d6379
j0293K04L03V  C2008 12 29.84948 01 13 16.44 +01 27 04.1          15.8 Cw~02d6160
j0293K04L03V  C2008 12 29.85089 01 13 18.40 +01 26 35.3          15.7 Cw~02d6160
j0293K04L03V  C2008 12 29.85264 01 13 20.97 +01 25 56.0          15.7 Cw~02d6160
j0293K04L03V  C2008 12 30.05330 01 18 11.06 +00 15 07.2          15.8 Rr~02d6H53
j0293K04L03V  C2008 12 30.05469 01 18 12.98 +00 14 39.0          15.6 Rr~02d6H53
j0293K04L03V  C2008 12 30.05608 01 18 14.87 +00 14 09.6          15.7 Rr~02d6H53
j0293K04L03V  C2008 12 30.05747 01 18 16.79 +00 13 40.1          15.9 Rr~02d6H53
j0293K04L03V  C2008 12 30.05885 01 18 18.74 +00 13 10.8          15.7 Rr~02d6H53
j0293K04L03V  C2008 12 30.06147 01 18 22.29 +00 12 16.6          15.7 Rr~02d6H53
j0293K04L03V  C2008 12 30.14226 01 20 13.47 -00 15 41.5          15.9 Rr~02d6H45
j0293K04L03V  C2008 12 30.14282 01 20 14.23 -00 15 52.9          16.2 Rr~02d6H45
j0293K04L03V  C2008 12 30.14366 01 20 15.38 -00 16 10.2          16.2 Rr~02d6H45
j0293K04L03V  C2008 12 30.14484 01 20 16.98 -00 16 34.3          16.1 Rr~02d6H45
j0293K04L03V  C2008 12 30.14589 01 20 18.44 -00 16 56.6          15.9 Rr~02d6H45
j0293K04L03V  C2008 12 30.14684 01 20 19.74 -00 17 16.3          16.2 Rr~02d6H45
j0293K04L03V  C2008 12 30.14731 01 20 20.38 -00 17 25.9          16.2 Rr~02d6H45
j0293K04L03V  C2008 12 30.14822 01 20 21.60 -00 17 44.3          16.0 Rr~02d6H45
j0293K04L03V  C2008 12 30.52424 01 28 54.13 -02 24 02.3          16.3 Vm~02d6379
j0293K04L03V  C2008 12 30.53072 01 29 02.60 -02 26 09.5          16.0 Vm~02d6379
j0293K04L03V  C2008 12 30.53199 01 29 04.28 -02 26 34.1          16.7 Vm~02d6379
j0293K04L03V  C2008 12 30.80067 01 34 58.03 -03 52 49.1          15.8 Rr~02d6130
j0293K04L03V  C2008 12 30.80115 01 34 58.64 -03 52 58.1          15.9 Rr~02d6130
j0293K04L03V  C2008 12 30.80161 01 34 59.24 -03 53 06.6          16.0 Rr~02d6130
j0293K04L03V  C2008 12 30.80223 01 35 00.01 -03 53 19.0          15.9 Rr~02d6130
j0293K04L03V  C2008 12 31.15045 01 42 15.04 -05 39 04.7          15.9 Vr~02d6703
j0293K04L03V  C2008 12 31.16972 01 42 37.90 -05 44 46.0          15.9 Vr~02d6703
j0293K04L03V  C2008 12 31.17927 01 42 49.21 -05 47 34.5          15.9 Vr~02d6703
j0293K04L03V  C2008 12 31.44682 01 48 10.46 -07 04 42.3          15.9 Vr~02d6379
j0293K04L03V  C2008 12 31.44809 01 48 11.87 -07 05 04.1          15.9 Vr~02d6379
j0293K04L03V  C2008 12 31.44936 01 48 13.33 -07 05 25.7          16.0 Vr~02d6379
j0293K04L03V  C2008 12 31.48390 01 48 52.53 -07 15 05.4          15.9 Vr~02d6379
j0293K04L03V  C2009 01 02.43539 02 22 05.90 -14 53 35.4          16.1 Vr~033Y379
j0293K04L03V  C2009 01 02.43725 02 22 07.45 -14 53 57.1          16.0 Vr~033Y379
j0293K04L03V  C2009 01 02.43910 02 22 09.05 -14 54 18.8          16.1 Vr~033Y379
j0293K04L03V  C2009 01 02.44347 02 22 12.78 -14 55 09.7          16.2 Vr~033Y379
j0293K04L03V  C2009 01 02.44532 02 22 14.36 -14 55 31.2          16.3 Vr~033Y379
j0293K04L03V  C2009 01 02.44718 02 22 15.96 -14 55 52.8          16.3 Vr~033Y379
j0293K04L03V  C2009 01 03.47384 02 36 23.32 -17 56 15.3          16.4 Vr~033Y379
j0293K04L03V  C2009 01 03.50248 02 36 44.59 -18 00 46.0          16.0 Vr~033Y379
j0293K04L03V  C2009 01 03.50433 02 36 45.90 -18 01 03.7          16.3 Vr~033Y379
j0293K04L03V  C2009 01 05.43581202 58 33.62 -22 15 36.1          16.3 Vr~033Y432
j0293K04L03V  C2009 01 05.46255202 58 48.85 -22 18 31.1          16.2 Vr~033Y432
j0293K04L03V  C2009 01 05.48911802 59 04.00 -22 21 24.0          16.3 Vr~033Y432
j0293K04L03V  C2009 01 06.43723403 07 55.44 -23 56 34.5                r~033Y432
j0293K04L03V  C2009 01 06.50359803 08 28.78 -24 02 36.0                r~033Y432
j0293K04L03V  C2009 01 06.52499003 08 39.50 -24 04 30.9                r~033Z432
j0293K04L03V  C2009 02 01.52412 04 42 47.23 -33 47 07.5          19.2 Vr~03FOE12
j0293K04L03V  C2009 02 01.53252 04 42 48.16 -33 47 07.7          19.0 Vr~03FOE12
j0293K04L03V  C2009 02 01.54093 04 42 49.03 -33 47 07.2          19.0 Vr~03FOE12
j0293K04L03V  C2009 02 01.54933 04 42 49.86 -33 47 07.5          19.3 Vr~03FOE12
j0293K04L03V |C2012 06 08.95049 12 53 20.44 -54 17 53.2          20.0 Vo~0hJ7807
j0293K04L03V |C2012 06 08.95738 12 53 20.74 -54 17 33.8          20.1 Vo~0hJ7807
j0293K04L03V |C2012 06 08.96425 12 53 21.11 -54 17 14.5          19.8 Vo~0hJ7807
j0293K04L03V KC2013 01 05.77886 22 27 25.95 +16 30 04.4          20.2 Rt~0oG2204
j0293K04L03V KC2013 01 05.79993 22 27 33.83 +16 30 00.5                t~0oG2204
j0293K04L03V KC2015 10 16.47263 10 01 04.30 +20 52 58.8          20.1 Ro~1Yao291
j0293K04L03V KC2015 10 16.47389 10 01 04.43 +20 52 55.9          20.2 Ro~1Yao291
j0293K04L03V KC2015 10 16.47515 10 01 04.58 +20 52 51.7          20.3 Ro~1Yao291
j0293K04L03V KC2015 11 19.53029 11 01 05.67 -08 08 38.0          20.8 Ro~1dcE291
j0293K04L03V KC2015 11 19.53170 11 01 05.82 -08 08 42.1          20.8 Ro~1dcE291
j0293K04L03V KC2015 11 19.53310 11 01 05.92 -08 08 46.1          21.0 Ro~1dcE291
j0293K04L03V  R2008 12 26.859028               +     3520252   2380 251 JPLRS251
j0293K04L03V  r2008 12 26.859028C                        0500       251 JPLRS251
j0293K04L03V  R2008 12 26.870139   6946307730                  2380 251 JPLRS251
j0293K04L03V  r2008 12 26.870139C         8000                      251 JPLRS251
j0293K04L03V  R2008 12 26.940278   6938460600                  2380 251 JPLRS251
j0293K04L03V  r2008 12 26.940278C         0500                      251 JPLRS251
j0293K04L03V  R2008 12 29.944444               -    13028015   2380 251 JPLRS251
j0293K04L03V  r2008 12 29.944444C                        0300       251 JPLRS251
j0293K04L03V  R2008 12 29.954167   7538446144                  2380 251 JPLRS251
j0293K04L03V  r2008 12 29.954167C         0500                      251 JPLRS251
