     K04M01S* C2004 06 18.40679 22 02 33.00 +10 08 37.3          16.7 Rdk9609703
     K04M01S  C2004 06 18.41420 22 02 23.02 +10 08 10.9          16.6 Rdk9609703
     K04M01S  C2004 06 18.42161 22 02 13.05 +10 07 46.9          16.6 Rdk9609703
     K04M01S  C2004 06 18.42902 22 02 03.06 +10 07 18.1          17.1 Rdk9609703
     K04M01S  C2004 06 18.44215 22 01 45.36 +10 06 30.9          16.3 Rdk9609703
     K04M01S  C2004 06 18.44623 22 01 39.89 +10 06 16.6          16.6 Rdk9609703
     K04M01S  C2004 06 18.45027 22 01 34.26 +10 05 58.9          16.4 Rdk9609703
     K04M01S  C2004 06 18.45434 22 01 29.01 +10 05 47.4          17.0 Rdk9609703
     K04M01S  C2004 06 18.96916 21 51 38.52 +09 34 57.5          18.1 Rrk9609J95
     K04M01S  C2004 06 18.97272 21 51 34.57 +09 34 47.6          17.5 Rrk9609J95
     K04M01S  C2004 06 18.97580 21 51 28.62 +09 34 52.6          16.6 Rck9609A50
     K04M01S  C2004 06 18.97619 21 51 28.22 +09 34 51.6          16.7 Rck9609A50
     K04M01S  C2004 06 18.97654 21 51 30.44 +09 34 36.0          17.4 Rrk9609J95
     K04M01S  C2004 06 18.97891 21 51 25.13 +09 34 43.0          16.7 Rck9609A50
     K04M01S  C2004 06 18.97929 21 51 24.73 +09 34 41.7          16.9 Rck9609A50
     K04M01S  C2004 06 18.97969 21 51 24.30 +09 34 40.5          16.9 Rck9609A50
     K04M01S  C2004 06 18.99505 21 51 10.20 +09 33 38.9          17.5 Rrk9609J95
     K04M01S  C2004 06 19.01891 21 50 41.93 +09 32 40.3          16.5 Rok9609461
     K04M01S  C2004 06 19.01962 21 50 41.15 +09 32 38.7                ok9609461
     K04M01S  C2004 06 19.02046 21 50 40.25 +09 32 36.0                ok9609461
     K04M01S  C2004 06 19.02115 21 50 39.47 +09 32 34.1                ok9609461
     K04M01S  C2004 06 19.02150 21 50 38.96 +09 32 32.7                ok9609461
     K04M01S  C2004 06 19.27059 21 46 31.37 +09 20 11.3          17.3 Rck9609651
     K04M01S  C2004 06 19.27197 21 46 29.99 +09 20 06.2          17.9 Rck9609651
     K04M01S  C2004 06 19.27418 21 46 27.67 +09 20 00.6          18.2 Rck9609651
     K04M01S  C2004 06 19.30072 21 46 00.24 +09 18 43.3          17.0 Rok9609H06
     K04M01S  C2004 06 19.30263 21 45 58.22 +09 18 36.8          15.5 Rok9609H06
     K04M01S  C2004 06 19.30455 21 45 56.19 +09 18 31.4          16.9 Rok9609H06
     K04M01S  C2004 06 19.36775 21 44 51.65 +09 15 27.5          18.2  ck9609704
     K04M01S  C2004 06 19.37205 21 44 49.20 +09 15 08.9          17.0 Rrk9609G70
     K04M01S  C2004 06 19.37776 21 44 41.41 +09 14 58.3          17.8  ck9609704
     K04M01S  C2004 06 19.38770 21 44 31.28 +09 14 30.1          19.3  ck9609704
     K04M01S  C2004 06 19.39274 21 44 28.19 +09 14 09.7          17.6 Rrk9609G70
     K04M01S  C2004 06 19.39933 21 44 21.49 +09 13 51.4          17.2 Rrk9609G70
     K04M01S  C2004 06 19.40428 21 44 15.16 +09 13 45.9          16.7 Rdk9609703
     K04M01S  C2004 06 19.40772 21 44 10.80 +09 13 31.7          19.1  ck9609704
     K04M01S 5C2004 06 19.40828 21 44 12.33 +09 13 26.3          17.5 Rck9609673
     K04M01S 5C2004 06 19.40943 21 44 11.14 +09 13 22.9                ck9609673
     K04M01S  C2004 06 19.41102 21 44 08.29 +09 13 26.8          17.3 Rdk9609703
     K04M01S 5C2004 06 19.41152 21 44 09.04 +09 13 16.8                ck9609673
     K04M01S 5C2004 06 19.41626 21 44 04.22 +09 13 03.1                ck9609673
     K04M01S 5C2004 06 19.41777 21 44 02.69 +09 12 58.7                ck9609673
     K04M01S 5C2004 06 19.42020 21 44 00.22 +09 12 51.9                ck9609673
     K04M01S  C2004 06 19.42450 21 43 54.56 +09 12 47.1          16.7 Rdk9609703
     K04M01S  C2004 06 20.03686 21 35 04.75 +08 43 33.6          17.8 Rrk9609J95
     K04M01S  C2004 06 20.04020 21 35 01.91 +08 43 25.5          17.7 Rrk9609J95
     K04M01S  C2004 06 20.04291 21 34 59.65 +08 43 18.9          17.2 Rrk9609J95
     K04M01S  C2004 06 20.36286 21 30 53.88 +08 30 47.1          17.9  ck9609704
     K04M01S  C2004 06 20.37241 21 30 46.27 +08 30 24.5          18.7  ck9609704
     K04M01S  C2004 06 20.38189 21 30 38.68 +08 30 02.6          18.4  ck9609704
     K04M01S  C2004 06 20.41078 21 30 15.60 +08 28 55.4          16.9 Rok9609H06
     K04M01S  C2004 06 20.41329 21 30 13.61 +08 28 49.7          17.6 Rok9609H06
     K04M01S  C2004 06 21.05383 21 23 03.49 +08 03 50.7          18.4 Rck9609J92
     K04M01S  C2004 06 21.06278 21 22 57.51 +08 03 32.3          18.0 Rck9609J92
     K04M01S  C2004 06 21.07970 21 22 46.29 +08 02 56.9          18.3 Rck9609J92
     K04M01S  C2004 06 21.08389 21 22 43.59 +08 02 48.0          18.0 Rrk9609J95
     K04M01S  C2004 06 21.08771 21 22 41.12 +08 02 40.2          17.9 Rrk9609J95
     K04M01S  C2004 06 21.32372 21 20 22.07 +07 55 10.9          18.6  ck9609704
     K04M01S  C2004 06 21.33319 21 20 16.06 +07 54 52.3          18.6  ck9609704
     K04M01S  C2004 06 21.34285 21 20 09.91 +07 54 33.9          19.0  ck9609704
     K04M01S  C2004 06 21.97083 21 14 26.04 +07 33 57.0                ck9609246
     K04M01S  C2004 06 21.97149 21 14 25.66 +07 33 56.0                ck9609246
     K04M01S  C2004 06 21.97205 21 14 25.38 +07 33 54.9                ck9609246
     K04M01S  C2004 06 21.97292 21 14 24.90 +07 33 53.5                ck9609246
     K04M01S  C2004 06 21.97373 21 14 24.52 +07 33 52.5                ck9609246
     K04M01S  C2004 06 21.97408 21 14 24.31 +07 33 51.6                ck9609246
     K04M01S  C2004 06 22.29186 21 11 48.86 +07 25 04.6          17.6 Rok9609H06
     K04M01S  C2004 06 22.29621 21 11 46.45 +07 24 58.1          18.1 Rok9609H06
     K04M01S  C2004 06 22.98932 21 06 33.83 +07 05 39.4                ck9609246
     K04M01S  C2004 06 22.98993 21 06 33.61 +07 05 38.4                ck9609246
     K04M01S  C2004 06 22.99069 21 06 33.22 +07 05 37.2                ck9609246
     K04M01S  C2004 06 22.99164 21 06 32.81 +07 05 36.4                ck9609246
     K04M01S  C2004 06 22.99230 21 06 32.48 +07 05 35.2                ck9609246
     K04M01S  C2004 06 22.99323 21 06 32.06 +07 05 33.8                ck9609246
     K04M01S  C2004 06 25.36978 20 52 57.50 +06 13 44.7                rk9609G70
     K04M01S  C2004 06 25.39738 20 52 48.68 +06 13 12.4          19.3 Rrk9609G70
     K04M01S  C2004 06 25.42398 20 52 40.23 +06 12 43.9                rk9609G70
     K04M01S  C2004 06 25.98641 20 50 11.28 +06 02 02.3                ck9990246
     K04M01S  C2004 06 25.98716 20 50 11.08 +06 02 01.5                ck9990246
     K04M01S  C2004 06 25.99167 20 50 09.77 +06 01 54.9                ck9990246
     K04M01S  C2004 06 25.99404 20 50 09.05 +06 01 54.3                ck9990246
     K04M01S  C2004 06 26.98005 20 46 13.48 +05 45 20.7          18.9 Vrk9990941
     K04M01S  C2004 06 26.98138 20 46 13.13 +05 45 19.2          18.7 Vrk9990941
     K04M01S  C2004 06 26.98183 20 46 13.04 +05 45 19.0          18.7 Vrk9990941
     K04M01S  C2004 06 26.98361 20 46 12.56 +05 45 17.7          19.0 Vrk9990941
     K04M01S  C2004 06 29.04228 20 39 19.26 +05 14 11.9          19.0 Rdk9990118
     K04M01S  C2004 06 29.04768 20 39 18.23 +05 14 07.0          18.7 Rdk9990118
     K04M01S  C2004 06 30.03723 20 36 32.49 +05 00 39.8          18.6 Rdk9990118
     K04M01S  C2004 06 30.04443 20 36 31.23 +05 00 33.4          18.2 Rdk9990118
     K04M01S  C2004 07 09.26820 20 19 20.85 +03 14 07.9          19.8 Rrl0128G70
     K04M01S  C2004 07 09.28859 20 19 18.90 +03 13 53.6          20.3 Rrl0128G70
