     K04G00A* C2004 04 07.46902 10 09 41.63 +06 39 34.9          17.3  ck4072608
     K04G00A  C2004 04 07.47977 10 09 47.82 +06 37 17.6          17.2  ck4072608
     K04G00A  C2004 04 07.49077 10 09 54.17 +06 34 57.4          17.3  ck4072608
     K04G00A  C2004 04 07.78752 10 12 56.64 +05 31 45.3          16.3 Vrk4072118
     K04G00A  C2004 04 07.78826 10 12 57.05 +05 31 36.0          16.8 Vrk4072118
     K04G00A  C2004 04 07.78902 10 12 57.51 +05 31 26.1          16.4 Vrk4072118
     K04G00A  C2004 04 07.78977 10 12 57.90 +05 31 17.2          16.2 Vrk4072118
     K04G00A  C2004 04 07.79052 10 12 58.34 +05 31 07.5          16.4 Vrk4072118
     K04G00A  C2004 04 07.81052 10 13 10.17 +05 26 59.1                rk4072143
     K04G00A  C2004 04 07.81635 10 13 13.45 +05 25 46.4                rk4072143
     K04G00A  C2004 04 07.81638 10 13 14.75 +05 25 51.3          16.0 Rrk4072J87
     K04G00A  C2004 04 07.81664 10 13 14.89 +05 25 48.1          16.4 Rrk4072J87
     K04G00A  C2004 04 07.81691 10 13 15.03 +05 25 43.9          16.3 Rrk4072J87
     K04G00A  C2004 04 07.81719 10 13 15.14 +05 25 41.3          16.3 Rrk4072J87
     K04G00A  C2004 04 07.82101 10 13 16.09 +05 24 47.3                rk4072143
     K04G00A  C2004 04 07.82247 10 13 16.87 +05 24 28.7                rk4072143
     K04G00A  C2004 04 07.83296 10 13 22.38 +05 22 13.0          16.0 Rck4072046
     K04G00A  C2004 04 07.83469 10 13 23.36 +05 21 51.0                ck4072046
     K04G00A  C2004 04 07.83718 10 13 24.79 +05 21 19.8                ck4072046
     K04G00A  C2004 04 07.84477 10 13 29.01 +05 19 44.2          15.9 Rck4072046
     K04G00A  C2004 04 07.85426 10 13 35.47 +05 17 40.9          16.6 Rrk4072J95
     K04G00A  C2004 04 07.85720 10 13 36.91 +05 17 19.2          16.6 Rrk4072620
     K04G00A  C2004 04 07.85789 10 13 37.51 +05 16 55.2          16.6 Rrk4072J95
     K04G00A  C2004 04 07.85966 10 13 38.26 +05 16 48.8          16.6 Rrk4072620
     K04G00A  C2004 04 07.86016 10 13 38.78 +05 16 26.7          16.6 Rrk4072J95
     K04G00A  C2004 04 07.86172 10 13 39.38 +05 16 23.2          16.7 Rrk4072620
     K04G00A 5C2004 04 08.13050 10 16 18.77 +04 20 21.4          16.5 Rck4072673
     K04G00A 5C2004 04 08.13225 10 16 19.73 +04 20 00.0                ck4072673
     K04G00A 5C2004 04 08.13675 10 16 22.21 +04 19 04.1                ck4072673
     K04G00A 5C2004 04 08.14068 10 16 24.34 +04 18 15.0                ck4072673
     K04G00A  C2004 04 08.28199 10 17 40.15 +03 48 49.0          16.6 Rrk4072649
     K04G00A  C2004 04 08.28868 10 17 43.91 +03 47 25.5          16.6 Rrk4072649
     K04G00A  C2004 04 08.29936 10 17 49.88 +03 45 12.8          16.6 Rrk4072649
     K04G00A  C2004 04 08.39733 10 18 53.74 +03 26 56.1          16.3 Rrk4072D85
     K04G00A  C2004 04 08.39888 10 18 54.67 +03 26 36.6          16.1 Rrk4072D85
     K04G00A  C2004 04 08.40343 10 18 57.13 +03 25 41.1          16.1 Rrk4072D85
     K04G00A 1C2004 04 08.52256710 20 00.736+03 01 07.10         16.6 Rrk4418413
     K04G00A 1C2004 04 08.52387810 20 01.450+03 00 50.84         16.5 Rrk4418413
     K04G00A 1C2004 04 08.52520110 20 02.158+03 00 34.63         16.6 Rrk4418413
     K04G00A  C2004 04 08.88111 10 23 25.31 +01 45 47.6          16.1 Rck4072A83
     K04G00A  C2004 04 08.99148 10 24 26.58 +01 23 41.8          16.6 Rrk4072J95
     K04G00A  C2004 04 08.99258 10 24 27.18 +01 23 28.4          16.4 Rrk4072J95
     K04G00A  C2004 04 08.99370 10 24 27.79 +01 23 15.0          16.6 Rrk4072J95
     K04G00A  C2004 04 09.11640 10 25 40.21 +00 58 52.9          16.6 Rrk4072H36
     K04G00A  C2004 04 09.11862 10 25 41.45 +00 58 25.2          16.6 Rrk4072H36
     K04G00A  C2004 04 09.11987 10 25 42.12 +00 58 10.4          16.6 Rrk4072H36
     K04G00A  C2004 04 09.12131 10 25 42.87 +00 57 53.4          16.5 Rrk4072H36
     K04G00A  C2004 04 09.12329 10 25 43.93 +00 57 29.3          16.6 Rrk4072H36
     K04G00A  C2004 04 09.40584 10 28 20.59 +00 03 23.7          16.6 Rrk4418474
     K04G00A  C2004 04 09.40687 10 28 21.14 +00 03 11.2          16.4 Rrk4418474
     K04G00A  C2004 04 09.40750 10 28 21.46 +00 03 03.9          16.4 Rrk4418474
     K04G00A  C2004 04 09.40985 10 28 22.70 +00 02 36.4          16.5 Rrk4418474
     K04G00A 1C2004 04 09.48036710 29 01.371-00 11 35.32         16.3 Rrk4418413
     K04G00A 1C2004 04 09.48291010 29 02.685-00 12 05.31         16.3 Rrk4418413
     K04G00A  C2004 04 09.51300 10 29 19.39 -00 19 43.3          16.5 Vrk4418379
     K04G00A  C2004 04 09.51461 10 29 20.25 -00 20 02.7          16.7 Vrk4418379
     K04G00A  C2004 04 09.51782 10 29 21.88 -00 20 40.5          16.1 Vrk4418379
     K04G00A  C2004 04 09.78576 10 31 49.92 -01 13 17.7          16.5 Vck4418A50
     K04G00A  C2004 04 09.78726 10 31 50.66 -01 13 34.2          16.5 Vck4418A50
     K04G00A  C2004 04 09.78848 10 31 51.32 -01 13 48.5          16.4 Vck4418A50
     K04G00A  C2004 04 09.79120 10 31 52.74 -01 14 18.9          16.5 Vck4418A50
     K04G00A  C2004 04 09.91079 10 32 55.58 -01 37 37.0          16.5 Vck4418A83
     K04G00A  C2004 04 09.91147 10 32 55.90 -01 37 44.8          17.0 Vck4418A83
     K04G00A  C2004 04 09.91223 10 32 56.39 -01 37 53.2          17.1 Vck4418A83
     K04G00A  C2004 04 10.11322 10 34 46.10 -02 16 04.1          17.6 Vok4418H97
     K04G00A  C2004 04 10.14281 10 35 01.19 -02 21 42.3          16.7 Vok4418H97
     K04G00A  C2004 04 10.15791 10 35 08.89 -02 24 33.9          17.5 Vok4418H97
     K04G00A  C2004 04 10.22116 10 35 43.46 -02 36 23.0          15.9 Rok4418H06
     K04G00A  C2004 04 10.22164 10 35 43.71 -02 36 28.6          16.0 Rok4418H06
     K04G00A  C2004 04 10.22212 10 35 43.96 -02 36 34.2          15.9 Rok4418H06
     K04G00A  C2004 04 10.22260 10 35 44.19 -02 36 39.6          15.8 Rok4418H06
     K04G00A  C2004 04 10.22307 10 35 44.44 -02 36 44.8          16.0 Rok4418H06
     K04G00A  C2004 04 10.22355 10 35 44.67 -02 36 50.2          15.9 Rok4418H06
     K04G00A  C2004 04 10.22402 10 35 44.92 -02 36 55.7          15.8 Rok4418H06
     K04G00A  C2004 04 10.22451 10 35 45.16 -02 37 01.0          15.8 Rok4418H06
     K04G00A  C2004 04 10.81058 10 40 58.15 -04 26 23.1          16.4  rk4418130
     K04G00A  C2004 04 10.81291 10 40 59.32 -04 26 48.8          16.5  rk4418130
     K04G00A  C2004 04 10.81601 10 41 00.88 -04 27 23.0          16.4  rk4418130
     K04G00A  C2004 04 10.82028 10 41 02.99 -04 28 09.2          16.6  rk4418130
     K04G00A  C2004 04 11.88514 10 50 05.46 -07 36 17.0          16.3 Rrk4418204
     K04G00A  C2004 04 11.88666 10 50 06.18 -07 36 32.7                rk4418204
     K04G00A  C2004 04 11.88818 10 50 06.90 -07 36 48.3                rk4418204
     K04G00A  C2004 04 11.88944 10 50 07.49 -07 37 01.1                rk4418204
     K04G00A  C2004 04 12.45344 10 54 46.55 -09 09 31.1          16.2 Vrk4418428
     K04G00A  C2004 04 12.45423 10 54 46.91 -09 09 39.1          16.2 Vrk4418428
     K04G00A  C2004 04 12.45501 10 54 47.24 -09 09 46.4          16.3 Vrk4418428
     K04G00A  C2004 04 12.45580 10 54 47.63 -09 09 54.3          16.2 Vrk4419428
     K04G00A  C2004 04 12.84420 10 57 56.60 -10 14 00.7          16.3 Rrk4419938
     K04G00A  C2004 04 12.84479 10 57 56.91 -10 14 07.2          16.3 Rrk4419938
     K04G00A  C2004 04 12.84538 10 57 57.15 -10 14 12.8          16.5 Rrk4419938
     K04G00A  C2004 04 12.88671 10 58 15.77 -10 20 46.7          16.3 Rrk4419938
     K04G00A  C2004 04 12.88730 10 58 16.06 -10 20 52.5          16.3 Rrk4419938
     K04G00A  C2004 04 12.88789 10 58 16.28 -10 20 57.5          16.4 Rrk4419938
     K04G00A  C2004 04 14.23157 11 08 35.67 -13 42 34.4          16.3 Rrk4419H41
     K04G00A  C2004 04 14.23378 11 08 36.57 -13 42 51.7          16.7 Rrk4419H41
     K04G00A  C2004 04 14.23547 11 08 37.31 -13 43 07.0          16.3 Rrk4419H41
     K04G00A  C2004 04 14.23687 11 08 37.89 -13 43 17.9          16.1 Rrk4419H41
     K04G00A  C2004 04 14.23819 11 08 38.43 -13 43 29.0          16.6 Rrk4419H41
     K04G00A  C2004 04 14.23948 11 08 39.00 -13 43 39.8          16.4 Rrk4419H41
     K04G00A  C2004 04 14.43843 11 10 09.87 -14 10 01.9          16.3 Rrk4419474
     K04G00A  C2004 04 14.44022 11 10 10.55 -14 10 15.2          16.5 Rrk4419474
     K04G00A  C2004 04 14.44282 11 10 11.62 -14 10 37.3          16.3 Rrk4419474
     K04G00A  C2004 04 14.81038 11 12 55.58 -15 02 54.9          16.5 Vok4419151
     K04G00A  C2004 04 14.82905 11 13 03.29 -15 05 27.4          16.8 Rrk4419A17
     K04G00A  C2004 04 14.83090 11 13 04.10 -15 05 41.1          16.5 Vok4419151
     K04G00A  C2004 04 14.83374 11 13 05.29 -15 06 04.4          16.5 Vok4419151
     K04G00A  C2004 04 14.86532 11 13 18.30 -15 10 20.5          16.2 Rrk4419A17
     K04G00A  C2004 04 14.86890 11 13 19.45 -15 10 48.8                ck4419246
     K04G00A  C2004 04 14.87024 11 13 20.02 -15 10 59.7                ck4419246
     K04G00A  C2004 04 14.87381 11 13 21.49 -15 11 28.7                ck4419246
     K04G00A  C2004 04 14.89167 11 13 29.12 -15 13 54.2          16.4 Rrk4419215
     K04G00A  C2004 04 14.89205 11 13 29.22 -15 13 55.5          16.4 Rrk4419215
     K04G00A  C2004 04 14.89233 11 13 29.31 -15 13 58.3          16.5 Rrk4419215
     K04G00A  C2004 04 14.89260 11 13 29.46 -15 14 00.4          16.3 Rrk4419215
     K04G00A  C2004 04 14.89288 11 13 29.54 -15 14 02.3          16.2 Rrk4419215
     K04G00A  C2004 04 14.91772 11 13 40.58 -15 17 24.4          16.9 Rrk5190J95
     K04G00A  C2004 04 14.92300 11 13 42.75 -15 18 07.1          16.9 Rrk5190J95
     K04G00A  C2004 04 14.92810 11 13 44.89 -15 18 47.9          16.8 Rrk5190J95
     K04G00A  C2004 04 15.20721 11 15 44.60 -15 55 28.7          16.6 Rrk4419H41
     K04G00A  C2004 04 15.20896 11 15 45.32 -15 55 42.6          17.0 Rrk4419H41
     K04G00A  C2004 04 15.21050 11 15 45.93 -15 55 54.5          16.6 Rrk4419H41
     K04G00A  C2004 04 15.21213 11 15 46.58 -15 56 07.0          16.6 Rrk4419H41
     K04G00A  C2004 04 15.21341 11 15 47.12 -15 56 17.1          17.1 Rrk4419H41
     K04G00A  C2004 04 16.09472 11 22 00.00 -17 46 47.9          16.4  dk5190H72
     K04G00A  C2004 04 16.09560 11 22 00.35 -17 46 53.8          17.8  dk5190H72
     K04G00A  C2004 04 16.09649 11 22 00.65 -17 47 01.0          16.5  dk5190H72
     K04G00A  C2004 04 16.09737 11 22 01.00 -17 47 06.6          16.9  dk5190H72
     K04G00A  C2004 04 16.15294 11 22 23.11 -17 53 55.7          16.6 Rrk4419H41
     K04G00A  C2004 04 16.15440 11 22 23.60 -17 54 06.5          16.6 Rrk4419H41
     K04G00A  C2004 04 16.15637 11 22 24.41 -17 54 20.8          16.5 Rrk4419H41
     K04G00A  C2004 04 16.15767 11 22 24.88 -17 54 29.9          16.6 Rrk4419H41
     K04G00A  C2004 04 16.15894 11 22 25.38 -17 54 38.7          16.6 Rrk4419H41
     K04G00A  C2004 04 17.06010 11 28 28.54 -19 38 28.7          16.5 Vok5190H97
     K04G00A  C2004 04 17.08429 11 28 37.45 -19 41 10.2          17.1 Vok5190H97
     K04G00A  C2004 04 17.16778 11 29 08.20 -19 50 17.5          16.7 Vok5190H97
     K04G00A  C2004 04 17.19130 11 29 19.08 -19 52 48.3          16.8  ck5190704
     K04G00A  C2004 04 17.20212 11 29 23.04 -19 53 58.9          17.5  ck5190704
     K04G00A  C2004 04 17.21287 11 29 26.91 -19 55 08.3          17.4  ck5190704
     K04G00A  C2004 04 17.22355 11 29 30.81 -19 56 17.7          17.1  ck5190704
     K04G00A  C2004 04 17.23423 11 29 34.70 -19 57 27.0          17.4  ck5190704
     K04G00A  C2004 04 17.52177 11 31 26.19 -20 27 06.5          18.3 Rrk5190E12
     K04G00A  C2004 04 17.52618 11 31 27.76 -20 27 34.8          18.3 Rrk5190E12
     K04G00A  C2004 04 17.53057 11 31 29.32 -20 28 02.3          18.1 Rrk5190E12
     K04G00A  C2004 04 17.53506 11 31 30.96 -20 28 30.9          18.4 Rrk5190E12
     K04G00A  C2004 04 17.58662 11 31 49.51 -20 33 53.4          16.4 Rrk5190E12
     K04G00A  C2004 04 17.59577 11 31 52.82 -20 34 50.8          16.4 Rrk5190E12
     K04G00A  C2004 04 17.60493 11 31 56.07 -20 35 47.6          16.4 Rrk5190E12
     K04G00A  C2004 04 17.61411 11 31 59.46 -20 36 44.9          16.4 Rrk5190E12
     K04G00A  C2004 04 18.12126 11 35 14.90 -21 29 52.3          17.1  dk5190H72
     K04G00A  C2004 04 18.12232 11 35 15.24 -21 29 59.2          16.7  dk5190H72
     K04G00A  C2004 04 18.12340 11 35 15.65 -21 30 05.9          16.9  dk5190H72
     K04G00A  C2004 04 18.12446 11 35 16.02 -21 30 12.2          16.9  dk5190H72
     K04G00A  C2004 04 18.15963 11 35 28.95 -21 33 48.9          16.7 Rrk5190H41
     K04G00A  C2004 04 18.16110 11 35 29.55 -21 33 57.7          17.0 Rrk5190H41
     K04G00A  C2004 04 18.16317 11 35 30.23 -21 34 09.9          16.7 Rrk5190H41
     K04G00A  C2004 04 18.16495 11 35 30.84 -21 34 20.6          17.0 Rrk5190H41
     K04G00A  C2004 04 18.16697 11 35 31.55 -21 34 32.9          16.9 Rrk5190H41
     K04G00A  C2004 04 20.84310 11 51 11.68 -25 29 45.6                ck5190587
     K04G00A  C2004 04 20.84420 11 51 11.92 -25 29 50.8                ck5190587
     K04G00A  C2004 04 20.84531 11 51 12.27 -25 29 55.6                ck5190587
     K04G00A  C2004 04 21.39854 11 54 13.64 -26 10 15.6          17.0 Rrk5190E14
     K04G00A  C2004 04 21.40044 11 54 14.22 -26 10 23.8          17.1 Rrk5190E14
     K04G00A  C2004 04 21.40234 11 54 14.81 -26 10 32.2          16.9 Rrk5190E14
     K04G00A  C2004 04 22.44579 11 59 41.02 -27 23 12.9          17.2 Vrk5190428
     K04G00A  C2004 04 22.44748 11 59 41.50 -27 23 20.1          17.1 Vrk5190428
     K04G00A  C2004 04 22.44914 11 59 41.97 -27 23 26.2          17.3 Vrk5190428
     K04G00A  C2004 04 22.49166 11 59 54.25 -27 26 08.3          17.4 Rrk5190E14
     K04G00A  C2004 04 22.49355 11 59 54.79 -27 26 15.4          17.1 Rrk5190E14
     K04G00A  C2004 04 22.49545 11 59 55.32 -27 26 23.0          17.5 Rrk5190E14
     K04G00A  C2004 04 24.52706 12 09 48.39 -29 27 36.9          15.4 Rrk6298E12
     K04G00A  C2004 04 24.53730 12 09 51.06 -29 28 08.2          16.7 Rrk6298E12
     K04G00A  C2004 04 24.54752 12 09 53.66 -29 28 42.1          17.1 Rrk6298E12
     K04G00A  C2004 04 24.55780 12 09 56.36 -29 29 13.6          17.0 Rrk6298E12
     K04G00A  C2004 04 25.21243 12 12 57.52 -30 04 12.2          17.7  ck6298704
     K04G00A  C2004 04 25.22308 12 13 00.16 -30 04 44.1          18.4  ck6298704
     K04G00A  C2004 04 25.23377 12 13 02.88 -30 05 16.3          18.2  ck6298704
     K04G00A  C2004 04 25.43985 12 14 00.14 -30 14 40.9          17.3 Rrk6298E14
     K04G00A  C2004 04 25.44176 12 14 00.62 -30 14 46.8          17.3 Rrk6298E14
     K04G00A  C2004 04 25.44366 12 14 01.07 -30 14 52.3          17.4 Rrk6298E14
     K04G00A  C2004 04 30.50456 12 34 25.73 -33 32 24.2          18.1 Vrk6298428
     K04G00A  C2004 04 30.50793 12 34 26.40 -33 32 29.9          17.9 Vrk6298428
     K04G00A  C2004 04 30.51126 12 34 27.12 -33 32 36.5          17.7 Vrk6298428
     K04G00A  C2004 05 09.45594 13 02 26.82 -36 30 18.3          18.6 Rrk6790E14
     K04G00A  C2004 05 09.45958 13 02 27.39 -36 30 20.2          18.9 Rrk6790E14
     K04G00A  C2004 05 09.46324 13 02 27.91 -36 30 22.9          18.8 Rrk6790E14
     K04G00A 1C2004 06 05.61095 13 59 42.68 -37 26 37.0          20.3 Rrk8695413
     K04G00A 1C2004 06 05.63314 13 59 44.98 -37 26 32.3          20.3 Rrk8695413
     K04G00A 1C2004 06 17.49351 14 20 35.57 -36 50 58.2          21.2 Rrk9043413
