     K04B41G* C2004 01 22.16523 04 27 38.90 +24 54 39.1          19.7  cj7134704
     K04B41G  C2004 01 22.19124 04 28 24.13 +24 54 17.5          20.3  cj7134704
     K04B41G  C2004 01 22.20397 04 28 46.35 +24 54 05.3          20.4  cj7134704
     K04B41G  C2004 01 22.21679 04 29 08.69 +24 53 53.7          20.5  cj7134704
     K04B41G 5C2004 01 23.16042 04 57 45.85 +24 31 23.9          19.0 Rcj7134673
     K04B41G 5C2004 01 23.16782 04 57 58.79 +24 31 07.9                cj7134673
     K04B41G 5C2004 01 23.17396 04 58 09.50 +24 30 55.4                cj7134673
     K04B41G 5C2004 01 23.18090 04 58 21.59 +24 30 41.8                cj7134673
     K04B41G 5C2004 01 23.18831 04 58 34.45 +24 30 26.4                cj7134673
     K04B41G 5C2004 01 23.19734 04 58 50.17 +24 30 07.4                cj7134673
     K04B41G  C2004 01 23.20336 04 58 56.50 +24 29 34.8          19.6 Rrj7134649
     K04B41G  C2004 01 23.20502 04 58 59.41 +24 29 30.1          19.9 Rrj7134649
     K04B41G  C2004 01 23.20667 04 59 02.35 +24 29 28.7          21.0 Rrj7134649
     K04B41G  C2004 01 23.20835 04 59 05.20 +24 29 23.6          19.7 Rrj7134649
     K04B41G  C2004 01 23.21001 04 59 08.12 +24 29 19.3          19.6 Rrj7134649
     K04B41G  C2004 01 23.21167 04 59 11.01 +24 29 16.3          19.5 Rrj7134649
     K04B41G  C2004 01 23.21332 04 59 13.95 +24 29 12.0          19.4 Rrj7134649
     K04B41G  C2004 01 23.73630 05 15 02.18 +24 07 06.9                cj7134246
     K04B41G  C2004 01 23.73770 05 15 04.75 +24 07 02.6          18.8 Rcj7134246
     K04B41G  C2004 01 23.73812 05 15 05.25 +24 07 01.9                cj7134246
     K04B41G  C2004 01 23.73897 05 15 06.87 +24 06 59.3                cj7134246
     K04B41G  C2004 01 24.78964 05 45 29.28 +23 07 41.0          19.9 Rrj7906J95
     K04B41G  C2004 01 24.80455 05 45 53.79 +23 06 45.2          20.3 Rrj7906J95
     K04B41G  C2004 01 24.91621 05 48 55.24 +22 59 30.7          20.4 Rrj7906J95
     K04B41G  C2004 01 28.14768 07 06 15.72 +18 42 04.8          19.8 Rrj7906448
     K04B41G  C2004 01 28.15796 07 06 27.44 +18 41 14.6          19.8 Rrj7906448
     K04B41G  C2004 01 28.17139 07 06 42.71 +18 40 08.4          19.2 Rrj7906448
     K04B41G  C2004 02 14.26320 09 26 07.53 +06 03 44.0          21.2 Rrj8850715
     K04B41G  C2004 02 14.27247 09 26 09.03 +06 03 34.3          21.4 Rrj8850715
     K04B41G  C2004 02 14.28176 09 26 10.42 +06 03 26.1          20.6 Rrj8850715
     K08A31A* C2008 01 12.40998 11 52 25.32 +23 15 41.7          17.9 Vrx4404703
     K08A31A  C2008 01 12.41593 11 52 21.97 +23 13 27.8          18.0 Vrx4404703
     K08A31A  C2008 01 12.42192 11 52 18.62 +23 11 12.9          17.8 Vrx4404703
     K08A31A  C2008 01 12.42788 11 52 15.27 +23 08 59.0          18.0 Vrx4404703
     K08A31A  C2008 01 12.45559 11 51 59.68 +22 58 37.6          17.7 Vrx4404703
     K08A31A  C2008 01 12.45599 11 51 59.47 +22 58 29.1          17.9 Vrx4404703
     K08A31A  C2008 01 12.45641 11 51 59.18 +22 58 19.7          17.6 Vrx4404703
     K08A31A  C2008 01 12.45683 11 51 58.96 +22 58 10.1          17.8 Vrx4404703
     K08A31A  C2008 01 12.51214 11 51 28.00 +22 37 36.5          18.3 Vrx4404703
     K08A31A  C2008 01 12.51256 11 51 27.75 +22 37 27.8          17.9 Vrx4404703
     K08A31A  C2008 01 12.51297 11 51 27.54 +22 37 18.4          18.2 Vrx4404703
     K08A31A  C2008 01 12.51340 11 51 27.28 +22 37 08.6          17.9 Vrx4404703
     K08A31A  C2008 01 12.57374 11 51 09.67 +22 19 59.2          18.4 Vrx4404F84
     K08A31A  C2008 01 12.58893 11 51 01.25 +22 14 32.4          18.6 Vrx4404F84
     K08A31A  C2008 01 12.94840 11 49 00.38 +20 05 10.8          18.6 Vox4404A74
     K08A31A  C2008 01 12.95472 11 48 57.96 +20 03 13.1          18.2 Vox4404A74
     K08A31A  C2008 01 12.96129 11 48 55.49 +20 01 10.9          18.6 Vox4404A74
     K08A31A  C2008 01 12.96721 11 48 53.20 +19 59 20.2          18.7 Vox4404A74
     K08A31A  C2008 01 12.97356 11 48 50.77 +19 57 23.1          18.3 Vox4404A74
     K08A31A  C2008 01 12.98052 11 48 48.06 +19 55 13.5          18.6 Vox4404A74
     K08A31A  C2008 01 12.98496 11 48 46.34 +19 53 50.5          18.1 Vox4404A74
     K08A31A  C2008 01 13.05435 11 48 18.44 +19 32 39.4          18.0 Vrx4404A17
     K08A31A  C2008 01 13.05818 11 48 16.84 +19 31 29.4          18.0 Vrx4404A17
     K08A31A  C2008 01 13.06191 11 48 15.29 +19 30 21.6          17.9 Vrx4404A17
     K08A31A  C2008 01 13.38784 11 46 34.98 +17 56 25.2          18.0 Rcx4404854
     K08A31A  C2008 01 13.39063 11 46 33.89 +17 55 37.8          18.1 Rcx4404854
     K08A31A  C2008 01 13.39341 11 46 32.75 +17 54 54.0          18.1 Rcx4404854
     K08A31A  C2008 01 14.01351 11 43 44.90 +15 16 31.6          18.5 Vox4404A44
     K08A31A  C2008 01 14.01666 11 43 43.94 +15 15 48.9          19.2 Vox4404A44
     K08A31A  C2008 01 14.01960 11 43 42.97 +15 15 08.6          18.8 Vox4404A44
     K08A31A  C2008 01 14.02611 11 43 41.03 +15 13 38.9          19.3 Vox4404A44
     K08A31A  C2008 01 14.02925 11 43 40.09 +15 12 57.0          18.3 Vox4404A44
     K08A31A  C2008 01 14.20850 11 42 42.44 +14 32 55.6          18.5 Rox4404461
     K08A31A  C2008 01 14.21026 11 42 41.92 +14 32 32.0                ox4404461
     K08A31A  C2008 01 14.21206 11 42 41.38 +14 32 08.3                ox4404461
     K08A31A  C2008 01 14.21437 11 42 40.72 +14 31 37.6                ox4404461
     K08A31A  C2008 01 15.32777811 39 14.07 +11 02 52.5          19.1 Vox4404H55
     K08A31A  C2008 01 15.32968911 39 13.62 +11 02 34.2          19.2 Vox4404H55
     K08A31A  C2008 01 15.33140611 39 13.21 +11 02 17.7          19.3 Vox4404H55
     K08A31A  C2008 01 15.33350711 39 12.69 +11 01 57.7          19.3 Vox4404H55
     K04B41G  C2008 01 16.36407811 36 32.02 +08 34 31.9          19.6 Vox5323H55
     K04B41G  C2008 01 16.36861411 36 31.09 +08 33 57.3          19.7 Vox5323H55
     K04B41G  C2008 01 16.37303111 36 30.18 +08 33 24.3          19.6 Vox5323H55
     K08A31A  C2008 01 18.39770 11 32 38.14 +05 06 29.1          19.9 Rrx5084448
     K08A31A  C2008 01 18.40947 11 32 36.31 +05 05 31.1          19.5 Rrx5084448
     K08A31A  C2008 01 18.41812 11 32 35.62 +05 04 48.9          19.9 Vrx4404703
     K08A31A  C2008 01 18.42325 11 32 34.05 +05 04 23.0          19.0 Rrx5084448
     K08A31A  C2008 01 18.42471 11 32 34.51 +05 04 16.8          19.3 Vrx4404703
     K08A31A  C2008 01 18.43127 11 32 33.43 +05 03 42.9          19.7 Vrx4404703
     K08A31A  C2008 01 18.43785 11 32 32.38 +05 03 11.0          19.0 Vrx4404703
     K04B41G 5C2008 01 18.44138 11 32 33.02 +05 02 48.5          19.5 Rox5047673
     K04B41G 5C2008 01 18.44397 11 32 32.62 +05 02 35.4                ox5047673
     K04B41G KC2011 12 10.87733 21 33 46.41 +73 42 06.9                t~0bWC204
     K04B41G KC2011 12 10.89447 21 32 30.69 +73 46 08.4          19.3 Rt~0bWC204
     K04B41G KC2011 12 11.05888 21 19 53.03 +74 28 09.0          19.9 Vo~0bPuH21
     K04B41G KC2011 12 11.06329 21 19 30.69 +74 29 07.9          20.1 Vo~0bPuH21
     K04B41G KC2011 12 11.07105 21 18 51.37 +74 30 51.6          20.1 Vo~0bPuH21
     K04B41G KC2015 11 02.25491002 52 11.81 +36 50 12.5          22.2 Vu~1bPRH21
     K04B41G KC2015 11 02.27032602 52 14.35 +36 50 55.7          22.1 Vu~1bPRH21
     K04B41G KC2015 11 02.28054002 52 16.10 +36 51 24.0          22.1 Vu~1bPRH21
