     K04Q14F* C2004 08 25.23959 21 38 12.38 +26 56 05.3          18.7  cl2263704
     K04Q14F  C2004 08 25.24946 21 38 19.36 +26 55 17.8          18.5  cl2263704
     K04Q14F  C2004 08 25.25934 21 38 26.12 +26 54 31.3          18.8  cl2263704
     K04Q14F  C2004 08 25.26921 21 38 32.81 +26 53 45.6          18.7  cl2263704
     K04Q14F  C2004 08 25.28029 21 38 40.60 +26 52 50.4          18.2  cl2263704
     K04Q14F  C2004 08 25.29023 21 38 47.33 +26 52 05.0          19.7  cl2263704
     K04Q14F  C2004 08 25.30017 21 38 54.30 +26 51 15.9          18.6  cl2263704
     K04Q14F  C2004 08 25.31011 21 39 01.17 +26 50 27.9          18.6  cl2263704
     K04Q14F  C2004 08 25.32005 21 39 08.01 +26 49 39.7          18.4  cl2263704
     K04Q14F  C2004 08 25.90768 21 46 08.74 +26 03 41.5          18.2 Rrl2263J95
     K04Q14F  C2004 08 25.91010 21 46 10.28 +26 03 30.9          18.1 Rrl2263J95
     K04Q14F  C2004 08 25.91236 21 46 11.73 +26 03 20.6          18.2 Rrl2263J95
     K04Q14F  C2004 08 25.95698 21 46 39.94 +26 00 03.5          19.2 Rcl2263951
     K04Q14F  C2004 08 25.95837 21 46 40.87 +25 59 57.5          18.9 Rcl2263951
     K04Q14F  C2004 08 25.95977 21 46 41.77 +25 59 48.8          19.3 Rcl2263951
     K04Q14F  C2004 08 25.96116 21 46 42.55 +25 59 44.2          21.6 Rcl2263951
     K04Q14F  C2004 08 25.96255 21 46 43.47 +25 59 37.3          19.8 Rcl2263951
     K04Q14F  C2004 08 26.28675 21 50 13.09 +25 36 20.9          18.8  cl2263704
     K04Q14F  C2004 08 26.29711 21 50 19.09 +25 35 35.5          18.8  cl2263704
     K04Q14F  C2004 08 26.30737 21 50 25.06 +25 34 50.1          18.8  cl2263704
     K04Q14F  C2004 08 26.30746 21 50 25.16 +25 34 49.6          18.4  cl2263704
     K04Q14F  C2004 08 26.31778 21 50 30.97 +25 34 04.4          18.9  cl2263704
     K04Q14F  C2004 08 26.31788 21 50 31.18 +25 34 03.6          18.3  cl2263704
     K04Q14F  C2004 08 26.32820 21 50 37.08 +25 33 17.6          18.5  cl2263704
     K04Q14F  C2004 08 26.32829 21 50 37.31 +25 33 17.0          18.4  cl2263704
     K04Q14F  C2004 08 27.84615 22 04 56.21 +23 49 24.1          18.0 Rrl2263185
     K04Q14F  C2004 08 27.84931 22 04 57.65 +23 49 12.9          17.9 Rrl2263185
     K04Q14F  C2004 08 27.85747 22 05 01.46 +23 48 42.4          17.8 Rrl2263185
     K04Q14F  C2004 08 27.86178 22 05 03.52 +23 48 26.5          17.7 Rrl2263185
     K04Q14F  C2004 08 27.86449 22 05 04.78 +23 48 17.1          17.9 Rrl2263185
     K04Q14F  C2004 08 27.86918 22 05 07.00 +23 47 59.8          17.8 Rrl2263185
     K04Q14F  C2004 08 28.00174 22 06 08.73 +23 39 35.7          18.0 Rrl2263J95
     K04Q14F  C2004 08 28.00846 22 06 11.77 +23 39 10.4          18.5 Rrl2263J95
     K04Q14F  C2004 08 28.01347 22 06 14.03 +23 38 50.5          18.3 Rrl2263J95
     K04Q14F   2004 09 01.45149 22 33 20.12 +19 47 49.9                cl3008F65
     K04Q14F   2004 09 01.45253 22 33 20.36 +19 47 47.2                cl3008F65
     K04Q14F   2004 09 01.45358 22 33 20.62 +19 47 44.3                cl3008F65
     K04Q14F  C2004 09 01.84329 22 35 08.48 +19 30 15.4          18.4 Rrl2788A17
     K04Q14F  C2004 09 01.88757 22 35 19.11 +19 28 26.9          18.4 Rrl2788A17
     K04Q14F  C2004 09 01.89833 22 35 21.74 +19 28 02.5          19.0 Vol2788151
     K04Q14F  C2004 09 01.90065 22 35 22.28 +19 27 58.1          19.1 Vol2788151
     K04Q14F  C2004 09 01.90078 22 35 22.30 +19 27 56.9          19.1 Vol2788151
     K04Q14F  C2004 09 01.90149 22 35 22.48 +19 27 55.8          19.1 Vol2788151
     K04Q14F  C2004 09 01.91571 22 35 25.74 +19 27 17.5          18.4 Rrl2788A17
     K04Q14F  C2004 09 02.85463 22 39 17.07 +18 49 11.1          18.7 Rcl2788113
     K04Q14F  C2004 09 02.85550 22 39 17.25 +18 49 09.0          18.8 Rcl2788113
     K04Q14F  C2004 09 02.85637 22 39 17.45 +18 49 06.9          18.7 Rcl2788113
     K04Q14F  C2004 09 02.92186 22 39 31.21 +18 46 38.4                cl2788246
     K04Q14F  C2004 09 02.92249 22 39 31.33 +18 46 37.6                cl2788246
     K04Q14F  C2004 09 02.92358 22 39 31.53 +18 46 34.6                cl2788246
     K04Q14F  C2004 09 02.92481 22 39 31.83 +18 46 30.8                cl2788246
     K04Q14F  C2004 09 02.92641 22 39 32.11 +18 46 27.9                cl2788246
     K04Q14F  C2004 09 02.92817 22 39 32.47 +18 46 24.3                cl2788246
     K04Q14F  C2004 09 02.92995 22 39 32.83 +18 46 20.1                cl2788246
     K04Q14F  C2004 09 04.85743 22 46 16.39 +17 35 54.6          19.5 Vol2788151
     K04Q14F  C2004 09 04.86012 22 46 16.85 +17 35 49.5          19.5 Vol2788151
     K04Q14F  C2004 09 04.86173 22 46 17.12 +17 35 46.6          19.5 Vol2788151
     K04Q14F  C2004 09 04.86200 22 46 17.17 +17 35 46.3          19.4 Vol2788151
     K04Q14F  C2004 09 05.93323 22 49 26.26 +17 00 20.6                cl2788246
     K04Q14F  C2004 09 05.93483 22 49 26.52 +17 00 17.0                cl2788246
     K04Q14F  C2004 09 05.93574 22 49 26.65 +17 00 15.3                cl2788246
     K04Q14F  C2004 09 05.93873 22 49 27.11 +17 00 09.6                cl2788246
     K04Q14F  C2004 09 05.93942 22 49 27.24 +17 00 08.2                cl2788246
     K04Q14F  C2004 09 05.94116 22 49 27.47 +17 00 05.1                cl2788246
     K04Q14F  C2004 09 05.94192 22 49 27.65 +17 00 03.2                cl2788246
     K04Q14F  C2004 09 10.31618 22 59 34.84 +14 56 01.5          19.7 Rrl2788734
     K04Q14F  C2004 09 10.32043 22 59 35.10 +14 55 57.1          20.1 Rrl2788734
     K04Q14F  C2004 09 10.32466 22 59 35.34 +14 55 51.6          20.4 Rrl2788734
     K04Q14F  C2004 09 10.32890 22 59 35.94 +14 55 43.9          19.7 Rrl2788734
     K04Q14F  C2004 09 10.33315 22 59 36.07 +14 55 39.7          19.7 Rrl2788734
     K04Q14F  C2004 09 10.34587 22 59 37.55 +14 55 17.1          19.4 Rrl2788734
     K04Q14F  C2004 09 11.23202 23 01 18.14 +14 33 31.2          19.9  cl3008704
     K04Q14F  C2004 09 11.24939 23 01 19.61 +14 33 07.2          19.1 Rrl3008448
     K04Q14F  C2004 09 11.25557 23 01 20.21 +14 32 57.6          20.8  cl3008704
     K04Q14F  C2004 09 11.25871 23 01 20.40 +14 32 53.8          19.5 Rrl3008448
     K04Q14F  C2004 09 11.26746 23 01 21.22 +14 32 39.8          20.6  cl3008704
     K04Q14F  C2004 09 11.26801 23 01 21.18 +14 32 40.4          19.8 Rrl3008448
     K04Q14F  C2004 09 11.27977 23 01 22.26 +14 32 22.4          20.3  cl3008704
     K04Q14F  C2004 09 17.88109 23 10 45.17 +12 14 01.3                cl4410246
     K04Q14F  C2004 09 17.88199 23 10 45.25 +12 14 00.3                cl4410246
     K04Q14F  C2004 09 17.88275 23 10 45.33 +12 13 59.1                cl4410246
     K04Q14F  C2004 09 17.88372 23 10 45.33 +12 13 58.6                cl4410246
     K04Q14F  C2004 09 17.88450 23 10 45.39 +12 13 57.0                cl4410246
     K04Q14F  C2004 10 05.21630 23 25 55.89 +08 23 31.4          21.8 Vdl5768291
     K04Q14F  C2004 10 05.22011 23 25 56.04 +08 23 29.2          22.1 Vdl5768291
     K04Q14F  C2004 10 05.22412 23 25 56.21 +08 23 26.9          21.8 Vdl5768291
