     K04H01Q* C2004 04 19.13904 07 42 21.23 +26 13 48.4          19.8  ck5267704
     K04H01Q  C2004 04 19.15029 07 42 39.99 +26 11 48.1          20.4  ck5267704
     K04H01Q  C2004 04 19.16270 07 43 00.58 +26 09 32.6          20.3  ck5267704
     K04H01Q  C2004 04 19.18504 07 43 37.92 +26 05 30.8          19.8  ck5267704
     K04H01Q  C2004 04 19.86908 08 03 10.09 +23 58 42.3          20.0 Rrk5267J95
     K04H01Q  C2004 04 19.89145 08 03 46.88 +23 54 18.5                rk5267J95
     K04H01Q  C2004 04 19.89763 08 03 57.08 +23 53 05.8          19.2 Rrk5267J95
     K04H01Q  C2004 04 20.13316 08 10 34.19 +23 08 17.1          19.7  ck5267704
     K04H01Q  C2004 04 20.14390 08 10 51.29 +23 06 07.2          20.0  ck5267704
     K04H01Q  C2004 04 20.14395 08 10 51.35 +23 06 06.5          19.9  ck5268704
     K04H01Q  C2004 04 20.14408 08 10 51.65 +23 06 04.0          19.8  ck5268704
     K04H01Q  C2004 04 20.15471 08 11 08.75 +23 03 55.8          20.1  ck5268704
     K04H01Q  C2004 04 20.15489 08 11 09.00 +23 03 54.7          20.3  ck5268704
     K04H01Q  C2004 04 20.15530 08 11 09.63 +23 03 49.6          20.2  ck5268704
     K04H01Q  C2004 04 20.16604 08 11 26.96 +23 01 37.8          19.8  ck5268704
     K04H01Q  C2004 04 20.16658 08 11 27.72 +23 01 31.3          20.2  ck5268704
     K04H01Q  C2004 04 20.17742 08 11 45.21 +22 59 18.7          19.9  ck5268704
     K04H01Q  C2004 04 20.17760 08 11 45.54 +22 59 17.1          20.0  ck5268704
     K04H01Q  C2004 04 20.17782 08 11 45.82 +22 59 14.1          20.1  ck5268704
     K04H01Q  C2004 04 21.94668 08 58 25.34 +16 47 09.7          19.1 Rrk5268J95
     K04H01Q  C2004 04 21.95329 08 58 34.91 +16 45 42.4          19.2 Rrk5268J95
     K04H01Q  C2004 04 22.82732 09 19 22.24 +13 38 36.6                ck5268246
     K04H01Q  C2004 04 22.82775 09 19 22.83 +13 38 30.9                ck5268246
     K04H01Q  C2004 04 22.83128 09 19 27.33 +13 37 46.3                ck5268246
     K04H01Q  C2004 04 22.83189 09 19 28.26 +13 37 37.7                ck5268246
     K04H01Q  C2004 04 22.86210 09 20 10.31 +13 31 05.8          19.8 Rrk5268J95
     K04H01Q  C2004 04 22.86643 09 20 15.94 +13 30 10.0          19.0 Rrk5268J95
     K04H01Q  C2004 04 22.87051 09 20 21.27 +13 29 18.6          19.1 Rrk5268J95
     K04H01Q  C2004 04 23.95962 09 43 36.51 +09 44 18.8          18.5 Rrk6319J95
     K04H01Q  C2004 04 23.96321 09 43 40.71 +09 43 36.4          19.2 Rrk6319J95
     K04H01Q  C2004 04 23.96669 09 43 44.79 +09 42 53.4          18.9 Rrk6319J95
     K04H01Q  C2004 04 24.91965 10 01 57.11 +06 40 10.8          18.3 Rrk6319176
     K04H01Q  C2004 04 24.92056 10 01 58.07 +06 40 00.8          18.4 Rrk6319176
     K04H01Q  C2004 04 24.92147 10 01 59.04 +06 39 50.8          18.5 Rrk6319176
     K04H01Q  C2004 04 24.92237 10 01 59.99 +06 39 40.8          18.3 Rrk6319176
     K04H01Q  C2004 04 24.92350 10 02 01.19 +06 39 28.4          18.4 Rrk6319176
     K04H01Q  C2004 04 25.38984 10 10 20.16 +05 19 00.5          18.5 Rrk6319E14
     K04H01Q  C2004 04 25.39731 10 10 27.31 +05 17 41.1          18.7 Rrk6319E14
     K04H01Q  C2004 04 25.41888 10 10 48.16 +05 13 51.2          18.8 Rrk6319E14
     K04H01Q  C2004 04 25.83104 10 17 38.08 +03 59 07.3          18.4 Rck6319587
     K04H01Q  C2004 04 25.83285 10 17 39.64 +03 58 49.3                ck6319587
     K04H01Q  C2004 04 25.83465 10 17 41.22 +03 58 32.7                ck6319587
     K04H01Q  C2004 04 27.16067 10 37 32.42 +00 31 38.4          18.4 Rrk6320649
     K04H01Q  C2004 04 27.16178 10 37 33.29 +00 31 28.8          18.6 Rrk6320649
     K04H01Q  C2004 04 27.16289 10 37 34.16 +00 31 19.7          18.5 Rrk6320649
     K04H01Q  C2004 04 27.16400 10 37 35.01 +00 31 09.7          18.2 Rrk6320649
     K04H01Q 2C2004 04 28.30648810 52 23.377-02 02 00.71         18.4 Rok6320568
     K04H01Q 2C2004 04 28.30715510 52 23.821-02 02 05.76         18.5 Rok6320568
     K04H01Q 2C2004 04 28.30789110 52 24.309-02 02 11.15         18.5 Rok6320568
     K04H01Q 2C2004 04 28.31063410 52 26.148-02 02 31.90         18.4 Rok6320568
     K04H01Q 3C2004 04 28.87672 10 59 06.48 -03 11 20.6          18.0 Rck6320950
     K04H01Q 3C2004 04 28.87729 10 59 06.83 -03 11 24.7                ck6320950
     K04H01Q 3C2004 04 28.87786 10 59 07.19 -03 11 28.7                ck6320950
     K04H01Q 3C2004 04 28.87843 10 59 07.56 -03 11 32.8          18.5 Rck6320950
     K04H01Q 3C2004 04 28.87900 10 59 07.93 -03 11 36.6                ck6320950
     K04H01Q 3C2004 04 28.87957 10 59 08.27 -03 11 40.7                ck6320950
     K04H01Q 1C2004 05 02.52178 11 33 03.29 -08 50 24.0          18.8 Rrk6810413
     K04H01Q 1C2004 05 02.52593 11 33 05.06 -08 50 42.2          19.5 Rrk6810413
     K04H01Q  C2004 05 07.18711 12 02 12.72 -13 19 20.2          19.8 Rck6810926
     K04H01Q  C2004 05 07.18813 12 02 13.03 -13 19 23.1                ck6810926
     K04H01Q  C2004 05 07.18912 12 02 13.38 -13 19 26.1          19.7 Rck6810926
     K04H01Q 2C2004 05 08.35581612 07 52.721-14 07 21.42         19.4 Rok6810568
     K04H01Q 2C2004 05 08.35774312 07 53.197-14 07 25.80         19.5 Rok6810568
     K04H01Q  C2004 05 19.21306 12 45 15.72 -18 38 25.7          21.8 Vdk7418291
     K04H01Q  C2004 05 19.21914 12 45 16.54 -18 38 31.7          21.4 Vdk7418291
     K04H01Q  C2004 05 19.22817 12 45 17.83 -18 38 39.8          21.6 Vdk7418291
