G4216K04O11T* C2004 07 27.40102 01 06 14.90 +33 37 56.4          19.1  cl0721704
G4216K04O11T  C2004 07 27.41267 01 06 14.74 +33 38 16.2          19.5  cl0721704
G4216K04O11T  C2004 07 27.42325 01 06 14.63 +33 38 35.3          20.0  cl0721704
G4216K04O11T  C2004 07 27.43354 01 06 14.42 +33 38 53.9          19.2  cl0721704
G4216K04O11T  C2004 07 27.99886 01 06 08.96 +33 54 58.9                rl0721621
G4216K04O11T  C2004 07 28.00428 01 06 08.91 +33 55 08.6                rl0721621
G4216K04O11T  C2004 07 28.00530 01 06 08.86 +33 55 10.0          18.5 Vrl0721A13
G4216K04O11T  C2004 07 28.00673 01 06 08.91 +33 55 12.7          18.6 Vrl0721A13
G4216K04O11T  C2004 07 28.00789 01 06 08.92 +33 55 14.9          18.4 Vrl0721A13
G4216K04O11T  C2004 07 28.00966 01 06 08.86 +33 55 18.1          18.7 Vrl0721A13
G4216K04O11T  C2004 07 28.00970 01 06 08.82 +33 55 17.7          19   Rrl0721621
G4216K04O11T  C2004 07 28.01054 01 06 08.87 +33 55 19.6          18.5 Vrl0721A13
G4216K04O11T  C2004 07 28.02053 01 06 08.73 +33 55 36.9          18.7 Vrl0721A13
G4216K04O11T  C2004 07 28.02640 01 06 08.67 +33 55 47.4          18.6 Vrl0721A13
G4216K04O11T  C2004 07 28.02717 01 06 08.64 +33 55 48.7          18.8 Vrl0721A13
G4216K04O11T  C2004 07 28.02928 01 06 08.61 +33 55 52.4          18.9 Vrl0721A13
G4216K04O11T  C2004 07 28.03023 01 06 08.61 +33 55 54.0          18.5 Vrl0721A13
G4216K04O11T  C2004 07 28.03473 01 06 08.51 +33 56 01.2          18.5 Vol0721198
G4216K04O11T  C2004 07 28.03754 01 06 08.47 +33 56 06.2          18.6 Vol0721198
G4216K04O11T  C2004 07 28.04178 01 06 08.40 +33 56 13.7          18.5 Vol0721198
G4216K04O11T  C2004 07 28.04742 01 06 08.31 +33 56 23.4          18.4 Vol0721198
G4216K04O11T  C2004 07 28.08686 01 06 07.82 +33 57 30.0          19.4 Rrl0721J95
G4216K04O11T  C2004 07 28.09137 01 06 07.76 +33 57 38.3          19.2 Rrl0721J95
G4216K04O11T  C2004 07 28.09582 01 06 07.73 +33 57 45.7          19.0 Rrl0721J95
G4216K04O11T  C2004 07 28.20844 01 06 06.81 +34 00 56.2          18.6 Rrl0721649
G4216K04O11T  C2004 07 28.21200 01 06 06.83 +34 01 02.4          19.0 Rrl0721649
G4216K04O11T  C2004 07 28.21555 01 06 06.79 +34 01 09.1          18.8 Rrl0721649
G4216K04O11T  C2004 07 28.21910 01 06 06.68 +34 01 15.1          18.5 Rrl0721649
G4216K04O11T  C2004 07 28.32864 01 06 05.36 +34 04 24.3          18.2 Rol0721H06
G4216K04O11T  C2004 07 28.33159 01 06 05.29 +34 04 29.8          18.2 Rol0721H06
G4216K04O11T  C2004 07 28.33453 01 06 05.22 +34 04 34.7          18.4 Rol0721H06
G4216K04O11T  C2004 07 28.36272 01 06 04.87 +34 05 22.8          18.9  cl0721704
G4216K04O11T  C2004 07 28.37415 01 06 04.66 +34 05 43.0          19.1  cl0721704
G4216K04O11T  C2004 07 28.38582 01 06 04.45 +34 06 02.9          19.3  cl0721704
G4216K04O11T  C2004 07 28.39619 01 06 04.26 +34 06 21.2          19.5  cl0721704
G4216K04O11T  C2004 07 28.39961 01 06 04.18 +34 06 27.0          18.9 Rrl0721H06
G4216K04O11T  C2004 07 28.40467 01 06 04.24 +34 06 35.6          18.6 Rrl0721G70
G4216K04O11T  C2004 07 28.42211 01 06 03.79 +34 07 05.7          18.9 Rrl0721H06
G4216K04O11T  C2004 07 28.43240 01 06 03.79 +34 07 22.3          18.7 Rrl0721G70
G4216K04O11T  C2004 07 28.44473 01 06 03.41 +34 07 44.5          19.1 Rrl0721H06
G4216K04O11T  C2004 07 28.44596 01 06 03.52 +34 07 46.4          18.9 Rrl0721G70
G4216K04O11T  C2004 07 28.97719 01 05 56.81 +34 22 36.8          18.6 Vol0721198
G4216K04O11T  C2004 07 28.98702 01 05 56.62 +34 22 53.8          18.6 Vol0721198
G4216K04O11T  C2004 07 29.01370 01 05 56.11 +34 23 40.2          18.6 Vol0721198
G4216K04O11T  C2004 07 29.01510 01 05 56.09 +34 23 42.5          18.6 Vol0721198
G4216K04O11T  C2004 07 29.41186 01 05 50.22 +34 34 49.5          18.9 Rrl0721G70
G4216K04O11T  C2004 07 29.42542 01 05 49.93 +34 35 11.9          18.6 Rrl0721G70
G4216K04O11T  C2004 07 29.43876 01 05 49.68 +34 35 34.0          18.9 Rrl0721G70
G4216K04O11T  C2004 07 29.94957 01 05 41.63 +34 49 36.4          18.6 Vol0721151
G4216K04O11T  C2004 07 29.96078 01 05 41.33 +34 49 54.8          19.0 Vol0721151
G4216K04O11T  C2004 07 29.96456 01 05 41.24 +34 50 00.8          19.1 Vol0721151
G4216K04O11T  C2004 07 29.96907 01 05 41.17 +34 50 08.9          19.0 Vol0721151
G4216K04O11T  C2004 07 29.97067 01 05 41.12 +34 50 11.7          19.0 Vol0721151
G4216K04O11T  C2004 07 29.97240 01 05 41.15 +34 50 14.8          18.4 Vrl0721A13
G4216K04O11T  C2004 07 29.97558 01 05 41.09 +34 50 19.5          19.3 Vol0721151
G4216K04O11T  C2004 07 29.97626 01 05 41.09 +34 50 20.4          18.6 Vrl0721A13
G4216K04O11T  C2004 07 29.98012 01 05 41.00 +34 50 26.6          18.7 Vrl0721A13
G4216K04O11T  C2004 07 30.03004 01 05 40.05 +34 51 50.3          18.7 Vol0721198
G4216K04O11T  C2004 07 30.03706 01 05 39.89 +34 52 02.0          18.6 Vol0721198
G4216K04O11T  C2004 07 30.04268 01 05 39.77 +34 52 11.5          18.8 Vol0721198
G4216K04O11T  C2004 07 30.05251 01 05 39.56 +34 52 27.8          18.8 Vol0721198
G4216K04O11T  C2004 07 30.05672 01 05 39.47 +34 52 34.9          18.7 Vol0721198
G4216K04O11T  C2004 07 30.38570 01 05 33.71 +35 01 37.3          19.1 Rrl0721G70
G4216K04O11T  C2004 07 30.40637 01 05 33.24 +35 02 11.5                rl0721G70
G4216K04O11T  C2004 07 30.44731 01 05 32.32 +35 03 19.7          19.0 Rrl0721G70
G4216K04O11T  C2004 07 31.24759 01 05 16.64 +35 24 53.8          18.8 Rrl0834649
G4216K04O11T  C2004 07 31.25115 01 05 16.56 +35 24 59.9          18.9 Rrl0834649
G4216K04O11T  C2004 07 31.25470 01 05 16.47 +35 25 05.6          18.8 Rrl0834649
G4216K04O11T  C2004 08 01.00994 01 04 59.29 +35 45 12.4          18.9 Vrl0834941
G4216K04O11T  C2004 08 01.01469 01 04 59.20 +35 45 20.2          19.1 Vrl0834941
G4216K04O11T  C2004 08 01.01741 01 04 59.15 +35 45 24.8          19.0 Vrl0834941
G4216K04O11T  C2004 08 01.01882 01 04 59.12 +35 45 27.1          18.9 Vrl0834941
G4216K04O11T  C2004 08 01.02160 01 04 59.07 +35 45 31.6          18.8 Vrl0834941
G4216K04O11T  C2004 08 01.02419 01 04 59.01 +35 45 35.5          18.9 Vrl0834941
G4216K04O11T  C2004 08 01.05730 01 04 57.91 +35 46 27.8          19.1 Rrl0834J95
G4216K04O11T  C2004 08 01.07802 01 04 57.35 +35 47 00.8          18.9 Rrl0834J95
G4216K04O11T  C2004 08 01.24987 01 04 53.51 +35 51 32.4          18.6 Rrl0834649
G4216K04O11T  C2004 08 01.25342 01 04 53.45 +35 51 38.0          18.9 Rrl0834649
G4216K04O11T  C2004 08 01.25698 01 04 53.31 +35 51 43.2          18.4 Rrl0834649
G4216K04O11T  C2004 08 01.26054 01 04 53.17 +35 51 49.6          18.9 Rrl0834649
G4216K04O11T  C2004 08 01.37398 01 04 50.13 +35 54 50.6          18.2 Rrl0834H36
G4216K04O11T  C2004 08 01.37885 01 04 49.93 +35 54 58.4          18.2 Rrl0834H36
G4216K04O11T  C2004 08 01.38391 01 04 49.71 +35 55 08.4          18.3 Rrl0834H36
G4216K04O11T  C2004 08 01.38869 01 04 49.64 +35 55 14.7          18.6 Rrl0834H36
G4216K04O11T  C2004 08 01.39339 01 04 49.48 +35 55 20.9          18.3 Rrl0834H36
G4216K04O11T  C2004 08 01.39809 01 04 49.30 +35 55 30.1          18.3 Rrl0834H36
G4216K04O11T  C2004 08 01.40315 01 04 49.19 +35 55 36.5          18.6 Rrl0834H36
G4216K04O11T  C2004 08 01.42274 01 04 48.88 +35 56 08.1                rl0834G70
G4216K04O11T  C2004 08 01.45049 01 04 48.05 +35 56 52.4          19.3 Rrl0834G70
G4216K04O11T  C2004 08 01.47762 01 04 47.24 +35 57 35.6                rl0834G70
G4216K04O11T  C2004 08 01.99633 01 04 33.93 +36 11 01.6          18.8 Vrl0834A13
G4216K04O11T  C2004 08 01.99810 01 04 33.89 +36 11 04.4          18.9 Vrl0834A13
G4216K04O11T  C2004 08 02.00012 01 04 33.83 +36 11 07.4          18.7 Vrl0834A13
G4216K04O11T  C2004 08 02.02141 01 04 33.26 +36 11 41.8          18.8 Vrl0834A13
G4216K04O11T  C2004 08 02.02467 01 04 33.12 +36 11 46.7          18.7 Vrl0834A13
G4216K04O11T  C2004 08 02.28314 01 04 26.06 +36 18 27.6          18.9 Rrl0834649
G4216K04O11T  C2004 08 02.28491 01 04 26.02 +36 18 31.1          18.6 Rrl0834649
G4216K04O11T  C2004 08 02.28669 01 04 26.04 +36 18 33.0          18.6 Rrl0834649
G4216K04O11T  C2004 08 03.24385 01 03 57.54 +36 42 57.3          18.8 Rrl0834649
G4216K04O11T  C2004 08 03.24740 01 03 57.45 +36 43 03.3          19.4 Rrl0834649
G4216K04O11T  C2004 08 03.25095 01 03 57.29 +36 43 07.9          18.9 Rrl0834649
G4216K04O11T  C2004 08 03.25451 01 03 57.16 +36 43 13.7          18.6 Rrl0834649
G4216K04O11T  C2004 08 06.22446 01 02 08.11 +37 55 49.5          19.3 Rrl0834649
G4216K04O11T  C2004 08 06.22591 01 02 08.11 +37 55 51.5          19.1 Rrl0834649
G4216K04O11T  C2004 08 06.22736 01 02 07.99 +37 55 53.6          18.6 Rrl0834649
G4216K04O11T  C2004 08 06.22928 01 02 07.94 +37 55 56.7          19.0 Rrl0834649
G4216K04O11T  C2004 08 07.39008 01 01 16.28 +38 23 02.9          18.5 Rrl0834715
G4216K04O11T  C2004 08 07.39414 01 01 16.06 +38 23 08.7          18.8 Rrl0834715
G4216K04O11T  C2004 08 07.39819 01 01 15.86 +38 23 14.3          18.7 Rrl0834715
G4216K04O11T  C2004 08 07.40225 01 01 15.65 +38 23 19.8          18.5 Rrl0834715
G4216K04O11T  C2004 08 08.04054 01 00 45.52 +38 37 46.9          19.2 Rrl0834J95
G4216K04O11T  C2004 08 08.04591 01 00 45.28 +38 37 54.1          18.9 Rrl0834J95
G4216K04O11T  C2004 08 08.05134 01 00 44.97 +38 38 01.3          19.1 Rrl0834J95
G4216K04O11T  C2004 08 11.46213 00 57 37.27 +39 51 37.0          18.8 Rdl1157G72
G4216K04O11T  C2004 08 11.46481 00 57 37.02 +39 51 39.5          19.2 Rdl1157G72
G4216K04O11T  C2004 08 11.46750 00 57 36.84 +39 51 43.0          18.2 Rdl1157G72
G4216K04O11T  C2004 08 11.47019 00 57 36.70 +39 51 46.8          18.2 Rdl1157G72
G4216K04O11T  C2004 08 11.47288 00 57 36.56 +39 51 49.2          18.4 Rdl1157G72
G4216K04O11T  C2004 08 12.02188 00 57 02.81 +40 02 56.0          18.5 R l1157176
G4216K04O11T  C2004 08 12.02281 00 57 02.75 +40 02 57.1          18.8 R l1157176
G4216K04O11T  C2004 08 12.02373 00 57 02.69 +40 02 58.1          18.5 R l1157176
G4216K04O11T  C2004 08 12.02465 00 57 02.63 +40 02 59.2          18.5 R l1157176
G4216K04O11T  C2004 08 12.02557 00 57 02.57 +40 03 00.2          18.5 R l1157176
G4216K04O11T  C2004 08 14.05392 00 54 46.15 +40 42 34.1          18.7 Rcl1883587
G4216K04O11T  C2004 08 14.05713 00 54 45.86 +40 42 37.7                cl1883587
G4216K04O11T  C2004 08 15.99765 00 52 21.51 +41 17 50.9          19.1 Vol1883198
G4216K04O11T  C2004 08 15.99941 00 52 21.39 +41 17 52.4          19.3 Vol1883198
G4216K04O11T  C2004 08 16.00116 00 52 21.24 +41 17 54.1          19.2 Vol1883198
G4216K04O11T  C2004 08 16.00291 00 52 21.08 +41 17 56.2          19.2 Vol1883198
G4216K04O11T  C2004 08 19.11352 00 48 00.32 +42 09 02.5          19.0 Vrl1883170
G4216K04O11T  C2004 08 19.11507 00 48 00.19 +42 09 03.8          18.8 Vrl1883170
G4216K04O11T  C2004 08 19.11584 00 48 00.11 +42 09 04.6          19.0 Vrl1883170
G4216K04O11T  C2004 08 19.11662 00 48 00.04 +42 09 05.2          19.0 Vrl1883170
G4216K04O11T  C2004 08 20.01133 00 46 39.14 +42 22 26.6          19.9 Rcl1883A41
G4216K04O11T  C2004 08 20.03536 00 46 36.82 +42 22 48.3          19.7 Rcl1883A41
G4216K04O11T  C2004 08 20.07977 00 46 32.72 +42 23 26.3                rl1883J95
G4216K04O11T  C2004 08 20.08454 00 46 32.24 +42 23 30.1          18.8 Rrl1883J95
G4216K04O11T  C2004 08 20.08950 00 46 31.75 +42 23 34.1          18.9 Rrl1883J95
G4216K04O11T  C2004 08 23.01131 00 41 47.46 +43 02 54.9          19.5 Rrl2208A41
G4216K04O11T  C2004 08 23.01840 00 41 46.78 +43 03 00.1          19.2 Vol2208198
G4216K04O11T  C2004 08 23.02015 00 41 46.63 +43 03 00.7          19.2 Vol2208198
G4216K04O11T  C2004 08 23.02190 00 41 46.47 +43 03 02.2          19.2 Vol2208198
G4216K04O11T  C2004 08 23.02569 00 41 45.89 +43 03 06.7          19.8 Rrl2208A41
G4216K04O11T  C2004 08 23.04010 00 41 44.39 +43 03 16.5          20.2 Rrl2208A41
G4216K04O11T  C2004 08 23.11628 00 41 36.74 +43 04 16.2          18.6 Rcm6395J50
G4216K04O11T  C2004 08 23.11722 00 41 36.64 +43 04 16.9                cm6395J50
G4216K04O11T  C2004 08 23.11800 00 41 36.55 +43 04 17.5                cm6395J50
G4216K04O11T  C2004 08 23.12608 00 41 35.68 +43 04 23.5                cm6395J50
G4216K04O11T  C2004 08 23.46455 00 41 00.48 +43 08 27.8          19.3 Rdl2208G72
G4216K04O11T  C2004 08 23.46726 00 41 00.17 +43 08 31.0          18.1 Rdl2208G72
G4216K04O11T  C2004 08 23.46998 00 40 59.88 +43 08 31.7          17.2 Rdl2208G72
G4216K04O11T  C2004 08 23.47269 00 40 59.60 +43 08 34.1          18.4 Rdl2208G72
G4216K04O11T  C2004 08 23.47539 00 40 59.36 +43 08 35.9          18.3 Rdl2208G72
G4216K04O11T  C2004 08 25.33228 00 37 42.77 +43 29 27.5          19.0  cl2208704
G4216K04O11T  C2004 08 25.34224 00 37 41.64 +43 29 33.7          18.9  cl2208704
G4216K04O11T  C2004 08 25.35226 00 37 40.61 +43 29 40.5          19.4  cl2208704
G4216K04O11T  C2004 08 25.36231 00 37 39.38 +43 29 47.1          19.1  cl2208704
G4216K04O11T  C2004 08 25.37227 00 37 38.21 +43 29 53.3          19.2  cl2208704
G4216K04O11T  C2004 08 27.34179 00 33 58.52 +43 48 53.0          19.7  cl2208704
G4216K04O11T  C2004 08 27.36250 00 33 55.99 +43 49 04.5          19.8  cl2208704
G4216K04O11T  C2004 08 27.37286 00 33 54.85 +43 49 11.0          19.7  cl2208704
G4216K04O11T  C2004 08 27.38323 00 33 53.55 +43 49 14.9          20.1  cl2208704
G4216K04O11T  C2004 08 27.92050 00 32 52.39 +43 53 47.7          18.3 Rrl2208185
G4216K04O11T  C2004 08 27.93740 00 32 50.34 +43 53 56.3          18.3 Rrl2208185
G4216K04O11T  C2004 08 27.94274 00 32 49.74 +43 53 59.3          18.3 Rrl2208185
G4216K04O11T  C2004 08 28.85143 00 31 03.96 +44 01 13.2          19.3 Vol2208151
G4216K04O11T  C2004 08 28.85481 00 31 03.63 +44 01 15.0          19.6 Vol2208151
G4216K04O11T  C2004 08 28.85629 00 31 03.48 +44 01 15.8          19.6 Vol2208151
G4216K04O11T  C2004 08 28.85748 00 31 03.26 +44 01 16.0          19.4 Vol2208151
G4216K04O11T  C2004 09 04.87265 00 16 31.85 +44 33 34.4          19.0 Vol2726151
G4216K04O11T  C2004 09 04.87353 00 16 31.76 +44 33 33.9          19.1 Vol2726151
G4216K04O11T  C2004 09 05.31561 00 15 34.31 +44 34 16.0          19.5  cl2726704
G4216K04O11T  C2004 09 05.32702 00 15 32.65 +44 34 16.2          19.7  cl2726704
G4216K04O11T  C2004 09 05.33857 00 15 31.11 +44 34 17.3          19.2  cl2726704
G4216K04O11T  C2004 09 05.35000 00 15 29.61 +44 34 18.4          19.4  cl2726704
G4216K04O11T  C2004 09 09.85250 00 05 42.28 +44 30 43.4          19.0 Vrl2726240
G4216K04O11T  C2004 09 09.85571 00 05 41.85 +44 30 43.1          19.0 Vrl2726240
G4216K04O11T  C2004 09 09.85892 00 05 41.40 +44 30 42.7          19.2 Vrl2726240
G4216K04O11T  C2004 09 09.86212 00 05 40.97 +44 30 42.2          19.3 Vrl2726240
G4216K04O11T  C2004 09 09.86533 00 05 40.55 +44 30 41.8          19.1 Vrl2726240
G4216K04O11T  C2004 09 16.29259 23 51 53.24 +43 56 26.3          19.9  cl2937704
G4216K04O11T  C2004 09 16.30438 23 51 51.80 +43 56 19.9          19.8  cl2937704
G4216K04O11T  C2004 09 16.31636 23 51 50.20 +43 56 14.3          19.8  cl2937704
G4216K04O11T  C2004 09 16.32809 23 51 48.69 +43 56 09.1          19.8  cl2937704
G4216K04O11T  C2004 09 16.33985 23 51 47.20 +43 56 02.4          19.9  cl2937704
G4216K04O11T  C2004 09 16.84742 23 50 44.73 +43 51 52.9          20.3 Vol2937151
G4216K04O11T  C2004 09 16.84860 23 50 44.57 +43 51 51.6          20.1 Vol2937151
G4216K04O11T  C2004 09 16.84947 23 50 44.43 +43 51 51.9          20.2 Vol2937151
G4216K04O11T  C2004 09 17.90692 23 48 34.09 +43 42 43.0          19.0 Vcl5744A48
G4216K04O11T  C2004 09 17.91325 23 48 33.25 +43 42 39.7          19.1 Vcl5744A48
G4216K04O11T  C2004 09 18.88802 23 46 35.36 +43 33 28.3                rl4371A30
G4216K04O11T  C2004 09 18.89205 23 46 34.88 +43 33 26.6                rl4371A30
G4216K04O11T  C2004 09 18.90454 23 46 33.42 +43 33 20.8          19.5 Vcl5744A48
G4216K04O11T  C2004 09 18.90595 23 46 33.25 +43 33 20.2          19.2 Vcl5744A48
G4216K04O11T  C2004 09 21.22178 23 42 01.43 +43 08 59.7          19.6  cl4371704
G4216K04O11T  C2004 09 21.23374 23 42 00.02 +43 08 51.8          20.0  cl4371704
G4216K04O11T  C2004 09 21.24569 23 41 58.60 +43 08 43.4          19.5  cl4371704
G4216K04O11T  C2004 09 21.25794 23 41 57.18 +43 08 36.0          19.9  cl4371704
G4216K04O11T  C2004 09 21.26993 23 41 55.74 +43 08 27.4          19.6  cl4371704
G4216K04O11T  C2004 10 01.92645 23 24 18.91 +40 38 05.5          19.3 Vrl5744941
G4216K04O11T  C2004 10 01.92725 23 24 18.88 +40 38 04.9          19.1 Vrl5744941
G4216K04O11T  C2004 10 01.92804 23 24 18.84 +40 38 04.1          19.1 Vrl5744941
G4216K04O11T  C2004 10 03.84595 23 21 47.42 +40 06 04.1          19.4 Vol5744198
G4216K04O11T  C2004 10 03.84702 23 21 47.32 +40 06 02.9          19.5 Vol5744198
G4216K04O11T  C2004 10 03.84970 23 21 47.10 +40 06 00.2          19.5 Vol5744198
G4216K04O11T  C2004 10 03.85292 23 21 46.82 +40 05 56.9          19.4 Vol5744198
G4216K04O11T  C2004 10 08.21156 23 16 49.20 +38 49 56.4          19.6  cl6627704
G4216K04O11T  C2004 10 08.22255 23 16 48.46 +38 49 43.7          19.8  cl6627704
G4216K04O11T  C2004 10 08.23354 23 16 47.84 +38 49 31.8          19.5  cl6627704
G4216K04O11T  C2004 10 08.24453 23 16 47.10 +38 49 20.4          19.4  cl6627704
G4216K04O11T  C2004 10 08.25551 23 16 46.44 +38 49 08.4          19.8  cl6627704
G4216K04O11T  C2004 10 23.81819 23 07 43.19 +34 06 58.0          19.4 Vrl8410170
G4216K04O11T  C2004 10 23.82358 23 07 43.14 +34 06 52.2          19.5 Vrl8410170
G4216K04O11T  C2004 10 23.82975 23 07 43.06 +34 06 45.5          19.3 Vrl8410170
G4216K04O11T 7C2004 11 10.14804 23 10 40.83 +29 35 03.3          20.8 Rom0491696
G4216K04O11T 7C2004 11 10.15330 23 10 40.99 +29 34 59.6          20.2 Rom0491696
G4216K04O11T HC2004 12 11.11360 23 36 46.13 +24 49 57.7          22.2 Vdm1747291
G4216K04O11T HC2004 12 11.11931 23 36 46.64 +24 49 55.3          22.0 Vdm1747291
G4216K04O11T HC2004 12 11.12420 23 36 46.84 +24 49 53.9          22.3 Vdm1747291
G4216K04O11T  C2005 01 15.82153 00 22 41.68 +23 48 22.7          22.9 Rcm6395J50
G4216K04O11T  C2005 01 15.82331 00 22 41.80 +23 48 22.9                cm6395J50
G4216K04O11T  C2005 01 15.82671 00 22 42.16 +23 48 23.4                cm6395J50
G4216K04O11T  C2005 01 15.82844 00 22 42.32 +23 48 23.8                cm6395J50
G4216K04O11T  C2005 01 15.85347 00 22 44.30 +23 48 25.5                cm6395J50
G4216K04O11T 3C2005 10 30.60300 06 12 54.59 +38 45 12.6          23.2 gbo7489568
G4216K04O11T 3C2005 10 30.60499 06 12 54.52 +38 45 12.9          23.4 gbo7489568
G4216K04O11T 3C2005 10 30.60697 06 12 54.46 +38 45 13.2          23.2 gbo7489568
G4216K04O11T 3C2005 10 31.57786 06 12 25.31 +38 47 20.5          23.0 gbo7489568
G4216K04O11T 3C2005 10 31.57983 06 12 25.25 +38 47 20.7          23.0 gbo7489568
G4216K04O11T 3C2005 10 31.58180 06 12 25.17 +38 47 21.0          23.0 gbo7489568
G4216K04O11T  C2006 11 23.48966 09 58 31.42 +08 09 43.7          22.5 Vds8687291
G4216K04O11T  C2006 11 23.49509 09 58 31.70 +08 09 40.6          22.3 Vds8687291
G4216K04O11T  C2006 11 23.50176 09 58 31.97 +08 09 36.6          22.5 Vds8687291
G4216K04O11T HC2006 11 24.47041 09 59 13.66 +07 59 40.3                ds8687291
G4216K04O11T HC2006 11 24.47766 09 59 14.02 +07 59 35.7                ds8687291
G4216K04O11T HC2006 11 24.48536 09 59 14.28 +07 59 28.8                ds8687291
G4216K04O11T  C2007 01 26.32763 09 52 12.65 -03 17 49.5          19.6 Rot7050699
G4216K04O11T  C2007 01 26.34318 09 52 11.34 -03 17 59.0                ot7050699
G4216K04O11T  C2007 01 26.35871 09 52 10.19 -03 18 07.8                ot7050699
G4216K04O11T  C2007 01 26.37424 09 52 08.90 -03 18 16.1                ot7050699
G4216K04O11T  C2007 01 28.32985 09 49 33.74 -03 37 47.8          18.9 Vrt8123703
G4216K04O11T  C2007 01 28.33638 09 49 33.27 -03 37 51.1          19.0 Vrt8123703
G4216K04O11T  C2007 01 28.34293 09 49 32.73 -03 37 53.7          19.8 Vrt8123703
G4216K04O11T  C2007 01 28.34947 09 49 32.08 -03 37 56.8          19.8 Vrt8123703
G4216K04O11T  C2007 02 10.32204 09 28 29.24 -05 33 03.2          19.5 Vrt9473703
G4216K04O11T  C2007 02 10.32845 09 28 28.56 -05 33 05.8          19.6 Vrt9473703
G4216K04O11T  C2007 02 10.33493 09 28 27.80 -05 33 09.2          19.0 Vrt9473703
G4216K04O11T  C2007 02 17.29357 09 15 01.34 -06 21 03.6          19.2  cu0366704
G4216K04O11T  C2007 02 17.30556 09 14 59.88 -06 21 08.7          19.4  cu0366704
G4216K04O11T  C2007 02 17.31762 09 14 58.42 -06 21 12.7          19.2  cu0366704
G4216K04O11T  C2007 02 17.32980 09 14 56.84 -06 21 17.3          19.3  cu0366704
G4216K04O11T  C2007 02 21.26906 09 07 00.87 -06 43 01.3          18.9 Vru0366703
G4216K04O11T  C2007 02 21.27605 09 07 00.04 -06 43 03.6          19.2 Vru0366703
G4216K04O11T  C2007 02 21.28307 09 06 59.14 -06 43 05.1          19.3 Vru0366703
G4216K04O11T  C2007 02 21.29007 09 06 58.32 -06 43 08.1          18.8 Vru0366703
G4216K04O11T  C2007 03 10.92288 08 33 17.18 -07 32 58.1          20.2 Vou3029151
G4216K04O11T  C2007 03 10.92590 08 33 16.87 -07 32 58.8          20.2 Vou3029151
G4216K04O11T  C2007 03 10.92892 08 33 16.54 -07 33 00.1          20.1 Vou3029151
G4216K04O11T  C2007 07 12.35977 11 02 30.08 -16 13 00.9          18.6 Vrv1754E12
G4216K04O11T  C2007 07 12.36640 11 02 31.74 -16 13 03.2          18.3 Vrv1754E12
G4216K04O11T  C2007 07 12.37302 11 02 33.54 -16 13 05.8          18.7 Vrv1754E12
G4216K04O11T  C2007 07 12.37962 11 02 35.26 -16 13 08.1          18.2 Vrv1754E12
G4216K04O11T  C2007 08 22.15515 15 33 24.79 -08 20 11.5          18.0 Rrv3717448
G4216K04O11T  C2007 08 22.15842 15 33 26.33 -08 20 05.4          17.6 Rrv3717448
G4216K04O11T  C2007 08 22.16177 15 33 27.83 -08 19 58.7          17.8 Rrv3717448
G4216K04O11T  C2007 08 23.13444 15 40 57.23 -07 49 51.7          18.0 Vov3717291
G4216K04O11T  C2007 08 23.13856 15 40 59.10 -07 49 43.9          17.9 Vov3717291
G4216K04O11T  C2007 08 23.14280 15 41 01.02 -07 49 36.0          18.0 Vov3717291
G4216K04O11T  C2007 08 27.79291 16 15 37.29 -05 25 37.9          17.8 Vrv4277B38
G4216K04O11T  C2007 08 27.79717 16 15 39.02 -05 25 30.0          18.2 Vrv4277B38
G4216K04O11T  C2007 08 27.80231 16 15 41.25 -05 25 22.0          18.0 Vrv4277B38
G4216K04O11T  C2007 08 27.80654 16 15 42.99 -05 25 13.0          18.0 Vrv4277B38
G4216K04O11T  C2007 08 27.81213 16 15 45.47 -05 25 03.5          18.3 Vrv4277B38
G4216K04O11T  C2007 08 27.81677 16 15 47.40 -05 24 53.8          18.2 Vrv4277B38
G4216K04O11T  C2007 08 27.82152 16 15 49.47 -05 24 45.4          18.0 Vrv4277B38
G4216K04O11T  C2007 08 27.82635 16 15 51.53 -05 24 36.4          17.8 Vrv4277B38
G4216K04O11T  C2007 08 27.82909 16 15 52.70 -05 24 31.5          17.8 Vrv4277B38
G4216K04O11T  C2007 08 29.79004 16 29 45.94 -04 25 22.3          17.6 Vrv4277B38
G4216K04O11T  C2007 08 29.79639 16 29 48.48 -04 25 09.6          17.6 Vrv4277B38
G4216K04O11T  C2007 08 29.80194 16 29 50.77 -04 24 59.9          17.6 Vrv4277B38
G4216K04O11T  C2007 08 29.80566 16 29 52.29 -04 24 53.5          17.6 Vrv4277B38
G4216K04O11T  C2007 08 29.80922 16 29 53.77 -04 24 47.4          17.4 Vrv4277B38
G4216K04O11T  C2007 08 29.81646 16 29 56.74 -04 24 34.4          17.3 Vrv4277B38
G4216K04O11T  C2007 08 29.82396 16 29 59.84 -04 24 20.8          17.7 Vrv4277B38
G4216K04O11T  C2007 08 29.83794 16 30 05.69 -04 23 54.7          17.3 Vrv4277B38
G4216K04O11T  C2007 09 01.87765 16 50 39.39 -02 56 01.3                ov4433204
G4216K04O11T  C2007 09 01.88190 16 50 41.05 -02 55 54.0                ov4433204
G4216K04O11T  C2007 09 01.88595 16 50 42.64 -02 55 47.2          17.3 Rov4433204
G4216K04O11T  C2007 09 03.77902 17 02 55.45 -02 03 55.3          18.2 Vrv4433B38
G4216K04O11T  C2007 09 03.78353 17 02 57.15 -02 03 48.1          18.0 Vrv4433B38
G4216K04O11T  C2007 09 03.78871 17 02 59.10 -02 03 39.5          18.1 Vrv4433B38
G4216K04O11T  C2007 09 03.79377 17 03 00.98 -02 03 32.1          18.2 Vrv4433B38
G4216K04O11T  C2007 09 03.79870 17 03 02.85 -02 03 24.3          18.1 Vrv4433B38
G4216K04O11T  C2007 09 03.80391 17 03 04.81 -02 03 15.3          18.2 Vrv4433B38
G4216K04O11T  C2007 09 03.80882 17 03 06.62 -02 03 07.0          18.0 Vrv4433B38
G4216K04O11T  C2007 09 03.81128 17 03 07.51 -02 03 03.2          18.2 Vrv4433B38
G4216K04O11T  C2007 09 12.20767 17 51 44.08 +01 14 49.6          18.0 Rrv5123H45
G4216K04O11T  C2007 09 13.78813 17 59 56.96 +01 46 02.1          17.7 Vrv5123240
G4216K04O11T  C2007 09 13.79058 17 59 57.69 +01 46 05.0          17.6 Vrv5123240
G4216K04O11T  C2007 09 13.79254 17 59 58.26 +01 46 07.2          17.6 Vrv5123240
G4216K04O11T  C2007 09 13.79841 18 00 00.06 +01 46 14.2          17.7 Vrv5123240
G4216K04O11T  C2007 09 13.80037 18 00 00.65 +01 46 16.3          17.7 Vrv5123240
G4216K04O11T  C2007 09 13.80527 18 00 02.13 +01 46 22.0          17.7 Vrv5123240
G4216K04O11T  C2007 09 13.80625 18 00 02.42 +01 46 23.3          17.6 Vrv5123240
G4216K04O11T  C2007 09 16.78258 18 14 45.04 +02 40 20.6          18.4 Vrv6202240
G4216K04O11T  C2007 09 16.78503 18 14 45.74 +02 40 23.2          18.3 Vrv6202240
G4216K04O11T  C2007 09 16.78748 18 14 46.44 +02 40 25.8          18.1 Vrv6202240
G4216K04O11T  C2007 09 16.78993 18 14 47.14 +02 40 28.0          18.2 Vrv6202240
G4216K04O11T  C2007 09 16.79385 18 14 48.22 +02 40 32.1          18.2 Vrv6202240
G4216K04O11T  C2007 09 16.79679 18 14 49.01 +02 40 35.3          18.3 Vrv6202240
G4216K04O11T  C2007 09 17.11586 18 16 20.32 +02 46 03.6          17.9  cv6202704
G4216K04O11T  C2007 09 17.12918 18 16 24.11 +02 46 16.8          18.3  cv6202704
G4216K04O11T  C2007 09 17.14070 18 16 27.23 +02 46 29.2          17.8  cv6202704
G4216K04O11T  C2007 09 17.15225 18 16 30.51 +02 46 41.4          17.8  cv6202704
G4216K04O11T  C2007 09 17.16446 18 16 33.96 +02 46 53.8          17.7  cv6202704
G4216K04O11T  C2007 09 19.78036 18 28 39.71 +03 28 40.0          18.1 Rrv6202130
G4216K04O11T  C2007 09 19.80549 18 28 46.31 +03 29 04.8          18.2 Rrv6202130
G4216K04O11T  C2007 09 19.80940 18 28 47.31 +03 29 09.0          18.2 Rrv6202130
G4216K04O11T  C2007 09 19.81336 18 28 48.36 +03 29 11.8          18.5 Rrv6202130
G4216K04O11T  C2007 09 24.75467 18 49 57.59 +04 37 09.7          18.6 Vrv7758B38
G4216K04O11T  C2007 09 24.75851 18 49 58.57 +04 37 12.8          18.7 Vrv7758B38
G4216K04O11T  C2007 09 24.76240 18 49 59.53 +04 37 14.8          18.7 Vrv7758B38
G4216K04O11T  C2007 09 24.76994 18 50 01.31 +04 37 20.6          18.7 Vrv7758B38
G4216K04O11T  C2007 09 24.77463 18 50 02.48 +04 37 24.1          18.8 Vrv7758B38
G4216K04O11T  C2007 09 24.78080 18 50 03.92 +04 37 29.0          18.7 Vrv7758B38
