L7390K05C25W* C2005 02 05.51024 13 15 27.40 +04 14 13.7          19.8  cm6438644
L7390K05C25W  C2005 02 05.52265 13 15 30.01 +04 14 39.8          19.9  cm6438644
L7390K05C25W  C2005 02 05.53314 13 15 32.17 +04 15 01.8          19.3  cm6438644
L7390K05C25W  C2005 02 06.08731 13 17 31.74 +04 34 40.5          19.2 Rrm6438118
L7390K05C25W  C2005 02 06.09319 13 17 32.99 +04 34 53.3          19.0 Rrm6438118
L7390K05C25W  C2005 02 06.09790 13 17 33.97 +04 35 03.4          19.1 Rrm6438118
L7390K05C25W  C2005 02 07.00137 13 20 52.65 +05 08 20.9                cm6438246
L7390K05C25W  C2005 02 07.00227 13 20 52.87 +05 08 22.9                cm6438246
L7390K05C25W  C2005 02 07.00307 13 20 52.98 +05 08 23.4                cm6438246
L7390K05C25W  C2005 02 07.00402 13 20 53.27 +05 08 25.9                cm6438246
L7390K05C25W  C2005 02 07.00465 13 20 53.36 +05 08 27.1                cm6438246
L7390K05C25W  C2005 02 07.00537 13 20 53.53 +05 08 28.0                cm6438246
L7390K05C25W  C2005 02 07.23676 13 21 44.80 +05 17 32.7          18.5 Rrm6438I77
L7390K05C25W  C2005 02 07.24200 13 21 45.97 +05 17 44.8          18.7 Rrm6438I77
L7390K05C25W  C2005 02 07.24930 13 21 47.56 +05 18 01.4          18.8 Rrm6438I77
L7390K05C25W  C2005 02 07.69120 13 23 26.71 +05 35 07.5          18.9 Rcm6438474
L7390K05C25W  C2005 02 07.69455 13 23 27.40 +05 35 15.2          19.6 Rcm6438474
L7390K05C25W  C2005 02 07.69791 13 23 28.17 +05 35 23.8          19.3 Rcm6438474
L7390K05C25W 2C2005 02 08.47731 13 26 26.23 +06 05 55.1          18.5 Rom6438H06
L7390K05C25W 2C2005 02 08.48303 13 26 27.53 +06 06 08.2          18.7 Rom6438H06
L7390K05C25W 2C2005 02 08.48772 13 26 28.63 +06 06 19.5          18.4 Rom6438H06
L7390K05C25W  C2005 02 09.12814 13 28 58.18 +06 32 30.2          19.4 Vom6438198
L7390K05C25W  C2005 02 09.13108 13 28 58.85 +06 32 37.5          19.5 Vom6438198
L7390K05C25W  C2005 02 09.13226 13 28 59.12 +06 32 40.3          19.5 Vom6438198
L7390K05C25W  C2005 02 09.13285 13 28 59.26 +06 32 41.8          19.5 Vom6438198
L7390K05C25W  C2005 02 09.13579 13 28 59.93 +06 32 48.8          19.4 Vom6438198
L7390K05C25W  C2005 02 11.27004 13 37 38.45 +08 05 53.7          18.8 Rrm6438649
L7390K05C25W  C2005 02 11.27182 13 37 38.87 +08 05 58.8          19.2 Rrm6438649
L7390K05C25W  C2005 02 11.27359 13 37 39.36 +08 06 02.7          19.1 Rrm6438649
L7390K05C25W  C2005 02 11.27537 13 37 39.70 +08 06 08.1          18.8 Rrm6438649
L7390K05C25W  C2005 02 11.34735 13 37 57.47 +08 09 27.6          19.9 Rrm6438734
L7390K05C25W  C2005 02 11.35448 13 37 59.28 +08 09 46.8          19.3 Rrm6438734
L7390K05C25W  C2005 02 11.36041 13 38 00.70 +08 10 03.3          20.4 Rrm6438734
L7390K05C25W  C2005 02 12.27061 13 41 52.48 +08 52 35.0          18.9 Rrm6833649
L7390K05C25W  C2005 02 12.27239 13 41 52.92 +08 52 40.9          19.0 Rrm6833649
L7390K05C25W  C2005 02 16.21317 13 59 52.18 +12 16 32.9          17.2 Rrm6833I77
L7390K05C25W  C2005 02 16.22650 13 59 55.95 +12 17 17.4          17.2 Rrm6833I77
L7390K05C25W  C2005 02 17.28697 14 05 09.71 +13 17 28.3          19.0 Rrm7221I77
L7390K05C25W  C2005 02 17.29334 14 05 11.65 +13 17 51.1          19.0 Rrm7221I77
L7390K05C25W  C2005 02 17.29758 14 05 12.92 +13 18 05.7          19.1 Rrm7221I77
L7390K05C25W  C2005 02 20.16277 14 20 18.87 +16 11 24.5                rm6833J95
L7390K05C25W  C2005 02 20.16866 14 20 20.79 +16 11 47.6                rm6833J95
L7390K05C25W  C2005 02 20.17471 14 20 22.83 +16 12 10.5          19.0 Rrm6833J95
L7390K05C25W 2C2005 02 28.17913 15 11 05.22 +25 25 43.0          18.4 Rjm7221012
L7390K05C25W 2C2005 02 28.18253 15 11 06.71 +25 25 58.0          18.3 Rjm7221012
L7390K05C25W 2C2005 02 28.18427 15 11 07.54 +25 26 05.8          18.5 Rjm7221012
L7390K05C25W 2C2005 02 28.18601 15 11 08.08 +25 26 12.7          18.4 Rjm7221012
L7390K05C25W 2C2005 02 28.19123 15 11 10.35 +25 26 36.1          18.9 Rjm7221012
L7390K05C25W 2C2005 02 28.19296 15 11 11.10 +25 26 43.3          18.2 Rjm7221012
L7390K05C25W  C2005 03 01.45757 15 20 29.64 +26 59 11.3          18.2 Rrm7221703
L7390K05C25W  C2005 03 01.46586 15 20 33.27 +26 59 48.5          18.5 Rrm7221703
L7390K05C25W  C2005 03 01.47402 15 20 36.90 +27 00 24.1          18.3 Rrm7221703
L7390K05C25W  C2005 03 01.48221 15 20 40.56 +27 00 59.6          17.6 Rrm7221703
L7390K05C25W IC2005 03 01.94050 15 24 09.39 +27 34 13.9                cm7221587
L7390K05C25W  C2005 03 01.94369 15 24 10.90 +27 34 28.7                cm7221587
L7390K05C25W  C2005 03 05.13063 15 49 35.76 +31 24 06.9          18.7 Vrm8031941
L7390K05C25W  C2005 03 05.13110 15 49 35.99 +31 24 09.1          18.6 Vrm8031941
L7390K05C25W  C2005 03 05.13156 15 49 36.19 +31 24 11.0          18.6 Vrm8031941
L7390K05C25W  C2005 03 05.13203 15 49 36.41 +31 24 12.9          18.8 Vrm8031941
L7390K05C25W  C2005 03 05.13250 15 49 36.64 +31 24 15.0          18.5 Vrm8031941
L7390K05C25W  C2005 03 13.10376 17 02 01.52 +39 37 12.0          17.8 Rcm9144A83
L7390K05C25W  C2005 03 13.10862 17 02 04.27 +39 37 25.8          19.4 Rcm9144A83
L7390K05C25W  C2005 03 13.11140 17 02 05.73 +39 37 33.7          18.7 Rcm9144A83
L7390K05C25W  C2005 03 13.11383 17 02 07.22 +39 37 41.6          18.6 Rcm9144A83
L7390K05C25W  C2005 03 13.11744 17 02 09.24 +39 37 53.3          19.3 Rcm9144A83
L7390K05C25W  C2005 03 14.42492 17 14 51.77 +40 40 49.7          19.3 Rrm9144H45
L7390K05C25W IC2005 04 07.07024 20 34 59.15 +44 22 44.2          20   Ron0786461
L7390K05C25W IC2005 04 07.07267 20 34 59.87 +44 22 42.4                on0786461
L7390K05C25W  C2005 05 20.44890 23 40 08.97 +28 18 47.6          20.7 Vrn4883G96
L7390K05C25W  C2005 05 20.45382 23 40 09.98 +28 18 40.7          20.9 Vrn4883G96
L7390K05C25W  C2005 05 20.45875 23 40 10.99 +28 18 33.9          21.0 Vrn4883G96
L7390K05C25W  C2005 05 20.46366 23 40 11.96 +28 18 27.1          20.8 Vrn4883G96
L7390K05C25W  C2005 06 18.42779 01 12 30.34 +17 21 06.2          20.7 Vrn6540G96
L7390K05C25W  C2005 06 18.42999 01 12 30.70 +17 21 02.8          20.6 Vrn6540G96
L7390K05C25W  C2005 06 18.43219 01 12 31.14 +17 21 00.0          21.1 Vrn6540G96
L7390K05C25W  C2005 06 18.43439 01 12 31.50 +17 20 57.1          20.6 Vrn6540G96
L7390K05C25W 1C2005 09 21.74103 03 20 52.89 -26 52 38.2          20.0 Rro2231413
L7390K05C25W 1C2005 09 21.74622 03 20 52.61 -26 52 47.3          19.8 Rro2231413
L7390K05C25W  C2007 01 10.34921 10 33 57.92 -05 21 50.4          21.0 Vrt5519G96
L7390K05C25W  C2007 01 10.35309 10 33 58.10 -05 21 48.3          19.3 Vrt5519G96
L7390K05C25W  C2007 01 10.35706 10 33 58.06 -05 21 46.7          20.5 Vrt5519G96
L7390K05C25W  C2007 01 10.36118 10 33 58.17 -05 21 44.8          20.9 Vrt5519G96
L7390K05C25W  C2007 02 08.42632 10 29 38.22 +05 02 12.8          18.4 Rot8705644
L7390K05C25W  C2007 02 08.44794 10 29 37.04 +05 03 06.0          18.4 Rot8705644
L7390K05C25W  C2007 02 08.46829 10 29 35.91 +05 03 56.2          18.4 Rot8705644
L7390K05C25W  C2007 02 11.41067 10 26 54.77 +07 12 23.9          18.3 Rrt9478H45
L7390K05C25W  C2007 02 11.41218 10 26 54.67 +07 12 28.3          18.3 Rrt9478H45
L7390K05C25W  C2007 02 11.41310 10 26 54.62 +07 12 31.3          18.3 Rrt9478H45
L7390K05C25W  C2007 02 11.41491 10 26 54.51 +07 12 35.8          18.2 Rrt9478H45
L7390K05C25W  C2007 02 11.41593 10 26 54.43 +07 12 38.8          18.1 Rrt9478H45
L7390K05C25W  C2007 02 11.91940 10 26 24.88 +07 36 10.2          19.4 Vct9478B23
L7390K05C25W  C2007 02 11.92333 10 26 24.61 +07 36 22.0          18.4 Vct9478B23
L7390K05C25W  C2007 02 11.92726 10 26 24.33 +07 36 33.9          18.2 Vct9478B23
L7390K05C25W  C2007 02 11.93119 10 26 24.08 +07 36 45.4          18.8 Vct9478B23
L7390K05C25W  C2007 02 11.93513 10 26 23.82 +07 36 56.9          19.0 Vct9478B23
L7390K05C25W  C2007 02 13.35532 10 24 52.06 +08 46 00.7          18.5  ct9478704
L7390K05C25W  C2007 02 13.36679 10 24 51.10 +08 46 35.8          18.8  ct9478704
L7390K05C25W  C2007 02 13.37788 10 24 50.32 +08 47 07.4          18.4  ct9478704
L7390K05C25W  C2007 02 13.38954 10 24 49.49 +08 47 42.7          18.7  ct9478704
L7390K05C25W  C2007 02 13.40109 10 24 48.66 +08 48 17.5          18.7  ct9478704
L7390K05C25W  C2007 02 15.44660 10 22 23.62 +10 34 28.2          17.5 Rot9478644
L7390K05C25W  C2007 02 15.44780 10 22 23.52 +10 34 32.3          17.5 Rot9478644
L7390K05C25W  C2007 02 15.46819 10 22 21.91 +10 35 37.7          17.6 Rot9478644
L7390K05C25W  C2007 02 15.46940 10 22 21.81 +10 35 41.8          17.6 Rot9478644
L7390K05C25W  C2007 02 15.48857 10 22 20.29 +10 36 43.4          17.9 Rot9478644
L7390K05C25W  C2007 02 15.48976 10 22 20.19 +10 36 47.5          17.8 Rot9478644
L7390K05C25W  C2007 02 17.33265 10 19 56.80 +12 19 17.9          17.7  cu0378704
L7390K05C25W  C2007 02 17.34435 10 19 55.75 +12 19 58.2          17.6  cu0378704
L7390K05C25W  C2007 02 17.35591 10 19 54.72 +12 20 37.8          17.6  cu0378704
L7390K05C25W  C2007 02 17.36746 10 19 53.69 +12 21 17.5          17.8  cu0378704
L7390K05C25W  C2007 02 17.37941 10 19 52.66 +12 21 58.4          17.5  cu0378704
L7390K05C25W  C2007 02 17.43360 10 19 48.05 +12 25 05.1          17.7 Rou0378644
L7390K05C25W  C2007 02 17.45507 10 19 46.18 +12 26 18.8          17.6 Rou0378644
L7390K05C25W  C2007 02 17.47651 10 19 44.30 +12 27 32.5          17.6 Rou0378644
L7390K05C25W  C2007 02 21.36351 10 13 56.81 +16 24 45.2          17.8 Rru0378H45
L7390K05C25W  C2007 02 21.36529 10 13 56.61 +16 24 52.0          17.9 Rru0378H45
L7390K05C25W  C2007 02 21.36655 10 13 56.48 +16 24 57.0          17.6 Rru0378H45
L7390K05C25W  C2007 02 21.36749 10 13 56.37 +16 25 00.7          17.8 Rru0378H45
L7390K05C25W  C2007 02 22.95980 10 11 18.50 +18 09 28.3          17.8 Rcv1382A24
L7390K05C25W  C2007 02 22.97003 10 11 17.39 +18 10 09.5          17.8 Rcv1382A24
L7390K05C25W  C2007 02 22.98036 10 11 16.26 +18 10 51.0          17.8 Rcv1382A24
L7390K05C25W  C2007 02 22.99108 10 11 15.10 +18 11 34.0          17.8 Rcv1382A24
L7390K05C25W  C2007 02 23.00508 10 11 13.55 +18 12 30.0          18.1 Rcv1382A24
L7390K05C25W  C2007 02 23.01256 10 11 12.76 +18 13 00.4          18.2 Rcv1382A24
L7390K05C25W  C2007 02 23.02373 10 11 11.55 +18 13 45.3          18.3 Rcv1382A24
L7390K05C25W  C2007 02 23.03828 10 11 09.97 +18 14 43.8          17.8 Rcu0378A24
L7390K05C25W  C2007 02 23.03929 10 11 09.85 +18 14 47.8          17.5 Rcu0378A24
L7390K05C25W  C2007 02 23.27720 10 10 45.82 +18 30 51.8          17.7  cu0378704
L7390K05C25W  C2007 02 23.28893 10 10 44.46 +18 31 38.9          18.0  cu0378704
L7390K05C25W  C2007 02 23.30055 10 10 43.30 +18 32 25.8          18.4  cu0378704
L7390K05C25W  C2007 02 23.31211 10 10 41.93 +18 33 13.6          18.3  cu0378704
L7390K05C25W  C2007 02 23.32360 10 10 40.66 +18 33 59.1          18.0  cu0378704
L7390K05C25W  C2007 02 25.28988 10 07 09.70 +20 49 15.6                cu1516670
L7390K05C25W  C2007 02 25.29388 10 07 09.25 +20 49 32.6                cu1516670
L7390K05C25W  C2007 02 25.41207 10 06 55.23 +20 57 50.1                cu1516670
L7390K05C25W  C2007 02 25.41807 10 06 54.53 +20 58 15.2                cu1516670
L7390K05C25W  C2007 02 26.89619 10 04 06.77 +22 43 27.2          17.3 Rcu1516560
L7390K05C25W  C2007 02 26.89924 10 04 06.37 +22 43 40.5          17.2 Rcu1516560
L7390K05C25W  C2007 02 26.90228 10 04 05.99 +22 43 53.8          17.3 Rcu1516560
L7390K05C25W  C2007 03 01.02936 09 59 48.83 +25 19 18.5                ov2425204
L7390K05C25W  C2007 03 01.03356 09 59 48.29 +25 19 37.1                ov2425204
L7390K05C25W  C2007 03 01.03776 09 59 47.74 +25 19 55.6          17.6 Rov2425204
L7390K05C25W  C2007 03 08.25963 09 43 27.15 +34 25 40.9          18.5 Rru2353H45
L7390K05C25W  C2007 03 08.26328 09 43 26.55 +34 25 57.6          18.5 Rru2353H45
L7390K05C25W  C2007 03 08.26441 09 43 26.35 +34 26 02.6          18.5 Rru2353H45
L7390K05C25W  C2007 03 08.26642 09 43 26.06 +34 26 11.7          18.4 Rru2353H45
L7390K05C25W  C2007 03 08.26734 09 43 25.91 +34 26 15.8          18.5 Rru2353H45
L7390K05C25W  C2007 03 10.19337 09 38 40.09 +36 51 16.8          18.1 Vru2353703
L7390K05C25W  C2007 03 10.20159 09 38 38.76 +36 51 53.6          18.1 Vru2353703
L7390K05C25W  C2007 03 10.20985 09 38 37.42 +36 52 30.5          18.1 Vru2353703
L7390K05C25W  C2007 03 10.21819 09 38 36.06 +36 53 08.8          18.0 Vru2353703
L7390K05C25W  C2007 03 10.91326 09 36 49.94 +37 44 52.2          18.4 Rcu3066A53
L7390K05C25W  C2007 03 10.92020 09 36 48.88 +37 45 22.6          18.9 Rcu3066A53
L7390K05C25W  C2007 03 10.92752 09 36 47.66 +37 45 55.1          18.7 Rcu3066A53
L7390K05C25W  C2007 03 10.93483 09 36 46.44 +37 46 27.1          18.4 Rcu3066A53
L7390K05C25W  C2007 03 11.82919 09 34 29.56 +38 52 32.9          18.7 Vou3066151
L7390K05C25W  C2007 03 11.82995 09 34 29.42 +38 52 36.3          18.7 Vou3066151
L7390K05C25W  C2007 03 11.83071 09 34 29.28 +38 52 39.7          18.6 Vou3066151
L7390K05C25W  C2007 03 11.83147 09 34 29.17 +38 52 43.2          18.6 Vou3066151
L7390K05C25W  C2007 03 11.83223 09 34 29.04 +38 52 46.9          18.4 Vou3066151
L7390K05C25W  C2007 03 11.83299 09 34 28.93 +38 52 50.0          18.5 Vou3066151
L7390K05C25W  C2007 03 11.83375 09 34 28.82 +38 52 53.2          18.5 Vou3066151
L7390K05C25W  C2007 03 11.84847 09 34 26.40 +38 53 59.0          18.5  ru3066130
L7390K05C25W  C2007 03 11.84997 09 34 26.14 +38 54 05.8          18.3  ru3066130
L7390K05C25W  C2007 03 11.85148 09 34 25.89 +38 54 12.3          18.4  ru3066130
L7390K05C25W  C2007 03 11.85299 09 34 25.66 +38 54 18.8          18.4  ru3066130
L7390K05C25W  C2007 03 15.78990 09 24 01.08 +43 36 08.1          18.3 Vru3066240
L7390K05C25W  C2007 03 15.79480 09 24 00.28 +43 36 29.1          18.2 Vru3066240
L7390K05C25W  C2007 03 15.79969 09 23 59.43 +43 36 49.1          18.3 Vru3066240
L7390K05C25W  C2007 03 15.80312 09 23 58.83 +43 37 03.7          18.4 Vru3066240
L7390K05C25W  C2007 03 16.99716 09 20 42.77 +44 58 59.7          19.5 Vcu4597B23
L7390K05C25W  C2007 03 16.99952 09 20 42.39 +44 59 08.7          18.6 Vcu4597B23
L7390K05C25W  C2007 03 17.00188 09 20 41.95 +44 59 18.3          18.9 Vcu4597B23
L7390K05C25W  C2007 03 17.00425 09 20 41.47 +44 59 26.4          18.6 Vcu4597B23
L7390K05C25W  C2007 03 17.13894 09 20 21.44 +45 08 39.3          18.4 Vru4597703
L7390K05C25W  C2007 03 17.14808 09 20 19.93 +45 09 16.9          18.3 Vru4597703
L7390K05C25W  C2007 03 17.15724 09 20 18.42 +45 09 53.9          18.2 Vru4597703
L7390K05C25W  C2007 03 17.16647 09 20 16.62 +45 10 32.7          18.1 Vru4597703
L7390K05C25W  C2007 08 12.40350 02 31 22.55 -01 13 21.0          20.0  cv3140704
L7390K05C25W  C2007 08 12.42727 02 31 23.05 -01 15 03.3          19.4  cv3140704
L7390K05C25W  C2007 08 12.43915 02 31 23.33 -01 15 53.5          19.2  cv3140704
L7390K05C25W  C2009 02 01.25348 08 48 43.95 -00 59 13.3          19.9 Vr~03GR703
L7390K05C25W  C2009 02 01.25949 08 48 43.30 -00 59 04.0          19.2 Vr~03GR703
L7390K05C25W  C2009 02 01.27163 08 48 41.94 -00 58 43.7          19.6 Vr~03GR703
L7390K05C25W  C2009 02 17.27044 08 17 37.03 +07 17 53.4          19.8 Vo~04I8H55
L7390K05C25W  C2009 02 17.27334 08 17 36.68 +07 17 59.4          19.6 Vo~04I8H55
L7390K05C25W  C2009 02 17.27612 08 17 36.34 +07 18 05.3          19.8 Vo~04I8H55
L7390K05C25W  C2009 02 17.27877 08 17 36.03 +07 18 10.8          19.8 Vo~04I8H55
L7390K05C25W  C2009 03 18.17463 07 36 55.29 +24 12 23.9          20.0 Vr~05DiG96
L7390K05C25W  C2009 03 18.18211 07 36 54.97 +24 12 37.7          20.1 Vr~05DiG96
L7390K05C25W  C2009 03 18.18965 07 36 54.68 +24 12 51.6          19.8 Vr~05DiG96
L7390K05C25W  C2009 03 18.19719 07 36 54.36 +24 13 05.6          20.1 Vr~05DiG96
L7390K05C25W  C2009 03 29.12550 07 33 57.41 +29 25 19.6          20.3 Rc~05rY711
L7390K05C25W  C2009 03 29.13683 07 33 57.40 +29 25 37.0                c~05rY711
L7390K05C25W  C2009 03 29.14236 07 33 57.37 +29 25 43.8          20.6 Rc~05rY711
L7390K05C25W  C2009 03 29.14775 07 33 57.37 +29 25 54.3                c~05rY711
L7390K05C25W  C2009 03 29.15315 07 33 57.39 +29 26 02.1          20.5 Rc~05rY711
L7390K05C25W  C2009 07 29.88967 13 06 49.48 +57 02 12.9          19.7 Cv~07rJ204
L7390K05C25W  C2009 07 29.90540 13 06 55.94 +57 02 02.3                v~07rJ204
L7390K05C25W FC2009 07 29.93045 13 07 06.42 +57 01 44.1                v~07rJ204
