V4082K05C36Z  C2005 01 19.45834110 02 43.932+20 57 23.80                ~0Yum645
V4082K05C36Z  C2005 01 19.45917010 02 43.901+20 57 24.62                ~0Yum645
V4082K05C36Z  C2005 01 19.46082910 02 43.826+20 57 26.03                ~0Yum645
V4082K05C36Z  C2005 01 19.46165810 02 43.790+20 57 26.82                ~0Yum645
V4082K05C36Z*1C2005 02 06.05311 09 44 40.33 +26 05 26.6          19.4 Rjm6450012
V4082K05C36Z 1C2005 02 06.05797 09 44 39.97 +26 05 30.7          19.8 Rjm6450012
V4082K05C36Z 1C2005 02 06.06352 09 44 39.41 +26 05 37.9          19.3 Rjm6450012
V4082K05C36Z 5C2005 02 07.02597 09 43 19.33 +26 24 03.1          18.9 Rjm6450012
V4082K05C36Z 5C2005 02 07.03519 09 43 18.64 +26 24 12.1          19.1 Rjm6450012
V4082K05C36Z 5C2005 02 07.04005 09 43 18.01 +26 24 19.1          18.9 Rjm6450012
V4082K05C36Z 5C2005 02 07.04492 09 43 17.70 +26 24 23.9          18.9 Rjm6450012
V4082K05C36Z 5C2005 02 07.05464 09 43 16.90 +26 24 34.5          18.9 Rjm6450012
V4082K05C36Z 2C2005 02 27.96817 09 09 23.90 +32 41 41.0          19.8 V m7222012
V4082K05C36Z 2C2005 02 27.97211 09 09 23.66 +32 41 42.6          19.4 V m7222012
V4082K05C36Z 2C2005 02 27.97605 09 09 23.30 +32 41 47.6          20.3 V m7222012
V4082K05C36Z 2C2005 02 27.97999 09 09 22.83 +32 41 51.4          19.9 V m7222012
V4082K05C36Z 2C2005 02 27.99192 09 09 21.33 +32 42 03.5          19.3 V m7222012
V4082K05C36Z  C2005 03 02.87498 09 04 37.42 +33 24 44.4                rm7222J95
V4082K05C36Z  C2005 03 02.88067 09 04 36.98 +33 24 50.3                rm7222J95
V4082K05C36Z  C2005 03 02.88679 09 04 36.30 +33 24 55.3          19.6 Rrm7222J95
V4082K05C36Z  C2005 03 03.19706 09 04 06.20 +33 29 21.8          19.7 Rcm7222854
V4082K05C36Z  C2005 03 03.20274 09 04 05.72 +33 29 28.4          19.7 Rcm7222854
V4082K05C36Z  C2005 03 03.20841 09 04 05.11 +33 29 31.7          19.7 Rcm7222854
V4082K05C36Z 4C2005 03 03.28141 09 03 58.32 +33 30 35.6          19.2 Rom7222F65
V4082K05C36Z 4C2005 03 03.29428 09 03 57.03 +33 30 46.7          19.2 Rom7222F65
V4082K05C36Z 4C2005 03 03.30902 09 03 55.55 +33 30 59.2          19.3 Rom7222F65
V4082K05C36Z  C2005 03 04.90227 09 01 23.50 +33 52 50.2          20.0 Vrm8032941
V4082K05C36Z  C2005 03 04.90342 09 01 23.37 +33 52 51.0          20.0 Vrm8032941
V4082K05C36Z  C2005 03 04.90458 09 01 23.23 +33 52 52.3          20.0 Vrm8032941
V4082K05C36Z 2C2005 03 07.39493 08 57 33.29 +34 24 59.4          18.5 Rom8032H06
V4082K05C36Z 2C2005 03 07.40917 08 57 31.99 +34 25 09.7          18.9 Rom8032H06
V4082K05C36Z  C2005 03 08.22774 08 56 19.70 +34 35 12.3          19.5 Rrm8032703
V4082K05C36Z  C2005 03 08.23627 08 56 18.95 +34 35 18.3          19.0 Rrm8032703
V4082K05C36Z  C2005 03 08.24465 08 56 18.16 +34 35 24.4          18.9 Rrm8032703
V4082K05C36Z  C2005 03 08.25289 08 56 17.45 +34 35 29.9          18.6 Rrm8032703
V4082K05C36Z  C2005 03 08.92773 08 55 18.45 +34 43 26.8                cm8032587
V4082K05C36Z  C2005 03 08.93024 08 55 18.24 +34 43 29.0                cm8032587
V4082K05C36Z  C2005 03 08.93345 08 55 18.08 +34 43 32.3                cm8032587
V4082K05C36Z  C2005 03 13.86302 08 48 40.44 +35 36 06.0          19.7 Vrm9145240
V4082K05C36Z  C2005 03 13.86543 08 48 40.24 +35 36 07.1          19.7 Vrm9145240
V4082K05C36Z  C2005 03 13.87027 08 48 39.87 +35 36 09.8          19.8 Vrm9145240
V4082K05C36Z  C2005 03 26.91938 08 36 56.01 +37 08 02.9          19.8 Vrn0238941
V4082K05C36Z  C2005 03 26.92101 08 36 55.96 +37 08 03.4          19.7 Vrn0238941
V4082K05C36Z  C2005 03 26.92352 08 36 55.87 +37 08 04.2          20.0 Vrn0238941
V4082K05C36Z  C2005 03 26.92601 08 36 55.79 +37 08 05.0          20.3 Vrn0238941
V4082K05C36Z  C2005 04 03.80278 08 34 33.51 +37 35 09.9          19.5 Ron0787461
V4082K05C36Z  C2005 04 03.80566 08 34 33.48 +37 35 10.1                on0787461
V4082K05C36Z  C2005 04 03.80856 08 34 33.47 +37 35 10.8                on0787461
V4082K05C36Z  C2005 04 03.81147 08 34 33.44 +37 35 11.0                on0787461
V4082K05C36Z  C2005 04 03.81435 08 34 33.42 +37 35 11.3                on0787461
V4082K05C36Z 5C2005 04 10.90857 08 35 33.61 +37 44 42.9          19.2 Rgn1726012
V4082K05C36Z 5C2005 04 10.91745 08 35 33.76 +37 44 43.7          19.1 Rgn1726012
V4082K05C36Z 5C2005 04 10.93203 08 35 34.05 +37 44 43.7          19.6 Rgn1726012
V4082K05C36Z 5C2005 04 10.94662 08 35 34.26 +37 44 42.7          19.0 Rgn1726012
V4082K05C36Z 5C2005 04 10.96121 08 35 34.63 +37 44 43.7          18.9 Rgn1726012
V4082K05C36Z  C2005 05 02.13406 08 54 53.24 +37 05 21.3          20.3 Vrn3348H36
V4082K05C36Z  C2005 05 02.14150 08 54 54.08 +37 05 18.7          20.0 Vrn3348H36
V4082K05C36Z 2C2005 05 17.90932 09 22 33.93 +35 32 21.5                jn4883012
V4082K05C36Z 2C2005 05 17.92044 09 22 35.30 +35 32 13.7                jn4883012
V4082K05C36Z 2C2005 05 17.93158 09 22 36.59 +35 32 10.6                jn4883012
V4082K05C36Z 2C2005 05 17.94269 09 22 37.99 +35 32 04.4                jn4883012
V4082K05C36Z 2C2005 05 17.95520 09 22 39.57 +35 31 57.8                jn4883012
V4082K05C36Z  C2005 05 29.85104 09 49 32.45 +33 38 36.9          20   Ron5607461
V4082K05C36Z  C2005 05 29.85526 09 49 33.02 +33 38 33.3                on5607461
V4082K05C36Z  C2005 06 18.17524 10 42 06.58 +28 45 36.2          18.9 Vrn6540G96
V4082K05C36Z  C2005 06 18.17939 10 42 07.34 +28 45 30.9          19.0 Vrn6540G96
V4082K05C36Z  C2005 06 18.18354 10 42 08.06 +28 45 26.4          18.7 Vrn6540G96
V4082K05C36Z  C2005 06 18.18767 10 42 08.78 +28 45 21.6          19.3 Vrn6540G96
V4082K05C36Z  C2005 07 25.12366 12 49 24.85 +08 36 33.4                rn8640734
V4082K05C36Z  C2005 07 25.12597 12 49 25.38 +08 36 25.0          19.1 Rrn8640734
V4082K05C36Z  C2005 07 25.13206 12 49 26.77 +08 36 05.8                rn8640734
V4082K05C36Z  C2005 08 28.38968 15 46 10.99 -26 15 33.1          19.0 Rrn9666E14
V4082K05C36Z  C2005 08 28.39728 15 46 13.88 -26 15 58.2          18.8 Rrn9666E14
V4082K05C36Z  C2005 08 28.40597 15 46 17.12 -26 16 26.6          19.0 Rrn9666E14
V4082K05C36Z HC2006 12 10.21228 04 18 06.07 +04 02 40.4                dt2203291
V4082K05C36Z HC2006 12 10.21608 04 18 05.87 +04 02 40.1                dt2203291
V4082K05C36Z HC2006 12 10.21987 04 18 05.47 +04 02 39.9                dt2203291
V4082K05C36Z HC2007 12 05.33601 07 55 21.62 +15 54 40.4                ow9810291
V4082K05C36Z HC2007 12 05.34381 07 55 21.39 +15 54 40.9                ow9810291
V4082K05C36Z HC2007 12 30.25833 07 34 20.69 +17 40 12.0                ox2617691
V4082K05C36Z HC2007 12 30.27596 07 34 19.50 +17 40 18.7          21.6 Vox2617691
V4082K05C36Z  C2008 01 11.28464 07 19 33.92 +18 49 48.1          21.5 Vrx3393G96
V4082K05C36Z  C2008 01 11.29074 07 19 33.42 +18 49 50.3          22.0 Vrx3393G96
V4082K05C36Z  C2008 01 11.29674 07 19 32.98 +18 49 53.3          20.1 Vrx3393G96
V4082K05C36Z  C2008 01 11.30286 07 19 32.48 +18 49 54.4          21.6 Vrx3393G96
V4082K05C36Z mC2012 01 25.52487 16 09 27.99 -05 33 38.7                o~0chq291
V4082K05C36Z mC2012 01 25.52709 16 09 28.62 -05 33 39.7                o~0chq291
V4082K05C36Z mC2012 01 26.53222 16 14 10.34 -05 43 57.8                o~0chq291
V4082K05C36Z mC2012 01 26.53328 16 14 10.64 -05 43 58.6                o~0chq291
V4082K05C36Z mC2012 01 26.53433 16 14 10.93 -05 43 58.9                o~0chq291
V4082K05C36Z HC2012 01 27.54827 16 18 57.05 -05 54 14.7                o~0chq291
V4082K05C36Z HC2012 01 27.54932 16 18 57.34 -05 54 15.4                o~0chq291
V4082K05C36Z HC2012 01 27.55035 16 18 57.60 -05 54 16.2                o~0chq291
