     K05UF9J* C2005 10 30.51659 08 15 37.95 +10 52 36.1          19.3 Roo9791644
     K05UF9J  C2005 10 30.52780 08 15 41.25 +10 52 44.3          19.5 Roo9791644
     K05UF9J  C2005 10 30.53875 08 15 44.46 +10 52 51.7          19.6 Roo9791644
     K05UF9J  C2005 11 05.45757 08 48 53.05 +12 06 29.0          19.4  co9791704
     K05UF9J  C2005 11 05.46970 08 48 57.66 +12 06 40.3          19.4  co9791704
     K05UF9J  C2005 11 05.48186 08 49 02.19 +12 06 48.7          19.4  co9791704
     K05UF9J  C2005 11 05.49464 08 49 07.01 +12 07 00.2          19.2  co9791704
     K05UF9J 5C2005 11 05.50729 08 49 11.82 +12 07 10.0          19.2 Rco9791673
     K05UF9J 5C2005 11 05.51181 08 49 13.50 +12 07 13.9                co9791673
     K05UF9J 5C2005 11 05.51563 08 49 15.03 +12 07 16.9                co9791673
     K05UF9J 5C2005 11 05.52141 08 49 17.12 +12 07 21.8                co9791673
     K05UF9J  C2005 11 06.38313 08 54 50.58 +12 19 05.2          19.3 Rro9791734
     K05UF9J  C2005 11 06.38546 08 54 51.56 +12 19 07.1          19.0 Rro9791734
     K05UF9J  C2005 11 06.38734 08 54 52.41 +12 19 10.0          18.8 Roo9791699
     K05UF9J  C2005 11 06.38779 08 54 52.44 +12 19 09.3          19.4 Rro9791734
     K05UF9J 2C2005 11 06.38815 08 54 52.80 +12 19 10.8          19.1 Roo9791H06
     K05UF9J 2C2005 11 06.39367 08 54 54.79 +12 19 15.7          18.4 Roo9791H06
     K05UF9J 2C2005 11 06.39928 08 54 56.94 +12 19 21.5          18.8 Roo9792H06
     K05UF9J  C2005 11 06.40558 08 54 59.60 +12 19 24.4                oo9792699
     K05UF9J  C2005 11 06.42385 08 55 06.73 +12 19 40.0                oo9792699
     K05UF9J  C2005 11 06.44211 08 55 13.79 +12 19 54.3                oo9792699
     K05UF9J  C2005 11 06.44230 08 55 13.89 +12 19 56.3          19.0  co9792704
     K05UF9J 5C2005 11 06.44306 08 55 14.33 +12 19 56.5          19.0 Rco9792673
     K05UF9J  C2005 11 06.44590 08 55 15.30 +12 19 59.5          19.3 Rco9792651
     K05UF9J  C2005 11 06.44703 08 55 15.75 +12 20 00.9          19.3 Rco9792651
     K05UF9J  C2005 11 06.44815 08 55 16.21 +12 20 01.6          19.2 Rco9792651
     K05UF9J 5C2005 11 06.45000 08 55 17.03 +12 20 02.5                co9792673
     K05UF9J  C2005 11 06.45470 08 55 18.69 +12 20 07.2          19.6  co9792704
     K05UF9J 5C2005 11 06.45712 08 55 19.81 +12 20 08.1                co9792673
     K05UF9J  C2005 11 06.46718 08 55 23.59 +12 20 16.6          19.2  co9792704
     K05UF9J 5C2005 11 06.47095 08 55 25.17 +12 20 19.8                co9792673
     K05UF9J  C2005 11 06.47955 08 55 28.47 +12 20 27.3          19.5  co9792704
     K05UF9J  C2005 11 06.49186 08 55 33.30 +12 20 37.5          19.3  co9792704
     K05UF9J 5C2005 11 06.53310 08 55 49.62 +12 21 12.1          19.0 Rco9792673
     K05UF9J 5C2005 11 06.53669 08 55 51.02 +12 21 15.0                co9792673
     K05UF9J 5C2005 11 06.54271 08 55 53.33 +12 21 19.9                co9792673
     K05UF9J  C2005 11 07.44068 09 01 56.63 +12 33 50.3          19.0  co9792704
     K05UF9J  C2005 11 07.47091 09 02 09.03 +12 34 15.6          19.0  co9792704
     K05UF9J  C2005 11 07.48444 09 02 14.51 +12 34 27.2          19.1  co9792704
     K05UF9J  C2005 11 07.49806 09 02 20.07 +12 34 38.7          19.3  co9792704
     K05UF9J  C2005 11 08.15535 09 06 55.59 +12 43 51.4          18.8 Roo9792204
     K05UF9J  C2005 11 08.16655 09 07 00.32 +12 44 01.0                oo9792204
     K05UF9J 1C2005 11 09.58621 09 17 23.33 +13 04 20.7                 o9792F65
     K05UF9J 1C2005 11 09.58901 09 17 24.56 +13 04 23.2                 o9792F65
     K05UF9J 1C2005 11 09.59237 09 17 26.07 +13 04 25.9                 o9792F65
     K05UF9J 1C2005 11 09.59828 09 17 28.72 +13 04 31.1                 o9792F65
     K05UF9J 1C2005 11 09.60315 09 17 30.89 +13 04 35.3                 o9792F65
     K05UF9J #C2005 11 10.43194 09 23 52.96 +13 16 25.1                ro9792H06
     K05UF9J #C2005 11 10.43697 09 23 55.26 +13 16 28.7                ro9792H06
     K05UF9J  C2005 11 10.45858 09 24 05.33 +13 16 47.8                do9792291
     K05UF9J  C2005 11 10.46236 09 24 07.16 +13 16 51.4                do9792291
     K05UF9J  C2005 11 10.46614 09 24 08.88 +13 16 54.4                do9792291
     K05UF9J  C2005 11 10.49240 09 24 21.13 +13 17 17.1          18.7 Vro9792703
     K05UF9J  C2005 11 10.49721 09 24 23.32 +13 17 20.9          18.6 Vro9792703
     K05UF9J  C2005 11 10.50205 09 24 25.56 +13 17 25.6          18.8 Vro9792703
     K05UF9J  C2005 11 10.50689 09 24 27.86 +13 17 29.6          18.8 Vro9792703
     K05UF9J 1C2005 11 10.53457 09 24 41.40 +13 17 54.9                 o9792F65
     K05UF9J 1C2005 11 10.53622 09 24 42.16 +13 17 56.4                 o9792F65
     K05UF9J 1C2005 11 10.53784 09 24 42.94 +13 17 57.6                 o9792F65
     K05UF9J 1C2005 11 10.53936 09 24 43.63 +13 17 59.1                 o9792F65
     K05UF9J 1C2005 11 10.54010 09 24 44.00 +13 17 59.7                 o9792F65
     K05UF9J 2C2005 11 11.50368409 32 27.803+13 31 44.44         18.7 Roq3255568
     K05UF9J 2C2005 11 11.50804609 32 29.919+13 31 48.23         18.7 Roq3255568
     K05UF9J 5C2005 11 12.48137 09 40 37.87 +13 45 30.2          18.7 Rco9792673
     K05UF9J 5C2005 11 12.49005 09 40 42.24 +13 45 37.2                co9792673
     K05UF9J 5C2005 11 12.49618 09 40 45.37 +13 45 42.7                co9792673
     K05UF9J 5C2005 11 12.50197 09 40 48.51 +13 45 47.9                co9792673
     K05UF9J 2C2005 11 13.53367009 49 48.971+14 00 03.76         18.5 Roq3255568
     K05UF9J 2C2005 11 13.54123409 49 52.988+14 00 10.05         18.5 Roq3255568
     K05UF9J  C2005 11 19.15414 10 45 41.41 +15 03 15.3                rp0896147
     K05UF9J  C2005 11 19.15780 10 45 43.87 +15 03 17.3          18.3  rp0896147
     K05UF9J  C2005 11 19.16082 10 45 45.80 +15 03 17.8          18.3  rp0896147
     K05UF9J  C2005 12 01.50800 13 12 38.23 +13 45 04.5          18.6 Vrp2264703
     K05UF9J  C2005 12 01.51473 13 12 42.98 +13 44 56.9          18.5 Vrp2264703
     K05UF9J  C2005 12 01.52120 13 12 47.48 +13 44 47.8          18.6 Vrp2264703
     K05UF9J  C2005 12 01.52782 13 12 51.94 +13 44 39.4          18.7 Vrp2264703
     K05UF9J  C2005 12 04.52277 13 46 15.88 +12 31 41.9          18.8 Vrp3787703
     K05UF9J  C2005 12 04.52667 13 46 18.40 +12 31 35.8          18.8 Vrp3787703
     K05UF9J  C2005 12 04.53056 13 46 20.89 +12 31 30.6          18.8 Vrp3787703
     K05UF9J  C2005 12 04.53456 13 46 23.48 +12 31 23.6          18.8 Vrp3787703
     K05UF9J 2C2011 09 03.60020604 58 27.667-00 35 36.16         21.8 Ro~0b2M568
     K05UF9J 2C2011 09 03.60254504 58 27.801-00 35 36.31         21.8 Ro~0b2M568
     K05UF9J 2C2011 11 24.51067405 01 32.889-04 36 13.71         18.4 Ro~0b2M568
     K05UF9J 2C2011 11 24.51163405 01 32.747-04 36 13.50         18.3 Ro~0b2M568
     K05UF9J 2C2011 11 24.51259005 01 32.603-04 36 13.27         18.3 Ro~0b2M568
     K05UF9J  C2011 11 28.36103 04 51 06.94 -04 15 17.5          17.9 Vr~0b2M703
     K05UF9J  C2011 11 28.36743 04 51 05.76 -04 15 14.5          17.8 Vr~0b2M703
     K05UF9J  C2011 11 28.37385 04 51 04.53 -04 15 11.6          18.0 Vr~0b2M703
     K05UF9J  C2011 11 28.38023 04 51 03.34 -04 15 09.5          17.8 Vr~0b2M703
     K05UF9J QC2011 11 28.62921 04 50 17.84 -04 13 01.6          18.0 Vr~0b2ME12
     K05UF9J QC2011 11 28.64460 04 50 14.89 -04 12 54.6          18.0 Vr~0b2ME12
     K05UF9J QC2011 11 28.66015 04 50 11.94 -04 12 47.6          18.0 Vr~0b2ME12
     K05UF9J QC2011 11 28.69957 04 50 04.43 -04 12 29.3          17.9 Vr~0b2ME12
     K05UF9J  C2011 11 30.29829 04 44 53.89 -03 59 13.4          18.1 Ru~0b2MH45
     K05UF9J  C2011 11 30.30030 04 44 53.42 -03 59 12.2          18.3 Ru~0b2MH45
     K05UF9J  C2011 11 30.30334 04 44 52.79 -03 59 10.6          18.2 Ru~0b2MH45
     K05UF9J  C2011 11 30.30569 04 44 52.29 -03 59 09.6          18.1 Ru~0b2MH45
     K05UF9J  C2011 11 30.30730 04 44 51.98 -03 59 08.4          18.0 Ru~0b2MH45
     K05UF9J  C2011 11 30.30902 04 44 51.62 -03 59 07.4          18.1 Ru~0b2MH45
     K05UF9J  C2011 12 02.58491 04 36 36.31 -03 34 09.1          17.2 Ro~0b2ME10
     K05UF9J  C2011 12 02.58766 04 36 35.65 -03 34 07.1          17.5 Ro~0b2ME10
     K05UF9J  C2011 12 02.59043 04 36 35.00 -03 34 05.0          17.5 Ro~0b2ME10
     K05UF9J  C2011 12 04.07391 04 30 36.23 -03 14 10.5          17.0 Ro~0b2M844
     K05UF9J  C2011 12 04.07848 04 30 34.95 -03 14 08.0          16.5 Ro~0b2M844
     K05UF9J  C2011 12 04.08086 04 30 34.34 -03 14 05.7          16.7 Ro~0b2M844
     K05UF9J KC2011 12 06.02457 04 21 54.66 -02 43 08.9          16.6 Rw~0bQ0I99
     K05UF9J KC2011 12 06.02711 04 21 53.94 -02 43 05.8          16.7 Rw~0bQ0I99
     K05UF9J KC2011 12 06.02956 04 21 53.19 -02 43 03.3          16.8 Rw~0bQ0I99
     K05UF9J KC2011 12 06.89843 04 17 42.94 -02 26 59.8                t~0bWH204
     K05UF9J KC2011 12 06.90291 04 17 41.60 -02 26 54.6                t~0bWH204
     K05UF9J KC2011 12 06.90740 04 17 40.24 -02 26 49.6          16.9 Rt~0bWH204
     K05UF9J KC2011 12 10.23576403 59 40.06 -01 11 33.5          17.8 Vo~0bQ0H21
     K05UF9J KC2011 12 10.23833003 59 39.15 -01 11 29.5          17.7 Vo~0bQ0H21
     K05UF9J KC2011 12 10.24092103 59 38.20 -01 11 25.4          17.7 Vo~0bQ0H21
     K05UF9J KC2011 12 10.24342703 59 37.29 -01 11 21.3          17.6 Vo~0bQ0H21
     K05UF9J KC2011 12 10.24587303 59 36.42 -01 11 17.6          17.6 Vo~0bQ0H21
     K05UF9J KC2011 12 10.24799203 59 35.66 -01 11 13.9          17.6 Vo~0bQ0H21
     K05UF9J KC2011 12 10.25003003 59 34.91 -01 11 11.1          17.7 Vo~0bQ0H21
     K05UF9J  C2011 12 11.11478203 54 22.05 -00 47 44.5          17.4 Vo~0bQ0H21
     K05UF9J  C2011 12 11.11693403 54 21.23 -00 47 40.8          17.3 Vo~0bQ0H21
     K05UF9J  C2011 12 11.11908003 54 20.42 -00 47 37.2          17.3 Vo~0bQ0H21
     K05UF9J  C2011 12 11.12152703 54 19.49 -00 47 33.1          17.2 Vo~0bQ0H21
     K05UF9J  C2011 12 11.12366003 54 18.68 -00 47 29.7          17.3 Vo~0bQ0H21
     K05UF9J  C2011 12 11.12610703 54 17.75 -00 47 25.5          17.3 Vo~0bQ0H21
     K05UF9J  C2011 12 11.12825303 54 16.96 -00 47 21.9          17.4 Vo~0bQ0H21
     K05UF9J  C2011 12 11.13039903 54 16.13 -00 47 18.3          17.3 Vo~0bQ0H21
     K05UF9J  C2011 12 11.13285003 54 15.20 -00 47 14.0          17.3 Vo~0bQ0H21
     K05UF9J KC2011 12 12.18785603 47 31.71 -00 16 14.6          17.1 Vo~0bQ0H21
     K05UF9J KC2011 12 12.19301303 47 29.64 -00 16 05.2          17.1 Vo~0bQ0H21
     K05UF9J KC2011 12 12.19559203 47 28.60 -00 16 00.5          17.1 Vo~0bQ0H21
     K05UF9J KC2011 12 12.19817203 47 27.58 -00 15 55.7          17.1 Vo~0bQ0H21
     K05UF9J KC2011 12 12.20051703 47 26.63 -00 15 51.4          17.1 Vo~0bQ0H21
     K05UF9J KC2011 12 12.20333103 47 25.51 -00 15 46.2          17.0 Vo~0bQ0H21
     K05UF9J 2C2011 12 18.68622402 57 28.72 +03 56 13.8                u~0ets089
     K05UF9J 2C2011 12 18.68826002 57 27.59 +03 56 19.8                u~0ets089
     K05UF9J 2C2011 12 18.69029802 57 26.50 +03 56 25.4                u~0ets089
     K05UF9J 2C2011 12 18.69233502 57 25.40 +03 56 31.1                u~0ets089
     K05UF9J 2C2011 12 18.76266402 56 47.21 +03 59 51.0                u~0ets089
     K05UF9J 2C2011 12 18.76469802 56 46.14 +03 59 56.7                u~0ets089
     K05UF9J 2C2011 12 18.76673502 56 45.02 +04 00 02.3                u~0ets089
     K05UF9J 2C2011 12 18.76877102 56 43.91 +04 00 08.5                u~0ets089
     K05UF9J 2C2011 12 18.77080802 56 42.80 +04 00 14.2                u~0ets089
     K05UF9J KC2011 12 18.83880 02 56 06.58 +04 03 30.7          15.3 Rw~0bWHI99
     K05UF9J KC2011 12 18.84278 02 56 04.46 +04 03 41.7          15.8 Rw~0bWHI99
     K05UF9J KC2011 12 18.84667 02 56 02.24 +04 03 52.1          16.3 Rw~0bWHI99
     K05UF9J KC2011 12 19.88070 02 46 34.03 +04 54 17.3          16.1 Rw~0bWHI99
     K05UF9J KC2011 12 19.88210 02 46 33.25 +04 54 21.4          16.5 Rw~0bWHI99
     K05UF9J KC2011 12 19.88331 02 46 32.48 +04 54 25.2          16.3 Rw~0bWHI99
     K05UF9J  C2011 12 22.79163 02 17 54.14 +07 28 08.9          16.8 Rt~0bdD130
     K05UF9J  C2011 12 22.79245 02 17 53.61 +07 28 11.6          16.6 Rt~0bdD130
     K05UF9J  C2011 12 22.79354 02 17 52.92 +07 28 14.9          16.6 Rt~0bdD130
     K05UF9J  C2011 12 22.79436 02 17 52.37 +07 28 18.1          16.8 Rt~0bdD130
     K05UF9J |C2011 12 23.02586 02 15 28.32 +07 41 47.9          16.6 Vo~0bWH807
     K05UF9J |C2011 12 23.02842 02 15 26.68 +07 41 56.5          16.8 Vo~0bWH807
     K05UF9J |C2011 12 23.03097 02 15 25.07 +07 42 05.0          16.9 Vo~0bWH807
     K05UF9J |C2011 12 23.03656 02 15 21.51 +07 42 23.7          17.4 Vo~0bWH807
     K05UF9J |C2011 12 23.04366 02 15 17.01 +07 42 47.4          16.9 Vo~0bWH807
     K05UF9J KC2011 12 23.78232 02 07 31.06 +08 23 42.9          16.7 Ru~0bdD157
     K05UF9J KC2011 12 23.78338 02 07 30.37 +08 23 46.4          16.6 Ru~0bdD157
     K05UF9J KC2011 12 23.78444 02 07 29.69 +08 23 50.1          16.5 Ru~0bdD157
     K05UF9J KC2011 12 23.78549 02 07 28.99 +08 23 53.9          16.6 Ru~0bdD157
     K05UF9J  C2011 12 24.39100 02 01 00.37 +08 58 25.8          17.7 Vu~0bdD379
     K05UF9J  C2011 12 24.39285 02 00 59.16 +08 58 32.4          17.4 Vu~0bdD379
     K05UF9J  C2011 12 24.40056 02 00 54.05 +08 58 58.2          17.4 Vu~0bdD379
     K05UF9J  C2011 12 24.40912 02 00 48.42 +08 59 28.1          17.3 Vu~0bdD379
     K05UF9J  C2011 12 24.43997 02 00 28.11 +09 01 13.7          17.4 Vu~0bdD379
     K05UF9J  C2011 12 24.47194 02 00 07.05 +09 03 03.5          17.3 Vu~0bdD379
     K05UF9J  C2011 12 27.00017 01 32 02.67 +11 28 57.2                u~0bdDI15
     K05UF9J  C2011 12 27.00216 01 32 01.30 +11 29 03.9                u~0bdDI15
     K05UF9J  C2011 12 27.00417 01 31 59.92 +11 29 10.9                u~0bdDI15
     K05UF9J  C2011 12 27.11767 01 30 42.35 +11 35 48.7          16.3 Ro~0bdDG48
     K05UF9J  C2011 12 27.11862 01 30 41.68 +11 35 51.9          16.4 Ro~0bdDG48
     K05UF9J  C2011 12 27.11959 01 30 41.00 +11 35 55.7          16.5 Ro~0bdDG48
     K05UF9J  C2011 12 27.12052 01 30 40.35 +11 35 58.6          16.4 Ro~0bdDG48
     K05UF9J  C2011 12 27.12148 01 30 39.69 +11 36 01.8          16.5 Ro~0bdDG48
     K05UF9J  C2011 12 27.12241 01 30 39.05 +11 36 05.2          16.5 Ro~0bdDG48
     K05UF9J  C2011 12 27.12521 01 30 37.14 +11 36 14.7          16.2 Ro~0bdDG48
     K05UF9J  C2012 01 06.02397 23 37 35.78 +19 32 11.6                u~0bxvI15
     K05UF9J  C2012 01 06.02702 23 37 33.85 +19 32 18.0                u~0bxvI15
     K05UF9J  C2012 01 06.02913 23 37 32.46 +19 32 21.6                u~0bxvI15
     K05UF9J KC2012 01 07.04474 23 26 43.35 +20 04 39.1          18.3 Vo~0cHhH21
     K05UF9J KC2012 01 07.04622 23 26 42.40 +20 04 41.7          17.6 Vo~0cHhH21
     K05UF9J KC2012 01 07.04904 23 26 40.61 +20 04 46.8          18.2 Vo~0cHhH21
     K05UF9J KC2012 01 07.05045 23 26 39.72 +20 04 49.3          18.1 Vo~0cHhH21
     K05UF9J KC2012 01 07.05398 23 26 37.46 +20 04 55.5          17.8 Vo~0cHhH21
     K05UF9J KC2012 01 07.79767 23 18 52.35 +20 26 10.3                t~0cHh204
     K05UF9J KC2012 01 07.80134 23 18 50.08 +20 26 16.3                t~0cHh204
     K05UF9J KC2012 01 07.80503 23 18 47.75 +20 26 21.9          17.5 Rt~0cHh204
     K05UF9J KC2012 01 10.02558 22 56 34.20 +21 18 37.6          18.0 Vo~0cHhH21
     K05UF9J KC2012 01 10.02840 22 56 32.55 +21 18 40.8          18.3 Vo~0cHhH21
     K05UF9J KC2012 01 10.03121 22 56 30.90 +21 18 43.9          18.2 Vo~0cHhH21
     K05UF9J KC2012 01 10.03404 22 56 29.21 +21 18 46.9          18.1 Vo~0cHhH21
     K05UF9J KC2012 01 10.03684 22 56 27.57 +21 18 50.2          18.3 Vo~0cHhH21
     K05UF9J |C2012 05 28.40064 22 45 44.12 -37 24 32.2          21.1 Vo~0hBP807
     K05UF9J |C2012 05 28.40872 22 45 44.39 -37 24 43.9          21.0 Vo~0hBP807
     K05UF9J |C2012 05 28.41679 22 45 44.60 -37 24 55.5          21.0 Vo~0hBP807
