I7026K05E70K* C2005 03 08.11630 02 33 00.84 +37 22 13.0          19.3  cm8144704
I7026K05E70K  C2005 03 08.12776 02 33 04.39 +37 22 12.4          19.4  cm8144704
I7026K05E70K  C2005 03 08.13987 02 33 08.18 +37 22 13.1          19.2  cm8144704
I7026K05E70K  C2005 03 08.15136 02 33 11.93 +37 22 13.3          19.2  cm8144704
I7026K05E70K  C2005 03 09.13153 02 38 24.94 +37 22 49.8          19.5 Rcm8144854
I7026K05E70K  C2005 03 09.13817 02 38 26.84 +37 22 48.8          19.7 Rcm8144854
I7026K05E70K  C2005 03 09.14481 02 38 29.06 +37 22 47.3          19.5 Rcm8144854
I7026K05E70K  C2005 03 10.09183 02 43 30.93 +37 22 40.7          19.3 Rrm8144448
I7026K05E70K  C2005 03 10.09909 02 43 33.27 +37 22 40.1          19.9 Rrm8144448
I7026K05E70K  C2005 03 10.10554 02 43 35.25 +37 22 40.6          19.4 Rcm8144651
I7026K05E70K  C2005 03 10.10747 02 43 35.91 +37 22 40.3          19.5 Rcm8144651
I7026K05E70K  C2005 03 10.10766 02 43 35.97 +37 22 39.2          19.8 Rrm8144448
I7026K05E70K  C2005 03 10.10878 02 43 36.32 +37 22 40.1          19.5 Rcm8144651
I7026K05E70K  C2005 03 12.81437 02 57 54.85 +37 18 09.1                rm9194J95
I7026K05E70K  C2005 03 12.83175 02 58 00.29 +37 18 07.0          19.8 Rrm9194J95
I7026K05E70K 7C2005 04 06.16336 04 56 45.76 +32 51 09.8                on1747696
I7026K05E70K 7C2005 04 06.16475 04 56 46.18 +32 51 07.7                on1747696
I7026K05E70K  C2005 04 06.78901 04 59 30.12 +32 39 59.0          19.5 Ron0805461
I7026K05E70K  C2005 04 06.79255 04 59 31.04 +32 39 55.2                on0805461
I7026K05E70K 1C2005 09 19.39417 14 33 46.15 -31 01 33.4          19.3 Rro2231413
I7026K05E70K 1C2005 09 19.40092 14 33 48.43 -31 01 32.0          19.2 Rro2231413
I7026K05E70K 1C2005 09 22.42945 14 51 02.18 -30 46 24.9          19.0 Rro2231413
I7026K05E70K 1C2005 09 22.43360 14 51 03.62 -30 46 23.0          19.0 Rro2231413
I7026K05E70K  C2005 12 28.07640 21 25 56.03 +27 03 02.6          18.6 Rrp6602448
I7026K05E70K  C2005 12 28.08512 21 25 57.91 +27 03 19.5          18.9 Rrp6602448
I7026K05E70K  C2005 12 28.09350 21 25 59.73 +27 03 35.3          19.5 Rrp6602448
I7026K05E70K 7C2005 12 29.10517 21 29 40.48 +27 36 02.1                op9001696
I7026K05E70K 7C2005 12 29.10828 21 29 41.11 +27 36 08.1                op9001696
I7026K05E70K  C2006 02 24.11118 02 26 44.34 +41 58 57.6          18.5 Vrq3853703
I7026K05E70K  C2006 02 24.11597 02 26 45.96 +41 58 55.0          18.8 Vrq3853703
I7026K05E70K  C2006 02 24.12076 02 26 47.58 +41 58 51.0          18.8 Vrq3853703
I7026K05E70K  C2006 02 24.12557 02 26 49.38 +41 58 48.4          19.3 Vrq3853703
I7026K05E70K 1C2006 04 24.14536 06 41 03.78 +17 11 40.4                oq9921696
I7026K05E70K 1C2006 04 24.14622 06 41 03.90 +17 11 38.0                oq9921696
I7026K05E70K 1C2006 04 24.14706 06 41 04.09 +17 11 36.8                oq9921696
I7026K05E70K  C2006 10 19.25163 17 26 21.53 +07 11 30.3          18.8 Vrs2958F84
I7026K05E70K  C2006 10 19.26327 17 26 23.85 +07 12 11.1          18.7 Vrs2958F84
I7026K05E70K  C2006 12 23.72297 20 13 12.85 +48 31 07.4          19.1  ot2203130
I7026K05E70K  C2006 12 23.73175 20 13 14.67 +48 31 21.7          19.3  ot2203130
I7026K05E70K  C2006 12 23.73478 20 13 15.28 +48 31 26.7          19.3  ot2203130
I7026K05E70K  C2006 12 23.73778 20 13 15.89 +48 31 31.3          19.0  ot2203130
I7026K05E70K  C2007 01 16.73576 22 19 01.86 +58 24 16.9          17.6 Rit7053071
I7026K05E70K  C2007 01 16.74005 22 19 04.04 +58 24 22.3          17.8 Rit7053071
I7026K05E70K  C2007 01 16.74377 22 19 05.30 +58 24 25.0          17.5 Rit7053071
I7026K05E70K 1C2007 01 20.82488522 52 08.12 +59 25 55.3                ov1757084
I7026K05E70K  C2007 02 11.73201 02 20 39.06 +54 51 15.0          18.2 Rct9478A94
I7026K05E70K  C2007 02 11.73922 02 20 42.63 +54 50 56.9          18.2 Rct9478A94
I7026K05E70K  C2007 02 11.74306 02 20 45.36 +54 50 45.4          18.3 Rct9478A94
I7026K05E70K  C2007 02 20.03757 03 24 15.18 +48 28 50.9          18.5 Rru0378H45
I7026K05E70K  C2007 02 20.03831 03 24 15.53 +48 28 48.5          18.6 Rru0378H45
I7026K05E70K  C2007 02 20.03906 03 24 15.79 +48 28 45.8          18.2 Rru0378H45
I7026K05E70K  C2007 02 20.04042 03 24 16.33 +48 28 41.8          18.2 Rru0378H45
I7026K05E70K  C2007 02 20.04117 03 24 16.61 +48 28 39.4          18.6 Rru0378H45
I7026K05E70K  C2007 02 20.04198 03 24 16.91 +48 28 36.8          18.1 Rru0378H45
I7026K05E70K  C2007 02 25.16043 03 56 01.48 +43 54 57.6                cu1516670
I7026K05E70K  C2007 02 25.16241 03 56 02.16 +43 54 50.5                cu1516670
I7026K05E70K  C2007 02 25.22162 03 56 22.11 +43 51 32.2                cu1516670
I7026K05E70K  C2007 02 25.22362 03 56 22.78 +43 51 25.7                cu1516670
I7026K05E70K  C2007 02 26.04938 04 01 02.06 +43 06 00.8          18.1 Rru1516H45
I7026K05E70K  C2007 02 26.05087 04 01 02.54 +43 05 55.8          18.1 Rru1516H45
I7026K05E70K  C2007 02 26.05261 04 01 03.08 +43 05 50.4          18.2 Rru1516H45
I7026K05E70K  C2007 02 26.05340 04 01 03.38 +43 05 47.6          18.3 Rru1516H45
I7026K05E70K  C2007 02 26.05432 04 01 03.64 +43 05 44.7          18.3 Rru1516H45
I7026K05E70K  C2007 02 26.05506 04 01 03.92 +43 05 42.1          18.3 Rru1516H45
I7026K05E70K  C2007 03 10.11152 04 57 10.60 +32 01 57.5          18.5  cu3066704
I7026K05E70K  C2007 03 10.12244 04 57 13.07 +32 01 21.9          19.0  cu3066704
I7026K05E70K  C2007 03 10.13347 04 57 15.57 +32 00 46.8          18.7  cu3066704
I7026K05E70K  C2007 03 10.14445 04 57 18.07 +32 00 11.1          18.5  cu3066704
I7026K05E70K  C2007 03 10.15548 04 57 20.63 +31 59 35.4          18.7  cu3066704
I7026K05E70K  C2007 03 16.11345 05 19 00.95 +26 51 18.0          18.7  cu4597704
I7026K05E70K  C2007 03 16.12414 05 19 03.11 +26 50 45.7          19.0  cu4597704
I7026K05E70K  C2007 03 16.13496 05 19 05.23 +26 50 13.3          18.7  cu4597704
I7026K05E70K  C2007 03 16.14570 05 19 07.17 +26 49 40.9          19.2  cu4597704
I7026K05E70K  C2007 03 16.15653 05 19 09.48 +26 49 07.9          18.9  cu4597704
I7026K05E70K  C2008 01 12.06622 15 24 52.75 +60 40 08.1          17.3 Riy0728071
I7026K05E70K  C2008 01 12.06872 15 24 52.47 +60 40 11.7          17.1 Riy0728071
I7026K05E70K  C2008 01 12.07120 15 24 52.27 +60 40 15.5          17.1 Riy0728071
I7026K05E70K  C2008 01 15.49577815 18 47.72 +62 09 00.2          17.5 Vox4252H55
I7026K05E70K  C2008 01 15.49889115 18 47.28 +62 09 05.5          17.5 Vox4252H55
I7026K05E70K  C2008 01 15.50200215 18 46.82 +62 09 10.8          17.5 Vox4252H55
I7026K05E70K  C2008 01 19.29499 15 08 31.21 +64 06 12.4          16.8 Rox5051H51
I7026K05E70K  C2008 01 19.29591 15 08 31.03 +64 06 14.5          16.7 Rox5051H51
I7026K05E70K  C2008 01 19.29683 15 08 30.84 +64 06 16.4          16.8 Rox5052H51
I7026K05E70K  C2008 01 19.29772 15 08 30.65 +64 06 18.3          16.7 Rox5052H51
I7026K05E70K  C2008 01 19.29863 15 08 30.46 +64 06 20.3          16.9 Rox5052H51
I7026K05E70K  C2008 01 19.29954 15 08 30.27 +64 06 22.2          16.7 Rox5052H51
I7026K05E70K  C2008 01 20.45538 15 04 18.57 +64 46 46.8          16.7  cx5052704
I7026K05E70K  C2008 01 20.46752 15 04 15.54 +64 47 14.0          16.8  cx5052704
I7026K05E70K  C2008 01 20.47973 15 04 12.44 +64 47 41.4          16.5  cx5052704
I7026K05E70K  C2008 01 20.49187 15 04 09.37 +64 48 08.7          16.5  cx5052704
I7026K05E70K  C2008 01 20.50463 15 04 06.07 +64 48 37.0          16.5  cx5052704
I7026K05E70K  C2008 01 30.35946 13 44 26.54 +71 40 05.2          16.0 Rrx5340H45
I7026K05E70K  C2008 01 30.36020 13 44 25.85 +71 40 07.1          16.0 Rrx5340H45
I7026K05E70K  C2008 01 30.36144 13 44 24.65 +71 40 10.4          16.0 Rrx5340H45
I7026K05E70K  C2008 01 30.36293 13 44 23.29 +71 40 14.5          16.1 Rrx5340H45
I7026K05E70K  C2008 01 30.36447 13 44 21.82 +71 40 18.4          15.7 Rrx5340H45
I7026K05E70K  C2008 02 02.86079 12 36 32.36 +73 42 36.0                cx9421127
I7026K05E70K  C2008 02 02.86299 12 36 29.24 +73 42 39.3                cx9421127
I7026K05E70K  C2008 02 02.86532 12 36 25.85 +73 42 42.9                cx9421127
I7026K05E70K  C2008 02 02.86769 12 36 22.46 +73 42 46.6                cx9422127
I7026K05E70K  C2008 02 02.86999 12 36 19.12 +73 42 50.2                cx9422127
I7026K05E70K  C2008 02 03.50303 12 20 30.91 +73 55 37.1          16.7 Rox9153300
I7026K05E70K  C2008 02 03.50536 12 20 27.23 +73 55 40.1          16.2 Rox9153300
I7026K05E70K  C2008 02 03.50766 12 20 23.69 +73 55 42.8          16.4 Rox9153300
I7026K05E70K  C2008 02 03.50884 12 20 21.81 +73 55 44.8          16.1 Rox9153300
I7026K05E70K  C2008 02 03.50999 12 20 20.04 +73 55 46.2          16.4 Rox9153300
I7026K05E70K  C2008 02 05.90072 11 12 24.53 +73 56 32.0          16.4 Rox6236J44
I7026K05E70K  C2008 02 05.90304 11 12 20.27 +73 56 30.6          16.5 Rox6236J44
I7026K05E70K  C2008 02 05.90478 11 12 16.97 +73 56 28.3          16.4 Rox6236J44
I7026K05E70K  C2008 02 06.87637 10 42 48.47 +73 29 14.9          15.3 Rcx6236J69
I7026K05E70K  C2008 02 06.87720 10 42 46.95 +73 29 13.2          15.6 Rcx6236J69
I7026K05E70K  C2008 02 06.87804 10 42 45.35 +73 29 11.2          15.2 Rcx6236J69
I7026K05E70K  C2008 02 06.87888 10 42 43.89 +73 29 09.6          15.3 Rcx6236J69
I7026K05E70K  C2008 02 06.87971 10 42 42.37 +73 29 08.2          15.3 Rcx6236J69
I7026K05E70K  C2008 02 06.94605 10 40 39.41 +73 26 50.3                cx9422127
I7026K05E70K  C2008 02 06.94885 10 40 34.23 +73 26 44.2                cx9422127
I7026K05E70K  C2008 02 06.95113 10 40 30.04 +73 26 39.1                cx9422127
I7026K05E70K  C2008 02 06.95394 10 40 24.79 +73 26 33.0                cx9422127
I7026K05E70K  C2008 02 06.95632 10 40 20.44 +73 26 27.6                cx9422127
I7026K05E70K  C2008 02 09.97568 09 15 59.01 +69 58 25.3          15.5 Vox7536J66
I7026K05E70K  C2008 02 09.97703 09 15 56.98 +69 58 17.5          15.5 Vox7536J66
I7026K05E70K  C2008 02 09.97834 09 15 54.99 +69 58 09.7          15.4 Vox7536J66
I7026K05E70K  C2008 02 09.97966 09 15 53.01 +69 58 02.1          15.4 Vox7536J66
I7026K05E70K  C2008 02 09.98101 09 15 50.99 +69 57 54.1          15.4 Vox7536J66
I7026K05E70K  C2008 02 09.98206 09 15 49.39 +69 57 47.9          15.4 Vox7536J66
I7026K05E70K  C2008 02 10.48006 09 04 03.57 +69 06 30.5          14.8 Vmx7536379
I7026K05E70K  C2008 02 10.48159 09 04 01.42 +69 06 20.6          14.8 Vmx7536379
I7026K05E70K  C2008 02 10.48311 09 03 59.25 +69 06 11.5          14.9 Vmx7536379
I7026K05E70K  C2008 02 10.49160 09 03 47.17 +69 05 18.6          15.2 Vmx7536379
I7026K05E70K  C2008 02 10.49313 09 03 45.10 +69 05 08.7          15.1 Vmx7536379
I7026K05E70K  C2008 02 10.49837 09 03 37.60 +69 04 35.3          15.0 Vmx7536379
I7026K05E70K  C2008 02 10.50142 09 03 33.19 +69 04 16.1          15.2 Vmx7536379
I7026K05E70K  C2008 02 10.50465 09 03 28.61 +69 03 55.5          14.9 Vmx7536379
I7026K05E70K  C2008 02 11.90712 08 33 55.58 +66 15 53.8          15.0 Rox7536J51
I7026K05E70K  C2008 02 11.91278 08 33 48.87 +66 15 10.1          15.0 Rox7536J51
I7026K05E70K  C2008 02 11.91345 08 33 44.33 +66 14 58.7          14.9 Rax7536233
I7026K05E70K  C2008 02 11.91458 08 33 42.99 +66 14 50.0          14.9 Rax7536233
I7026K05E70K  C2008 02 11.91622 08 33 41.06 +66 14 37.2          14.8 Rax7536233
I7026K05E70K  C2008 02 11.92104 08 33 39.07 +66 14 06.4          14.9 Rox7536J51
I7026K05E70K  C2008 02 12.82060 08 17 29.46 +64 09 43.5          15.7 Vox7536510
I7026K05E70K  C2008 02 12.82140 08 17 28.65 +64 09 36.6          15.5 Vox7536510
I7026K05E70K  C2008 02 12.82220 08 17 27.81 +64 09 29.7          15.5 Vox7536510
I7026K05E70K  C2008 02 12.88322 08 16 24.53 +64 00 51.3          15.5 Vcx7536A48
I7026K05E70K  C2008 02 12.88651 08 16 21.15 +64 00 23.0          15.4 Vcx7536A48
I7026K05E70K  C2008 02 12.88979 08 16 17.72 +63 59 54.3          15.5 Vcx7536A48
I7026K05E70K  C2008 02 12.89308 08 16 14.33 +63 59 26.0          15.5 Vcx7536A48
I7026K05E70K  C2008 02 12.89618 08 16 11.13 +63 58 59.1          15.2 Vcx7536A48
I7026K05E70K  C2008 02 13.05056 08 13 33.71 +63 36 14.3                ox9153204
I7026K05E70K  C2008 02 13.06738 08 13 16.90 +63 33 42.6          14.8 Rox9153204
I7026K05E70K  C2008 02 13.09079 08 12 53.69 +63 30 11.2                ox9153204
I7026K05E70K  C2008 02 13.80023 08 02 08.89 +61 42 12.9                cx7536J71
I7026K05E70K  C2008 02 13.80570 08 02 04.00 +61 41 22.4                cx7536J71
I7026K05E70K  C2008 02 13.81178 08 01 58.56 +61 40 26.2                cx7536J71
I7026K05E70K  C2008 02 13.81786 08 01 53.14 +61 39 30.0                cx7536J71
I7026K05E70K  C2008 02 13.90879 08 00 30.77 +61 25 32.6          15.2 Vox7536A81
I7026K05E70K  C2008 02 13.91095 08 00 28.82 +61 25 12.3          15.2 Vox7536A81
I7026K05E70K  C2008 02 13.91508 08 00 25.10 +61 24 33.2          15.1 Vox7536A81
I7026K05E70K  C2008 02 14.53532 07 51 56.57 +59 44 46.4          14.9 Rmx9153355
I7026K05E70K  C2008 02 14.53649 07 51 55.60 +59 44 35.6                mx9153355
I7026K05E70K  C2008 02 14.53765 07 51 54.64 +59 44 23.7                mx9153355
I7026K05E70K  C2008 02 14.53881 07 51 53.70 +59 44 12.8                mx9153355
I7026K05E70K  C2008 02 14.53997 07 51 52.71 +59 44 01.0                mx9153355
I7026K05E70K  C2008 02 14.54229 07 51 50.84 +59 43 38.3                mx9153355
I7026K05E70K  C2008 02 15.62203 07 38 46.03 +56 40 43.9          15.0 Vox9153379
I7026K05E70K  C2008 02 15.64966 07 38 26.88 +56 35 51.9          15.4 Vox9153379
I7026K05E70K  C2008 02 15.65272 07 38 24.73 +56 35 18.8          14.6 Vox9153379
I7026K05E70K  C2008 02 15.66425 07 38 16.76 +56 33 16.2          14.8 Vox9153379
I7026K05E70K  C2008 02 15.66578 07 38 15.70 +56 32 59.9          14.7 Vox9153379
I7026K05E70K  C2008 02 16.89560 07 25 53.16 +52 53 29.9          15.1 Rcx9153J69
I7026K05E70K  C2008 02 16.89638 07 25 52.73 +52 53 21.1          15.1 Rcx9153J69
I7026K05E70K  C2008 02 16.89715 07 25 52.28 +52 53 12.6          15.0 Rcx9153J69
I7026K05E70K  C2008 02 16.89794 07 25 51.82 +52 53 04.1          15.0 Rcx9153J69
I7026K05E70K  C2008 02 16.89873 07 25 51.38 +52 52 55.6          15.2 Rcx9153J69
I7026K05E70K  C2008 02 17.52972 07 20 15.96 +50 57 18.8          14.9 Vox9153379
I7026K05E70K  C2008 02 17.53299 07 20 14.20 +50 56 42.5          14.8 Vox9153379
I7026K05E70K  C2008 02 17.53426 07 20 13.49 +50 56 28.2          15.0 Vox9153379
I7026K05E70K  C2008 02 17.53553 07 20 12.82 +50 56 14.4          15.1 Vox9153379
I7026K05E70K  C2008 02 17.53916 07 20 10.93 +50 55 34.7          14.9 Vox9153379
I7026K05E70K  C2008 02 17.54043 07 20 10.19 +50 55 20.0          14.9 Vox9153379
I7026K05E70K  C2008 02 17.54728 07 20 06.51 +50 54 04.1          14.9 Vox9153379
I7026K05E70K  C2008 02 17.54855 07 20 05.84 +50 53 49.2          14.6 Vox9153379
I7026K05E70K  C2008 02 17.85858 07 17 34.02 +49 56 00.4                cx9422127
I7026K05E70K  C2008 02 17.86175 07 17 32.05 +49 55 30.4          15.2 Rax9153233
I7026K05E70K  C2008 02 17.86315 07 17 31.69 +49 55 09.3                cx9422127
I7026K05E70K  C2008 02 17.86461 07 17 30.58 +49 54 58.4          15.3 Rax9153233
I7026K05E70K  C2008 02 17.86542 07 17 30.57 +49 54 44.1                cx9422127
I7026K05E70K  C2008 02 17.86751 07 17 29.46 +49 54 20.3                cx9422127
I7026K05E70K  C2008 02 17.86868 07 17 28.52 +49 54 13.0          15.2 Rax9153233
I7026K05E70K  C2008 02 17.87645 07 17 27.01 +49 52 59.8          15.2 Rox9153J51
I7026K05E70K  C2008 02 17.88165 07 17 24.35 +49 52 02.2          15.2 Rox9153J51
I7026K05E70K  C2008 02 17.88684 07 17 21.68 +49 51 04.6          15.1 Rox9153J51
I7026K05E70K  C2008 02 18.47980 07 12 46.56 +48 00 03.2          14.8 Vox9422379
I7026K05E70K  C2008 02 18.48166 07 12 45.65 +47 59 42.2          14.8 Vox9422379
I7026K05E70K  C2008 02 18.50221 07 12 35.99 +47 55 50.9          15.2 Vox9422379
I7026K05E70K  C2008 02 18.54814 07 12 14.34 +47 47 11.7          15.1 Vox9422379
I7026K05E70K  C2008 02 18.56087 07 12 08.36 +47 44 47.3          14.6 Vox9422379
I7026K05E70K  C2008 02 18.57359 07 12 02.40 +47 42 22.7          14.7 Vox9422379
I7026K05E70K  C2008 02 18.57544 07 12 01.57 +47 42 01.3          14.4 Vox9422379
I7026K05E70K  C2008 02 19.45481 07 06 02.38 +44 56 10.5          14.5 Vrx9422379
I7026K05E70K  C2008 02 19.46289 07 05 59.05 +44 54 38.8          14.9 Vrx9422379
I7026K05E70K  C2008 02 19.46660 07 05 57.51 +44 53 56.9          14.7 Vrx9422379
I7026K05E70K  C2008 02 19.47407 07 05 54.38 +44 52 32.5          15.1 Vrx9422379
I7026K05E70K  C2008 02 19.47595 07 05 53.60 +44 52 11.5          14.9 Vrx9422379
I7026K05E70K  C2008 02 19.48205 07 05 51.06 +44 51 02.6          15.0 Vrx9422379
I7026K05E70K  C2008 02 19.48390 07 05 50.31 +44 50 41.6          15.1 Vrx9422379
I7026K05E70K  C2008 02 19.49498 07 05 45.72 +44 48 36.2          14.5 Vrx9422379
I7026K05E70K  C2008 02 22.03114 06 51 52.95 +36 52 53.8          14.7 Rcx9422J34
I7026K05E70K  C2008 02 22.05381 06 51 46.45 +36 48 40.0          14.6 Rcx9422J34
I7026K05E70K  C2008 02 22.07989 06 51 39.09 +36 43 47.9          14.5 Rcx9422J34
I7026K05E70K  C2008 02 23.08334 06 47 21.25 +33 41 13.4          14.6 Rcx9422J34
I7026K05E70K  C2008 02 23.09208 06 47 19.12 +33 39 37.9          14.8 Rcx9422J34
I7026K05E70K  C2008 02 23.09963 06 47 17.28 +33 38 15.4          14.7 Rcx9422J34
I7026K05E70K  C2008 02 24.74545 06 41 24.62 +28 50 25.5          15.5 Vrx9422A78
I7026K05E70K  C2008 02 24.75024 06 41 23.61 +28 49 36.9          15.3 Vrx9422A78
I7026K05E70K  C2008 02 24.75250 06 41 22.93 +28 49 08.0          15.3 Rrx9422113
I7026K05E70K  C2008 02 24.75292 06 41 22.84 +28 49 03.8          15.4 Rrx9422113
I7026K05E70K  C2008 02 24.75328 06 41 22.77 +28 49 00.1          15.4 Rrx9422113
I7026K05E70K  C2008 02 24.75380 06 41 22.66 +28 48 54.8          15.4 Rrx9422113
I7026K05E70K  C2008 02 24.75395 06 41 22.81 +28 48 59.1          15.4 Vrx9422A78
I7026K05E70K  C2008 02 24.75418 06 41 22.58 +28 48 50.9          15.3 Rrx9422113
I7026K05E70K  C2008 02 24.75455 06 41 22.50 +28 48 47.1          15.4 Rrx9422113
I7026K05E70K  C2008 02 24.75691 06 41 22.18 +28 48 29.0          15.4 Vrx9422A78
I7026K05E70K  C2008 02 24.75962 06 41 21.61 +28 48 01.7          15.2 Vrx9422A78
I7026K05E70K  C2008 02 24.81556 06 41 09.71 +28 38 31.3          15.1 Vcx9422560
I7026K05E70K  C2008 02 24.81607 06 41 09.60 +28 38 26.1          15.1 Vcx9422560
I7026K05E70K  C2008 02 24.81659 06 41 09.50 +28 38 20.8          15.2 Vcx9422560
I7026K05E70K  C2008 02 25.44178 06 39 13.31 +26 53 41.7          15.4 Vrx9422379
I7026K05E70K  C2008 02 25.44289 06 39 13.09 +26 53 31.0          15.4 Vrx9422379
I7026K05E70K  C2008 02 25.44400 06 39 12.89 +26 53 19.9          15.1 Vrx9422379
I7026K05E70K  C2008 02 25.44623 06 39 12.41 +26 52 57.5          15.3 Vrx9422379
I7026K05E70K  C2008 02 25.44734 06 39 12.20 +26 52 46.9          15.3 Vrx9422379
I7026K05E70K  C2008 02 25.47096 06 39 07.50 +26 48 52.4          15.6 Vrx9422379
I7026K05E70K  C2008 02 25.47318 06 39 07.02 +26 48 30.0          16.0 Vrx9422379
I7026K05E70K  C2008 02 25.48030 06 39 05.62 +26 47 19.3          16.0 Vrx9422379
I7026K05E70K  C2008 02 26.06846 06 37 25.35 +25 11 05.9          15.3  rx9422726
I7026K05E70K  C2008 02 26.07400 06 37 24.41 +25 10 10.7                rx9422726
I7026K05E70K  C2008 02 26.07678 06 37 23.82 +25 09 45.4          15.3  rx9422726
I7026K05E70K  C2008 02 27.23264 06 34 22.34 +22 08 18.7          15.5 Rrx9422H45
I7026K05E70K  C2008 02 27.23356 06 34 22.19 +22 08 10.0          15.4 Rrx9422H45
I7026K05E70K  C2008 02 27.23527 06 34 21.94 +22 07 54.5          15.5 Rrx9422H45
I7026K05E70K  C2008 02 27.23605 06 34 21.79 +22 07 47.2          15.5 Rrx9422H45
I7026K05E70K  C2008 02 27.23727 06 34 21.61 +22 07 35.9          15.4 Rrx9422H45
I7026K05E70K  C2008 02 27.23869 06 34 21.39 +22 07 22.9          15.4 Rrx9422H45
I7026K05E70K  C2008 02 28.23485 06 32 06.71 +19 38 50.0          15.2 Rrx9422H45
I7026K05E70K  C2008 02 28.23545 06 32 06.62 +19 38 44.7          15.2 Rrx9422H45
I7026K05E70K  C2008 02 28.23975 06 32 06.03 +19 38 07.0          15.3 Rrx9422H45
I7026K05E70K  C2008 02 28.24113 06 32 05.84 +19 37 54.8          15.3 Rrx9422H45
I7026K05E70K  C2008 02 28.24196 06 32 05.72 +19 37 47.6          15.2 Rrx9422H45
I7026K05E70K  C2008 02 28.24377 06 32 05.48 +19 37 31.8          15.2 Rrx9422H45
I7026K05E70K  C2008 02 28.49448 06 31 35.73 +19 01 25.0          15.7 Vrx9422379
I7026K05E70K  C2008 02 28.49633 06 31 35.45 +19 01 09.1          15.6 Vrx9422379
I7026K05E70K  C2008 02 28.49818 06 31 35.19 +19 00 52.8          15.6 Vrx9422379
I7026K05E70K  C2008 02 28.50256 06 31 34.60 +19 00 15.1          15.7 Vrx9422379
I7026K05E70K  C2008 02 28.50440 06 31 34.31 +18 59 59.2          15.8 Vrx9422379
I7026K05E70K  C2008 02 28.51462 06 31 32.89 +18 58 30.7          15.9 Vrx9422379
I7026K05E70K  C2008 02 28.51832 06 31 32.37 +18 57 58.9          15.9 Vrx9422379
I7026K05E70K  C2008 02 28.52247 06 31 31.78 +18 57 23.1          15.5 Vrx9422379
I7026K05E70K  C2008 02 28.52432 06 31 31.53 +18 57 07.1          15.6 Vrx9422379
I7026K05E70K  C2008 02 28.52617 06 31 31.26 +18 56 51.4          15.7 Vrx9422379
I7026K05E70K  C2008 02 29.48293 06 29 41.28 +16 43 11.9          15.5 Vry0728379
I7026K05E70K  C2008 02 29.48478 06 29 41.03 +16 42 56.4          15.7 Vry0728379
I7026K05E70K  C2008 02 29.49228 06 29 40.11 +16 41 54.9          15.9 Vry0728379
I7026K05E70K  C2008 02 29.49413 06 29 39.85 +16 41 39.7          15.7 Vry0728379
I7026K05E70K  C2008 02 29.49598 06 29 39.60 +16 41 24.6          15.6 Vry0728379
I7026K05E70K  C2008 02 29.50242 06 29 38.83 +16 40 32.3          15.8 Vry0728379
I7026K05E70K  C2008 03 01.24906 06 28 19.93 +15 00 55.5          15.5 Rry0728H45
I7026K05E70K  C2008 03 01.25010 06 28 19.82 +15 00 47.4          15.5 Rry0728H45
I7026K05E70K  C2008 03 01.25144 06 28 19.68 +15 00 36.9          15.4 Rry0728H45
I7026K05E70K  C2008 03 01.25272 06 28 19.53 +15 00 26.7          15.3 Rry0728H45
I7026K05E70K  C2008 03 01.25340 06 28 19.47 +15 00 21.2          15.4 Rry0728H45
I7026K05E70K  C2008 03 01.25457 06 28 19.34 +15 00 12.0          15.3 Rry0728H45
I7026K05E70K  C2008 03 01.85245 06 27 23.91 +13 43 23.4          15.7 Vcy0728560
I7026K05E70K  C2008 03 01.85359 06 27 23.79 +13 43 14.7          15.7 Vcy0728560
I7026K05E70K  C2008 03 01.85473 06 27 23.66 +13 43 05.8          15.8 Vcy0728560
I7026K05E70K  C2008 03 03.51824 06 25 05.79 +10 22 51.9          15.8 Vry2105379
I7026K05E70K  C2008 03 03.52194 06 25 05.48 +10 22 26.1          15.9 Vry2105379
I7026K05E70K  C2008 03 03.52672 06 25 05.05 +10 21 53.6          16.3 Vry2105379
I7026K05E70K  C2008 03 03.52858 06 25 04.89 +10 21 40.8          16.2 Vry2105379
I7026K05E70K  C2008 03 03.53043 06 25 04.73 +10 21 27.9          16.0 Vry2105379
I7026K05E70K  C2008 03 03.53719 06 25 04.15 +10 20 41.5          16.0 Vry2105379
I7026K05E70K  C2008 03 04.49757 06 23 58.06 +08 33 36.3          16.2 Vry2105379
I7026K05E70K  C2008 03 04.49942 06 23 57.92 +08 33 24.6          16.2 Vry2105379
I7026K05E70K  C2008 03 04.50127 06 23 57.79 +08 33 12.7          16.0 Vry2105379
I7026K05E70K  C2008 03 05.22383 06 23 12.24 +07 16 28.8          16.0 Rry0728H45
I7026K05E70K  C2008 03 05.22462 06 23 12.19 +07 16 24.1          15.9 Rry0728H45
I7026K05E70K  C2008 03 05.23258 06 23 11.66 +07 15 34.2          16.0 Rry0728H45
I7026K05E70K  C2008 03 05.23387 06 23 11.58 +07 15 26.1          16.1 Rry0729H45
I7026K05E70K  C2008 03 05.23544 06 23 11.48 +07 15 16.1          15.9 Rry0729H45
I7026K05E70K  C2008 03 05.23772 06 23 11.32 +07 15 01.9          15.9 Rry0729H45
I7026K05E70K  C2008 03 05.49458 06 22 57.64 +06 48 35.4          17.1 Vry0729379
I7026K05E70K  C2008 03 05.50777 06 22 56.67 +06 47 15.0                ry0729379
I7026K05E70K  C2008 03 05.51221 06 22 56.38 +06 46 47.4                ry0729379
I7026K05E70K  C2008 03 07.49566 06 21 19.39 +03 35 25.6          16.6 Vry2105379
I7026K05E70K  C2008 03 07.51192 06 21 18.56 +03 33 56.8          16.5 Vry2105379
I7026K05E70K  C2008 03 07.52115 06 21 18.06 +03 33 06.5          16.2 Vry2105379
I7026K05E70K  C2008 03 07.52406 06 21 17.90 +03 32 50.6          16.2 Vry2105379
I7026K05E70K  C2008 03 07.52698 06 21 17.74 +03 32 34.4          16.1 Vry2105379
I7026K05E70K  C2008 03 08.50152 06 20 40.32 +02 06 29.3          16.5 Vry2105379
I7026K05E70K  C2008 03 08.50396 06 20 40.22 +02 06 16.6          16.4 Vry2105379
I7026K05E70K  C2008 03 08.50639 06 20 40.08 +02 06 04.1          16.2 Vry2105379
I7026K05E70K  C2008 03 08.52409 06 20 39.26 +02 04 33.0          16.3 Vry2105379
I7026K05E70K  C2008 03 08.52652 06 20 39.15 +02 04 20.3          16.2 Vry2105379
I7026K05E70K  C2008 03 09.16643 06 20 18.09 +01 10 28.4          16.7  cy2105704
I7026K05E70K  C2008 03 09.17783 06 20 17.64 +01 09 31.9          17.2  cy2105704
I7026K05E70K  C2008 03 09.20019 06 20 16.64 +01 07 40.6          16.9  cy2105704
I7026K05E70K  C2008 03 09.21127 06 20 16.14 +01 06 45.6          16.8  cy2105704
I7026K05E70K  C2008 03 10.10296 06 19 51.50 -00 04 55.6          16.7  cy2105704
I7026K05E70K  C2008 03 10.10311 06 19 51.51 -00 04 57.2          17.0  cy2105704
I7026K05E70K  C2008 03 10.10478 06 19 50.97 -00 05 06.1          16.2 Rry2105H45
I7026K05E70K  C2008 03 10.10576 06 19 50.93 -00 05 10.6          16.2 Rry2105H45
I7026K05E70K  C2008 03 10.10619 06 19 50.89 -00 05 12.6          16.0 Rry2105H45
I7026K05E70K  C2008 03 10.10801 06 19 50.81 -00 05 21.2          16.2 Rry2105H45
I7026K05E70K  C2008 03 10.10859 06 19 50.79 -00 05 23.9          16.4 Rry2105H45
I7026K05E70K  C2008 03 10.11404 06 19 51.09 -00 05 49.1          17.5  cy2105704
I7026K05E70K  C2008 03 10.11412 06 19 51.08 -00 05 49.3          17.6  cy2105704
I7026K05E70K  C2008 03 10.12511 06 19 50.62 -00 06 41.0          16.7  cy2105704
I7026K05E70K  C2008 03 10.12547 06 19 50.60 -00 06 41.9          16.8  cy2105704
I7026K05E70K  C2008 03 10.13617 06 19 50.19 -00 07 32.7          16.9  cy2105704
I7026K05E70K  C2008 03 10.13684 06 19 50.16 -00 07 35.8          16.7  cy2105704
I7026K05E70K  C2008 03 10.14722 06 19 49.75 -00 08 24.4          16.7  cy2105704
I7026K05E70K  C2008 03 10.14790 06 19 49.75 -00 08 27.0          16.7  cy2105704
I7026K05E70K  C2008 03 10.49169 06 19 40.71 -00 35 05.7          18.0 Vry2105379
I7026K05E70K  C2008 03 10.53907 06 19 39.06 -00 38 43.3                ry2105379
I7026K05E70K  C2008 03 10.54130 06 19 39.00 -00 38 53.4                ry2105379
I7026K05E70K  C2008 03 11.07373 06 19 27.74 -01 19 06.7          17.0 Rry2105H51
I7026K05E70K  C2008 03 11.07416 06 19 27.74 -01 19 08.6          16.9 Rry2105H51
I7026K05E70K  C2008 03 11.07472 06 19 27.72 -01 19 11.3          16.8 Rry2105H51
I7026K05E70K  C2008 03 11.07514 06 19 27.71 -01 19 13.1          17.1 Rry2105H51
I7026K05E70K  C2008 03 11.07557 06 19 27.67 -01 19 15.4          17.1 Rry2105H51
I7026K05E70K  C2008 03 11.18505 06 19 24.20 -01 27 17.4          16.6 Rry3553H45
I7026K05E70K  C2008 03 11.18561 06 19 24.20 -01 27 19.9          16.3 Rry3553H45
I7026K05E70K  C2008 03 11.18657 06 19 24.16 -01 27 23.9          16.4 Rry3553H45
I7026K05E70K  C2008 03 11.18716 06 19 24.15 -01 27 26.9          16.2 Rry3553H45
I7026K05E70K  C2008 03 11.18792 06 19 24.12 -01 27 30.2          16.1 Rry3553H45
I7026K05E70K  C2008 03 16.14142 06 18 28.70 -06 48 42.7          16.7 Rry3553H45
I7026K05E70K  C2008 03 16.14343 06 18 28.70 -06 48 48.9          16.7 Rry3553H45
I7026K05E70K  C2008 03 16.14412 06 18 28.69 -06 48 51.3          16.8 Rry3553H45
I7026K05E70K  C2008 03 16.14603 06 18 28.67 -06 48 57.8          16.6 Rry3553H45
I7026K05E70K  C2008 03 16.14756 06 18 28.65 -06 49 03.1          16.9 Rry3553H45
I7026K05E70K  C2008 05 07.40760 06 38 34.44 -29 53 03.7          19.0 Vry8961E12
I7026K05E70K  C2008 05 07.41289 06 38 34.58 -29 53 07.5          18.5 Vry8961E12
I7026K05E70K  C2008 05 07.41819 06 38 34.62 -29 53 12.4          18.3 Vry8961E12
I7026K05E70K  C2008 05 07.42350 06 38 34.65 -29 53 16.6          18.0 Vry8961E12
