X3521K05P00O* C2005 08 03.39508 22 36 36.65 +05 41 03.4          20.3  on8937644
X3521K05P00O  C2005 08 03.39796 22 36 36.13 +05 41 04.2          19.9  on8937644
X3521K05P00O  C2005 08 03.41629 22 36 33.04 +05 41 10.9          20.3  on8937644
X3521K05P00O  C2005 08 03.41875 22 36 32.62 +05 41 11.5          20.2  on8937644
X3521K05P00O  C2005 08 03.44197 22 36 28.73 +05 41 19.8          20.5  on8937644
X3521K05P00O  C2005 08 03.44632 22 36 28.00 +05 41 21.0          20.1  on8937644
X3521K05P00O  C2005 08 04.95818 22 32 22.19 +05 49 16.3          19.7 Rrn8937176
X3521K05P00O  C2005 08 04.96014 22 32 21.85 +05 49 16.7          19.9 Rrn8937176
X3521K05P00O  C2005 08 04.96177 22 32 21.57 +05 49 17.0          19.6 Rrn8937176
X3521K05P00O  C2005 08 04.96340 22 32 21.28 +05 49 17.3          19.6 Rrn8937176
X3521K05P00O  C2005 08 04.96503 22 32 21.00 +05 49 17.6          19.9 Rrn8937176
X3521K05P00O  C2005 08 05.57702 22 30 39.59 +05 52 33.2          21.0 Rrn8937474
X3521K05P00O  C2005 08 05.58121 22 30 38.90 +05 52 33.7          20.4 Rrn8937474
X3521K05P00O  C2005 08 05.58540 22 30 38.16 +05 52 35.1          20.4 Rrn8937474
X3521K05P00O  C2005 08 06.36104 22 28 29.22 +05 55 27.5          20.8 Rrn9382734
X3521K05P00O  C2005 08 06.37721 22 28 26.63 +05 55 29.3          20.2 Rrn9382734
X3521K05P00O  C2005 08 06.38552 22 28 25.09 +05 55 32.4                rn9382734
X3521K05P00O  C2005 08 06.99816 22 26 43.67 +05 57 53.3          19.6 Rrn9382952
X3521K05P00O  C2005 08 07.02613 22 26 38.75 +05 57 59.5                rn9382952
X3521K05P00O  C2005 08 07.03841 22 26 36.65 +05 57 58.2                rn9382J95
X3521K05P00O  C2005 08 07.04914 22 26 34.83 +05 58 01.1          20.2 Rrn9383J95
X3521K05P00O  C2005 08 07.06889 22 26 31.45 +05 58 01.2                on9383J71
X3521K05P00O  C2005 08 07.08079 22 26 29.42 +05 58 08.3                on9383J71
X3521K05P00O  C2005 08 07.24747 22 26 02.12 +05 58 46.3          20.6 Rrn9383734
X3521K05P00O  C2005 08 07.25189 22 26 01.36 +05 58 47.2          20.2 Rrn9383734
X3521K05P00O  C2005 08 07.25630 22 26 00.52 +05 58 48.2          20.2 Rrn9383734
X3521K05P00O  C2005 08 07.94808 22 24 04.67 +06 01 01.9          20.0 Von9383198
X3521K05P00O  C2005 08 07.94867 22 24 04.57 +06 01 02.1          19.8 Von9383198
X3521K05P00O  C2005 08 07.95104 22 24 04.17 +06 01 02.8          19.9 Von9383198
X3521K05P00O  C2005 08 07.95222 22 24 03.95 +06 01 03.0          19.9 Von9383198
X3521K05P00O  C2005 08 08.02706 22 23 51.11 +06 01 15.3                rn9383J95
X3521K05P00O  C2005 08 08.07059 22 23 43.65 +06 01 22.9                rn9383J95
X3521K05P00O  C2005 08 08.07615 22 23 42.62 +06 01 24.0          20.4 Rrn9383J95
X3521K05P00O  C2005 08 08.23575 22 23 16.54 +06 01 55.4          20.6 Rrn9383734
X3521K05P00O  C2005 08 08.24312 22 23 15.20 +06 01 56.5          20.5 Rrn9383734
X3521K05P00O  C2005 08 08.32421 22 23 01.04 +06 02 10.4          19.9 Rrn9383734
X3521K05P00O  C2005 08 08.32911 22 23 00.18 +06 02 11.5          20.3 Rrn9383734
X3521K05P00O  C2005 08 09.94340 22 18 28.83 +06 05 59.7          20.0 Von9383198
X3521K05P00O  C2005 08 09.94518 22 18 28.52 +06 05 59.8          20.1 Von9383198
X3521K05P00O  C2005 08 09.94696 22 18 28.21 +06 06 00.1          20.1 Von9383198
X3521K05P00O  C2005 08 09.95230 22 18 27.28 +06 06 00.6          20.1 Von9383198
X3521K05P00O  C2005 08 09.95408 22 18 26.97 +06 06 00.7          20.0 Von9383198
X3521K05P00O  C2005 08 23.92754 21 41 04.95 +05 42 41.7          19.6 Rrn9693952
X3521K05P00O  C2005 08 23.95566 21 41 00.76 +05 42 33.5                rn9693952
X3521K05P00O 2C2005 08 24.38881021 39 58.575+05 40 34.55         18.5 Ron9693568
X3521K05P00O 2C2005 08 24.39131421 39 58.203+05 40 33.86         18.5 Ron9693568
X3521K05P00O 2C2005 08 25.45277121 37 28.074+05 35 13.32         18.5 Roo0243568
X3521K05P00O  C2005 08 28.97912 21 29 40.06 +05 15 00.2          20.3 Voo0243198
X3521K05P00O  C2005 08 28.97971 21 29 39.99 +05 15 00.0          20.3 Voo0243198
X3521K05P00O  C2005 08 28.98149 21 29 39.75 +05 14 59.5          20.2 Voo0243198
X3521K05P00O  C2005 08 28.98267 21 29 39.60 +05 14 59.2          20.2 Voo0243198
X3521K05P00O  C2005 08 29.92475 21 27 42.90 +05 09 06.9          20.7 Voo0243151
X3521K05P00O  C2005 08 30.93074 21 25 41.98 +05 02 35.9          20.3 Voo0243198
X3521K05P00O  C2005 08 30.93211 21 25 41.74 +05 02 35.2          19.3 Roo1116204
X3521K05P00O  C2005 08 30.93310 21 25 41.66 +05 02 35.1          20.2 Voo0243198
X3521K05P00O  C2005 08 30.93546 21 25 41.37 +05 02 34.3          20.2 Voo0243198
X3521K05P00O  C2005 08 30.93714 21 25 41.18 +05 02 33.7          19.4 Roo1116204
X3521K05P00O  C2005 08 30.98867 21 25 35.17 +05 02 11.6          20.8 Voo0243J77
X3521K05P00O  C2005 08 31.02731 21 25 30.31 +05 01 55.9          20.5 Voo0243J77
X3521K05P00O  C2005 09 09.18264 21 10 32.55 +03 56 55.3                co1116711
X3521K05P00O IC2005 09 09.19313 21 10 31.68 +03 56 49.3                co1116711
X3521K05P00O IC2005 09 09.20365 21 10 30.69 +03 56 44.9                co1116711
X3521K05P00O  C2005 09 23.15214 20 59 01.04 +02 19 11.2          20.9 Vdo2234291
X3521K05P00O  C2005 09 23.15926 20 59 00.83 +02 19 08.6          22.1 Vdo2234291
X3521K05P00O  C2005 09 23.16644 20 59 00.61 +02 19 05.9          22.0 Vdo2234291
X3521K05P00O HC2005 10 23.11929 21 08 47.59 +00 22 59.4                do6090291
X3521K05P00O HC2005 10 23.12478 21 08 47.86 +00 23 01.6                do6090291
X3521K05P00O HC2005 10 23.13016 21 08 48.17 +00 22 57.5                do6090291
X3521K05P00O 2C2008 08 13.50006001 22 48.884+26 47 29.15         22.4 Roz4497568
X3521K05P00O 2C2008 08 13.50405301 22 48.856+26 47 32.61         22.2 Roz4497568
X3521K05P00O HC2008 09 23.44738 00 34 53.30 +32 26 54.2                oz6707291
X3521K05P00O HC2008 09 23.45173 00 34 52.73 +32 26 52.3                oz6707291
X3521K05P00O HC2011 10 19.41228 04 53 05.63 +48 09 01.2                o~0Z7r291
X3521K05P00O HC2011 10 19.41626 04 53 05.71 +48 09 05.5                o~0Z7r291
X3521K05P00O HC2011 10 19.42038 04 53 05.74 +48 09 08.8                o~0Z7r291
X3521K05P00O HC2011 11 29.40852 03 35 18.55 +54 31 31.0                o~0b2C291
X3521K05P00O HC2011 11 29.41044 03 35 18.06 +54 31 30.3                o~0b2C291
X3521K05P00O HC2011 11 29.41234 03 35 17.57 +54 31 29.5                o~0b2C291
X3521K05P00O KC2011 12 17.92713 02 25 26.73 +47 58 05.4          19.0 Rt~0bWF204
X3521K05P00O KC2011 12 17.94150 02 25 24.04 +47 57 35.8                t~0bWF204
X3521K05P00O KC2011 12 22.75545 02 12 48.46 +45 05 33.3          19.9 Rt~0bd8130
X3521K05P00O KC2011 12 22.76272 02 12 47.25 +45 05 16.9          19.9 Rt~0bd8130
X3521K05P00O  C2011 12 29.17926 02 00 45.46 +40 52 42.5          20.4 Vr~0bd8703
X3521K05P00O  C2011 12 29.18598 02 00 44.71 +40 52 24.5          19.9 Vr~0bd8703
X3521K05P00O  C2011 12 29.19266 02 00 44.06 +40 52 08.9          19.5 Vr~0bd8703
X3521K05P00O  C2011 12 29.19935 02 00 43.59 +40 51 50.8          19.2 Vr~0bd8703
X3521K05P00O  C2011 12 29.20605 02 00 42.80 +40 51 35.1          20.1 Vr~0bd8703
X3521K05P00O KC2012 01 08.87647 01 51 27.50 +33 29 52.4          19.5 Rt~0cHf204
X3521K05P00O KC2012 01 08.89567 01 51 26.94 +33 29 03.4                t~0cHf204
X3521K05P00O KC2012 01 16.76956 01 51 02.10 +28 03 54.6          19.9 Vu~0cQX151
X3521K05P00O KC2012 01 16.77537 01 51 02.09 +28 03 39.4          20.1 Vu~0cQX151
X3521K05P00O HC2012 02 03.13480 02 00 22.73 +15 59 50.5                o~0d3p291
X3521K05P00O HC2012 02 03.13655 02 00 22.81 +15 59 46.4                o~0d3p291
X3521K05P00O HC2012 02 03.13829 02 00 22.90 +15 59 42.1                o~0d3p291
X3521K05P00O mC2012 07 26.27273 22 48 20.13 +03 29 41.3                o~0hs4291
X3521K05P00O mC2012 07 26.27429 22 48 19.87 +03 29 42.1                o~0hs4291
X3521K05P00O mC2012 07 26.27584 22 48 19.62 +03 29 43.3                o~0hs4291
