P0620K05G59E 9C2005 01 18.29076 14 32 53.78 -17 48 23.4          21.4 Ron7068809
P0620K05G59E 9C2005 01 18.30000 14 32 54.58 -17 48 23.1          21.2 Ron7068809
P0620K05G59E 9C2005 01 18.30899 14 32 55.33 -17 48 23.1          21.3 Ron7068809
P0620K05G59E* C2005 04 07.36151 14 32 45.94 -07 35 15.3          20.9 Vcn0920691
P0620K05G59E  C2005 04 07.37935 14 32 44.51 -07 35 00.8          20.8 Vcn0920691
P0620K05G59E  C2005 04 07.39729 14 32 43.04 -07 34 45.7          21.2 Vcn0920691
P0620K05G59E 1C2005 04 07.78454 14 32 12.55 -07 29 16.7          20.6 Rrn0920413
P0620K05G59E 1C2005 04 07.78917 14 32 12.18 -07 29 14.6          20.9 Rrn0920413
P0620K05G59E 1C2005 04 08.54869 14 31 12.70 -07 18 49.9                 n0920F65
P0620K05G59E 1C2005 04 08.54997 14 31 12.60 -07 18 48.9                 n0920F65
P0620K05G59E 1C2005 04 08.55124 14 31 12.49 -07 18 47.8                 n0920F65
P0620K05G59E 1C2005 04 08.55264 14 31 12.37 -07 18 46.7                 n0920F65
P0620K05G59E 1C2005 04 08.55403 14 31 12.26 -07 18 45.5                 n0920F65
P0620K05G59E HC2005 04 09.30684 14 30 13.06 -07 08 24.3                cn1818691
P0620K05G59E HC2005 04 09.32289 14 30 11.79 -07 08 10.6                cn1818691
P0620K05G59E HC2005 04 09.33034 14 30 11.13 -07 08 04.8                cn1818691
P0620K05G59E HC2005 04 11.37540 14 27 27.69 -06 40 01.0          21.0 Vcn1818691
P0620K05G59E HC2005 04 11.39104 14 27 26.41 -06 39 48.6          20.9 Vcn1818691
P0620K05G59E 1C2005 04 11.50220 14 27 17.47 -06 38 16.0                 n1818F65
P0620K05G59E 1C2005 04 11.50361 14 27 17.33 -06 38 14.9                 n1818F65
P0620K05G59E 1C2005 04 11.50505 14 27 17.22 -06 38 14.2                 n1818F65
P0620K05G59E 1C2005 04 11.50569 14 27 17.09 -06 38 12.8                 n1818F65
P0620K05G59E  C2005 04 14.33168 14 23 28.89 -06 00 01.1          20.9 Vcn1818691
P0620K05G59E  C2005 04 14.35192 14 23 27.20 -05 59 44.7          20.7 Vcn1818691
P0620K05G59E  C2005 04 14.37215 14 23 25.49 -05 59 28.7          21.3 Vcn1818691
P0620K05G59E  C2005 04 15.35431 14 22 05.86 -05 46 23.4          21.3 Vcn1818691
P0620K05G59E  C2005 04 15.36175 14 22 05.24 -05 46 17.6          21.0 Vcn1818691
P0620K05G59E  C2005 04 15.36916 14 22 04.61 -05 46 11.4          21.1 Vcn1818691
P0620K05G59E HC2005 04 17.24442 14 19 32.84 -05 21 33.3                cn2668691
P0620K05G59E HC2005 04 17.25755 14 19 31.74 -05 21 22.7                cn2668691
P0620K05G59E HC2005 04 17.26565 14 19 31.02 -05 21 15.9                cn2668691
P0620K05G59E 1C2005 04 17.50972 14 19 10.91 -05 18 04.3                 n2668F65
P0620K05G59E 1C2005 04 17.51117 14 19 10.79 -05 18 03.1                 n2668F65
P0620K05G59E 1C2005 04 17.51269 14 19 10.69 -05 18 02.2                 n2668F65
P0620K05G59E 1C2005 04 17.51406 14 19 10.57 -05 18 00.7                 n2668F65
P0620K05G59E HC2005 04 18.31003 14 18 06.40 -05 07 44.3          20.8 Vcn2668691
P0620K05G59E HC2005 04 18.37360 14 18 01.12 -05 06 55.1          21.0 Vcn2668691
P0620K05G59E  C2005 05 01.24684 14 01 33.22 -02 37 46.4          21.3 Ron3370715
P0620K05G59E  C2005 05 01.26034 14 01 32.22 -02 37 38.1          20.7 Ron3370715
P0620K05G59E  C2005 05 01.27336 14 01 31.30 -02 37 30.0                on3370715
P0620K05G59E HC2005 05 11.29593 13 50 52.82 -01 09 57.7                dn4035291
P0620K05G59E HC2005 05 11.29988 13 50 52.69 -01 09 59.1                dn4035291
P0620K05G59E HC2005 05 11.30416 13 50 52.41 -01 09 56.9                dn4035291
P0620K05G59E  C2005 05 14.34935 13 48 09.78 -00 48 58.5          21.7 Vdn4908291
P0620K05G59E  C2005 05 14.35332 13 48 09.68 -00 48 57.1          21.6 Vdn4908291
P0620K05G59E  C2005 05 14.35721 13 48 09.44 -00 48 55.3          21.6 Vdn4908291
P0620K05G59E  C2007 06 12.45481 23 38 36.42 +12 35 16.6          22.2 Vov0717291
P0620K05G59E  C2007 06 12.45882 23 38 36.95 +12 35 19.5          21.9 Vov0717291
P0620K05G59E HC2007 06 12.46267 23 38 37.49 +12 35 24.3                ov0717291
P0620K05G59E HC2007 07 04.41846 00 30 16.34 +18 04 07.6                ov1537291
P0620K05G59E HC2007 07 04.42259 00 30 16.98 +18 04 10.5                ov1537291
P0620K05G59E HC2007 07 04.42665 00 30 17.61 +18 04 14.2                ov1537291
P0620K05G59E  C2007 08 10.42282 02 48 43.25 +26 18 57.3          20.3 Vov2623291
P0620K05G59E  C2007 08 10.42691 02 48 44.54 +26 18 58.9          20.2 Vov2623291
P0620K05G59E  C2007 08 10.43145 02 48 45.95 +26 19 01.2          20.1 Vov2623291
P0620K05G59E  C2007 08 12.04468 02 57 28.27 +26 29 33.8          19.3 Vov3142151
P0620K05G59E  C2007 08 12.04619 02 57 28.73 +26 29 34.5          19.5 Vov3142151
P0620K05G59E  C2007 08 12.05071 02 57 30.28 +26 29 35.6          19.6 Vov3142151
P0620K05G59E  C2007 09 15.43128 06 51 52.04 +17 22 17.7          19.5  cv6238704
P0620K05G59E  C2007 09 15.44290 06 51 56.84 +17 21 52.0          19.4  cv6238704
P0620K05G59E  C2007 09 15.45451 06 52 01.58 +17 21 25.3          19.9  cv6238704
P0620K05G59E  C2007 09 15.46611 06 52 06.37 +17 20 59.8          19.4  cv6238704
P0620K05G59E  C2007 12 13.47294 12 59 53.84 -17 59 42.5          20.5 Rrx0929448
P0620K05G59E  C2007 12 13.51950 13 00 00.78 -18 00 03.2          20.7 Rrx0929448
P0620K05G59E |C2008 03 11.33424 14 29 02.80 -14 01 50.8          20.0 Roy4018809
P0620K05G59E |C2008 03 11.33682 14 29 02.67 -14 01 48.6          20.1 Roy4018809
P0620K05G59E |C2008 03 11.33840 14 29 02.58 -14 01 47.2          20.1 Roy4018809
P0620K05G59E |C2008 03 11.33993 14 29 02.50 -14 01 45.9          20.0 Roy4018809
P0620K05G59E |C2008 03 11.34213 14 29 02.38 -14 01 44.1          20.1 Roy4018809
P0620K05G59E |C2008 03 11.34400 14 29 02.28 -14 01 42.5          20.2 Roy4018809
P0620K05G59E |C2008 03 11.34557 14 29 02.20 -14 01 41.1          20.2 Roy4018809
P0620K05G59E |C2008 03 11.34727 14 29 02.11 -14 01 39.8          20.1 Roy4018809
P0620K05G59E |C2008 03 11.34923 14 29 02.00 -14 01 38.3                ry2108809
P0620K05G59E |C2008 03 11.35080 14 29 01.91 -14 01 36.9                ry2108809
P0620K05G59E |C2008 03 11.35406 14 29 01.74 -14 01 34.0                ry2108809
P0620K05G59E |C2008 03 11.35568 14 29 01.65 -14 01 32.8                ry2108809
P0620K05G59E |C2008 03 11.35730 14 29 01.57 -14 01 31.3                ry2108809
P0620K05G59E |C2008 03 11.35909 14 29 01.48 -14 01 29.8                ry2108809
P0620K05G59E tC2008 03 29.26494 14 08 31.20 -09 17 10.0          20.6 Voy4692691
P0620K05G59E tC2008 03 29.28256 14 08 29.68 -09 16 52.2          20.1 Voy4692691
P0620K05G59E tC2008 03 29.29763 14 08 28.39 -09 16 36.9          20.4 Voy4692691
P0620K05G59E  C2008 03 31.29481 14 05 41.60 -08 42 40.7          20.3 Voy4692691
P0620K05G59E  C2008 03 31.31239 14 05 40.07 -08 42 23.0          20.4 Voy4692691
P0620K05G59E  C2008 03 31.32997 14 05 38.54 -08 42 04.8          20.4 Voy4692691
P0620K05G59E  C2008 04 13.20530 13 47 13.16 -05 09 29.0          20.2 Voy6746691
P0620K05G59E  C2008 04 13.22289 13 47 11.62 -05 09 12.5          20.2 Voy6746691
P0620K05G59E  C2008 04 13.24049 13 47 10.11 -05 08 55.7          20.1 Voy6746691
P0620K05G59E  C2008 04 29.24894 13 27 10.47 -01 34 50.4          20.7 Vry8125G96
P0620K05G59E  C2008 04 29.25507 13 27 10.04 -01 34 46.7          20.7 Vry8125G96
P0620K05G59E  C2008 04 29.26133 13 27 09.64 -01 34 42.4          20.7 Vry8125G96
P0620K05G59E  C2008 04 29.26743 13 27 09.25 -01 34 38.4          20.9 Vry8125G96
P0620K05G59E  C2008 05 03.25160 13 23 13.12 -00 54 05.8          21.1 Vry8962G96
P0620K05G59E  C2008 05 03.25827 13 23 12.73 -00 54 02.1          20.9 Vry8962G96
P0620K05G59E  C2008 05 03.26494 13 23 12.33 -00 53 58.4          21.0 Vry8962G96
P0620K05G59E  C2008 05 03.27156 13 23 11.94 -00 53 54.6          21.2 Vry8962G96
P0620K05G59E  C2010 08 21.39690 01 01 16.07 +28 01 26.4          18.4  c~0MRe704
P0620K05G59E  C2010 08 21.40965 01 01 18.27 +28 01 37.7          18.8  c~0MRe704
P0620K05G59E  C2010 08 21.42239 01 01 20.49 +28 01 49.2          19.0  c~0MRe704
P0620K05G59E  C2010 08 21.43513 01 01 22.68 +28 02 00.8          18.4  c~0MRe704
P0620K05G59E  C2010 08 21.44795 01 01 24.93 +28 02 12.1          18.7  c~0MRe704
P0620K05G59E  C2010 08 23.26952001 07 04.12 +28 29 16.2          18.7 Vo~0MReH21
P0620K05G59E  C2010 08 23.27408801 07 04.96 +28 29 20.7          18.6 Vo~0MReH21
P0620K05G59E  C2010 08 23.27865001 07 05.78 +28 29 24.2          18.7 Vo~0MReH21
P0620K05G59E  C2010 08 23.28472501 07 06.90 +28 29 29.6          18.9 Vo~0MReH21
P0620K05G59E KC2010 08 24.31573101 10 27.95 +28 44 40.3          18.9 Vo~0MReH21
P0620K05G59E KC2010 08 24.32030001 10 28.85 +28 44 44.4          18.9 Vo~0MReH21
P0620K05G59E KC2010 08 24.32495401 10 29.74 +28 44 48.5          18.9 Vo~0MReH21
P0620K05G59E KC2010 08 24.32975001 10 30.66 +28 44 52.9          19.0 Vo~0MReH21
P0620K05G59E KC2010 08 25.04711 01 12 55.16 +28 55 18.7          19.2 Cu~0MRe160
P0620K05G59E KC2010 08 25.05123 01 12 55.99 +28 55 21.8          18.9 Cu~0MRe160
P0620K05G59E KC2010 08 25.95489 01 16 03.95 +29 08 21.3                v~0MRe204
P0620K05G59E KC2010 08 25.96141 01 16 05.30 +29 08 27.2          18.4 Cv~0MRe204
P0620K05G59E KC2010 08 25.96708 01 16 06.48 +29 08 32.3                v~0MRe204
P0620K05G59E  C2010 08 28.17888 01 24 13.96 +29 39 40.1          18.2 Vo~0MReH26
P0620K05G59E  C2010 08 28.18231 01 24 14.70 +29 39 41.6          18.5 Vo~0MReH26
P0620K05G59E  C2010 08 28.18571 01 24 15.42 +29 39 46.1          18.5 Vo~0MReH26
P0620K05G59E KC2010 09 02.07465 01 45 01.48 +30 43 01.2          18.2 Ru~0MRe160
P0620K05G59E KC2010 09 02.07670 01 45 02.06 +30 43 02.9          18.2 Ru~0MRe160
P0620K05G59E KC2010 09 02.07874 01 45 02.62 +30 43 04.8          18.4 Ru~0MRe160
P0620K05G59E KC2010 09 03.94568 01 54 15.32 +31 03 58.1          18.0 Ru~0Msb160
P0620K05G59E KC2010 09 03.94811 01 54 16.06 +31 03 59.7          17.8 Ru~0Msb160
P0620K05G59E KC2010 09 03.95054 01 54 16.81 +31 04 01.3          17.9 Ru~0Msb160
P0620K05G59E  C2010 09 04.42435 01 56 43.32 +31 09 03.5          17.7 Ru~0MeoH45
P0620K05G59E  C2010 09 04.42567 01 56 43.74 +31 09 04.3          17.8 Ru~0MeoH45
P0620K05G59E  C2010 09 04.42753 01 56 44.32 +31 09 05.1          18.2 Ru~0MeoH45
P0620K05G59E  C2010 09 04.42888 01 56 44.72 +31 09 06.4          18.3 Ru~0MeoH45
P0620K05G59E  C2010 09 04.42998 01 56 45.05 +31 09 06.8          18.0 Ru~0MeoH45
P0620K05G59E KC2010 09 05.02915 01 59 57.84 +31 15 01.5          18.0 Ru~0Meo160
P0620K05G59E KC2010 09 05.03181 01 59 58.69 +31 15 03.2          18.2 Ru~0Meo160
P0620K05G59E KC2010 09 05.03452 01 59 59.54 +31 15 04.6                u~0Meo160
P0620K05G59E KC2010 09 06.06580 02 05 42.75 +31 24 34.0          17.4 Rr~0Meo113
P0620K05G59E KC2010 09 06.06927 02 05 43.92 +31 24 35.9          17.5 Rr~0Meo113
P0620K05G59E KC2010 09 06.07272 02 05 45.07 +31 24 37.9          17.4 Rr~0Meo113
P0620K05G59E  C2010 09 06.11852 02 06 00.73 +31 25 07.2          17.2 Vr~0MeoJ75
P0620K05G59E  C2010 09 06.13120 02 06 04.97 +31 25 13.7          17.3 Vr~0MeoJ75
P0620K05G59E  C2010 09 06.14389 02 06 09.23 +31 25 20.1          17.3 Vr~0MeoJ75
P0620K05G59E KC2010 09 11.90534 02 44 20.09 +31 52 34.6          17.6 Vo~0Msb151
P0620K05G59E KC2010 09 11.90651 02 44 20.62 +31 52 34.6          17.6 Vo~0Msb151
P0620K05G59E KC2010 09 11.90767 02 44 21.14 +31 52 34.7          17.6 Vo~0Msb151
P0620K05G59E KC2010 09 11.90884 02 44 21.68 +31 52 34.8          17.7 Vo~0Msb151
P0620K05G59E KC2010 09 11.91000 02 44 22.20 +31 52 34.7          17.7 Vo~0Msb151
P0620K05G59E KC2010 09 11.91117 02 44 22.74 +31 52 34.9          17.6 Vo~0Msb151
P0620K05G59E KC2010 09 11.91234 02 44 23.29 +31 52 35.3          17.6 Vo~0Msb151
P0620K05G59E KC2010 09 12.06668 02 45 33.36 +31 52 38.5          18.0 Ru~0Msb160
P0620K05G59E KC2010 09 12.07056 02 45 35.11 +31 52 38.6          17.6 Ru~0Msb160
P0620K05G59E KC2010 09 12.07181 02 45 35.64 +31 52 38.5          18.0 Ru~0Msb160
P0620K05G59E KC2010 09 13.05077 02 53 20.18 +31 50 49.2          17.7 Ru~0Msb160
P0620K05G59E KC2010 09 13.05291 02 53 21.20 +31 50 48.9          17.5 Ru~0Msb160
P0620K05G59E KC2010 09 13.05503 02 53 22.21 +31 50 48.7          17.6 Ru~0Msb160
P0620K05G59E  C2010 09 13.78381 02 59 22.31 +31 47 55.6          18.0 Vu~0Msb379
P0620K05G59E  C2010 09 13.78603 02 59 23.50 +31 47 55.2                u~0Msb379
P0620K05G59E  C2010 09 13.79422 02 59 27.50 +31 47 52.9                u~0Msb379
P0620K05G59E  C2010 09 13.79645 02 59 28.60 +31 47 52.1                u~0Msb379
P0620K05G59E  C2010 09 13.79867 02 59 29.67 +31 47 50.6                u~0Msb379
P0620K05G59E  C2010 09 16.36277 03 22 32.54 +31 24 13.8          16.9  c~0Msb704
P0620K05G59E  C2010 09 16.37524 03 22 39.57 +31 24 04.1          17.3  c~0Msb704
P0620K05G59E  C2010 09 16.38730 03 22 46.34 +31 23 54.7          17.3  c~0Msb704
P0620K05G59E  C2010 09 16.39938 03 22 53.13 +31 23 44.9          17.4  c~0Msb704
P0620K05G59E  C2010 09 16.41148 03 22 59.89 +31 23 34.0          17.6  c~0Msb704
P0620K05G59E  C2010 09 16.71515 03 25 55.86 +31 19 09.0          17.7 Vu~0Msb379
P0620K05G59E  C2010 09 16.72163 03 25 59.57 +31 19 03.6          17.5 Vu~0Msb379
P0620K05G59E  C2010 09 16.72348 03 26 00.60 +31 19 02.1          17.0 Vu~0Msb379
P0620K05G59E  C2010 09 16.72998 03 26 04.36 +31 18 56.0          17.2 Vu~0Msb379
P0620K05G59E  C2010 09 16.73183 03 26 05.38 +31 18 54.5          17.5 Vu~0Msb379
P0620K05G59E  C2010 09 16.74015 03 26 10.16 +31 18 46.9          17.5 Vu~0Msb379
P0620K05G59E  C2010 09 16.74664 03 26 13.82 +31 18 41.6          17.5 Vu~0Msb379
P0620K05G59E  C2010 09 17.41733 03 32 51.93 +31 07 30.8          16.9 Vr~0Msb703
P0620K05G59E  C2010 09 17.41810 03 32 52.40 +31 07 30.1          16.9 Vr~0Msb703
P0620K05G59E  C2010 09 17.41885 03 32 52.83 +31 07 29.3          16.9 Vr~0Msb703
P0620K05G59E  C2010 09 17.41960 03 32 53.30 +31 07 28.7          16.9 Vr~0Msb703
P0620K05G59E  C2010 09 18.41850 03 43 08.73 +30 47 06.6          18.0  c~0Msb704
P0620K05G59E  C2010 09 18.43135 03 43 16.63 +30 46 49.9          18.6  c~0Msb704
P0620K05G59E KC2010 09 18.44391 03 43 23.75 +30 46 33.5          17.2 Ru~0MsbH47
P0620K05G59E  C2010 09 18.44405 03 43 24.46 +30 46 32.2          18.3  c~0Msb704
P0620K05G59E KC2010 09 18.44587 03 43 24.91 +30 46 29.6          18.0 Ru~0MsbH47
P0620K05G59E KC2010 09 18.44708 03 43 25.62 +30 46 28.1          17.8 Ru~0MsbH47
P0620K05G59E  C2010 09 18.45665 03 43 32.23 +30 46 14.7          18.2  c~0Msb704
P0620K05G59E  C2010 09 18.46920 03 43 39.98 +30 45 57.6          18.1  c~0Msb704
P0620K05G59E  C2010 09 18.89463 03 48 12.68 +30 35 25.5          17.3 Ru~0MsbA98
P0620K05G59E  C2010 09 18.90014 03 48 16.20 +30 35 17.4          16.9 Ru~0MsbA98
P0620K05G59E  C2010 09 18.90235 03 48 17.61 +30 35 14.3          17.0 Ru~0MsbA98
P0620K05G59E  C2010 09 18.90675 03 48 20.43 +30 35 08.0          17.2 Ru~0MsbA98
P0620K05G59E  C2010 09 18.90786 03 48 21.14 +30 35 06.3          16.8 Ru~0MsbA98
P0620K05G59E  C2010 09 18.91116 03 48 23.27 +30 35 01.7          17.2 Ru~0MsbA98
P0620K05G59E  C2010 09 20.94088 04 11 04.23 +29 32 47.3          16.9 Ru~0MsbA98
P0620K05G59E  C2010 09 20.94240 04 11 05.27 +29 32 43.8          16.9 Ru~0MsbA98
P0620K05G59E  C2010 09 20.94994 04 11 10.47 +29 32 28.0          16.9 Ru~0MsbA98
P0620K05G59E  C2010 09 20.95069 04 11 10.99 +29 32 26.3          16.8 Ru~0MsbA98
P0620K05G59E  C2010 09 20.95220 04 11 12.04 +29 32 23.0          16.9 Ru~0MsbA98
P0620K05G59E  C2010 09 20.95296 04 11 12.55 +29 32 21.1          16.7 Ru~0MsbA98
P0620K05G59E  C2010 09 20.95597 04 11 14.64 +29 32 14.9          16.9 Ru~0MsbA98
P0620K05G59E  C2010 09 20.95672 04 11 15.16 +29 32 13.5          16.9 Ru~0MsbA98
P0620K05G59E  C2010 09 20.95749 04 11 15.66 +29 32 11.5          16.9 Ru~0MsbA98
