     K05E02T* C2005 03 04.17797 08 21 43.61 +20 32 10.8          20.8 Rrm8052G96
     K05E02T  C2005 03 04.18326 08 21 42.92 +20 32 09.6          20.9 Rrm8052G96
     K05E02T  C2005 03 04.18855 08 21 42.17 +20 32 09.0          20.9 Rrm8052G96
     K05E02T  C2005 03 04.19383 08 21 41.37 +20 32 08.5          20.9 Rrm8052G96
     K05E02T  C2005 03 04.22714 08 21 36.54 +20 32 04.5          19.3 Rrm8052G96
     K05E02T  C2005 03 04.23361 08 21 35.55 +20 32 03.7          20.8 Rrm8052G96
     K05E02T  C2005 03 04.24009 08 21 34.64 +20 32 02.9          21.1 Rrm8053G96
     K05E02T  C2005 03 04.24652 08 21 33.68 +20 32 02.2          20.4 Rrm8053G96
     K05E02T FC2005 03 04.81721 08 20 14.91 +20 30 46.3                cm8053246
     K05E02T FC2005 03 04.81789 08 20 14.74 +20 30 45.3                cm8053246
     K05E02T FC2005 03 04.82103 08 20 14.32 +20 30 44.4                cm8053246
     K05E02T 4C2005 03 05.25458 08 19 14.79 +20 29 53.5                om8053F65
     K05E02T 4C2005 03 05.25759 08 19 14.36 +20 29 52.9                om8053F65
     K05E02T 4C2005 03 05.26084 08 19 13.91 +20 29 52.7                om8053F65
     K05E02T 4C2005 03 05.26617 08 19 13.13 +20 29 51.9                om8053F65
     K05E02T 4C2005 03 05.26872 08 19 12.75 +20 29 51.0          20.2 Rom8053F65
     K05E02T  C2005 03 08.13350 08 12 48.10 +20 21 33.2          21.7 Rrm8053715
     K05E02T  C2005 03 08.14791 08 12 46.17 +20 21 30.5          21.4 Rrm8053715
     K05E02T  C2005 03 08.16233 08 12 44.20 +20 21 27.2          21.2 Rrm8053715
     K05E02T 3C2005 03 08.43127 08 12 08.28 +20 20 34.2          20.7 Rom8053F65
     K05E02T 3C2005 03 08.43272 08 12 08.08 +20 20 33.8                om8053F65
     K05E02T 3C2005 03 08.43418 08 12 07.90 +20 20 33.5                om8053F65
