     K05U00O* C2005 10 23.31641 01 26 14.92 +20 29 19.6          18.7 Vro6245703
     K05U00O  C2005 10 23.32628 01 26 12.08 +20 29 06.7          18.8 Vro6245703
     K05U00O  C2005 10 23.33612 01 26 09.31 +20 28 54.6          18.9 Vro6245703
     K05U00O  C2005 10 23.34596 01 26 06.50 +20 28 42.6          18.7 Vro6245703
     K05U00O  C2005 10 23.39671 01 25 52.35 +20 27 37.9          18.7 Vro6245703
     K05U00O  C2005 10 23.40635 01 25 49.65 +20 27 25.4          18.7 Vro6245703
     K05U00O  C2005 10 23.41599 01 25 47.10 +20 27 13.3          18.7 Vro6245703
     K05U00O  C2005 10 23.42566 01 25 44.40 +20 27 00.6          18.8 Vro6245703
     K05U00O  C2005 10 23.85938 01 23 59.87 +20 18 22.0          18.8 Rro6245143
     K05U00O  C2005 10 23.86346 01 23 58.81 +20 18 18.3          18.5 Rro6245143
     K05U00O  C2005 10 23.86732 01 23 57.82 +20 18 14.2          18.7 Rro6245143
     K05U00O 5C2005 10 24.26366 01 22 23.61 +20 10 59.8          18.8 Rco6245673
     K05U00O 5C2005 10 24.26701 01 22 22.78 +20 10 56.5                co6245673
     K05U00O 5C2005 10 24.27106 01 22 21.72 +20 10 51.6                co6245673
     K05U00O  C2005 10 24.27186 01 22 21.38 +20 10 55.7          18.9 Rco6245854
     K05U00O  C2005 10 24.27569 01 22 20.13 +20 10 48.6          19.0 Rco6245854
     K05U00O  C2005 10 24.27953 01 22 19.27 +20 10 44.1          19.0 Rco6245854
     K05U00O 5C2005 10 24.28067 01 22 19.34 +20 10 41.5                co6245673
     K05U00O 1C2005 10 24.60951601 21 04.396+20 05 37.37         19.3 Rro6245413
     K05U00O 1C2005 10 24.61401601 21 03.330+20 05 32.54         19.2 Rro6245413
     K05U00O  C2005 10 24.71252 01 20 45.40 +20 02 35.4          18.8 Vco6245A50
     K05U00O  C2005 10 24.71329 01 20 45.23 +20 02 34.6          18.6 Vco6245A50
     K05U00O  C2005 10 24.71406 01 20 45.08 +20 02 32.5          18.6 Vco6245A50
     K05U00O  C2005 10 24.71483 01 20 44.89 +20 02 31.9          18.4 Vco6245A50
     K05U00O  C2005 10 24.71559 01 20 44.82 +20 02 30.4          19.1 Vco6245A50
     K05U00O  C2005 10 26.02552 01 16 23.67 +19 40 51.2                ro6245J95
     K05U00O  C2005 10 26.02812 01 16 23.19 +19 40 48.6                ro6245J95
     K05U00O  C2005 10 26.03034 01 16 22.73 +19 40 46.6          19.2 Rro6245J95
     K05U00O  C2005 10 26.20755 01 15 53.15 +19 38 15.7          18.8 Roo6245699
     K05U00O  C2005 10 26.22668 01 15 49.24 +19 38 00.0          19.3 Rro6245448
     K05U00O  C2005 10 26.22947 01 15 48.93 +19 37 53.9                oo6245699
     K05U00O  C2005 10 26.23551 01 15 47.58 +19 37 52.0          19.3 Rro6245448
     K05U00O  C2005 10 26.24428 01 15 45.87 +19 37 44.0          19.4 Rro6245448
     K05U00O  C2005 10 26.25139 01 15 44.74 +19 37 35.5                oo6245699
     K05U00O  C2005 10 26.27332 01 15 40.49 +19 37 15.8                oo6245699
     K05U00O  C2005 10 26.91671 01 13 53.36 +19 27 33.0          19.5 Voo6245151
     K05U00O  C2005 10 26.91906 01 13 52.93 +19 27 31.2          19.7 Voo6245151
     K05U00O  C2005 10 26.92001 01 13 52.76 +19 27 30.4          19.8 Voo6245151
     K05U00O  C2005 10 26.92141 01 13 52.51 +19 27 29.4          19.7 Voo6245151
     K05U00O  C2005 10 27.26835 01 12 57.99 +19 22 44.5          19.5 Vro6245G96
     K05U00O  C2005 10 27.27601 01 12 56.70 +19 22 38.0          19.5 Vro6245G96
     K05U00O  C2005 10 27.28375 01 12 55.36 +19 22 31.5          19.6 Vro6245G96
     K05U00O  C2005 10 27.29149 01 12 54.07 +19 22 24.8          19.5 Vro6245G96
     K05U00O  C2005 10 27.34022 01 12 45.90 +19 21 43.5          19.8 Vdo6245291
     K05U00O  C2005 10 27.34520 01 12 45.07 +19 21 39.1          19.9 Vdo6245291
     K05U00O  C2005 10 27.34996 01 12 44.28 +19 21 34.9          19.9 Vdo6245291
     K05U00O  C2005 10 28.32224 01 10 26.23 +19 08 37.2          19.4 Rro7773448
     K05U00O  C2005 10 28.33559 01 10 24.25 +19 08 26.5          19.9 Rro7773448
     K05U00O  C2005 10 28.34887 01 10 22.27 +19 08 15.6          20.0 Rro7773448
     K05U00O  C2005 10 28.37591 01 10 18.54 +19 07 55.1          20.1 Vdo6245291
     K05U00O  C2005 10 28.38002 01 10 17.95 +19 07 51.8          20.1 Vdo6245291
     K05U00O  C2005 10 28.38425 01 10 17.35 +19 07 48.3          20.1 Vdo6245291
     K05U00O  C2005 10 28.77676 01 09 30.03 +19 02 42.5          19.9 Voo6245151
     K05U00O  C2005 10 28.77958 01 09 29.66 +19 02 40.4          19.7 Voo6245151
     K05U00O  C2005 10 28.78241 01 09 29.29 +19 02 38.6          19.8 Voo6245151
     K05U00O  C2005 10 29.21631 01 08 35.16 +18 57 38.4                do7773291
     K05U00O  C2005 10 29.22107 01 08 34.49 +18 57 35.0                do7773291
     K05U00O HC2005 10 29.22648 01 08 33.76 +18 57 31.2                do7773291
     K05U00O  C2005 10 29.75248 01 07 33.91 +18 51 12.2          19.8 Vco7773A50
     K05U00O  C2005 10 29.75687 01 07 33.34 +18 51 08.7          19.8 Vco7773A50
     K05U00O  C2005 10 29.76206 01 07 32.73 +18 51 04.7          20.2 Vco7773A50
     K05U00O  C2005 10 29.81980 01 07 26.39 +18 50 28.4          20.1 Voo7773151
     K05U00O  C2005 10 29.82456 01 07 25.81 +18 50 25.6          20.2 Voo7773151
     K05U00O  C2005 10 29.82932 01 07 25.18 +18 50 21.5          20.0 Voo7773151
     K05U00O  C2005 10 30.12683 01 06 53.49 +18 47 10.7          19.5 Roo7773715
     K05U00O  C2005 10 30.13478 01 06 52.52 +18 47 05.5          19.5 Roo7773715
     K05U00O  C2005 10 30.14273 01 06 51.64 +18 47 00.6          19.6 Roo7773715
     K05U00O  C2005 10 30.33640 01 06 28.65 +18 44 53.2          19.9 Rro7773448
     K05U00O  C2005 10 30.35579 01 06 26.47 +18 44 39.8          19.9 Rro7773448
     K05U00O  C2005 10 30.37534 01 06 24.22 +18 44 26.2          20.1 Rro7773448
     K05U00O  C2005 10 30.76836 01 05 47.95 +18 40 06.5          19.6 Voo7773198
     K05U00O  C2005 10 30.77048 01 05 47.71 +18 40 05.3          19.6 Voo7773198
     K05U00O  C2005 10 30.77153 01 05 47.58 +18 40 04.7          19.5 Voo7773198
     K05U00O  C2005 10 30.77259 01 05 47.46 +18 40 04.1          19.5 Voo7773198
     K05U00O  C2005 10 30.77575 01 05 47.13 +18 40 02.3          19.5 Voo7773198
     K05U00O  C2005 11 01.18023 01 03 40.68 +18 26 19.6          20.7 Vdo7773291
     K05U00O  C2005 11 01.18434 01 03 40.32 +18 26 17.7          20.6 Vdo7773291
     K05U00O  C2005 11 01.18878 01 03 39.88 +18 26 14.8          20.7 Vdo7773291
     K05U00O  C2005 11 02.25068 01 02 17.79 +18 16 41.8          20.5 Rro7773448
     K05U00O  C2005 11 02.27506 01 02 15.77 +18 16 28.9          20.8 Rro7773448
     K05U00O  C2005 11 02.29930 01 02 13.73 +18 16 15.6          19.7 Rro7773448
     K05U00O  C2005 11 08.81490 00 57 17.95 +17 32 10.0          20.2 Voo9704198
     K05U00O  C2005 11 08.81607 00 57 17.91 +17 32 09.7          20.2 Voo9704198
     K05U00O  C2005 11 08.81724 00 57 17.87 +17 32 09.4          20.3 Voo9704198
     K05U00O FC2005 11 11.14926 00 56 33.48 +17 21 20.2          21.1 Roo9704715
     K05U00O FC2005 11 11.17222 00 56 33.06 +17 21 14.4          20.8 Roo9704715
     K05U00O 2C2005 11 11.28809700 56 31.571+17 20 49.78         20.9 Rop0839568
     K05U00O 2C2005 11 11.29618400 56 31.393+17 20 47.96         21.1 Rop0839568
     K05U00O HC2005 11 22.27009 00 57 41.83 +16 53 07.4                dp0839291
     K05U00O HC2005 11 22.28867 00 57 42.23 +16 53 06.1                dp0839291
     K05U00O HC2005 11 22.30279 00 57 42.41 +16 53 04.8                dp0839291
     K05U00O 2C2010 01 17.65473712 29 15.601+09 57 48.39         23.4 Ro~0DJV568
     K05U00O 2C2010 01 17.65761312 29 15.912+09 57 47.57         23.6 Ro~0DJV568
     K05U00O 2C2010 01 19.52722212 32 49.043+09 48 50.54         23.6 Ro~0DJV568
     K05U00O 2C2010 01 19.54697212 32 51.226+09 48 45.17         23.6 Ro~0DJV568
     K05U00O  C2010 02 13.39928 13 33 36.95 +07 46 27.0          22.5 Vo~0DqJ291
     K05U00O  C2010 02 13.40798 13 33 38.60 +07 46 23.8          21.7 Vo~0DqJ291
     K05U00O HC2010 02 13.41171 13 33 39.48 +07 46 21.4                o~0DqJ291
     K05U00O HC2010 02 14.47504 13 37 26.22 +07 39 24.0                o~0DqJ291
     K05U00O HC2010 02 14.47882 13 37 27.12 +07 39 22.2                o~0DqJ291
     K05U00O HC2010 02 14.48301 13 37 28.11 +07 39 20.9                o~0DqJ291
     K05U00O  C2010 02 15.38531 13 40 50.87 +07 33 08.3          22.4 Vo~0DqJ291
     K05U00O HC2010 02 15.38908 13 40 51.81 +07 33 07.2                o~0DqJ291
     K05U00O HC2010 02 15.39283 13 40 52.63 +07 33 06.5                o~0DqJ291
