     K05E70O* C2005 03 08.41646 13 44 48.51 +14 20 41.6          19.4  cm8144704
     K05E70O  C2005 03 08.42777 13 44 48.83 +14 19 46.0          19.0  cm8144704
     K05E70O  C2005 03 08.43907 13 44 49.20 +14 18 51.3          19.5  cm8144704
     K05E70O  C2005 03 08.45579 13 44 49.86 +14 17 29.5          19.4  cm8144704
     K05E70O  C2005 03 08.46706 13 44 50.26 +14 16 33.1          19.7  cm8144704
     K05E70O  C2005 03 09.40248 13 45 32.92 +12 58 01.7          19.2  cm8144704
     K05E70O  C2005 03 09.41422 13 45 33.30 +12 57 01.0          19.5  cm8144704
     K05E70O  C2005 03 09.42663 13 45 33.67 +12 55 56.2          19.2  cm8144704
     K05E70O  C2005 03 09.43855 13 45 34.13 +12 54 53.0          19.4  cm8144704
     K05E70O  C2005 03 09.45039 13 45 34.44 +12 53 52.1          19.0  cm8144704
     K05E70O  C2005 03 09.46844 13 45 35.07 +12 52 16.8          19.4  cm8144704
     K05E70O  C2005 03 09.48008 13 45 35.41 +12 51 16.1          19.0  cm8144704
     K05E70O  C2005 03 09.49180 13 45 35.80 +12 50 14.2          19.2  cm8144704
     K05E70O  C2005 03 10.27498 13 46 12.12 +11 39 50.7          19.3 Rcm8144651
     K05E70O  C2005 03 10.27639 13 46 12.16 +11 39 43.6          19.5 Rcm8144651
     K05E70O  C2005 03 10.27785 13 46 12.31 +11 39 34.4          19.3 Rcm8144651
     K05E70O  C2005 03 10.32085 13 46 13.50 +11 35 36.6          19.7 Rrm8144448
     K05E70O  C2005 03 10.32931 13 46 13.76 +11 34 49.5          19.8 Rrm8144448
     K05E70O  C2005 03 10.33799 13 46 14.05 +11 34 01.7          19.2 Rrm8144448
     K05E70O 7C2005 03 10.34437 13 46 14.20 +11 33 25.8          18.6 Rrm8144H06
     K05E70O 7C2005 03 10.34776 13 46 14.26 +11 33 07.6          19.0 Rrm8144H06
     K05E70O 7C2005 03 10.35127 13 46 14.40 +11 32 48.0          19.0 Rrm8144H06
     K05E70O  C2005 03 10.38471 13 46 15.41 +11 29 40.9          19.4  cm8144704
     K05E70O  C2005 03 10.39578 13 46 15.75 +11 28 39.8          19.9  cm8144704
     K05E70O  C2005 03 10.40688 13 46 16.04 +11 27 37.2          19.4  cm8144704
     K05E70O  C2005 03 10.41811 13 46 16.46 +11 26 34.4          19.4  cm8144704
     K05E70O 2C2005 03 10.42344 13 46 16.47 +11 26 05.7          18.3 Rom8144H06
     K05E70O 2C2005 03 10.42708 13 46 16.60 +11 25 44.4          18.4 Rom8144H06
     K05E70O  C2005 03 10.42927 13 46 16.70 +11 25 32.5          19.3  cm8144704
     K05E70O 2C2005 03 10.43081 13 46 16.70 +11 25 23.6          19.1 Rom8144H06
     K05E70O  C2005 03 13.04909 13 48 00.85 +06 56 17.6          18.9 Rcm9194213
     K05E70O  C2005 03 13.07944 13 48 01.57 +06 52 53.7          18.9 Rcm9194213
     K05E70O  C2005 03 13.11899 13 48 02.62 +06 48 23.3          18.9 Rcm9194213
     K05E70O  C2005 03 13.16029 13 48 03.45 +06 43 47.5          19.0 Rcm9194213
     K05E70O  C2005 03 13.18358 13 48 04.37 +06 40 57.8                rm9194J95
     K05E70O  C2005 03 13.19201 13 48 04.62 +06 40 00.7                rm9194J95
     K05E70O  C2005 03 13.20065 13 48 04.77 +06 39 02.6          19.3 Rrm9194J95
     K05E70O  C2005 03 16.58271 13 49 57.94 -00 33 52.0          18.1 Rcm9194474
     K05E70O  C2005 03 16.58433 13 49 57.97 -00 34 05.8          18.2 Rcm9194474
     K05E70O  C2005 03 16.58537 13 49 57.98 -00 34 14.8          18.2 Rcm9194474
     K05E70O  C2005 03 16.58722 13 49 58.02 -00 34 30.8          18.2 Rcm9194474
     K05E70O 1C2005 04 01.62357413 52 15.92 -53 12 40.5          19.3 Rrn0805413
     K05E70O 1C2005 04 01.62484013 52 15.86 -53 12 55.0                rn0805413
     K05E70O 1C2005 04 01.62611213 52 15.78 -53 13 10.0                rn0805413
     K05E70O 1C2005 04 01.62738413 52 15.71 -53 13 24.8                rn0805413
     K05E70O 1C2005 04 03.64443213 51 18.13 -59 28 26.2          18.9 Rrn0805413
     K05E70O 1C2005 04 03.64709013 51 17.94 -59 28 54.4          19.4 Rrn0805413
     K05E70O  C2005 04 11.60856 13 39 16.86 -77 58 42.5                cn1747474
     K05E70O  C2005 04 11.60972 13 39 16.07 -77 58 50.2                cn1747474
     K05E70O  C2005 04 11.61296 13 39 15.56 -77 59 10.0          18.9 Rcn1747474
     K05E70O IC2005 04 11.61447 13 39 15.28 -77 59 17.8                cn1747474
     K05E70O  C2005 04 11.61632 13 39 14.64 -77 59 31.1          19.1 Rcn1747474
     K05E70O 1C2005 04 20.44875 09 06 31.70 -88 47 43.0          20.2 Rrn3131413
