P5071K05U06H* C2005 10 28.09901 20 39 44.42 -19 52 46.6          19.7 Vro7781G96
P5071K05U06H  C2005 10 28.10573 20 39 46.22 -19 52 38.1          20.0 Vro7781G96
P5071K05U06H  C2005 10 28.11232 20 39 47.98 -19 52 30.0          19.8 Vro7781G96
P5071K05U06H  C2005 10 28.11949 20 39 49.89 -19 52 20.9          19.8 Vro7781G96
P5071K05U06H  C2005 10 28.14466 20 39 56.72 -19 51 48.9          19.8 Vro7781G96
P5071K05U06H  C2005 10 28.14979 20 39 58.07 -19 51 42.4          19.7 Vro7781G96
P5071K05U06H  C2005 10 29.07430 20 44 07.38 -19 32 31.3          19.6 Rro7781734
P5071K05U06H  C2005 10 29.07872 20 44 08.51 -19 32 27.2          19.8 Rro7781734
P5071K05U06H  C2005 10 29.08314 20 44 09.67 -19 32 20.4          19.7 Rro7781734
P5071K05U06H  C2005 10 29.08755 20 44 11.00 -19 32 16.0          20.2 Rro7781734
P5071K05U06H  C2005 10 29.12992 20 44 22.05 -19 31 22.1          19.6 Vro7781G96
P5071K05U06H  C2005 10 29.13204 20 44 22.56 -19 31 19.5          19.4 Vro7781G96
P5071K05U06H  C2005 10 29.13416 20 44 23.13 -19 31 17.0          19.4 Vro7781G96
P5071K05U06H  C2005 10 29.13634 20 44 23.71 -19 31 14.2          19.8 Vro7781G96
P5071K05U06H  C2005 10 30.09281 20 48 33.19 -19 11 36.7          19.7 Vro7781G96
P5071K05U06H  C2005 10 30.09811 20 48 34.53 -19 11 29.9          19.9 Vro7781G96
P5071K05U06H  C2005 10 30.10343 20 48 35.85 -19 11 23.5          19.9 Vro7781G96
P5071K05U06H  C2005 10 30.10873 20 48 37.22 -19 11 17.2                ro7781G96
P5071K05U06H  C2005 10 30.13590 20 48 44.04 -19 10 43.2          20.3 Rco7781651
P5071K05U06H  C2005 10 30.13704 20 48 44.33 -19 10 41.7          20.3 Rco7781651
P5071K05U06H  C2005 10 30.13818 20 48 44.60 -19 10 40.7          20.4 Rco7781651
P5071K05U06H HC2005 11 01.12973 20 56 59.26 -18 30 35.3                do7781291
P5071K05U06H  C2005 11 01.13375 20 57 00.09 -18 30 28.4                do7781291
P5071K05U06H HC2005 11 01.13789 20 57 01.14 -18 30 24.1                do7781291
P5071K05U06H  C2005 11 02.11168 21 00 52.08 -18 11 08.3          20.2 Rro7781448
P5071K05U06H  C2005 11 02.13172 21 00 56.65 -18 10 44.1          20.5 Rro7781448
P5071K05U06H  C2005 11 02.15219 21 01 01.31 -18 10 20.8          20.4 Rro7781448
P5071K05U06H  C2005 11 06.07478 21 15 28.29 -16 55 14.0          21.0 Vdo9708291
P5071K05U06H  C2005 11 06.07868 21 15 29.09 -16 55 09.5          20.7 Vdo9708291
P5071K05U06H  C2005 11 06.08247 21 15 29.82 -16 55 05.8          20.9 Vdo9708291
P5071K05U06H  C2005 11 12.08740 21 34 58.14 -15 07 15.7          20.5 Vdo9708291
P5071K05U06H  C2005 11 12.09137 21 34 58.94 -15 07 11.4          21.0 Vdo9708291
P5071K05U06H  C2005 11 12.09527 21 34 59.64 -15 07 08.1          20.8 Vdo9708291
P5071K05U06H  C2005 11 13.10852 21 38 01.43 -14 49 43.4                do9708291
P5071K05U06H HC2005 11 13.11249 21 38 02.25 -14 49 40.5                do9708291
P5071K05U06H  C2005 11 13.11683 21 38 02.88 -14 49 34.5                do9708291
P5071K05U06H HC2005 11 22.14520 22 02 38.02 -12 22 52.4                dp0841291
P5071K05U06H  C2005 11 22.14930 22 02 38.74 -12 22 48.6          21.7 Vdp0841291
P5071K05U06H  C2005 11 22.15323 22 02 39.28 -12 22 45.0          21.2 Vdp0841291
P5071K05U06H HC2005 11 28.12691 22 17 07.57 -10 52 26.2                dp2211291
P5071K05U06H HC2005 11 28.13137 22 17 08.23 -10 52 23.0                dp2211291
P5071K05U06H HC2005 11 28.13599 22 17 08.87 -10 52 16.9                dp2211291
P5071K05U06H  C2005 12 02.07224 22 26 07.95 -09 54 59.8          21.3 Vdp2211291
P5071K05U06H  C2005 12 02.07721 22 26 08.61 -09 54 55.5          21.2 Vdp2211291
P5071K05U06H  C2005 12 02.08145 22 26 09.16 -09 54 52.0          21.4 Vdp2211291
P5071K05U06H HC2005 12 10.07367 22 43 23.41 -08 02 38.3                dp5346291
P5071K05U06H HC2005 12 10.07749 22 43 23.84 -08 02 35.1                dp5346291
P5071K05U06H  C2005 12 21.16039 23 05 44.31 -05 33 40.4          22.0 Vdp6059291
P5071K05U06H  C2005 12 21.16414 23 05 44.71 -05 33 37.4          22.1 Vdp6059291
P5071K05U06H  C2005 12 21.16802 23 05 45.20 -05 33 34.4          22.2 Vdp6059291
P5071K05U06H HC2005 12 29.07954 23 20 59.85 -03 50 28.2                dp6612291
P5071K05U06H  C2005 12 29.08369 23 21 00.37 -03 50 23.5          22.6 Vdp6612291
P5071K05U06H HC2005 12 29.08802 23 21 00.80 -03 50 19.8                dp6612291
P5071K05U06H HC2006 01 10.08417 23 43 29.91 -01 17 05.9                dp9022291
P5071K05U06H HC2006 01 10.08992 23 43 30.45 -01 17 01.7                dp9022291
P5071K05U06H  C2006 10 20.37731 19 55 18.36 -22 50 08.4          19.6 Ros2986474
P5071K05U06H  C2006 10 20.38160 19 55 19.76 -22 50 02.5          19.7 Ros2986474
P5071K05U06H  C2006 10 20.38345 19 55 20.53 -22 50 02.0          20.0 Ros2986474
P5071K05U06H  C2006 10 20.38473 19 55 21.18 -22 49 59.5          19.2 Ros2986474
P5071K05U06H  C2006 10 20.39236 19 55 23.92 -22 49 49.0                os2986474
P5071K05U06H  C2008 10 19.06062 19 45 40.17 -23 19 35.9          19.2 Ro~009k304
P5071K05U06H  C2008 10 19.06244 19 45 40.86 -23 19 33.7          19.1 Ro~009k304
P5071K05U06H  C2008 10 19.06426 19 45 41.57 -23 19 31.5          19.1 Ro~009k304
P5071K05U06H  C2008 10 19.06608 19 45 42.31 -23 19 29.1          19.1 Ro~009k304
P5071K05U06H  C2008 10 19.06791 19 45 42.99 -23 19 26.7          19.0 Ro~009k304
P5071K05U06H  C2008 10 19.06972 19 45 43.71 -23 19 24.4          19.1 Ro~009l304
P5071K05U06H  C2008 10 19.07154 19 45 44.40 -23 19 22.2          19.3 Ro~009l304
P5071K05U06H  C2008 10 19.07337 19 45 45.13 -23 19 19.8          19.0 Ro~009l304
P5071K05U06H  C2008 10 19.07520 19 45 45.82 -23 19 17.4          19.2 Ro~009l304
P5071K05U06H  C2008 10 19.07701 19 45 46.54 -23 19 15.1          19.0 Ro~009l304
P5071K05U06H  C2008 10 19.07883 19 45 47.24 -23 19 12.9          19.2 Ro~009l304
P5071K05U06H  C2008 10 19.08065 19 45 47.95 -23 19 10.4          19.2 Ro~009l304
P5071K05U06H  C2008 10 19.08248 19 45 48.67 -23 19 08.1          19.2 Ro~009l304
P5071K05U06H  C2008 10 19.08429 19 45 49.37 -23 19 05.8          18.9 Ro~009l304
P5071K05U06H  C2008 10 19.08611 19 45 50.08 -23 19 03.4          19.2 Ro~009l304
P5071K05U06H  C2010 11 02.11490 20 52 31.72 -18 49 24.5          19.5 Vr~0OOZG96
P5071K05U06H  C2010 11 02.12126 20 52 33.24 -18 49 17.4          19.8 Vr~0OOZG96
P5071K05U06H  C2010 11 02.12763 20 52 34.75 -18 49 09.4          20.1 Vr~0OOZG96
P5071K05U06H  C2010 11 02.13400 20 52 36.30 -18 49 01.6          19.6 Vr~0OOZG96
P5071K05U06H HC2010 11 05.76703 21 06 52.73 -17 38 07.1                v~0PLQ204
P5071K05U06H KC2010 11 05.78263 21 06 56.18 -17 37 48.5          19.4 Rv~0PLQ204
P5071K05U06H  C2010 11 17.11613 21 43 52.82 -14 14 57.3          20.7 Vr~0PLQG96
P5071K05U06H  C2010 11 17.12068 21 43 53.61 -14 14 52.4          20.2 Vr~0PLQG96
P5071K05U06H  C2010 11 17.12518 21 43 54.40 -14 14 47.8          20.4 Vr~0PLQG96
P5071K05U06H  C2010 11 17.12973 21 43 55.16 -14 14 43.3          20.4 Vr~0PLQG96
