     K05V02T* C2005 11 04.22513 00 37 13.51 -10 11 15.9          19.2 Vro9891G96
     K05V02T  C2005 11 04.22554 00 37 13.72 -10 11 15.2          19.1 Vro9891G96
     K05V02T  C2005 11 04.22596 00 37 13.94 -10 11 15.0          19.7 Vro9891G96
     K05V02T  C2005 11 04.22638 00 37 14.12 -10 11 14.0          19.0 Vro9891G96
     K05V02T  C2005 11 04.23606 00 37 18.66 -10 10 58.4          21.7 Vro9891G96
     K05V02T  C2005 11 04.23648 00 37 18.87 -10 10 56.3          22.2 Vro9891G96
     K05V02T  C2005 11 04.23690 00 37 19.05 -10 10 56.7          21.2 Vro9891G96
     K05V02T  C2005 11 04.23733 00 37 19.20 -10 10 57.2          21.5 Vro9891G96
     K05V02T  C2005 11 04.26247 00 37 31.04 -10 10 16.1          20.8 Vro9891G96
     K05V02T  C2005 11 04.26288 00 37 31.22 -10 10 15.3          20.7 Vro9891G96
     K05V02T  C2005 11 04.26330 00 37 31.44 -10 10 14.3          20.4 Vro9891G96
     K05V02T  C2005 11 04.26374 00 37 31.65 -10 10 13.8          20.4 Vro9891G96
     K05V02T  C2005 11 04.26728 00 37 33.31 -10 10 08.4          19.7 Vro9891G96
     K05V02T  C2005 11 04.26770 00 37 33.52 -10 10 07.3          19.8 Vro9891G96
     K05V02T  C2005 11 04.26812 00 37 33.70 -10 10 06.4          19.4 Vro9891G96
     K05V02T  C2005 11 04.26854 00 37 33.88 -10 10 05.8          19.5 Vro9891G96
     K05V02T  C2005 11 05.16701 00 44 44.04 -09 46 08.0          19.4 Vro9891G96
     K05V02T  C2005 11 05.17095 00 44 45.79 -09 46 01.9          19.8 Vro9891G96
     K05V02T  C2005 11 05.17890 00 44 49.33 -09 45 49.6          20.9 Vro9891G96
     K05V02T tC2005 11 10.13898 01 18 01.12 -07 38 35.8          21.1 Vdo9891291
     K05V02T tC2005 11 10.14430 01 18 02.89 -07 38 28.2          20.9 Vdo9891291
     K05V02T tC2005 11 10.14981 01 18 04.76 -07 38 20.1          20.8 Vdo9891291
     K05V02T 2C2005 11 11.33200801 24 38.563-07 09 37.03         20.0 Roq1834568
     K05V02T 2C2005 11 11.33334101 24 38.969-07 09 35.08         19.9 Roq1834568
     K05V02T 2C2005 11 11.33507501 24 39.495-07 09 32.58         19.9 Roq1834568
     K05V02T 1C2005 11 18.41903 01 56 13.97 -04 33 20.9                 p1150F65
     K05V02T 1C2005 11 18.42196 01 56 14.60 -04 33 16.6                 p1150F65
     K05V02T 1C2005 11 18.42285 01 56 14.75 -04 33 15.4                 p1150F65
     K05V02T 1C2005 11 18.42450 01 56 15.10 -04 33 13.3                 p1150F65
     K05V02T 1C2005 11 18.42531 01 56 15.29 -04 33 12.6                 p1150F65
     K05V02T 1C2005 11 18.42613 01 56 15.40 -04 33 11.8                 p1150F65
     K05V02T HC2005 11 22.31233 02 09 21.43 -03 17 17.3                dp1150291
     K05V02T  C2005 11 22.31646 02 09 22.22 -03 17 14.0          21.6 Vdp1150291
     K05V02T  C2005 11 22.32195 02 09 23.10 -03 17 07.9          21.7 Vdp1150291
     K05V02T  C2005 11 28.15257 02 25 25.18 -01 32 50.7          21.7 Vdp2327291
     K05V02T HC2005 11 28.15719 02 25 25.76 -01 32 49.1                dp2327291
     K05V02T HC2005 11 28.16160 02 25 26.24 -01 32 43.5                dp2327291
     K05V02T HC2005 11 29.17606 02 27 53.19 -01 15 32.9                dp2327291
     K05V02T HC2005 11 29.18287 02 27 54.08 -01 15 26.4                dp2327291
     K05V02T HC2005 11 29.18801 02 27 54.67 -01 15 21.8                dp2327291
