     K05V07D* C2005 11 12.32595 05 27 23.18 +47 35 53.3          18.6  co9900704
     K05V07D  C2005 11 12.33853 05 27 24.79 +47 35 53.8          18.5  co9900704
     K05V07D  C2005 11 12.35105 05 27 26.33 +47 35 53.3          19.1  co9900704
     K05V07D  C2005 11 12.36360 05 27 27.91 +47 35 54.5          18.7  co9900704
     K05V07D  C2005 11 12.37654 05 27 29.45 +47 35 54.4          18.9  co9900704
     K05V07D  C2005 11 12.99901 05 29 13.44 +47 34 36.6                ro9900J95
     K05V07D  C2005 11 13.00167 05 29 13.77 +47 34 36.6                ro9900J95
     K05V07D  C2005 11 13.00420 05 29 14.17 +47 34 37.3          19.2 Rro9900J95
     K05V07D  C2005 11 13.31193 05 30 01.41 +47 34 34.1          18.8  co9900704
     K05V07D  C2005 11 13.32428 05 30 02.86 +47 34 33.8          18.8  co9900704
     K05V07D  C2005 11 13.33108 05 30 04.00 +47 34 35.7          19.2 Rco9900854
     K05V07D  C2005 11 13.33667 05 30 04.13 +47 34 34.4          18.7  co9900704
     K05V07D  C2005 11 13.33683 05 30 04.69 +47 34 36.3          19.2 Rco9900854
     K05V07D  C2005 11 13.34258 05 30 05.30 +47 34 36.0          19.2 Rco9900854
     K05V07D  C2005 11 13.34900 05 30 05.45 +47 34 34.2          19.2  co9900704
     K05V07D  C2005 11 13.36137 05 30 06.77 +47 34 33.0          19.0  co9900704
     K05V07D 5C2005 11 13.40417 05 30 12.55 +47 34 28.6          18.4 Rco9900673
     K05V07D 5C2005 11 13.41319 05 30 13.50 +47 34 27.6                co9900673
     K05V07D 5C2005 11 13.41852 05 30 14.06 +47 34 27.0                co9900673
     K05V07D 5C2005 11 13.42164 05 30 14.37 +47 34 26.6                co9900673
     K05V07D 1C2005 11 16.54447 05 36 29.15 +47 25 34.9                 p1153F65
     K05V07D 1C2005 11 16.54565 05 36 29.20 +47 25 34.5                 p1153F65
     K05V07D 1C2005 11 16.54688 05 36 29.26 +47 25 34.0                 p1153F65
     K05V07D 1C2005 11 16.54804 05 36 29.31 +47 25 33.5                 p1153F65
     K05V07D  C2005 11 16.95851 05 37 12.14 +47 23 08.6                rp1153J95
     K05V07D  C2005 11 16.96383 05 37 12.62 +47 23 09.1                rp1153J95
     K05V07D  C2005 11 16.96915 05 37 12.89 +47 23 08.5          19.5 Rrp1153J95
     K05V07D  C2005 11 17.25015 05 37 38.88 +47 22 17.1          19.7 Rrp1153448
     K05V07D  C2005 11 17.29821 05 37 41.52 +47 22 10.9          20.0 Rrp1153448
     K05V07D  C2005 11 17.32804 05 37 43.05 +47 22 07.7          18.9 Rrp1153448
     K05V07D  C2005 12 07.18227 05 41 39.06 +44 46 13.1                rp3867J95
     K05V07D  C2005 12 07.18973 05 41 38.73 +44 46 06.8          20.4 Rrp3867J95
