     K05U64T* C2005 10 31.27750 02 49 07.24 -16 20 28.5          19.7 Vro7874703
     K05U64T  C2005 10 31.28297 02 49 06.74 -16 20 43.5          20.0 Vro7874703
     K05U64T  C2005 10 31.28834 02 49 06.45 -16 20 55.7          19.7 Vro7874703
     K05U64T  C2005 10 31.29372 02 49 06.16 -16 21 11.1          19.8 Vro7874703
     K05U64T  C2005 10 31.32024 02 49 04.51 -16 22 19.2          19.6 Vro7874703
     K05U64T  C2005 10 31.32400 02 49 04.26 -16 22 27.2          19.8 Vro7874703
     K05U64T  C2005 10 31.32778 02 49 04.08 -16 22 36.9          20.4 Vro7874703
     K05U64T  C2005 10 31.33156 02 49 03.79 -16 22 47.6          19.3 Vro7874703
     K05U64T  C2005 11 01.29835 02 48 10.98 -17 03 59.9          20.2 Vro7874703
     K05U64T  C2005 11 01.30096 02 48 10.87 -17 04 08.7          20.2 Vro7874703
     K05U64T  C2005 11 01.30355 02 48 10.65 -17 04 13.9          19.5 Vro7874703
     K05U64T  C2005 11 01.30617 02 48 10.54 -17 04 19.2          19.3 Vro7874703
     K05U64T  C2005 11 01.31697 02 48 09.79 -17 04 48.8          19.6 Vro7874G96
     K05U64T  C2005 11 01.32608 02 48 09.21 -17 05 12.3          19.6 Vro7874G96
     K05U64T  C2005 11 01.33524 02 48 08.64 -17 05 35.9          19.6 Vro7874G96
     K05U64T  C2005 11 01.34433 02 48 08.02 -17 05 59.2          19.6 Vro7874G96
     K05U64T  C2005 11 01.51956 02 47 58.50 -17 13 02.6          19.5 Roo7874474
     K05U64T  C2005 11 01.52326 02 47 58.25 -17 13 11.8          19.3 Roo7874474
     K05U64T  C2005 11 01.53345 02 47 57.58 -17 13 39.4          19.0 Roo7874474
     K05U64T 1C2005 11 03.54334 02 45 56.70 -18 41 16.8                 o7874F65
     K05U64T 1C2005 11 03.54436 02 45 56.62 -18 41 20.1                 o7874F65
     K05U64T 1C2005 11 03.54541 02 45 56.56 -18 41 22.2                 o7874F65
     K05U64T 1C2005 11 03.54639 02 45 56.47 -18 41 25.0                 o7874F65
     K05U64T 1C2005 11 03.54738 02 45 56.42 -18 41 27.2                 o7874F65
     K05U64T 1C2005 11 03.54842 02 45 56.30 -18 41 31.1                 o7874F65
     K05U64T  C2005 11 06.24542 02 43 00.04 -20 40 59.3          19.9 Vro9753703
     K05U64T  C2005 11 06.25028 02 42 59.68 -20 41 12.0          19.4 Vro9753703
     K05U64T  C2005 11 06.25516 02 42 59.32 -20 41 27.5          19.5 Vro9753703
     K05U64T  C2005 11 06.26003 02 42 58.89 -20 41 39.1          20.0 Vro9753703
     K05U64T  C2005 11 17.27452 02 27 55.59 -29 02 16.7          19.5 Rop0864644
     K05U64T  C2005 11 17.27603 02 27 55.43 -29 02 20.6          19.9 Rop0864644
     K05U64T  C2005 11 17.29640 02 27 53.28 -29 03 16.1          19.7 Rop0864644
     K05U64T  C2005 11 17.29795 02 27 53.13 -29 03 20.3          19.8 Rop0864644
     K05U64T  C2005 11 17.31749 02 27 51.08 -29 04 13.1          20.3 Rop0864644
     K05U64T  C2005 11 17.31899 02 27 50.94 -29 04 17.5          19.8 Rop0864644
     K05U64T  C2005 12 04.43368 01 57 28.52 -41 39 42.5          19.2 Vrp3767428
     K05U64T  C2005 12 04.43857 01 57 27.86 -41 39 55.0          19.0 Vrp3767428
     K05U64T  C2005 12 04.44345 01 57 27.18 -41 40 07.6          19.4 Vrp3767428
     K05U64T 1C2005 12 25.46955 00 55 03.51 -58 21 50.7          19.9 Rrp6614413
     K05U64T 1C2005 12 25.47417 00 55 01.90 -58 22 05.7          20.0 Rrp6614413
     K05U64T  C2006 03 05.51412 17 20 03.40 -11 05 45.8          20.8 Vdq6128291
     K05U64T HC2006 03 05.51848 17 20 03.64 -11 05 40.1                dq6128291
     K05U64T HC2006 03 05.52252 17 20 03.63 -11 05 32.5                dq6128291
     K05U64T  C2006 03 24.37372 17 19 50.43 -02 37 26.7          20.1 Rrq7110734
     K05U64T  C2006 03 24.37666 17 19 50.35 -02 37 22.5          20.3 Rrq7110734
     K05U64T  C2006 03 24.37960 17 19 50.22 -02 37 18.5          20.5 Rrq7110734
     K05U64T HC2006 04 20.34256 16 47 54.23 +05 43 34.6                dq9176291
     K05U64T HC2006 04 20.34636 16 47 53.82 +05 43 37.6                dq9176291
     K05U64T HC2006 04 20.35046 16 47 53.36 +05 43 40.0                dq9176291
     K05U64T  C2006 04 29.93422 16 29 03.42 +07 17 07.3          19.9 Vrr0853A13
     K05U64T  C2006 04 29.97263 16 28 58.53 +07 17 21.7          19.9 Vrr0853A13
     K05U64T  C2006 06 16.28689 15 22 38.77 +03 27 14.8          22.5 Vdr3927291
     K05U64T HC2006 06 16.29727 15 22 38.55 +03 27 08.0                dr3927291
     K05U64T  C2006 06 16.30792 15 22 38.22 +03 27 00.4          22.1 Vdr3927291
     K05U64T  C2010 09 19.45465 04 53 34.10 +08 48 04.5          22.2 Vo~0Msx291
     K05U64T  C2010 09 19.45839 04 53 34.74 +08 48 02.1          22.1 Vo~0Msx291
     K05U64T HC2010 09 19.46231 04 53 35.60 +08 48 00.1                o~0Msx291
     K05U64T KC2011 06 04.23481517 04 26.62 -00 33 50.3          22.3 Vo~0WQkH21
     K05U64T KC2011 06 04.24825417 04 25.21 -00 33 51.4          22.2 Vo~0WQkH21
     K05U64T KC2011 06 04.26436817 04 23.49 -00 33 53.8          22.2 Vo~0WQkH21
