     K05F03C  C2005 02 04.16521607 57 41.983+09 36 02.10         20.46rn~0ga3645
     K05F03C  C2005 02 04.16563107 57 41.973+09 36 02.00         20.46rn~0ga3645
     K05F03C  C2005 02 04.16604607 57 41.879+09 36 02.88               n~0ga3645
     K05F03C  C2005 02 04.16646007 57 41.866+09 36 02.66               n~0ga3645
     K05F03C  C2005 02 04.16853307 57 41.596+09 36 04.45               n~0ga3645
     K05F03C  C2005 02 04.16894807 57 41.577+09 36 04.27               n~0ga3645
     K05F03C* C2005 03 17.11437 07 03 24.01 +18 29 11.3          20.4 Rrn0093G96
     K05F03C  C2005 03 17.11972 07 03 23.88 +18 29 15.0          20.0 Rrn0093G96
     K05F03C  C2005 03 17.12508 07 03 23.73 +18 29 19.2          19.7 Rrn0093G96
     K05F03C  C2005 03 17.13044 07 03 23.65 +18 29 22.1          20.9 Rrn0093G96
     K05F03C  C2005 03 17.13611 07 03 23.54 +18 29 27.3          20.4 Rrn0093G96
     K05F03C  C2005 03 17.14236 07 03 23.37 +18 29 31.4          20.1 Rrn0093G96
     K05F03C  C2005 03 17.14859 07 03 23.22 +18 29 35.8          21.0 Rrn0093G96
     K05F03C  C2005 03 17.15482 07 03 23.07 +18 29 40.4          21.1 Rrn0093G96
     K05F03C  C2005 03 23.10550 07 02 41.43 +19 39 44.7          20.0 Rrn0093G96
     K05F03C  C2005 03 23.10877 07 02 41.45 +19 39 47.0          19.9 Rrn0093G96
     K05F03C  C2005 03 23.11205 07 02 41.44 +19 39 49.0          20.2 Rrn0093G96
     K05F03C  C2005 03 23.11531 07 02 41.40 +19 39 51.2          20.2 Rrn0093G96
     K05F03C 4C2005 03 23.29590 07 02 41.87 +19 41 57.6          20.0 Ron0093F65
     K05F03C 4C2005 03 23.30249 07 02 41.88 +19 42 02.4          19.6 Ron0093F65
     K05F03C 4C2005 03 23.30872 07 02 41.87 +19 42 06.7          19.8 Ron0093F65
     K05F03C 1C2005 03 31.45912 07 05 03.00 +21 12 17.2          20.4 Rrn0853413
     K05F03C  C2005 03 31.80148 07 05 13.81 +21 15 42.9                rn0313540
     K05F03C  C2005 03 31.81904 07 05 14.37 +21 15 53.6                rn0313540
     K05F03C  C2005 03 31.84871 07 05 15.25 +21 16 10.4          21.3 Rrn0313540
     K05F03C HC2005 04 01.12304 07 05 24.09 +21 19 09.9          20.9 Vcn0313691
     K05F03C HC2005 04 01.13342 07 05 24.44 +21 19 15.7                cn0313691
     K05F03C HC2005 04 01.14714 07 05 24.82 +21 19 24.8                cn0313691
     K05F03C  C2005 04 01.80149 07 05 46.83 +21 26 16.2                rn0313540
     K05F03C  C2005 04 01.81402 07 05 47.26 +21 26 24.0          21.3 Rrn0313540
     K05F03C  C2005 04 01.89791 07 05 49.91 +21 27 18.3          19.9 Vrn0313A13
     K05F03C  C2005 04 01.90568 07 05 50.18 +21 27 23.5          20.8 Vrn0313A13
     K05F03C  C2005 04 01.94904 07 05 51.84 +21 27 48.0          19.9 Vrn0313A13
     K05F03C  C2005 04 08.87007 07 11 07.04 +22 38 26.5                rn1794J95
     K05F03C  C2005 04 08.88754 07 11 07.95 +22 38 34.9          20.7 Rrn1794J95
     K05F03C  C2005 08 12.58184 21 04 52.46 +16 38 07.1          16.1 Vrn9350E12
     K05F03C  C2005 08 12.58701 21 04 53.61 +16 37 08.2          16.1 Vrn9350E12
     K05F03C  C2005 08 12.59765 21 04 55.99 +16 35 06.9          16.1 Vrn9350E12
     K05F03C  C2005 08 12.89901 21 06 11.88 +15 37 23.7                rn9350J95
     K05F03C  C2005 08 12.90287 21 06 12.74 +15 36 41.5                rn9350J95
     K05F03C  C2005 08 12.90439 21 06 13.07 +15 36 24.7          16.2 Rrn9350J95
     K05F03C  C2005 08 12.98397 21 06 29.82 +15 22 02.1          16.2  rn9350147
     K05F03C  C2005 08 12.98475 21 06 29.99 +15 21 53.6          16.4  rn9350147
     K05F03C  C2005 08 12.98553 21 06 30.16 +15 21 45.0                rn9350147
     K05F03C  C2005 08 12.98657 21 06 30.37 +15 21 33.9          16.4  rn9350147
     K05F03C  C2005 08 12.98710 21 06 30.49 +15 21 28.3          16.4  rn9350147
     K05F03C  C2005 08 12.99436 21 06 32.05 +15 20 09.1          16.1  rn9350147
     K05F03C  C2005 08 12.99527 21 06 32.24 +15 19 59.1                rn9350147
     K05F03C  C2005 08 12.99618 21 06 32.43 +15 19 48.9          16.3  rn9350147
     K05F03C  C2005 08 13.84633 21 09 45.26 +12 51 57.5          16.1 Rrn9667185
     K05F03C  C2005 08 13.85078 21 09 46.11 +12 51 17.1          16.4  rn9667160
     K05F03C  C2005 08 13.85217 21 09 46.38 +12 51 03.5          16.4  rn9667160
     K05F03C  C2005 08 13.85270 21 09 46.49 +12 50 54.5          16.1 Rrn9667185
     K05F03C  C2005 08 13.85355 21 09 46.64 +12 50 49.8          16.3  rn9667160
     K05F03C  C2005 08 13.85493 21 09 46.91 +12 50 35.9          16.3  rn9667160
     K05F03C  C2005 08 13.85572 21 09 47.00 +12 50 23.1          16.0 Rrn9667185
     K05F03C  C2005 08 13.85631 21 09 47.18 +12 50 22.3          16.4  rn9667160
     K05F03C  C2005 08 13.85769 21 09 47.45 +12 50 08.6          16.3  rn9667160
     K05F03C  C2005 08 13.85908 21 09 47.72 +12 49 54.8          16.4  rn9667160
     K05F03C  C2005 08 13.86045 21 09 47.98 +12 49 41.0          16.3  rn9667160
     K05F03C  C2005 08 13.93200 21 10 01.57 +12 37 51.4          15.7 Vdn9667A56
     K05F03C  C2005 08 13.93420 21 10 02.00 +12 37 30.0          15.6 Vdn9667A56
     K05F03C  C2005 08 13.93743 21 10 02.67 +12 36 56.1                rn9667204
     K05F03C  C2005 08 13.93965 21 10 03.09 +12 36 34.1          16.3 Rrn9667204
     K05F03C  C2005 08 13.94239 21 10 03.55 +12 36 08.8          15.6 Vdn9667A56
     K05F03C  C2005 08 13.94308 21 10 03.73 +12 36 00.2                rn9667204
     K05F03C  C2005 08 13.94575 21 10 04.24 +12 35 33.9                rn9667204
     K05F03C  C2005 08 13.94784 21 10 04.59 +12 35 14.8          15.7 Vdn9667A56
     K05F03C  C2005 08 14.90566 21 13 14.47 +10 04 43.1                rn9667J95
     K05F03C  C2005 08 14.90784 21 13 14.47 +10 04 29.8                rn9667203
     K05F03C  C2005 08 14.91006 21 13 15.21 +10 04 03.6                rn9667J95
     K05F03C  C2005 08 14.91350 21 13 15.79 +10 03 32.9          16.1 Rrn9667J95
     K05F03C  C2005 08 14.98673 21 13 27.51 +09 52 44.8                rn9667203
     K05F03C  C2005 08 14.99384 21 13 28.69 +09 51 41.4                rn9667203
     K05F03C  C2005 08 15.36714 21 14 37.93 +08 57 49.0          16.5  cn9667608
     K05F03C  C2005 08 15.37777 21 14 39.54 +08 56 18.1          16.5  cn9667608
     K05F03C  C2005 08 15.38879 21 14 41.19 +08 54 44.1          16.5  cn9667608
     K05F03C  C2005 08 15.87747 21 16 05.61 +07 46 24.0                on9667A67
     K05F03C  C2005 08 15.88413 21 16 06.49 +07 45 28.6                rn9667203
     K05F03C  C2005 08 15.91620 21 16 11.25 +07 41 09.1                rn9667203
     K05F03C  C2005 08 15.92704 21 16 12.74 +07 39 41.8          16.0 Rcn9667A53
     K05F03C  C2005 08 15.92859 21 16 12.97 +07 39 29.7          16.0 Rcn9667A53
     K05F03C  C2005 08 15.93052 21 16 13.25 +07 39 13.5          16.0 Rcn9667A53
     K05F03C  C2005 08 15.93247 21 16 13.56 +07 38 58.0          15.9 Rcn9667A53
     K05F03C  C2005 08 15.93624 21 16 14.12 +07 38 26.9          16.3  rn9667130
     K05F03C  C2005 08 15.93740 21 16 14.30 +07 38 17.3          16.4  rn9667130
     K05F03C  C2005 08 15.93854 21 16 14.46 +07 38 08.0          16.3  rn9667130
     K05F03C  C2005 08 15.94008 21 16 14.67 +07 37 55.7          16.2  rn9667130
     K05F03C  C2005 08 15.94161 21 16 14.90 +07 37 43.3          16.3  rn9667130
     K05F03C  C2005 08 16.86821 21 18 41.82 +05 38 24.1                co1719127
     K05F03C  C2005 08 16.87424 21 18 42.63 +05 37 39.8                co1719127
     K05F03C  C2005 08 16.87706 21 18 43.02 +05 37 18.9                co1719127
     K05F03C  C2005 08 16.88059 21 18 43.49 +05 36 53.1                co1719127
     K05F03C  C2005 08 16.88382 21 18 43.94 +05 36 29.4                co1719127
     K05F03C  C2005 08 16.90232 21 18 46.44 +05 34 17.4                rn9667203
     K05F03C  C2005 08 16.94104 21 18 51.51 +05 29 33.8                rn9667203
     K05F03C  C2005 08 16.98134 21 18 56.75 +05 24 39.3                rn9667203
     K05F03C  C2005 08 17.82315 21 20 58.39 +03 46 26.9          16.3 Von9667151
     K05F03C  C2005 08 17.82546 21 20 58.67 +03 46 11.5          16.1 Von9667151
     K05F03C  C2005 08 17.82697 21 20 58.85 +03 46 01.4          16.1 Von9667151
     K05F03C  C2005 08 17.82891 21 20 59.09 +03 45 48.4          16.0 Von9667151
     K05F03C  C2005 08 17.85114 21 21 01.77 +03 43 18.6          16.1 Von9667198
     K05F03C  C2005 08 17.85216 21 21 01.90 +03 43 11.7          16.1 Von9667198
     K05F03C  C2005 08 17.85519 21 21 02.30 +03 42 51.5          16.1 Von9667198
     K05F03C  C2005 08 17.85553 21 21 02.35 +03 42 49.3          16.1 Von9667198
     K05F03C  C2005 08 17.89458 21 21 06.86 +03 38 27.9          16.1 Rcn9667113
     K05F03C  C2005 08 17.89522 21 21 06.95 +03 38 23.1          15.9 Rcn9667113
     K05F03C  C2005 08 17.89586 21 21 07.01 +03 38 19.2          15.7 Rcn9667113
     K05F03C  C2005 08 17.89650 21 21 07.11 +03 38 15.5          15.8 Rcn9667113
     K05F03C  C2005 08 17.89714 21 21 07.17 +03 38 10.5          15.9 Rcn9667113
     K05F03C  C2005 08 17.90004 21 21 07.84 +03 37 50.0          16.0 Rrn9667145
     K05F03C  C2005 08 17.90220 21 21 08.10 +03 37 36.2          16.1 Rrn9667145
     K05F03C  C2005 08 17.90436 21 21 08.37 +03 37 21.4          16.2 Rrn9667145
     K05F03C  C2005 08 17.90694 21 21 08.68 +03 37 04.4          16.1 Rrn9667145
     K05F03C  C2005 08 17.90911 21 21 08.93 +03 36 50.3          16.0 Rrn9667145
     K05F03C  C2005 08 17.91127 21 21 09.17 +03 36 35.7          16.2 Rrn9667145
     K05F03C  C2005 08 17.91269 21 21 09.26 +03 36 27.0                co1719127
     K05F03C  C2005 08 17.91547 21 21 09.59 +03 36 08.5                co1719127
     K05F03C  C2005 08 17.92083 21 21 10.23 +03 35 32.9                co1719127
     K05F03C  C2005 08 17.92382 21 21 10.60 +03 35 13.1                co1719127
     K05F03C  C2005 08 20.95199 21 27 04.92 -01 16 19.2          16.6 Vrn9667170
     K05F03C  C2005 08 20.95453 21 27 05.12 -01 16 32.1          16.5 Vrn9667170
     K05F03C  C2005 08 20.95731 21 27 05.38 -01 16 46.0          16.7 Vrn9667170
     K05F03C  C2005 08 23.22341 21 30 36.19 -04 07 50.7          17.4 Rrn9667932
     K05F03C  C2005 08 23.22801 21 30 36.53 -04 08 09.8          17.2 Rrn9667932
     K05F03C  C2005 08 23.23447 21 30 37.00 -04 08 36.2          17.6 Rrn9667932
     K05F03C  C2005 08 23.41239 21 30 52.78 -04 20 26.3          17.7  cn9667608
     K05F03C  C2005 08 23.42281 21 30 53.50 -04 21 08.3          17.8  cn9667608
     K05F03C  C2005 08 23.43323 21 30 54.19 -04 21 50.0          17.8  cn9667608
     K05F03C  C2005 08 24.29524 21 32 05.22 -05 17 40.8          16.7  on9667644
     K05F03C  C2005 08 24.32141 21 32 06.91 -05 19 18.6          16.7  on9667644
     K05F03C  C2005 08 24.34442 21 32 08.38 -05 20 44.1          16.7  on9667644
     K05F03C  C2005 08 25.20025 21 33 14.63 -06 12 03.7          17.0 Rrn9667932
     K05F03C  C2005 08 25.21549 21 33 15.58 -06 12 56.5          17.1 Rrn9667932
     K05F03C  C2005 08 25.22679 21 33 16.29 -06 13 35.6          17.3 Rrn9667932
     K05F03C  C2005 08 26.26452 21 34 32.26 -07 10 52.9          16.6 Rcn9667699
     K05F03C  C2005 08 26.29586 21 34 34.00 -07 12 32.9                cn9667699
     K05F03C  C2005 08 26.31473 21 34 35.09 -07 13 32.3                cn9667699
     K05F03C  C2005 08 26.33374 21 34 36.16 -07 14 32.1                cn9667699
     K05F03C  C2005 08 26.53902 21 34 51.77 -07 25 16.1          16.9 Vrn9667379
     K05F03C  C2005 08 26.54700 21 34 52.24 -07 25 41.1          17.2 Vrn9667379
     K05F03C  C2005 08 26.54899 21 34 52.35 -07 25 46.8          17.3 Vrn9667379
     K05F03C  C2005 08 26.84763 21 35 13.25 -07 41 07.1          16.7 Rrn9667157
     K05F03C  C2005 08 26.85047 21 35 13.40 -07 41 15.5          16.5 Rrn9667157
     K05F03C  C2005 08 26.85188 21 35 13.49 -07 41 19.8          16.8 Rrn9667157
     K05F03C  C2005 08 26.88365 21 35 15.34 -07 42 58.6          16.9 Von9667A62
     K05F03C  C2005 08 26.88439 21 35 15.38 -07 43 00.9          17.0 Von9667A62
     K05F03C  C2005 08 26.88513 21 35 15.41 -07 43 03.1          17.0 Von9667A62
     K05F03C  C2005 08 26.88634 21 35 15.48 -07 43 06.6          17.1 Von9667A62
     K05F03C  C2005 08 26.88755 21 35 15.56 -07 43 10.3          17.1 Von9667A62
     K05F03C  C2005 08 26.88876 21 35 15.63 -07 43 13.8          17.1 Von9667A62
     K05F03C  C2005 08 26.88950 21 35 15.66 -07 43 16.3          17.0 Von9667A62
     K05F03C  C2005 08 26.89024 21 35 15.71 -07 43 18.4          17.0 Von9667A62
     K05F03C  C2005 08 26.89145 21 35 15.76 -07 43 22.0          16.9 Von9667A62
     K05F03C  C2005 08 26.89266 21 35 15.85 -07 43 25.8          16.9 Von9667A62
     K05F03C  C2005 08 26.89387 21 35 15.91 -07 43 29.4          17.0 Von9667A62
     K05F03C  C2005 08 26.89536 21 35 16.00 -07 43 33.8          17.1 Von9667A62
     K05F03C  C2005 08 26.89573 21 35 16.03 -07 43 35.0          17.0 Von9667A62
     K05F03C  C2005 08 27.50756 21 35 57.23 -08 13 32.4          16.8 Vrn9667379
     K05F03C  C2005 08 27.50956 21 35 57.33 -08 13 38.0          17.0 Vrn9667379
     K05F03C  C2005 08 27.51954 21 35 57.84 -08 14 07.1          17.0 Vrn9667379
     K05F03C  C2005 08 27.53498 21 35 58.68 -08 14 51.6          17.3 Vrn9667379
     K05F03C  C2005 08 29.24133 21 37 45.37 -09 31 16.2          17.0 Roo0224699
     K05F03C  C2005 08 29.26141 21 37 46.32 -09 32 05.5                oo0224699
     K05F03C  C2005 08 29.28148 21 37 47.29 -09 32 57.5                oo0224699
     K05F03C  C2005 08 29.30153 21 37 48.24 -09 33 47.4                oo0224699
     K05F03C  C2005 08 29.58259 21 38 05.29 -09 45 22.6          17.5 Vro0224379
     K05F03C  C2005 08 29.60059 21 38 06.12 -09 46 06.0                ro0224379
     K05F03C  C2005 08 29.80299 21 38 19.55 -09 54 21.0          17.5 Voo0224151
     K05F03C  C2005 08 29.80534 21 38 19.68 -09 54 26.6          17.7 Voo0224151
     K05F03C  C2005 08 29.80635 21 38 19.73 -09 54 29.0          17.5 Voo0224151
     K05F03C  C2005 08 29.80719 21 38 19.73 -09 54 32.0          17.7 Voo0224151
     K05F03C  C2005 08 29.88503 21 38 23.62 -09 57 38.1          18.0 Vco2231A48
     K05F03C  C2005 08 29.88690 21 38 23.73 -09 57 42.4          17.9 Vco2231A48
     K05F03C  C2005 08 29.88876 21 38 23.81 -09 57 47.0          17.8 Vco2231A48
     K05F03C  C2005 08 29.89062 21 38 23.89 -09 57 51.4          17.8 Vco2231A48
     K05F03C  C2005 08 29.89248 21 38 23.99 -09 57 55.8          17.9 Vco2231A48
     K05F03C  C2005 08 29.92906 21 38 25.75 -09 59 24.3          17.5 Rro0224215
     K05F03C  C2005 08 29.92943 21 38 25.79 -09 59 25.4          17.2 Rro0224215
     K05F03C  C2005 08 29.92981 21 38 25.81 -09 59 26.1          17.2 Rro0224215
     K05F03C  C2005 08 29.97697 21 38 28.31 -10 01 16.2          17.5 Vro0224170
     K05F03C  C2005 08 29.97867 21 38 28.39 -10 01 20.2          17.5 Vro0224170
     K05F03C  C2005 08 29.98123 21 38 28.52 -10 01 26.3          17.6 Vro0224170
     K05F03C  C2005 08 30.19199 21 38 41.75 -10 09 38.6          17.6  co0224704
     K05F03C  C2005 08 30.20323 21 38 42.25 -10 10 05.7          18.0  co0224704
     K05F03C  C2005 08 30.21450 21 38 42.77 -10 10 31.6          17.6  co0224704
     K05F03C  C2005 08 30.22574 21 38 43.30 -10 10 57.8          17.6  co0224704
     K05F03C  C2005 08 30.23700 21 38 43.81 -10 11 24.7          17.8  co0224704
     K05F03C  C2005 08 30.84437 21 39 18.99 -10 34 27.8          17.6  co0224A57
     K05F03C  C2005 08 30.84932 21 39 19.21 -10 34 40.3          17.7  co0224A57
     K05F03C  C2005 08 30.85397 21 39 19.50 -10 34 50.6          17.7  co0224A57
     K05F03C  C2005 08 30.85752 21 39 19.65 -10 34 58.8          17.6  co0224A57
     K05F03C  C2005 08 30.86042 21 39 19.76 -10 35 04.7          17.7  co0224A57
     K05F03C  C2005 08 31.37116 21 39 47.89 -10 53 28.4          19.5  co0224608
     K05F03C  C2005 08 31.38205 21 39 48.32 -10 53 51.5          18.7  co0224608
     K05F03C  C2005 08 31.39286 21 39 48.84 -10 54 13.9          18.9  co0224608
     K05F03C  C2005 09 01.80784 21 41 05.97 -11 42 05.1          18.0 Vco1097A78
     K05F03C  C2005 09 01.81342 21 41 06.19 -11 42 15.8          18.1 Vco1097A78
     K05F03C  C2005 09 01.81941 21 41 06.41 -11 42 27.5          18.1 Vco1097A78
     K05F03C  C2005 09 01.82556 21 41 06.79 -11 42 39.4          18.0 Vco1097A78
     K05F03C  C2005 09 02.92680 21 42 02.56 -12 16 29.3                rp0717084
     K05F03C  C2005 09 04.88944 21 43 40.71 -13 10 14.4                rp0717084
     K05F03C  C2005 09 04.89162 21 43 40.78 -13 10 17.5                rp0717084
     K05F03C  C2005 09 06.12514 21 44 41.73 -13 40 11.6          17.6 Rco1097699
     K05F03C  C2005 09 06.15778 21 44 43.01 -13 40 57.3                co1097699
     K05F03C  C2005 09 06.17411 21 44 43.69 -13 41 20.3                co1097699
     K05F03C  C2005 09 08.25732 21 46 21.25 -14 26 02.6          19.0  co1097704
     K05F03C  C2005 09 08.26853 21 46 21.64 -14 26 16.4          19.1  co1097704
     K05F03C  C2005 09 08.28029 21 46 22.19 -14 26 33.0          19.5  co1097704
     K05F03C  C2005 09 08.29151 21 46 22.55 -14 26 45.2          19.1  co1097704
     K05F03C  C2005 09 24.14432 21 58 45.01 -17 25 25.2          19.9 Roo2673644
     K05F03C  C2005 09 24.16608 21 58 45.95 -17 25 32.1          20.5 Roo2673644
     K05F03C  C2005 09 24.18733 21 58 46.89 -17 25 39.0          19.6 Roo2673644
     K05F03C [C2005 10 11.22111 22 13 59.12 -17 44 17.2                c~0C7y568
     K05F03C [C2005 10 11.29876 22 14 03.35 -17 44 08.3                c~0C7y568
     K05F03C [C2005 10 11.33167 22 14 05.13 -17 44 04.5                c~0C7y568
     K05F03C [C2005 10 11.35077 22 14 06.16 -17 44 02.5                c~0C7y568
     K05F03C tC2008 01 18.52244 13 56 57.42 -11 39 49.8          21.6 Vox4256291
     K05F03C tC2008 01 18.52627 13 56 58.56 -11 39 53.4          21.8 Vox4256291
     K05F03C tC2008 01 18.53021 13 56 59.58 -11 39 56.4          21.6 Vox4256291
     K05F03C KC2016 01 02.26611707 35 58.67 +08 28 59.9          22.2 Vu~1hThH21
     K05F03C KC2016 01 02.27747607 35 57.73 +08 29 01.7          22.3 Vu~1hThH21
     K05F03C KC2016 01 02.29372107 35 56.48 +08 29 05.2          22.5 Vu~1hThH21
