i7221K05U05O* C2005 10 27.56110 01 19 15.31 -35 13 26.1          19.8  ro6255E12
i7221K05U05O  C2005 10 27.56982 01 19 12.57 -35 13 02.1          19.6  ro6255E12
i7221K05U05O  C2005 10 27.57852 01 19 09.94 -35 12 36.9          19.5  ro6255E12
i7221K05U05O  C2005 10 27.58707 01 19 07.42 -35 12 14.8          19.3  ro6255E12
i7221K05U05O  C2005 10 27.62436 01 18 56.23 -35 10 31.4          19.6  ro6255E12
i7221K05U05O  C2005 10 27.63431 01 18 53.13 -35 10 03.1          19.7  ro6255E12
i7221K05U05O  C2005 10 27.64426 01 18 50.22 -35 09 36.5          18.6  ro6255E12
i7221K05U05O  C2005 10 27.65413 01 18 47.30 -35 09 08.0          19.6  ro6255E12
i7221K05U05O bC2005 10 27.70120 01 18 33.30 -35 06 56.8          19.7  ro6255E12
i7221K05U05O bC2005 10 27.70210 01 18 33.15 -35 06 54.3          19.5  ro6255E12
i7221K05U05O bC2005 10 27.70299 01 18 32.86 -35 06 51.5          20.5  ro6255E12
i7221K05U05O bC2005 10 27.70387 01 18 32.65 -35 06 48.4          19.9  ro6255E12
i7221K05U05O  C2005 10 28.20896 01 16 10.67 -34 44 08.0          20.1 Rro6255H36
i7221K05U05O  C2005 10 28.22561 01 16 05.82 -34 43 20.5          20.3 Rro6255H36
i7221K05U05O  C2005 10 28.24149 01 16 00.90 -34 42 35.7          20.2 Rro6255H36
i7221K05U05O  C2005 10 31.48264 01 00 46.29 -31 54 11.6          18.0 Rco7778474
i7221K05U05O  C2005 10 31.48403 01 00 45.88 -31 54 06.9          18.2 Rco7778474
i7221K05U05O  C2005 10 31.48530 01 00 45.47 -31 54 02.2          17.9 Rco7778474
i7221K05U05O  C2005 10 31.48669 01 00 45.10 -31 53 57.8          18.1 Rco7778474
i7221K05U05O  C2005 11 01.52471 00 55 59.08 -30 54 13.1          19.0 Vro7778E12
i7221K05U05O  C2005 11 01.53332 00 55 56.46 -30 53 42.3          18.5 Vro7778E12
i7221K05U05O  C2005 11 01.54198 00 55 53.97 -30 53 10.5          18.7 Vro7778E12
i7221K05U05O  C2005 11 01.55060 00 55 51.52 -30 52 40.9          18.8 Vro7778E12
i7221K05U05O  C2005 11 02.59400 00 51 07.66 -29 49 28.3          18.7 Vro7778E12
i7221K05U05O  C2005 11 02.60274 00 51 05.25 -29 48 56.2          19.2 Vro7778E12
i7221K05U05O  C2005 11 02.61150 00 51 02.66 -29 48 23.6          18.8 Vro7778E12
i7221K05U05O  C2005 11 02.62016 00 51 00.25 -29 47 49.6          19.2 Vro7778E12
i7221K05U05O  C2005 11 09.17092 00 23 44.34 -22 13 54.5          18.4 Rro9707448
i7221K05U05O  C2005 11 09.17567 00 23 43.11 -22 13 32.4          18.5 Rro9708448
i7221K05U05O  C2005 11 09.17954 00 23 42.18 -22 13 15.0          18.5 Rro9708448
i7221K05U05O  C2005 11 18.42052 23 53 41.46 -09 49 19.0          19.5 Vrp0841E12
i7221K05U05O  C2005 11 18.42104 23 53 41.42 -09 49 16.9          19.7 Vrp0841E12
i7221K05U05O  C2005 11 18.42157 23 53 41.20 -09 49 13.9          18.9 Vrp0841E12
i7221K05U05O  C2005 11 18.42209 23 53 41.17 -09 49 11.4          19.4 Vrp0841E12
i7221K05U05O  C2005 11 29.07324 23 31 14.53 +04 19 27.0                cp2211711
i7221K05U05O IC2005 11 29.08042 23 31 13.87 +04 19 59.6                cp2211711
i7221K05U05O  C2005 12 02.21257 23 26 42.39 +08 10 02.4          19.3 Vrp2211703
i7221K05U05O  C2005 12 02.22285 23 26 41.49 +08 10 47.0          19.8 Vrp2211703
i7221K05U05O  C2005 12 02.23347 23 26 40.59 +08 11 34.1          20.3 Vrp2211703
i7221K05U05O  C2005 12 02.24353 23 26 39.69 +08 12 17.3          19.6 Vrp2211703
i7221K05U05O  C2005 12 12.75957 23 16 52.88 +19 41 33.2          20   Rop5346461
i7221K05U05O  C2005 12 12.76684 23 16 52.57 +19 41 59.5                op5346461
i7221K05U05O  C2006 01 03.09664 23 12 28.11 +37 34 05.1          20.2 Rrp7804448
i7221K05U05O  C2006 01 03.11488 23 12 28.07 +37 34 50.3          20.7 Rrp7804448
i7221K05U05O  C2006 01 03.12914 23 12 28.04 +37 35 24.8          20.1 Rrp7804448
i7221K05U05O  C2006 04 01.83579 09 04 46.78 +82 21 14.3                cq8261540
i7221K05U05O  C2006 04 01.83818 09 04 48.50 +82 21 05.8          20.5 Vcq8261540
i7221K05U05O  C2006 04 04.90031 09 41 49.03 +79 20 03.2                oq8261J95
i7221K05U05O  C2006 04 04.91210 09 41 54.96 +79 19 18.4                oq8261J95
i7221K05U05O  C2006 04 04.92235 09 42 00.08 +79 18 39.3          20.7 Roq8261J95
i7221K05U05O  C2010 09 09.56736 03 17 43.17 -37 45 44.2          20.9 Ro~0Mey474
i7221K05U05O  C2010 09 09.57049 03 17 43.24 -37 45 46.7          21.0 Ro~0Mey474
i7221K05U05O  C2010 09 09.57431 03 17 43.32 -37 45 49.6          21.0 Ro~0Mey474
i7221K05U05O  C2010 09 09.57905 03 17 43.30 -37 45 52.9                o~0Mey474
i7221K05U05O QC2010 10 18.53020 02 04 42.72 -39 55 05.8          19.7 Vr~0NjFE12
i7221K05U05O QC2010 10 18.55429 02 04 36.07 -39 54 37.5          19.7 Vr~0NjFE12
i7221K05U05O KC2010 11 26.77340 23 36 12.82 +01 25 11.2                v~0PjH204
i7221K05U05O FC2010 11 26.79406 23 36 10.28 +01 26 48.1          18.8 Rv~0PjH204
i7221K05U05O FC2010 11 26.80417 23 36 09.01 +01 27 35.7                v~0PjH204
i7221K05U05O  C2011 05 04.19028 11 10 20.28 +37 02 51.1          20.1 Vr~0VWk703
i7221K05U05O  C2011 05 04.19474 11 10 20.49 +37 02 25.9          19.6 Vr~0VWk703
i7221K05U05O  C2011 05 04.19924 11 10 20.64 +37 01 55.9          21.1 Vr~0VWk703
i7221K05U05O  C2011 05 04.20375 11 10 21.03 +37 01 28.3          21.0 Vr~0VWk703
i7221K05U05O |C2015 10 20.22781 01 51 11.78 -40 04 52.9          19.4 Vu~1abo807
i7221K05U05O |C2015 10 20.22917 01 51 11.38 -40 04 50.7          19.7 Vu~1abo807
i7221K05U05O |C2015 10 20.23045 01 51 11.00 -40 04 48.7          19.5 Vu~1abo807
i7221K05U05O |C2015 10 20.23172 01 51 10.62 -40 04 46.6          18.4 Vu~1abo807
i7221K05U05O |C2015 10 20.23280 01 51 10.31 -40 04 45.1          19.0 Vu~1abo807
i7221K05U05O |C2015 10 24.23411 01 32 41.31 -38 05 56.5          19.7 Vu~1abo807
i7221K05U05O |C2015 10 24.23527 01 32 40.98 -38 05 53.8          19.6 Vu~1abo807
i7221K05U05O |C2015 10 24.23644 01 32 40.63 -38 05 51.5          19.2 Vu~1abo807
i7221K05U05O |C2015 10 24.23762 01 32 40.30 -38 05 49.5          19.4 Vu~1abo807
i7221K05U05O |C2015 10 24.23879 01 32 39.95 -38 05 46.7          19.3 Vu~1abo807
