F4993K05E94A  C2002 06 01.30166 15 45 39.10 -07 54 31.6                cr2042644
F4993K05E94A  C2002 06 01.32265 15 45 37.06 -07 54 29.2                cr2042644
F4993K05E94A  C2002 06 02.21325 15 44 11.47 -07 52 35.0          20.4 Rcr2042644
F4993K05E94A* C2005 03 08.10819 03 18 28.29 +44 46 54.4          18.6  cm8169704
F4993K05E94A  C2005 03 08.11954 03 18 39.05 +44 47 56.5          19.0  cm8169704
F4993K05E94A  C2005 03 08.13160 03 18 50.54 +44 49 02.7          18.3  cm8169704
F4993K05E94A  C2005 03 08.14309 03 19 01.52 +44 50 07.0          19.4  cm8169704
F4993K05E94A  C2005 03 08.15720 03 19 14.96 +44 51 22.8          19.3  cm8169704
F4993K05E94A  C2005 03 10.10529 03 51 36.62 +47 33 00.4          16.4  cm8169704
F4993K05E94A  C2005 03 10.11619 03 51 47.80 +47 33 44.9          18.8  cm8169704
F4993K05E94A  C2005 03 10.11631 03 51 47.83 +47 33 45.9          18.7  cm8169704
F4993K05E94A  C2005 03 10.12919 03 52 01.03 +47 34 40.2          18.6  cm8169704
F4993K05E94A  C2005 03 10.12931 03 52 00.98 +47 34 40.9          18.7  cm8169704
F4993K05E94A  C2005 03 10.14012 03 52 12.09 +47 35 27.4          18.8  cm8169704
F4993K05E94A  C2005 03 10.14024 03 52 12.29 +47 35 27.1          18.8  cm8169704
F4993K05E94A  C2005 03 10.15106 03 52 23.25 +47 36 13.0          18.7  cm8169704
F4993K05E94A  C2005 03 10.15118 03 52 23.43 +47 36 13.9          18.6  cm8169704
F4993K05E94A SC2005 03 10.95574 04 06 20.26 +48 30 26.3                rm8169J95
F4993K05E94A SC2005 03 10.95928 04 06 23.89 +48 30 39.0                rm8169J95
F4993K05E94A  C2005 03 11.16916 04 10 04.11 +48 43 55.2          18.9  cm9206704
F4993K05E94A  C2005 03 11.18067 04 10 16.12 +48 44 35.4          18.9  cm9206704
F4993K05E94A  C2005 03 11.19418 04 10 30.24 +48 45 22.6          18.8  cm9206704
F4993K05E94A  C2005 03 11.20831 04 10 45.03 +48 46 12.1          18.7  cm9206704
F4993K05E94A  C2005 03 12.84805 04 39 47.74 +50 09 34.3                om9206J95
F4993K05E94A  C2005 03 12.85107 04 39 50.98 +50 09 41.5                om9206J95
F4993K05E94A  C2005 03 12.85475 04 39 54.88 +50 09 50.7          17.9 Rom9206J95
F4993K05E94A  C2005 03 15.81804 05 31 38.05 +51 24 21.5          17.8  on0072160
F4993K05E94A  C2005 03 15.82244 05 31 42.45 +51 24 24.3          17.7  on0072160
F4993K05E94A  C2005 03 15.82714 05 31 47.20 +51 24 25.8          18.3  on0072160
F4993K05E94A 1C2005 03 15.89767305 32 58.44 +51 24 53.6                on3131084
F4993K05E94A  C2005 03 17.08589 05 52 35.29 +51 29 43.1          17.7 Rom9206448
F4993K05E94A  C2005 03 17.08967 05 52 38.90 +51 29 42.9          17.8 Rom9206448
F4993K05E94A  C2005 03 17.09343 05 52 42.44 +51 29 42.5          17.6 Rom9206448
F4993K05E94A  C2005 03 17.09719 05 52 46.05 +51 29 41.8          17.7 Rom9206448
F4993K05E94A 1C2005 03 20.87971206 48 11.00 +50 34 46.5                on3131084
F4993K05E94A 1C2005 03 20.88109006 48 12.06 +50 34 44.5                on3131084
F4993K05E94A  C2005 03 28.76979 08 08 30.10 +45 59 46.7          18.2 Rcn0262A83
F4993K05E94A  C2005 03 28.77100 08 08 30.66 +45 59 46.0          17.9 Rcn0262A83
F4993K05E94A  C2005 03 28.77220 08 08 31.19 +45 59 41.0          17.7 Rcn0262A83
F4993K05E94A  C2005 03 28.77344 08 08 31.77 +45 59 38.6          17.7 Rcn0262A83
F4993K05E94A  C2005 03 28.80608 08 08 46.70 +45 58 20.9          17.8 Rcn0262A83
F4993K05E94A  C2005 03 28.80729 08 08 47.18 +45 58 17.6          18.4 Rcn0262A83
F4993K05E94A  C2005 03 28.80850 08 08 47.75 +45 58 15.9          18.1 Rcn0262A83
F4993K05E94A  C2005 04 01.82873 08 35 56.79 +43 21 15.3                cn0262046
F4993K05E94A  C2005 04 01.83036 08 35 57.41 +43 21 12.3                cn0262046
F4993K05E94A  C2005 04 01.83184 08 35 57.88 +43 21 08.3                cn0262046
F4993K05E94A  C2005 04 01.83258 08 35 58.13 +43 21 06.8                cn0262046
F4993K05E94A  C2005 04 01.83336 08 35 58.37 +43 21 05.7                cn0262046
F4993K05E94A  C2005 04 02.82789 08 41 42.91 +42 43 05.8                rn0809A30
F4993K05E94A  C2005 04 02.82845 08 41 43.10 +42 43 04.5                rn0809A30
F4993K05E94A  C2005 04 02.82933 08 41 43.42 +42 43 02.2                rn0809A30
F4993K05E94A  C2005 04 03.83377 08 47 11.65 +42 05 11.5          19.3 Rcn0809A41
F4993K05E94A  C2005 04 03.86521 08 47 21.28 +42 04 00.8          20.0 Rcn0809A41
F4993K05E94A  C2005 04 03.89641 08 47 31.21 +42 02 49.0          19.7 Rcn0809A41
F4993K05E94A 1C2005 04 03.91010908 47 35.36 +42 02 13.9                on3131084
F4993K05E94A 1C2005 04 03.91193408 47 36.00 +42 02 10.2                on3131084
F4993K05E94A  C2005 04 04.85988 08 52 28.33 +41 27 08.5          18.8 Rcn0809A53
F4993K05E94A  C2005 04 04.91819 08 52 45.58 +41 24 59.0          18.6 Rcn0809A53
F4993K05E94A  C2005 04 04.93638 08 52 50.92 +41 24 19.2          18.4 Rcn0809A53
F4993K05E94A  C2005 04 09.85161 09 14 32.33 +38 31 58.5          18.9 Vrn1753941
F4993K05E94A  C2005 04 09.85208 09 14 32.44 +38 31 57.4          18.9 Vrn1753941
F4993K05E94A  C2005 04 09.85357 09 14 32.81 +38 31 54.5          19.1 Vrn1753941
F4993K05E94A  C2005 04 09.85410 09 14 32.94 +38 31 53.5          19.0 Vrn1753941
F4993K05E94A  C2005 04 09.85461 09 14 33.06 +38 31 52.5          19.1 Vrn1753941
F4993K05E94A  C2005 04 11.22518 09 19 44.95 +37 46 45.2          19.1 Rrn1753703
F4993K05E94A  C2005 04 11.23290 09 19 46.71 +37 46 29.7          18.8 Rrn1753703
F4993K05E94A  C2005 04 11.23953 09 19 48.10 +37 46 16.1          18.7 Rrn1753703
F4993K05E94A  C2005 04 11.24618 09 19 49.55 +37 46 04.0          18.7 Rrn1753703
F4993K05E94A  C2005 04 30.83800 10 12 55.23 +28 57 40.5          20.7 Vrn3353941
F4993K05E94A  C2005 04 30.83882 10 12 55.32 +28 57 39.5          20.7 Vrn3353941
F4993K05E94A  C2005 04 30.83963 10 12 55.42 +28 57 38.2          20.9 Vrn3353941
F4993K05E94A  C2005 04 30.84044 10 12 55.49 +28 57 37.2          20.6 Vrn3353941
F4993K05E94A HC2005 06 04.21580 11 12 21.47 +18 21 54.5                dn5608291
F4993K05E94A HC2005 06 04.22144 11 12 22.04 +18 21 50.7                dn5608291
F4993K05E94A HC2005 06 04.22644 11 12 22.68 +18 21 47.5                dn5608291
F4993K05E94A HC2006 05 23.29908 17 53 18.02 -14 48 38.0                dr2042291
F4993K05E94A HC2006 05 23.30295 17 53 17.77 -14 48 42.3                dr2042291
F4993K05E94A HC2006 05 24.34439 17 51 50.31 -14 48 11.5                dr2042291
F4993K05E94A  C2006 05 24.34834 17 51 50.11 -14 48 11.7          20.9 Vdr2042291
F4993K05E94A HC2006 05 24.35211 17 51 49.63 -14 48 12.9                dr2042291
F4993K05E94A  C2007 02 17.52049 15 03 45.57 +04 28 37.3          19.0 Vru0378703
F4993K05E94A  C2007 02 17.52265 15 03 45.43 +04 28 39.7          19.1 Vru0378703
F4993K05E94A  C2007 02 17.52479 15 03 45.32 +04 28 43.1          18.9 Vru0378703
F4993K05E94A  C2007 02 17.52697 15 03 45.10 +04 28 45.8          18.7 Vru0378703
F4993K05E94A  C2007 02 21.40860 14 58 27.04 +05 53 02.4          19.0  cu0378704
F4993K05E94A  C2007 02 21.42054 14 58 25.95 +05 53 19.4          19.3  cu0378704
F4993K05E94A  C2007 02 21.43244 14 58 24.79 +05 53 34.5          18.9  cu0378704
F4993K05E94A  C2007 02 21.44437 14 58 23.67 +05 53 50.3          18.8  cu0378704
F4993K05E94A  C2007 02 21.45630 14 58 22.59 +05 54 06.3          18.9  cu0378704
F4993K05E94A  C2007 03 07.11863 14 32 10.01 +10 56 18.8          19   Rou2353461
F4993K05E94A  C2007 03 07.12349 14 32 09.33 +10 56 24.7                ou2353461
F4993K05E94A  C2007 03 07.12831 14 32 08.64 +10 56 31.4                ou2353461
F4993K05E94A  C2007 03 17.04597 14 06 52.95 +14 14 59.2          19.3 Vcu4597B23
F4993K05E94A  C2007 03 17.05148 14 06 52.03 +14 15 04.2          19.7 Vcu4597B23
