     K05YC8L* C2005 12 29.27314 07 34 43.23 +20 03 40.1          20.9 Vcp7897691
     K05YC8L  C2005 12 29.29050 07 34 40.51 +20 03 18.1          21.2 Vcp7897691
     K05YC8L  C2005 12 29.30784 07 34 37.82 +20 02 56.3          21.0 Vcp7897691
     K05YC8L  C2005 12 30.25575 07 32 13.63 +19 42 33.7          21.6 Vdp7897291
     K05YC8L  C2005 12 30.26043 07 32 12.88 +19 42 27.7          21.4 Vdp7897291
     K05YC8L  C2005 12 30.27180 07 32 11.07 +19 42 13.3          21.6 Vdp7897291
     K05YC8L  C2005 12 30.35947 07 31 56.85 +19 40 18.8          20.6 Vrp7897G96
     K05YC8L  C2005 12 30.36638 07 31 55.77 +19 40 09.5          20.6 Vrp7897G96
     K05YC8L  C2005 12 30.37361 07 31 54.51 +19 40 00.1          21.6 Vrp7897G96
     K05YC8L  C2005 12 30.37629 07 31 53.77 +19 39 56.8                cp7897711
     K05YC8L  C2005 12 30.38058 07 31 53.47 +19 39 50.8          20.8 Vrp7897G96
     K05YC8L FC2005 12 30.38319 07 31 52.94 +19 39 47.7                cp7897711
     K05YC8L  C2005 12 30.38979 07 31 51.98 +19 39 38.5          21.0 Vrp7897G96
     K05YC8L IC2005 12 30.39006 07 31 51.78 +19 39 39.5                cp7897711
     K05YC8L  C2005 12 30.39779 07 31 50.66 +19 39 27.8          21.0 Vrp7897G96
     K05YC8L  C2005 12 30.40607 07 31 49.28 +19 39 15.2          21.0 Vrp7897G96
     K05YC8L  C2005 12 30.41412 07 31 47.98 +19 39 06.1          21.5 Vrp7897G96
     K05YC8L  C2006 01 05.23790 07 15 12.19 +17 18 46.5          21.1 Vdp7897291
     K05YC8L  C2006 01 05.24380 07 15 11.06 +17 18 37.3          21.0 Vdp7897291
     K05YC8L  C2006 01 05.25461 07 15 08.97 +17 18 20.0          21.0 Vdp7897291
     K05YC8L 1C2006 01 05.56561 07 14 09.75 +17 10 09.2                 p7897F65
     K05YC8L 1C2006 01 05.56662 07 14 09.57 +17 10 08.0                 p7897F65
     K05YC8L 1C2006 01 05.56759 07 14 09.38 +17 10 06.2                 p7897F65
     K05YC8L 1C2006 01 05.56858 07 14 09.18 +17 10 04.3                 p7897F65
     K05YC8L  C2006 01 07.13362 07 09 13.31 +16 27 30.9          20.9 Vdp9123291
     K05YC8L  C2006 01 07.13930 07 09 12.16 +16 27 21.3          21.1 Vdp9123291
     K05YC8L HC2006 01 07.14494 07 09 11.10 +16 27 11.4                dp9123291
     K05YC8L tC2006 01 08.41294 07 05 00.90 +15 51 27.2          20.6 Vdp9123291
     K05YC8L tC2006 01 08.41678 07 05 00.15 +15 51 20.4          20.7 Vdp9123291
     K05YC8L tC2006 01 08.42063 07 04 59.32 +15 51 13.7          20.8 Vdp9123291
     K05YC8L tC2006 01 10.36352 06 58 27.69 +14 54 09.1          20.5 Vdp9123291
     K05YC8L tC2006 01 10.36791 06 58 26.73 +14 54 02.0          20.8 Vdp9123291
     K05YC8L tC2006 01 10.37255 06 58 25.76 +14 53 54.0          20.6 Vdp9123291
     K05YC8L tC2006 01 10.37670 06 58 24.87 +14 53 45.8          20.9 Vdp9123291
     K05YC8L 1C2006 01 18.41029 06 29 54.38 +10 33 14.7                 p9945F65
     K05YC8L 1C2006 01 18.41237 06 29 53.92 +10 33 10.5                 p9945F65
     K05YC8L 1C2006 01 18.41325 06 29 53.71 +10 33 09.1                 p9945F65
     K05YC8L 1C2006 01 18.41416 06 29 53.51 +10 33 06.6                 p9945F65
     K05YC8L HC2006 01 21.27991 06 19 34.19 +08 53 31.8                dq0531291
     K05YC8L HC2006 01 21.28740 06 19 32.57 +08 53 16.7                dq0531291
     K05YC8L HC2006 01 21.29123 06 19 31.82 +08 53 07.9                dq0531291
     K05YC8L  C2006 01 23.13027 06 13 00.31 +07 48 31.9          20.2 Vdq0531291
     K05YC8L  C2006 01 23.13395 06 12 59.53 +07 48 22.9          20.8 Vdq0531291
     K05YC8L  C2006 01 23.13781 06 12 58.68 +07 48 14.5          20.8 Vdq0531291
     K05YC8L HC2006 01 25.19203 06 05 47.89 +06 35 53.6                dq0531291
     K05YC8L HC2006 01 25.19583 06 05 46.91 +06 35 47.9                dq0531291
     K05YC8L HC2006 01 25.19979 06 05 46.28 +06 35 35.4                dq0531291
     K05YC8L  C2006 01 29.15328 05 52 33.04 +04 17 39.2          21.3 Vdq1884291
     K05YC8L  C2006 01 29.15747 05 52 32.24 +04 17 31.1          20.9 Vdq1884291
     K05YC8L HC2006 01 29.16236 05 52 31.25 +04 17 20.0                dq1884291
     K05YC8L HC2006 02 01.10572 05 43 19.51 +02 37 15.6                dq1884291
     K05YC8L  C2006 02 01.11406 05 43 17.92 +02 36 59.2          21.5 Vdq1884291
     K05YC8L  C2006 02 01.11815 05 43 17.16 +02 36 51.1          21.1 Vdq1884291
     K05YC8L HC2006 02 20.17852 05 00 01.74 -06 38 39.8                dq3881291
     K05YC8L HC2006 02 20.18265 05 00 01.32 -06 38 45.5                dq3881291
     K05YC8L HC2006 02 20.18660 05 00 00.92 -06 38 52.2                dq3881291
     K05YC8L 2C2006 07 26.47781501 16 03.442+37 56 00.87         21.5 Ror6070568
     K05YC8L 2C2006 07 26.48175701 16 03.408+37 56 07.10         21.6 Ror6070568
     K05YC8L 2C2006 07 26.48560301 16 03.368+37 56 13.11         21.1 Ror6070568
     K05YC8L 2C2006 08 11.41664601 06 57.380+43 53 21.94         22.2 Ror6070568
     K05YC8L 2C2006 08 11.42281101 06 56.966+43 53 29.31         22.0 Ror6070568
     K05YC8L tC2009 08 17.14193 14 45 08.19 +05 55 24.7          21.4 Vo~08GH291
     K05YC8L tC2009 08 17.14566 14 45 10.22 +05 55 29.8          21.6 Vo~08GH291
     K05YC8L tC2009 08 17.14948 14 45 12.23 +05 55 33.5          21.2 Vo~08GH291
