     K05Q05A  C2005 07 27.76177 22 51 04.71 -35 28 28.7          19.2 Vrr8527E12
     K05Q05A  C2005 07 27.77058 22 51 06.40 -35 28 47.6          19.2 Vrr8527E12
     K05Q05A  C2005 07 27.77947 22 51 08.13 -35 29 07.1          19.2 Vrr8527E12
     K05Q05A  C2005 07 27.78846 22 51 09.90 -35 29 26.3          19.4 Vrr8527E12
     K05Q05A* C2005 08 26.59817 00 53 55.64 -50 09 05.9          18.7 Vrn9711E12
     K05Q05A  C2005 08 26.62413 00 54 01.29 -50 09 31.7          18.8 Vrn9711E12
     K05Q05A  C2005 08 26.63707 00 54 04.10 -50 09 44.4          19.4 Vrn9711E12
     K05Q05A  C2005 08 26.69789 00 54 17.20 -50 10 37.6          19.5 Vrn9711E12
     K05Q05A  C2005 08 26.69877 00 54 17.36 -50 10 38.0          19.2 Vrn9711E12
     K05Q05A  C2005 08 26.76497 00 54 31.60 -50 11 29.4          18.7 Vrn9711E12
     K05Q05A  C2005 08 26.76788 00 54 32.22 -50 11 31.8          18.8 Vrn9711E12
     K05Q05A  C2005 08 26.77079 00 54 32.90 -50 11 34.2          19.1 Vrn9711E12
     K05Q05A  C2005 08 26.77367 00 54 33.40 -50 11 36.6          18.8 Vrn9711E12
     K05Q05A  C2005 08 26.80924 00 54 41.40 -50 12 01.7          18.6 Vrn9711E12
     K05Q05A  C2005 08 26.81133 00 54 41.79 -50 12 02.9          19.0 Vrn9711E12
     K05Q05A  C2005 08 26.81341 00 54 42.23 -50 12 03.6          19.0 Vrn9711E12
     K05Q05A  C2005 08 27.46679 00 57 29.97 -50 20 35.3          18.8 Rcn9711474
     K05Q05A  C2005 08 27.46763 00 57 30.17 -50 20 36.0          18.8 Rcn9711474
     K05Q05A  C2005 08 27.46847 00 57 30.34 -50 20 36.9          18.6 Rcn9711474
     K05Q05A  C2005 08 27.46931 00 57 30.52 -50 20 38.1          18.4 Rcn9711474
     K05Q05A  C2005 08 27.74905 00 58 33.18 -50 24 35.2          18.9 Rrn9711E14
     K05Q05A  C2005 08 27.75409 00 58 34.27 -50 24 38.8          18.9 Rrn9711E14
     K05Q05A  C2005 08 27.75911 00 58 35.39 -50 24 42.3          19.1 Rrn9711E14
     K05Q05A  C2005 09 01.77913 01 17 57.51 -51 12 19.0          18.6 Vro0252E12
     K05Q05A  C2005 09 01.78675 01 17 59.00 -51 12 20.4          18.4 Vro0252E12
     K05Q05A  C2005 09 01.79434 01 18 00.13 -51 12 21.8          18.0 Vro0252E12
     K05Q05A  C2005 09 12.57144 01 51 21.78 -51 10 05.2          18.6 Rco1732474
     K05Q05A  C2005 09 12.57332 01 51 22.02 -51 10 04.7          18.1 Rco1732474
     K05Q05A  C2005 09 12.58294 01 51 23.22 -51 10 01.8          18.6 Rco1732474
     K05Q05A 1C2005 09 19.74476 02 06 18.64 -49 58 18.4          19.2 Rro2235413
     K05Q05A 1C2005 09 19.75030 02 06 19.09 -49 58 12.8          19.6 Rro2235413
     K05Q05A  C2005 10 04.65910 02 20 22.16 -44 52 18.2          19.1 Vro4017E12
     K05Q05A  C2005 10 04.66798 02 20 22.02 -44 52 03.3          19.4 Vro4017E12
     K05Q05A  C2005 10 04.67681 02 20 21.94 -44 51 48.0          19.2 Vro4017E12
     K05Q05A  C2005 10 10.54120 02 21 03.93 -41 52 36.6          19.2 Rro4017E12
     K05Q05A  C2005 10 10.54358 02 21 03.82 -41 52 32.5          19.1 Rro4017E12
     K05Q05A 3C2005 10 21.43064 02 18 34.86 -34 56 38.0          18.5 Roo6091F65
     K05Q05A 3C2005 10 21.43163 02 18 34.82 -34 56 36.0          17.6 Roo6091F65
     K05Q05A 3C2005 10 21.43255 02 18 34.77 -34 56 33.2          19.8 Roo6092F65
     K05Q05A 1C2005 10 21.64736602 18 28.854-34 46 41.88         19.4 Rro6092413
     K05Q05A 1C2005 10 21.65221402 18 28.641-34 46 29.17         19.3 Rro6092413
     K05Q05A 1C2005 10 24.70630 02 17 20.66 -32 32 11.0          19.5 Rro6092413
     K05Q05A 1C2005 10 24.71115 02 17 20.49 -32 31 57.3          19.0 Rro6092413
     K05Q05A  C2005 11 06.24647 02 13 18.87 -22 31 08.5          19.0 Vro9581703
     K05Q05A  C2005 11 06.25133 02 13 18.87 -22 30 54.9          19.4 Vro9581703
     K05Q05A  C2005 11 06.25624 02 13 18.69 -22 30 39.7          21.0 Vro9581703
     K05Q05A  C2005 11 06.26110 02 13 18.40 -22 30 26.1          19.7 Vro9581703
     K05Q05A  C2005 11 28.55155 02 16 44.08 -04 55 24.9          19.7 Rrp2095E12
     K05Q05A  C2005 11 28.55624 02 16 44.18 -04 55 13.6          20.0 Rrp2095E12
     K05Q05A 7C2005 12 28.19902 02 47 38.22 +11 30 18.1                op7793696
     K05Q05A 7C2005 12 28.20349 02 47 38.52 +11 30 25.1                op7793696
     K05Q05A tC2010 10 11.44792 06 57 22.40 +11 31 40.0          22.2 Vo~0Niv291
     K05Q05A tC2010 10 11.45171 06 57 22.93 +11 31 40.5          22.3 Vo~0Niv291
     K05Q05A tC2010 10 11.45549 06 57 23.39 +11 31 40.8          23   Vo~0Niv291
     K05Q05A  C2010 12 02.39603 07 55 47.01 +17 09 13.8          21.5 Vo~0Piq691
     K05Q05A  C2010 12 02.41654 07 55 46.26 +17 09 32.5          21.5 Vo~0Piq691
     K05Q05A  C2010 12 02.43706 07 55 45.49 +17 09 50.4          21.7 Vo~0Piq691
     K05Q05A  C2011 01 03.26613 07 08 25.22 +26 25 03.6          20.2 Vr~0QstG96
     K05Q05A  C2011 01 03.27521 07 08 24.03 +26 25 12.5          20.5 Vr~0QstG96
     K05Q05A  C2011 01 03.29353 07 08 21.66 +26 25 29.9          20.5 Vr~0QstG96
     K05Q05A KC2016 01 03.36537310 10 03.73 +18 57 47.3          22.4 Vu~1hTiH21
     K05Q05A KC2016 01 03.38101810 10 03.29 +18 57 59.7          22.2 Vu~1hTiH21
     K05Q05A KC2016 01 03.39930610 10 02.79 +18 58 14.9          22.5 Vu~1hTiH21
