c5605K05EM5J  C2005 02 04.24689909 50 56.330+20 47 20.40                ~0Yun645
c5605K05EM5J  C2005 02 04.24772809 50 56.230+20 47 20.65                ~0Yun645
c5605K05EM5J  C2005 02 04.24938709 50 56.042+20 47 21.48                ~0Yun645
c5605K05EM5J  C2005 02 04.25021609 50 55.951+20 47 21.73                ~0Yun645
c5605K05EM5J* C2005 03 14.19076 08 28 44.64 +22 31 33.1          20.2 Rrm9350G96
c5605K05EM5J  C2005 03 14.19734 08 28 43.93 +22 31 31.9          20.1 Rrm9350G96
c5605K05EM5J  C2005 03 14.20391 08 28 43.21 +22 31 31.0          20.0 Rrm9350G96
c5605K05EM5J  C2005 03 14.21045 08 28 42.52 +22 31 29.6          19.8 Rrm9350G96
c5605K05EM5J  C2005 03 14.24394 08 28 38.96 +22 31 22.9          19.2 Rrm9350G96
c5605K05EM5J  C2005 03 14.25505 08 28 37.75 +22 31 21.4          19.2 Rrm9350G96
c5605K05EM5J  C2005 03 14.26615 08 28 36.60 +22 31 19.0          19.7 Rrm9350G96
c5605K05EM5J  C2005 03 14.27723 08 28 35.34 +22 31 16.7          19.5 Rrm9350G96
c5605K05EM5J  C2005 03 16.24590 08 25 20.88 +22 24 53.0          20.2 Rrm9350G96
c5605K05EM5J  C2005 03 16.25258 08 25 20.24 +22 24 51.2          20.2 Rrm9350G96
c5605K05EM5J  C2005 03 16.25925 08 25 19.54 +22 24 50.3          20.2 Rrm9350G96
c5605K05EM5J  C2005 03 16.26587 08 25 18.94 +22 24 48.5          20.2 Rrm9350G96
c5605K05EM5J  C2005 03 17.16762 08 23 54.90 +22 21 31.5          20.2 Rrm9350G96
c5605K05EM5J  C2005 03 17.17354 08 23 54.30 +22 21 30.0          19.8 Rrm9350G96
c5605K05EM5J  C2005 03 17.17950 08 23 53.76 +22 21 28.9          20.0 Rrm9350G96
c5605K05EM5J  C2005 03 17.18536 08 23 53.20 +22 21 27.4          20.1 Rrm9350G96
c5605K05EM5J 9C2005 03 31.04590408 08 37.450+21 08 14.49         20.4 Ron0833809
c5605K05EM5J 9C2005 03 31.04692408 08 37.392+21 08 14.01         20.6 Ron0833809
c5605K05EM5J 9C2005 03 31.04791608 08 37.351+21 08 13.69         20.5 Ron0833809
c5605K05EM5J 9C2005 03 31.04893008 08 37.306+21 08 13.16         20.5 Ron0833809
c5605K05EM5J 1C2005 03 31.50278 08 08 19.15 +21 05 11.9          21.3 Rrn0833413
c5605K05EM5J HC2005 04 01.12612 08 07 56.23 +21 00 52.2          20.8 Vcn0283691
c5605K05EM5J HC2005 04 01.13638 08 07 55.89 +21 00 47.5          20.4 Vcn0283691
c5605K05EM5J HC2005 04 01.15010 08 07 55.27 +21 00 42.2          20.7 Vcn0283691
c5605K05EM5J 1C2005 04 01.47973 08 07 43.29 +20 58 38.6          20.3 Rrn0833413
c5605K05EM5J 1C2005 04 01.49501 08 07 42.70 +20 58 32.2          20.5 Rrn0833413
c5605K05EM5J  C2005 04 01.91430 08 07 28.34 +20 55 26.5          20.2 Vrn0283A13
c5605K05EM5J  C2005 04 01.92200 08 07 28.04 +20 55 23.9          20.3 Vrn0283A13
c5605K05EM5J  C2005 04 01.96509 08 07 26.57 +20 55 04.7          19.9 Vrn0283A13
c5605K05EM5J  C2005 04 01.97283 08 07 26.23 +20 55 02.7          20.2 Vrn0283A13
c5605K05EM5J 7C2005 04 07.18887 08 05 20.70 +20 17 19.0                on1781696
c5605K05EM5J 7C2005 04 07.19633 08 05 20.52 +20 17 15.2                on1781696
c5605K05EM5J  C2005 04 08.91822 08 04 59.46 +20 03 55.6                rn1781J95
c5605K05EM5J  C2005 04 08.93694 08 04 59.40 +20 03 47.7          20.5 Rrn1781J95
c5605K05EM5J  C2005 05 21.15461 08 35 00.00 +12 35 35.5          20.5 Vrn5362G96
c5605K05EM5J  C2005 05 21.16344 08 35 00.61 +12 35 27.7          20.5 Vrn5362G96
c5605K05EM5J FC2005 08 30.11854 04 32 50.74 +27 09 19.0          19.5 Roo0224461
c5605K05EM5J FC2005 08 30.12037 04 32 50.09 +27 09 23.4                oo0224461
c5605K05EM5J  C2005 08 30.47852 04 30 48.17 +27 19 40.9          18.8 Vdo0224291
c5605K05EM5J  C2005 08 30.48346 04 30 46.58 +27 19 48.6          18.8 Vdo0224291
c5605K05EM5J  C2005 08 30.48752 04 30 45.16 +27 19 55.6          18.8 Vdo0224291
c5605K05EM5J  C2005 08 31.09945 04 27 17.50 +27 36 37.0          19   Roo0224461
c5605K05EM5J  C2005 08 31.10117 04 27 16.90 +27 36 39.9                oo0224461
c5605K05EM5J  C2005 08 31.10292 04 27 16.28 +27 36 42.7                oo0224461
c5605K05EM5J  C2005 08 31.10465 04 27 15.69 +27 36 45.9                oo0224461
c5605K05EM5J  C2005 09 04.40675 04 03 20.30 +29 20 19.3          18.1 Rro1097H45
c5605K05EM5J  C2005 09 04.40964 04 03 19.33 +29 20 23.2          18.2 Rro1097H45
c5605K05EM5J  C2005 09 10.05684 03 32 41.69 +30 55 54.4                op0717084
c5605K05EM5J  C2005 09 10.05831 03 32 41.28 +30 55 55.5                op0717084
c5605K05EM5J  C2005 09 11.00833 03 27 37.09 +31 07 32.2                rp0717084
c5605K05EM5J  C2005 09 11.00980 03 27 36.58 +31 07 33.3                rp0717084
c5605K05EM5J  C2005 09 12.93708 03 17 24.47 +31 27 13.8          18.2 Rro1719160
c5605K05EM5J  C2005 09 12.93846 03 17 24.05 +31 27 14.9          18.3 Rro1719160
c5605K05EM5J  C2005 09 12.93991 03 17 23.61 +31 27 15.6          18.4 Rro1719160
c5605K05EM5J  C2005 09 12.94143 03 17 23.12 +31 27 16.2          18.6 Rro1719160
c5605K05EM5J  C2005 09 12.94268 03 17 22.71 +31 27 17.3          18.2 Rro1719160
c5605K05EM5J  C2005 09 12.94406 03 17 22.25 +31 27 18.0          18.4 Rro1719160
c5605K05EM5J  C2005 09 12.94544 03 17 21.81 +31 27 18.6          18.2 Rro1719160
c5605K05EM5J  C2005 09 12.94699 03 17 21.33 +31 27 19.7          18.2 Rro1719160
c5605K05EM5J  C2005 09 13.87949 03 12 27.01 +31 34 49.0          18.4 Vro1719A74
c5605K05EM5J  C2005 09 13.91955 03 12 14.36 +31 35 09.9          18.6 Vro1719A74
c5605K05EM5J  C2005 09 13.96664 03 11 59.41 +31 35 33.9          18.1 Vro1719A74
c5605K05EM5J  C2005 09 14.01114 03 11 44.51 +31 35 53.2                rp0717084
c5605K05EM5J  C2005 09 14.01261 03 11 44.03 +31 35 53.8                rp0717084
c5605K05EM5J  C2005 09 15.36159 03 04 42.53 +31 44 43.0          17.7  co1719704
c5605K05EM5J  C2005 09 15.37378 03 04 38.64 +31 44 47.4          18.1  co1719704
c5605K05EM5J  C2005 09 15.38594 03 04 34.69 +31 44 51.8          18.2  co1719704
c5605K05EM5J  C2005 09 15.39843 03 04 30.65 +31 44 56.4          18.1  co1719704
c5605K05EM5J  C2005 09 15.41085 03 04 26.61 +31 45 00.6          18.3  co1719704
c5605K05EM5J  C2005 09 25.98091 02 12 38.29 +31 29 07.5                rp0717084
c5605K05EM5J  C2005 09 29.30371 01 58 05.01 +30 58 08.2          18.1 Vro2673703
c5605K05EM5J  C2005 09 29.31152 01 58 03.07 +30 58 02.5          18.0 Vro2673703
c5605K05EM5J  C2005 09 29.31932 01 58 00.98 +30 57 57.7          18.3 Vro2673703
c5605K05EM5J  C2005 10 01.20233 01 50 14.87 +30 35 48.2          19.3 Rro4000H51
c5605K05EM5J  C2005 10 01.22545 01 50 09.11 +30 35 32.0          19.1 Rro4000H51
c5605K05EM5J  C2005 10 01.24855 01 50 03.35 +30 35 15.3          19.1 Rro4000H51
c5605K05EM5J  C2005 10 03.32262 01 41 56.12 +30 07 55.3          18.2 Roo4000644
c5605K05EM5J  C2005 10 03.34350 01 41 51.16 +30 07 38.2          18.1 Roo4000644
c5605K05EM5J  C2005 10 03.36512 01 41 46.02 +30 07 20.0          18.2 Roo4001644
c5605K05EM5J  C2005 10 08.00055 01 25 23.11 +28 57 04.4          18.0 Rro4001A39
c5605K05EM5J  C2005 10 08.00870 01 25 21.44 +28 56 56.9          18.2 Rro4001A39
c5605K05EM5J  C2005 10 08.01724 01 25 19.76 +28 56 48.0          18.3 Rro4001A39
c5605K05EM5J  C2005 10 09.76794 01 19 48.94 +28 28 03.2          18.9 Voo4001151
c5605K05EM5J  C2005 10 09.76884 01 19 48.81 +28 28 02.5          18.9 Voo4001151
c5605K05EM5J  C2005 10 09.76975 01 19 48.71 +28 28 01.8          18.9 Voo4001151
c5605K05EM5J  C2005 10 09.77151 01 19 48.29 +28 28 01.0          19.3 Voo4001151
c5605K05EM5J  C2005 10 09.77242 01 19 48.13 +28 27 59.7          19.4 Voo4001151
c5605K05EM5J  C2005 10 09.77333 01 19 47.96 +28 27 58.6          19.3 Voo4001151
c5605K05EM5J  C2005 10 09.77864 01 19 46.98 +28 27 53.7          19.3 Voo4001151
c5605K05EM5J  C2005 10 12.79139 01 11 05.84 +27 37 00.6          18.7 Vro4001240
c5605K05EM5J  C2005 10 12.79785 01 11 04.78 +27 36 54.2          18.9 Vro4001240
c5605K05EM5J  C2005 10 12.80212 01 11 04.08 +27 36 50.3          18.8 Vro4001240
c5605K05EM5J  C2005 10 12.80383 01 11 03.79 +27 36 48.6          18.9 Vro4001240
c5605K05EM5J  C2005 10 12.80639 01 11 03.35 +27 36 45.8          18.8 Vro4001240
c5605K05EM5J  C2005 10 12.80895 01 11 02.91 +27 36 43.1          18.6 Vro4001240
c5605K05EM5J  C2005 10 14.25583 01 07 14.53 +27 12 02.6          18.7  co4001704
c5605K05EM5J  C2005 10 14.26705 01 07 12.71 +27 11 51.4          18.9  co4001704
c5605K05EM5J  C2005 10 14.27831 01 07 10.89 +27 11 40.6          19.0  co4001704
c5605K05EM5J  C2005 10 14.28955 01 07 09.07 +27 11 28.7          18.8  co4001704
c5605K05EM5J  C2005 10 14.30077 01 07 07.30 +27 11 16.7          18.8  co4001704
c5605K05EM5J  C2005 10 14.80579 01 05 52.19 +27 02 29.4          18.6 Voo4001198
c5605K05EM5J  C2005 10 14.80751 01 05 51.93 +27 02 27.5          18.6 Voo4001198
c5605K05EM5J  C2005 10 14.80862 01 05 51.76 +27 02 26.3          18.7 Voo4001198
c5605K05EM5J  C2005 10 14.81013 01 05 51.53 +27 02 24.7          18.7 Voo4001198
c5605K05EM5J  C2005 10 23.28067 00 48 38.09 +24 40 31.7          19.4 Vro6083703
c5605K05EM5J  C2005 10 23.30638 00 48 35.38 +24 40 06.8          18.6 Vro6083703
c5605K05EM5J  C2005 10 26.90142 00 43 24.37 +23 44 09.0          19.5 Voo6083151
c5605K05EM5J  C2005 10 26.90262 00 43 24.29 +23 44 08.8          19.6 Voo6083151
c5605K05EM5J  C2005 10 26.90381 00 43 24.20 +23 44 08.2          19.3 Voo6083151
c5605K05EM5J  C2005 10 26.90613 00 43 23.98 +23 44 06.2          19.4 Voo6083151
c5605K05EM5J  C2005 10 26.90732 00 43 23.93 +23 44 04.7          19.3 Voo6083151
c5605K05EM5J  C2005 10 26.90852 00 43 23.87 +23 44 03.3          19.3 Voo6083151
c5605K05EM5J  C2005 10 30.78356 00 39 02.76 +22 48 09.3          19.4 Voo7494151
c5605K05EM5J  C2005 10 30.78826 00 39 02.48 +22 48 05.3          19.3 Voo7494151
c5605K05EM5J  C2005 10 30.79038 00 39 02.36 +22 48 03.3          19.3 Voo7494151
c5605K05EM5J  C2005 10 30.79296 00 39 02.19 +22 48 01.3          19.1 Voo7494151
c5605K05EM5J HC2007 01 15.25306 08 03 52.50 +31 26 29.0                ot6357291
c5605K05EM5J HC2007 01 15.25762 08 03 52.09 +31 26 30.5                ot6357291
c5605K05EM5J  C2007 01 15.26189 08 03 51.58 +31 26 31.7                ot6357291
c5605K05EM5J HC2007 12 20.07584 21 59 32.98 -07 59 22.6                ox1799291
c5605K05EM5J HC2007 12 20.08085 21 59 34.04 -07 59 16.1                ox1799291
c5605K05EM5J HC2007 12 20.08741 21 59 35.48 -07 59 03.6                ox1799291
c5605K05EM5J KC2012 10 21.38105705 22 15.33 +36 04 09.5          22.6 Vu~0kGuH21
c5605K05EM5J KC2012 10 21.39777305 22 14.44 +36 04 13.6          23.0 Vu~0kGuH21
c5605K05EM5J KC2012 10 21.41856605 22 13.38 +36 04 18.3          22.7 Vu~0kGuH21
c5605K05EM5J KC2014 01 01.43174611 12 45.28 +11 06 29.7                u~0yivH21
c5605K05EM5J KC2014 01 01.44433611 12 45.68 +11 06 27.5          22.0 Vu~0yivH21
c5605K05EM5J KC2014 01 01.45644911 12 46.13 +11 06 24.3          22.2 Vu~0yivH21
     K05EM5J  C2014 02 07.36875 11 09 53.51 +10 15 17.8                oEC026711
c5605K05EM5J  C2014 02 07.36875 11 09 53.51 +10 15 17.8                o~10gU711
     K05EM5J  C2014 02 07.37281 11 09 53.23 +10 15 18.0                oEC026711
c5605K05EM5J  C2014 02 07.37281 11 09 53.23 +10 15 18.0                o~10gU711
     K05EM5J  C2014 02 07.37660 11 09 52.99 +10 15 18.3                oEC026711
c5605K05EM5J  C2014 02 07.37660 11 09 52.99 +10 15 18.3                o~10gU711
     K05EM5J KC2014 02 08.37707 11 08 49.47 +10 16 58.5          20.7 RqEC029448
c5605K05EM5J KC2014 02 08.37707 11 08 49.47 +10 16 58.5          20.7 Rq~10gU448
     K05EM5J KC2014 02 08.40799 11 08 47.31 +10 17 01.5          20.2 RqEC029448
c5605K05EM5J KC2014 02 08.40799 11 08 47.31 +10 17 01.5          20.2 Rq~10gU448
     K05EM5J KC2014 02 08.43622 11 08 45.32 +10 17 04.6          19.3 RqEC029448
c5605K05EM5J KC2014 02 08.43622 11 08 45.32 +10 17 04.6          19.3 Rq~10gU448
     K05EM5J  C2014 02 11.25069 11 05 24.20 +10 22 40.5          19.5 VqEC034G96
c5605K05EM5J  C2014 02 11.25069 11 05 24.20 +10 22 40.5          19.5 Vq~10gUG96
     K05EM5J  C2014 02 11.25579 11 05 23.80 +10 22 42.1          19.4 VqEC034G96
c5605K05EM5J  C2014 02 11.25579 11 05 23.80 +10 22 42.1          19.4 Vq~10gUG96
     K05EM5J  C2014 02 11.26105 11 05 23.38 +10 22 42.3          19.6 VqEC034G96
c5605K05EM5J  C2014 02 11.26105 11 05 23.38 +10 22 42.3          19.6 Vq~10gUG96
     K05EM5J  C2014 02 11.26615 11 05 22.95 +10 22 42.6          19.7 VqEC034G96
c5605K05EM5J  C2014 02 11.26615 11 05 22.95 +10 22 42.6          19.7 Vq~10gUG96
