     K06S25D* C2006 09 20.24479 22 00 54.79 +19 13 16.7          18.6 Vrr9613703
     K06S25D  C2006 09 20.25079 22 01 01.30 +19 13 38.4          18.8 Vrr9613703
     K06S25D  C2006 09 20.25677 22 01 07.86 +19 14 00.7          18.6 Vrr9613703
     K06S25D  C2006 09 20.29227 22 01 46.63 +19 16 07.4          18.1 Vrr9613703
     K06S25D  C2006 09 20.29332 22 01 47.78 +19 16 11.6          18.5 Vrr9613703
     K06S25D  C2006 09 20.29384 22 01 48.32 +19 16 13.1          18.6 Vrr9613703
     K06S25D  C2006 09 20.83913 22 12 15.40 +19 46 55.4          18.5 Vor9613A44
     K06S25D  C2006 09 20.85043 22 12 27.40 +19 47 33.6          19.4 Vor9613A44
     K06S25D  C2006 09 20.85635 22 12 33.73 +19 47 51.9          19.3 Vor9613A44
     K06S25D  C2006 09 20.86107 22 12 39.44 +19 48 06.9          19.2 Vor9613198
     K06S25D  C2006 09 20.86180 22 12 40.23 +19 48 09.3          19.2 Vor9613198
     K06S25D  C2006 09 20.86273 22 12 40.43 +19 48 13.3          19.1 Vor9613A44
     K06S25D  C2006 09 20.86437 22 12 42.87 +19 48 17.5          19.2 Vor9613198
     K06S25D  C2006 09 20.86547 22 12 44.04 +19 48 21.1          19.0 Vor9613198
     K06S25D  C2006 09 21.11247 22 17 22.05 +20 01 41.9          18.6 Ror9613699
     K06S25D  C2006 09 21.13076 22 17 41.27 +20 02 40.6                or9613699
     K06S25D  C2006 09 21.14903 22 18 00.20 +20 03 39.5                or9613699
     K06S25D  C2006 09 21.16732 22 18 19.00 +20 04 36.9                or9613699
     K06S25D  C2006 09 21.26708 22 19 57.80 +20 09 33.0          19.2 Rrr9613H45
     K06S25D  C2006 09 21.26929 22 20 00.09 +20 09 39.0          19.1 Rrr9613H45
     K06S25D  C2006 09 21.79396 22 29 25.70 +20 32 51.0          18.6 Vrr9613A17
     K06S25D  C2006 09 21.81179 22 29 43.56 +20 33 41.7          18.6 Vrr9613240
     K06S25D  C2006 09 21.81307 22 29 44.84 +20 33 45.1          18.6 Vrr9613240
     K06S25D  C2006 09 21.81564 22 29 47.40 +20 33 52.2          18.7 Vrr9613240
     K06S25D  C2006 09 21.81693 22 29 48.67 +20 33 55.5          18.8 Vrr9613240
     K06S25D  C2006 09 21.81821 22 29 49.93 +20 33 59.1          18.7 Vrr9613240
     K06S25D  C2006 09 21.82027 22 29 51.95 +20 34 04.8          18.7 Vrr9613240
     K06S25D  C2006 09 21.82206 22 29 53.73 +20 34 09.3          18.5 Vrr9613240
     K06S25D  C2006 09 21.82229 22 29 54.00 +20 34 13.1          18.9 Vor9613151
     K06S25D  C2006 09 21.82309 22 29 54.76 +20 34 12.2          18.8 Vrr9613240
     K06S25D  C2006 09 21.82332 22 29 54.30 +20 34 08.8          19.2 Rrr9613113
     K06S25D  C2006 09 21.82370 22 29 55.44 +20 34 16.9          19.0 Vor9613151
     K06S25D  C2006 09 21.82418 22 29 55.18 +20 34 10.9          18.9 Rrr9613113
     K06S25D  C2006 09 21.82463 22 29 56.29 +20 34 16.3          18.7 Vrr9613240
     K06S25D  C2006 09 21.82506 22 29 56.00 +20 34 13.0          19.1 Rrr9613113
     K06S25D  C2006 09 21.82511 22 29 56.88 +20 34 20.8          18.7 Vor9613151
     K06S25D  C2006 09 21.82540 22 29 57.06 +20 34 18.3          18.7 Vrr9613240
     K06S25D  C2006 09 21.84377 22 30 15.11 +20 35 04.4          18.6 Vrr9613A17
     K06S25D  C2006 09 21.87753 22 30 48.29 +20 36 32.3          18.6 Vrr9613A17
     K06S25D  C2006 09 21.88324 22 30 53.05 +20 36 49.4                cr9613246
     K06S25D  C2006 09 21.88345 22 30 53.35 +20 36 49.7                cr9613246
     K06S25D  C2006 09 21.88560 22 30 55.41 +20 36 55.6          18.5 Rcr9613246
     K06S25D  C2006 09 21.88667 22 30 56.38 +20 36 57.8                cr9613246
     K06S25D  C2006 09 21.88749 22 30 57.18 +20 37 00.4                cr9613246
     K06S25D tC2006 09 22.12442 22 35 05.47 +20 47 06.3          19.3 Vds1274291
     K06S25D tC2006 09 22.12872 22 35 09.59 +20 47 16.9          18.8 Vds1274291
     K06S25D tC2006 09 22.13299 22 35 13.69 +20 47 27.9          19.5 Vds1274291
     K06S25D  C2006 09 22.90693 22 47 40.68 +21 13 54.8                cs1274246
     K06S25D  C2006 09 22.90759 22 47 41.32 +21 13 55.5                cs1274246
     K06S25D  C2006 09 22.90813 22 47 41.75 +21 13 56.1                cs1274246
     K06S25D  C2006 09 22.90870 22 47 42.33 +21 13 57.8                cs1274246
     K06S25D  C2006 09 22.90909 22 47 42.66 +21 13 58.5                cs1274246
     K06S25D  C2006 09 22.91029 22 47 43.69 +21 14 01.0                cs1274246
     K06S25D  C2006 09 23.89539 23 02 29.49 +21 40 14.5          18.9 Vcs1274A50
     K06S25D  C2006 09 23.89623 23 02 30.16 +21 40 15.7          18.5 Vcs1274A50
     K06S25D  C2006 09 23.89938 23 02 32.74 +21 40 19.3          18.7 Vcs1274A50
     K06S25D  C2006 09 24.82368 23 15 18.15 +21 57 55.2          18.9 Vos1274198
     K06S25D  C2006 09 24.82413 23 15 18.49 +21 57 55.7          18.8 Vos1274198
     K06S25D  C2006 09 24.82443 23 15 18.71 +21 57 56.1          18.9 Vos1274198
     K06S25D  C2006 09 28.22899 23 53 03.48 +22 23 21.1          19.1 Vrs1274703
     K06S25D  C2006 09 28.23550 23 53 06.79 +22 23 22.0          19.2 Vrs1274703
     K06S25D  C2006 09 28.24198 23 53 10.10 +22 23 22.8          19.3 Vrs1274703
     K06S25D  C2006 09 28.31110 23 53 45.27 +22 23 25.7          19.0 Vrs1274703
     K06S25D  C2006 09 28.31815 23 53 48.84 +22 23 25.5          19.2 Vrs1274703
     K06S25D  C2006 09 28.32524 23 53 52.40 +22 23 25.4          18.6 Vrs1274703
     K06S25D  C2006 09 28.33236 23 53 55.96 +22 23 24.9          18.9 Vrs1274703
     K06S25D  C2006 09 29.17900 00 01 31.36 +22 22 35.7          19.1 Vrs1274703
     K06S25D  C2006 09 29.18149 00 01 32.48 +22 22 35.0          18.9 Vrs1274703
     K06S25D  C2006 09 29.18402 00 01 33.74 +22 22 36.9          19.1 Vrs1274703
     K06S25D  C2006 09 29.18649 00 01 34.86 +22 22 36.8          20.0 Vrs1274703
     K06S25D  C2006 10 15.21062 01 12 32.77 +20 09 06.3          21.1 Vds3046291
     K06S25D  C2006 10 15.21453 01 12 33.12 +20 09 04.4          20.8 Vds3046291
     K06S25D  C2006 10 15.21872 01 12 33.65 +20 09 02.4          21.1 Vds3046291
     K06S25D  C2006 10 15.90953 01 13 59.30 +20 02 10.9                cs3046595
     K06S25D  C2006 10 15.93572 01 14 02.06 +20 01 55.4          20.7 Vcs3046595
     K06S25D HC2006 10 29.13905 01 32 46.12 +18 09 26.4          21.1 Vcs5529691
     K06S25D HC2006 10 29.14897 01 32 46.62 +18 09 23.2          21.0 Vcs5529691
     K06S25D HC2006 10 29.15889 01 32 47.20 +18 09 19.2          21.1 Vcs5529691
