     K06C00U* C2006 02 03.21564 07 53 05.56 +14 20 09.7          19.2 Vrq3004G96
     K06C00U  C2006 02 03.22069 07 53 05.64 +14 20 17.4          19.6 Vrq3004G96
     K06C00U  C2006 02 03.22593 07 53 05.78 +14 20 26.0          19.9 Vrq3004G96
     K06C00U  C2006 02 03.25565 07 53 06.25 +14 21 13.3          19.1  cq3004704
     K06C00U  C2006 02 03.28421 07 53 06.91 +14 21 59.7          19.4  cq3004704
     K06C00U  C2006 02 03.29346 07 53 07.27 +14 22 14.3          19.0 Vrq3004G96
     K06C00U  C2006 02 03.29399 07 53 07.33 +14 22 15.2          19.0 Vrq3004G96
     K06C00U  C2006 02 03.29452 07 53 07.30 +14 22 16.0          19.0 Vrq3004G96
     K06C00U  C2006 02 03.29507 07 53 07.33 +14 22 16.7          19.0 Vrq3004G96
     K06C00U  C2006 02 03.31204 07 53 07.55 +14 22 43.4          19.3  cq3004704
     K06C00U  C2006 02 03.95671 07 53 32.34 +14 39 20.1                cq3004595
     K06C00U  C2006 02 03.98449 07 53 33.28 +14 40 03.1          19.6 Vcq3004595
     K06C00U  C2006 02 04.20912 07 53 43.22 +14 45 49.7          19.9 Vrq3004G96
     K06C00U  C2006 02 04.21263 07 53 43.29 +14 45 55.0          19.9 Vrq3004G96
     K06C00U  C2006 02 04.21606 07 53 43.40 +14 46 00.3          19.7 Vrq3004G96
     K06C00U  C2006 02 04.21954 07 53 43.47 +14 46 05.5          19.9 Vrq3004G96
     K06C00U  C2006 02 04.22652 07 53 43.10 +14 46 10.7          20.1 Rrq3004734
     K06C00U  C2006 02 04.22685 07 53 43.53 +14 46 16.1          19.8  cq3004704
     K06C00U  C2006 02 04.23020 07 53 43.16 +14 46 16.9          19.6 Rrq3004734
     K06C00U  C2006 02 04.23461 07 53 43.28 +14 46 23.9          18.8 Rrq3004734
     K06C00U  C2006 02 04.23988 07 53 43.77 +14 46 34.3          20.0  cq3004704
     K06C00U 5C2006 02 04.24769 07 53 44.47 +14 46 46.6          19.7 Rcq3004673
     K06C00U 5C2006 02 04.25127 07 53 44.56 +14 46 52.5                cq3004673
     K06C00U  C2006 02 04.25294 07 53 44.16 +14 46 56.3          19.3  cq3004704
     K06C00U 5C2006 02 04.25475 07 53 44.64 +14 46 57.9                cq3004673
     K06C00U 5C2006 02 04.26192 07 53 44.82 +14 47 08.9                cq3004673
     K06C00U  C2006 02 04.26600 07 53 44.50 +14 47 14.0          19.7  cq3004704
     K06C00U  C2006 02 04.29545 07 53 45.32 +14 47 58.6          19.7 Rcq3004854
     K06C00U  C2006 02 04.30665 07 53 45.67 +14 48 16.0          19.8 Rcq3004854
     K06C00U  C2006 02 04.31226 07 53 45.69 +14 48 24.8          19.9 Rcq3004854
     K06C00U  C2006 02 04.51377 07 53 53.63 +14 54 05.4          19.5 Roq3004474
     K06C00U  C2006 02 04.52778 07 53 54.04 +14 54 26.7          19.8 Roq3004474
     K06C00U  C2006 02 04.54016 07 53 54.38 +14 54 44.8          19.6 Roq3004474
     K06C00U  C2006 02 05.89501 07 54 47.72 +15 25 29.8          19.8 Vrq3004941
     K06C00U  C2006 02 05.89642 07 54 47.75 +15 25 31.5          18.7 Vrq3004941
     K06C00U  C2006 02 05.89812 07 54 47.80 +15 25 33.6          20.0 Vrq3004941
     K06C00U  C2006 02 05.89888 07 54 47.82 +15 25 34.7          20.0 Vrq3004941
     K06C00U  C2006 02 06.11359 07 54 57.22 +15 30 21.2                dq3004291
     K06C00U  C2006 02 06.12054 07 54 57.43 +15 30 30.6                dq3005291
     K06C00U  C2006 02 06.12439 07 54 57.57 +15 30 35.6                dq3005291
     K06C00U  C2006 02 06.24669 07 55 00.82 +15 33 15.8                rq3005682
     K06C00U  C2006 02 06.27209 07 55 01.47 +15 33 49.2                rq3005682
     K06C00U  C2006 02 20.13142 08 05 06.50 +18 49 57.7                dq3965291
     K06C00U  C2006 02 20.13737 08 05 06.75 +18 50 01.1                dq3965291
     K06C00U  C2006 02 20.14310 08 05 06.98 +18 50 04.1                dq3965291
     K06C00U HC2006 02 24.10306 08 08 31.40 +19 19 24.1                dq3965291
     K06C00U HC2006 02 24.10941 08 08 31.74 +19 19 25.3                dq3965291
     K06C00U HC2006 02 24.11512 08 08 31.95 +19 19 29.3                dq3965291
     K06C00U  C2006 02 24.24346 08 08 37.86 +19 20 18.4          21.8 Vrq3965G96
     K06C00U  C2006 02 24.25021 08 08 38.14 +19 20 21.0          22.0 Vrq3965G96
     K06C00U  C2006 02 24.25714 08 08 38.40 +19 20 22.8          21.6 Vrq3966G96
     K06C00U  C2006 02 24.26387 08 08 38.68 +19 20 25.7          21.6 Vrq3966G96
     K06C00U HC2006 02 25.11394 08 09 26.05 +19 25 33.5          21.5 Vcq7155691
     K06C00U HC2006 02 25.13254 08 09 26.86 +19 25 40.5          21.7 Vcq7155691
     K06C00U HC2006 03 03.17759 08 15 16.55 +19 52 58.1                dq5196291
     K06C00U HC2006 03 03.18438 08 15 16.86 +19 52 59.4                dq5196291
     K06C00U  C2006 03 03.19094 08 15 17.22 +19 53 00.8          23   Vdq5196291
