     K06C10Y* C2006 02 09.34496 12 51 54.39 +28 31 59.3          18.3 Roq3017699
     K06C10Y  C2006 02 09.37239 12 52 02.98 +28 31 48.0                oq3017699
     K06C10Y  C2006 02 09.39986 12 52 11.48 +28 31 37.0                oq3017699
     K06C10Y  C2006 02 09.42731 12 52 19.97 +28 31 24.2                oq3017699
     K06C10Y  C2006 02 10.00814 12 55 30.18 +28 26 29.5                cq3017595
     K06C10Y  C2006 02 10.02108 12 55 34.54 +28 26 17.7                rq3017J95
     K06C10Y  C2006 02 10.02300 12 55 35.15 +28 26 17.2                rq3017J95
     K06C10Y  C2006 02 10.02480 12 55 35.49 +28 26 21.3          19.3 Vcq3017595
     K06C10Y  C2006 02 10.02509 12 55 35.82 +28 26 16.2          18.9 Rrq3017J95
     K06C10Y  C2006 02 11.05507 13 01 19.30 +28 16 43.2          18.3 Vrq3338A13
     K06C10Y  C2006 02 11.05826 13 01 20.37 +28 16 41.6          18.5 Vrq3338A13
     K06C10Y  C2006 02 11.07424 13 01 25.60 +28 16 32.3          18.7 Vrq3338A13
     K06C10Y  C2006 02 11.09100 13 01 31.09 +28 16 22.3          18.6 Vrq3338A13
     K06C10Y  C2006 02 11.98126 13 06 37.71 +28 06 39.8          18.5 Vrq3338A13
     K06C10Y  C2006 02 11.99956 13 06 43.87 +28 06 28.3          18.5 Vrq3338A13
     K06C10Y  C2006 02 12.01565 13 06 49.35 +28 06 18.4          18.3 Vrq3338A13
     K06C10Y  C2006 02 14.29511 13 20 26.64 +27 35 40.5          18.3 Rrq3338932
     K06C10Y  C2006 02 14.34030 13 20 42.77 +27 34 59.4          18.3 Rrq3338932
     K06C10Y  C2006 02 14.35003 13 20 46.22 +27 34 50.4          18.2 Rrq3338932
     K06C10Y  C2006 02 14.36114 13 20 50.18 +27 34 39.9          18.4 Rrq3338932
     K06C10Y  C2006 02 14.36968 13 20 53.24 +27 34 31.9          18.3 Rrq3338932
     K06C10Y  C2006 02 16.08024 13 31 43.23 +27 04 46.5                rq3338J95
     K06C10Y  C2006 02 16.08596 13 31 45.40 +27 04 40.1                rq3338J95
     K06C10Y  C2006 02 16.09169 13 31 47.55 +27 04 33.8          18.7 Rrq3338J95
     K06C10Y  C2006 02 18.25254 13 46 10.29 +26 18 17.3          18.2 Rrq3967932
     K06C10Y  C2006 02 18.28613 13 46 23.63 +26 17 30.9          18.3 Rrq3967932
     K06C10Y  C2006 02 18.29723 13 46 28.04 +26 17 15.4          18.3 Rrq3967932
     K06C10Y  C2006 02 18.30486 13 46 31.05 +26 17 04.7          18.3 Rrq3967932
     K06C10Y 3C2006 02 18.51516 13 47 58.18 +26 12 13.0                oq3967F65
     K06C10Y 3C2006 02 18.51616 13 47 58.54 +26 12 12.0                oq3967F65
     K06C10Y 3C2006 02 18.51861 13 47 59.47 +26 12 08.3                oq3967F65
     K06C10Y 3C2006 02 18.51968 13 47 59.94 +26 12 06.7                oq3967F65
     K06C10Y  C2006 02 20.32006 14 00 37.72 +25 23 34.2          18.5 Rrq3967932
     K06C10Y  C2006 02 20.35216 14 00 51.00 +25 22 38.6          18.3 Rrq3967932
     K06C10Y  C2006 02 20.35991 14 00 54.23 +25 22 25.1          18.3 Rrq3967932
     K06C10Y  C2006 02 25.10317 14 36 38.48 +22 31 47.4          18.0 Vrq5197941
     K06C10Y  C2006 02 25.10357 14 36 38.64 +22 31 46.4          18.1 Vrq5197941
     K06C10Y  C2006 02 25.10398 14 36 38.83 +22 31 45.4          18.4 Vrq5197941
     K06C10Y  C2006 02 25.10438 14 36 39.02 +22 31 44.5          18.0 Vrq5197941
     K06C10Y  C2006 02 27.51657 14 55 54.66 +20 38 53.3          18.1 Vrq5197703
     K06C10Y  C2006 02 27.52145 14 55 57.00 +20 38 38.4          18.1 Vrq5197703
     K06C10Y  C2006 02 27.52631 14 55 59.23 +20 38 23.6          18.4 Vrq5197703
     K06C10Y  C2006 02 28.45030 15 03 32.74 +19 50 06.6          18.5 Rrq5197734
     K06C10Y  C2006 02 28.45262 15 03 33.83 +19 49 59.7          18.0 Rrq5197734
     K06C10Y  C2006 02 28.45494 15 03 34.92 +19 49 52.1          18.4 Rrq5197734
     K06C10Y  C2006 03 05.48452 15 45 34.24 +14 42 25.4          18.4 Rrq6205448
     K06C10Y  C2006 03 05.48740 15 45 35.63 +14 42 13.8          18.2 Rrq6205448
     K06C10Y  C2006 03 05.49027 15 45 37.01 +14 42 02.0          18.5 Rrq6205448
     K06C10Y  C2006 03 05.49258 15 45 38.14 +14 41 52.6          18.0 Rrq6205448
     K06C10Y  C2006 03 06.41422 15 53 25.23 +13 38 02.8          18.7  cq6205704
     K06C10Y  C2006 03 06.42643 15 53 31.16 +13 37 09.3          18.7  cq6205704
     K06C10Y  C2006 03 06.43833 15 53 37.00 +13 36 22.2          18.4  cq6205704
     K06C10Y  C2006 03 06.46277 15 53 48.83 +13 34 38.2          18.6  cq6205704
     K06C10Y  C2006 03 12.15857 16 41 00.22 +06 26 52.9          19.0 Vrq6205941
     K06C10Y  C2006 03 12.16138 16 41 01.47 +06 26 40.6          18.8 Vrq6205941
     K06C10Y  C2006 03 12.16219 16 41 01.87 +06 26 37.4          18.9 Vrq6205941
     K06C10Y  C2006 03 12.16259 16 41 02.07 +06 26 35.2          18.8 Vrq6205941
     K06C10Y  C2006 03 12.16340 16 41 02.44 +06 26 31.2          18.8 Vrq6205941
     K06C10Y  C2006 03 12.41211 16 43 03.00 +06 07 08.3          19.1 Rrq6205H36
     K06C10Y  C2006 03 12.42393 16 43 08.65 +06 06 12.4          18.8 Rrq6205H36
     K06C10Y  C2006 03 12.42998 16 43 11.32 +06 05 43.9          18.5 Rrq6205H36
     K06C10Y  C2006 03 24.42816 18 09 53.35 -08 29 12.7          21.0 Rrq7157734
     K06C10Y  C2006 03 24.43282 18 09 54.99 -08 29 31.7          21.2 Rrq7157734
     K06C10Y  C2006 06 07.72486 20 56 24.58 -37 56 13.3          20.1 Rrr3596E12
     K06C10Y  C2006 06 07.72961 20 56 24.26 -37 56 17.2          20.4 Rrr3596E12
     K06C10Y 2C2013 12 25.39496304 05 24.967+30 05 26.65         23.3 Rt~0yj8568
     K06C10Y 2C2013 12 25.39961904 05 24.503+30 05 25.74         23.1 Rt~0yj8568
     K06C10Y 2C2013 12 25.41852804 05 22.640+30 05 22.28         23.1 Rt~0yj8568
     K06C10Y 2C2014 01 03.29541003 52 52.159+29 35 53.03         23.3 Rt~0yj8568
     K06C10Y 2C2014 01 03.29930703 52 51.861+29 35 52.30         23.2 Rt~0yj8568
     K06C10Y 2C2014 01 03.30327903 52 51.562+29 35 51.59         23.5 Rt~0yj8568
