i4627K06W00U* C2006 11 17.25169 02 18 16.52 +19 20 50.5          21.7 Vrs8996G96
i4627K06W00U  C2006 11 17.25880 02 18 15.91 +19 20 46.6          21.9 Vrs8996G96
i4627K06W00U  C2006 11 17.26584 02 18 15.33 +19 20 43.8          20.7 Vrs8996G96
i4627K06W00U  C2006 11 17.27300 02 18 14.68 +19 20 40.9          21.3 Vrs8996G96
i4627K06W00U  C2006 11 17.31506 02 18 11.00 +19 20 22.8          21.9 Vrs8996G96
i4627K06W00U  C2006 11 17.32236 02 18 10.37 +19 20 19.7          21.6 Vrs8996G96
i4627K06W00U  C2006 11 17.32965 02 18 09.85 +19 20 15.9                rs8996G96
i4627K06W00U  C2006 11 17.33690 02 18 09.12 +19 20 13.4          22.4 Vrs8996G96
i4627K06W00U HC2006 11 18.12885 02 17 03.02 +19 14 36.1                ds8996291
i4627K06W00U HC2006 11 18.13276 02 17 02.60 +19 14 33.8                ds8996291
i4627K06W00U HC2006 11 18.13689 02 17 02.36 +19 14 31.1                ds8996291
i4627K06W00U  C2006 11 18.21475 02 16 55.48 +19 13 57.5          20.8 Rrs8996734
i4627K06W00U  C2006 11 18.23091 02 16 54.16 +19 13 50.6          21.7 Rrs8996734
i4627K06W00U  C2006 11 18.23402 02 16 53.94 +19 13 51.4          20.7 Vrs8996G96
i4627K06W00U  C2006 11 18.24065 02 16 53.36 +19 13 48.4          20.9 Vrs8996G96
i4627K06W00U VC2006 11 18.24340 02 16 53.00 +19 13 48.0                cs8996711
i4627K06W00U  C2006 11 18.24704 02 16 52.64 +19 13 43.3          21.5 Rrs8996734
i4627K06W00U  C2006 11 18.24726 02 16 52.82 +19 13 45.4          21.2 Vrs8996G96
i4627K06W00U  C2006 11 18.25413 02 16 52.14 +19 13 41.6          21.8 Vrs8996G96
i4627K06W00U  C2006 11 18.25615 02 16 51.93 +19 13 42.5          20.1 Rcs8996711
i4627K06W00U  C2006 11 18.26173 02 16 51.48 +19 13 37.7          21.8 Rrs8996734
i4627K06W00U IC2006 11 18.26892 02 16 50.93 +19 13 36.7                cs8996711
i4627K06W00U HC2006 11 19.14071 02 15 38.93 +19 07 23.0                ds8996291
i4627K06W00U  C2006 11 19.14462 02 15 38.64 +19 07 21.3          22.7 Vds8996291
i4627K06W00U  C2006 11 19.14870 02 15 38.27 +19 07 19.7          23   Vds8996291
i4627K06W00U  C2006 11 19.22773 02 15 31.56 +19 06 45.9                rs8996G96
i4627K06W00U  C2006 11 19.23366 02 15 31.06 +19 06 43.2          21.2 Vrs8996G96
i4627K06W00U  C2006 11 19.23956 02 15 30.59 +19 06 40.1          21.5 Vrs8996G96
i4627K06W00U  C2006 11 19.24545 02 15 30.09 +19 06 37.6          21.6 Vrs8996G96
i4627K06W00U  C2006 11 22.12793 02 11 39.56 +18 46 04.1          21.6 Vds8996291
i4627K06W00U  C2006 11 22.13329 02 11 39.13 +18 46 02.6          21.6 Vds8996291
i4627K06W00U  C2006 11 22.13725 02 11 38.83 +18 46 00.5          21.9 Vds8996291
i4627K06W00U HC2006 11 23.08247 02 10 26.32 +18 39 17.3                ds8996291
i4627K06W00U HC2006 11 23.08633 02 10 25.82 +18 39 15.3                ds8996291
i4627K06W00U HC2006 11 23.09091 02 10 25.53 +18 39 15.3                ds8996291
i4627K06W00U  C2006 11 24.28594 02 08 55.37 +18 30 48.0                ds8996291
i4627K06W00U  C2006 11 24.28984 02 08 55.06 +18 30 47.1                ds8996291
i4627K06W00U HC2006 11 24.29375 02 08 54.71 +18 30 45.5                ds8996291
i4627K06W00U  C2006 11 27.11134 02 05 34.70 +18 11 12.7                dt0735291
i4627K06W00U HC2006 11 27.11537 02 05 34.39 +18 11 11.5                dt0735291
i4627K06W00U HC2006 11 27.11933 02 05 34.11 +18 11 09.9                dt0735291
i4627K06W00U  C2006 12 09.29857 01 54 32.81 +16 56 59.5                dt2482291
i4627K06W00U  C2006 12 09.30247 01 54 32.65 +16 56 59.4                dt2482291
i4627K06W00U  C2006 12 09.30726 01 54 32.50 +16 56 57.7                dt2482291
i4627K06W00U  C2012 01 25.20091 04 47 50.28 +27 33 38.9          18.9 Vr~0ciI703
i4627K06W00U  C2012 01 25.20926 04 47 50.10 +27 33 36.1          19.0 Vr~0ciI703
i4627K06W00U  C2012 01 25.21771 04 47 49.74 +27 33 32.6          19.0 Vr~0ciI703
i4627K06W00U  C2012 01 25.22872 04 47 49.45 +27 33 28.3          19.3 Vr~0ciI703
i4627K06W00U  C2012 01 25.29830 04 47 47.54 +27 33 04.1          19.4 Vr~0ciI703
i4627K06W00U  C2012 01 25.30714 04 47 47.36 +27 33 01.6          19.5 Vr~0ciI703
i4627K06W00U  C2012 01 25.31605 04 47 46.96 +27 32 58.8          20.1 Vr~0ciI703
i4627K06W00U  C2012 01 25.32509 04 47 46.78 +27 32 55.8          20.1 Vr~0ciI703
i4627K06W00U KC2012 02 12.07178104 52 18.25 +26 10 14.9          19.6 Ru~0dQlH36
i4627K06W00U KC2012 02 12.08970104 52 19.05 +26 10 11.6          19.5 Ru~0dQlH36
i4627K06W00U KC2012 02 12.09267904 52 19.19 +26 10 11.0          19.5 Ru~0dQlH36
i4627K06W00U KC2012 02 24.89894 05 08 10.14 +25 27 42.1          20.3 Ru~0e7J204
i4627K06W00U KC2012 02 24.92386 05 08 12.44 +25 27 36.8                u~0e7J204
i4627K06W00U HC2012 03 28.14588 06 23 39.89 +23 20 02.9                o~0fEF291
i4627K06W00U HC2012 03 28.14771 06 23 40.24 +23 20 02.2                o~0fEF291
i4627K06W00U HC2012 03 28.14955 06 23 40.54 +23 20 01.8                o~0fEF291
i4627K06W00U KC2012 06 12.16282 10 57 39.58 +02 13 44.6          20.3 Ro~0hJS291
i4627K06W00U KC2012 06 12.16522 10 57 40.15 +02 13 41.6          20.4 Ro~0hJS291
i4627K06W00U KC2012 06 12.16760 10 57 40.65 +02 13 38.7          20.3 Ro~0hJS291
i4627K06W00U KC2015 08 08.35086623 28 18.88 -03 02 34.6          22.6 Vu~1VaKH21
i4627K06W00U KC2015 08 08.36508823 28 18.01 -03 02 36.6          22.5 Vu~1VaKH21
i4627K06W00U KC2015 08 08.37930923 28 17.29 -03 02 39.2          22.9 Vu~1VaKH21
i4627K06W00U "C2015 08 13.33497523 23 49.79 -03 24 25.6          22.0 Rt~1Wj2705
i4627K06W00U "C2015 08 13.33626923 23 49.72 -03 24 26.3          21.8 Rt~1Wj2705
i4627K06W00U "C2015 08 13.33756123 23 49.61 -03 24 25.8          22.4 Rt~1Wj2705
i4627K06W00U  C2015 09 09.32266 22 51 32.642-06 11 20.13         21.7 wL~1Wj2F51
i4627K06W00U  C2015 09 09.33484 22 51 31.695-06 11 24.99         21.9 wL~1Wj2F51
i4627K06W00U  C2015 09 09.34693 22 51 30.746-06 11 30.00         21.7 wL~1Wj2F51
