     K06B09B* C2006 01 24.34035 09 04 12.15 +09 59 32.9          19.4  cq0609704
     K06B09B  C2006 01 24.35326 09 04 14.77 +09 57 33.0          19.7  cq0609704
     K06B09B  C2006 01 24.36605 09 04 17.38 +09 55 34.0          19.4  cq0609704
     K06B09B  C2006 01 24.37875 09 04 20.09 +09 53 36.6          19.6  cq0609704
     K06B09B  C2006 01 24.39142 09 04 22.59 +09 51 40.3          20.0  cq0609704
     K06B09B  C2006 01 24.94223 09 06 46.17 +08 35 00.8          20.0 Vcq0609A44
     K06B09B  C2006 01 24.94727 09 06 46.91 +08 34 23.0                cq0609246
     K06B09B  C2006 01 24.94770 09 06 46.91 +08 34 19.4                cq0609246
     K06B09B  C2006 01 24.95027 09 06 47.42 +08 34 00.4                cq0609246
     K06B09B  C2006 01 24.96278 09 06 49.64 +08 32 28.8          20.1 Vcq0609A44
     K06B09B  C2006 01 24.98586 09 06 53.51 +08 29 37.8          19.5 Vcq0609A44
     K06B09B  C2006 01 25.00340 09 06 56.47 +08 27 27.8          20.2 Vcq0609A44
     K06B09B  C2006 01 26.16653 09 10 22.70 +06 28 16.2                rq0609J95
     K06B09B  C2006 01 26.17651 09 10 23.90 +06 27 25.2          19.7 Rrq0609J95
     K06B09B  C2006 01 26.23139 09 10 40.48 +06 23 14.9          20.8 Rrq0609734
     K06B09B tC2006 01 26.23356 09 10 43.19 +06 23 19.2          20.5 Vdq0609291
     K06B09B tC2006 01 26.23742 09 10 43.55 +06 22 59.3          20.7 Vdq0609291
     K06B09B  C2006 01 26.23915 09 10 41.40 +06 22 37.8          20.6 Rrq0609734
     K06B09B tC2006 01 26.24117 09 10 43.94 +06 22 42.0          21.0 Vdq0609291
     K06B09B  C2006 01 26.24692 09 10 42.09 +06 21 56.6          20.7 Rrq0609734
     K06B09B 7C2006 01 26.46840 09 11 04.57 +06 04 16.0                 q1927696
     K06B09B 7C2006 01 26.47061 09 11 04.79 +06 04 06.4                 q1927696
     K06B09B  C2006 01 27.27049 09 12 52.45 +05 07 44.1          20.6 Vrq0609G96
     K06B09B  C2006 01 27.27402 09 12 52.66 +05 07 30.7          20.7 Vrq0609G96
     K06B09B  C2006 01 27.27753 09 12 52.92 +05 07 17.4          20.6 Vrq0609G96
     K06B09B  C2006 01 27.28104 09 12 53.13 +05 07 04.0          20.5 Vrq0609G96
     K06B09B  C2006 01 28.31098 09 14 30.73 +04 09 29.7                rq1927682
     K06B09B  C2006 01 28.34479 09 14 32.20 +04 07 50.0                rq1927682
     K06B09B  C2006 01 28.37857 09 14 33.61 +04 06 10.8                rq1927682
     K06B09B  C2006 01 29.25081 09 15 43.48 +03 28 02.1          20.3 Roq1927715
     K06B09B  C2006 01 29.26230 09 15 44.04 +03 27 35.1          20.6 Roq1927715
     K06B09B  C2006 01 29.27379 09 15 44.39 +03 27 08.0          20.4 Roq1927715
     K06B09B  C2006 02 01.24243 09 18 15.20 +01 59 10.4          22.2 Vdq1927291
     K06B09B  C2006 02 01.24726 09 18 15.24 +01 59 04.9          22.4 Vdq1927291
     K06B09B  C2006 02 01.25178 09 18 15.30 +01 58 58.6          22.1 Vdq1927291
     K06B09B 1C2006 02 01.44723 09 18 20.48 +01 55 02.5                 q1927F65
     K06B09B 1C2006 02 01.44855 09 18 20.50 +01 55 00.6                 q1927F65
     K06B09B 1C2006 02 01.45013 09 18 20.50 +01 54 58.7                 q1927F65
