     K06Q33K* C2006 08 23.24977 23 53 10.63 -03 56 45.1          18.7  cr6160704
     K06Q33K  C2006 08 23.26049 23 53 24.72 -03 59 00.0          19.4  cr6160704
     K06Q33K  C2006 08 23.27129 23 53 39.11 -04 01 14.9          18.8  cr6160704
     K06Q33K  C2006 08 23.28218 23 53 53.45 -04 03 30.6          18.9  cr6160704
     K06Q33K  C2006 08 23.29312 23 54 07.93 -04 05 47.8          19.3  cr6160704
     K06Q33K  C2006 08 25.03229 00 33 26.31 -09 57 06.4                rr6160J95
     K06Q33K  C2006 08 25.03335 00 33 27.69 -09 57 19.9                rr6160J95
     K06Q33K  C2006 08 25.03441 00 33 29.07 -09 57 31.3          18.9 Rrr6160J95
     K06Q33K  C2006 08 25.27729 00 38 52.42 -10 43 22.1          19.1 Rrr6160850
     K06Q33K  C2006 08 25.29780 00 39 18.49 -10 47 15.8          18.2 Rrr6160850
     K06Q33K 5C2006 08 25.39373 00 41 24.89 -11 05 15.4          19.0 Ror6160673
     K06Q33K FC2006 08 27.05868 01 16 34.27 -15 51 31.0                or7175204
     K06Q33K  C2006 08 27.06629 01 16 43.13 -15 52 41.8          19.2 Ror7175204
     K06Q33K  C2006 08 30.39249 02 15 36.47 -22 39 03.0          20.6 Rrr7175734
     K06Q33K  C2006 08 30.39573 02 15 39.39 -22 39 22.0          20.1 Rrr7175734
