     K06W03Y* C2006 11 21.21735 03 32 30.78 +27 09 18.7          21.0 Vrs9004G96
     K06W03Y  C2006 11 21.22038 03 32 30.44 +27 09 16.8          21.8 Vrs9004G96
     K06W03Y  C2006 11 21.22346 03 32 30.18 +27 09 15.1          21.6 Vrs9004G96
     K06W03Y  C2006 11 21.28919 03 32 24.23 +27 08 39.0          21.5 Vrs9004G96
     K06W03Y  C2006 11 21.29008 03 32 24.16 +27 08 38.5          21.5 Vrs9004G96
     K06W03Y  C2006 11 21.29097 03 32 24.07 +27 08 37.9          21.8 Vrs9004G96
     K06W03Y  C2006 11 21.29185 03 32 23.99 +27 08 37.7          21.5 Vrs9004G96
     K06W03Y  C2006 11 21.37138 03 32 16.87 +27 07 51.3          21.6 Vrs9004G96
     K06W03Y  C2006 11 21.37556 03 32 16.47 +27 07 49.2          21.5 Vrs9004G96
     K06W03Y  C2006 11 21.37980 03 32 16.11 +27 07 46.4          21.3 Vrs9004G96
     K06W03Y  C2006 11 21.38398 03 32 15.79 +27 07 44.0          21.3 Vrs9004G96
     K06W03Y  C2006 11 22.17070 03 31 15.79 +27 00 21.0          21.5 Rrs9004734
     K06W03Y  C2006 11 22.18972 03 31 14.20 +27 00 11.5          21.6 Rrs9004734
     K06W03Y  C2006 11 22.20949 03 31 12.57 +27 00 01.1          22.1 Rrs9004734
     K06W03Y  C2006 11 22.20994 03 31 12.87 +27 00 02.8          21.4 Vrs9004G96
     K06W03Y  C2006 11 22.21359 03 31 12.55 +27 00 00.3          21.8 Vrs9004G96
     K06W03Y  C2006 11 22.39452 03 30 57.27 +26 58 19.3          21.6 Vrs9004G96
     K06W03Y  C2006 11 22.39729 03 30 57.02 +26 58 18.0          22.1 Vrs9004G96
     K06W03Y  C2006 11 22.40008 03 30 56.84 +26 58 15.8          22.0 Vrs9004G96
     K06W03Y  C2006 11 22.40284 03 30 56.59 +26 58 15.0          21.9 Vrs9004G96
     K06W03Y  C2006 11 24.38267 03 28 37.44 +26 40 35.9          22.2 Vds9004291
     K06W03Y  C2006 11 24.38708 03 28 37.19 +26 40 33.6          22.5 Vds9004291
     K06W03Y  C2006 11 24.39115 03 28 36.84 +26 40 31.1          22.4 Vds9004291
