     K06H57W* C2006 04 29.58525 13 02 50.24 -25 01 09.0          18.8 Vrr0910E12
     K06H57W  C2006 04 29.59421 13 02 49.48 -25 01 01.5          18.6 Vrr0910E12
     K06H57W  C2006 04 29.60321 13 02 48.69 -25 00 54.8          18.8 Vrr0910E12
     K06H57W  C2006 04 29.61222 13 02 47.94 -25 00 47.5          19.0 Vrr0910E12
     K06H57W  C2006 04 29.62781 13 02 46.62 -25 00 35.9                rr0910E12
     K06H57W  C2006 04 29.64824 13 02 45.02 -25 00 19.8          18.9 Vrr0910E12
     K06H57W  C2006 04 29.65958 13 02 44.05 -25 00 10.6          18.8 Vrr0910E12
     K06H57W  C2006 04 29.67089 13 02 43.11 -25 00 01.8          19.0 Vrr0910E12
     K06H57W  C2006 04 29.98145 13 02 20.91 -24 56 36.9          19.3 Rrr0910J87
     K06H57W  C2006 04 29.98888 13 02 20.34 -24 56 31.5                rr0910J87
     K06H57W  C2006 04 29.99631 13 02 19.79 -24 56 26.6          19.1 Rrr0910J87
     K06H57W  C2006 04 30.17540 13 02 07.40 -24 54 06.4          18.9  rr0910717
     K06H57W  C2006 04 30.18357 13 02 06.67 -24 53 59.9          19.2  rr0910717
     K06H57W  C2006 04 30.19552 13 02 05.63 -24 53 50.9          19.2  rr0910717
     K06H57W 5C2006 04 30.21181 13 02 04.66 -24 53 39.1          19.0 Ror0910673
     K06H57W 5C2006 04 30.21910 13 02 04.03 -24 53 33.6                or0910673
     K06H57W 5C2006 04 30.22512 13 02 03.54 -24 53 28.7                or0910673
     K06H57W 5C2006 04 30.23287 13 02 02.87 -24 53 22.8                or0910673
     K06H57W  C2006 04 30.25554 13 02 00.71 -24 53 04.2          19.9  rr0910701
     K06H57W  C2006 04 30.27638 13 01 58.95 -24 52 48.0          19.9  rr0910701
     K06H57W 4C2006 04 30.29564 13 01 58.72 -24 52 29.4                or0910F65
     K06H57W  C2006 04 30.29721 13 01 57.18 -24 52 31.1          20.1  rr0910701
     K06H57W 4C2006 04 30.30355 13 01 58.04 -24 52 23.5          19.0 Ror0910F65
     K06H57W 5C2006 04 30.30514 13 01 56.74 -24 52 26.5                or0910673
     K06H57W 4C2006 04 30.31065 13 01 57.43 -24 52 18.2          19.0 Ror0910F65
     K06H57W  C2006 04 30.31804 13 01 55.39 -24 52 14.9          21.4  rr0910701
     K06H57W  C2006 04 30.42066 13 01 48.91 -24 50 25.4          18.2 Rcr0910474
     K06H57W  C2006 04 30.42992 13 01 48.13 -24 50 18.3                cr0910474
     K06H57W  C2006 05 01.20471 13 00 50.77 -24 40 29.7          19.3 Rcr0910854
     K06H57W  C2006 05 01.20872 13 00 50.36 -24 40 26.8          18.6 Vrr0910703
     K06H57W  C2006 05 01.21046 13 00 50.27 -24 40 25.0          19.3 Rcr0910854
     K06H57W  C2006 05 01.21621 13 00 49.75 -24 40 20.6          19.6 Rcr0910854
     K06H57W  C2006 05 01.21721 13 00 49.64 -24 40 20.2          18.5 Vrr0910703
     K06H57W  C2006 05 01.22116 13 00 48.78 -24 40 16.7          18.2 Rrr0910H36
     K06H57W  C2006 05 01.22562 13 00 48.53 -24 40 14.4          18.5 Rrr0910H36
     K06H57W  C2006 05 01.22569 13 00 48.92 -24 40 12.9          18.7 Vrr0910703
     K06H57W  C2006 05 01.23009 13 00 48.23 -24 40 10.7          18.2 Rrr0910H36
     K06H57W  C2006 05 01.23417 13 00 48.16 -24 40 06.0          18.4 Vrr0910703
     K06H57W 5C2006 05 01.23692 13 00 48.20 -24 40 04.2          19.1 Ror0910673
     K06H57W 5C2006 05 01.24329 13 00 47.70 -24 39 59.1                or0910673
     K06H57W 5C2006 05 01.24618 13 00 47.44 -24 39 56.5                or0910673
     K06H57W 5C2006 05 01.25093 13 00 47.03 -24 39 52.7                or0910673
     K06H57W  C2006 05 01.56403 13 00 23.29 -24 35 08.2          18.9 Vrr0910E12
     K06H57W  C2006 05 01.56879 13 00 22.89 -24 35 03.8          19.1 Vrr0910E12
     K06H57W  C2006 05 01.57357 13 00 22.46 -24 34 59.4          19.0 Vrr0910E12
     K06H57W  C2006 05 01.57833 13 00 21.99 -24 34 54.3          19.2 Vrr0910E12
     K06H57W  C2006 05 02.52896 12 59 12.73 -24 21 24.1          18.9 Vrr0910E12
     K06H57W  C2006 05 02.53451 12 59 12.25 -24 21 19.6          19.2 Vrr0910E12
     K06H57W  C2006 05 04.56037 12 56 45.52 -23 50 13.3          19.1 Vrr0910E12
     K06H57W  C2006 05 04.58131 12 56 43.94 -23 49 53.9          19.0 Vrr0910E12
     K06H57W  C2006 05 04.59176 12 56 42.97 -23 49 42.2          19.0 Vrr0910E12
     K06H57W  C2006 05 08.51946 12 52 16.08 -22 41 07.8          19.7 Vor1661D35
     K06H57W  C2006 05 08.52289 12 52 15.88 -22 41 02.4          19.1 Vor1661D35
     K06H57W  C2006 05 08.52872 12 52 15.38 -22 40 57.7          20.2 Vor1661D35
     K06H57W %C2006 05 15.97322 12 45 14.63 -19 58 08.4          18.6 Ror1661807
     K06H57W %C2006 05 15.97736 12 45 14.39 -19 58 02.7          18.8 Ror1661807
     K06H57W %C2006 05 15.98106 12 45 14.17 -19 57 57.3          18.5 Ror1661807
     K06H57W  C2006 05 16.42907 12 44 52.83 -19 46 52.1          18.6 Vrr1661E12
     K06H57W  C2006 05 16.43241 12 44 52.65 -19 46 47.1          19.1 Vrr1661E12
     K06H57W  C2006 05 16.43576 12 44 52.44 -19 46 43.2          18.1 Vrr1661E12
     K06H57W  C2006 05 16.47938 12 44 49.88 -19 45 37.0          18.6 Vrr1661E12
     K06H57W  C2006 05 16.48788 12 44 49.34 -19 45 23.8          19.3 Vrr1661E12
     K06H57W  C2006 05 16.49641 12 44 48.94 -19 45 11.8          19.2 Vrr1661E12
     K06H57W  C2006 05 16.50491 12 44 48.37 -19 44 58.4          18.6 Vrr1661E12
     K06H57W  C2006 05 19.38550 12 42 53.67 -18 29 48.8          18.5 Vrr2105E12
     K06H57W  C2006 05 19.38914 12 42 53.53 -18 29 43.5          18.6 Vrr2105E12
     K06H57W  C2006 05 19.39279 12 42 53.35 -18 29 37.6          18.8 Vrr2105E12
     K06H57W  C2006 05 19.39647 12 42 53.17 -18 29 32.0          18.7 Vrr2105E12
     K06H57W  C2006 05 24.84780 12 40 36.75 -15 50 24.5          19.0 Vcr2105104
     K06H57W  C2006 05 24.85236 12 40 36.67 -15 50 16.1          18.6 Vcr2105104
     K06H57W  C2006 05 24.85786 12 40 36.48 -15 50 05.7          18.7 Vcr2105104
     K06H57W  C2006 05 29.15368 12 40 22.03 -13 27 02.5          18.6 Vdr2901291
     K06H57W  C2006 05 29.15770 12 40 21.99 -13 26 54.0          18.6 Vdr2901291
     K06H57W  C2006 05 29.16165 12 40 21.96 -13 26 45.7          18.6 Vdr2901291
     K06H57W  C2006 06 12.21654 12 51 27.55 -03 21 04.9          18.0 Ror3944448
     K06H57W  C2006 06 12.22208 12 51 27.96 -03 20 46.3          18.0 Ror3944448
     K06H57W  C2006 06 12.22747 12 51 28.39 -03 20 29.5          18.0 Ror3944448
     K06H57W  C2006 06 15.41515 12 57 08.06 -00 18 58.4          19.3 Vrr3944E12
     K06H57W  C2006 06 15.42000 12 57 08.53 -00 18 41.2          19.4 Vrr3944E12
     K06H57W  C2006 06 15.42484 12 57 08.96 -00 18 23.4          19.0 Vrr3944E12
     K06H57W  C2006 06 15.42968 12 57 09.54 -00 18 06.0          19.0 Vrr3944E12
     K06H57W  C2006 06 21.88303 13 13 20.48 +07 02 25.5          18.4 Rcr3944A99
     K06H57W  C2006 06 21.88795 13 13 21.34 +07 02 49.2          18.4 Rcr3944A99
     K06H57W  C2006 06 25.84285 13 27 26.44 +12 37 05.3          18.8 Vcr4494A50
     K06H57W  C2006 06 25.84411 13 27 26.77 +12 37 12.9          18.9 Vcr4494A50
     K06H57W  C2006 06 25.84597 13 27 27.18 +12 37 22.8          18.8 Vcr4494A50
     K06H57W  C2006 06 25.84708 13 27 27.46 +12 37 28.8          18.8 Vcr4494A50
     K06H57W  C2006 06 25.84934 13 27 27.98 +12 37 41.0          18.5 Vcr4494A50
     K06H57W  C2006 06 26.87738 13 31 47.61 +14 13 55.3          17.7  or4494160
     K06H57W  C2006 06 26.88130 13 31 48.61 +14 14 17.2          17.2  or4494160
     K06H57W  C2006 06 26.88539 13 31 49.60 +14 14 40.8          17.1  or4494160
     K06H57W  C2006 06 26.89016 13 31 50.77 +14 15 07.2          17.2  or4494160
     K06H57W  C2006 06 29.95168 13 46 42.86 +19 24 52.7                or4728204
     K06H57W  C2006 06 29.95378 13 46 43.52 +19 25 06.0                or4728204
     K06H57W  C2006 06 29.95588 13 46 44.16 +19 25 19.1                or4728204
     K06H57W  C2006 06 29.95798 13 46 44.81 +19 25 32.3                or4728204
     K06H57W  C2006 06 29.96008 13 46 45.48 +19 25 45.7          17.9 Ror4728204
     K06H57W  C2006 06 30.10362 13 47 34.30 +19 41 24.0          18.3 R r4494H67
     K06H57W  C2006 06 30.10450 13 47 34.57 +19 41 29.6          18.9 R r4494H67
     K06H57W  C2006 06 30.10558 13 47 34.83 +19 41 36.6          18.6 R r4494H67
     K06H57W  C2006 07 01.85314 13 57 44.28 +22 54 45.5          17.3 Vrr4728A89
     K06H57W  C2006 07 01.85886 13 57 46.36 +22 55 24.8          17.7 Vrr4728A89
     K06H57W  C2006 07 01.86465 13 57 48.35 +22 56 03.6          17.8 Vrr4728A89
     K06H57W  C2006 07 02.87825 14 04 18.66 +24 52 50.4          18.7 Vrr4728240
     K06H57W  C2006 07 02.87891 14 04 18.91 +24 52 55.2          18.6 Vrr4728240
     K06H57W  C2006 07 02.87916 14 04 19.00 +24 52 57.5          18.9 Vor4728198
     K06H57W  C2006 07 02.87934 14 04 19.06 +24 52 58.9          18.9 Vor4728198
     K06H57W  C2006 07 02.87953 14 04 19.13 +24 53 00.1          18.8 Vor4728198
     K06H57W  C2006 07 02.88089 14 04 19.65 +24 53 08.8          18.2 Vrr4728240
     K06H57W  C2006 07 02.88285 14 04 20.39 +24 53 23.3          18.8 Vor4728198
     K06H57W  C2006 07 02.88506 14 04 21.21 +24 53 38.3          18.9 Vor4728198
     K06H57W  C2006 07 02.88616 14 04 21.64 +24 53 45.4          19.0 Vrr4728240
     K06H57W  C2006 07 02.88945 14 04 22.88 +24 54 08.2          19.1 Vrr4728240
     K06H57W  C2006 07 09.99283 15 06 21.50 +39 21 13.2          18.0 Vor4857J68
     K06H57W  C2006 07 10.00797 15 06 31.29 +39 22 58.5          18.5 Vor4857J68
     K06H57W  C2006 07 10.00973 15 06 32.55 +39 23 11.3          18.3 Vor4858J68
     K06H57W  C2006 07 10.84891 15 16 14.25 +41 03 30.2          18.2 Vcr4858A48
     K06H57W  C2006 07 10.85110 15 16 15.66 +41 03 45.2          17.5 Vcr4858A48
     K06H57W  C2006 07 10.85329 15 16 17.14 +41 04 00.5          17.7 Vcr4858A48
     K06H57W  C2006 07 10.85548 15 16 18.69 +41 04 16.1          18.0 Vcr4858A48
     K06H57W  C2006 07 10.85768 15 16 20.12 +41 04 31.3          17.6 Vcr4858A48
     K06H57W  C2006 07 15.27918 16 16 17.95 +48 45 39.7          17.3 Rrr4858H45
     K06H57W  C2006 07 15.28033 16 16 18.98 +48 45 45.2          17.4 Rrr4858H45
     K06H57W  C2006 07 15.28299 16 16 21.32 +48 45 58.3          17.6 Rrr4858H45
     K06H57W  C2006 07 15.28369 16 16 21.95 +48 46 01.7          17.5 Rrr4858H45
     K06H57W  C2006 07 15.28448 16 16 22.66 +48 46 05.7          17.2 Rrr4858H45
     K06H57W  C2006 07 15.28518 16 16 23.24 +48 46 08.7          17.5 Rrr4858H45
     K06H57W  C2006 07 15.28578 16 16 23.80 +48 46 12.2          17.3 Rrr4858H45
     K06H57W  C2006 07 15.28667 16 16 24.58 +48 46 16.4          17.4 Rrr4858H45
     K06H57W  C2006 07 15.98352 16 27 14.99 +49 44 43.2          18.9 Vor4858J68
     K06H57W  C2006 07 15.99196 16 27 22.75 +49 45 23.2          18.2 Vor4858J68
     K06H57W  C2006 07 16.04902 16 28 15.35 +49 49 45.2          18.6 Vor4858J68
     K06H57W  C2006 07 16.30409 16 32 15.41 +50 10 12.5          17.7 Rcr4858H45
     K06H57W  C2006 07 16.30511 16 32 16.39 +50 10 16.6          17.5 Rcr4858H45
     K06H57W  C2006 07 16.30590 16 32 17.12 +50 10 20.2          17.6 Rcr4858H45
     K06H57W  C2006 07 16.30698 16 32 18.14 +50 10 24.8          17.5 Rcr4858H45
     K06H57W  C2006 07 16.30760 16 32 18.68 +50 10 27.3          17.7 Rcr4858H45
     K06H57W  C2006 07 16.30867 16 32 19.68 +50 10 32.1          17.5 Rcr4858H45
     K06H57W  C2006 07 16.86572 16 41 22.98 +50 52 20.4          17.9 Vor4858198
     K06H57W  C2006 07 16.86648 16 41 23.68 +50 52 23.7          17.9 Vor4858198
     K06H57W  C2006 07 16.86787 16 41 24.95 +50 52 29.3          17.9 Vor4858198
     K06H57W  C2006 07 16.86850 16 41 25.53 +50 52 31.9          17.9 Vor4858198
     K06H57W  C2006 07 16.86876 16 41 25.77 +50 52 33.0          17.9 Vor4858198
     K06H57W  C2006 07 16.87019 16 41 26.61 +50 52 34.4          17.7 Ror4858639
     K06H57W  C2006 07 16.87284 16 41 29.01 +50 52 45.4          18.1 Ror4858639
     K06H57W  C2006 07 16.87584 16 41 31.82 +50 52 58.0          18.0 Ror4858639
     K06H57W  C2006 07 16.88635 16 41 41.64 +50 53 42.8          17.7 Ror4858639
     K06H57W  C2006 07 16.89336 16 41 48.65 +50 54 17.4          18.1 Vor4858240
     K06H57W  C2006 07 16.89471 16 41 49.92 +50 54 23.2          18.1 Vor4858240
     K06H57W  C2006 07 16.89742 16 41 52.44 +50 54 34.6          18.1 Vor4858240
     K06H57W  C2006 07 16.89877 16 41 53.70 +50 54 40.0          18.0 Vor4858240
     K06H57W  C2006 07 16.90040 16 41 55.21 +50 54 47.0          18.0 Vor4858240
     K06H57W  C2006 07 17.23965 16 47 25.49 +51 18 46.9          18.3  cr4858704
     K06H57W  C2006 07 17.24993 16 47 35.11 +51 19 27.6          18.5  cr4858704
     K06H57W  C2006 07 17.26019 16 47 44.67 +51 20 06.6          18.7  cr4858704
     K06H57W  C2006 07 17.84634 16 57 29.80 +51 57 48.1          18.8 Vcr4858A48
     K06H57W  C2006 07 17.84819 16 57 31.62 +51 57 54.8          18.0 Vcr4858A48
     K06H57W  C2006 07 17.85005 16 57 33.31 +51 58 01.6          18.3 Vcr4858A48
     K06H57W  C2006 07 17.85191 16 57 35.16 +51 58 08.8          18.6 Vcr4858A48
     K06H57W  C2006 07 17.87801 16 57 59.84 +51 59 43.4          18.5 Rcr5167A53
     K06H57W  C2006 07 17.88425 16 58 05.74 +52 00 06.1          18.4 Rcr5167A53
     K06H57W  C2006 07 17.89084 16 58 12.04 +52 00 29.5          18.5 Rcr5167A53
     K06H57W  C2006 07 18.21941 17 03 40.63 +52 20 13.9          18.1  cr4858704
     K06H57W  C2006 07 18.23075 17 03 51.58 +52 20 52.8          18.5  cr4858704
     K06H57W  C2006 07 18.24549 17 04 05.59 +52 21 41.3          18.7  cr4858704
     K06H57W  C2006 07 18.25614 17 04 15.81 +52 22 16.0          18.6  cr4858704
     K06H57W  C2006 07 18.26662 17 04 25.87 +52 22 50.4          18.4  cr4858704
     K06H57W  C2006 07 18.86785 17 14 36.54 +52 54 50.5          17.4 Rcr5167A53
     K06H57W  C2006 07 18.87483 17 14 43.30 +52 55 11.3          17.6 Rcr5167A53
     K06H57W  C2006 07 18.88217 17 14 50.41 +52 55 33.1          17.7 Rcr5167A53
     K06H57W  C2006 07 18.93840 17 15 44.79 +52 58 18.7          17.1  or4858160
     K06H57W  C2006 07 18.94046 17 15 46.79 +52 58 24.5          17.4  or4858160
     K06H57W  C2006 07 18.94215 17 15 48.41 +52 58 29.1          17.3  or4858160
     K06H57W  C2006 07 18.94384 17 15 50.04 +52 58 34.0          17.5  or4858160
     K06H57W  C2006 07 18.94610 17 15 52.22 +52 58 40.4          17.4  or4858160
     K06H57W  C2006 07 18.94780 17 15 53.91 +52 58 45.1          17.5  or4858160
     K06H57W  C2006 07 19.27574 17 21 24.79 +53 14 26.1          17.8 Rrr4858H45
     K06H57W  C2006 07 19.27821 17 21 27.20 +53 14 32.2          17.7 Rrr4858H45
     K06H57W  C2006 07 19.27899 17 21 27.98 +53 14 34.1          17.7 Rrr4858H45
     K06H57W  C2006 07 19.27954 17 21 28.49 +53 14 35.6          17.9 Rrr4858H45
     K06H57W  C2006 07 19.28028 17 21 29.25 +53 14 37.2          17.7 Rrr4858H45
     K06H57W  C2006 07 19.28161 17 21 30.58 +53 14 40.5          17.9 Rrr4858H45
     K06H57W  C2006 07 19.28234 17 21 31.23 +53 14 42.4          18.0 Rrr4858H45
     K06H57W  C2006 07 19.90664 17 32 12.01 +53 41 07.3          17.3 Vor4858A16
     K06H57W  C2006 07 19.90897 17 32 14.39 +53 41 13.3          17.6 Vor4858A16
     K06H57W  C2006 07 19.91138 17 32 16.58 +53 41 17.9          17.3 Vor4858A16
     K06H57W  C2006 07 19.92317 17 32 28.10 +53 41 44.9          17.2 Vor4858A16
     K06H57W  C2006 07 19.96809 17 33 11.17 +53 43 20.5                or4858473
     K06H57W  C2006 07 21.17439 17 53 37.28 +54 21 58.2          17.8 Ror4858932
     K06H57W  C2006 07 21.18558 17 53 48.06 +54 22 13.8          17.7 Ror4858932
     K06H57W  C2006 07 21.19311 17 53 55.32 +54 22 24.2          17.9 Ror4858932
     K06H57W  C2006 07 22.89103 18 22 02.66 +54 51 08.4          17.7 Rcr5167157
     K06H57W  C2006 07 22.90332 18 22 15.40 +54 51 15.8          17.4 Ror5167170
     K06H57W  C2006 07 22.90460 18 22 16.60 +54 51 16.6          17.5 Ror5167170
     K06H57W  C2006 07 22.90675 18 22 18.62 +54 51 17.8          17.5 Ror5167170
     K06H57W  C2006 07 23.30393 18 28 34.87 +54 53 57.2          17.9 Rrr5167H45
     K06H57W  C2006 07 23.30467 18 28 35.52 +54 53 57.2          17.8 Rrr5167H45
     K06H57W  C2006 07 23.30552 18 28 36.31 +54 53 57.3          17.9 Rrr5167H45
     K06H57W  C2006 07 23.30623 18 28 36.95 +54 53 57.4          17.7 Rrr5167H45
     K06H57W  C2006 07 23.30687 18 28 37.53 +54 53 57.4          17.9 Rrr5167H45
     K06H57W  C2006 07 23.30744 18 28 38.07 +54 53 57.3          17.7 Rrr5167H45
     K06H57W  C2006 07 24.85191 18 52 39.09 +54 51 50.0          18.1 Vor5167151
     K06H57W  C2006 07 24.85325 18 52 40.27 +54 51 49.7          18.2 Vor5167151
     K06H57W  C2006 07 24.85460 18 52 41.47 +54 51 49.4          18.3 Vor5167151
     K06H57W  C2006 07 24.95091 18 54 03.67 +54 51 06.8          18.2 Vor5167240
     K06H57W  C2006 07 24.95750 18 54 09.28 +54 51 03.3          18.2 Vor5167240
     K06H57W  C2006 07 24.96408 18 54 14.93 +54 50 59.7          18.4 Vor5167240
     K06H57W  C2006 07 24.96899 18 54 19.15 +54 50 47.9          17.8 Ror5449A32
     K06H57W  C2006 07 24.97773 18 54 26.67 +54 50 43.3          17.8 Ror5449A32
     K06H57W  C2006 07 24.98646 18 54 34.18 +54 50 38.0          17.6 Ror5449A32
     K06H57W  C2006 07 24.99458 18 54 41.14 +54 50 33.6          17.4 Ror5449A32
     K06H57W  C2006 07 25.90216 19 07 54.17 +54 40 23.2          17.3 Vor5167151
     K06H57W  C2006 07 25.90325 19 07 55.14 +54 40 22.4          17.1 Vor5167151
     K06H57W  C2006 07 25.90434 19 07 56.05 +54 40 21.6          17.4 Vor5167151
     K06H57W  C2006 08 02.98758 20 36 28.06 +50 27 56.6          17.8 Ror5556A32
     K06H57W  C2006 08 02.99141 20 36 29.80 +50 27 46.9          18.1 Ror5556A32
     K06H57W  C2006 08 03.00957 20 36 38.11 +50 27 01.5          17.5 Ror5556A32
     K06H57W  C2006 08 04.40639 20 47 13.12 +49 28 58.3          18.2 Rrr5449H45
     K06H57W  C2006 08 04.40817 20 47 13.85 +49 28 53.3          18.4 Rrr5449H45
     K06H57W  C2006 08 04.40935 20 47 14.35 +49 28 50.3          18.3 Rrr5449H45
     K06H57W  C2006 08 04.41024 20 47 14.70 +49 28 47.9          18.2 Rrr5449H45
     K06H57W  C2006 08 04.41115 20 47 15.07 +49 28 45.5          18.5 Rrr5449H45
     K06H57W  C2006 08 04.41206 20 47 15.47 +49 28 42.6          18.5 Rrr5449H45
     K06H57W  C2006 08 08.34086 21 11 50.11 +46 39 52.9          18.2 Rrr5556H45
     K06H57W  C2006 08 08.34190 21 11 50.42 +46 39 50.3          18.1 Rrr5556H45
     K06H57W  C2006 08 08.34316 21 11 50.81 +46 39 47.1          18.1 Rrr5556H45
     K06H57W  C2006 08 08.35260 21 11 53.59 +46 39 21.4          17.8 Rrr5556H45
     K06H57W  C2006 08 08.35391 21 11 53.98 +46 39 17.5          17.9 Rrr5556H45
     K06H57W  C2006 08 08.35659 21 11 54.77 +46 39 10.1          17.8 Rrr5556H45
     K06H57W  C2006 08 14.90988 21 40 02.28 +41 57 33.2          17.9 Rcr6076A53
     K06H57W  C2006 08 14.92856 21 40 05.73 +41 56 46.7          17.9 Rcr6076A53
     K06H57W  C2006 08 14.93368 21 40 06.66 +41 56 33.8          17.9 Rcr6076A53
     K06H57W  C2006 08 17.35832 21 47 36.22 +40 15 08.4          18.8 Rrr5749H45
     K06H57W  C2006 08 17.35963 21 47 36.42 +40 15 05.1          18.7 Rrr5749H45
     K06H57W  C2006 08 17.36053 21 47 36.55 +40 15 02.7          18.8 Rrr5749H45
     K06H57W  C2006 08 17.36144 21 47 36.70 +40 15 00.2          18.6 Rrr5749H45
     K06H57W  C2006 08 17.36238 21 47 36.85 +40 14 57.8          18.6 Rrr5749H45
     K06H57W  C2006 08 17.36333 21 47 36.98 +40 14 55.4          18.8 Rrr5749H45
     K06H57W  C2006 08 20.93974 21 56 49.91 +37 48 14.1          18.8 Rcr6076A53
     K06H57W  C2006 08 20.94809 21 56 50.91 +37 47 54.5          18.4 Rcr6076A53
     K06H57W  C2006 08 20.95858 21 56 52.13 +37 47 29.0          18.5 Rcr6076A53
     K06H57W  C2006 08 22.09081 21 59 19.94 +37 01 44.5          19.4 Rit2268071
     K06H57W  C2006 08 22.09451 21 59 20.37 +37 01 35.5          19.0 Rit2268071
     K06H57W  C2006 08 22.09825 21 59 20.78 +37 01 26.5          19.2 Rit2268071
     K06H57W  C2006 08 22.10188 21 59 21.30 +37 01 17.3          19.1 Rit2268071
     K06H57W  C2006 08 23.84836 22 02 58.34 +35 51 41.3          18.0 Vor6076198
     K06H57W  C2006 08 23.84943 22 02 58.46 +35 51 39.0          18.0 Vor6076198
     K06H57W  C2006 08 23.85802 22 02 59.37 +35 51 19.6          18.0 Vor6076198
     K06H57W  C2006 08 23.85873 22 02 59.44 +35 51 17.8          18.0 Vor6076198
     K06H57W  C2006 08 25.34964 22 05 42.27 +34 52 47.2          18.9 Rrr6076H45
     K06H57W  C2006 08 25.35102 22 05 42.41 +34 52 43.7          18.8 Rrr6076H45
     K06H57W  C2006 08 25.35217 22 05 42.51 +34 52 41.1          18.8 Rrr6076H45
     K06H57W  C2006 08 25.35363 22 05 42.65 +34 52 37.4          18.8 Rrr6076H45
     K06H57W  C2006 08 25.35479 22 05 42.75 +34 52 34.6          18.7 Rrr6076H45
     K06H57W  C2006 08 25.35600 22 05 42.88 +34 52 31.9          18.8 Rrr6076H45
     K06H57W  C2006 08 30.29767 22 13 30.75 +31 43 15.4          19.0 Rrr7083H45
     K06H57W  C2006 08 30.29908 22 13 30.88 +31 43 11.5          19.1 Rrr7083H45
     K06H57W  C2006 08 30.30045 22 13 30.97 +31 43 08.7          19.2 Rrr7083H45
     K06H57W  C2006 08 30.30181 22 13 31.07 +31 43 05.5          19.0 Rrr7083H45
     K06H57W  C2006 08 30.30290 22 13 31.11 +31 43 03.7          19.0 Rrr7083H45
     K06H57W  C2006 08 30.30399 22 13 31.21 +31 43 00.5          19.0 Rrr7083H45
     K06H57W  C2006 08 31.35138 22 14 56.40 +31 03 55.8          18.7 Rrr7083H45
     K06H57W  C2006 08 31.35252 22 14 56.48 +31 03 53.0          18.8 Rrr7083H45
     K06H57W  C2006 08 31.35354 22 14 56.55 +31 03 50.7          18.9 Rrr7083H45
     K06H57W  C2006 08 31.35456 22 14 56.59 +31 03 48.3          18.8 Rrr7083H45
     K06H57W  C2006 08 31.35561 22 14 56.68 +31 03 45.9          18.8 Rrr7083H45
     K06H57W  C2006 08 31.82639 22 15 36.96 +30 46 13.2          18.4 Vor7083151
     K06H57W  C2006 08 31.82761 22 15 37.03 +30 46 10.7          18.5 Vor7083151
     K06H57W  C2006 08 31.82883 22 15 37.10 +30 46 08.3          18.5 Vor7083151
     K06H57W  C2006 08 31.83150 22 15 37.27 +30 46 02.1          18.4 Vor7083151
     K06H57W  C2006 08 31.83269 22 15 37.34 +30 45 59.3          18.3 Vor7083151
     K06H57W  C2006 08 31.83388 22 15 37.40 +30 45 56.8          18.1 Vor7083151
     K06H57W  C2006 09 01.34863 22 16 14.63 +30 27 07.8          19.0 Rrr7083H45
     K06H57W  C2006 09 01.35696 22 16 15.18 +30 26 48.8          19.1 Rrr7083H45
     K06H57W  C2006 09 01.35819 22 16 15.27 +30 26 46.2          19.0 Rrr7083H45
     K06H57W  C2006 09 01.35942 22 16 15.35 +30 26 43.1          19.1 Rrr7083H45
     K06H57W  C2006 09 01.36075 22 16 15.44 +30 26 40.4          19.1 Rrr7083H45
     K06H57W  C2006 09 05.87721 22 21 36.65 +27 44 48.7          19.0 Vor8611198
     K06H57W  C2006 09 05.87987 22 21 36.82 +27 44 43.1          19.0 Vor8611198
     K06H57W  C2006 09 05.88093 22 21 36.89 +27 44 40.9          19.0 Vor8611198
     K06H57W  C2006 09 05.88465 22 21 37.12 +27 44 33.0          19.0 Vor8611198
     K06H57W  C2006 09 05.88677 22 21 37.26 +27 44 28.5          19.0 Vor8611198
     K06H57W  C2006 09 11.84891 22 27 35.41 +24 24 08.7          18.3 Rcs1151560
     K06H57W  C2006 09 11.85203 22 27 35.55 +24 24 02.6          18.4 Rcs1151560
     K06H57W  C2006 09 11.85515 22 27 35.71 +24 23 56.8          18.5 Rcs1151560
     K06H57W  C2006 09 13.82856 22 29 23.88 +23 21 05.6          19.0 Rrr8611113
     K06H57W  C2006 09 13.83012 22 29 23.98 +23 21 02.7          19.0 Rrr8611113
     K06H57W  C2006 09 13.83170 22 29 24.07 +23 20 59.8          18.8 Rrr8611113
     K06H57W  C2006 09 15.29024 22 30 40.40 +22 35 53.4          19.3 Rrr8611H45
     K06H57W  C2006 09 15.29319 22 30 40.49 +22 35 47.9          19.3 Rrr8611H45
     K06H57W  C2006 09 15.29478 22 30 40.59 +22 35 45.0          19.2 Rrr8611H45
     K06H57W  C2006 09 15.29604 22 30 40.65 +22 35 42.5          19.3 Rrr8611H45
     K06H57W  C2006 09 15.29730 22 30 40.67 +22 35 39.9          19.2 Rrr8611H45
     K06H57W  C2006 09 15.29866 22 30 40.72 +22 35 37.3          19.3 Rrr8611H45
     K06H57W  C2006 09 15.41829 22 30 46.47 +22 31 56.4          18.6 Vrr8611703
     K06H57W  C2006 09 15.42319 22 30 46.69 +22 31 46.5          19.0 Vrr8611703
     K06H57W  C2006 09 15.42806 22 30 46.90 +22 31 38.0          18.9 Vrr8611703
     K06H57W  C2006 09 16.30856 22 31 33.72 +22 04 54.3          19.4 Rrr9379H45
     K06H57W  C2006 09 16.31462 22 31 33.98 +22 04 43.6          19.5 Rrr9379H45
     K06H57W  C2006 09 16.31624 22 31 34.00 +22 04 40.6          19.5 Rrr9379H45
     K06H57W  C2006 09 16.31884 22 31 34.15 +22 04 35.8          19.4 Rrr9379H45
     K06H57W  C2006 09 16.32030 22 31 34.20 +22 04 32.9          19.5 Rrr9379H45
     K06H57W  C2006 09 16.32167 22 31 34.25 +22 04 29.9          19.6 Rrr9379H45
     K06H57W  C2006 09 17.82464 22 32 53.81 +21 19 38.9          18.7 Rrr9379113
     K06H57W  C2006 09 17.82616 22 32 53.88 +21 19 36.2          19.1 Rrr9379113
     K06H57W  C2006 09 17.82768 22 32 53.93 +21 19 33.4          18.8 Rrr9379113
     K06H57W  C2006 09 20.82240 22 35 27.09 +19 53 48.9          18.8 Vrr9379240
     K06H57W  C2006 09 20.82575 22 35 27.24 +19 53 43.9          19.4 Vrr9379240
     K06H57W  C2006 09 20.82911 22 35 27.38 +19 53 38.3          19.3 Vrr9379240
     K06H57W  C2006 09 20.83163 22 35 27.49 +19 53 34.5          19.4 Vrr9379240
     K06H57W  C2006 09 21.25832 22 35 48.14 +19 41 50.6          19.7 Rrr9379H45
     K06H57W  C2006 09 21.26017 22 35 48.21 +19 41 47.6          19.5 Rrr9379H45
     K06H57W  C2006 09 21.26161 22 35 48.26 +19 41 45.6          19.5 Rrr9379H45
     K06H57W  C2006 09 21.26300 22 35 48.33 +19 41 43.2          19.6 Rrr9379H45
     K06H57W  C2006 09 29.28513 22 42 40.52 +16 17 54.9          20.0 Rrs1151H45
     K06H57W  C2006 09 29.28814 22 42 40.73 +16 17 50.4          19.9 Rrs1151H45
     K06H57W  C2006 09 29.29037 22 42 40.85 +16 17 47.3          19.9 Rrs1151H45
     K06H57W  C2006 09 29.29211 22 42 40.94 +16 17 44.7          19.9 Rrs1151H45
     K06H57W  C2006 09 29.29372 22 42 41.01 +16 17 42.7          20.0 Rrs1151H45
     K06H57W  C2006 10 12.80917 22 55 17.28 +11 55 53.6          21.0 Vrs2490941
     K06H57W  C2006 10 12.81143 22 55 17.40 +11 55 51.7          20.8 Vrs2490941
     K06H57W  C2006 10 12.81708 22 55 17.69 +11 55 47.5          20.9 Vrs2490941
     K06H57W  C2006 10 12.81821 22 55 17.75 +11 55 46.4          20.9 Vrs2490941
     K06H57W  C2009 03 16.30738 10 44 56.67 -07 06 03.4          22.3 Vo~05El291
     K06H57W HC2009 03 16.31294 10 44 56.26 -07 06 01.5                o~05El291
     K06H57W HC2009 03 16.31842 10 44 55.62 -07 05 58.2                o~05El291
     K06H57W  C2009 03 17.26477 10 43 33.68 -06 57 39.4                o~05El291
     K06H57W HC2009 03 17.27010 10 43 33.10 -06 57 35.8                o~05El291
     K06H57W HC2009 03 17.27549 10 43 32.61 -06 57 34.2                o~05El291
