Y9063K06X00A* C2006 12 01.42571 09 49 27.12 +03 24 02.7          19.1 Vrt0908703
Y9063K06X00A  C2006 12 01.43365 09 49 28.30 +03 23 48.9          19.9 Vrt0908703
Y9063K06X00A  C2006 12 01.44145 09 49 29.46 +03 23 37.3          19.5 Vrt0908703
Y9063K06X00A  C2006 12 01.44918 09 49 30.61 +03 23 24.1          18.9 Vrt0908703
Y9063K06X00A  C2006 12 01.45688 09 49 31.83 +03 23 11.1          19.1 Vrt0908703
Y9063K06X00A  C2006 12 01.46443 09 49 32.98 +03 22 59.0          19.5 Vrt0908703
Y9063K06X00A  C2006 12 01.47233 09 49 34.17 +03 22 45.7          19.3 Vrt0908703
Y9063K06X00A  C2006 12 01.48007 09 49 35.36 +03 22 33.3          19.4 Vrt0908703
Y9063K06X00A  C2006 12 02.36852809 51 53.12 +02 57 53.1          19.8  ot0908H55
Y9063K06X00A  C2006 12 02.37895709 51 54.75 +02 57 35.1          19.8  ot0908H55
Y9063K06X00A  C2006 12 02.38551909 51 55.75 +02 57 23.7          20.0  ot0908H55
Y9063K06X00A  C2006 12 03.34215 09 54 25.49 +02 30 23.4          18.6 Rrt0908448
Y9063K06X00A  C2006 12 03.35097 09 54 26.81 +02 30 09.1          19.1 Rrt0908448
Y9063K06X00A  C2006 12 03.35959 09 54 28.46 +02 29 51.6          20.4 Rrt0908448
Y9063K06X00A dC2006 12 04.46979 09 57 22.77 +01 57 55.4          19.6 Rrt0908H36
Y9063K06X00A dC2006 12 04.48386 09 57 25.13 +01 57 29.6          19.8 Rrt0908H36
Y9063K06X00A  C2006 12 13.40427 10 22 08.60 -02 45 04.8          19.6 Rrt2571734
Y9063K06X00A  C2006 12 13.40658 10 22 09.08 -02 45 10.2          19.5 Rrt2572734
Y9063K06X00A  C2006 12 13.40889 10 22 09.41 -02 45 14.8          19.1 Rrt2572734
Y9063K06X00A  C2006 12 13.41120 10 22 09.89 -02 45 19.6          19.7 Rrt2572734
Y9063K06X00A  C2006 12 13.41427 10 22 10.39 -02 45 25.4          19.7 Rrt2572734
Y9063K06X00A  C2006 12 14.42874 10 25 09.12 -03 20 36.2          19.0 Vrt2572G96
Y9063K06X00A  C2006 12 14.42927 10 25 09.19 -03 20 36.9          19.8 Vrt2572G96
Y9063K06X00A  C2006 12 14.42983 10 25 09.30 -03 20 38.0          19.0 Vrt2572G96
Y9063K06X00A  C2006 12 14.43036 10 25 09.40 -03 20 39.3          19.2 Vrt2572G96
Y9063K06X00A  C2006 12 16.41622 10 31 05.94 -04 31 22.3          19.5 Vrt2572703
Y9063K06X00A  C2006 12 16.42628 10 31 07.76 -04 31 45.2          19.0 Vrt2572703
Y9063K06X00A  C2006 12 16.43638 10 31 09.52 -04 32 07.6          19.0 Vrt2572703
Y9063K06X00A  C2006 12 16.48765 10 31 18.69 -04 33 59.1          19.1 Vrt2572G96
Y9063K06X00A  C2006 12 16.49284 10 31 19.63 -04 34 10.5          19.2 Vrt2572G96
Y9063K06X00A  C2006 12 16.49794 10 31 20.53 -04 34 21.7          19.1 Vrt2572G96
Y9063K06X00A  C2006 12 16.50318 10 31 21.46 -04 34 33.1          19.1 Vrt2572G96
Y9063K06X00A  C2006 12 16.54177 10 31 28.34 -04 35 57.0          19.1 Vrt2572G96
Y9063K06X00A  C2006 12 16.54265 10 31 28.48 -04 35 58.9          19.2 Vrt2572G96
Y9063K06X00A  C2006 12 16.54353 10 31 28.66 -04 36 00.9          19.1 Vrt2572G96
Y9063K06X00A  C2006 12 16.54442 10 31 28.81 -04 36 02.7          19.2 Vrt2572G96
Y9063K06X00A  C2006 12 21.47985 10 47 00.63 -07 43 14.3          18.8 Vrt2572703
Y9063K06X00A  C2006 12 21.48645 10 47 01.96 -07 43 29.3          18.9 Vrt2572703
Y9063K06X00A  C2006 12 21.49303 10 47 03.26 -07 43 45.6          18.9 Vrt2572703
Y9063K06X00A  C2006 12 21.49962 10 47 04.34 -07 44 00.8          18.6 Vrt2572703
Y9063K06X00A  C2006 12 24.04762 10 55 34.00 -09 26 54.0                ct2572246
Y9063K06X00A  C2006 12 24.04826 10 55 34.15 -09 26 55.3                ct2572246
Y9063K06X00A  C2006 12 24.04894 10 55 34.31 -09 26 56.6                ct2572246
Y9063K06X00A  C2006 12 24.04976 10 55 34.44 -09 26 58.2                ct2572246
Y9063K06X00A  C2006 12 24.05047 10 55 34.58 -09 27 00.3                ct2572246
Y9063K06X00A  C2006 12 24.05120 10 55 34.75 -09 27 02.4                ct2572246
Y9063K06X00A  C2006 12 24.05212 10 55 34.96 -09 27 04.5                ct2572246
Y9063K06X00A  C2006 12 24.05288 10 55 35.08 -09 27 06.4                ct2572246
Y9063K06X00A  C2006 12 24.39767 10 56 45.68 -09 41 17.6          18.3 Rrt2572448
Y9063K06X00A  C2006 12 24.40598 10 56 47.27 -09 41 37.0          18.6 Rrt2572448
Y9063K06X00A  C2006 12 27.14529 11 06 22.52 -11 37 29.6                ct2572246
Y9063K06X00A  C2006 12 27.14598 11 06 22.67 -11 37 31.1                ct2572246
Y9063K06X00A  C2006 12 27.14654 11 06 22.79 -11 37 32.9                ct2572246
Y9063K06X00A  C2006 12 27.14716 11 06 22.91 -11 37 34.2                ct2572246
Y9063K06X00A  C2006 12 27.14816 11 06 23.15 -11 37 37.2                ct2572246
Y9063K06X00A  C2006 12 27.14874 11 06 23.24 -11 37 38.5                ct2572246
Y9063K06X00A  C2006 12 28.10104 11 09 50.16 -12 18 59.1                ct2572246
Y9063K06X00A  C2006 12 28.10245 11 09 50.45 -12 19 02.9                ct2572246
Y9063K06X00A  C2006 12 28.10326 11 09 50.59 -12 19 04.8                ct2572246
Y9063K06X00A  C2006 12 28.10444 11 09 50.80 -12 19 08.4                ct2572246
Y9063K06X00A  C2006 12 28.10505 11 09 50.99 -12 19 09.9                ct2572246
Y9063K06X00A  C2006 12 28.10569 11 09 51.13 -12 19 11.8                ct2572246
Y9063K06X00A  C2006 12 30.10691 11 17 17.49 -13 47 52.5                ct2572246
Y9063K06X00A  C2006 12 30.10815 11 17 17.81 -13 47 55.3                ct2572246
Y9063K06X00A  C2006 12 30.10888 11 17 17.99 -13 47 57.7                ct2572246
Y9063K06X00A  C2006 12 30.10959 11 17 18.12 -13 47 59.5                ct2572246
Y9063K06X00A  C2006 12 30.11016 11 17 18.23 -13 48 01.2                ct2572246
Y9063K06X00A  C2006 12 30.11078 11 17 18.37 -13 48 02.8                ct2572246
Y9063K06X00A  C2007 01 05.46373 11 42 57.49 -18 43 44.0          17.9 Rrt2572448
Y9063K06X00A  C2007 01 05.46905 11 42 58.70 -18 43 59.6          19.4 Rrt2572448
Y9063K06X00A  C2007 01 05.47438 11 43 00.16 -18 44 14.2          18.2 Rrt2572448
Y9063K06X00A  C2007 01 10.44026 12 05 35.09 -22 46 19.0          18.3 Rrt5579448
Y9063K06X00A  C2007 01 10.44941 12 05 37.66 -22 46 45.9          18.9 Rrt5579448
Y9063K06X00A  C2007 01 10.45856 12 05 40.29 -22 47 13.0          18.4 Rrt5579448
Y9063K06X00A  C2007 01 28.67759 13 52 45.01 -36 40 52.8          18.4 Vrt8203E12
Y9063K06X00A  C2007 01 28.69068 13 52 50.44 -36 41 22.6          18.3 Vrt8203E12
Y9063K06X00A  C2007 01 28.70382 13 52 55.81 -36 41 52.1          18.0 Vrt8203E12
Y9063K06X00A  C2007 01 28.71698 13 53 01.24 -36 42 22.2          18.1 Vrt8203E12
Y9063K06X00A FC2007 03 19.62326 19 10 31.21 -34 03 36.4                ou4646474
Y9063K06X00A  C2007 03 19.62604 19 10 31.90 -34 03 32.1          17.8 Rou4646474
Y9063K06X00A  C2007 03 19.62882 19 10 32.51 -34 03 26.8          17.4 Rou4646474
Y9063K06X00A  C2007 03 19.63229 19 10 33.27 -34 03 22.4          18.0 Rou4646474
Y9063K06X00A  C2007 04 26.39795 20 47 22.31 -18 26 36.6          18.4 Rru8129448
Y9063K06X00A  C2007 04 26.40534 20 47 22.93 -18 26 26.3          18.8 Rru8129448
Y9063K06X00A  C2007 04 26.41193 20 47 23.45 -18 26 17.4          19.4 Rru8129448
Y9063K06X00A  C2007 05 04.44516 20 57 39.38 -15 34 40.8          19.1 Rru9003448
Y9063K06X00A  C2007 05 04.45307 20 57 39.87 -15 34 31.3          19.4 Rru9003448
Y9063K06X00A  C2007 05 04.46171 20 57 40.55 -15 34 19.7          19.6 Rru9003448
Y9063K06X00A  C2007 05 13.43982 21 05 21.94 -12 38 19.1          19.1 Rru9003448
Y9063K06X00A  C2007 05 13.44843 21 05 22.21 -12 38 09.4          19.4 Rru9003448
Y9063K06X00A  C2007 05 13.45705 21 05 22.51 -12 37 59.7          19.1 Rru9003448
Y9063K06X00A  C2007 05 20.41567 21 08 30.69 -10 34 12.3          19.1 Vrv0167703
Y9063K06X00A  C2007 05 20.42441 21 08 30.76 -10 34 01.7          18.8 Vrv0167703
Y9063K06X00A  C2007 05 20.43316 21 08 30.87 -10 33 53.5          19.1 Vrv0167703
Y9063K06X00A  C2007 05 20.44184 21 08 31.05 -10 33 44.7          18.9 Vrv0167703
Y9063K06X00A  C2007 06 18.31664020 54 37.02 -04 22 46.9          19.5  ov1071H55
Y9063K06X00A  C2007 06 18.31985320 54 36.80 -04 22 45.6          19.6  ov1071H55
Y9063K06X00A  C2007 06 18.32310420 54 36.53 -04 22 44.1          19.7  ov1071H55
Y9063K06X00A  C2007 06 18.32476020 54 36.41 -04 22 43.3          19.8  ov1071H55
Y9063K06X00A  C2007 06 18.32795920 54 36.16 -04 22 41.6          19.8  ov1071H55
Y9063K06X00A  C2007 06 18.32956820 54 36.04 -04 22 40.8          19.8  ov1071H55
Y9063K06X00A  C2007 07 02.27596220 34 31.27 -03 05 47.0          18.8  ov1550H55
Y9063K06X00A  C2007 07 02.27786320 34 31.09 -03 05 46.5          18.7  ov1550H55
Y9063K06X00A  C2007 07 02.27978620 34 30.85 -03 05 46.2          19.0  ov1550H55
Y9063K06X00A  C2007 07 02.28400720 34 30.46 -03 05 45.4          19.0  ov1550H55
Y9063K06X00A  C2007 07 02.28542820 34 30.32 -03 05 45.3          18.9  ov1550H55
Y9063K06X00A  C2007 07 06.97204 20 26 44.69 -02 56 19.2          18.6 Vov1851198
Y9063K06X00A  C2007 07 06.97522 20 26 44.36 -02 56 19.0          18.7 Vov1851198
Y9063K06X00A  C2007 07 06.97629 20 26 44.25 -02 56 19.0          18.7 Vov1851198
Y9063K06X00A  C2007 07 06.97735 20 26 44.14 -02 56 19.0          18.6 Vov1851198
Y9063K06X00A  C2007 07 06.97841 20 26 44.03 -02 56 19.0          18.7 Vov1851198
Y9063K06X00A  C2007 07 13.01541 20 16 33.03 -02 55 34.4          18.5  rv1851130
Y9063K06X00A  C2007 07 13.01831 20 16 32.74 -02 55 34.9          18.8  rv1851130
Y9063K06X00A  C2007 07 13.02142 20 16 32.42 -02 55 34.6          18.9  rv1851130
Y9063K06X00A  C2007 07 13.02413 20 16 32.12 -02 55 35.2          18.7  rv1851130
Y9063K06X00A  C2007 07 14.89339 20 13 25.25 -02 57 46.8          18.7 Vrv2031A13
Y9063K06X00A  C2007 07 14.91190 20 13 23.37 -02 57 48.5          18.7 Vrv2031A13
Y9063K06X00A  C2007 07 14.91460 20 13 23.09 -02 57 48.9          18.6 Vrv2031A13
Y9063K06X00A  C2007 07 15.92816 20 11 42.52 -02 59 27.5          18.8 Vrv2031A13
Y9063K06X00A  C2007 07 15.94661 20 11 40.71 -02 59 29.3          18.7 Vrv2031A13
Y9063K06X00A  C2007 07 17.38495 20 09 19.13 -03 02 18.1          18.6 Rrv2031H45
Y9063K06X00A  C2007 07 17.38616 20 09 19.01 -03 02 18.5          18.4 Rrv2031H45
Y9063K06X00A  C2007 07 17.38737 20 09 18.88 -03 02 18.4          18.4 Rrv2031H45
Y9063K06X00A  C2007 07 17.38871 20 09 18.73 -03 02 18.5          18.6 Rrv2031H45
Y9063K06X00A  C2007 07 17.38980 20 09 18.62 -03 02 18.5          18.3 Rrv2031H45
Y9063K06X00A  C2007 07 19.35485 20 06 09.63 -03 07 07.0          18.7 Rrv2031H45
Y9063K06X00A  C2007 07 19.35657 20 06 09.46 -03 07 07.4          18.7 Rrv2031H45
Y9063K06X00A  C2007 07 19.35784 20 06 09.34 -03 07 07.4          18.9 Rrv2031H45
Y9063K06X00A  C2007 07 19.35910 20 06 09.19 -03 07 07.8          18.8 Rrv2031H45
Y9063K06X00A  C2007 07 24.36507 19 58 31.66 -03 23 34.9          19.0 Rrv2289H45
Y9063K06X00A  C2007 07 24.37079 19 58 31.13 -03 23 36.4          18.8 Rrv2289H45
Y9063K06X00A  C2007 07 24.37208 19 58 31.04 -03 23 36.8          18.8 Rrv2289H45
Y9063K06X00A  C2007 07 24.37350 19 58 30.92 -03 23 37.2          18.9 Rrv2289H45
Y9063K06X00A  C2007 07 24.37502 19 58 30.80 -03 23 37.3          19.0 Rrv2289H45
Y9063K06X00A  C2007 07 24.37631 19 58 30.68 -03 23 37.5          18.9 Rrv2289H45
Y9063K06X00A  C2007 08 03.21162319 45 49.32 -04 09 13.5          19.7 Vov2438H55
Y9063K06X00A  C2007 08 03.21680219 45 48.98 -04 09 14.9          19.5 Vov2438H55
Y9063K06X00A  C2007 08 03.22318019 45 48.57 -04 09 16.9          19.4 Vov2438H55
Y9063K06X00A  C2008 08 28.29635 00 59 29.84 +19 26 56.1          23.1  oz5240H55
Y9063K06X00A  C2008 08 28.32147 00 59 28.98 +19 26 54.6          23.1  oz5240H55
Y9063K06X00A  C2008 08 28.34693 00 59 28.08 +19 26 53.1          23.0  oz5240H55
Y9063K06X00A  C2008 08 30.30098 00 58 17.83 +19 24 31.5          22.9  oz5240H55
Y9063K06X00A  C2008 08 30.32487 00 58 16.93 +19 24 29.9          22.9  oz5240H55
Y9063K06X00A  C2008 08 30.35015 00 58 15.93 +19 24 27.5          22.8  oz5240H55
Y9063K06X00A  C2009 09 20.42422 05 13 49.30 +26 22 32.6                o~09Kr291
Y9063K06X00A  C2009 09 20.43388 05 13 49.76 +26 22 32.5                o~09Kr291
Y9063K06X00A  C2009 09 20.44345 05 13 50.19 +26 22 32.6                o~09Kr291
Y9063K06X00A HC2009 11 09.42628 05 20 36.93 +24 55 55.8          20.5 Vo~0Ayu691
Y9063K06X00A HC2009 11 09.44350 05 20 36.15 +24 55 51.2                o~0Ayu691
Y9063K06X00A HC2009 11 09.46070 05 20 35.37 +24 55 47.5                o~0Ayu691
Y9063K06X00A  C2009 11 09.49623 05 20 33.72 +24 55 38.4          20.0 Vr~0AyuG96
Y9063K06X00A  C2009 11 09.50391 05 20 33.36 +24 55 37.2          20.0 Vr~0AyuG96
Y9063K06X00A  C2009 11 09.51141 05 20 33.03 +24 55 35.5          20.3 Vr~0AyuG96
Y9063K06X00A  C2009 11 09.51898 05 20 32.67 +24 55 32.8          20.3 Vr~0AyuG96
Y9063K06X00A  C2009 11 17.32164 05 13 34.37 +24 19 47.9          20.4 Vo~0BHK691
Y9063K06X00A  C2009 11 17.33936 05 13 33.22 +24 19 42.8          20.4 Vo~0BHK691
Y9063K06X00A  C2009 11 17.35708 05 13 32.05 +24 19 36.8          20.5 Vo~0BHK691
Y9063K06X00A HC2009 11 21.33964 05 09 02.36 +23 57 44.4          20.5 Vo~0BhS691
Y9063K06X00A HC2009 11 21.35741 05 09 01.01 +23 57 37.9          20.5 Vo~0BhS691
Y9063K06X00A HC2009 11 21.37517 05 08 59.65 +23 57 31.9          20.5 Vo~0BhS691
Y9063K06X00A HC2009 11 25.33671 05 03 57.18 +23 33 07.9          20.6 Vo~0BhS691
Y9063K06X00A HC2009 11 25.35452 05 03 55.71 +23 33 00.6                o~0BhS691
Y9063K06X00A  C2009 12 04.26118004 50 54.41 +22 28 26.4          19.8 Vo~0C8FH21
Y9063K06X00A  C2009 12 04.26408104 50 54.11 +22 28 25.2          19.9 Vo~0C8FH21
Y9063K06X00A  C2009 12 04.26756504 50 53.73 +22 28 23.7          20.0 Vo~0C8FH21
Y9063K06X00A  C2009 12 10.20634 04 41 21.94 +21 38 26.8          19.1 Vr~0CJRG96
Y9063K06X00A  C2009 12 10.21396 04 41 21.15 +21 38 22.8          19.0 Vr~0CJRG96
Y9063K06X00A  C2009 12 10.22315 04 41 20.22 +21 38 18.0          19.1 Vr~0CJRG96
Y9063K06X00A  C2009 12 10.23198 04 41 19.32 +21 38 13.3          19.1 Vr~0CJRG96
Y9063K06X00A  C2009 12 11.29716 04 39 34.38 +21 28 45.9          19.9 Vr~0CJR703
Y9063K06X00A  C2009 12 11.30436 04 39 33.66 +21 28 42.4          19.3 Vr~0CJR703
Y9063K06X00A  C2009 12 11.31160 04 39 32.94 +21 28 38.3          19.3 Vr~0CJR703
Y9063K06X00A  C2009 12 11.31882 04 39 32.14 +21 28 34.2          18.9 Vr~0CJR703
Y9063K06X00A  C2009 12 15.31249 04 32 59.35 +20 52 04.4          19.3 Vr~0CJRG96
Y9063K06X00A  C2009 12 15.31869 04 32 58.74 +20 52 00.6          19.2 Vr~0CJRG96
Y9063K06X00A  C2009 12 15.32477 04 32 58.12 +20 51 57.3          19.0 Vr~0CJRG96
Y9063K06X00A  C2009 12 15.33101 04 32 57.48 +20 51 53.8          19.3 Vr~0CJRG96
Y9063K06X00A  C2010 01 13.14281 03 56 32.06 +16 35 13.2          19.6  c~0D4L704
Y9063K06X00A  C2010 01 13.15476 03 56 31.52 +16 35 07.9          19.9  c~0D4L704
Y9063K06X00A  C2010 01 13.16693 03 56 31.06 +16 35 04.0          20.0  c~0D4L704
Y9063K06X00A  C2010 01 13.17897 03 56 30.44 +16 34 57.8          19.9  c~0D4L704
Y9063K06X00A  c2012 10 22.54228303 26 42.611+25 45 41.74         21.6 wL~0kHQF51
Y9063K06X00A  c2012 10 22.55686703 26 41.733+25 45 38.05         21.6 wL~0kHQF51
Y9063K06X00A  c2012 10 22.57130403 26 40.857+25 45 34.68         21.6 wL~0kHQF51
Y9063K06X00A  c2012 10 22.58577803 26 39.990+25 45 31.19         21.6 wL~0kHQF51
Y9063K06X00A HC2012 12 05.09986 02 35 40.41 +20 39 46.1                o~0m6J691
Y9063K06X00A HC2012 12 05.17692 02 35 35.69 +20 39 07.3                o~0m6J691
Y9063K06X00A HC2012 12 05.23779 02 35 32.01 +20 38 36.7                o~0m6J691
