     K06C10N  C2006 01 06.40349309 09 31.104+12 51 46.12         21.45r ~0b2U645
     K06C10N  C2006 01 06.40432309 09 31.150+12 51 45.90                ~0b2U645
     K06C10N  C2006 01 06.40681009 09 31.282+12 51 44.42                ~0b2U645
     K06C10N* C2006 02 07.30057 09 50 02.83 +06 13 54.2          19.2 Vrq3017703
     K06C10N  C2006 02 07.30696 09 50 03.51 +06 13 46.8          19.0 Vrq3017703
     K06C10N  C2006 02 07.31340 09 50 04.09 +06 13 38.7          18.6 Vrq3017703
     K06C10N  C2006 02 07.31982 09 50 04.74 +06 13 33.0          18.7 Vrq3017703
     K06C10N  C2006 02 07.32758 09 50 05.56 +06 13 24.7          18.9 Vrq3017703
     K06C10N  C2006 02 07.33442 09 50 06.36 +06 13 18.1          18.4 Vrq3017703
     K06C10N  C2006 02 07.34124 09 50 06.86 +06 13 12.0          18.2 Vrq3017703
     K06C10N  C2006 02 07.95292 09 51 15.66 +06 01 50.8                cq3017595
     K06C10N  C2006 02 07.97236 09 51 17.71 +06 01 28.7          18.9 Vcq3017595
     K06C10N  C2006 02 08.15710 09 51 37.35 +05 57 58.8                rq3017J95
     K06C10N  C2006 02 08.15920 09 51 37.53 +05 57 56.4          18.5 Rrq3017J95
     K06C10N 5C2006 02 08.20336 09 51 45.55 +05 57 16.4          19.2 Rcq3017673
     K06C10N  C2006 02 08.20438 09 51 44.24 +05 57 12.2          19.0 Rrq3017932
     K06C10N 5C2006 02 08.20961 09 51 46.24 +05 57 09.1                cq3017673
     K06C10N  C2006 02 08.21371 09 51 45.17 +05 57 01.8          19.0 Rrq3017932
     K06C10N 5C2006 02 08.22222 09 51 47.55 +05 56 55.4                cq3017673
     K06C10N  C2006 02 08.22301 09 51 46.13 +05 56 51.3          18.9 Rrq3017932
     K06C10N 5C2006 02 08.23044 09 51 48.42 +05 56 46.4                cq3017673
     K06C10N  C2006 02 08.23129 09 51 46.95 +05 56 41.8          19.0 Rrq3017932
     K06C10N  C2006 02 08.30230 09 51 55.51 +05 55 26.8          19.1 Vrq3017703
     K06C10N  C2006 02 08.30727 09 51 56.04 +05 55 22.5          18.7 Vrq3017703
     K06C10N  C2006 02 08.32720 09 51 58.10 +05 55 00.4          18.1 Vrq3017703
     K06C10N  C2006 02 08.34516 09 51 59.90 +05 54 39.6          18.9 Vrq3017703
     K06C10N  C2006 02 08.34806 09 52 00.19 +05 54 36.3          18.5 Vrq3017703
     K06C10N  C2006 02 08.35097 09 52 00.51 +05 54 33.4          18.9 Vrq3017703
     K06C10N  C2006 02 08.35384 09 52 00.76 +05 54 29.6          18.8 Vrq3017703
     K06C10N 5C2006 02 09.20914 09 53 42.93 +05 38 11.9          19.0 Rcq3017673
     K06C10N 5C2006 02 09.21447 09 53 43.51 +05 38 06.0                cq3017673
     K06C10N 5C2006 02 09.22188 09 53 44.30 +05 37 57.6                cq3017673
     K06C10N 5C2006 02 09.23090 09 53 45.30 +05 37 47.1                cq3017673
     K06C10N  C2006 02 10.95058 09 57 17.22 +05 03 29.0                rq3337J95
     K06C10N  C2006 02 10.95607 09 57 17.90 +05 03 21.9          18.3 Rrq3337J95
     K06C10N  C2006 02 15.94328 10 09 13.16 +03 11 54.7                rq3337J95
     K06C10N  C2006 02 16.00690 10 09 22.59 +03 10 21.4                rq3337J95
     K06C10N  C2006 02 16.01072 10 09 23.17 +03 10 15.7                rq3337J95
     K06C10N  C2006 02 16.01532 10 09 23.85 +03 10 09.2          18.5 Rrq3337J95
     K06C10N  C2006 02 20.18151 10 21 41.10 +01 20 31.0          18.2 Rrq3967932
     K06C10N  C2006 02 20.19770 10 21 43.98 +01 20 03.5          18.1 Rrq3967932
     K06C10N  C2006 02 20.20404 10 21 45.12 +01 19 52.8          18.3 Rrq3967932
     K06C10N  C2006 02 22.28859 10 28 51.13 +00 18 39.2          18.0 Vrq3967703
     K06C10N  C2006 02 22.29556 10 28 52.46 +00 18 26.4          17.8 Vrq3967703
     K06C10N  C2006 02 22.30257 10 28 53.86 +00 18 13.7          17.8 Vrq3967703
     K06C10N  C2006 02 22.30962 10 28 55.23 +00 18 00.8          17.9 Vrq3967703
     K06C10N  C2006 02 22.33595 10 29 00.50 +00 17 10.9          17.5 Roq3967699
     K06C10N  C2006 02 22.35606 10 29 04.38 +00 16 33.9                oq3967699
     K06C10N  C2006 02 22.37616 10 29 08.30 +00 15 57.0                oq3967699
     K06C10N  C2006 02 22.39624 10 29 12.32 +00 15 19.9                oq3967699
     K06C10N  C2006 02 23.34453 10 32 41.58 -00 14 09.7          17.9  cq3967704
     K06C10N  C2006 02 23.36828 10 32 46.45 -00 14 54.0          18.0  cq3967704
     K06C10N  C2006 02 23.38015 10 32 48.89 -00 15 17.1          18.2  cq3967704
     K06C10N  C2006 02 23.39202 10 32 51.38 -00 15 39.2          17.9  cq3967704
     K06C10N  C2006 02 26.34373 10 44 43.67 -01 53 52.0          17.5  cq5197704
     K06C10N  C2006 02 26.35551 10 44 46.46 -01 54 16.6          17.9  cq5197704
     K06C10N  C2006 02 26.36729 10 44 49.29 -01 54 41.2          17.7  cq5197704
     K06C10N  C2006 02 26.37908 10 44 52.07 -01 55 05.9          17.6  cq5197704
     K06C10N  C2006 02 26.39085 10 44 54.90 -01 55 30.1          17.7  cq5197704
     K06C10N  C2006 02 28.27965 10 53 25.34 -03 03 25.5          17.3  cq5197704
     K06C10N  C2006 02 28.29200 10 53 28.62 -03 03 54.0          17.6  cq5197704
     K06C10N  C2006 02 28.30385 10 53 31.67 -03 04 19.6          17.5  cq5197704
     K06C10N  C2006 02 28.31562 10 53 34.69 -03 04 46.1          17.6  cq5197704
     K06C10N  C2006 02 28.32774 10 53 37.82 -03 05 12.6          17.8  cq5197704
     K06C10N  C2006 02 28.88836 10 56 19.37 -03 26 18.3          17.0 Vcq7156A48
     K06C10N  C2006 02 28.89208 10 56 20.45 -03 26 26.5          17.2 Vcq7156A48
     K06C10N  C2006 02 28.89582 10 56 21.42 -03 26 34.8          17.2 Vcq7156A48
     K06C10N  C2006 03 02.01354 11 01 48.97 -04 09 17.9                oq6205204
     K06C10N  C2006 03 02.01569 11 01 49.53 -04 09 23.2                oq6205204
     K06C10N  C2006 03 02.01791 11 01 50.19 -04 09 28.4                oq6205204
     K06C10N  C2006 03 02.02021 11 01 50.83 -04 09 33.7                oq6205204
     K06C10N  C2006 03 02.02264 11 01 51.52 -04 09 39.4          17.2 Roq6205204
     K06C10N  C2006 03 03.24000 11 08 10.92 -04 57 27.3          17.6  cq5197704
     K06C10N  C2006 03 03.25267 11 08 14.67 -04 57 57.8          17.9  cq5197704
     K06C10N  C2006 03 03.26554 11 08 18.48 -04 58 28.6          17.9  cq5197704
     K06C10N  C2006 03 03.27782 11 08 22.09 -04 58 58.5          17.7  cq5197704
     K06C10N  C2006 03 04.66856 11 15 55.28 -05 55 32.6          17.5 Vrq6205379
     K06C10N  C2006 03 04.67455 11 15 57.16 -05 55 47.9          17.9 Vrq6205379
     K06C10N  C2006 03 04.67655 11 15 57.75 -05 55 51.8          17.8 Vrq6205379
     K06C10N  C2006 03 04.84073 11 16 56.32 -06 02 44.4          20.5  iq7156071
     K06C10N  C2006 03 04.84421 11 16 57.64 -06 02 54.4          20.5  iq7156071
     K06C10N  C2006 03 05.41861 11 20 12.75 -06 26 30.7          18.1  cq6205608
     K06C10N  C2006 03 05.42958 11 20 16.27 -06 26 58.0          18.1  cq6205608
     K06C10N  C2006 03 05.44021 11 20 19.62 -06 27 24.7          18.0  cq6205608
     K06C10N  C2006 03 06.91349 11 29 04.48 -07 30 14.4                rq6205203
     K06C10N  C2006 03 06.94396 11 29 15.01 -07 31 34.1                rq6205203
     K06C10N  C2006 03 11.51870 11 59 11.84 -10 50 01.3          17.5 Vrq6205428
     K06C10N  C2006 03 11.52416 11 59 13.96 -10 50 16.3          17.7 Vrq6205428
     K06C10N  C2006 03 11.52689 11 59 15.05 -10 50 23.6          17.5 Vrq6205428
     K06C10N  C2006 03 24.34618 13 34 33.99 -18 47 14.4          17.7 Vrq7156703
     K06C10N  C2006 03 24.35341 13 34 36.91 -18 47 25.9          17.6 Vrq7156703
     K06C10N  C2006 03 24.36066 13 34 39.86 -18 47 37.2          17.6 Vrq7156703
     K06C10N  C2006 03 24.36787 13 34 42.78 -18 47 48.5          17.7 Vrq7156703
     K06C10N  C2006 03 25.35249 13 41 44.82 -19 12 18.2          17.8 Rrq7156H45
     K06C10N  C2006 03 25.35441 13 41 45.55 -19 12 22.5          17.8 Rrq7156H45
     K06C10N  C2006 03 25.35623 13 41 46.30 -19 12 25.3          17.9 Rrq7156H45
     K06C10N  C2006 03 25.35899 13 41 47.31 -19 12 29.6          18.0 Rrq7156H45
     K06C10N  C2006 03 25.39093 13 42 01.94 -19 13 14.2          17.6 Roq7156644
     K06C10N  C2006 03 25.41126 13 42 10.00 -19 13 42.7          17.4 Roq7156644
     K06C10N  C2006 03 25.43156 13 42 18.01 -19 14 11.2          17.6 Roq7157644
     K06C10N  C2006 03 26.33037 13 48 36.33 -19 34 39.1          18.1 Rrq7157H45
     K06C10N  C2006 03 26.33235 13 48 37.24 -19 34 40.2          18.0 Rrq7157H45
     K06C10N  C2006 03 26.33457 13 48 37.94 -19 34 45.1          18.1 Rrq7157H45
     K06C10N  C2006 03 26.33713 13 48 38.99 -19 34 47.8          18.1 Rrq7157H45
     K06C10N  C2006 04 06.38033 14 52 10.35 -21 45 45.5          18.8  cq8267704
     K06C10N  C2006 04 06.39010 14 52 12.65 -21 45 48.5          18.9  cq8267704
     K06C10N  C2006 04 06.39988 14 52 15.09 -21 45 49.1          18.9  cq8267704
     K06C10N  C2006 04 06.41946 14 52 19.87 -21 45 55.0          18.8  cq8267704
     K06C10N 1C2006 04 28.11991 15 46 25.71 -20 57 14.2          17.8 Ror3596807
     K06C10N 1C2006 04 28.18703 15 46 28.82 -20 56 58.2                or3596807
     K06C10N  C2006 04 30.44873 15 48 27.57 -20 46 46.1          19.3 Rrr0865448
     K06C10N  C2006 04 30.45774 15 48 27.84 -20 46 43.4          18.8 Rrr0865448
     K06C10N  C2006 04 30.46731 15 48 28.21 -20 46 40.1          18.8 Rrr0865448
     K06C10N  C2006 05 09.29800 15 53 05.89 -20 06 05.6          19.2 Vrr1402G96
     K06C10N  C2006 05 09.30389 15 53 05.92 -20 06 04.0          19.0 Vrr1402G96
     K06C10N  C2006 05 09.30991 15 53 05.96 -20 06 02.5          18.8 Vrr1402G96
     K06C10N  C2006 05 09.31559 15 53 06.00 -20 06 01.2          19.1 Vrr1402G96
     K06C10N  C2006 05 19.33935 15 54 41.68 -19 28 30.9          19.2 Vrr1627G96
     K06C10N  C2006 05 19.34758 15 54 41.65 -19 28 29.6          19.1 Vrr1627G96
     K06C10N  C2006 05 19.35575 15 54 41.61 -19 28 27.5          19.1 Vrr1627G96
     K06C10N  C2006 05 19.36392 15 54 41.54 -19 28 26.1          19.2 Vrr1627G96
     K06C10N  C2006 05 20.36288 15 54 45.41 -19 25 21.5          19.9 Vcr2061691
     K06C10N  C2006 05 20.38022 15 54 45.31 -19 25 18.0          19.8 Vcr2061691
     K06C10N  C2006 05 20.39750 15 54 45.21 -19 25 14.5          19.9 Vcr2061691
