     K06W29Z* C2006 11 23.38837 04 03 11.52 +10 16 11.9          20.8 Vrt0748G96
     K06W29Z  C2006 11 23.39429 04 03 12.49 +10 16 09.3          21.2 Vrt0748G96
     K06W29Z  C2006 11 23.40022 04 03 13.46 +10 16 06.8          21.4 Vrt0748G96
     K06W29Z  C2006 11 23.40616 04 03 14.36 +10 16 05.1          21.5 Vrt0748G96
     K06W29Z  C2006 11 23.43872 04 03 19.58 +10 15 51.9          20.8 Vrt0748G96
     K06W29Z  C2006 11 23.44216 04 03 20.19 +10 15 50.6          20.7 Vrt0748G96
     K06W29Z  C2006 11 23.44564 04 03 20.73 +10 15 48.7          20.8 Vrt0748G96
     K06W29Z  C2006 11 23.44911 04 03 21.33 +10 15 47.5          20.9 Vrt0748G96
     K06W29Z  C2006 11 24.35335 04 05 57.56 +10 10 54.6                dt0748291
     K06W29Z  C2006 11 24.35760 04 05 58.15 +10 10 53.9                dt0748291
     K06W29Z  C2006 11 24.35831 04 05 58.23 +10 10 52.0          22.1 Vrt0748G96
     K06W29Z  C2006 11 24.36144 04 05 58.71 +10 10 52.1                dt0748291
     K06W29Z  C2006 11 24.36443 04 05 59.10 +10 10 49.3          21.1 Vrt0748G96
     K06W29Z  C2006 11 24.37059 04 05 59.96 +10 10 47.8          21.5 Vrt0748G96
     K06W29Z  C2006 11 24.37677 04 06 00.82 +10 10 46.1          22.1 Vrt0748G96
     K06W29Z  C2006 11 25.27819 04 08 23.31 +10 06 33.9          22.1 Vrt0748G96
     K06W29Z  C2006 11 25.29103 04 08 24.92 +10 06 31.1          20.9 Vrt0748G96
     K06W29Z HC2006 11 26.36458 04 10 55.13 +10 02 20.8                dt0748291
     K06W29Z HC2006 11 26.36861 04 10 55.70 +10 02 20.2                dt0748291
     K06W29Z HC2006 11 26.37261 04 10 56.12 +10 02 20.7                dt0748291
     K06W29Z HC2006 11 27.17535 04 12 43.93 +09 59 42.7                dt0748291
     K06W29Z HC2006 11 27.17928 04 12 44.34 +09 59 42.6                dt0748291
     K06W29Z HC2006 11 27.18302 04 12 44.82 +09 59 42.4                dt0748291
