     K06K21Q* C2006 05 23.25300 15 25 00.02 -08 18 58.1          20.9 Vcr2172691
     K06K21Q  C2006 05 23.27029 15 24 58.70 -08 18 50.6          21.1 Vcr2172691
     K06K21Q  C2006 05 23.28758 15 24 57.39 -08 18 42.8          20.9 Vcr2172691
     K06K21Q  C2006 05 23.37415 15 24 50.72 -08 18 05.3          21.4 Vdr2172291
     K06K21Q  C2006 05 23.37855 15 24 50.39 -08 18 03.2          21.4 Vdr2172291
     K06K21Q  C2006 05 23.38228 15 24 50.10 -08 18 01.5          21.6 Vdr2172291
     K06K21Q  C2006 05 24.26760 15 23 44.94 -08 11 36.9          21.8 Vdr2172291
     K06K21Q  C2006 05 24.27152 15 23 44.62 -08 11 35.3          21.6 Vdr2172291
     K06K21Q  C2006 05 24.27538 15 23 44.32 -08 11 33.5          21.8 Vdr2172291
     K06K21Q  C2006 05 24.36583 15 23 37.32 -08 10 55.2          20.9 Vrr2172G96
     K06K21Q  C2006 05 24.37153 15 23 36.92 -08 10 52.8          21.0 Vrr2172G96
     K06K21Q  C2006 05 24.37718 15 23 36.45 -08 10 50.2          20.9 Vrr2172G96
     K06K21Q  C2006 05 24.38287 15 23 36.06 -08 10 47.8          20.8 Vrr2172G96
     K06K21Q  C2006 05 25.31384 15 22 27.49 -08 04 10.0          21.5 Vdr2172291
     K06K21Q  C2006 05 25.31898 15 22 27.08 -08 04 08.0          21.7 Vdr2172291
     K06K21Q  C2006 05 25.32284 15 22 26.78 -08 04 06.5          21.8 Vdr2172291
     K06K21Q  C2006 05 26.27894 15 21 16.48 -07 57 25.7                dr2172291
     K06K21Q  C2006 05 26.28280 15 21 16.17 -07 57 24.4                dr2172291
     K06K21Q  C2006 05 26.28688 15 21 15.87 -07 57 22.6                dr2172291
     K06K21Q  C2006 05 30.29130 15 16 25.06 -07 30 51.4          22.1 Vds2986291
     K06K21Q  C2006 05 30.29494 15 16 24.77 -07 30 50.4          22.3 Vds2986291
     K06K21Q HC2006 05 30.29898 15 16 24.48 -07 30 48.1                ds2986291
     K06K21Q 1C2006 06 05.29690 15 09 32.82 -06 56 18.0                 r3619F65
     K06K21Q 1C2006 06 05.29822 15 09 32.73 -06 56 17.6                 r3619F65
     K06K21Q 1C2006 06 05.30088 15 09 32.53 -06 56 16.9                 r3619F65
     K06K21Q  C2006 06 17.29318 14 58 19.06 -06 10 50.5          21.8 Vdr3988291
     K06K21Q  C2006 06 17.30155 14 58 18.65 -06 10 49.5          21.7 Vdr3988291
     K06K21Q  C2006 06 17.30801 14 58 18.35 -06 10 48.7          21.9 Vdr3988291
     K13J29A* C2013 05 12.44115 15 33 00.661-09 30 35.78         21.4 wL~0s0TF51
     K13J29A  C2013 05 12.45440 15 32 59.703-09 30 29.66         21.2 wL~0s0TF51
     K13J29A  C2013 05 12.46764 15 32 58.749-09 30 23.28         21.2 wL~0s0TF51
     K13J29A KC2013 05 13.34548 15 31 57.36 -09 23 27.2          20.2 Ro~0s0U291
     K13J29A KC2013 05 13.34838 15 31 57.15 -09 23 26.1          20.6 Ro~0s0U291
     K13J29A KC2013 05 13.35127 15 31 56.95 -09 23 24.6          20.6 Ro~0s0U291
     K13J29A _C2013 05 13.45160615 31 49.912-09 22 35.58         20.8 Rt~0s0U568
     K13J29A _C2013 05 13.45285815 31 49.816-09 22 34.97         20.8 Rt~0s0U568
     K13J29A _C2013 05 13.45411015 31 49.730-09 22 34.43         20.8 Rt~0s0U568
     K13J29A IC2013 05 14.96933015 30 02.27 -09 10 31.7                q~0s0UK93
     K13J29A KC2013 05 14.97713915 30 01.70 -09 10 27.9          21.5 Vq~0s0UK93
     K13J29A KC2013 05 14.98494315 30 01.13 -09 10 24.2          21.1 Vq~0s0UK93
     K13J29A |C2013 05 15.20197 15 29 45.70 -09 08 42.1          21.2 Vu~0s0U807
     K13J29A |C2013 05 15.20563 15 29 45.45 -09 08 40.3          21.3 Vu~0s0U807
     K13J29A |C2013 05 15.20928 15 29 45.16 -09 08 38.6          21.0 Vu~0s0U807
     K13J29A |C2013 05 15.21291 15 29 44.86 -09 08 36.8          21.0 Vu~0s0U807
     K13J29A |C2013 05 15.21655 15 29 44.60 -09 08 35.3          21.0 Vu~0s0U807
     K13J29A _C2013 05 15.49469515 29 24.526-09 06 30.97         20.4 Rt~0s0U568
     K13J29A _C2013 05 15.49594815 29 24.428-09 06 30.39         20.4 Rt~0s0U568
     K13J29A _C2013 05 15.49719915 29 24.338-09 06 29.80         20.4 Rt~0s0U568
     K13J29A _C2013 05 15.49845015 29 24.243-09 06 29.21         20.3 Rt~0s0U568
     K13J29A _C2013 05 15.49970715 29 24.149-09 06 28.62         20.4 Rt~0s0U568
     K13J29A _C2013 05 15.50095715 29 24.056-09 06 28.01         20.2 Rt~0s0U568
     K13J29A _C2013 05 15.50227215 29 23.959-09 06 27.41         20.5 Rt~0s0U568
     K13J29A _C2013 05 15.50352615 29 23.868-09 06 26.78         20.3 Rt~0s0U568
     K13J29A _C2013 05 15.50478015 29 23.769-09 06 26.23         20.4 Rt~0s0U568
     K13J29A  C2013 05 17.27619 15 27 16.08 -08 52 40.9          20.4 Rt~0s0UH01
     K13J29A  C2013 05 17.27928 15 27 15.84 -08 52 39.3          20.4 Rt~0s0UH01
     K13J29A  C2013 05 17.29595 15 27 14.58 -08 52 31.6          20.6 Rt~0s0UH01
     K13J29A  C2013 05 17.30077 15 27 14.22 -08 52 29.4          20.6 Rt~0s0UH01
     K13J29A KC2013 05 29.38298 15 12 33.25 -07 26 20.3          20.2 Ro~0sJ8291
     K13J29A KC2013 05 29.38587 15 12 33.01 -07 26 19.0          20.2 Ro~0sJ8291
     K13J29A KC2013 05 29.38876 15 12 32.80 -07 26 18.4          20.3 Ro~0sJ8291
     K13J29A |C2013 06 11.00502 14 59 05.54 -06 21 53.9          21.1 Vu~0sfR807
     K13J29A |C2013 06 11.01046 14 59 05.22 -06 21 53.0          21.1 Vu~0sfR807
     K13J29A |C2013 06 11.01591 14 59 04.90 -06 21 52.2          21.1 Vu~0sfR807
     K13J29A  C2013 06 11.20884 14 58 54.11 -06 21 17.1          21.1 Vu~0sfRG96
     K13J29A  C2013 06 11.21338 14 58 53.84 -06 21 16.5          20.8 Vu~0sfRG96
     K13J29A  C2013 06 11.21790 14 58 53.57 -06 21 15.3          21.2 Vu~0sfRG96
     K13J29A  C2013 06 11.22255 14 58 53.30 -06 21 14.3          20.6 Vu~0sfRG96
     K13J29A KC2013 06 11.26213 14 58 51.09 -06 21 05.7          20.4 Ro~0sfR291
     K13J29A KC2013 06 11.26793 14 58 50.75 -06 21 04.5          20.5 Ro~0sfR291
     K13J29A KC2013 06 11.27372 14 58 50.43 -06 21 03.1          20.5 Ro~0sfR291
     K13J29A KC2013 06 12.18010 14 58 01.99 -06 17 51.2                o~0sfR291
     K13J29A KC2013 06 12.22025 14 57 59.76 -06 17 43.1                o~0sfR291
     K13J29A KC2013 07 28.20134 14 56 16.96 -07 49 52.3          21.1 Ro~0tK2291
     K13J29A KC2013 07 28.20857 14 56 17.32 -07 49 54.4          21.0 Ro~0tK2291
     K13J29A KC2013 07 28.21581 14 56 17.65 -07 49 57.5          20.8 Ro~0tK2291
