     K06D00V* C2006 02 20.44412 13 16 34.75 -07 27 57.6          19.5 Vrq3974703
     K06D00V  C2006 02 20.45358 13 16 36.62 -07 26 59.6          19.7 Vrq3974703
     K06D00V  C2006 02 20.46307 13 16 38.85 -07 26 02.9          18.9 Vrq3974703
     K06D00V  C2006 02 20.47252 13 16 40.72 -07 25 07.1          18.7 Vrq3974703
     K06D00V  C2006 02 20.49668 13 16 45.80 -07 22 41.0          19.6 Vrq3974703
     K06D00V  C2006 02 20.50213 13 16 46.99 -07 22 07.7          19.6 Vrq3974703
     K06D00V  C2006 02 20.50758 13 16 47.96 -07 21 35.6          18.7 Vrq3974703
     K06D00V  C2006 02 20.51294 13 16 49.26 -07 21 02.8          19.5 Vrq3974703
     K06D00V  C2006 02 22.32794 13 23 50.31 -04 02 55.9          19.2 Vrq3974703
     K06D00V  C2006 02 22.33165 13 23 51.05 -04 02 29.7          18.8 Vrq3974703
     K06D00V  C2006 02 22.33537 13 23 51.95 -04 02 04.3          19.3 Vrq3974703
     K06D00V  C2006 02 22.43888 13 24 16.45 -03 49 46.2          19.2 Vrq3974703
     K06D00V  C2006 02 22.44637 13 24 18.31 -03 48 51.1          19.0 Vrq3974703
     K06D00V  C2006 02 22.45385 13 24 20.02 -03 47 57.5          18.9 Vrq3974703
     K06D00V  C2006 02 23.34488 13 28 06.36 -01 57 07.1          18.9 Rrq3974734
     K06D00V  C2006 02 23.34668 13 28 06.88 -01 56 53.0          18.9 Rrq3974734
     K06D00V  C2006 02 23.34971 13 28 07.58 -01 56 30.8          18.5 Rrq3974734
     K06D00V  C2006 02 24.41231 13 32 54.44 +00 27 42.6          18.9 Rrq3974734
     K06D00V  C2006 02 24.41463 13 32 55.06 +00 28 01.7          19.2 Rrq3974734
     K06D00V  C2006 02 24.41696 13 32 55.74 +00 28 22.5          18.6 Rrq3974734
     K06D00V  C2006 02 24.41928 13 32 56.36 +00 28 42.6          18.5 Rrq3974734
     K06D00V  C2006 02 24.47378 13 33 11.70 +00 36 30.5          18.9 Roq3974699
     K06D00V  C2006 02 24.48835 13 33 15.56 +00 38 35.2                oq3974699
     K06D00V  C2006 02 24.50291 13 33 19.54 +00 40 40.5                oq3974699
     K06D00V tC2006 02 24.50562 13 33 20.29 +00 41 05.4          19.6 Vdq3974291
     K06D00V tC2006 02 24.50938 13 33 21.28 +00 41 37.9          19.6 Vdq3974291
     K06D00V  C2006 02 24.51749 13 33 23.55 +00 42 45.3                oq3974699
     K06D00V tC2006 02 24.52642 13 33 25.96 +00 44 03.5          19.6 Vdq3974291
     K06D00V  C2006 03 01.06560 13 58 57.59 +13 52 40.5                rq5206J95
     K06D00V  C2006 03 01.06673 13 58 58.02 +13 52 54.3                rq5206J95
     K06D00V  C2006 03 01.06784 13 58 58.48 +13 53 08.0          18.5 Rrq5206J95
     K06D00V  C2006 03 01.27656 14 00 22.55 +14 36 51.2          18.1 Rrq5206I77
     K06D00V  C2006 03 01.27914 14 00 23.53 +14 37 23.3          18.3 Rrq5206I77
     K06D00V  C2006 03 01.27939 14 00 23.60 +14 37 26.3          18.4 Rrq5207I77
     K06D00V  C2006 03 02.01591 14 05 36.85 +17 13 17.9          18.6 Voq5207198
     K06D00V  C2006 03 02.01640 14 05 37.05 +17 13 24.2          18.6 Voq5207198
     K06D00V  C2006 03 02.01659 14 05 37.13 +17 13 26.8          18.6 Voq5207198
     K06D00V  C2006 03 02.01786 14 05 37.66 +17 13 43.3          18.5 Voq5207198
     K06D00V  C2006 03 02.01796 14 05 37.70 +17 13 44.6          18.5 Voq5207198
     K06D00V  C2006 03 03.35752 14 16 01.12 +22 15 10.6          18.6 Rrq5207734
     K06D00V  C2006 03 03.35968 14 16 02.18 +22 15 40.4          18.4 Rrq5207734
     K06D00V  C2006 03 03.36183 14 16 03.22 +22 16 10.7          18.6 Rrq5207734
     K06D00V  C2006 03 03.36398 14 16 04.24 +22 16 41.0          18.7 Rrq5207734
     K06D00V  C2006 03 08.42416 15 10 19.93 +42 43 02.1          18.9  cq6214704
     K06D00V  C2006 03 08.43644 15 10 29.74 +42 45 56.0          18.4  cq6214704
     K06D00V  C2006 03 08.44870 15 10 39.69 +42 48 49.3          18.9  cq6214704
     K06D00V  C2006 03 08.46072 15 10 49.41 +42 51 39.3          18.8  cq6214704
     K06D00V  C2006 03 08.47311 15 10 59.47 +42 54 33.4          18.6  cq6214704
     K06D00V  C2006 03 12.12291 16 12 03.49 +55 32 53.7          19.0 Voq6214941
     K06D00V  C2006 03 12.12487 16 12 05.79 +55 33 14.8          18.8 Voq6214941
     K06D00V  C2006 03 12.12510 16 12 06.08 +55 33 17.2          18.9 Voq6214941
     K06D00V  C2006 03 12.12533 16 12 06.34 +55 33 19.5          18.8 Voq6214941
     K06D00V  C2006 03 12.12579 16 12 06.86 +55 33 23.5          18.8 Voq6214941
     K06D00V  C2006 03 23.86425 20 34 29.41 +66 21 38.2          20.0 Vcq7161540
     K06D00V  C2006 03 23.86896 20 34 33.99 +66 21 31.2          19.8 Vcq7161540
     K06D00V  C2006 03 23.88465 20 34 49.50 +66 21 09.9          20.3 Vcq7161540
     K06D00V  C2006 03 23.88922 20 34 53.86 +66 21 06.6          20.1 Vcq7161540
