     K06B55O* C2006 01 27.15970 04 07 27.84 +24 21 11.4          21.1 Vrq1946G96
     K06B55O  C2006 01 27.16518 04 07 27.98 +24 20 58.0          20.9 Vrq1946G96
     K06B55O  C2006 01 27.17068 04 07 28.20 +24 20 43.3          21.4 Vrq1946G96
     K06B55O  C2006 01 27.17617 04 07 28.38 +24 20 31.3          20.5 Vrq1946G96
     K06B55O  C2006 01 27.21071 04 07 29.46 +24 19 07.7          20.4 Vrq1946G96
     K06B55O  C2006 01 27.21675 04 07 29.67 +24 18 52.5          20.8 Vrq1946G96
     K06B55O  C2006 01 27.22284 04 07 29.85 +24 18 37.4          21.1 Vrq1946G96
     K06B55O  C2006 01 27.22885 04 07 30.07 +24 18 22.8          21.2 Vrq1946G96
     K06B55O  C2006 01 28.19383 04 08 07.80 +23 39 39.5          21.1 Vrq1946G96
     K06B55O  C2006 01 28.19973 04 08 08.01 +23 39 25.7          21.2 Vrq1946G96
     K06B55O  C2006 01 28.20562 04 08 08.18 +23 39 11.5          21.7 Vrq1946G96
     K06B55O  C2006 01 30.11294 04 09 32.32 +22 24 25.9          21.6 Rrq1946734
     K06B55O  C2006 01 30.14111 04 09 33.53 +22 23 20.7          21.3 Rrq1946734
     K06B55O  C2006 01 30.14761 04 09 33.79 +22 23 05.2          21.4 Rrq1946734
     K06B55O  C2006 01 30.15412 04 09 34.04 +22 22 51.6          20.7 Rrq1946734
     K06B55O tC2006 02 20.19451 04 35 42.47 +11 07 28.1                dq3929291
     K06B55O tC2006 02 20.19832 04 35 42.76 +11 07 22.3                dq3929291
     K06B55O tC2006 02 20.20239 04 35 43.19 +11 07 15.7                dq3929291
