     K06B08Y* C2006 01 23.27729 07 54 53.00 +16 15 24.4          18.2  cq0608704
     K06B08Y  C2006 01 23.29034 07 55 23.56 +16 13 06.0          19.5  cq0608704
     K06B08Y  C2006 01 23.30365 07 55 54.34 +16 10 46.3          18.8  cq0608704
     K06B08Y  C2006 01 23.31655 07 56 23.85 +16 08 31.7          19.0  cq0608704
     K06B08Y  C2006 01 23.32944 07 56 52.98 +16 06 17.7          18.6  cq0608704
     K06B08Y  C2006 01 24.93992 08 33 00.89 +13 20 34.5                cq0608246
     K06B08Y  C2006 01 24.94054 08 33 01.32 +13 20 32.2                cq0608246
     K06B08Y  C2006 01 24.94156 08 33 02.03 +13 20 28.5                cq0608246
     K06B08Y  C2006 01 24.94746 08 33 08.84 +13 19 53.9                rq0608J95
     K06B08Y  C2006 01 24.95005 08 33 10.54 +13 19 44.2                rq0608J95
     K06B08Y  C2006 01 24.95262 08 33 12.24 +13 19 36.8          19.2 Rrq0608J95
     K06B08Y  C2006 01 24.95601 08 33 12.67 +13 19 45.5          19.5 Rrq0608143
     K06B08Y  C2006 01 24.96264 08 33 17.01 +13 19 23.8          19.2 Rrq0608143
     K06B08Y  C2006 01 25.97125 08 42 49.83 +12 31 52.4                rq0608J95
     K06B08Y  C2006 01 25.97718 08 42 52.11 +12 31 39.6                rq0608J95
     K06B08Y  C2006 01 25.98311 08 42 54.42 +12 31 27.0          20.8 Rrq0608J95
     K06B08Y tC2006 01 26.19514 08 44 29.98 +12 24 49.6                dq0608291
     K06B08Y  C2006 01 26.19652 08 44 27.31 +12 24 32.3          19.5 Rrq0608734
     K06B08Y tC2006 01 26.19899 08 44 31.22 +12 24 43.4                dq0608291
     K06B08Y  C2006 01 26.19962 08 44 28.43 +12 24 24.9          20.4 Rrq0608734
     K06B08Y  C2006 01 26.20273 08 44 29.49 +12 24 20.6          19.8 Rrq0608734
     K06B08Y tC2006 01 26.20284 08 44 32.59 +12 24 36.3                dq0608291
     K06B08Y 7C2006 01 26.43479 08 45 45.30 +12 17 11.9                 q1927696
     K06B08Y 7C2006 01 26.43694 08 45 45.94 +12 17 07.0                 q1927696
     K06B08Y 7C2006 01 26.43767 08 45 46.19 +12 17 05.5                 q1927696
