     K06D00L* C2006 02 20.17803 07 56 53.30 +18 46 11.7          18.9 Vrq3973703
     K06D00L  C2006 02 20.18282 07 56 55.75 +18 45 54.7          19.3 Vrq3973703
     K06D00L  C2006 02 20.18762 07 56 58.41 +18 45 38.9          19.5 Vrq3973703
     K06D00L  C2006 02 20.23251 07 57 22.76 +18 43 16.2          19.2 Vrq3973703
     K06D00L  C2006 02 20.23979 07 57 24.79 +18 42 38.2          19.3 Rrq3973932
     K06D00L  C2006 02 20.24022 07 57 26.95 +18 42 50.9          19.2 Vrq3973703
     K06D00L  C2006 02 20.24793 07 57 31.03 +18 42 27.5          19.2 Vrq3973703
     K06D00L  C2006 02 20.25565 07 57 35.29 +18 42 02.5          19.4 Vrq3973703
     K06D00L  C2006 02 20.25577 07 57 33.55 +18 41 47.1          19.2 Rrq3973932
     K06D00L  C2006 02 20.26899 07 57 42.49 +18 41 19.1          19.4 Rcq3973854
     K06D00L  C2006 02 20.27568 07 57 44.47 +18 40 42.1          19.3 Rrq3973932
     K06D00L  C2006 02 20.27813 07 57 47.40 +18 40 50.5          19.5 Rcq3973854
     K06D00L  C2006 02 20.84932 08 02 54.72 +18 11 28.4                rq3973J95
     K06D00L  C2006 02 20.85173 08 02 55.93 +18 11 21.8          19.0 Rrq3973J95
     K06D00L  C2006 02 21.03922 08 04 30.14 +18 02 27.2          19.5 Rrq3973932
     K06D00L  C2006 02 21.04503 08 04 32.84 +18 02 11.1          19.6 Rrq3973932
     K06D00L  C2006 02 21.05686 08 04 38.51 +18 01 37.8          19.5 Rrq3973932
     K06D00L  C2006 02 21.12011 08 05 09.28 +17 58 42.2                rq3973H36
     K06D00L  C2006 02 21.13212 08 05 14.96 +17 58 06.1          19.6 Rrq3973H36
     K06D00L  C2006 02 21.87717 08 10 54.67 +17 24 39.0          19.8 Voq3973151
     K06D00L  C2006 02 21.88244 08 10 56.94 +17 24 26.2          20.0 Voq3973151
     K06D00L  C2006 02 21.88431 08 10 57.74 +17 24 21.3          19.9 Voq3973151
     K06D00L tC2006 02 23.11854 08 19 04.31 +16 35 57.6          20.3 Vcq3973691
     K06D00L tC2006 02 23.13714 08 19 10.65 +16 35 17.9          20.2 Vcq3973691
     K06D00L tC2006 02 23.15575 08 19 16.90 +16 34 38.8          20.8 Vcq3973691
     K06D00L  C2006 02 24.12213 08 24 40.52 +16 01 38.4          20.4 Vdq3973291
     K06D00L  C2006 02 24.12600 08 24 41.67 +16 01 31.1          20.5 Vdq3973291
     K06D00L HC2006 02 24.13037 08 24 42.92 +16 01 23.2                dq3973291
     K06D00L  C2006 02 24.24334 08 25 15.59 +15 57 41.7          19.8 Rrq3973H36
     K06D00L  C2006 02 24.25348 08 25 18.40 +15 57 24.4          20.1 Rrq3973H36
     K06D00L  C2006 02 24.26146 08 25 20.74 +15 57 08.8          20.3 Rrq3973H36
     K06D00L  C2006 02 25.09499 08 29 27.63 +15 32 01.9          21.3 Vdq5206291
     K06D00L  C2006 02 25.09897 08 29 28.66 +15 31 55.4          20.8 Vdq5206291
     K06D00L  C2006 02 25.10309 08 29 29.76 +15 31 48.7          20.8 Vdq5206291
     K06D00L  C2006 02 28.19108 08 41 32.65 +14 16 25.9          21.0 Vdq5206291
     K06D00L  C2006 02 28.19542 08 41 33.46 +14 16 20.6          21.2 Vdq5206291
     K06D00L  C2006 02 28.19937 08 41 34.20 +14 16 15.7          21.8 Vdq5206291
     K06D00L  C2006 03 01.03870 08 44 13.43 +13 59 19.0                rq5206J95
     K06D00L  C2006 03 01.04843 08 44 15.28 +13 59 07.5                rq5206J95
     K06D00L  C2006 03 01.05818 08 44 16.94 +13 58 56.5          20.7 Rrq5206J95
     K06D00L HC2006 03 05.13505 08 54 58.43 +12 53 26.2                dq6214291
     K06D00L  C2006 03 05.13924 08 54 59.01 +12 53 22.3          21.4 Vdq6214291
     K06D00L  C2006 03 05.14330 08 54 59.51 +12 53 18.5          22.1 Vdq6214291
