     K06J42F* C2006 05 11.22148 09 25 10.88 +12 28 23.4          16.9 Vrr1470703
     K06J42F  C2006 05 11.22233 09 25 11.28 +12 28 19.7          17.0 Vrr1470703
     K06J42F  C2006 05 11.22307 09 25 11.71 +12 28 16.1          17.2 Vrr1470703
     K06J42F  C2006 05 11.22380 09 25 12.10 +12 28 13.4          16.9 Vrr1470703
     K06J42F  C2006 05 11.23416 09 25 17.50 +12 27 27.5          16.9 Vrr1470703
     K06J42F  C2006 05 11.23485 09 25 17.83 +12 27 24.9          17.0 Vrr1470703
     K06J42F  C2006 05 11.23554 09 25 18.19 +12 27 21.7          16.9 Vrr1470703
     K06J42F  C2006 05 11.23626 09 25 18.62 +12 27 18.4          16.8 Vrr1470703
     K06J42F  C2006 05 11.25737 09 25 29.71 +12 25 46.1          16.6 Vrr1470703
     K06J42F  C2006 05 11.25792 09 25 29.96 +12 25 44.4          16.5 Vrr1470703
     K06J42F  C2006 05 11.25844 09 25 30.28 +12 25 41.2          16.6 Vrr1470703
     K06J42F  C2006 05 11.25899 09 25 30.54 +12 25 39.6          16.6 Vrr1470703
     K06J42F  C2006 05 12.15086 09 33 06.73 +11 24 26.7          17.1 Rrr1470H36
     K06J42F  C2006 05 12.15220 09 33 07.31 +11 24 21.0          17.0 Rrr1470H36
     K06J42F  C2006 05 12.15354 09 33 07.96 +11 24 15.3          16.9 Rrr1470H36
     K06J42F  C2006 05 12.15488 09 33 08.57 +11 24 10.5          17.2 Rrr1470H36
     K06J42F  C2006 05 12.17320 09 33 17.69 +11 23 07.0          16.7 Rcr1470854
     K06J42F  C2006 05 12.17416 09 33 18.21 +11 23 03.8          16.9 Rcr1470854
     K06J42F  C2006 05 12.17513 09 33 18.62 +11 22 59.6          16.8 Rcr1470854
     K06J42F  C2006 05 12.17609 09 33 18.99 +11 22 55.4          16.7 Rcr1470854
     K06J42F 5C2006 05 12.20729 09 33 33.87 +11 20 49.4          16.9 Rcr1470673
     K06J42F 5C2006 05 12.21076 09 33 35.52 +11 20 35.3                cr1470673
     K06J42F 5C2006 05 12.21764 09 33 38.70 +11 20 08.5                cr1470673
     K06J42F 5C2006 05 12.22125 09 33 40.41 +11 19 53.7                cr1470673
     K06J42F %C2006 05 13.97205 09 46 28.49 +09 35 28.8          17.8 Ror1671807
     K06J42F %C2006 05 13.97529 09 46 29.68 +09 35 17.9          17.5 Ror1671807
     K06J42F %C2006 05 13.97841 09 46 30.86 +09 35 07.5          17.6 Ror1671807
     K06J42F %C2006 05 13.99219 09 46 35.98 +09 34 21.4          18.0 Ror1671807
     K06J42F %C2006 05 13.99447 09 46 36.84 +09 34 13.8          18.1 Ror1671807
     K06J42F  C2006 05 15.09815 09 53 30.65 +08 34 38.6          16.7 Rrr1671H36
     K06J42F  C2006 05 15.09972 09 53 31.18 +08 34 33.7          16.8 Rrr1671H36
     K06J42F  C2006 05 15.10128 09 53 31.72 +08 34 28.9          16.8 Rrr1671H36
     K06J42F  C2006 05 15.10439 09 53 32.77 +08 34 19.5          16.8 Rrr1671H36
     K06J42F  C2006 05 15.88241 09 57 58.70 +07 56 18.6                rr1671J95
     K06J42F  C2006 05 15.88428 09 57 59.30 +07 56 13.5                rr1671J95
     K06J42F  C2006 05 15.88662 09 58 00.04 +07 56 06.6          17.6 Rrr1671J95
     K06J42F  C2006 05 16.81539 10 02 53.75 +07 14 15.4          17.2 Vcr1671104
     K06J42F  C2006 05 16.81824 10 02 54.57 +07 14 08.2          17.0 Vcr1671104
     K06J42F  C2006 05 16.82030 10 02 55.21 +07 14 02.4          16.8 Vcr1671104
     K06J42F  C2006 05 16.82617 10 02 56.86 +07 13 47.2          16.7 Vcr1671104
     K06J42F  C2006 05 16.88661 10 03 14.94 +07 11 04.0                rr1671J95
     K06J42F  C2006 05 16.89062 10 03 16.10 +07 10 53.3                rr1671J95
     K06J42F  C2006 05 16.89492 10 03 17.36 +07 10 42.4          17.9 Rrr1671J95
     K06J42F  C2006 05 17.05837 10 04 06.35 +07 03 50.1          17.6 Rrr1671932
     K06J42F  C2006 05 17.07196 10 04 10.17 +07 03 14.9          17.3 Rrr1671932
     K06J42F  C2006 05 17.08246 10 04 13.14 +07 02 47.9          17.4 Rrr1671932
     K06J42F  C2006 05 17.08665 10 04 14.31 +07 02 37.1          17.1 Rrr1671932
     K06J42F  C2006 05 17.14418 10 04 31.21 +07 00 13.4          17.2 Rrr1671649
     K06J42F  C2006 05 17.14596 10 04 31.69 +07 00 09.0          17.3 Rrr1671649
     K06J42F  C2006 05 17.14773 10 04 32.20 +07 00 04.1          17.3 Rrr1671649
     K06J42F  C2006 05 17.14951 10 04 32.70 +06 59 59.6          17.3 Rrr1671649
     K06J42F  C2006 05 17.15554 10 04 34.43 +06 59 44.0          17.5 Rrr1671734
     K06J42F  C2006 05 17.15709 10 04 34.87 +06 59 40.0          17.5 Rrr1671734
     K06J42F  C2006 05 17.15865 10 04 35.30 +06 59 36.1          17.4 Rrr1671734
     K06J42F  C2006 05 17.16020 10 04 35.73 +06 59 32.0          17.5 Rrr1671734
     K06J42F  C2006 05 17.16175 10 04 36.17 +06 59 28.1          17.5 Rrr1671734
     K06J42F  C2006 05 18.95919 10 12 45.54 +05 48 42.8          18.6 Ror2133586
     K06J42F  C2006 05 18.96082 10 12 45.93 +05 48 39.3          17.7 Ror2133586
     K06J42F  C2006 05 18.96340 10 12 46.61 +05 48 33.2          18.5 Ror2133586
     K06J42F  C2006 05 18.96494 10 12 46.95 +05 48 30.0          18.8 Ror2133586
     K06J42F  C2006 05 18.96639 10 12 47.35 +05 48 27.6          18.5 Ror2133586
     K06J42F  C2006 05 18.96782 10 12 47.70 +05 48 23.6          18.8 Ror2133586
     K06J42F  C2006 05 18.96926 10 12 48.10 +05 48 20.1          18.7 Ror2133586
     K06J42F  C2006 05 18.97071 10 12 48.37 +05 48 16.9          18.4 Ror2133586
     K06J42F  C2006 05 18.97214 10 12 48.78 +05 48 13.7          18.7 Ror2133586
     K06J42F  C2006 05 18.97359 10 12 49.10 +05 48 11.0          18.2 Ror2133586
     K06J42F  C2006 05 19.17756 10 13 40.90 +05 40 55.7          17.2 Vrr1671703
     K06J42F  C2006 05 19.18450 10 13 42.52 +05 40 41.9          17.2 Vrr1671703
     K06J42F  C2006 05 19.19143 10 13 44.14 +05 40 25.0          17.4 Vrr1671703
     K06J42F  C2006 05 19.19841 10 13 45.76 +05 40 10.2          17.5 Vrr1671703
     K06J42F  C2006 05 20.16975 10 17 38.67 +05 06 29.5                dr2133291
     K06J42F  C2006 05 20.17819 10 17 40.53 +05 06 12.7                dr2133291
     K06J42F  C2006 05 21.15466 10 21 18.00 +04 34 39.0          17.6 Vrr2133703
     K06J42F  C2006 05 21.16132 10 21 19.33 +04 34 26.3          17.5 Vrr2133703
     K06J42F  C2006 05 21.16793 10 21 20.62 +04 34 13.7          17.6 Vrr2133703
     K06J42F  C2006 05 21.17455 10 21 21.99 +04 34 01.5          17.5 Vrr2133703
     K06J42F  C2006 05 22.10976 10 24 36.099+04 05 41.42         17.54Rrr2133294
     K06J42F  C2006 05 22.12822 10 24 39.595+04 05 08.53         17.73Rrr2133294
     K06J42F  C2006 05 22.14528 10 24 42.958+04 04 38.47         17.83Rrr2133294
     K06J42F  C2006 05 22.17417 10 24 49.33 +04 03 54.4                dr2133291
     K06J42F  C2006 05 22.17809 10 24 50.06 +04 03 47.3                dr2133291
     K06J42F  C2006 05 22.18183 10 24 50.78 +04 03 40.7                dr2133291
     K06J42F  C2006 05 23.13255 10 27 55.60 +03 36 46.4          18.4 Rrr2133649
     K06J42F  C2006 05 23.13611 10 27 56.30 +03 36 42.1          18.3 Rrr2133649
     K06J42F  C2006 05 23.13967 10 27 56.98 +03 36 35.8          19.4 Rrr2133649
     K06J42F  C2006 05 23.14991 10 27 59.22 +03 36 23.3                dr2133291
     K06J42F  C2006 05 23.15375 10 27 59.89 +03 36 17.1                dr2133291
     K06J42F  C2006 05 24.07627 10 30 48.525+03 11 41.67         18.05Rrr2133294
     K06J42F  C2006 05 24.09100 10 30 50.981+03 11 18.94         17.78Rrr2133294
     K06J42F  C2006 05 24.11016 10 30 54.226+03 10 49.05         17.76Rrr2133294
     K06J42F  C2006 05 24.15675 10 31 02.85 +03 09 41.4          17.4  cr2133704
     K06J42F  C2006 05 24.16238 10 31 03.91 +03 09 34.3          18.1 Vdr2133291
     K06J42F  C2006 05 24.16609 10 31 04.51 +03 09 28.7          18.1 Vdr2133291
     K06J42F  C2006 05 24.16988 10 31 05.14 +03 09 22.8          18.2 Vdr2133291
     K06J42F  C2006 05 24.17839 10 31 06.36 +03 09 07.7          17.6  cr2133704
     K06J42F  C2006 05 24.18913 10 31 08.21 +03 08 52.2          17.9  cr2133704
     K06J42F  C2006 05 24.20017 10 31 10.00 +03 08 34.6          18.1  cr2133704
     K06J42F  C2006 05 24.83519 10 33 00.75 +02 52 31.3          17.4  or2133160
     K06J42F  C2006 05 24.83923 10 33 01.45 +02 52 25.2          18.7  or2133160
     K06J42F  C2006 05 24.84293 10 33 01.99 +02 52 20.9          18.8  or2133160
     K06J42F  C2006 05 25.18819 10 34 00.00 +02 44 01.6                dr2133291
     K06J42F  C2006 05 25.19211 10 34 00.61 +02 43 55.9                dr2133291
     K06J42F  C2006 05 25.19585 10 34 01.20 +02 43 50.4                dr2133291
     K06J42F  C2006 05 26.21480 10 36 46.49 +02 19 56.6          18.6 Vdr2133291
     K06J42F  C2006 05 26.21859 10 36 47.06 +02 19 51.5          18.7 Vdr2133291
     K06J42F  C2006 05 26.22235 10 36 47.62 +02 19 46.1          18.8 Vdr2133291
     K06J42F  C2006 05 30.14261 10 46 11.99 +00 58 55.7          18.8 Rrr2914448
     K06J42F  C2006 05 30.14575 10 46 12.44 +00 58 51.6          18.4 Rrr2914448
     K06J42F  C2006 05 30.14968 10 46 12.84 +00 58 48.2          19.8 Rrr2914448
     K06J42F  C2006 05 30.90903 10 47 50.96 +00 44 41.9                rr2914J95
     K06J42F  C2006 05 30.91232 10 47 51.39 +00 44 37.8          18.7 Rrr2914J95
     K06J42F  C2006 05 31.16923 10 48 23.94 +00 40 10.4          18.7 Vds2986291
     K06J42F  C2006 05 31.17323 10 48 24.40 +00 40 06.1          18.7 Vds2986291
     K06J42F  C2006 05 31.17956 10 48 25.14 +00 39 59.3          18.7 Vds2986291
     K06J42F  C2006 05 31.92204 10 49 57.29 +00 26 48.0                rr2914J95
     K06J42F  C2006 05 31.92821 10 49 57.98 +00 26 40.2          18.7 Rrr2914J95
     K06J42F pC2006 06 03.92473 10 55 45.05 -00 22 04.1                rr3612J95
     K06J42F pC2006 06 03.93111 10 55 45.66 -00 22 11.5          19.1 Rrr3612J95
     K06J42F  C2006 06 07.44102 11 01 50.69 -01 12 12.5          18.3 Vrr3612E12
     K06J42F  C2006 06 07.44887 11 01 51.40 -01 12 18.3          18.6 Vrr3612E12
     K06J42F  C2006 06 07.45674 11 01 52.03 -01 12 25.8          18.0 Vrr3612E12
     K06J42F  C2006 06 07.46461 11 01 52.83 -01 12 30.9          18.4 Vrr3612E12
     K06J42F  C2006 06 18.45103 11 17 40.14 -03 20 32.3          19.7 Vrr3972E12
     K06J42F  C2006 06 18.45213 11 17 40.23 -03 20 33.3          19.5 Vrr3972E12
     K06J42F  C2006 06 18.45324 11 17 40.33 -03 20 33.6          18.9 Vrr3972E12
     K06J42F  C2006 06 18.45435 11 17 40.44 -03 20 34.7          19.4 Vrr3972E12
     K06J42F  C2006 06 18.45546 11 17 40.50 -03 20 34.6          20.0 Vrr3972E12
     K06J42F  C2006 06 19.14767 11 18 33.03 -03 27 56.4          19.4 Rrr3972448
     K06J42F  C2006 06 19.15813 11 18 33.78 -03 28 02.9          19.2 Rrr3972448
     K06J42F  C2006 06 19.15933 11 18 33.54 -03 28 04.9          20.5 Ror3972734
     K06J42F  C2006 06 19.16373 11 18 34.12 -03 28 06.1          19.7 Ror3972734
     K06J42F  C2006 06 19.16776 11 18 34.33 -03 28 07.2          19.4 Rrr3972448
     K06J42F  C2007 05 19.86183 07 44 50.35 +23 59 25.3          20.1 Rrv2437204
     K06J42F  C2007 07 10.30787 11 39 00.03 +00 03 32.7          20.3 Rov1848474
     K06J42F  C2007 07 10.31262 11 39 00.74 +00 03 27.0          20.8 Rov1848474
     K06J42F  C2007 07 10.32155 11 39 02.23 +00 03 15.3          20.7 Rov1848474
     K06J42F |C2011 05 17.33493 16 06 00.43 -51 30 15.8          15.5 Vo~0W0N807
     K06J42F |C2011 05 17.33581 16 05 58.33 -51 30 16.2          15.5 Vo~0W0N807
     K06J42F |C2011 05 17.34022 16 05 47.77 -51 30 18.1          15.5 Vo~0W0N807
     K06J42F |C2011 05 17.34496 16 05 36.44 -51 30 20.0          15.5 Vo~0W0N807
     K06J42F |C2011 05 17.34597 16 05 34.01 -51 30 20.4          15.5 Vo~0W0N807
     K06J42F  C2011 05 19.07049 14 58 53.95 -50 41 09.9                 ~0Y6x834
     K06J42F  C2011 05 19.08159 14 58 28.04 -50 40 25.0                 ~0Y6x834
     K06J42F  C2011 05 19.09532 14 57 56.02 -50 39 28.2                 ~0Y6x834
     K06J42F QC2011 05 26.45856 12 05 08.73 -33 25 56.7          15.1 Vr~0WFuE12
     K06J42F QC2011 05 26.46705 12 05 02.33 -33 24 45.8          15.0 Vr~0WFuE12
     K06J42F HC2016 04 14.47340 20 16 57.60 -21 25 01.7                o~1qm1691
     K06J42F HC2016 04 14.47680 20 16 57.90 -21 25 03.1                o~1qm1691
     K06J42F HC2016 04 14.48022 20 16 58.21 -21 25 04.1                o~1qm1691
     K06J42F ^C2016 04 20.48528 20 27 17.54 -22 09 42.0          19.2 RoEH036695
     K06J42F ^C2016 04 20.48802 20 27 17.83 -22 09 43.2          19.2 RoEH036695
     K06J42F ^C2016 04 20.49076 20 27 18.10 -22 09 44.6          18.2 RoEH036695
     K06J42F ^C2016 04 21.48023 20 29 08.38 -22 17 56.4          20.4 RoEH036695
     K06J42F ^C2016 04 21.48312 20 29 08.68 -22 17 58.0          19.9 RoEH036695
     K06J42F ^C2016 04 21.48601 20 29 08.97 -22 17 59.4          20.2 RoEH036695
     K06J42F |C2016 04 22.31561 20 30 43.81 -22 24 40.0          19.9 VuEH038807
     K06J42F |C2016 04 22.32003 20 30 44.29 -22 24 42.1          19.8 VuEH038807
     K06J42F |C2016 04 22.32444 20 30 44.77 -22 24 44.4          20.1 VuEH038807
