     K06K01Q* C2006 05 20.26651 15 39 05.04 +00 09 55.6          21.6 Vrr2149G96
     K06K01Q  C2006 05 20.26881 15 39 04.75 +00 09 53.4          20.8 Vrr2149G96
     K06K01Q  C2006 05 20.27097 15 39 04.42 +00 09 51.3          21.2 Vrr2149G96
     K06K01Q  C2006 05 20.27317 15 39 04.10 +00 09 48.2          21.1 Vrr2149G96
     K06K01Q  C2006 05 20.34851 15 38 53.38 +00 08 32.1          21.8 Vrr2149G96
     K06K01Q  C2006 05 20.36639 15 38 50.81 +00 08 13.4          22.1 Vrr2149G96
     K06K01Q  C2006 05 20.37548 15 38 49.53 +00 08 04.0          21.8 Vrr2149G96
     K06K01Q  C2006 05 21.31585 15 36 44.78 -00 08 09.0          21.2 Vrr2149G96
     K06K01Q  C2006 05 21.32306 15 36 43.81 -00 08 16.4          21.5 Vrr2149G96
     K06K01Q  C2006 05 21.33020 15 36 42.76 -00 08 24.3          20.9 Vrr2149G96
     K06K01Q  C2006 05 21.33757 15 36 41.72 -00 08 31.4          21.9 Vrr2149G96
     K06K01Q HC2006 05 23.25801 15 32 32.32 -00 42 32.4                dr2149291
     K06K01Q HC2006 05 23.26174 15 32 31.88 -00 42 37.9                dr2149291
     K06K01Q  C2006 05 23.26559 15 32 31.27 -00 42 41.8                dr2149291
     K06K01Q 1C2006 05 23.43344 15 32 09.45 -00 45 38.7                 r2149F65
     K06K01Q 1C2006 05 23.44053 15 32 08.48 -00 45 46.3                 r2149F65
     K06K01Q 1C2006 05 23.44143 15 32 08.35 -00 45 47.3                 r2149F65
     K06K01Q HC2006 05 24.28004 15 30 22.56 -01 01 04.9                dr2149291
     K06K01Q HC2006 05 24.28378 15 30 22.02 -01 01 09.3                dr2149291
     K06K01Q  C2006 05 24.37052 15 30 10.47 -01 02 45.2          20.9 Vrr2149G96
     K06K01Q  C2006 05 24.37620 15 30 09.75 -01 02 51.9          20.8 Vrr2149G96
     K06K01Q  C2006 05 24.38191 15 30 09.00 -01 02 57.8          20.6 Vrr2149G96
     K06K01Q HC2006 05 29.34359 15 20 24.51 -02 36 33.7                dr2920291
     K06K01Q  C2006 05 29.34930 15 20 23.89 -02 36 40.2          22.3 Vdr2920291
     K06K01Q HC2006 05 29.35300 15 20 23.50 -02 36 45.1                dr2920291
     K06K01Q  C2006 05 30.20432 15 18 52.35 -02 53 14.3          21.7 Ror2920715
     K06K01Q  C2006 05 30.22140 15 18 50.40 -02 53 35.0          21.1 Ror2920715
     K06K01Q  C2006 05 30.23915 15 18 48.37 -02 53 55.7          20.7 Ror2920715
     K06K01Q HC2006 06 05.32441 15 09 10.36 -04 53 48.5                dr3616291
     K06K01Q HC2006 06 05.32837 15 09 10.04 -04 53 54.2                dr3616291
     K06K01Q HC2006 06 05.33220 15 09 09.63 -04 53 58.6                dr3616291
