     K06H00B* C2006 04 18.17619 13 12 42.08 -02 38 37.6          20.8 Vcq9228691
     K06H00B  C2006 04 18.18911 13 12 41.09 -02 38 29.9          20.6 Vcq9228691
     K06H00B  C2006 04 18.20202 13 12 40.13 -02 38 21.3          20.6 Vcq9228691
     K06H00B  C2006 04 18.39325 13 12 25.65 -02 36 16.9          20.7 Vdq9228291
     K06H00B  C2006 04 18.39709 13 12 25.35 -02 36 14.6          21.1 Vdq9228291
     K06H00B  C2006 04 18.40091 13 12 25.08 -02 36 12.0          20.8 Vdq9228291
     K06H00B  C2006 04 19.22108 13 11 26.19 -02 27 22.3          20.4 Rrq9228734
     K06H00B  C2006 04 19.22493 13 11 26.05 -02 27 18.4          20.2 Vrq9228G96
     K06H00B  C2006 04 19.22696 13 11 25.72 -02 27 18.7          20.2 Rrq9228734
     K06H00B  C2006 04 19.23283 13 11 25.28 -02 27 15.6          20.5 Rrq9228734
     K06H00B  C2006 04 19.23609 13 11 25.18 -02 27 11.6          20.2 Vrq9228G96
     K06H00B  C2006 04 19.24729 13 11 24.32 -02 27 04.2          20.6 Vrq9228G96
     K06H00B  C2006 04 19.25861 13 11 23.49 -02 26 57.2          20.3 Vrq9228G96
     K06H00B  C2006 04 19.28299 13 11 21.59 -02 26 41.8                rq9228682
     K06H00B  C2006 04 19.29757 13 11 20.48 -02 26 32.2                rq9228682
     K06H00B  C2006 04 19.30501 13 11 20.06 -02 26 25.8          20.0 Vdq9228291
     K06H00B  C2006 04 19.30881 13 11 19.68 -02 26 24.8          20.8 Vdq9228291
     K06H00B  C2006 04 19.31248 13 11 19.40 -02 26 22.4          20.8 Vdq9228291
     K06H00B  C2006 04 19.50973 13 11 05.58 -02 24 12.6          20.2 Voq9966D35
     K06H00B  C2006 04 19.51476 13 11 05.04 -02 24 09.1          20.1 Voq9966D35
     K06H00B  C2006 04 19.51991 13 11 04.83 -02 24 06.4          20.2 Voq9966D35
     K06H00B  C2006 04 20.27747 13 10 09.63 -02 15 59.9          20.8 Vdq9228291
     K06H00B  C2006 04 20.28123 13 10 09.34 -02 15 57.5          20.7 Vdq9228291
     K06H00B  C2006 04 20.28493 13 10 09.05 -02 15 55.1          20.9 Vdq9228291
     K06H00B 1C2006 04 21.23203 13 09 00.62 -02 05 47.0                oq9228696
     K06H00B 1C2006 04 21.23404 13 09 00.47 -02 05 45.8                oq9228696
     K06H00B 1C2006 04 21.23604 13 09 00.31 -02 05 44.6                oq9228696
     K06H00B 1C2006 04 21.23804 13 09 00.19 -02 05 42.7                oq9228696
     K06H00B  C2006 04 21.24011 13 09 00.04 -02 05 41.9          20.7 Vdq9228291
     K06H00B  C2006 04 21.24379 13 08 59.75 -02 05 39.4          20.7 Vdq9228291
     K06H00B  C2006 04 21.24778 13 08 59.45 -02 05 37.0          20.8 Vdq9228291
     K06H00B  C2006 04 23.88258 13 05 49.57 -01 37 49.1          19.4 Vrq9966A13
     K06H00B  C2006 04 23.90048 13 05 48.23 -01 37 37.8          19.8 Vrq9966A13
     K06H00B  C2006 04 23.91144 13 05 47.45 -01 37 30.4          19.5 Vrq9966A13
     K06H00B HC2006 04 30.14555 12 58 35.40 -00 35 13.5          20.8 Vcr0892691
     K06H00B HC2006 04 30.18154 12 58 32.95 -00 34 53.6                cr0892691
     K06H00B  C2006 04 30.82835 12 57 50.10 -00 28 54.3          20.5 Vcr0892A50
     K06H00B  C2006 04 30.83374 12 57 49.71 -00 28 49.0          20.0 Vcr0892A50
     K06H00B  C2006 04 30.83913 12 57 49.35 -00 28 45.6          19.8 Vcr0892A50
     K06H00B  C2006 05 01.17564 12 57 27.56 -00 25 37.0          20.9 Rrr0892715
     K06H00B  C2006 05 01.18430 12 57 26.96 -00 25 31.8          19.6 Rrr0892715
     K06H00B  C2006 05 01.19301 12 57 26.38 -00 25 27.6          20.1 Rrr0892715
     K06H00B  C2006 05 03.15448 12 55 21.74 -00 07 47.5          20.8 Vdr0892291
     K06H00B  C2006 05 03.15864 12 55 21.42 -00 07 45.0          21.2 Vdr0892291
     K06H00B  C2006 05 03.16253 12 55 21.16 -00 07 42.7          21.0 Vdr0892291
     K06H00B HC2006 05 06.14393 12 52 22.83 +00 17 19.2                dr1412291
     K06H00B HC2006 05 06.14774 12 52 22.64 +00 17 22.8                dr1412291
     K06H00B  C2006 05 06.15153 12 52 22.44 +00 17 23.4          22.3 Vdr1412291
     K06H00B  C2006 05 06.30119 12 52 13.35 +00 18 34.4          20.5 Rrr1412682
     K06H00B  C2006 05 06.32308 12 52 11.96 +00 18 45.4          20.9 Rrr1412682
     K06H00B  C2006 05 06.34495 12 52 10.72 +00 18 56.0          19.9 Rrr1412682
     K06H00B  C2006 05 23.19520 12 41 21.87 +01 49 01.0                dr2093291
     K06H00B  C2006 05 23.20356 12 41 21.72 +01 49 02.6                dr2093291
     K06H00B  C2006 05 23.21205 12 41 21.53 +01 49 03.8                dr2093291
     K06H00B  C2006 06 26.97645 12 57 56.69 -00 00 48.5          21.0 Rcr4493J50
     K06H00B  C2006 06 26.99980 12 57 58.33 -00 01 00.2          20.9 Rcr4493J50
     K06H00B  C2006 06 27.03150 12 58 00.58 -00 01 16.4          20.6 Rcr4493J50
     K06H00B HC2010 11 14.34280 04 57 15.31 +16 41 41.2                o~0qSf291
     K06H00B  C2010 11 14.34969 04 57 14.89 +16 41 41.2          22.0 Vo~0qSf291
     K06H00B |C2013 04 07.41028 15 05 08.41 -11 37 42.8          20.2 Vu~0qjW807
     K06H00B |C2013 04 07.41323 15 05 08.38 -11 37 41.7          20.3 Vu~0qjW807
     K06H00B |C2013 04 07.41643 15 05 08.36 -11 37 40.3          20.5 Vu~0qjW807
     K06H00B |C2013 04 07.41951 15 05 08.31 -11 37 39.2          20.4 Vu~0qjW807
     K06H00B |C2013 04 07.42186 15 05 08.30 -11 37 38.5          20.2 Vu~0qjW807
     K06H00B  C2013 04 08.28939 15 05 06.93 -11 32 13.3                o~0qjW691
     K06H00B  C2013 04 08.30713 15 05 06.83 -11 32 06.7                o~0qjW691
     K06H00B  C2013 04 08.32486 15 05 06.70 -11 31 59.4                o~0qjW691
     K06H00B  C2013 04 13.28632 15 04 22.33 -10 56 40.3          19.9 Vo~0r5K691
     K06H00B  C2013 04 13.30402 15 04 22.01 -10 56 31.7          20.3 Vo~0r5K691
     K06H00B  C2013 04 13.32173 15 04 21.67 -10 56 23.7          20.2 Vo~0r5K691
     K06H00B  C2013 04 13.47422 15 04 19.371-10 55 11.50         20.0 wL~0r5KF51
     K06H00B  C2013 04 13.48809 15 04 19.097-10 55 05.12         20.0 wL~0r5KF51
     K06H00B  C2013 04 13.50199 15 04 18.832-10 54 58.67         20.1 wL~0r5KF51
     K06H00B  C2013 04 13.51586 15 04 18.552-10 54 52.18         20.1 wL~0r5KF51
     K06H00B  C2013 04 22.33477 15 00 45.36 -09 38 47.6          19.6 Vu~0rKX703
     K06H00B  C2013 04 22.34483 15 00 45.03 -09 38 40.4          19.9 Vu~0rKX703
     K06H00B  C2013 04 22.35498 15 00 44.56 -09 38 35.2          18.8 Vu~0rKY703
     K06H00B  C2013 04 22.36522 15 00 44.17 -09 38 29.7          19.1 Vu~0rKY703
     K06H00B  C2013 04 30.39274 14 55 16.60 -08 17 28.8          19.2 Vu~0rStG96
     K06H00B  C2013 04 30.39851 14 55 16.28 -08 17 24.9          19.0 Vu~0rStG96
     K06H00B  C2013 04 30.40441 14 55 15.99 -08 17 21.2          19.0 Vu~0rStG96
     K06H00B  C2013 04 30.41028 14 55 15.67 -08 17 17.4          18.9 Vu~0rStG96
     K06H00B KC2013 05 03.26690 14 52 53.84 -07 46 38.9          19.1 Rq~0rSt448
     K06H00B KC2013 05 03.27429 14 52 53.43 -07 46 33.9          19.1 Rq~0rSt448
     K06H00B KC2013 05 03.28291 14 52 52.90 -07 46 28.2          19.0 Rq~0rSt448
     K06H00B  C2013 05 05.25771 14 51 08.10 -07 24 58.3          18.5 Vu~0roJ703
     K06H00B  C2013 05 05.26574 14 51 07.63 -07 24 54.0          19.4 Vu~0roJ703
     K06H00B  C2013 05 05.27376 14 51 07.16 -07 24 48.3          18.9 Vu~0roJ703
     K06H00B  C2013 05 05.28173 14 51 06.66 -07 24 42.6          18.8 Vu~0roJ703
     K06H00B  C2013 05 09.42295 14 47 13.361-06 39 23.38         19.0 wL~0roJF51
     K06H00B  C2013 05 09.43693 14 47 12.463-06 39 14.24         19.0 wL~0roJF51
     K06H00B  C2013 05 09.45090 14 47 11.569-06 39 05.07         19.0 wL~0roJF51
     K06H00B  C2013 05 16.32416 14 40 26.32 -05 26 15.4          19.1 Vu~0ryY703
     K06H00B  C2013 05 16.33035 14 40 25.82 -05 26 11.6          18.9 Vu~0ryY703
     K06H00B  C2013 05 16.33659 14 40 25.46 -05 26 07.4          19.1 Vu~0ryY703
     K06H00B  C2013 05 16.34277 14 40 25.03 -05 26 04.2          18.9 Vu~0ryY703
     K06H00B KC2013 05 20.17915914 36 43.85 -04 48 30.3          19.6 Vu~0ryYH21
     K06H00B KC2013 05 20.18343714 36 43.60 -04 48 27.8          19.4 Vu~0ryYH21
     K06H00B KC2013 05 20.18717814 36 43.37 -04 48 25.5          19.6 Vu~0ryYH21
     K06H00B KC2013 05 20.19058614 36 43.16 -04 48 23.4          19.5 Vu~0ryYH21
     K06H00B  C2013 05 30.23589 14 28 22.94 -03 28 23.9          19.1 Vu~0sHb703
     K06H00B  C2013 05 30.24380 14 28 22.62 -03 28 19.2          19.1 Vu~0sHb703
     K06H00B  C2013 05 30.25169 14 28 22.18 -03 28 17.5          18.9 Vu~0sHb703
     K06H00B  C2013 05 30.25960 14 28 21.82 -03 28 14.7          18.9 Vu~0sHb703
     K06H00B KC2013 06 02.22166 14 26 30.08 -03 11 18.3          17.4 Rq~0sP2448
     K06H00B KC2013 06 02.23081 14 26 29.71 -03 11 15.3          18.2 Rq~0sP2448
     K06H00B KC2013 06 02.23558 14 26 29.56 -03 11 16.4          18.9 Rq~0sP2448
     K06H00B KC2013 06 11.93576 14 23 06.78 -02 41 44.9          19.2 Rt~0t64204
     K06H00B KC2013 06 11.94497 14 23 06.73 -02 41 45.1                t~0t64204
     K06H00B KC2013 06 27.15525 14 28 11.05 -03 20 09.1          19.7 Rq~0sw4448
     K06H00B KC2013 06 27.16596 14 28 11.48 -03 20 12.7          19.1 Rq~0sw4448
     K06H00B KC2013 06 27.17561 14 28 11.89 -03 20 15.9          19.4 Rq~0sw4448
     K06H00B  C2013 06 27.19207 14 28 12.57 -03 20 20.4          19.9 Vu~0sw4703
     K06H00B  C2013 06 27.19939 14 28 12.82 -03 20 23.3          19.4 Vu~0sw4703
     K06H00B  C2013 06 27.20669 14 28 13.18 -03 20 25.3          19.9 Vu~0sw4703
     K06H00B  C2013 06 27.21399 14 28 13.44 -03 20 27.4          19.4 Vu~0sw4703
     K06H00B KC2013 07 04.90194 14 36 00.27 -04 17 28.9          18.3 Ro~0sylB67
     K06H00B KC2013 07 04.90853 14 36 00.73 -04 17 32.4          19.1 Ro~0sylB67
     K06H00B KC2013 07 04.91514 14 36 01.21 -04 17 35.3          19.1 Ro~0sylB67
     K06H00B |C2013 08 11.96507 16 05 49.15 -13 11 45.3          19.9 Vu~0tas807
     K06H00B |C2013 08 11.96757 16 05 49.62 -13 11 47.8          20.3 Vu~0tas807
     K06H00B |C2013 08 11.97006 16 05 50.13 -13 11 50.3          20.2 Vu~0tas807
     K06H00B |C2013 08 11.97256 16 05 50.64 -13 11 52.9          19.9 Vu~0tas807
     K06H00B  C2013 11 01.09765 21 28 06.25 -16 24 07.8          21.6 Vq~0wbVG96
     K06H00B  C2013 11 01.10337 21 28 07.31 -16 24 03.4          20.5 Vq~0wbVG96
     K06H00B  C2013 11 01.10909 21 28 08.36 -16 23 58.5          21.6 Vq~0wbVG96
     K06H00B  C2013 11 01.11480 21 28 09.42 -16 23 55.0          21.1 Vq~0wbVG96
