     K06O09T* C2006 07 25.35759 21 32 48.65 -19 24 57.9          18.7 Ror5194644
     K06O09T  C2006 07 25.37785 21 32 44.19 -19 24 31.1          18.9 Ror5194644
     K06O09T  C2006 07 25.39809 21 32 39.74 -19 24 03.4          19.1 Ror5194644
     K06O09T  C2006 07 26.17752 21 29 55.08 -19 06 09.1          18.4 Rrr5194I77
     K06O09T  C2006 07 26.18793 21 29 52.78 -19 05 55.1          17.9 Rrr5194I77
     K06O09T  C2006 07 26.19830 21 29 50.47 -19 05 41.0          18.0 Rrr5194I77
     K06O09T  C2006 07 26.28882721 29 31.51 -19 04 00.3          19.7 Rrr5194850
     K06O09T  C2006 07 26.31904821 29 24.78 -19 03 19.6          18.2 Rrr5194850
     K06O09T  C2006 07 26.33722721 29 20.68 -19 02 55.0          18.7 Rrr5194850
     K06O09T  C2006 07 26.35222321 29 17.37 -19 02 35.1          18.6 Rrr5194850
     K06O09T  C2006 07 26.36723621 29 14.06 -19 02 14.1          18.3 Rrr5194850
     K06O09T  C2006 07 26.39120 21 29 11.03 -19 01 03.0          18.8 Ror5194474
     K06O09T  C2006 07 26.39387 21 29 10.46 -19 00 59.6          18.8 Ror5194474
     K06O09T  C2006 07 26.39954 21 29 09.22 -19 00 52.0          18.6 Ror5194474
     K06O09T  C2006 07 29.01694 21 19 44.01 -18 00 58.2                rr5455J95
     K06O09T  C2006 07 29.02229 21 19 42.79 -18 00 50.8                rr5455J95
     K06O09T  C2006 07 29.02794 21 19 41.57 -18 00 42.2          18.6 Rrr5455J95
     K06O09T  C2006 07 29.97036 21 16 16.36 -17 38 20.6          18.6 Vrr5455A13
     K06O09T  C2006 07 29.97240 21 16 15.88 -17 38 17.8          18.5 Vrr5455A13
     K06O09T  C2006 07 29.97390 21 16 15.56 -17 38 15.5          18.4 Vrr5455A13
     K06O09T  C2006 07 29.98041 21 16 14.06 -17 38 06.3          18.5 Vrr5455A13
     K06O09T  C2006 07 29.98179 21 16 13.75 -17 38 04.4          18.6 Vrr5455A13
     K06O09T  C2006 08 01.95984 21 05 23.34 -16 26 06.8                rr5455J95
     K06O09T  C2006 08 01.96404 21 05 22.37 -16 26 00.3                rr5455J95
     K06O09T  C2006 08 01.96825 21 05 21.43 -16 25 54.0          18.4 Rrr5455J95
     K06O09T  C2006 08 14.59571 20 23 07.65 -11 20 50.5          18.8 Vcr5752D35
     K06O09T  C2006 08 14.59721 20 23 07.46 -11 20 49.8          19.1 Vcr5752D35
     K06O09T  C2006 08 14.59872 20 23 07.16 -11 20 48.0          19.0 Vcr5752D35
     K06O09T  C2006 08 15.00572 20 21 56.15 -11 11 43.0                rr5752204
     K06O09T  C2006 08 15.01085 20 21 55.24 -11 11 36.2                rr5752204
     K06O09T  C2006 08 15.01699 20 21 54.15 -11 11 27.3          18.7 Rrr5752204
     K06O09T  C2006 08 15.07916 20 21 43.12 -11 10 01.2          19.0  rr5752147
     K06O09T  C2006 08 15.09104 20 21 41.02 -11 09 44.5                rr5752147
     K06O09T 2C2006 08 16.31270920 18 17.927-10 42 28.09         18.6 Ror9384568
     K06O09T 2C2006 08 16.31427020 18 17.664-10 42 26.09         18.6 Ror9384568
     K06O09T  C2006 08 19.84634 20 09 13.95 -09 27 46.5          19   Ror6086461
     K06O09T  C2006 08 19.84877 20 09 13.59 -09 27 43.8                or6086461
     K06O09T  C2006 08 19.85123 20 09 13.23 -09 27 40.5                or6086461
     K06O09T  C2006 08 19.85365 20 09 12.86 -09 27 37.6                or6086461
     K06O09T  C2006 08 23.87921 20 00 27.14 -08 09 49.4          19.6 Vrr6086A13
     K06O09T  C2006 08 23.90539 20 00 23.93 -08 09 21.0          19.2 Vrr6086A13
     K06O09T  C2006 08 31.08517 19 48 57.77 -06 10 58.7          20.1 Rrr7094734
     K06O09T  C2006 08 31.08809 19 48 57.51 -06 10 56.6          20.3 Rrr7094734
     K06O09T  C2006 08 31.09102 19 48 57.20 -06 10 53.7          19.8 Rrr7094734
     K06O09T  C2006 09 11.26828 19 40 42.04 -03 52 05.6          20.8 Rrr8630448
     K06O09T  C2006 09 11.27776 19 40 41.80 -03 51 59.2          20.3 Rrr8630448
     K06O09T 7C2006 10 11.10169 19 58 02.32 -00 07 00.2          20.7 ro~0Wiv705
     K06O09T 7C2006 10 11.10500 19 58 02.51 -00 06 58.7                o~0Wiv705
     K06O09T 7C2006 10 14.13928 20 01 57.39 +00 11 57.4          21.0 ro~0Wiv705
     K06O09T 7C2006 10 14.14011 20 01 57.44 +00 11 57.7                o~0Wiv705
     K06O09T 7C2006 10 14.14260 20 01 57.64 +00 11 58.7                o~0Wiv705
     K06O09T 7C2006 10 18.09567 20 07 30.05 +00 36 43.6          20.9 ro~0Wiv705
     K06O09T 7C2006 10 18.09650 20 07 30.11 +00 36 43.8                o~0Wiv705
     K06O09T 7C2006 10 22.09159 20 13 33.75 +01 02 09.4          21.0 ro~0Wiv705
     K06O09T 7C2006 10 22.09243 20 13 33.81 +01 02 09.3                o~0Wiv705
     K06O09T 7C2006 10 22.09492 20 13 34.04 +01 02 10.4                o~0Wiv705
     K06O09T 7C2006 10 23.07952 20 15 07.79 +01 08 32.4          21.1 ro~0Wiv705
     K06O09T 7C2006 10 23.08284 20 15 08.09 +01 08 33.8                o~0Wiv705
     K06O09T mC2011 11 01.47099 10 19 32.41 +32 04 40.9                o~0ZxN291
     K06O09T mC2011 11 01.47390 10 19 33.20 +32 04 34.4                o~0ZxN291
     K06O09T mC2011 11 01.47680 10 19 33.85 +32 04 28.0                o~0ZxN291
     K06O09T mC2012 06 14.44874 23 13 25.28 -15 39 38.0                o~0hJQ291
     K06O09T mC2012 06 14.45110 23 13 25.44 -15 39 35.3                o~0hJQ291
     K06O09T mC2012 06 14.45344 23 13 25.59 -15 39 32.0                o~0hJQ291
     K06O09T  C2012 07 18.44851 23 22 28.23 -02 53 44.9          20.1 Vr~0hnJ703
     K06O09T  C2012 07 18.45521 23 22 27.69 -02 53 35.4          20.8 Vr~0hnJ703
     K06O09T  C2012 07 18.46207 23 22 27.40 -02 53 24.9          19.5 Vr~0hnJ703
     K06O09T  C2012 07 18.46885 23 22 26.97 -02 53 15.4          19.8 Vr~0hnJ703
     K06O09T KC2012 07 27.07517 23 12 50.82 +00 48 00.9                t~0hwT204
     K06O09T KC2012 07 27.09414 23 12 49.03 +00 48 30.7          19.3 Rt~0hwT204
     K06O09T KC2012 08 17.94819 22 19 52.97 +10 02 03.7          18.7 Ru~0iFM157
     K06O09T KC2012 08 17.95325 22 19 51.97 +10 02 10.1          19.1 Ru~0iFM157
     K06O09T KC2012 08 19.89535 22 13 35.34 +10 42 52.3          19.3 Vu~0iFMA13
     K06O09T KC2012 08 19.93202 22 13 27.88 +10 43 37.4          19.2 Vu~0iFMA13
     K06O09T KC2012 08 26.89918 21 50 25.51 +12 46 40.8          17.7 Rt~0iV7130
     K06O09T KC2012 08 26.90192 21 50 24.92 +12 46 43.3          18.0 Rt~0iV7130
     K06O09T KC2012 08 26.90441 21 50 24.43 +12 46 45.8          17.6 Rt~0iV7130
     K06O09T KC2012 08 30.15827421 39 51.89 +13 30 43.5          19.1 Vv~0iV7H21
     K06O09T KC2012 08 30.16208721 39 51.10 +13 30 46.3          18.5 Vv~0iV7H21
     K06O09T KC2012 08 30.16641321 39 50.19 +13 30 49.4          18.2 Vv~0iV7H21
     K06O09T KC2012 09 20.91189 20 48 03.27 +15 08 03.0          19.8 Ro~0iiiB67
     K06O09T KC2012 09 20.95767 20 47 59.21 +15 07 59.7          19.5 Ro~0iiiB67
     K06O09T KC2012 09 20.97412 20 47 57.78 +15 07 58.6          19.5 Ro~0iiiB67
