     K06H30Q* C2006 04 20.23581 14 34 13.44 +30 02 38.9          20.7 Vrq9993G96
     K06H30Q  C2006 04 20.24306 14 34 13.62 +30 02 47.2          20.4 Vrq9993G96
     K06H30Q  C2006 04 20.25022 14 34 13.76 +30 02 54.9          20.4 Vrq9993G96
     K06H30Q  C2006 04 20.25744 14 34 13.94 +30 03 03.3          20.5 Vrq9993G96
     K06H30Q  C2006 04 25.23818 14 36 47.84 +31 30 51.5          19.9 Vrq9993G96
     K06H30Q  C2006 04 25.24145 14 36 47.98 +31 30 55.3          20.3 Vrq9993G96
     K06H30Q  C2006 04 25.24485 14 36 48.06 +31 30 59.0          20.1 Vrq9993G96
     K06H30Q  C2006 04 25.97462 14 37 11.04 +31 42 59.9                rq9993J95
     K06H30Q  C2006 04 25.98012 14 37 11.19 +31 43 05.4                rq9993J95
     K06H30Q  C2006 04 25.98561 14 37 11.30 +31 43 10.5          20.3 Rrq9993J95
     K06H30Q  C2006 04 26.19604 14 37 19.27 +31 46 45.1          20.5 Vrq9993703
     K06H30Q  C2006 04 26.20556 14 37 19.56 +31 46 56.0          21.4 Vrq9993703
     K06H30Q  C2006 04 26.21506 14 37 19.70 +31 47 03.2          20.6 Vrq9993703
     K06H30Q 1C2006 04 26.21741 14 37 19.77 +31 46 58.0                 q9993658
     K06H30Q 1C2006 04 26.21976 14 37 19.88 +31 47 01.7                 q9994658
     K06H30Q 1C2006 04 26.22437 14 37 20.01 +31 47 07.1                 q9994658
     K06H30Q  C2006 04 26.22458 14 37 19.92 +31 47 14.5          20.6 Vrq9994703
     K06H30Q  C2006 04 26.34055 14 37 22.35 +31 49 10.7          20.1 Rcq9994651
     K06H30Q  C2006 04 26.34235 14 37 22.38 +31 49 12.9          20.3 Rcq9994651
     K06H30Q  C2006 04 27.19663 14 37 52.52 +32 02 57.8          20.6 Vdq9994291
     K06H30Q  C2006 04 27.20158 14 37 52.62 +32 03 02.9          20.7 Vdq9994291
     K06H30Q  C2006 04 27.20616 14 37 52.74 +32 03 07.5          20.9 Vdq9994291
     K06H30Q  C2006 04 27.32602 14 37 54.78 +32 05 01.1          20.6 Rrq9994734
     K06H30Q  C2006 04 27.33043 14 37 54.91 +32 05 04.9          20.6 Rrq9994734
     K06H30Q  C2006 04 27.33924 14 37 55.13 +32 05 13.6          20.1 Rrq9994734
     K06H30Q 7C2006 04 27.41275 14 37 57.16 +32 06 26.5                oq9994696
     K06H30Q 7C2006 04 27.42005 14 37 57.33 +32 06 33.2                oq9994696
     K06H30Q 7C2006 04 27.42369 14 37 57.42 +32 06 36.2                oq9994696
     K06H30Q  C2006 04 30.91361 14 40 04.96 +32 59 05.2          19.8 Vcr0900A50
     K06H30Q  C2006 04 30.91793 14 40 05.10 +32 59 09.8          19.3 Vcr0900A50
     K06H30Q  C2006 04 30.91901 14 40 05.10 +32 59 10.9          19.8 Vcr0900A50
     K06H30Q  C2006 04 30.92008 14 40 05.14 +32 59 12.1          19.7 Vcr0900A50
     K06H30Q  C2006 04 30.92225 14 40 05.17 +32 59 14.2          19.1 Vcr0900A50
     K06H30Q  C2006 04 30.92440 14 40 05.21 +32 59 16.5          19.2 Vcr0900A50
     K06H30Q  C2006 05 02.42869 14 41 04.28 +33 20 07.0          20.4 Vdr0900291
     K06H30Q  C2006 05 02.43311 14 41 04.40 +33 20 10.2          20.5 Vdr0900291
     K06H30Q  C2006 05 02.43753 14 41 04.55 +33 20 13.3          20.5 Vdr0900291
     K06H30Q  C2006 05 02.99130 14 41 29.60 +33 27 28.7          20.2 Vor0900198
     K06H30Q  C2006 05 02.99270 14 41 29.64 +33 27 29.8          20.1 Vor0900198
     K06H30Q  C2006 05 02.99550 14 41 29.73 +33 27 31.9          20.2 Vor0900198
     K06H30Q  C2006 05 02.99829 14 41 29.82 +33 27 34.0          20.2 Vor0900198
     K06H30Q  C2006 05 03.00809 14 41 30.13 +33 27 41.4          20.0 Vor0900198
     K06H30Q  C2006 05 03.43156 14 41 47.30 +33 33 15.8          20.4 Vdr0900291
     K06H30Q  C2006 05 03.43611 14 41 47.45 +33 33 19.1          20.4 Vdr0900291
     K06H30Q  C2006 05 03.44054 14 41 47.62 +33 33 22.0          20.8 Vdr0900291
     K06H30Q 1C2006 05 04.46614 14 42 35.45 +33 46 24.8                 r0900F65
     K06H30Q 1C2006 05 04.46748 14 42 35.50 +33 46 25.6                 r0900F65
     K06H30Q 1C2006 05 04.46866 14 42 35.53 +33 46 26.6                 r0900F65
     K06H30Q  C2006 05 06.41725 14 44 11.36 +34 08 52.1          20.1 Vdr1418291
     K06H30Q  C2006 05 06.42388 14 44 11.61 +34 08 55.8          20.0 Vdr1418291
     K06H30Q 3C2006 05 08.50723 14 46 09.55 +34 30 31.7          18.2 Ror1656F65
     K06H30Q 3C2006 05 08.51259 14 46 09.82 +34 30 33.0          18.7 Ror1656F65
     K06H30Q 3C2006 05 08.51826 14 46 10.06 +34 30 35.8          18.9 Ror1656F65
     K06H30Q  C2006 05 10.90382 14 48 49.66 +34 50 54.7                rr1418J95
     K06H30Q  C2006 05 10.91622 14 48 50.41 +34 51 01.6                rr1418J95
     K06H30Q  C2006 05 10.92854 14 48 51.18 +34 51 08.6          19.4 Rrr1418J95
     K06H30Q  C2006 05 12.87633 14 51 20.51 +35 04 39.4                cr1656A96
     K06H30Q  C2006 05 12.87996 14 51 20.79 +35 04 41.4          19.5 Vcr1656A96
     K06H30Q  C2006 05 15.93025 14 56 01.17 +35 18 52.7          19   Ror1656461
     K06H30Q  C2006 05 15.93325 14 56 01.41 +35 18 53.0                or1656461
     K06H30Q  C2006 05 15.93627 14 56 01.67 +35 18 53.6                or1656461
     K06H30Q  C2006 05 15.93927 14 56 01.93 +35 18 54.3                or1656461
     K06H30Q  C2006 05 21.88163 15 09 08.96 +35 14 30.3          18.5 Ror2098586
     K06H30Q  C2006 05 21.88448 15 09 09.36 +35 14 29.7          18.4 Ror2098586
     K06H30Q  C2006 05 21.88728 15 09 09.74 +35 14 29.5          18.1 Ror2098586
     K06H30Q  C2006 05 21.89007 15 09 10.23 +35 14 29.9          18.3 Ror2098586
     K06H30Q  C2006 05 21.89308 15 09 10.71 +35 14 29.7          19.2 Ror2098586
     K06H30Q  C2006 05 21.89588 15 09 11.01 +35 14 26.7          18.8 Ror2098586
     K06H30Q  C2006 05 21.89867 15 09 11.38 +35 14 26.3          17.8 Ror2098586
     K06H30Q  C2006 05 21.90147 15 09 11.81 +35 14 25.3          18.2 Ror2098586
     K06H30Q  C2006 05 21.90427 15 09 12.16 +35 14 24.8          17.9 Ror2098586
     K06H30Q  C2006 05 21.91877 15 09 13.64 +35 14 19.4          18.3 Rcr2897A53
     K06H30Q  C2006 05 21.92805 15 09 15.00 +35 14 16.4          18.6 Rcr2897A53
     K06H30Q  C2006 05 21.93663 15 09 16.22 +35 14 13.6          18.2 Rcr2897A53
     K06H30Q  C2006 05 23.16167 15 12 54.84 +35 06 03.4          18.6 Rrr2098649
     K06H30Q  C2006 05 23.16522 15 12 55.39 +35 06 02.4          18.3 Rrr2098649
     K06H30Q  C2006 05 23.16877 15 12 56.01 +35 06 00.6          18.6 Rrr2098649
     K06H30Q  C2006 05 23.24459 15 13 08.35 +35 05 25.4          19.1 Rrr2098H36
     K06H30Q  C2006 05 23.25066 15 13 09.34 +35 05 21.8          19.2 Rrr2098H36
     K06H30Q  C2006 05 23.28960 15 13 16.46 +35 05 08.5          18.7  cr2098704
     K06H30Q  C2006 05 23.30021 15 13 18.13 +35 05 03.1          18.8  cr2098704
     K06H30Q  C2006 05 23.31081 15 13 19.79 +35 04 57.5          18.7  cr2098704
     K06H30Q  C2006 05 23.32137 15 13 21.50 +35 04 50.6          18.8  cr2098704
     K06H30Q  C2006 05 23.33204 15 13 23.24 +35 04 45.8          18.8  cr2098704
     K06H30Q  C2006 05 23.90327 15 15 17.15 +34 59 18.6          18.7 Vrr2098240
     K06H30Q  C2006 05 23.90882 15 15 18.14 +34 59 15.5          18.9 Vrr2098240
     K06H30Q  C2006 05 23.91608 15 15 19.42 +34 59 11.7          18.6 Vrr2098240
     K06H30Q  C2006 05 25.24892 15 20 02.69 +34 44 05.6          18.3 Ror2098699
     K06H30Q  C2006 05 25.27452 15 20 07.76 +34 43 45.3                or2098699
     K06H30Q  C2006 05 25.30011 15 20 12.76 +34 43 24.1                or2098699
     K06H30Q  C2006 05 25.32572 15 20 17.85 +34 43 01.7                or2098699
     K06H30Q  C2006 05 25.88864 15 22 32.01 +34 34 40.3          18.6 Vcr4857A48
     K06H30Q  C2006 05 25.89080 15 22 32.49 +34 34 38.4          18.5 Vcr4857A48
     K06H30Q  C2006 05 25.89295 15 22 32.93 +34 34 36.8          18.5 Vcr4857A48
     K06H30Q  C2006 05 25.89511 15 22 33.40 +34 34 35.0          18.6 Vcr4857A48
     K06H30Q  C2006 05 25.89727 15 22 33.86 +34 34 32.9          18.6 Vcr4857A48
     K06H30Q  C2006 05 25.93489 15 22 41.87 +34 33 59.2          18.3 Rcr2897A53
     K06H30Q  C2006 05 25.94869 15 22 44.85 +34 33 46.3          18.3 Rcr2897A53
     K06H30Q  C2006 05 25.96212 15 22 47.72 +34 33 33.5          18.2 Rcr2897A53
     K06H30Q  C2006 05 26.91743 15 26 51.10 +34 17 10.8          18.0 Vrr2897170
     K06H30Q  C2006 05 26.91844 15 26 51.34 +34 17 09.6          18.5 Vrr2897170
     K06H30Q  C2006 05 26.91920 15 26 51.51 +34 17 08.8          18.7 Vrr2897170
     K06H30Q  C2006 05 26.92046 15 26 51.80 +34 17 07.3          18.8 Vrr2897170
     K06H30Q  C2006 05 26.92273 15 26 52.33 +34 17 04.8          18.6 Vrr2897170
     K06H30Q  C2006 05 27.89902 15 31 23.46 +33 56 39.9          18.0 Rrr2897157
     K06H30Q  C2006 05 27.90179 15 31 24.18 +33 56 36.6          17.9 Rrr2897157
     K06H30Q  C2006 05 27.90458 15 31 24.88 +33 56 32.4          17.8 Rrr2897157
     K06H30Q  C2006 05 31.33523 15 51 22.50 +32 06 22.1          17.7 Vrr2897703
     K06H30Q  C2006 05 31.34332 15 51 25.56 +32 06 00.3          17.7 Vrr2897703
     K06H30Q  C2006 05 31.35138 15 51 28.62 +32 05 38.3          17.8 Vrr2897703
     K06H30Q  C2006 05 31.35951 15 51 31.71 +32 05 15.9          17.8 Vrr2897703
     K06H30Q  C2006 06 02.04275 16 04 27.75 +30 38 44.5          16.8 Vrr2897941
     K06H30Q  C2006 06 02.04330 16 04 27.99 +30 38 42.7          17.0 Vrr2897941
     K06H30Q  C2006 06 02.04438 16 04 28.50 +30 38 38.9          17.1 Vrr2897941
     K06H30Q  C2006 06 02.04492 16 04 28.76 +30 38 36.7          17.1 Vrr2897941
     K06H30Q  C2006 06 02.34038 16 07 00.94 +30 20 41.2          17.4 Vrr2897703
     K06H30Q  C2006 06 02.34157 16 07 01.48 +30 20 37.0          17.6 Vrr2897703
     K06H30Q  C2006 06 02.34275 16 07 02.06 +30 20 32.8          17.5 Vrr2897703
     K06H30Q  C2006 06 02.34395 16 07 02.71 +30 20 27.4          17.4 Vrr2897703
     K06H30Q  C2006 06 03.90977 16 22 06.28 +28 24 31.5                rr3941204
     K06H30Q  C2006 06 03.91502 16 22 09.37 +28 24 05.0          17.0 Rrr3941204
     K06H30Q  C2006 06 03.94284 16 22 25.70 +28 21 43.9                rr3601203
     K06H30Q  C2006 06 03.98044 16 22 47.85 +28 18 28.9                rr3601203
     K06H30Q  C2006 06 04.03294 16 23 18.67 +28 13 47.9                or3601473
     K06H30Q  C2006 06 04.04113 16 23 23.60 +28 13 03.5                or3601473
     K06H30Q  C2006 06 04.04931 16 23 28.53 +28 12 18.5                or3601473
     K06H30Q  C2006 06 04.05729 16 23 33.35 +28 11 35.7                or3601473
     K06H30Q  C2006 06 04.06684 16 23 39.14 +28 10 43.3                or3601473
     K06H30Q  C2006 06 05.92404 16 45 56.94 +24 53 39.8          16.8 Rrr3601170
     K06H30Q  C2006 06 05.92568 16 45 58.18 +24 53 27.6          16.3 Rrr3601170
     K06H30Q  C2006 06 05.92966 16 46 01.20 +24 52 57.5          16.0 Rrr3601170
     K06H30Q  C2006 06 06.10273 16 48 23.62 +24 30 21.5          17.2 R r3601H67
     K06H30Q  C2006 06 06.13546 16 48 49.08 +24 26 09.0          17.7 R r3601H67
     K06H30Q  C2006 06 06.14524 16 48 56.70 +24 24 51.7          18.8 R r3601H67
     K06H30Q  C2006 06 06.71552 16 56 50.53 +23 05 05.1          16.9 Vrr3601379
     K06H30Q  C2006 06 06.71677 16 56 51.54 +23 04 53.8          16.9 Vrr3601379
     K06H30Q  C2006 06 06.72299 16 56 56.67 +23 03 57.3          17.1 Vrr3601379
     K06H30Q  C2006 06 06.72890 16 57 01.62 +23 03 02.7          17.5 Vrr3601379
     K06H30Q  C2006 06 07.88502 17 15 19.38 +19 49 26.0          16.7 Vor3601151
     K06H30Q  C2006 06 07.88546 17 15 19.81 +19 49 21.2          16.9 Vor3601151
     K06H30Q  C2006 06 07.88591 17 15 20.24 +19 49 16.5          16.8 Vor3601151
     K06H30Q  C2006 06 07.88696 17 15 21.24 +19 49 04.6          16.7 Vor3601151
     K06H30Q  C2006 06 07.88744 17 15 21.70 +19 48 59.4          16.8 Vor3601151
     K06H30Q  C2006 06 07.88793 17 15 22.17 +19 48 54.0          16.8 Vor3601151
     K06H30Q  C2006 06 07.90979 17 15 44.48 +19 45 05.3          16.5 Rrr3601213
     K06H30Q  C2006 06 07.90994 17 15 44.62 +19 45 02.8          16.3 Rrr3601213
     K06H30Q  C2006 06 07.91594 17 15 50.37 +19 43 57.0          16.3 Rrr3601213
     K06H30Q  C2006 06 07.91684 17 15 51.23 +19 43 46.7          16.3 Rrr3601213
     K06H30Q  C2006 06 07.91745 17 15 51.81 +19 43 40.0          16.3 Rrr3601213
     K06H30Q  C2006 06 08.33764 17 22 56.50 +18 21 57.0          16.5 Rrr3601H45
     K06H30Q  C2006 06 08.34288 17 23 01.72 +18 20 52.7          16.0 Rrr3601H45
     K06H30Q  C2006 06 08.34336 17 23 02.21 +18 20 46.5          16.1 Rrr3601H45
     K06H30Q  C2006 06 08.34495 17 23 03.81 +18 20 26.8          16.2 Rrr3601H45
     K06H30Q  C2006 06 08.34533 17 23 04.17 +18 20 22.3          16.5 Rrr3601H45
     K06H30Q  C2006 06 08.34626 17 23 05.11 +18 20 10.7          16.2 Rrr3601H45
     K06H30Q  C2006 06 08.34702 17 23 05.88 +18 20 01.4          16.3 Rrr3601H45
     K06H30Q  C2006 06 09.38222 17 42 22.34 +14 28 14.1          16.2 Rrr3601H45
     K06H30Q  C2006 06 09.38446 17 42 24.86 +14 27 40.9          16.1 Rrr3601H45
     K06H30Q  C2006 06 09.38478 17 42 25.21 +14 27 36.1          16.2 Rrr3601H45
     K06H30Q  C2006 06 09.38543 17 42 25.94 +14 27 26.3          16.0 Rrr3601H45
     K06H30Q  C2006 06 09.38572 17 42 26.29 +14 27 22.1          16.0 Rrr3601H45
     K06H30Q  C2006 06 09.38602 17 42 26.63 +14 27 17.6          16.2 Rrr3601H45
     K06H30Q  C2006 06 09.38650 17 42 27.16 +14 27 10.4          16.1 Rrr3601H45
     K06H30Q  C2006 06 09.93859 17 53 48.09 +12 05 09.9          16.1  or3941160
     K06H30Q  C2006 06 09.93939 17 53 49.06 +12 04 57.2          16.1  or3941160
     K06H30Q  C2006 06 09.94045 17 53 50.32 +12 04 40.1          16.1  or3941160
     K06H30Q  C2006 06 09.94164 17 53 51.73 +12 04 21.1          15.9  or3941160
     K06H30Q  C2006 06 09.94360 17 53 54.07 +12 03 49.6          15.8  or3941160
     K06H30Q  C2006 06 09.94422 17 53 54.80 +12 03 39.8          15.8  or3941160
     K06H30Q  C2006 06 09.94484 17 53 55.54 +12 03 29.9          15.7  or3941160
     K06H30Q  C2006 06 09.94546 17 53 56.29 +12 03 19.8          15.9  or3941160
     K06H30Q  C2006 06 09.94609 17 53 57.03 +12 03 09.9          15.9  or3941160
     K06H30Q  C2006 06 09.94670 17 53 57.76 +12 03 00.0          15.9  or3941160
     K06H30Q  C2006 06 09.94712 17 53 58.26 +12 02 53.1          15.9  or3941160
     K06H30Q  C2006 06 10.32731 18 01 55.74 +10 18 15.6          16.0 Rrr3601H45
     K06H30Q  C2006 06 10.33218 18 02 01.70 +10 16 52.3          15.9 Rrr3601H45
     K06H30Q  C2006 06 10.33319 18 02 02.94 +10 16 34.8          16.2 Rrr3601H45
     K06H30Q  C2006 06 10.33358 18 02 03.41 +10 16 28.5          15.9 Rrr3601H45
     K06H30Q  C2006 06 10.33478 18 02 04.87 +10 16 07.9          15.9 Rrr3601H45
     K06H30Q  C2006 06 10.33565 18 02 05.94 +10 15 53.1          15.9 Rrr3601H45
     K06H30Q  C2006 06 10.33875 18 02 09.74 +10 14 59.9          16.1 Rrr3601H45
     K06H30Q  C2006 06 10.34204 18 02 13.78 +10 14 03.4          15.9 Rrr3601H45
     K06H30Q  C2006 06 10.34417 18 02 16.38 +10 13 27.0          16.0 Rrr3601H45
     K06H30Q  C2006 06 10.95597 18 15 56.17 +07 10 57.2          15.8 Rrr3941118
     K06H30Q  C2006 06 10.95645 18 15 56.80 +07 10 48.5          15.8 Rrr3941118
     K06H30Q  C2006 06 10.95694 18 15 57.45 +07 10 39.5          15.7 Rrr3941118
     K06H30Q  C2006 06 10.95839 18 15 59.32 +07 10 12.3          15.7 Rrr3941118
     K06H30Q  C2006 06 10.95936 18 16 00.60 +07 09 54.6          15.8 Rrr3941118
     K06H30Q  C2006 06 14.45486 19 43 35.56 -12 56 29.4          15.2 Vrr3941703
     K06H30Q  C2006 06 14.45549 19 43 36.48 -12 56 41.8          15.2 Vrr3941703
     K06H30Q  C2006 06 14.45614 19 43 37.43 -12 56 55.8          15.3 Vrr3941703
     K06H30Q  C2006 06 14.45851 19 43 41.01 -12 57 43.7          15.1 Vrr3941703
     K06H30Q  C2006 06 14.45915 19 43 41.98 -12 57 57.3          15.2 Vrr3941703
     K06H30Q  C2006 06 14.97877 19 57 30.48 -15 52 46.0          15.9 Vrr3941A89
     K06H30Q  C2006 06 14.98203 19 57 35.50 -15 53 51.0          15.2 Vrr3941A89
     K06H30Q  C2006 06 14.98531 19 57 40.46 -15 54 55.9          15.4 Vrr3941A89
     K06H30Q  C2006 06 14.98858 19 57 45.41 -15 56 00.4          15.6 Vrr3942A89
     K06H30Q  C2006 06 15.65652 20 15 03.34 -19 22 15.8          15.6 Vrr3942E12
     K06H30Q  C2006 06 15.65676 20 15 03.70 -19 22 20.1          15.4 Vrr3942E12
     K06H30Q  C2006 06 15.65726 20 15 04.42 -19 22 29.1          15.6 Vrr3942E12
     K06H30Q  C2006 06 15.65749 20 15 04.82 -19 22 33.7          15.5 Vrr3942E12
     K06H30Q  C2006 06 15.65832 20 15 06.01 -19 22 48.3          15.6 Vrr3942E12
     K06H30Q  C2006 06 15.65857 20 15 06.33 -19 22 52.8          15.6 Vrr3942E12
     K06H30Q  C2006 06 15.65882 20 15 06.73 -19 22 57.7          15.6 Vrr3942E12
     K06H30Q  C2006 06 15.65907 20 15 07.09 -19 23 02.6          15.5 Vrr3942E12
     K06H30Q  C2006 06 17.45429 20 59 11.36 -27 16 46.7          16.0 Vrr3942703
     K06H30Q  C2006 06 17.45528 20 59 12.73 -27 17 00.4          15.9 Vrr3942703
     K06H30Q  C2006 06 17.45628 20 59 13.99 -27 17 13.4          16.0 Vrr3942703
     K06H30Q  C2006 06 17.45737 20 59 15.43 -27 17 28.2          16.0 Vrr3942703
     K06H30Q  C2006 06 18.58882 21 24 31.53 -30 57 00.7          16.4 Vrr3942E12
     K06H30Q  C2006 06 18.59677 21 24 41.22 -30 58 26.6          16.3 Vrr3942E12
     K06H30Q  C2006 06 18.60475 21 24 50.90 -30 59 52.8          16.2 Vrr3942E12
     K06H30Q  C2006 06 18.61269 21 25 00.55 -31 01 18.2          16.2 Vrr3942E12
