     K06B99F* C2006 01 28.26145 07 55 48.36 +24 16 41.7          20.0 Vrq1998G96
     K06B99F  C2006 01 28.26675 07 55 44.36 +24 15 17.0          19.8 Vrq1999G96
     K06B99F  C2006 01 28.27204 07 55 40.33 +24 13 51.8          20.3 Vrq1999G96
     K06B99F  C2006 01 28.27733 07 55 36.40 +24 12 27.3          20.6 Vrq1999G96
     K06B99F  C2006 01 28.30371 07 55 16.60 +24 05 24.8          20.5 Vrq1999G96
     K06B99F  C2006 01 28.30407 07 55 16.32 +24 05 18.0          21.1 Vrq1999G96
     K06B99F  C2006 01 28.30444 07 55 16.03 +24 05 12.7          20.6 Vrq1999G96
     K06B99F  C2006 01 28.30480 07 55 15.74 +24 05 06.6          20.8 Vrq1999G96
     K06B99F  C2006 01 28.33526 07 54 53.13 +23 56 59.9          20.7 Vrq1999G96
     K06B99F  C2006 01 28.33562 07 54 52.81 +23 56 53.5          20.5 Vrq1999G96
     K06B99F  C2006 01 28.33598 07 54 52.56 +23 56 48.1          19.8 Vrq1999G96
     K06B99F  C2006 01 28.33634 07 54 52.27 +23 56 42.1          19.9 Vrq1999G96
     K06B99F tC2006 01 28.90895 07 48 23.38 +21 28 21.9                cq1999246
     K06B99F tC2006 01 28.91038 07 48 22.37 +21 28 01.4                cq1999246
     K06B99F  C2006 01 28.97155 07 47 42.54 +21 12 37.1                rq1999J95
     K06B99F  C2006 01 28.98025 07 47 36.78 +21 10 26.4          19.4 Rrq1999J95
     K06B99F  C2006 01 29.04265 07 46 55.93 +20 54 53.5          20.1 Rrq1999J95
     K06B99F tC2006 01 29.13614 07 46 01.42 +20 32 05.7          20.5 Vdq1999291
     K06B99F tC2006 01 29.14160 07 45 58.03 +20 30 47.4          20.7 Vdq1999291
     K06B99F tC2006 01 29.14653 07 45 54.67 +20 29 32.1          21.0 Vdq1999291
     K06B99F  C2006 01 29.47926 07 42 30.70 +19 10 36.3          20.4 Roq1999474
     K06B99F  C2006 01 29.48231 07 42 28.87 +19 09 52.6          20.3 Roq1999474
     K06B99F  C2006 01 29.48537 07 42 27.04 +19 09 09.6          20.1 Roq1999474
     K06B99F  C2006 01 29.48842 07 42 25.16 +19 08 26.3          20.9 Roq1999474
     K06B99F  C2006 01 30.13828 07 36 25.14 +16 38 47.2          20.1 Rrq1999649
     K06B99F  C2006 01 30.14401 07 36 21.86 +16 37 31.8          20.2 Rrq1999649
     K06B99F  C2006 01 30.15192 07 36 17.57 +16 35 48.0          19.8 Rrq1999649
     K06B99F IC2006 01 30.17419 07 36 05.65 +16 30 51.8                rq1999734
     K06B99F IC2006 01 30.17763 07 36 03.58 +16 30 10.9          20.8 Rrq1999734
     K06B99F  C2006 01 30.18106 07 36 01.79 +16 29 24.7          19.9 Rrq1999734
