     K06H02D 7C2005 10 20.26852 00 17 07.94 -00 33 59.4          20.8 ro~0Wqw705
     K06H02D 7C2005 10 20.26934 00 17 07.83 -00 33 59.9                o~0Wqw705
     K06H02D 7C2005 10 23.33408 00 10 35.30 -01 01 09.1          21.3 ro~0Wqw705
     K06H02D 7C2005 10 23.33491 00 10 35.19 -01 01 09.4                o~0Wqw705
     K06H02D* C2006 04 19.32066 15 35 45.97 -20 47 21.1          20.2 Vcq9231691
     K06H02D  C2006 04 19.33800 15 35 42.17 -20 47 21.1          20.3 Vcq9231691
     K06H02D  C2006 04 19.35533 15 35 38.41 -20 47 21.0          20.4 Vcq9231691
     K06H02D  C2006 04 19.41880 15 35 24.48 -20 47 18.8          20.5 Vdq9231291
     K06H02D  C2006 04 19.42443 15 35 23.33 -20 47 19.3          20.6 Vdq9231291
     K06H02D  C2006 04 19.43022 15 35 22.06 -20 47 18.9          20.8 Vdq9231291
     K06H02D  C2006 04 20.25218 15 32 34.73 -20 46 50.6          19.9 Rrq9231734
     K06H02D  C2006 04 20.25660 15 32 34.03 -20 46 50.9          19.9 Rrq9231734
     K06H02D  C2006 04 20.26102 15 32 33.02 -20 46 51.4          20.0 Rrq9231734
     K06H02D  C2006 04 20.31728 15 32 21.49 -20 46 46.5          20.7 Vdq9231291
     K06H02D  C2006 04 20.32120 15 32 20.61 -20 46 46.1          20.3 Vdq9231291
     K06H02D  C2006 04 20.32515 15 32 19.83 -20 46 45.9          20.8 Vdq9231291
     K06H02D  C2006 04 20.38280 15 32 07.51 -20 46 43.8          19.8 Vrq9231G96
     K06H02D  C2006 04 20.39052 15 32 05.85 -20 46 43.3          19.9 Vrq9231G96
     K06H02D  C2006 04 20.39809 15 32 04.27 -20 46 43.1          19.4 Vrq9231G96
     K06H02D  C2006 04 20.40577 15 32 02.58 -20 46 42.5          19.5 Vrq9231G96
     K06H02D  C2006 04 21.30754 15 29 03.11 -20 45 45.5          20.7 Vdq9231291
     K06H02D  C2006 04 21.31158 15 29 02.30 -20 45 45.5          20.7 Vdq9231291
     K06H02D  C2006 04 21.31550 15 29 01.47 -20 45 44.9          21.4 Vdq9231291
     K06H02D 1C2006 04 22.50424 15 25 08.93 -20 43 57.4                 q9967F65
     K06H02D 1C2006 04 22.50553 15 25 08.65 -20 43 57.4                 q9967F65
     K06H02D 1C2006 04 22.50669 15 25 08.43 -20 43 57.3                 q9967F65
     K06H02D  C2006 04 26.32253 15 13 32.81 -20 35 06.1                dq9967291
     K06H02D  C2006 04 26.32679 15 13 32.04 -20 35 05.5                dq9967291
     K06H02D 7C2006 04 26.32789 15 13 31.80 -20 35 05.6                oq9967696
     K06H02D 7C2006 04 26.33098 15 13 31.31 -20 35 04.8                oq9967696
     K06H02D  C2006 04 26.33218 15 13 31.04 -20 35 04.1                dq9967291
     K06H02D  C2006 05 03.31719 14 55 34.86 -20 10 19.1          20.1 Vrr0893G96
     K06H02D  C2006 05 03.32257 14 55 34.06 -20 10 17.8          20.3 Vrr0893G96
     K06H02D  C2006 05 03.32773 14 55 33.34 -20 10 16.6          20.0 Vrr0893G96
     K06H02D  C2006 05 03.33307 14 55 32.59 -20 10 15.4          20.0 Vrr0893G96
     K06H02D  C2006 05 06.31031 14 49 12.86 -19 58 13.6          20.2 Vrr1413G96
     K06H02D  C2006 05 06.31709 14 49 12.03 -19 58 12.4          20.6 Vrr1413G96
     K06H02D  C2006 05 06.32397 14 49 11.17 -19 58 10.8          19.9 Vrr1413G96
     K06H02D  C2006 05 06.33113 14 49 10.27 -19 58 08.6          20.4 Vrr1413G96
     K06H02D  C2006 05 06.36054 14 49 06.51 -19 58 01.1          20.0 Vrr1413G96
     K06H02D  C2006 05 06.36476 14 49 05.98 -19 57 59.8          20.0 Vrr1413G96
     K06H02D  C2006 05 06.36907 14 49 05.42 -19 57 59.3          20.1 Vrr1413G96
     K06H02D  C2006 05 06.37357 14 49 04.87 -19 57 58.2          20.2 Vrr1413G96
     K06H02D  C2006 05 06.38273 14 49 03.70 -19 57 55.6          20.2 Vrr1413G96
     K06H02D  C2006 05 06.38862 14 49 02.98 -19 57 54.1          20.1 Vrr1413G96
     K06H02D  C2006 05 06.39450 14 49 02.20 -19 57 52.5          20.2 Vrr1413G96
     K06H02D  C2006 05 06.40040 14 49 01.47 -19 57 50.8          20.1 Vrr1413G96
     K06H02D HC2006 05 20.22127 14 29 07.70 -19 07 08.3                dr2093291
     K06H02D HC2006 05 20.23206 14 29 07.04 -19 07 05.0                dr2093291
     K06H02D HC2006 05 20.24195 14 29 06.54 -19 07 04.4                dr2093291
     K06H02D  C2006 05 27.25491014 24 01.970-18 49 54.01         21.93r ~0Yuv645
     K06H02D  C2006 05 27.25822714 24 01.843-18 49 53.87                ~0Yuv645
     K06H02D  C2008 10 03.41979 04 20 38.72 +21 21 21.1          21.4 Vrz9307G96
     K06H02D  C2008 10 03.42521 04 20 39.66 +21 21 27.0          20.3 Vrz9307G96
     K06H02D  C2008 10 03.43064 04 20 40.59 +21 21 29.9          21.5 Vrz9307G96
     K06H02D  C2008 10 03.43626 04 20 41.60 +21 21 34.4          20.8 Vrz9307G96
     K06H02D  C2008 10 03.46537 04 20 46.71 +21 21 58.6          21.7 Vrz9307G96
     K06H02D  C2008 10 03.46935 04 20 47.43 +21 22 01.3          21.3 Vrz9307G96
     K06H02D  C2008 10 03.47339 04 20 48.15 +21 22 04.4          21.6 Vrz9307G96
     K06H02D  C2008 10 03.47741 04 20 48.80 +21 22 07.8          21.5 Vrz9307G96
     K06H02D  C2008 10 04.34457 04 23 29.14 +21 33 47.6          21.5 Vo~00ADH55
     K06H02D  C2008 10 04.35699 04 23 31.39 +21 33 58.6          21.4 Vo~00ADH55
     K06H02D  C2008 10 04.36926 04 23 33.60 +21 34 09.0          21.3 Vo~00ADH55
     K06H02D  C2008 10 04.44355 04 23 47.47 +21 35 11.0                rz9307G96
     K06H02D  C2008 10 04.44420 04 23 47.60 +21 35 11.9          21.2 Vrz9307G96
     K06H02D  C2008 10 04.44485 04 23 47.66 +21 35 12.2          21.5 Vrz9307G96
     K06H02D  C2008 10 04.44550 04 23 47.89 +21 35 13.6                rz9307G96
     K06H02D tC2008 10 23.51245 05 50 27.34 +26 47 17.9          21.2 Vo~00AD291
     K06H02D tC2008 10 23.52588 05 50 32.68 +26 47 33.0          21.4 Vo~00AD291
