     K06U17F* C2006 10 19.47561 04 18 20.08 +14 51 01.8          19.5 Vrs3209703
     K06U17F  C2006 10 19.48554 04 18 12.31 +14 50 59.6          18.9 Vrs3209703
     K06U17F  C2006 10 19.49539 04 18 04.60 +14 50 58.8          18.7 Vrs3209703
     K06U17F  C2006 10 19.50534 04 17 56.86 +14 50 56.0          19.3 Vrs3209703
     K06U17F  C2006 10 20.35991 04 07 30.89 +14 48 01.6          19.1 Vrs3209703
     K06U17F 5C2006 10 20.36632 04 07 26.65 +14 47 57.7          19.0 Ros3209673
     K06U17F 5C2006 10 20.36800 04 07 25.36 +14 47 57.2                os3209673
     K06U17F 5C2006 10 20.37188 04 07 22.62 +14 47 56.5                os3209673
     K06U17F  C2006 10 20.37706 04 07 18.50 +14 47 56.1                rs3209G96
     K06U17F  C2006 10 20.37971 04 07 16.60 +14 47 56.8                rs3209G96
     K06U17F  C2006 10 20.37981 04 07 15.94 +14 47 51.6          18.9 Rrs3209734
     K06U17F  C2006 10 20.38112 04 07 14.96 +14 47 49.8          20.0 Rrs3209734
     K06U17F  C2006 10 20.38220 04 07 14.16 +14 47 50.6          19.8 Rrs3209734
     K06U17F  C2006 10 20.38236 04 07 14.69 +14 47 54.8          18.9 Vrs3209G96
     K06U17F 5C2006 10 20.38264 04 07 14.85 +14 47 54.0                os3209673
     K06U17F  C2006 10 20.38507 04 07 12.76 +14 47 54.3                rs3209G96
     K06U17F  C2006 10 20.38646 04 07 11.10 +14 47 48.7          19.3 Rrs3209734
     K06U17F  C2006 10 20.38773 04 07 10.17 +14 47 48.0          19.5 Rrs3209734
     K06U17F  C2006 10 20.38915 04 07 09.74 +14 47 52.6          19.1 Vrs3209703
     K06U17F  C2006 10 21.39407503 55 50.825+14 42 36.92         19.45r ~0Yv4645
     K06U17F  C2006 10 21.39490403 55 50.247+14 42 36.64         20.12i ~0Yv4645
     K06U17F  C2006 10 21.39739203 55 48.614+14 42 35.86         21.19g ~0Yv4645
     K06U17F tC2006 10 22.46144 03 44 52.36 +14 35 31.4          20.5 Vcs4248691
     K06U17F  C2006 10 24.16499 03 29 28.08 +14 22 08.4          19.0 Rrs4248649
     K06U17F  C2006 10 24.16677 03 29 27.27 +14 22 07.6          19.3 Rrs4248649
     K06U17F  C2006 10 24.16854 03 29 26.33 +14 22 07.4          19.2 Rrs4248649
     K06U17F  C2006 10 24.17031 03 29 25.42 +14 22 06.8          19.0 Rrs4248649
     K06U17F  C2006 10 24.17209 03 29 24.51 +14 22 05.3          19.0 Rrs4248649
     K06U17F  C2006 10 25.95151 03 15 33.50 +14 06 56.6                cs5679246
     K06U17F  C2006 10 25.95468 03 15 32.05 +14 06 55.9                cs5679246
     K06U17F HC2006 10 25.95624 03 15 31.45 +14 06 55.6                cs5679246
     K06U17F HC2006 10 25.95724 03 15 30.93 +14 06 55.7                cs5679246
     K06U17F HC2006 10 25.95821 03 15 30.55 +14 06 54.0                cs5679246
     K06U17F  C2006 10 26.91947 03 08 53.51 +13 58 36.1          19.9 Vos4248151
     K06U17F  C2006 10 26.92100 03 08 52.92 +13 58 35.4          19.9 Vos4248151
     K06U17F  C2006 10 26.92253 03 08 52.33 +13 58 34.5          20.0 Vos4248151
     K06U17F  C2006 10 26.92409 03 08 51.64 +13 58 34.1          20.2 Vos4248151
     K06U17F  C2006 10 26.92717 03 08 50.29 +13 58 32.6          20.1 Vos4248151
     K06U17F  C2006 10 29.29168 02 54 40.65 +13 38 46.9                ds5679291
     K06U17F  C2006 10 29.29565 02 54 39.40 +13 38 45.7                ds5679291
     K06U17F  C2006 10 29.29963 02 54 38.12 +13 38 43.6                ds5679291
     K06U17F  C2006 10 30.84035 02 46 49.16 +13 26 20.3          19.4 Vrs5679A17
     K06U17F  C2006 10 30.86568 02 46 41.84 +13 26 08.8          19.7 Vrs5679A17
     K06U17F  C2006 10 30.89157 02 46 34.29 +13 25 57.5          19.1 Vrs5679A17
     K06U17F  C2006 10 31.29392 02 44 40.88 +13 23 02.0          20.4 Rrs5679448
     K06U17F  C2006 10 31.31402 02 44 35.16 +13 22 52.7          19.7 Rrs5679448
     K06U17F tC2006 10 31.31685 02 44 34.47 +13 22 51.0          20.6 Vcs5679691
     K06U17F  C2006 10 31.33394 02 44 29.45 +13 22 43.5          20.6 Rrs5679448
     K06U17F HC2006 10 31.33423 02 44 29.54 +13 22 43.5                cs5679691
     K06U17F tC2006 10 31.35180 02 44 24.52 +13 22 35.8          20.4 Vcs5679691
     K06U17F HC2006 11 10.27785 02 12 48.52 +12 25 36.8                ds6547291
     K06U17F  C2006 11 10.28203 02 12 48.19 +12 25 36.4          21.0 Vds6547291
     K06U17F  C2006 11 10.28607 02 12 47.56 +12 25 34.1          21.7 Vds6547291
     K06U17F  C2006 11 10.29633 02 12 46.13 +12 25 31.0          21.8 Vds6547291
     K06U17F  C2006 11 10.30361 02 12 45.19 +12 25 29.9          22.0 Vds6547291
     K06U17F  C2006 11 10.30768 02 12 44.70 +12 25 28.8          21.7 Vds6547291
     K06U17F HC2006 11 14.15208 02 05 41.20 +12 12 28.2                ds7146291
     K06U17F  C2006 11 14.15602 02 05 40.83 +12 12 27.4                ds7146291
