     K06A04L* C2006 01 08.38120 09 15 00.00 +19 59 35.3          20.8 Vrp9223G96
     K06A04L  C2006 01 08.38823 09 15 04.78 +19 59 30.8          20.9 Vrp9223G96
     K06A04L  C2006 01 08.39522 09 15 09.46 +19 59 26.7          21.0 Vrp9223G96
     K06A04L  C2006 01 08.40222 09 15 14.25 +19 59 22.9          20.6 Vrp9223G96
     K06A04L  C2006 01 08.47658 09 16 04.98 +19 58 33.3          20.9 Vrp9223G96
     K06A04L  C2006 01 08.48105 09 16 08.11 +19 58 29.5          21.2 Vrp9223G96
     K06A04L  C2006 01 08.48560 09 16 11.20 +19 58 26.6          21.0 Vrp9223G96
     K06A04L  C2006 01 08.49008 09 16 14.30 +19 58 23.8          20.8 Vrp9223G96
     K06A04L tC2006 01 09.31822 09 26 21.36 +19 48 38.8          20.8 Vdp9223291
     K06A04L tC2006 01 09.32224 09 26 24.15 +19 48 36.2          20.9 Vdp9223291
     K06A04L tC2006 01 09.32632 09 26 26.87 +19 48 33.5          20.7 Vdp9223291
     K06A04L  C2006 01 09.38715 09 27 09.43 +19 47 46.9          20.9 Vrp9223G96
     K06A04L  C2006 01 09.38800 09 27 10.00 +19 47 46.1          20.9 Vrp9223G96
     K06A04L  C2006 01 09.38885 09 27 10.58 +19 47 45.0          20.8 Vrp9223G96
     K06A04L  C2006 01 09.38970 09 27 11.19 +19 47 44.8          21.8 Vrp9223G96
     K06A04L  C2006 01 10.38655 09 39 31.98 +19 32 38.5          20.7 Vrp9223G96
     K06A04L  C2006 01 10.39429 09 39 37.53 +19 32 30.2          21.2 Vrp9223G96
     K06A04L  C2006 01 10.40208 09 39 43.06 +19 32 23.8                rp9223G96
     K06A04L  C2006 01 10.40997 09 39 48.71 +19 32 14.8          21.1 Vrp9223G96
     K06A04L  C2014 01 07.23210 05 35 37.54 +24 14 48.3          20.4 Vq~0zXQG96
     K06A04L  C2014 01 07.23732 05 35 38.82 +24 15 01.0          20.7 Vq~0zXQG96
     K06A04L  C2014 01 07.24775 05 35 41.42 +24 15 27.2          20.6 Vq~0zXQG96
     K06A04L  C2014 01 09.15843 05 45 51.50 +25 39 15.0          20.3 Vq~0zXQG96
     K06A04L  C2014 01 09.16334 05 45 53.06 +25 39 29.6          20.3 Vq~0zXQG96
     K06A04L  C2014 01 09.17418 05 45 56.50 +25 40 01.3          19.9 Vq~0zXQG96
     K06A04L KC2014 01 09.83100 05 49 56.74 +26 10 46.4          20.3 Rq~0zXQJ95
     K06A04L KC2014 01 09.85112 05 50 03.92 +26 11 46.3          20.0 Rq~0zXQJ95
     K06A04L  C2014 01 10.07931 05 51 34.74 +26 23 16.7          21.2 Vq~0zXQG96
     K06A04L  C2014 01 10.08591 05 51 37.17 +26 23 37.8          20.9 Vq~0zXQG96
     K06A04L  C2014 01 10.08920 05 51 38.39 +26 23 48.6                q~0zXQG96
     K06A04L  C2014 01 10.17584 05 52 09.65 +26 28 21.4          20.1 Ro~0zXQ926
     K06A04L  C2014 01 10.18154 05 52 11.74 +26 28 39.3          20.2 Ro~0zXQ926
