     K06C10U*tC2006 02 07.34159 10 11 28.47 +05 46 13.7          21.4 Vdq3017291
     K06C10U tC2006 02 07.34542 10 11 28.01 +05 46 25.5          21.4 Vdq3017291
     K06C10U tC2006 02 07.35004 10 11 27.48 +05 46 40.6          21.1 Vdq3017291
     K06C10U  C2006 02 07.41392 10 11 20.32 +05 49 47.3          21.6 Vdq3017291
     K06C10U  C2006 02 07.41770 10 11 19.91 +05 49 57.8          21.6 Vdq3017291
     K06C10U HC2006 02 07.42152 10 11 19.55 +05 50 09.6                dq3017291
     K06C10U  C2006 02 08.34227 10 09 38.51 +06 35 51.2          20.8 Vdq3017291
     K06C10U  C2006 02 08.34639 10 09 38.03 +06 36 05.1          21.2 Vdq3017291
     K06C10U  C2006 02 08.35026 10 09 37.60 +06 36 16.3          21.1 Vdq3017291
     K06C10U  C2006 02 15.90599 09 53 47.46 +13 30 23.3                rq3338J95
     K06C10U  C2006 02 15.93049 09 53 44.03 +13 31 49.8          20.3 Rrq3338J95
     K06C10U  C2006 02 17.94179 09 48 57.53 +15 31 30.8                rq3967J95
     K06C10U  C2006 02 17.94735 09 48 56.73 +15 31 51.9                rq3967J95
     K06C10U  C2006 02 17.95285 09 48 55.91 +15 32 11.5          20.1 Rrq3967J95
     K06C10U  C2006 02 17.99659 09 48 49.40 +15 34 50.0          19.9 Rrq3967J95
     K06C10U  C2006 02 22.37285 09 37 44.79 +20 02 46.0          21.4 Vdq3967291
     K06C10U  C2006 02 22.37680 09 37 44.15 +20 03 00.0          21.1 Vdq3967291
     K06C10U  C2006 02 22.38143 09 37 43.41 +20 03 17.3          21.0 Vdq3967291
     K06C10U  C2006 02 24.16853 09 32 59.95 +21 53 46.8          20.3 Vdq3967291
     K06C10U  C2006 02 24.17249 09 32 59.29 +21 54 01.2          20.7 Vdq3967291
     K06C10U  C2006 02 24.17746 09 32 58.48 +21 54 20.0          21.1 Vdq3967291
     K06C10U  C2006 02 28.96106 09 19 52.02 +26 46 02.6                rq5197J95
     K06C10U  C2006 03 01.00352 09 19 44.77 +26 48 34.7                rq5197J95
     K06C10U  C2006 03 01.00907 09 19 43.79 +26 48 54.2          20.8 Rrq5197J95
     K06C10U  C2015 02 26.22989 10 07 10.50 +30 23 50.4          20.0 rR~1N65G45
     K06C10U  C2015 02 26.33312 10 06 52.78 +30 31 19.1          20.4 rR~1N65G45
     K06C10U  C2015 02 26.33983 10 06 51.73 +30 31 48.3          20.7 rR~1N65G45
     K06C10U  C2015 02 26.34397 10 06 50.97 +30 32 05.7          20.5 rR~1N65G45
     K06C10U  C2015 02 26.34805 10 06 50.24 +30 32 23.5          20.7 rR~1N65G45
     K06C10U  C2015 02 26.35627 10 06 48.84 +30 32 58.8          20.2 rR~1N65G45
     K06C10U  C2015 02 26.36035 10 06 48.24 +30 33 16.7          19.9 rR~1N65G45
     K06C10U  C2015 02 27.23708 10 04 22.04 +31 36 32.4          20.0 Vq~1N65G96
     K06C10U  C2015 02 27.24547 10 04 20.58 +31 37 09.1          19.7 Vq~1N65G96
     K06C10U  C2015 02 27.25386 10 04 19.08 +31 37 44.9          20.0 Vq~1N65G96
     K06C10U  C2015 02 27.26226 10 04 17.58 +31 38 21.4          20.1 Vq~1N65G96
     K06C10U  C2015 02 27.33438 10 04 04.93 +31 43 32.2          20.0 Vq~1N65G96
     K06C10U  C2015 02 27.33813 10 04 04.27 +31 43 48.7          20.1 Vq~1N65G96
     K06C10U  C2015 02 27.34188 10 04 03.62 +31 44 04.7          20.2 Vq~1N65G96
     K06C10U  C2015 02 27.34565 10 04 02.94 +31 44 21.0          20.2 Vq~1N65G96
     K06C10U SC2015 03 01.84755 09 56 47.35 +34 42 02.1          19.8 Rq~1N65J95
     K06C10U FC2015 03 01.85591 09 56 45.83 +34 42 36.1                q~1N65J95
     K06C10U KC2015 03 17.27158 09 06 38.94 +49 53 37.7          19.6 Ro~1N65291
     K06C10U KC2015 03 17.27385 09 06 38.43 +49 53 43.5          19.7 Ro~1N65291
     K06C10U KC2015 03 17.27611 09 06 37.97 +49 53 49.9          19.8 Ro~1N65291
     K06C10U KC2015 08 21.67779 05 17 19.21 -30 02 47.4          20.2 Rt~1VxO474
     K06C10U KC2015 08 21.67899 05 17 19.34 -30 02 59.6          19.7 Rt~1VxO474
     K06C10U KC2015 08 21.68019 05 17 19.40 -30 03 11.1          20.5 Rt~1VxO474
     K06C10U KC2015 08 21.68138 05 17 19.49 -30 03 22.2          21.1 Rt~1VxO474
