L2546K06S19V  C2003 12 21.19667 03 34 13.59 +10 08 19.0          22.4 Vcs2541691
L2546K06S19V  C2003 12 21.22379 03 34 12.38 +10 08 24.5          22.6 Vcs2542691
L2546K06S19V  C2003 12 21.25337 03 34 11.10 +10 08 29.1          22.0 Vcs2542691
L2546K06S19V* C2006 09 19.43893 03 53 30.12 +04 08 32.4          19.0 Vrr9607703
L2546K06S19V  C2006 09 19.44804 03 53 29.94 +04 08 28.7          18.7 Vrr9607703
L2546K06S19V  C2006 09 19.45715 03 53 29.79 +04 08 24.3          18.7 Vrr9607703
L2546K06S19V  C2006 09 19.46627 03 53 29.54 +04 08 21.1          18.8 Vrr9607703
L2546K06S19V  C2006 09 20.06993 03 53 20.05 +04 04 10.1                rr9607J95
L2546K06S19V  C2006 09 20.18458 03 53 17.59 +04 03 23.3          19.3 Rrr9607J95
L2546K06S19V  C2006 09 20.32548 03 53 15.51 +04 02 26.7          19.1 Rrr9607649
L2546K06S19V  C2006 09 20.34271 03 53 15.15 +04 02 19.9          19.1 Rrr9607649
L2546K06S19V  C2006 09 20.35881 03 53 14.81 +04 02 13.2          18.9 Rrr9607649
L2546K06S19V  C2006 09 20.46303 03 53 12.61 +04 01 31.2          18.8 Vrr9607703
L2546K06S19V  C2006 09 20.46355 03 53 12.55 +04 01 30.9          18.6 Vrr9607703
L2546K06S19V  C2006 09 20.46410 03 53 12.61 +04 01 30.6          18.5 Vrr9607703
L2546K06S19V  C2006 09 20.46552 03 53 12.51 +04 01 30.3          18.9 Vrr9607703
L2546K06S19V  C2006 09 21.09697 03 53 00.16 +03 57 05.6                rr9607J95
L2546K06S19V  C2006 09 21.10118 03 53 00.08 +03 57 03.8                rr9607J95
L2546K06S19V  C2006 09 21.10538 03 52 59.96 +03 57 01.9          19.4 Rrr9607J95
L2546K06S19V 5C2006 09 21.45555603 52 52.296+03 54 39.66         19.2 Ror9607673
L2546K06S19V 5C2006 09 21.46423603 52 52.081+03 54 36.10               or9607673
L2546K06S19V 5C2006 09 21.47256903 52 51.837+03 54 32.57               or9607673
L2546K06S19V 5C2006 09 21.48229203 52 51.576+03 54 28.53               or9607673
L2546K06S19V  C2006 09 22.03966 03 52 38.82 +03 50 33.7          18.1 Vor9607198
L2546K06S19V  C2006 09 22.04338 03 52 38.72 +03 50 32.2          18.1 Vor9607198
L2546K06S19V  C2006 09 22.04709 03 52 38.63 +03 50 30.8          18.2 Vor9607198
L2546K06S19V  C2006 09 22.05134 03 52 38.52 +03 50 29.1          18.2 Vor9607198
L2546K06S19V  C2006 09 22.44798 03 52 28.29 +03 47 46.1                cr9607711
L2546K06S19V  C2006 09 22.45727 03 52 28.03 +03 47 42.1                cr9607711
L2546K06S19V  C2006 09 22.46655 03 52 27.75 +03 47 38.3                cr9607711
L2546K06S19V  C2006 09 23.11956 03 52 10.19 +03 43 01.0          18.9 Rrs1272113
L2546K06S19V  C2006 09 23.12515 03 52 10.01 +03 42 58.2          19.4 Rrs1272113
L2546K06S19V  C2006 09 24.13012 03 51 39.95 +03 35 55.8          19.6 Rrs1272113
L2546K06S19V  C2006 09 24.13319 03 51 39.84 +03 35 54.4          19.2 Rrs1272113
L2546K06S19V  C2006 09 24.13625 03 51 39.72 +03 35 53.8          18.8 Rrs1272113
L2546K06S19V  C2006 09 24.45108 03 51 29.71 +03 33 43.4                ds1272291
L2546K06S19V  C2006 09 24.45687 03 51 29.49 +03 33 41.0                ds1272291
L2546K06S19V  C2006 09 24.46246 03 51 29.29 +03 33 38.6                ds1272291
L2546K06S19V  C2006 09 25.05338 03 51 09.58 +03 29 25.3          19.1 Vos1272198
L2546K06S19V  C2006 09 25.05515 03 51 09.52 +03 29 24.9          19.3 Vos1272198
L2546K06S19V  C2006 09 25.05693 03 51 09.44 +03 29 23.9          19.2 Vos1272198
L2546K06S19V  C2006 09 25.07393 03 51 08.75 +03 29 16.6          19.0 Rrs1272113
L2546K06S19V  C2006 09 25.07774 03 51 08.64 +03 29 14.8          19.2 Rrs1272113
L2546K06S19V  C2006 09 25.08002 03 51 08.52 +03 29 13.9          18.8 Rrs1272113
L2546K06S19V  C2006 09 26.15940 03 50 28.67 +03 21 37.0                rs1272J95
L2546K06S19V  C2006 09 26.16519 03 50 28.43 +03 21 34.6                rs1272J95
L2546K06S19V  C2006 09 26.17101 03 50 28.19 +03 21 32.3          19.3 Rrs1272J95
L2546K06S19V  C2006 09 27.33167 03 49 41.66 +03 13 23.5          19.5 Vds1272291
L2546K06S19V  C2006 09 27.33544 03 49 41.48 +03 13 21.9          19.5 Vds1272291
L2546K06S19V  C2006 09 27.33916 03 49 41.31 +03 13 20.4          19.5 Vds1272291
L2546K06S19V  C2006 09 28.31472 03 48 58.28 +03 06 26.9          19.5 Vds1272291
L2546K06S19V  C2006 09 28.31850 03 48 58.10 +03 06 25.4          19.5 Vds1272291
L2546K06S19V  C2006 09 28.32227 03 48 57.91 +03 06 23.9          19.5 Vds1272291
L2546K06S19V  C2006 09 30.34282 03 47 18.57 +02 52 10.5          18.8 Ros2860699
L2546K06S19V  C2006 09 30.36570 03 47 17.37 +02 51 59.2                os2860699
L2546K06S19V  C2006 09 30.41142 03 47 14.69 +02 51 40.7                os2860699
L2546K06S19V  C2006 09 30.42841 03 47 13.77 +02 51 33.0          19.0 Vrs2860703
L2546K06S19V  C2006 09 30.43764 03 47 13.23 +02 51 28.9          18.5 Vrs2860703
L2546K06S19V  C2006 09 30.44687 03 47 12.69 +02 51 25.5          18.7 Vrs2860703
L2546K06S19V  C2006 09 30.45621 03 47 12.15 +02 51 21.9          18.4 Vrs2860703
L2546K06S19V  C2006 10 01.32454 03 46 25.76 +02 45 17.3          19.1 Rrs2860448
L2546K06S19V  C2006 10 01.33363 03 46 25.24 +02 45 13.6          19.2 Rrs2860448
L2546K06S19V  C2006 10 01.34270 03 46 24.67 +02 45 09.6          19.3 Rrs2860448
L2546K06S19V  C2006 10 01.34313 03 46 24.63 +02 45 08.7          18.7  cs2860704
L2546K06S19V  C2006 10 01.35542 03 46 23.88 +02 45 05.4          19.0  cs2860704
L2546K06S19V  C2006 10 01.36768 03 46 23.21 +02 44 59.4          19.0  cs2860704
L2546K06S19V  C2006 10 01.37995 03 46 22.44 +02 44 54.3          19.2  cs2860704
L2546K06S19V  C2006 10 01.39226 03 46 21.67 +02 44 49.7          19.2  cs2860704
L2546K06S19V  C2006 10 09.09564 03 37 46.89 +01 53 00.0          19.3 Rrs2542118
L2546K06S19V  C2006 10 09.10578 03 37 46.06 +01 52 56.1          19.2 Rrs2542118
L2546K06S19V  C2006 10 09.11342 03 37 45.44 +01 52 52.9          19.0 Rrs2542118
L2546K06S19V  C2006 10 16.42409 03 27 23.18 +01 10 06.1          18.6 Vrs3045703
L2546K06S19V  C2006 10 16.43164 03 27 22.42 +01 10 04.1          18.9 Vrs3045703
L2546K06S19V  C2006 10 16.43918 03 27 21.67 +01 10 01.4          18.8 Vrs3045703
L2546K06S19V  C2006 10 16.44674 03 27 20.95 +01 09 58.8          18.9 Vrs3045703
L2546K06S19V  C2006 10 16.97692 03 26 32.51 +01 07 10.6                cs3045046
L2546K06S19V  C2006 10 16.98014 03 26 32.32 +01 07 10.8                cs3045046
L2546K06S19V  C2006 10 16.98101 03 26 32.09 +01 07 10.4                cs3045046
L2546K06S19V  C2006 10 16.98186 03 26 31.97 +01 07 09.6          18.2 Rcs3045046
L2546K06S19V  C2006 10 16.98509 03 26 31.71 +01 07 09.2                cs3045046
L2546K06S19V  C2006 10 22.38281 03 17 53.19 +00 42 32.2          18.7 Vrs4137703
L2546K06S19V  C2006 10 22.39057 03 17 52.33 +00 42 30.5          18.6 Vrs4137703
L2546K06S19V  C2006 10 22.39832 03 17 51.61 +00 42 28.1          18.9 Vrs4137703
L2546K06S19V  C2006 10 22.40601 03 17 50.78 +00 42 26.6          18.9 Vrs4137703
L2546K06S19V  C2006 10 26.94328 03 10 20.78 +00 27 08.5          19.4 Vos4137151
L2546K06S19V  C2006 10 26.94479 03 10 20.59 +00 27 08.0          19.3 Vos4137151
L2546K06S19V  C2006 10 26.94631 03 10 20.38 +00 27 07.7          19.4 Vos4137151
L2546K06S19V  C2006 11 03.20533 02 58 30.88 +00 14 28.7          18.3 Rrs5528448
L2546K06S19V  C2006 11 03.21362 02 58 30.11 +00 14 27.4          19.3 Rrs5528448
L2546K06S19V  C2006 11 03.22872 02 58 28.66 +00 14 26.6          17.9 Rrs5528448
L2546K06S19V  C2006 11 16.24328 02 40 10.27 +00 28 28.4          20.4 Vrs7058703
L2546K06S19V  C2006 11 16.25525 02 40 09.37 +00 28 30.3          19.5 Vrs7058703
L2546K06S19V  C2006 11 16.26719 02 40 08.47 +00 28 32.2          19.3 Vrs7058703
L2546K06S19V  C2006 11 16.27918 02 40 07.57 +00 28 35.4          19.4 Vrs7058703
L2546K06S19V  C2006 11 17.27415 02 38 57.47 +00 31 29.2          19.4 Rcs7058711
L2546K06S19V  C2006 11 17.28228 02 38 56.86 +00 31 31.1          19.6 Rcs7058711
L2546K06S19V  C2006 11 17.29042 02 38 56.27 +00 31 32.3          19.5 Rcs7058711
L2546K06S19V  C2006 11 19.23713 02 36 46.08 +00 37 54.1          19.6 Vrs8746703
L2546K06S19V  C2006 11 19.24318 02 36 45.61 +00 37 54.8          20.2 Vrs8746703
L2546K06S19V  C2006 11 19.24925 02 36 45.21 +00 37 56.0          20.0 Vrs8746703
L2546K06S19V  C2006 11 19.25530 02 36 44.85 +00 37 58.3          19.7 Vrs8746703
L2546K06S19V 4C2006 11 26.33400 02 30 08.06 +01 08 12.5          21.1  gt2291705
L2546K06S19V 4C2006 11 26.33483 02 30 08.03 +01 08 12.9          20.3 Vgt2291705
L2546K06S19V  C2006 12 20.24210 02 22 31.76 +03 47 58.2          21.8 Vdt2291291
L2546K06S19V  C2006 12 20.24948 02 22 31.76 +03 48 01.4          21.7 Vdt2291291
L2546K06S19V  C2006 12 20.25685 02 22 31.81 +03 48 05.4          21.8 Vdt2291291
L2546K06S19V HC2008 01 18.21883 08 10 08.09 +20 39 23.3                ox5060291
L2546K06S19V HC2008 01 18.24604 08 10 06.21 +20 39 31.8                ox5060291
L2546K06S19V  C2009 03 13.81366 14 31 02.69 -00 26 39.0          19.4  c~05ExD20
L2546K06S19V  C2009 03 13.82118 14 31 02.86 -00 26 34.5          19.9  c~05ExD20
L2546K06S19V  C2009 03 13.85326 14 31 03.61 -00 26 19.0          19.6  c~05ExD20
L2546K06S19V  C2009 03 13.85747 14 31 03.72 -00 26 16.8          19.7  c~05ExD20
L2546K06S19V  C2009 03 17.32935 14 32 25.50 +00 03 36.7          19.7 Rr~05Ex448
L2546K06S19V  C2009 03 17.34511 14 32 25.76 +00 03 45.9          19.5 Rr~05Ex448
L2546K06S19V  C2009 03 17.36082 14 32 26.04 +00 03 54.9          19.4 Rr~05Ex448
L2546K06S19V  C2009 03 18.74924 14 32 52.16 +00 17 05.9          19.5  c~05ExD20
L2546K06S19V  C2009 03 18.75618 14 32 52.27 +00 17 09.6          19.3  c~05ExD20
L2546K06S19V  C2009 03 18.79326 14 32 52.79 +00 17 31.1          19.2  c~05ExD20
L2546K06S19V  C2009 03 18.79785 14 32 52.84 +00 17 33.7          19.3  c~05ExD20
L2546K06S19V  C2009 03 21.38381 14 33 31.32 +00 43 05.5          19.6 Vr~05Xg703
L2546K06S19V  C2009 03 21.38990 14 33 31.32 +00 43 10.2          19.7 Vr~05Xg703
L2546K06S19V  C2009 03 21.39597 14 33 31.35 +00 43 13.0          19.4 Vr~05Xg703
L2546K06S19V  C2009 03 21.40200 14 33 31.46 +00 43 16.5          19.2 Vr~05Xg703
L2546K06S19V  C2009 03 31.88042 14 33 39.10 +02 46 35.7          18.7 V ~05sCA50
L2546K06S19V  C2009 03 31.88193 14 33 39.11 +02 46 37.3          18.8 V ~05sCA50
L2546K06S19V  C2009 03 31.88338 14 33 39.04 +02 46 37.5          18.6 V ~05sCA50
L2546K06S19V  C2009 03 31.93404 14 33 38.36 +02 47 17.1          18.2 V ~05sCA50
L2546K06S19V  C2009 04 01.40894 14 33 32.36 +02 53 38.8          19.0 Vr~05sC703
L2546K06S19V  C2009 04 01.41697 14 33 32.29 +02 53 44.6          18.5 Vr~05sC703
L2546K06S19V  C2009 04 01.42501 14 33 32.11 +02 53 50.3          19.2 Vr~05sC703
L2546K06S19V  C2009 04 01.43300 14 33 31.93 +02 53 56.9          18.8 Vr~05sC703
