     K06Y13C* C2006 12 24.46294 10 16 38.42 +08 25 45.4          21.1 Vrt2698G96
     K06Y13C  C2006 12 24.47095 10 16 38.96 +08 25 18.7          21.0 Vrt2698G96
     K06Y13C  C2006 12 24.47899 10 16 39.46 +08 24 51.5          20.9 Vrt2698G96
     K06Y13C  C2006 12 24.48683 10 16 40.00 +08 24 25.6          20.9 Vrt2698G96
     K06Y13C  C2006 12 24.51792 10 16 42.06 +08 22 41.0          20.8 Vrt2698G96
     K06Y13C  C2006 12 24.52568 10 16 42.56 +08 22 14.8          20.7 Vrt2698G96
     K06Y13C  C2006 12 24.53365 10 16 43.10 +08 21 47.4          20.3 Vrt2698G96
     K06Y13C  C2006 12 24.54153 10 16 43.60 +08 21 21.0          21.1 Vrt2698G96
     K06Y13C  C2006 12 25.03012 10 17 19.44 +07 53 37.9                ct2698246
     K06Y13C  C2006 12 25.03384 10 17 19.75 +07 53 25.6                ct2698246
     K06Y13C  C2006 12 25.03503 10 17 19.77 +07 53 21.0                ct2698246
     K06Y13C  C2006 12 25.03744 10 17 19.86 +07 53 12.4                ct2698246
     K06Y13C  C2006 12 25.03833 10 17 20.07 +07 53 09.7                ct2698246
     K06Y13C  C2006 12 25.15544 10 17 27.76 +07 46 29.2          20.4 Rct2698473
     K06Y13C  C2006 12 25.15741 10 17 27.90 +07 46 22.6          20.6 Rct2698473
     K06Y13C  C2006 12 25.15942 10 17 28.05 +07 46 15.8          20.3 Rct2698473
     K06Y13C tC2006 12 26.35167 10 18 52.91 +06 36 25.8                ot2698291
     K06Y13C tC2006 12 26.35576 10 18 53.13 +06 36 12.1                ot2698291
     K06Y13C  C2006 12 26.36064 10 18 53.49 +06 35 53.9          21.0 Vrt2698G96
     K06Y13C  C2006 12 26.36319 10 18 53.67 +06 35 45.0          20.4 Vrt2698G96
     K06Y13C tC2006 12 26.36468 10 18 53.80 +06 35 39.7                ot2698291
     K06Y13C  C2006 12 26.36574 10 18 53.85 +06 35 35.2          21.3 Vrt2698G96
     K06Y13C  C2006 12 26.36832 10 18 54.00 +06 35 26.5          21.0 Vrt2698G96
     K06Y13C tC2006 12 26.36928 10 18 54.05 +06 35 23.3                ot2698291
     K06Y13C tC2006 12 26.37309 10 18 54.33 +06 35 10.3                ot2698291
     K06Y13C tC2006 12 26.37682 10 18 54.59 +06 34 57.4                ot2698291
     K06Y13C  C2006 12 26.38318 10 18 54.67 +06 34 31.8          20.1 Rrt2698734
     K06Y13C  C2006 12 26.39044 10 18 55.14 +06 34 05.8          20.8 Rrt2698734
     K06Y13C  C2006 12 26.39710 10 18 55.81 +06 33 45.4          21.0 Vot2698291
     K06Y13C  C2006 12 26.40093 10 18 56.04 +06 33 31.2          20.6 Vot2698291
     K06Y13C  C2006 12 26.40329 10 18 55.98 +06 33 19.3          20.9 Rrt2698734
     K06Y13C  C2006 12 26.40479 10 18 56.28 +06 33 17.0          21.3 Vot2698291
     K06Y13C  C2006 12 26.40999 10 18 56.40 +06 32 55.1          20.7 Rrt2698734
     K06Y13C  C2007 01 16.33781 10 38 53.36 -24 14 43.6          19.9 Rrt6433734
     K06Y13C  C2007 01 16.34012 10 38 53.49 -24 15 00.9          19.9 Rrt6433734
     K06Y13C  C2007 01 16.34243 10 38 53.55 -24 15 17.7          19.8 Rrt6433734
     K06Y13C  C2007 01 16.34551 10 38 53.68 -24 15 37.9          20.1 Rrt6433734
     K06Y13C  C2007 01 16.34936 10 38 53.86 -24 16 06.8          18.9 Rrt6433734
     K06Y13C  C2007 01 16.42130 10 38 56.82 -24 24 39.4          20.1 Vrt6433G96
     K06Y13C  C2007 01 16.42335 10 38 56.88 -24 24 51.1          19.9 Vrt6433G96
     K06Y13C  C2007 01 16.42540 10 38 56.88 -24 25 08.5          20.4 Vrt6433G96
     K06Y13C  C2007 01 16.42749 10 38 56.95 -24 25 23.9          19.7 Vrt6433G96
     K06Y13C tC2007 02 20.63218 14 28 13.25 -89 03 28.9          20.5 Rou0434474
     K06Y13C tC2007 02 20.63495 14 28 54.80 -89 03 33.7          20.2 Rou0434474
     K06Y13C IC2007 02 20.63773 14 29 26.62 -89 03 41.8                ou0434474
     K06Y13C  C2007 02 20.65116 14 32 42.04 -89 04 15.5                ou0434474
     K06Y13C  C2007 02 20.65475 14 33 37.65 -89 04 24.6          19.8 Rou0434474
     K06Y13C  C2007 06 13.44458 23 15 48.48 -03 46 25.6          22.0 Vov0724291
     K06Y13C  C2007 06 13.44840 23 15 48.38 -03 46 15.6          22.2 Vov0724291
     K06Y13C  C2007 06 13.45222 23 15 48.27 -03 46 05.9          22.0 Vov0724291
     K06Y13C  C2007 07 14.30961722 40 36.72 +16 26 08.1          21.3 Vov2032H55
     K06Y13C  C2007 07 14.31450922 40 36.11 +16 26 18.0          21.2 Vov2032H55
     K06Y13C  C2007 07 14.31938922 40 35.43 +16 26 27.4          21.1 Vov2032H55
     K06Y13C  C2007 07 26.25968022 11 53.82 +22 08 37.4          21.1 Vov2289H55
     K06Y13C  C2007 07 26.26578722 11 52.82 +22 08 46.2          21.2 Vov2289H55
     K06Y13C  C2007 07 26.27192222 11 51.79 +22 08 55.2          21.4 Vov2289H55
     K06Y13C KC2013 11 13.40339507 55 50.53 +44 48 28.8          23.1 Vu~0x6vH21
     K06Y13C KC2013 11 13.42360707 55 51.33 +44 48 27.1          22.8 Vu~0x6vH21
     K06Y13C KC2013 11 13.44571507 55 52.24 +44 48 25.3          22.6 Vu~0x6vH21
     K06Y13C  C2013 12 20.96174 07 30 22.56 +41 20 28.3          21.0 Ro~0yMS033
     K06Y13C  C2013 12 21.03784 07 30 10.60 +41 19 17.3          20.9 Ro~0yMS033
     K06Y13C IC2013 12 25.39542 07 17 59.80 +39 57 56.4          20.9 Rq~0yMS448
     K06Y13C KC2013 12 25.42333 07 17 54.48 +39 57 20.7          20.2 Rq~0yMS448
     K06Y13C KC2013 12 25.45622 07 17 48.36 +39 56 36.3          20.6 Rq~0yMS448
     K06Y13C |C2014 01 25.02957 05 31 54.03 +16 57 41.4          20.0 Vu~102B807
     K06Y13C |C2014 01 25.03209 05 31 53.57 +16 57 32.3          19.9 Vu~102B807
     K06Y13C |C2014 01 25.03462 05 31 53.14 +16 57 23.0          20.2 Vu~102B807
     K06Y13C |C2014 01 25.03715 05 31 52.71 +16 57 13.9          20.4 Vu~102B807
     K06Y13C |C2014 01 25.03969 05 31 52.27 +16 57 04.7          20.0 Vu~102B807
     K06Y13C |C2014 02 04.02578 05 09 46.37 +07 13 49.1          20.2 Vu~10Uw807
     K06Y13C |C2014 02 04.02956 05 09 45.96 +07 13 36.7          19.9 Vu~10Uw807
     K06Y13C |C2014 02 04.03335 05 09 45.56 +07 13 24.3          20.2 Vu~10Uw807
     K06Y13C KC2014 07 17.91137 19 42 23.99 -07 49 24.1          18.0 Rq~16WJ160
     K06Y13C KC2014 07 17.91288 19 42 23.64 -07 49 17.1          18.5 Rq~16WJ160
     K06Y13C KC2014 07 17.91498 19 42 23.13 -07 49 07.6          18.0 Rq~16WJ160
     K06Y13C KC2014 07 17.98396 19 42 06.36 -07 44 12.8                q~16bF204
     K06Y13C KC2014 07 17.98645 19 42 05.77 -07 44 02.1                q~16bF204
     K06Y13C KC2014 07 17.99202 19 42 04.41 -07 43 38.4          18.3 Rq~16bF204
     K06Y13C KC2014 07 17.99583 19 42 03.48 -07 43 21.8                q~16bF204
     K06Y13C KC2014 07 18.92582 19 38 35.12 -06 38 57.5          18.7 Rq~16WJ160
     K06Y13C KC2014 07 18.92718 19 38 34.81 -06 38 51.8          18.5 Rq~16WJ160
     K06Y13C KC2014 07 18.92855 19 38 34.51 -06 38 46.2          18.8 Rq~16WJ160
