     K06M06S* C2006 06 20.42354 23 05 33.10 -02 23 01.0          20.0 Vrr4028703
     K06M06S  C2006 06 20.42838 23 05 34.87 -02 23 12.4          19.5 Vrr4028703
     K06M06S  C2006 06 20.43321 23 05 36.56 -02 23 24.6          19.8 Vrr4028703
     K06M06S  C2006 06 20.43807 23 05 38.04 -02 23 34.7          19.2 Vrr4028703
     K06M06S  C2006 06 20.44771 23 05 41.60 -02 23 59.6          18.9 Vrr4028703
     K06M06S  C2006 06 20.44859 23 05 42.00 -02 24 01.0          18.9 Vrr4028703
     K06M06S  C2006 06 20.44946 23 05 42.10 -02 24 03.7          19.1 Vrr4028703
     K06M06S  C2006 06 20.45032 23 05 42.54 -02 24 05.6          19.4 Vrr4028703
     K06M06S  C2006 06 21.02839 23 09 09.96 -02 48 01.2          19   Ror4028461
     K06M06S  C2006 06 21.03127 23 09 10.92 -02 48 07.8                or4028461
     K06M06S  C2006 06 21.38259 23 11 17.07 -03 02 37.6          19.3 Rcr4028854
     K06M06S  C2006 06 21.39026 23 11 19.81 -03 02 55.3          19.4 Rcr4028854
     K06M06S  C2006 06 21.39792 23 11 22.41 -03 03 14.7          19.3 Rcr4028854
     K06M06S  C2006 06 21.42704 23 11 32.60 -03 04 28.5                rr4028703
     K06M06S  C2006 06 21.43728 23 11 36.38 -03 04 55.4                rr4028703
     K06M06S  C2006 06 21.44755 23 11 39.80 -03 05 21.5                rr4028703
     K06M06S  C2006 06 21.45780 23 11 43.51 -03 05 46.2          18.8 Vrr4028703
     K06M06S BC2006 06 22.06229 23 15 20.03 -03 31 06.4                rr4028J95
     K06M06S BC2006 06 22.06744 23 15 21.97 -03 31 17.8                rr4028J95
     K06M06S BC2006 06 22.07279 23 15 23.80 -03 31 31.5          18.8 Rrr4028J95
     K06M06S 5C2006 06 22.47928 23 17 48.94 -03 48 28.6          19.2 Ror4028673
     K06M06S 5C2006 06 22.48079 23 17 49.46 -03 48 32.4                or4028673
     K06M06S 5C2006 06 22.48322 23 17 50.29 -03 48 38.5                or4028673
     K06M06S 5C2006 06 22.48472 23 17 50.81 -03 48 42.4                or4028673
     K06M06S  C2006 06 24.39571 23 29 11.66 -05 09 32.3          19.7 Rrr4503734
     K06M06S  C2006 06 24.39801 23 29 12.51 -05 09 38.5          20.1 Rrr4503734
     K06M06S  C2006 06 24.40037 23 29 13.34 -05 09 45.0          19.5 Rrr4503734
     K06M06S  C2006 06 24.40270 23 29 14.13 -05 09 51.1          19.8 Rrr4503734
     K06M06S  C2006 06 26.75921 23 43 05.08 -06 49 55.8          19.3 Vrr4503E12
     K06M06S  C2006 06 26.75973 23 43 05.26 -06 49 57.5          19.1 Vrr4503E12
     K06M06S  C2006 06 26.76030 23 43 05.41 -06 49 58.5          19.7 Vrr4503E12
     K06M06S  C2006 06 26.76083 23 43 05.66 -06 49 59.5          19.9 Vrr4503E12
     K06M06S  C2006 06 26.76137 23 43 05.77 -06 50 01.1          19.8 Vrr4503E12
     K06M06S  C2006 06 26.76223 23 43 06.09 -06 50 03.6          19.7 Vrr4503E12
     K06M06S  C2006 06 26.76332 23 43 06.38 -06 50 05.9          19.2 Vrr4503E12
     K06M06S  C2006 06 26.76385 23 43 06.63 -06 50 06.9          19.6 Vrr4503E12
     K06M06S  C2006 06 26.76442 23 43 06.78 -06 50 09.1          19.3 Vrr4503E12
     K06M06S  C2006 07 16.60243 01 25 20.64 -19 37 55.2          19   Ror4862474
     K06M06S  C2006 07 16.60590 01 25 21.51 -19 38 01.8                or4862474
     K06M06S  C2006 07 16.60833 01 25 22.11 -19 38 07.0                or4862474
     K06M06S  C2006 08 26.73429 03 00 11.81 -34 54 20.4          19.9 Rrr7087E12
     K06M06S  C2006 08 26.73902 03 00 11.95 -34 54 24.3          19.5 Rrr7087E12
     K06M06S  C2006 10 25.50914 01 58 22.43 -35 54 23.5          19.4 Rcs4097474
     K06M06S  C2006 10 25.51181 01 58 22.28 -35 54 21.1          19.6 Rcs4097474
     K06M06S  C2006 10 25.51447 01 58 21.99 -35 54 18.4          19.1 Rcs4097474
     K06M06S  C2006 10 25.51713 01 58 21.81 -35 54 15.7          19.0 Rcs4097474
     K06M06S ^C2010 06 11.21864 12 03 12.65 +27 53 07.1          21.9 Ro~0IiB695
     K06M06S ^C2010 06 11.22171 12 03 12.78 +27 53 05.0          22.0 Ro~0IiB695
     K06M06S ^C2010 06 11.22478 12 03 12.89 +27 53 00.8          21.8 Ro~0IiB695
