     K06X02E* C2006 12 12.32182 07 03 53.74 +35 55 02.9          19.2  ct2579704
     K06X02E  C2006 12 12.33462 07 03 46.85 +35 53 35.8          19.7  ct2579704
     K06X02E  C2006 12 12.34750 07 03 39.95 +35 52 08.6          19.3  ct2579704
     K06X02E  C2006 12 12.36059 07 03 32.92 +35 50 38.9          19.2  ct2579704
     K06X02E  C2006 12 12.37339 07 03 26.01 +35 49 11.7          19.4  ct2579704
     K06X02E  C2006 12 12.92960 06 58 47.68 +34 45 43.3          18.3 Rot2579473
     K06X02E  C2006 12 12.93572 06 58 44.67 +34 45 02.0          18.4 Rot2579473
     K06X02E  C2006 12 12.93740 06 58 43.76 +34 44 52.1          18.2 Rot2579473
     K06X02E  C2006 12 12.94419 06 58 40.13 +34 44 06.6          19.5 Vct2579595
     K06X02E  C2006 12 12.95051 06 58 36.87 +34 43 23.9          19.2 Vct2579595
     K06X02E  C2006 12 12.95655 06 58 33.85 +34 42 42.7                ct2579595
     K06X02E  C2006 12 12.95918 06 58 32.64 +34 42 24.5          18.7 Rrt2579143
     K06X02E  C2006 12 12.96401 06 58 30.19 +34 41 52.0          19.1 Rrt2579143
     K06X02E  C2006 12 13.25441 06 56 08.06 +34 09 03.6          19.0 Rrt2579649
     K06X02E  C2006 12 13.25600 06 56 07.26 +34 08 53.6          18.9 Rrt2579649
     K06X02E  C2006 12 13.25760 06 56 06.46 +34 08 42.7          19.2 Rrt2579649
     K06X02E  C2006 12 13.31996 06 55 35.79 +34 01 44.8          19.0  ct2579704
     K06X02E  C2006 12 13.33281 06 55 29.22 +34 00 17.4          19.1  ct2579704
     K06X02E  C2006 12 13.34577 06 55 22.59 +33 58 50.3          19.2  ct2579704
     K06X02E  C2006 12 13.35861 06 55 16.15 +33 57 22.8          19.4  ct2579704
     K06X02E  C2006 12 13.37147 06 55 09.63 +33 55 55.7          19.2  ct2579704
     K06X02E  C2006 12 13.94140 06 50 42.11 +32 51 20.8          19.3 Vot2579198
     K06X02E  C2006 12 13.94324 06 50 41.23 +32 51 08.6          19.2 Vot2579198
     K06X02E  C2006 12 13.94343 06 50 41.14 +32 51 07.4          19.2 Vot2579198
     K06X02E  C2006 12 13.94490 06 50 40.43 +32 50 57.5          19.3 Vot2579198
     K06X02E  C2006 12 13.94526 06 50 40.26 +32 50 55.1          19.3 Vot2579198
     K06X02E  C2006 12 14.31349 06 47 51.32 +32 09 50.7          19.4 Rot2579644
     K06X02E  C2006 12 14.32592 06 47 44.95 +32 08 29.5          19.1  ct2579704
     K06X02E  C2006 12 14.33452 06 47 41.39 +32 07 31.1          19.2 Rot2579644
     K06X02E  C2006 12 14.33911 06 47 38.63 +32 07 01.0          19.0  ct2579704
     K06X02E  C2006 12 14.35229 06 47 32.41 +32 05 33.0          19.0  ct2579704
     K06X02E  C2006 12 14.35492 06 47 31.73 +32 05 15.1          19.2 Rot2579644
     K06X02E  C2006 12 14.36447 06 47 26.80 +32 04 12.0          19.3 Vrt2579703
     K06X02E  C2006 12 14.36548 06 47 26.11 +32 04 04.2          19.1  ct2579704
     K06X02E  C2006 12 14.36602 06 47 26.08 +32 04 02.2          19.1 Vrt2579703
     K06X02E  C2006 12 14.36756 06 47 25.36 +32 03 51.4          19.0 Vrt2579703
     K06X02E  C2006 12 14.36910 06 47 24.54 +32 03 41.4          19.3 Vrt2579703
     K06X02E  C2006 12 14.37867 06 47 19.85 +32 02 35.3          19.1  ct2580704
     K06X02E 3C2006 12 14.48145 06 46 34.58 +31 51 20.8          19.4 Rot2580F65
     K06X02E 3C2006 12 14.48882 06 46 30.95 +31 50 29.9          19.7 Rot2580F65
     K06X02E 3C2006 12 14.49361 06 46 28.82 +31 50 00.8          19.9 Rot2580F65
     K06X02E  C2006 12 15.26986 06 40 51.61 +30 23 42.1          19.3  ct2580704
     K06X02E  C2006 12 15.28344 06 40 45.55 +30 22 13.3          19.3  ct2580704
     K06X02E tC2006 12 15.28713 06 40 44.34 +30 21 49.4          19.7 Vct2580691
     K06X02E  C2006 12 15.29703 06 40 39.55 +30 20 44.0          19.1  ct2580704
     K06X02E tC2006 12 15.30451 06 40 36.56 +30 19 55.4          19.5 Vct2580691
     K06X02E  C2006 12 15.31062 06 40 33.55 +30 19 15.1          19.5  ct2580704
     K06X02E  C2006 12 15.32422 06 40 27.40 +30 17 46.1          19.4  ct2580704
     K06X02E  C2006 12 15.32463 06 40 27.28 +30 17 43.5          19.4  ct2580704
     K06X02E  C2006 12 15.33818 06 40 21.13 +30 16 13.2          19.5  ct2580704
     K06X02E  C2006 12 15.35167 06 40 15.17 +30 14 44.9          19.4  ct2580704
     K06X02E  C2006 12 15.37866 06 40 03.19 +30 11 46.6          19.2  ct2580704
     K06X02E  C2006 12 15.97310 06 35 58.47 +29 06 47.5                ct2580246
     K06X02E  C2006 12 15.97388 06 35 58.14 +29 06 41.5                ct2580246
     K06X02E  C2006 12 15.97441 06 35 57.89 +29 06 37.9                ct2580246
     K06X02E  C2006 12 15.97569 06 35 57.28 +29 06 29.5                ct2580246
     K06X02E  C2006 12 21.27112 06 05 53.31 +20 22 08.9          19.1 Vrt2580703
     K06X02E  C2006 12 21.27814 06 05 51.19 +20 21 32.8          18.6 Vrt2580703
     K06X02E  C2006 12 21.28514 06 05 49.07 +20 20 55.9          18.4 Vrt2580703
     K06X02E  C2006 12 21.29213 06 05 46.93 +20 20 17.9                rt2580703
     K06X02E  C2006 12 21.39817 06 05 15.16 +20 10 49.0          19.3 Rrt2580H36
     K06X02E  C2006 12 21.40461 06 05 13.26 +20 10 14.2          19.5 Rrt2580H36
     K06X02E  C2006 12 22.35786 06 00 55.87 +18 48 24.0          19.3 Rrt2580H45
     K06X02E  C2006 12 22.36761 06 00 53.15 +18 47 34.4          19.1 Rrt2580H45
     K06X02E  C2006 12 22.36866 06 00 52.88 +18 47 29.6          19.2 Rrt2580H45
     K06X02E  C2006 12 22.37042 06 00 52.36 +18 47 20.4          19.1 Rrt2580H45
     K06X02E  C2006 12 23.90841 05 54 34.07 +16 43 26.3                ct2580246
     K06X02E  C2006 12 23.90902 05 54 33.92 +16 43 23.4                ct2580246
     K06X02E  C2006 12 26.92193 05 43 59.88 +13 09 58.7                 t2580A48
     K06X02E  C2006 12 26.92553 05 43 59.16 +13 09 44.5          20.2 V t2580A48
     K06X02E  C2006 12 26.92913 05 43 58.45 +13 09 30.0          20.2 V t2580A48
     K06X02E  C2006 12 27.17300 05 43 14.22 +12 53 55.6          19.5 Vrt2580G96
     K06X02E  C2006 12 27.18089 05 43 12.71 +12 53 26.3          19.5 Vrt2580G96
     K06X02E  C2006 12 27.18877 05 43 11.16 +12 52 56.2          19.9 Vrt2580G96
     K06X02E  C2006 12 27.19667 05 43 09.62 +12 52 26.5          19.5 Vrt2580G96
     K06X02E  C2007 01 08.12855 05 19 21.42 +04 05 55.3          20.4 Rrt5580715
     K06X02E  C2007 01 08.14193 05 19 20.35 +04 05 32.2          20.4 Rrt5580715
     K06X02E IC2007 01 08.15533 05 19 19.35 +04 05 10.3          20.9 Rrt5580715
     K06X02E  C2007 01 08.31023 05 19 07.45 +04 00 47.2          22.2 Vrt5580G96
     K06X02E  C2007 01 08.31615 05 19 06.97 +04 00 37.2          21.1 Vrt5580G96
     K06X02E  C2007 01 08.32235 05 19 06.49 +04 00 27.7                rt5580G96
