     K07D49K* C2007 02 23.70141 13 46 32.73 -29 25 46.0          19.6 Vru1625E12
     K07D49K  C2007 02 23.71711 13 46 34.71 -29 26 08.6          19.3 Vru1625E12
     K07D49K  C2007 02 23.73101 13 46 36.55 -29 26 27.9          19.6 Vru1625E12
     K07D49K  C2007 02 23.74483 13 46 38.42 -29 26 46.8          18.9 Vru1625E12
     K07D49K  C2007 02 24.26492 13 47 48.95 -29 38 39.0          19.3 Rru1625I77
     K07D49K  C2007 02 24.27019 13 47 49.64 -29 38 46.3          19.1 Rru1625I77
     K07D49K  C2007 02 24.28074 13 47 50.99 -29 39 00.7          18.8 Rru1625I77
     K07D49K  C2007 02 24.42419 13 48 11.28 -29 42 06.3          19.1 Rou1625474
     K07D49K  C2007 02 24.42627 13 48 11.62 -29 42 09.5          19.3 Rou1625474
     K07D49K  C2007 02 24.42905 13 48 12.05 -29 42 12.2          19.4 Rou1625474
     K07D49K  C2007 02 24.61806 13 48 37.22 -29 46 34.9          19.0 Rou1625474
     K07D49K  C2007 02 24.62235 13 48 37.78 -29 46 40.5          19.2 Rou1625474
     K07D49K  C2007 02 24.62558 13 48 38.22 -29 46 45.1          19.1 Rou1625474
     K07D49K  C2007 02 24.64312 13 48 40.88 -29 47 10.8          19.4 Vru1625E12
     K07D49K  C2007 02 24.65543 13 48 42.45 -29 47 28.2          19.6 Vru1625E12
     K07D49K tC2007 02 28.56856 13 57 40.99 -31 15 39.8                ou1625474
     K07D49K tC2007 02 28.57412 13 57 41.77 -31 15 47.5                ou1625474
     K07D49K  C2007 02 28.57672 13 57 42.12 -31 15 51.0          19.1 Rou1625474
     K07D49K  C2007 02 28.61355 13 57 47.36 -31 16 43.1          19.1 Rru1625E12
     K07D49K  C2007 02 28.62977 13 57 49.60 -31 17 05.5          19.2 Rru1625E12
     K07D49K  C2007 03 01.71398 14 00 20.56 -31 41 17.7          19.1 Rru1625E12
     K07D49K  C2007 03 10.51343 14 21 25.18 -34 51 12.6          18.7 Rou3193474
     K07D49K  C2007 03 10.51619 14 21 25.56 -34 51 15.9          18.6 Rou3193474
     K07D49K  C2007 03 10.52581 14 21 26.92 -34 51 28.0          18.6 Rou3193474
     K07D49K  C2007 03 14.58037 14 31 29.56 -36 13 47.0          18.8 Vru3193E12
     K07D49K  C2007 03 14.59021 14 31 31.00 -36 13 58.5          18.9 Vru3193E12
     K07D49K  C2007 03 14.60000 14 31 32.41 -36 14 11.1          19.0 Vru3193E12
     K07D49K  C2007 03 14.60984 14 31 33.85 -36 14 22.4          19.3 Vru3193E12
     K07D49K  C2007 03 19.59410 14 44 09.08 -37 48 56.7          18.6 Rou4677474
     K07D49K  C2007 03 19.60174 14 44 10.21 -37 49 05.4          19.0 Rou4677474
     K07D49K  C2007 03 19.60938 14 44 11.35 -37 49 13.8          18.5 Rou4677474
     K07D49K  C2007 03 28.69782 15 07 40.00 -40 17 25.4          18.5 Vru5578E12
     K07D49K  C2007 03 28.70897 15 07 41.66 -40 17 34.9          18.3 Vru5578E12
     K07D49K  C2007 03 28.72010 15 07 43.32 -40 17 44.2          18.5 Vru5578E12
     K07D49K  C2007 03 28.73116 15 07 44.94 -40 17 53.3          18.5 Vru5578E12
