     K07R09T* C2007 09 10.28434 23 01 13.58 -07 05 58.8          22.1 Vrv5226G96
     K07R09T  C2007 09 10.29139 23 01 12.97 -07 06 05.5          22.0 Vrv5226G96
     K07R09T  C2007 09 10.29846 23 01 12.39 -07 06 11.6          21.5 Vrv5226G96
     K07R09T  C2007 09 10.30551 23 01 11.74 -07 06 19.0          22.4 Vrv5226G96
     K07R09T  C2007 09 10.36056 23 01 07.17 -07 07 11.2          22.2 Vrv5226G96
     K07R09T  C2007 09 10.36483 23 01 06.81 -07 07 15.2          21.5 Vrv5226G96
     K07R09T  C2007 09 10.36902 23 01 06.42 -07 07 19.6          22.1 Vrv5226G96
     K07R09T  C2007 09 10.37322 23 01 06.06 -07 07 23.1          21.8 Vrv5226G96
     K07R09T  C2007 09 11.27521 22 59 52.62 -07 21 41.6          22.4 Vrv5226G96
     K07R09T  C2007 09 11.28211 22 59 52.00 -07 21 49.1          21.0 Vrv5226G96
     K07R09T HC2007 09 11.28420 22 59 51.90 -07 21 50.3                ov5226291
     K07R09T  C2007 09 11.28897 22 59 51.46 -07 21 54.7          21.6 Vrv5226G96
     K07R09T HC2007 09 11.29084 22 59 51.36 -07 21 56.3                ov5226291
     K07R09T  C2007 09 11.29591 22 59 50.89 -07 22 01.8          21.4 Vrv5226G96
     K07R09T HC2007 09 11.31749 22 59 49.15 -07 22 20.9                ov5226291
     K07R09T  C2007 09 12.22561922 58 35.49 -07 36 38.2          22.0  ov6318H55
     K07R09T  C2007 09 12.23716922 58 34.59 -07 36 48.8          22.1  ov6318H55
     K07R09T  C2007 09 12.29885 22 58 29.71 -07 37 47.0          21.5 Vrv5226G96
     K07R09T  C2007 09 12.30347 22 58 29.32 -07 37 50.9          21.6 Vrv5226G96
     K07R09T  C2007 09 12.30806 22 58 28.93 -07 37 55.8          21.6 Vrv5226G96
     K07R09T  C2007 09 12.31272 22 58 28.58 -07 37 59.7          21.8 Vrv5226G96
     K07R09T  C2007 09 13.18150222 57 18.91 -07 51 29.3          22.2  ov6318H55
     K07R09T  C2007 09 13.18972622 57 18.32 -07 51 36.9          22.1  ov6318H55
     K07R09T  C2007 09 13.19807922 57 17.62 -07 51 44.1          22.1  ov6318H55
     K07R09T HC2007 09 13.24743 22 57 13.69 -07 52 30.0                ov5226291
     K07R09T  C2007 09 13.25455 22 57 13.07 -07 52 35.9                ov5226291
     K07R09T HC2007 09 13.25829 22 57 12.85 -07 52 39.2                ov5226291
     K07R09T  C2007 09 14.20089022 55 58.03 -08 07 07.9          22.1  ov6318H55
     K07R09T  C2007 09 14.23573422 55 55.19 -08 07 40.2          22.1  ov6318H55
     K07R09T  C2007 09 14.26430 22 55 53.08 -08 08 05.3          22.7 Vov5226291
     K07R09T HC2007 09 14.27300 22 55 52.44 -08 08 13.3                ov5226291
     K07R09T HC2007 09 14.27856 22 55 51.90 -08 08 18.1                ov5226291
     K07R09T  C2007 09 15.37460 22 54 25.93 -08 24 51.4                ov6318291
     K07R09T  C2007 09 15.38455 22 54 25.12 -08 25 01.1                ov6318291
     K07R09T HC2007 09 15.38835 22 54 24.85 -08 25 04.8                ov6318291
     K07R09T  C2007 09 16.15274222 53 26.17 -08 36 29.0          22.2  ov6318H55
     K07R09T  C2007 09 16.17184722 53 24.74 -08 36 44.4          22.3  ov6318H55
     K07R09T  C2007 09 16.18624822 53 23.45 -08 36 58.7          22.2  ov6318H55
     K07R09T  C2009 01 14.51671 03 51 52.84 -67 14 24.0          18.5 Vr~03IPE12
     K07R09T  C2009 01 14.52803 03 51 43.81 -67 14 57.9          18.5 Vr~03IPE12
     K07R09T  C2009 01 14.53936 03 51 34.74 -67 15 30.4          19.3 Vr~03IPE12
     K07R09T  C2009 01 14.55072 03 51 25.48 -67 16 03.6          18.6 Vr~03IPE12
     K07R09T  C2009 01 14.56121 03 51 17.30 -67 16 36.1          18.9 Rr~03IPE12
     K07R09T  C2009 01 14.56354 03 51 15.34 -67 16 42.7          18.9 Rr~03IPE12
     K07R09T  C2009 01 15.43511 03 39 24.14 -68 00 05.2          19.3 Rr~03IPE12
     K07R09T  C2009 01 15.43798 03 39 21.57 -68 00 13.2          19.2 Rr~03IPE12
     K07R09T  C2009 01 16.43305 03 24 19.28 -68 46 56.0                r~03IPE12
     K07R09T  C2009 01 16.43747 03 24 14.98 -68 47 07.9          18.9 Rr~03IPE12
     K07R09T  C2009 01 16.55539 03 22 18.471-68 52 15.80         18.8 Rr~03IPE12
     K07R09T  C2009 01 16.55833 03 22 15.562-68 52 23.33         18.9 Rr~03IPE12
     K07R09T KC2011 06 16.29188221 47 02.40 +67 52 03.1          19.9 Vo~0WbuH21
     K07R09T KC2011 06 16.29646921 46 59.90 +67 51 50.1          19.9 Vo~0WbuH21
     K07R09T KC2011 06 16.30120921 46 57.23 +67 51 36.5          20.0 Vo~0WbuH21
     K07R09T KC2011 06 16.31018021 46 52.17 +67 51 11.2          19.8 Vo~0WbuH21
     K07R09T KC2011 06 21.27820921 08 46.91 +63 33 37.6          19.9 Vo~0WbuH21
     K07R09T KC2011 06 21.28187521 08 45.48 +63 33 25.5          19.8 Vo~0WbuH21
     K07R09T KC2011 06 21.28584521 08 43.88 +63 33 13.1          19.7 Vo~0WbuH21
     K07R09T KC2011 06 21.29104121 08 41.78 +63 32 55.9          19.8 Vo~0WbuH21
     K07R09T KC2011 06 27.93061 20 33 14.96 +57 06 58.7          19.0 Rv~0Wr1204
     K07R09T KC2011 06 27.94375 20 33 11.38 +57 06 11.2                v~0Wr1204
     K07R09T KC2011 06 27.95737 20 33 07.66 +57 05 22.2                v~0Wr1204
     K07R09T KC2011 07 04.31388 20 09 04.46 +50 23 30.3          19.6 Rt~0Wr1G58
     K07R09T KC2011 07 04.31562 20 09 04.16 +50 23 23.4          19.6 Rt~0Wr1G58
     K07R09T KC2011 07 04.32388 20 09 02.51 +50 22 51.0          19.5 Rt~0Wr1G58
     K07R09T  C2011 07 12.47982 19 47 01.528+41 16 26.92         19.4 iL~0X68F51
     K07R09T  C2011 07 12.49076 19 46 59.938+41 15 41.88         19.2 iL~0X68F51
     K07R09T  C2011 07 12.50253 19 46 58.248+41 14 53.43         19.2 rL~0X68F51
