b1660K07C26N* C2007 02 10.36181 09 40 44.97 +07 40 50.3          21.5 Vrt9568G96
b1660K07C26N  C2007 02 10.37067 09 40 43.96 +07 40 59.3          21.3 Vrt9568G96
b1660K07C26N  C2007 02 10.37965 09 40 42.92 +07 41 08.9          21.5 Vrt9568G96
b1660K07C26N  C2007 02 10.38853 09 40 41.88 +07 41 18.2          21.2 Vrt9568G96
b1660K07C26N  C2007 02 10.40861 09 40 39.61 +07 41 39.4          21.0 Vrt9568G96
b1660K07C26N  C2007 02 10.41507 09 40 38.84 +07 41 46.4          22.1 Vrt9568G96
b1660K07C26N  C2007 02 10.42157 09 40 38.11 +07 41 53.0          21.2 Vrt9568G96
b1660K07C26N  C2007 02 13.28985 09 35 16.00 +08 33 00.0          21.6 Vrt9568G96
b1660K07C26N  C2007 02 13.29872 09 35 15.00 +08 33 09.7          21.2 Vrt9568G96
b1660K07C26N  C2007 02 13.30760 09 35 13.92 +08 33 19.5          20.9 Vrt9568G96
b1660K07C26N  C2007 02 13.31689 09 35 12.84 +08 33 29.7          20.7 Vrt9568G96
b1660K07C26N  C2007 02 16.27500 09 29 33.25 +09 28 05.7          21.2 Vrt9568G96
b1660K07C26N  C2007 02 16.27793 09 29 32.92 +09 28 09.0          21.6 Vrt9568G96
b1660K07C26N  C2007 02 17.29757 09 27 35.10 +09 47 16.5          21.5 Vru0461G96
b1660K07C26N  C2007 02 17.30189 09 27 34.52 +09 47 21.6          21.2 Vru0461G96
b1660K07C26N  C2007 02 17.30619 09 27 34.05 +09 47 26.2          21.5 Vru0461G96
b1660K07C26N  C2007 02 17.31050 09 27 33.51 +09 47 30.9          21.5 Vru0461G96
b1660K07C26N  C2007 02 21.31338 09 19 54.52 +11 03 13.8          21.4 Vru0461G96
b1660K07C26N  C2007 02 21.31566 09 19 54.26 +11 03 16.5          21.8 Vru0461G96
b1660K07C26N  C2007 02 21.31794 09 19 54.00 +11 03 18.9          21.2 Vru0461G96
b1660K07C26N  C2007 02 21.32017 09 19 53.70 +11 03 21.5          21.6 Vru0461G96
b1660K07C26N  C2007 02 23.19203 09 16 24.46 +11 38 44.0                ou0461291
b1660K07C26N HC2007 02 23.19659 09 16 23.86 +11 38 49.6                ou0461291
b1660K07C26N HC2007 02 23.20079 09 16 23.40 +11 38 53.0                ou0461291
b1660K07C26N 2C2007 02 23.47345609 15 52.367+11 44 04.23         21.0 Rou1586568
b1660K07C26N 2C2007 02 23.47553209 15 52.130+11 44 06.60         20.9 Rou1586568
b1660K07C26N  C2007 03 09.23750 08 54 05.55 +15 44 01.6          22.5 Vou2378291
b1660K07C26N  C2007 03 09.24167 08 54 05.23 +15 44 05.2          21.9 Vou2378291
b1660K07C26N  C2007 03 09.24584 08 54 04.94 +15 44 09.1          22.4 Vou2378291
b1660K07C26N HC2007 03 14.18752 08 48 39.42 +16 56 20.8                ou3162291
b1660K07C26N HC2007 03 14.19150 08 48 39.27 +16 56 23.8                ou3162291
b1660K07C26N  C2007 03 14.19549 08 48 38.97 +16 56 28.2          22.3 Vou3162291
b1660K07C26N 2C2010 01 18.51266611 18 28.041-00 46 23.72         22.1 Ro~0DsF568
b1660K07C26N 2C2010 01 18.51628611 18 28.077-00 46 23.30         21.8 Ro~0DsF568
b1660K07C26N 2C2010 01 18.52076211 18 28.127-00 46 22.74         21.8 Ro~0DsF568
b1660K07C26N 2C2010 01 19.61115311 18 41.879-00 43 55.69         21.9 Ro~0DsF568
b1660K07C26N 2C2010 01 19.61483311 18 41.902-00 43 55.11         21.8 Ro~0DsF568
b1660K07C26N 2C2010 01 19.62000211 18 41.939-00 43 54.29         21.6 Ro~0DsF568
b1660K07C26N  C2010 02 05.42450 11 15 09.85 +01 06 45.1          22.3 Vo~0Dey291
b1660K07C26N HC2010 02 05.43176 11 15 09.45 +01 06 50.6                o~0Dey291
b1660K07C26N  C2010 02 05.43570 11 15 09.35 +01 06 52.6          22.6 Vo~0Dey291
b1660K07C26N  C2010 02 06.44026 11 14 28.36 +01 18 24.1                o~0DsF291
b1660K07C26N HC2010 02 06.44463 11 14 28.16 +01 18 28.1                o~0DsF291
b1660K07C26N HC2010 02 06.44924 11 14 27.96 +01 18 31.2                o~0DsF291
b1660K07C26N tC2010 02 17.21788 11 03 34.65 +04 00 45.8          21.4 Vo~0DsF691
b1660K07C26N tC2010 02 17.23549 11 03 33.17 +04 01 05.2                o~0DsF691
b1660K07C26N HC2010 02 17.25312 11 03 31.69 +04 01 25.0                o~0DsF691
b1660K07C26N  C2010 04 08.18784 09 50 11.06 +20 46 14.4          21.8 Vo~0Fmj291
b1660K07C26N HC2010 04 08.19201 09 50 10.92 +20 46 16.1                o~0Fmj291
b1660K07C26N  C2010 04 08.19634 09 50 10.80 +20 46 19.5          21.8 Vo~0Fmj291
b1660K07C26N  C2010 10 07.42030 19 22 39.43 -30 15 39.8          19.4 Ro~0NlB474
b1660K07C26N  C2010 10 07.42470 19 22 41.43 -30 15 42.7          19.8 Ro~0NlB474
b1660K07C26N  C2010 10 07.42770 19 22 42.75 -30 15 43.7          19.5 Ro~0NlB474
b1660K07C26N  C2010 10 07.42973 19 22 43.68 -30 15 44.4          20.1 Ro~0NlB474
b1660K07C26N  C2010 10 07.43072 19 22 44.09 -30 15 45.8          20.6 Ro~0NlB474
b1660K07C26N  S2010 10 10.10855 19 43 01.54 -30 33 04.9                L~0NlBC51
b1660K07C26N  s2010 10 10.10855 1 + 2027.6016 - 5508.7337 - 3651.5511   ~0NlBC51
b1660K07C26N  S2010 10 10.17477 19 43 31.15 -30 33 20.7                L~0NlBC51
b1660K07C26N  s2010 10 10.17477 1 + 2035.8817 - 5535.7512 - 3605.6400   ~0NlBC51
b1660K07C26N  S2010 10 10.24086 19 44 00.75 -30 33 35.2                L~0NlBC51
b1660K07C26N  s2010 10 10.24086 1 + 2041.1102 - 5517.9701 - 3629.9120   ~0NlBC51
b1660K07C26N  S2010 10 10.30694 19 44 30.32 -30 33 48.1                L~0NlBC51
b1660K07C26N  s2010 10 10.30694 1 + 2046.2562 - 5500.2804 - 3653.8426   ~0NlBC51
b1660K07C26N  S2010 10 10.57155 19 46 28.68 -30 34 41.1                L~0NlBC51
b1660K07C26N  s2010 10 10.57155 1 + 2072.9567 - 5518.2163 - 3611.7703   ~0NlBC51
b1660K07C26N  S2010 10 10.63764 19 46 58.26 -30 34 54.1                L~0NlBC51
b1660K07C26N  s2010 10 10.63764 1 + 2078.1778 - 5499.9307 - 3636.6046   ~0NlBC51
b1660K07C26N HC2010 12 02.12271 23 54 16.57 -15 07 31.9                o~0Plm291
b1660K07C26N HC2010 12 02.12644 23 54 17.16 -15 07 26.8                o~0Plm291
b1660K07C26N  C2013 03 13.27793 12 36 18.74 +04 37 57.6                N~0qAzI41
b1660K07C26N  C2013 03 13.29059 12 36 17.97 +04 38 19.0                N~0qAzI41
b1660K07C26N KC2013 03 13.29131 12 36 17.71 +04 38 20.5          20.2 Rq~0pqX448
b1660K07C26N  C2013 03 13.30217 12 36 17.28 +04 38 38.9                N~0qAzI41
b1660K07C26N  C2013 03 13.31479 12 36 16.49 +04 39 00.1                N~0qAzI41
b1660K07C26N KC2013 03 13.31749 12 36 16.12 +04 39 05.3          20.0 Rq~0pqX448
b1660K07C26N KC2013 03 13.34356 12 36 14.45 +04 39 48.9          20.4 Rq~0pqX448
b1660K07C26N KC2013 03 13.36577 12 36 13.38 +04 40 25.1          20.4 Vu~0qAzG52
b1660K07C26N KC2013 03 13.37710 12 36 12.65 +04 40 43.6          20.4 Vu~0qAzG52
b1660K07C26N  C2013 03 14.33366 12 35 18.42 +05 08 09.0          20.5 Vu~0pqX703
b1660K07C26N  C2013 03 14.34189 12 35 17.84 +05 08 24.3          20.5 Vu~0pqX703
b1660K07C26N  C2013 03 14.35010 12 35 17.37 +05 08 37.0          20.6 Vu~0pqX703
b1660K07C26N  C2013 03 14.35817 12 35 16.76 +05 08 52.8          20.4 Vu~0pqX703
b1660K07C26N  C2013 03 23.30757 12 24 28.15 +09 53 20.1          19.5 rN~0qAzI41
b1660K07C26N  C2013 03 23.33798 12 24 25.28 +09 54 22.2          19.8 rN~0qAzI41
b1660K07C26N  C2013 03 23.37564 12 24 21.72 +09 55 39.2          20.6 rN~0qAzI41
b1660K07C26N  C2013 03 23.39028 12 24 20.19 +09 56 09.5          19.7 Vu~0qAzG96
b1660K07C26N  C2013 03 23.39631 12 24 19.62 +09 56 21.9          19.6 Vu~0qAzG96
b1660K07C26N  C2013 03 23.40227 12 24 19.08 +09 56 33.8          19.9 Vu~0qAzG96
b1660K07C26N  C2013 03 23.40826 12 24 18.54 +09 56 45.9          19.6 Vu~0qAzG96
b1660K07C26N  C2013 04 06.23879 12 01 41.52 +18 01 05.5          19.6 Vu~0qjk703
b1660K07C26N  C2013 04 06.24828 12 01 40.51 +18 01 24.9          20.3 Vu~0qjk703
b1660K07C26N  C2013 04 06.25777 12 01 39.36 +18 01 40.2          19.8 Vu~0qjk703
b1660K07C26N  C2013 04 06.26728 12 01 38.28 +18 02 02.9          19.6 Vu~0qjk703
b1660K07C26N  C2013 04 06.31771 12 01 33.845+18 03 49.92         20.0 wL~0qjkF51
b1660K07C26N  C2013 04 06.33153 12 01 32.253+18 04 18.41         20.0 wL~0qjkF51
b1660K07C26N  C2013 04 06.34528 12 01 30.664+18 04 46.60         19.9 wL~0qjkF51
b1660K07C26N  C2013 04 12.26469 11 51 20.76 +21 16 24.5          19.9 rN~0qjkI41
b1660K07C26N  C2013 04 12.29455 11 51 17.44 +21 17 19.3          19.9 rN~0qjlI41
b1660K07C26N  C2013 04 12.32519 11 51 14.07 +21 18 14.9          19.9 rN~0qjlI41
b1660K07C26N KC2013 06 27.23488 12 04 15.47 +33 25 52.9          20.8 Ro~0sw4291
b1660K07C26N KC2013 06 27.24066 12 04 15.86 +33 25 53.2          20.2 Ro~0sw4291
b1660K07C26N KC2013 06 27.24645 12 04 16.27 +33 25 53.2          20.5 Ro~0sw4291
b1660K07C26N 8C2013 08 31.46674 04 46 58.38 +20 12 06.6          17.0 Rq~0tuuH06
b1660K07C26N 8C2013 08 31.47628 04 46 47.21 +20 09 24.7          16.8 Rq~0tuuH06
b1660K07C26N 8C2013 08 31.48545 04 46 36.50 +20 06 47.8          16.7 Rq~0tuuH06
b1660K07C26N 8C2013 09 01.44524 04 30 36.35 +15 40 38.5          17.2 Rq~0tuuH06
b1660K07C26N 8C2013 09 01.44715 04 30 34.42 +15 40 08.3          17.1 Rq~0tuuH06
b1660K07C26N 8C2013 09 01.44905 04 30 32.49 +15 39 38.5          17.0 Rq~0tuuH06
b1660K07C26N  C2013 09 03.13557 04 07 15.41 +08 45 37.7                q~0tuu204
b1660K07C26N  C2013 09 03.13740 04 07 13.94 +08 45 13.3                q~0tuu204
b1660K07C26N  C2013 09 03.13924 04 07 12.48 +08 44 48.6                q~0tuu204
b1660K07C26N  C2013 09 03.14106 04 07 11.03 +08 44 24.2          16.6 Rq~0tuu204
b1660K07C26N  C2013 09 03.14306 04 07 09.46 +08 43 57.8                q~0tuu204
b1660K07C26N  C2013 09 05.38642 03 43 34.55 +01 25 44.6          16.9 Rq~0tuuH45
b1660K07C26N  C2013 09 05.38737 03 43 33.94 +01 25 34.9          16.9 Rq~0tuuH45
b1660K07C26N  C2013 09 05.38800 03 43 33.57 +01 25 28.4          16.6 Rq~0tuuH45
b1660K07C26N  C2013 09 05.38852 03 43 33.27 +01 25 24.0          16.8 Rq~0tuuH45
b1660K07C26N  C2013 09 05.38884 03 43 33.07 +01 25 20.4          16.7 Rq~0tuuH45
b1660K07C26N  C2013 09 05.38935 03 43 32.74 +01 25 15.3          16.6 Rq~0tuuH45
b1660K07C26N  C2013 09 05.39001 03 43 32.35 +01 25 08.5          16.6 Rq~0tuuH45
b1660K07C26N  C2013 09 05.39084 03 43 31.85 +01 25 00.0          16.7 Rq~0tuuH45
b1660K07C26N  C2013 09 05.39148 03 43 31.44 +01 24 53.6          16.6 Rq~0tuuH45
b1660K07C26N  C2013 09 05.39199 03 43 31.14 +01 24 48.2          16.6 Rq~0tuuH45
b1660K07C26N  C2013 09 07.36667 03 27 31.48 -03 31 41.2          17.0 Rq~0uFpH45
b1660K07C26N  C2013 09 07.36722 03 27 31.18 -03 31 45.3          16.9 Rq~0uFpH45
b1660K07C26N  C2013 09 07.36796 03 27 30.81 -03 31 51.4          16.9 Rq~0uFpH45
b1660K07C26N  C2013 09 07.36855 03 27 30.53 -03 31 56.1          16.7 Rq~0uFpH45
b1660K07C26N  C2013 09 07.37000 03 27 29.82 -03 32 07.4          16.8 Rq~0uFpH45
b1660K07C26N  C2013 09 07.37091 03 27 29.35 -03 32 14.8          16.8 Rq~0uFpH45
b1660K07C26N  C2013 09 07.37157 03 27 29.04 -03 32 19.9          16.8 Rq~0uFpH45
b1660K07C26N  C2013 09 07.37253 03 27 28.57 -03 32 27.7          17.0 Rq~0uFpH45
b1660K07C26N  C2013 09 07.37343 03 27 28.14 -03 32 34.9          17.0 Rq~0uFpH45
b1660K07C26N  C2013 09 07.37478 03 27 27.45 -03 32 45.6          16.8 Rq~0uFpH45
b1660K07C26N  C2013 09 07.99166 03 23 10.68 -04 51 32.3                u~0uFpK90
b1660K07C26N  C2013 09 07.99538 03 23 09.03 -04 51 59.9                u~0uFpK90
b1660K07C26N  C2013 09 07.99986 03 23 06.97 -04 52 33.5                u~0uFpK90
b1660K07C26N  C2013 09 08.00432 03 23 05.02 -04 53 06.2                u~0uFpK90
b1660K07C26N  C2013 09 08.00876 03 23 03.03 -04 53 39.1                u~0uFpK90
b1660K07C26N  C2013 09 08.01338 03 23 00.96 -04 54 13.4                u~0uFpK90
b1660K07C26N  C2013 09 08.01917 03 22 58.38 -04 54 55.7                u~0uFpK90
b1660K07C26N  C2013 09 08.02361 03 22 56.40 -04 55 28.5                u~0uFpK90
b1660K07C26N  C2013 09 08.03432 03 22 51.61 -04 56 47.2                u~0uFpK90
b1660K07C26N  C2013 09 08.03899 03 22 49.49 -04 57 21.3                u~0uFpK90
b1660K07C26N  C2013 09 08.04383 03 22 47.34 -04 57 56.7                u~0uFpK90
b1660K07C26N  C2013 09 08.04829 03 22 45.32 -04 58 29.6                u~0uFpK90
b1660K07C26N  C2013 09 08.05274 03 22 43.35 -04 59 02.0                u~0uFpK90
b1660K07C26N  C2013 09 08.05899 03 22 40.51 -04 59 47.6                u~0uFpK90
b1660K07C26N  C2013 09 08.06345 03 22 38.53 -05 00 20.0                u~0uFpK90
b1660K07C26N  C2013 09 08.06789 03 22 36.48 -05 00 52.7                u~0uFpK90
b1660K07C26N  C2013 09 08.07272 03 22 34.32 -05 01 27.8                u~0uFpK90
b1660K07C26N  C2013 09 08.08163 03 22 30.25 -05 02 32.8                u~0uFpK90
b1660K07C26N  C2013 09 08.09112 03 22 25.99 -05 03 42.0                u~0uFpK90
b1660K07C26N  C2013 09 08.09557 03 22 23.95 -05 04 14.1                u~0uFpK90
b1660K07C26N  C2013 09 08.10002 03 22 21.92 -05 04 46.7                u~0uFpK90
b1660K07C26N  C2013 09 08.10449 03 22 19.89 -05 05 19.2                u~0uFpK90
b1660K07C26N  C2013 09 08.10895 03 22 17.91 -05 05 51.2                u~0uFpK90
b1660K07C26N  C2013 09 08.11339 03 22 15.93 -05 06 23.0                u~0uFpK90
b1660K07C26N  C2013 09 08.98735 03 16 45.35 -06 46 17.6                u~0uFpK90
b1660K07C26N  C2013 09 08.99402 03 16 42.71 -06 47 00.9                u~0uFqK90
b1660K07C26N  C2013 09 09.01795 03 16 33.02 -06 49 37.8                u~0uFqK90
b1660K07C26N  C2013 09 09.02603 03 16 29.63 -06 50 31.0                u~0uFqK90
b1660K07C26N  C2013 09 09.03375 03 16 26.53 -06 51 21.2                u~0uFqK90
b1660K07C26N  C2013 09 09.04733 03 16 20.95 -06 52 49.1                u~0uFqK90
b1660K07C26N  C2013 09 09.05395 03 16 18.24 -06 53 32.2                u~0uFqK90
b1660K07C26N  C2013 09 09.06385 03 16 14.17 -06 54 36.4                u~0uFqK90
b1660K07C26N  C2013 09 09.07929 03 16 07.79 -06 56 16.2                u~0uFqK90
b1660K07C26N  C2013 09 09.08591 03 16 05.07 -06 56 58.5                u~0uFqK90
b1660K07C26N  C2013 09 09.09255 03 16 02.34 -06 57 41.4                u~0uFqK90
b1660K07C26N  C2013 09 09.10472 03 15 57.33 -06 58 59.5                u~0uFqK90
b1660K07C26N  C2013 09 12.38641 02 58 43.43 -11 49 57.5          17.1 Rq~0uFqH45
b1660K07C26N  C2013 09 12.38690 02 58 43.24 -11 49 59.7          17.1 Rq~0uFqH45
b1660K07C26N  C2013 09 12.38811 02 58 42.84 -11 50 05.1          17.3 Rq~0uFqH45
b1660K07C26N  C2013 09 12.38858 02 58 42.69 -11 50 07.0          17.3 Rq~0uFqH45
b1660K07C26N  C2013 09 12.38939 02 58 42.43 -11 50 10.7          17.4 Rq~0uFqH45
b1660K07C26N  C2013 09 12.39018 02 58 42.19 -11 50 14.0          17.0 Rq~0uFqH45
b1660K07C26N  C2013 09 12.39100 02 58 41.92 -11 50 17.8          17.3 Rq~0uFqH45
b1660K07C26N  C2013 09 12.39182 02 58 41.66 -11 50 21.3          17.1 Rq~0uFqH45
b1660K07C26N  C2013 09 14.34994 02 50 22.71 -13 59 19.2          17.4 Rq~0uFqH45
b1660K07C26N  C2013 09 14.35050 02 50 22.55 -13 59 21.3          17.2 Rq~0uFqH45
b1660K07C26N  C2013 09 14.35181 02 50 22.20 -13 59 26.2          17.1 Rq~0uFqH45
b1660K07C26N  C2013 09 14.35271 02 50 21.94 -13 59 29.4          16.9 Rq~0uFqH45
b1660K07C26N  C2013 09 14.35345 02 50 21.73 -13 59 32.2          16.9 Rq~0uFqH45
b1660K07C26N  C2013 09 14.35410 02 50 21.51 -13 59 34.6          17.2 Rq~0uFqH45
b1660K07C26N  C2013 09 14.35481 02 50 21.34 -13 59 36.7          17.1 Rq~0uFqH45
b1660K07C26N  C2013 09 14.35554 02 50 21.16 -13 59 39.8          17.1 Rq~0uFqH45
b1660K07C26N  C2013 09 14.35633 02 50 20.90 -13 59 42.4          17.1 Rq~0uFqH45
b1660K07C26N  C2013 09 14.35703 02 50 20.73 -13 59 44.9          17.3 Rq~0uFqH45
b1660K07C26N  C2013 09 15.34958 02 46 31.79 -14 55 30.5          17.1 Rq~0uFqH45
b1660K07C26N  C2013 09 15.35065 02 46 31.54 -14 55 34.0          17.3 Rq~0uFqH45
b1660K07C26N  C2013 09 15.35153 02 46 31.33 -14 55 36.9          17.1 Rq~0uFqH45
b1660K07C26N  C2013 09 15.35246 02 46 31.06 -14 55 39.7          17.3 Rq~0uFqH45
b1660K07C26N  C2013 09 15.35354 02 46 30.78 -14 55 43.1          17.3 Rq~0uFqH45
b1660K07C26N  C2013 09 15.35524 02 46 30.30 -14 55 48.8          17.3 Rq~0uFqH45
b1660K07C26N  C2013 09 15.35623 02 46 30.08 -14 55 52.1          17.3 Rq~0uFqH45
b1660K07C26N  C2013 09 15.35701 02 46 29.85 -14 55 54.6          17.3 Rq~0uFqH45
b1660K07C26N  C2013 09 15.35767 02 46 29.68 -14 55 56.6          17.2 Rq~0uFqH45
b1660K07C26N  C2013 09 15.35848 02 46 29.47 -14 55 59.2          17.4 Rq~0uFqH45
