     K07B00B* C2007 01 17.27637 08 34 35.22 +35 18 47.8          17.8 Vrt6458703
     K07B00B  C2007 01 17.28331 08 34 13.97 +35 18 13.6          17.7 Vrt6458703
     K07B00B  C2007 01 17.29028 08 33 52.54 +35 17 37.8          17.6 Vrt6458703
     K07B00B  C2007 01 17.29721 08 33 30.78 +35 16 59.1          17.6 Vrt6458703
     K07B00B  C2007 01 17.32593 08 31 59.88 +35 14 06.2          17.8 Vrt6458703
     K07B00B  C2007 01 17.32628 08 31 58.69 +35 14 04.4          17.6 Vrt6458703
     K07B00B  C2007 01 17.32664 08 31 57.64 +35 14 02.5          17.6 Vrt6458703
     K07B00B  C2007 01 17.32699 08 31 56.46 +35 13 59.7          17.6 Vrt6458703
     K07B00B  C2007 01 17.44298 08 25 33.27 +34 57 09.6          17.5 Vrt6458703
     K07B00B  C2007 01 17.44398 08 25 29.96 +34 56 59.7          17.3 Vrt6458703
     K07B00B  C2007 01 17.44498 08 25 26.54 +34 56 47.6          17.5 Vrt6458703
     K07B00B  C2007 01 17.44597 08 25 23.23 +34 56 36.9          17.7 Vrt6458703
     K07B00B  C2007 01 17.55756 08 19 16.00 +34 33 13.1          17.2 Vrt6458703
     K07B00B  C2007 01 17.55792 08 19 14.88 +34 33 07.6          17.4 Vrt6458703
     K07B00B  C2007 01 17.55827 08 19 13.69 +34 33 02.7          17.2 Vrt6458703
     K07B00B  C2007 01 19.24841 05 21 02.75 +15 29 13.0          16.5 Rrt6458734
     K07B00B  C2007 01 19.25049 05 20 38.29 +15 25 28.3          16.5 Rrt6458734
     K07B00B  C2007 01 19.25240 05 20 15.83 +15 22 01.1          16.6 Rrt6458734
     K07B00B  C2007 01 19.25335 05 20 04.63 +15 20 17.7          16.3 Rrt6458734
     K07B00B  C2007 01 19.25430 05 19 53.41 +15 18 34.3          16.7 Rrt6458734
     K07B00B  C2007 01 19.25524 05 19 42.21 +15 16 51.4          17.0 Rrt6458734
