     K07VO3N* C2007 11 15.24381 03 36 42.33 +08 44 18.3          21.4 Vrw8421G96
     K07VO3N  C2007 11 15.24925 03 36 41.86 +08 44 16.3          22.1 Vrw8421G96
     K07VO3N  C2007 11 15.25471 03 36 41.29 +08 44 12.5          21.4 Vrw8421G96
     K07VO3N  C2007 11 15.26021 03 36 40.75 +08 44 10.2          21.0 Vrw8421G96
     K07VO3N  C2007 11 15.33377 03 36 33.73 +08 43 36.2          19.0 Vrw8421G96
     K07VO3N  C2007 11 15.33876 03 36 33.15 +08 43 31.7          20.5 Vrw8421G96
     K07VO3N  C2007 11 15.34551 03 36 32.47 +08 43 28.2          20.6 Vrw8421G96
     K07VO3N  C2007 11 15.35034 03 36 32.04 +08 43 26.0          21.0 Vrw8421G96
     K07VO3N  C2007 11 16.23543403 35 12.11 +08 36 04.6          21.7 Vow8421H55
     K07VO3N  C2007 11 16.24244003 35 11.40 +08 36 01.3          21.9 Vow8421H55
     K07VO3N  C2007 11 16.24947003 35 10.69 +08 35 58.1          21.5 Vow8421H55
     K07VO3N  C2007 11 17.30628 03 33 29.70 +08 27 07.8          21.7 Vrw8421G96
     K07VO3N  C2007 11 17.31376 03 33 28.80 +08 27 03.9          20.0 Vrw8421G96
     K07VO3N  C2007 11 17.32116 03 33 28.08 +08 27 00.9          21.3 Vrw8421G96
     K07VO3N  C2007 11 17.32867 03 33 27.28 +08 26 56.8          21.2 Vrw8421G96
     K07VO3N !C2007 11 18.27450 03 31 52.45 +08 18 52.0          21.1 Vow8421689
     K07VO3N !C2007 11 18.27771 03 31 52.18 +08 18 51.1          20.7 Vow8421689
     K07VO3N  C2007 11 19.22208 03 30 12.78 +08 10 41.8                ow8421291
     K07VO3N HC2007 11 19.22583 03 30 12.31 +08 10 40.9                ow8421291
     K07VO3N HC2007 11 20.25549 03 28 17.88 +08 01 37.7                ow9223291
     K07VO3N HC2007 11 20.25935 03 28 17.51 +08 01 34.8                ow9223291
     K07VO3N  C2007 11 20.26323 03 28 16.95 +08 01 33.9                ow9223291
     K07VO3N  C2007 11 28.21554703 10 04.81 +06 47 17.3          21.4 Vow9962H55
     K07VO3N  C2007 11 28.22151803 10 03.75 +06 47 12.9          21.4 Vow9962H55
     K07VO3N  C2007 11 28.22732903 10 02.72 +06 47 09.8          21.6 Vow9962H55
     K07VO3N  C2007 11 30.22054603 04 22.75 +06 27 22.9          21.0 Vow9962H55
     K07VO3N  C2007 11 30.22439003 04 22.20 +06 27 19.2          21.0 Vow9962H55
     K07VO3N  C2007 11 30.22957703 04 21.14 +06 27 15.3          20.9 Vow9962H55
     K07VO3N  C2007 12 26.03296200 29 19.42 +00 31 57.1          20.9 Vox1857H55
     K07VO3N  C2007 12 26.03589600 29 17.02 +00 31 52.6          20.9 Vox1857H55
     K07VO3N  C2007 12 26.03881700 29 15.08 +00 31 49.0          21.0 Vox1857H55
     K07VO3N  C2007 12 26.04164600 29 13.03 +00 31 44.0          20.8 Vox1857H55
