P0458K07A02G* C2007 01 07.07468 21 00 17.35 +70 11 18.6          19.2  ct5599704
P0458K07A02G  C2007 01 07.09031 21 00 22.77 +70 10 59.5          19.3  ct5599704
P0458K07A02G  C2007 01 07.10936 21 00 29.10 +70 10 37.9          19.5  ct5599704
P0458K07A02G  C2007 01 07.13470 21 00 37.43 +70 10 08.1          19.8  ct5599704
P0458K07A02G  C2007 01 10.73610 21 20 54.66 +69 01 56.9                ot5599J95
P0458K07A02G  C2007 01 10.73796 21 20 55.26 +69 01 54.5                ot5599J95
P0458K07A02G  C2007 01 10.73984 21 20 55.95 +69 01 52.3          18.9 Rot5599J95
P0458K07A02G  C2007 01 10.79392 21 21 13.76 +69 00 47.4          19.3 Rot5599J95
P0458K07A02G  C2007 01 11.83119 21 26 59.71 +68 40 28.5                ot5599J95
P0458K07A02G  C2007 01 11.84000 21 27 02.48 +68 40 16.9                ot5599J95
P0458K07A02G  C2007 01 11.84456 21 27 04.25 +68 40 12.3          19.3 Rot5599J95
P0458K07A02G  C2007 01 14.75114 21 43 05.13 +67 41 40.9                ot6440J95
P0458K07A02G  C2007 01 14.75944 21 43 07.85 +67 41 30.1                ot6440J95
P0458K07A02G  C2007 01 14.76637 21 43 10.12 +67 41 21.2          19.0 Rot6440J95
P0458K07A02G  C2007 01 23.82020 22 31 43.49 +64 17 54.3                ot7131J95
P0458K07A02G  C2007 01 23.82479 22 31 44.88 +64 17 47.4                ot7131J95
P0458K07A02G  C2007 01 23.83140 22 31 46.97 +64 17 37.0          18.7 Rot7131J95
