     K07R09R* C2007 09 10.21237 21 58 20.13 -05 12 16.8          19.3 Vrv5226703
     K07R09R  C2007 09 10.22098 21 58 19.30 -05 12 24.7          19.5 Vrv5226703
     K07R09R  C2007 09 10.22956 21 58 18.44 -05 12 33.2          19.0 Vrv5226703
     K07R09R  C2007 09 10.23816 21 58 17.61 -05 12 40.9          18.5 Vrv5226703
     K07R09R  C2007 09 10.30047 21 58 11.53 -05 13 38.7          19.2 Vrv5226703
     K07R09R  C2007 09 10.30933 21 58 10.70 -05 13 47.3          19.1 Vrv5226703
     K07R09R  C2007 09 10.31895 21 58 09.62 -05 13 54.6          18.9 Vrv5226703
     K07R09R  C2007 09 10.32772 21 58 08.94 -05 14 04.8          19.0 Vrv5226703
     K07R09R  C2007 09 10.87198 21 57 21.77 -05 22 44.8          18.2 Rrv5226A06
     K07R09R  C2007 09 10.87799 21 57 21.20 -05 22 50.6          18.8 Rrv5226A06
     K07R09R  C2007 09 10.88346 21 57 20.69 -05 22 55.7          18.7 Rrv5226A06
     K07R09R  C2007 09 10.88918 21 57 20.15 -05 23 04.3          19.5 Rrv5226J95
     K07R09R  C2007 09 10.90017 21 57 19.13 -05 23 15.8                rv5226J95
     K07R09R  C2007 09 10.90434 21 57 18.68 -05 23 19.5                rv5226J95
     K07R09R  C2007 09 10.90852 21 57 18.31 -05 23 23.4          19.5 Rrv5226J95
     K07R09R  C2007 09 11.07173 21 57 03.45 -05 25 32.7          18.9 Rrv5226I77
     K07R09R  C2007 09 11.07534 21 57 03.08 -05 25 35.8          19.0 Rrv5226I77
     K07R09R  C2007 09 11.07948 21 57 02.66 -05 25 40.0          18.9 Rrv5226I77
     K07R09R  C2007 09 11.24867 21 56 47.61 -05 28 47.3          19.2 Vrv5226G96
     K07R09R  C2007 09 11.25103 21 56 47.32 -05 28 49.0                rv5226701
     K07R09R  C2007 09 11.25479 21 56 47.00 -05 28 53.2          19.2 Vrv5226G96
     K07R09R 5C2007 09 11.25544021 56 47.092-05 28 54.12         19.3 Rov5226673
     K07R09R  C2007 09 11.26101 21 56 46.35 -05 28 59.3          19.2 Vrv5226G96
     K07R09R 5C2007 09 11.26192121 56 46.461-05 29 01.01               ov5226673
     K07R09R  C2007 09 11.26731 21 56 45.74 -05 29 05.3          19.2 Vrv5226G96
     K07R09R 5C2007 09 11.26747721 56 45.903-05 29 06.23               ov5226673
     K07R09R 5C2007 09 11.27280121 56 45.391-05 29 10.95               ov5226673
     K07R09R  C2007 09 11.27325 21 56 45.14 -05 29 09.6                rv5226701
     K07R09R  C2007 09 11.27652 21 56 44.84 -05 29 14.3          19.2 Vrv5226G96
     K07R09R  C2007 09 11.28338 21 56 44.16 -05 29 21.1          19.4 Vrv5226G96
     K07R09R  C2007 09 11.29029 21 56 43.47 -05 29 27.7          19.2 Vrv5226G96
     K07R09R  C2007 09 11.29547 21 56 42.95 -05 29 32.1                rv5226701
     K07R09R  C2007 09 11.29720 21 56 42.79 -05 29 34.5          19.3 Vrv5226G96
     K07R09R  C2007 09 11.43105 21 56 29.78 -05 31 44.5          19.3 Rcv5226651
     K07R09R  C2007 09 11.43237 21 56 29.53 -05 31 46.0          19.5 Rcv5226651
     K07R09R  C2007 09 11.43502 21 56 29.37 -05 31 48.0          19.7 Rcv5226651
     K07R09R  C2007 09 12.32768 21 55 09.03 -05 46 42.9          19.8 Vov5226291
     K07R09R  C2007 09 12.33990 21 55 07.81 -05 46 55.4          19.7 Vov5226291
     K07R09R  C2007 09 12.34977 21 55 06.83 -05 47 05.3          19.7 Vov5226291
     K07R09R  C2007 09 13.19492 21 53 50.41 -06 01 42.8          19.6 Vov5226291
     K07R09R  C2007 09 13.19900 21 53 50.02 -06 01 46.7          19.6 Vov5226291
     K07R09R  C2007 09 13.20293 21 53 49.62 -06 01 51.0          19.6 Vov5226291
     K07R09R  C2007 09 14.18307 21 52 18.18 -06 19 26.3          19.0  cv6318704
     K07R09R  C2007 09 14.19523 21 52 16.87 -06 19 39.4          19.8  cv6318704
     K07R09R  C2007 09 14.20731 21 52 15.66 -06 19 53.2          19.7  cv6318704
     K07R09R  C2007 09 14.21941 21 52 14.36 -06 20 06.1          19.3  cv6318704
     K07R09R  C2007 09 14.23147 21 52 13.14 -06 20 19.5          19.2  cv6318704
     K07R09R  C2007 09 15.90873 21 49 33.62 -06 52 04.4          19.1 Vov6318151
     K07R09R  C2007 09 15.91175 21 49 33.26 -06 52 08.1          19.1 Vov6318151
     K07R09R  C2007 09 15.91477 21 49 32.92 -06 52 11.9          19.2 Vov6318151
     K07R09R  C2007 09 16.09551321 49 16.33 -06 55 40.0          19.2  ov6318H55
     K07R09R  C2007 09 16.10050821 49 15.81 -06 55 46.1          19.2  ov6318H55
     K07R09R  C2007 09 16.10546821 49 15.29 -06 55 52.0          19.3  ov6318H55
     K07R09R  C2007 09 16.91840 21 47 55.81 -07 12 06.6          19.2 Vrv6318240
     K07R09R  C2007 09 16.92260 21 47 55.41 -07 12 11.7          19.4 Vrv6318240
     K07R09R  C2007 09 16.92680 21 47 55.00 -07 12 17.1          19.3 Vrv6318240
     K07R09R  C2007 09 16.93100 21 47 54.50 -07 12 21.6          19.2 Vrv6318240
     K07R09R  C2007 09 16.93687 21 47 53.86 -07 12 28.3          19.4 Vrv6318240
     K07R09R  C2007 09 17.19016 21 47 29.76 -07 17 31.0          19.5  cv6318704
     K07R09R  C2007 09 17.20237 21 47 28.46 -07 17 46.1          19.3  cv6318704
     K07R09R  C2007 09 17.22706 21 47 25.76 -07 18 15.9          19.7  cv6318704
     K07R09R  C2007 09 19.15644 21 44 16.43 -07 59 03.6          19.0 Rrv6318448
     K07R09R  C2007 09 19.16431 21 44 15.56 -07 59 13.9          19.3 Rrv6318448
     K07R09R  C2007 09 19.17218 21 44 14.71 -07 59 24.5          18.9 Rrv6318448
     K07R09R  C2007 09 27.15728 21 30 36.56 -11 20 07.5          18.9 Rrv8131448
     K07R09R  C2007 09 27.16444 21 30 35.68 -11 20 19.8          18.8 Rrv8131448
     K07R09R  C2007 09 27.17160 21 30 34.92 -11 20 32.7          18.5 Rrv8131448
     K07R09R  C2007 09 28.05119321 29 02.81 -11 46 13.6          19.0 Vov8131H55
     K07R09R  C2007 09 28.05491121 29 02.41 -11 46 20.1          19.0 Vov8131H55
     K07R09R  C2007 09 28.05866321 29 01.99 -11 46 27.0          19.1 Vov8131H55
     K07R09R  C2007 10 03.13413 21 19 53.64 -14 31 08.1          19.2 Rrv8131448
     K07R09R  C2007 10 03.14055 21 19 52.88 -14 31 22.0          19.1 Rrv8131448
     K07R09R  C2007 10 03.14698 21 19 52.07 -14 31 36.0          19.0 Rrv8131448
     K07R09R  C2007 10 03.64634 21 18 55.03 -14 48 44.3          18.5 Rcv8131D21
     K07R09R  C2007 10 03.64932 21 18 54.69 -14 48 50.1          18.4 Rcv8131D21
     K07R09R  C2007 10 03.65227 21 18 54.30 -14 48 56.5          18.1 Rcv8131D21
