     K07V08J* C2007 11 05.25778 02 55 00.84 +17 24 57.4          21.1 Vrw5180G96
     K07V08J  C2007 11 05.25849 02 55 01.05 +17 24 58.1          20.7 Vrw5180G96
     K07V08J  C2007 11 05.25921 02 55 01.27 +17 24 58.7          20.5 Vrw5180G96
     K07V08J  C2007 11 05.35944 02 55 32.44 +17 27 04.2          21.4 Vrw5180G96
     K07V08J  C2007 11 05.36444 02 55 33.99 +17 27 10.5          21.1 Vrw5180G96
     K07V08J  C2007 11 05.36693 02 55 34.78 +17 27 13.5          21.1 Vrw5180G96
     K07V08J FC2007 11 05.99465 02 59 07.83 +17 39 56.2                rw5180J95
     K07V08J FC2007 11 06.05335 02 59 26.68 +17 41 07.4          21.4 Rrw5180J95
     K07V08J tC2007 11 06.37048 03 01 13.89 +17 47 59.0          21.5 Vow5180291
     K07V08J tC2007 11 06.37440 03 01 15.23 +17 48 03.9          21.6 Vow5180291
     K07V08J  C2007 11 07.26413903 06 21.39 +18 06 00.7          21.4 Vow5180H55
     K07V08J  C2007 11 07.26997303 06 23.21 +18 06 05.8          21.1 Vow5180H55
     K07V08J  C2007 11 07.27671503 06 25.48 +18 06 13.5          21.5 Vow5180H55
     K07V08J HC2007 11 08.21507 03 11 54.05 +18 24 56.7                ow5180291
     K07V08J HC2007 11 08.22023 03 11 55.71 +18 25 02.9                ow5180291
     K07V08J HC2007 11 08.22409 03 11 56.98 +18 25 07.9                ow5180291
     K07V08J HC2007 12 04.16549 05 25 37.30 +22 28 23.6                ow9929691
     K07V08J HC2007 12 04.18313 05 25 40.72 +22 28 26.2                ow9929691
     K07V08J HC2007 12 04.20077 05 25 44.40 +22 28 28.3                ow9929691
     K07V08J HC2007 12 05.23850 05 29 16.06 +22 29 22.2                ow9929291
     K07V08J HC2007 12 05.24282 05 29 16.84 +22 29 22.1                ow9930291
     K07V08J HC2007 12 05.24704 05 29 17.60 +22 29 23.3                ow9930291
