     K07T68U* C2007 10 13.24990 01 53 49.12 +06 41 25.6          19.2  cw0777704
     K07T68U  C2007 10 13.26100 01 54 05.21 +06 42 10.0          19.7  cw0777704
     K07T68U  C2007 10 13.27209 01 54 21.32 +06 42 54.1          19.8  cw0777704
     K07T68U  C2007 10 13.28319 01 54 37.44 +06 43 38.3          19.9  cw0777704
     K07T68U 5C2007 10 14.35479 02 23 11.97 +07 53 31.9          19.4 Row0777673
     K07T68U 5C2007 10 14.35894 02 23 18.40 +07 53 48.4                ow0777673
     K07T68U 5C2007 10 14.36780 02 23 32.45 +07 54 22.7                ow0777673
     K07T68U 5C2007 10 14.37778 02 23 48.49 +07 55 01.6                ow0777673
     K07T68U  C2007 10 14.97963 02 40 54.02 +08 32 22.5          18.5 Vcw0777595
     K07T68U  C2007 10 14.98935 02 41 10.14 +08 32 58.5          19.2 Vcw0777595
     K07T68U  C2007 10 15.00575 02 41 37.14 +08 33 50.2                ow0777246
     K07T68U  C2007 10 15.00695 02 41 39.08 +08 33 54.0                ow0777246
     K07T68U  C2007 10 15.00734 02 41 39.69 +08 33 56.2                ow0777246
     K07T68U  C2007 10 15.00828 02 41 41.15 +08 33 58.9                ow0777246
     K07T68U  C2007 10 15.00873 02 41 41.95 +08 34 01.6                ow0777246
     K07T68U  C2007 10 15.22433 02 48 07.27 +08 48 06.3          20.0 Rcw0777651
     K07T68U  C2007 10 15.22623 02 48 10.49 +08 48 13.8          20.0 Rcw0777651
     K07T68U  C2007 10 15.22811 02 48 13.52 +08 48 20.1          20.0 Rcw0777651
     K07T68U tC2007 10 16.02048 03 11 20.87 +09 33 06.9                ow0777246
     K07T68U tC2007 10 16.02255 03 11 24.43 +09 33 14.6                ow0777246
     K07T68U tC2007 10 16.02355 03 11 26.22 +09 33 16.8                ow0777246
     K07T68U tC2007 10 16.02406 03 11 27.04 +09 33 18.5                ow0777246
     K07T68U  C2007 10 16.35947 03 21 25.92 +09 52 04.9          19.4 Vrw0777G96
     K07T68U  C2007 10 16.36974 03 21 43.28 +09 52 36.7          18.8 Vrw0777G96
     K07T68U  C2007 10 16.38002 03 22 00.67 +09 53 08.8                rw0777G96
     K07T68U  C2007 10 16.39024 03 22 17.90 +09 53 39.6          19.1 Vrw0777G96
     K07T68U  C2007 10 20.36054805 10 38.86 +11 49 09.5          20.3 Vow2605H55
     K07T68U  C2007 10 20.36392305 10 43.32 +11 49 10.8          20.7 Vow2605H55
     K07T68U  C2007 10 20.36747305 10 47.98 +11 49 12.7          20.5 Vow2605H55
