     K07V00G* C2007 11 01.20193 00 50 33.28 +06 24 56.5          19.0 Vrw3953G96
     K07V00G  C2007 11 01.20637 00 50 31.30 +06 25 31.6          19.1 Vrw3953G96
     K07V00G  C2007 11 01.21082 00 50 29.29 +06 26 07.1          18.4 Vrw3953G96
     K07V00G  C2007 11 01.21524 00 50 27.38 +06 26 41.6          18.7 Vrw3953G96
     K07V00G  C2007 11 01.25943 00 50 07.53 +06 32 32.7          18.8 Rcw3953651
     K07V00G  C2007 11 01.26289 00 50 06.01 +06 32 58.7          18.9 Rcw3953651
     K07V00G  C2007 11 01.26461 00 50 05.20 +06 33 12.4          19.0 Rcw3953651
     K07V00G  C2007 11 01.30189 00 49 48.72 +06 38 06.0          19.1 Vrw3953G96
     K07V00G  C2007 11 01.30219 00 49 48.57 +06 38 08.2          19.1 Vrw3953G96
     K07V00G  C2007 11 01.30249 00 49 48.43 +06 38 10.7          19.0 Vrw3953G96
     K07V00G  C2007 11 01.30280 00 49 48.28 +06 38 12.9          18.9 Vrw3953G96
     K07V00G  C2007 11 01.83236 00 46 08.81 +07 45 10.8                ow3953246
     K07V00G  C2007 11 01.83366 00 46 08.28 +07 45 18.7                ow3953246
     K07V00G  C2007 11 01.83443 00 46 07.94 +07 45 24.0                ow3953246
     K07V00G  C2007 11 01.83497 00 46 07.74 +07 45 28.4                ow3953246
     K07V00G  C2007 11 01.83538 00 46 07.54 +07 45 31.1                ow3953246
     K07V00G  C2007 11 01.83572 00 46 07.38 +07 45 33.5                ow3953246
     K07V00G  C2007 11 01.83630 00 46 07.16 +07 45 38.0                ow3953246
     K07V00G  C2007 11 01.83734 00 46 06.73 +07 45 45.5                ow3953246
     K07V00G  C2007 11 01.83806 00 46 06.42 +07 45 51.1                ow3953246
     K07V00G  C2007 11 01.85917 00 45 58.12 +07 48 24.2                rw3953J95
     K07V00G  C2007 11 01.86324 00 45 56.39 +07 48 54.5                rw3953J95
     K07V00G  C2007 11 01.86727 00 45 54.76 +07 49 24.5          19.2 Rrw3953J95
     K07V00G  C2007 11 01.93135 00 45 27.95 +07 57 14.1                cw3953595
     K07V00G  C2007 11 01.94877 00 45 20.77 +07 59 21.0          18.6 Vcw3953595
     K07V00G  C2007 11 02.01795 00 44 52.97 +08 07 42.0          18.7 Rcw3953213
     K07V00G  C2007 11 02.10573500 44 20.25 +08 18 11.2          20.0 Vow3953H55
     K07V00G  C2007 11 02.10769900 44 19.49 +08 18 25.0          20.0 Vow3953H55
     K07V00G  C2007 11 02.10966100 44 18.67 +08 18 39.4          19.8 Vow3953H55
     K07V00G 5C2007 11 02.18333 00 43 50.15 +08 27 23.1          19.2 Row3953673
     K07V00G 5C2007 11 02.18975 00 43 47.59 +08 28 08.1                ow3953673
     K07V00G 5C2007 11 02.19333 00 43 46.19 +08 28 33.0                ow3953673
     K07V00G 5C2007 11 02.19757 00 43 44.50 +08 29 02.9                ow3953673
     K07V00G  C2007 11 03.03799800 38 35.48 +10 02 41.0          19.5 Vow5165H55
     K07V00G  C2007 11 03.04181100 38 34.13 +10 03 05.7          19.5 Vow5165H55
     K07V00G  C2007 11 03.04561100 38 32.75 +10 03 29.2          19.5 Vow5165H55
     K07V00G  C2007 11 04.05427600 32 59.16 +11 44 05.9          20.0 Vow5165H55
     K07V00G  C2007 11 04.05694600 32 58.28 +11 44 20.5          20.2 Vow5165H55
     K07V00G tC2007 11 04.22911 00 32 04.10 +12 00 25.7          20.1 Vow5165291
     K07V00G tC2007 11 04.23302 00 32 02.82 +12 00 47.3          19.9 Vow5165291
     K07V00G tC2007 11 04.23693 00 32 01.59 +12 01 08.6          20.0 Vow5165291
     K07V00G  C2007 11 04.84715 00 29 02.13 +12 55 14.4          19.9 Vcw5165560
     K07V00G  C2007 11 04.85641 00 28 59.45 +12 56 01.9          19.9 Vcw5165560
     K07V00G  C2007 11 04.85869 00 28 58.76 +12 56 13.7          20.0 Vcw5165560
     K07V00G  C2007 11 06.18395 00 23 08.80 +14 41 43.3                ow5165291
     K07V00G  C2007 11 06.18788 00 23 07.74 +14 42 01.6                ow5165291
     K07V00G  C2007 11 07.13352600 19 27.59 +15 48 21.6          20.4 Vow5165H55
     K07V00G  C2007 11 07.13757700 19 26.67 +15 48 37.6          20.6 Vow5165H55
     K07V00G  C2007 11 07.14142100 19 25.79 +15 48 53.4          20.9 Vow5165H55
     K07V00G  C2007 11 08.26917 00 15 31.40 +16 59 51.2          20.8 Vow5165291
     K07V00G  C2007 11 08.27322 00 15 30.65 +17 00 04.5          21.0 Vow5165291
     K07V00G  C2007 11 08.27719 00 15 29.80 +17 00 19.4          20.7 Vow5165291
     K07V00G  C2007 11 09.24880 00 12 30.70 +17 55 13.0          20.7 Vow5165291
     K07V00G  C2007 11 09.25397 00 12 29.77 +17 55 28.4          20.6 Vow5165291
     K07V00G  C2007 11 09.25828 00 12 28.96 +17 55 43.2          20.7 Vow5165291
     K07V00G  C2007 11 13.29424 00 02 59.30 +20 56 43.3          22.0 Vow7058291
     K07V00G  C2007 11 13.30244 00 02 58.37 +20 57 01.4          21.6 Vow7058291
     K07V00G  C2007 11 13.31232 00 02 57.19 +20 57 23.3          21.9 Vow7058291
     K07V00G  C2007 11 14.24082 00 01 19.33 +21 30 45.9          22.2 Vow7058291
     K07V00G  C2007 11 14.24748 00 01 18.60 +21 30 59.3          22.0 Vow7058291
     K07V00G HC2007 11 18.08409 23 56 11.03 +23 25 55.9                ow8358291
     K07V00G HC2007 11 18.09151 23 56 10.50 +23 26 07.6                ow8358291
