V9988K07D00K  C2002 01 27.40050 09 56 58.07 +07 23 47.8          19.7 Rcu3173644
V9988K07D00K  C2002 02 06.35988 09 37 58.07 +08 08 09.2          20.1 Rcu3173644
V9988K07D00K  C2002 02 06.37046 09 37 56.67 +08 08 13.2          20.2 Rcu3173644
V9988K07D00K  C2002 02 06.38791 09 37 54.35 +08 08 19.1          19.7 Rcu3173644
V9988K07D00K  C2002 02 16.35556 09 14 34.90 +09 11 52.0          19.8 Rcu3173644
V9988K07D00K  C2002 02 16.37645 09 14 31.74 +09 12 00.9          19.8 Rcu3173644
V9988K07D00K  C2002 02 16.40912 09 14 26.75 +09 12 14.4          20.0 Rcu3173644
V9988K07D00K  C2002 12 11.32944 03 47 25.90 +27 27 07.9          20.0 Rcu3173644
V9988K07D00K  C2002 12 11.35058 03 47 23.55 +27 26 52.2          20.2 Rcu3173644
V9988K07D00K* C2007 02 17.29316 10 10 15.56 +02 11 29.8          19.6 Vru0488703
V9988K07D00K  C2007 02 17.30109 10 10 14.37 +02 11 30.6          19.7 Vru0488703
V9988K07D00K  C2007 02 17.30903 10 10 13.22 +02 11 32.4          19.9 Vru0488703
V9988K07D00K  C2007 02 17.31697 10 10 12.03 +02 11 36.7          20.2 Vru0488703
V9988K07D00K  C2007 02 17.33732 10 10 09.08 +02 11 41.0                ru0488703
V9988K07D00K  C2007 02 17.34508 10 10 07.85 +02 11 44.0          19.6 Vru0488703
V9988K07D00K  C2007 02 17.35282 10 10 06.69 +02 11 45.7          19.6 Vru0488703
V9988K07D00K  C2007 02 17.89486 10 08 48.47 +02 14 15.5                cu0488246
V9988K07D00K  C2007 02 17.89559 10 08 48.40 +02 14 17.0                cu0488246
V9988K07D00K  C2007 02 17.89626 10 08 48.25 +02 14 17.2                cu0488246
V9988K07D00K  C2007 02 17.89815 10 08 48.00 +02 14 17.6                cu0488246
V9988K07D00K  C2007 02 17.89925 10 08 47.74 +02 14 18.2                cu0488246
V9988K07D00K  C2007 02 17.90007 10 08 47.66 +02 14 18.4                cu0488246
V9988K07D00K  C2007 02 17.90159 10 08 47.47 +02 14 18.9                cu0488246
V9988K07D00K  C2007 02 17.90469 10 08 46.96 +02 14 20.6                cu0488246
V9988K07D00K  C2007 02 17.99931 10 08 32.73 +02 14 48.2          19.4 Rou0488473
V9988K07D00K  C2007 02 18.00465 10 08 31.90 +02 14 49.2          19.4 Rou0488473
V9988K07D00K  C2007 02 18.00690 10 08 31.56 +02 14 49.7          19.5 Rou0488473
V9988K07D00K  C2007 02 18.03241 10 08 27.70 +02 14 56.7                cu0488595
V9988K07D00K  C2007 02 18.04642 10 08 25.62 +02 15 01.2          20.0 Vcu0488595
V9988K07D00K  C2007 02 18.06954 10 08 22.16 +02 15 06.9          20.4 Vcu0488B21
V9988K07D00K  C2007 02 18.07317 10 08 21.57 +02 15 08.1          20.3 Vcu0488B21
V9988K07D00K  C2007 02 18.07680 10 08 21.04 +02 15 07.8          20.3 Vcu0488B21
V9988K07D00K  C2007 02 18.33011 10 07 43.97 +02 16 28.6          19.7  cu0488704
V9988K07D00K  C2007 02 18.34219 10 07 42.07 +02 16 32.2          20.4  cu0488704
V9988K07D00K  C2007 02 18.35435 10 07 40.34 +02 16 35.4          20.2  cu0488704
V9988K07D00K  C2007 02 18.36645 10 07 38.44 +02 16 39.8          20.4  cu0488704
V9988K07D00K  C2007 02 18.37858 10 07 36.55 +02 16 41.5          20.1  cu0488704
V9988K07D00K  C2007 02 18.88133 10 06 22.31 +02 19 10.9                cu0488246
V9988K07D00K  C2007 02 18.88223 10 06 22.22 +02 19 11.9                cu0488246
V9988K07D00K  C2007 02 18.88322 10 06 21.99 +02 19 11.6                cu0488246
V9988K07D00K  C2007 02 18.88392 10 06 21.87 +02 19 12.5                cu0488246
V9988K07D00K  C2007 02 18.88458 10 06 21.75 +02 19 12.0                cu0488246
V9988K07D00K  C2007 02 18.88557 10 06 21.67 +02 19 12.3                cu0488246
V9988K07D00K  C2007 02 18.88620 10 06 21.57 +02 19 12.9                cu0488246
V9988K07D00K  C2007 02 21.37989 09 59 55.64 +02 33 02.8          19.5 Rru0488682
V9988K07D00K  C2007 02 21.44545 09 59 44.94 +02 33 26.8          19.6 Rru0488682
V9988K07D00K  C2007 02 21.93832 09 58 27.02 +02 36 21.9                cu0488540
V9988K07D00K  C2007 02 21.94594 09 58 25.75 +02 36 24.7                cu0488540
V9988K07D00K  C2007 02 21.95326 09 58 24.51 +02 36 27.2          19.6 Vcu0488540
V9988K07D00K  C2007 02 22.28754 09 57 30.74 +02 38 33.3          19.9  cu0488704
V9988K07D00K  C2007 02 22.29904 09 57 28.73 +02 38 36.5          19.7  cu0488704
V9988K07D00K  C2007 02 22.31055 09 57 26.85 +02 38 41.7          19.1  cu0488704
V9988K07D00K  C2007 02 22.32212 09 57 24.84 +02 38 45.0          19.5  cu0488704
V9988K07D00K  C2007 02 25.21371 09 49 25.55 +02 57 52.7          19.5 Rru1602448
V9988K07D00K  C2007 02 25.22814 09 49 22.99 +02 57 58.7          19.3 Rru1602448
V9988K07D00K  C2007 02 25.24259 09 49 20.49 +02 58 04.4          19.9 Rru1602448
V9988K07D00K 3C2007 03 07.48247 09 18 51.26 +04 21 12.1          18.6 Rou2383F65
V9988K07D00K 3C2007 03 07.48416 09 18 50.88 +04 21 12.1          18.5 Rou2383F65
V9988K07D00K 3C2007 03 07.48583 09 18 50.62 +04 21 12.7          18.7 Rou2383F65
V9988K07D00K  C2007 03 11.19028 09 07 38.82 +04 54 53.1          19.9 Vru3173703
V9988K07D00K  C2007 03 11.19676 09 07 37.63 +04 54 55.3          19.8 Vru3173703
V9988K07D00K  C2007 03 11.20324 09 07 36.44 +04 55 00.8          19.6 Vru3173703
V9988K07D00K  C2007 03 11.20983 09 07 35.25 +04 55 03.2          20.0 Vru3173703
V9988K07D00K  C2007 03 11.85378 09 05 39.67 +05 00 55.8                cu3173246
V9988K07D00K  C2007 03 11.85537 09 05 39.38 +05 00 57.1                cu3173246
V9988K07D00K  C2007 03 11.85666 09 05 39.17 +05 00 57.8                cu3173246
V9988K07D00K  C2007 03 11.85727 09 05 39.00 +05 00 57.5                cu3173246
V9988K07D00K  C2007 03 11.85799 09 05 38.90 +05 00 58.3                cu3173246
V9988K07D00K  C2007 03 11.85854 09 05 38.81 +05 00 59.0                cu3173246
V9988K07D00K  C2007 03 15.83514408 54 00.44 +05 37 44.8          19.5 Rru5574143
V9988K07D00K  C2007 03 15.84658108 53 58.40 +05 37 50.8          19.2 Rru5574143
V9988K07D00K  C2007 03 16.82134 08 51 12.43 +05 46 47.5                cu3173246
V9988K07D00K  C2007 03 16.82358 08 51 12.05 +05 46 48.8                cu3173246
V9988K07D00K  C2007 03 16.82433 08 51 11.94 +05 46 48.9                cu3173246
V9988K07D00K  C2007 03 16.82517 08 51 11.73 +05 46 49.3                cu3173246
V9988K07D00K  C2007 03 16.82620 08 51 11.63 +05 46 50.1                cu3173246
V9988K07D00K  C2007 03 16.82772 08 51 11.36 +05 46 50.6                cu3173246
V9988K07D00K  C2007 03 16.82873 08 51 11.16 +05 46 51.8                cu3173246
V9988K07D00K  C2007 03 16.82992 08 51 10.91 +05 46 52.6                cu3173246
V9988K07D00K  C2007 03 21.15758 08 39 26.71 +06 25 49.8          20.2 Vru4665703
V9988K07D00K  C2007 03 21.16352 08 39 25.77 +06 25 52.8          20.0 Vru4665703
V9988K07D00K  C2007 03 21.16947 08 39 24.84 +06 25 55.5          19.6 Vru4665703
V9988K07D00K  C2007 03 21.17544 08 39 23.83 +06 25 58.6          20.3 Vru4665703
V9988K07D00K  C2007 03 23.82001408 32 44.25 +06 48 40.6          19.8 Rru5574143
V9988K07D00K  C2007 03 23.83105108 32 42.61 +06 48 46.0          19.9 Rru5574143
V9988K07D00K  C2007 04 13.11478 07 56 10.67 +09 06 17.9          20.1 Rcu6245711
V9988K07D00K  C2007 04 13.12562 07 56 09.80 +09 06 20.9          19.9 Rcu6245711
V9988K07D00K  C2007 04 13.13645 07 56 09.02 +09 06 23.9                cu6245711
V9988K07D00K .C2007 11 17.09531 05 45 15.16 +30 45 07.8                o~0b2t950
V9988K07D00K .C2007 11 17.09809 05 45 14.75 +30 45 07.4                o~0b2t950
V9988K07D00K .C2007 11 17.09878 05 45 14.66 +30 45 07.3                o~0b2t950
V9988K07D00K .C2007 11 17.10087 05 45 14.29 +30 45 07.1                o~0b2t950
V9988K07D00K  C2012 02 20.39811 11 27 51.87 -08 53 20.3          19.0 Vr~0doB703
V9988K07D00K  C2012 02 20.41498 11 27 50.32 -08 53 29.5          18.6 Vr~0doB703
V9988K07D00K  C2012 02 20.42289 11 27 49.57 -08 53 34.0          19.7 Vr~0doB703
V9988K07D00K  C2012 02 20.55789 11 27 38.108-08 54 48.75         20.2 gL~0doBF51
V9988K07D00K  C2012 02 20.56926 11 27 37.072-08 54 55.11         20.1 gL~0doBF51
V9988K07D00K  C2012 02 24.50146 11 21 15.292-09 31 36.85         19.9 gL~0e7OF51
V9988K07D00K  C2012 02 24.51390 11 21 13.833-09 31 43.57         20.2 gL~0e7OF51
V9988K07D00K  C2012 02 24.52580 11 21 12.434-09 31 50.14         19.3 rL~0e7OF51
V9988K07D00K KC2012 02 28.01482 11 14 06.93 -10 03 17.4                u~0e7O204
V9988K07D00K KC2012 02 28.02348 11 14 05.70 -10 03 21.6                u~0e7O204
V9988K07D00K KC2012 02 28.03308 11 14 04.35 -10 03 26.8          18.7 Ru~0e7O204
V9988K07D00K  C2012 03 01.29260 11 08 40.41 -10 22 53.2          18.2 Vr~0e7O703
V9988K07D00K  C2012 03 01.29943 11 08 39.40 -10 22 56.2          17.7 Vr~0e7O703
V9988K07D00K  C2012 03 01.30637 11 08 38.18 -10 23 00.7          18.1 Vr~0e7O703
V9988K07D00K  C2012 03 01.31317 11 08 37.10 -10 23 04.1          19.1 Vr~0e7O703
