     K07L15A* C2007 06 13.31903 16 48 09.32 +11 26 00.0          18.8 Vrv0754703
     K07L15A  C2007 06 13.32667 16 48 08.71 +11 26 05.7          18.9 Vrv0754703
     K07L15A  C2007 06 13.33434 16 48 08.13 +11 26 11.7          18.9 Vrv0754703
     K07L15A  C2007 06 13.36947 16 48 05.61 +11 26 37.6          18.8 Vrv0754703
     K07L15A  C2007 06 13.37697 16 48 05.07 +11 26 43.5          18.8 Vrv0754703
     K07L15A  C2007 06 13.38454 16 48 04.57 +11 26 48.9          18.8 Vrv0754703
     K07L15A  C2007 06 13.39208 16 48 03.99 +11 26 54.4          18.9 Vrv0754703
     K07L15A  C2007 06 13.90566 16 47 32.39 +11 33 06.0          18.8 Vov0754A74
     K07L15A  C2007 06 13.90747 16 47 32.30 +11 33 07.3          19.0 Vov0754A74
     K07L15A  C2007 06 13.91255 16 47 31.96 +11 33 10.8          19.1 Vov0754A74
     K07L15A  C2007 06 13.91364 16 47 31.89 +11 33 11.6          18.8 Vov0754A74
     K07L15A  C2007 06 13.91836 16 47 31.55 +11 33 15.0          19.0 Vov0754A74
     K07L15A  C2007 06 13.92162 16 47 31.32 +11 33 17.3          19.0 Vov0754A74
     K07L15A  C2007 06 13.92959 16 47 30.76 +11 33 23.3          18.8 Vov0754A74
     K07L15A  C2007 06 13.93610 16 47 30.23 +11 33 30.8          18.6 Vcv0754A55
     K07L15A  C2007 06 13.93789 16 47 30.15 +11 33 29.3          18.6 Vov0754A74
     K07L15A  C2007 06 13.94039 16 47 29.91 +11 33 33.8          18.6 Vcv0754A55
     K07L15A  C2007 06 13.94469 16 47 29.60 +11 33 37.2          18.7 Vcv0754A55
     K07L15A 5C2007 06 14.17569416 47 15.857+11 36 25.08         18.8 Rov0754673
     K07L15A 5C2007 06 14.17870416 47 15.646+11 36 27.44               ov0754673
     K07L15A 5C2007 06 14.18548616 47 15.158+11 36 32.38               ov0754673
     K07L15A 5C2007 06 14.19074116 47 14.788+11 36 36.13               ov0754673
     K07L15A  C2007 06 14.22811016 47 11.39 +11 37 01.2          19.2  ov0754H55
     K07L15A  C2007 06 14.23166616 47 11.11 +11 37 04.0          19.3  ov0754H55
     K07L15A  C2007 06 14.23487816 47 10.88 +11 37 06.5          19.1  ov0754H55
     K07L15A  C2007 06 14.23807616 47 10.65 +11 37 08.6          19.4  ov0754H55
     K07L15A  C2007 06 14.23967216 47 10.53 +11 37 09.7          19.4  ov0754H55
     K07L15A  C2007 06 14.24287516 47 10.29 +11 37 12.1          19.0  ov0754H55
     K07L15A  C2007 06 15.32995 16 45 59.56 +11 49 43.6          18.8 Rrv0754649
     K07L15A  C2007 06 15.33588 16 45 59.11 +11 49 47.6          18.8 Rrv0754649
     K07L15A  C2007 06 15.33825 16 45 58.96 +11 49 49.2          18.7 Rrv0754649
     K07L15A  C2007 06 15.34062 16 45 58.80 +11 49 50.8          19.0 Rrv0754649
     K07L15A  C2007 06 15.34298 16 45 58.60 +11 49 52.4          18.8 Rrv0754649
     K07L15A  C2007 06 16.29560016 44 56.94 +12 00 13.7          19.1 Vov1098H55
     K07L15A  C2007 06 16.29706416 44 56.82 +12 00 14.6          18.9 Vov1098H55
     K07L15A  C2007 06 16.29851016 44 56.75 +12 00 15.7          18.9 Vov1098H55
     K07L15A  C2007 06 16.29996516 44 56.64 +12 00 16.4          18.7 Vov1098H55
     K07L15A  C2007 06 16.30142416 44 56.51 +12 00 17.4          18.8 Vov1098H55
     K07L15A  C2007 06 16.30300516 44 56.38 +12 00 18.7          19.0 Vov1098H55
     K07L15A  C2007 06 16.34590 16 44 53.69 +12 00 48.8          19.3 Vov1098291
     K07L15A  C2007 06 16.34972 16 44 53.36 +12 00 51.3          19.2 Vov1098291
     K07L15A  C2007 06 16.35355 16 44 53.13 +12 00 53.3          19.1 Vov1098291
     K07L15A  C2007 06 16.89324 16 44 19.04 +12 06 22.2          18.9 Vov1098198
     K07L15A  C2007 06 16.89643 16 44 18.81 +12 06 24.2          18.8 Vov1098198
     K07L15A  C2007 06 16.89696 16 44 18.77 +12 06 24.5          18.8 Vov1098198
     K07L15A  C2007 06 16.89725 16 44 18.67 +12 06 23.4          18.9 Rrv1098113
     K07L15A  C2007 06 16.89908 16 44 18.62 +12 06 25.8          18.9 Vov1098198
     K07L15A  C2007 06 16.90014 16 44 18.54 +12 06 26.4          18.8 Vov1098198
     K07L15A  C2007 06 16.90030 16 44 18.43 +12 06 25.8          18.9 Rrv1098113
     K07L15A  C2007 06 16.90336 16 44 18.22 +12 06 27.5          18.7 Rrv1098113
     K07L15A  C2007 06 17.25334916 43 54.80 +12 10 02.4          19.1 Vov1098H55
     K07L15A  C2007 06 17.25812016 43 54.45 +12 10 05.3          18.7 Vov1098H55
     K07L15A  C2007 06 17.26337816 43 54.07 +12 10 08.2          19.2 Vov1098H55
     K07L15A  C2007 06 17.26838316 43 53.68 +12 10 11.3          19.3 Vov1098H55
     K07L15A 3C2007 06 19.44247 16 41 31.85 +12 30 12.0          18.38Vov1098F65
     K07L15A 3C2007 06 19.44343 16 41 31.80 +12 30 12.8          18.73Rov1098F65
     K07L15A 3C2007 06 19.44882 16 41 31.35 +12 30 15.2          18.06 ov1098F65
     K07L15A 3C2007 06 19.44979 16 41 31.28 +12 30 15.6          18.35Vov1098F65
     K07L15A 3C2007 06 19.45076 16 41 31.21 +12 30 16.1          18.45Rov1098F65
     K07L15A  C2007 06 21.31221 16 39 30.81 +12 44 29.7          18.6 Vrv1098703
     K07L15A  C2007 06 21.31950 16 39 30.24 +12 44 31.5          18.5 Vrv1098703
     K07L15A  C2007 06 21.32678 16 39 29.77 +12 44 34.7          18.5 Vrv1098703
     K07L15A  C2007 06 21.33407 16 39 29.19 +12 44 38.2          19.0 Vrv1098703
     K07L15A  C2007 06 24.25764 16 36 24.76 +13 01 46.1                ov1392G88
     K07L15A  C2007 06 24.29433 16 36 22.07 +13 01 57.1                ov1392G88
     K07L15A  C2007 06 24.33180 16 36 19.43 +13 02 06.1          18.4 Vov1392G88
     K07L15A  C2007 06 25.31650 16 35 18.52 +13 06 17.6          18.4 Rrv1392H45
     K07L15A  C2007 06 26.90171 16 33 44.40 +13 11 23.9          18.4 Vcv1556560
     K07L15A  C2007 06 26.90649 16 33 44.08 +13 11 24.7          18.5 Vcv1556560
     K07L15A  C2007 06 26.91127 16 33 43.75 +13 11 25.4          18.3 Vcv1556560
     K07L15A  C2007 06 30.94584 16 29 57.77 +13 15 14.7          19.0 Vrv1556941
     K07L15A  C2007 06 30.94783 16 29 57.64 +13 15 14.7          19.0 Vrv1556941
     K07L15A  C2007 06 30.94877 16 29 57.58 +13 15 14.7          19.1 Vrv1556941
     K07L15A  C2007 06 30.95169 16 29 57.38 +13 15 14.8          18.8 Vrv1556941
     K07L15A  C2007 07 04.30166 16 27 11.48 +13 07 55.6          18.5 Rrv1556H45
     K07L15A  C2007 07 04.30470 16 27 11.35 +13 07 54.4          18.5 Rrv1556H45
     K07L15A  C2007 07 04.30674 16 27 11.23 +13 07 54.0          18.4 Rrv1556H45
     K07L15A  C2007 07 04.30820 16 27 11.21 +13 07 54.3          18.2 Rrv1556H45
     K07L15A  C2007 07 04.31090 16 27 11.00 +13 07 53.3          18.4 Rrv1556H45
     K07L15A  C2007 07 04.31305 16 27 10.92 +13 07 52.5          18.4 Rrv1556H45
     K07L15A  C2007 07 05.91315 16 26 01.88 +13 00 51.5          18.0 Vcv1556560
     K07L15A  C2007 07 05.91977 16 26 01.55 +13 00 49.1          18.1 Vcv1556560
     K07L15A  C2007 07 05.92640 16 26 01.18 +13 00 47.2          18.2 Vcv1556560
     K07L15A  C2007 07 06.00965 16 25 57.11 +13 00 20.6          18.6  rv1878130
     K07L15A  C2007 07 06.01597 16 25 56.77 +13 00 17.8          18.8  rv1878130
     K07L15A  C2007 07 06.02229 16 25 56.49 +13 00 15.9          18.6  rv1878130
     K07L15A  C2007 07 07.22297 16 25 08.85 +12 53 32.5          18.6 Rrv1878H45
     K07L15A  C2007 07 07.22619 16 25 08.70 +12 53 31.5          18.6 Rrv1878H45
     K07L15A  C2007 07 07.22730 16 25 08.63 +12 53 30.5          18.8 Rrv1878H45
     K07L15A  C2007 07 07.22850 16 25 08.55 +12 53 30.3          18.5 Rrv1878H45
     K07L15A  C2007 07 07.22965 16 25 08.52 +12 53 29.9          18.4 Rrv1878H45
     K07L15A  C2007 07 07.23073 16 25 08.47 +12 53 29.3          18.6 Rrv1878H45
     K07L15A  C2007 07 07.95625 16 24 41.19 +12 48 39.5          18.5 Rov1878160
     K07L15A  C2007 07 07.95865 16 24 41.08 +12 48 37.9          18.3 Rov1878160
     K07L15A  C2007 07 07.96070 16 24 40.98 +12 48 37.0          18.5 Rov1878160
     K07L15A  C2007 07 07.96313 16 24 40.88 +12 48 36.0          18.3 Rov1878160
     K07L15A  C2007 07 07.96515 16 24 40.78 +12 48 35.1          18.4 Rov1878160
     K07L15A  C2007 07 08.21663 16 24 31.95 +12 46 53.9          18.4 Rrv1878H45
     K07L15A  C2007 07 08.22097 16 24 31.70 +12 46 52.4          18.5 Rrv1878H45
     K07L15A  C2007 07 08.22220 16 24 31.66 +12 46 51.9          18.4 Rrv1878H45
     K07L15A  C2007 07 08.22332 16 24 31.61 +12 46 51.2          18.5 Rrv1878H45
     K07L15A  C2007 07 08.22442 16 24 31.56 +12 46 50.7          18.6 Rrv1878H45
     K07L15A  C2007 07 08.92365 16 24 07.34 +12 41 33.7          18.6 Vrv1878B38
     K07L15A  C2007 07 08.93481 16 24 06.85 +12 41 27.9          18.5 Vrv1878B38
     K07L15A  C2007 07 08.94410 16 24 06.49 +12 41 24.2          18.2 Vrv1878B38
     K07L15A  C2007 07 08.95436 16 24 06.03 +12 41 18.7          18.4 Vrv1878B38
     K07L15A  C2007 07 09.87462 16 23 37.00 +12 33 43.1          18.7 Vov1878198
     K07L15A  C2007 07 09.87849 16 23 36.85 +12 33 41.1          18.8 Vov1878198
     K07L15A  C2007 07 09.87921 16 23 36.82 +12 33 40.8          18.8 Vov1878198
     K07L15A  C2007 07 09.88308 16 23 36.67 +12 33 38.9          18.9 Vov1878198
     K07L15A  C2007 07 09.88453 16 23 36.61 +12 33 38.1          18.7 Vov1878198
     K07L15A  C2007 07 11.84508 16 22 41.78 +12 14 55.3          18.5 Vrv1878A78
     K07L15A  C2007 07 11.85343 16 22 41.51 +12 14 49.9          18.7 Vrv1878A78
     K07L15A  C2007 07 11.85972 16 22 41.27 +12 14 45.6          18.6 Vrv1878A78
     K07L15A  C2007 07 12.22103 16 22 31.67 +12 10 58.9          18.8 Rrv1878H45
     K07L15A  C2007 07 12.22258 16 22 31.65 +12 10 57.2          18.8 Rrv1878H45
     K07L15A  C2007 07 12.22353 16 22 31.58 +12 10 56.5          18.9 Rrv1878H45
     K07L15A  C2007 07 12.22557 16 22 31.55 +12 10 55.6          18.6 Rrv1878H45
     K07L15A  C2007 07 12.22677 16 22 31.45 +12 10 54.7          18.5 Rrv1878H45
     K07L15A  C2007 07 12.22784 16 22 31.42 +12 10 54.4          18.5 Rrv1878H45
     K07L15A  C2007 07 13.87701 16 21 57.64 +11 51 39.3          18.5 Vrv2036A17
     K07L15A  C2007 07 13.88935 16 21 57.30 +11 51 30.1          18.4 Vrv2036A17
     K07L15A  C2007 07 13.90082 16 21 56.98 +11 51 21.5          18.6 Vrv2036A17
     K07L15A  C2007 07 15.20295 16 21 36.11 +11 34 31.8          18.6 Rrv2036H45
     K07L15A  C2007 07 15.20412 16 21 36.09 +11 34 30.6          18.6 Rrv2036H45
     K07L15A  C2007 07 15.20525 16 21 36.05 +11 34 29.8          18.7 Rrv2036H45
     K07L15A  C2007 07 15.20674 16 21 36.01 +11 34 28.9          18.7 Rrv2036H45
     K07L15A  C2007 07 15.20947 16 21 35.95 +11 34 26.3          18.6 Rrv2036H45
     K07L15A  C2007 07 15.21041 16 21 35.93 +11 34 25.5          18.5 Rrv2036H45
     K07L15A  C2007 07 15.22817 16 21 35.94 +11 34 12.0          17.9  cv2036704
     K07L15A  C2007 07 15.23821 16 21 35.66 +11 34 03.6          18.0  cv2036704
     K07L15A  C2007 07 15.24822 16 21 35.39 +11 33 55.5          18.1  cv2036704
     K07L15A  C2007 07 15.25840 16 21 35.17 +11 33 46.5          17.8  cv2036704
     K07L15A  C2007 07 16.89814 16 21 19.00 +11 09 59.3          16.9 Rcv2290A53
     K07L15A  C2007 07 16.91114 16 21 18.75 +11 09 45.8          18.3 Rcv2290A53
     K07L15A  C2007 07 16.92040 16 21 18.56 +11 09 38.2          18.4 Rcv2290A53
     K07L15A  C2007 07 17.88859 16 21 13.86 +10 54 25.3          18.9 Vrv2036B38
     K07L15A  C2007 07 17.90349 16 21 13.69 +10 54 10.9          18.5 Vrv2036B38
     K07L15A  C2007 07 19.24794 16 21 12.34 +10 31 36.1          18.2 Rrv2036H45
     K07L15A  C2007 07 19.24928 16 21 12.34 +10 31 34.3          18.2 Rrv2036H45
     K07L15A  C2007 07 19.25103 16 21 12.31 +10 31 32.3          18.0 Rrv2036H45
     K07L15A  C2007 07 19.25220 16 21 12.31 +10 31 30.8          18.3 Rrv2036H45
     K07L15A  C2007 07 19.25333 16 21 12.31 +10 31 29.4          18.3 Rrv2036H45
     K07L15A  C2007 07 19.25449 16 21 12.32 +10 31 28.2          18.1 Rrv2036H45
     K07L15A  C2007 07 23.89252 16 22 08.07 +08 59 48.9          18.0 Riv2441071
     K07L15A  C2007 07 23.89733 16 22 08.14 +08 59 42.7          17.7 Riv2441071
     K07L15A  C2007 07 23.90152 16 22 08.17 +08 59 37.0          18.1 Riv2441071
     K07L15A  C2007 07 24.25399 16 22 15.80 +08 51 48.6          18.5 Rrv2290H45
     K07L15A  C2007 07 24.25502 16 22 15.85 +08 51 46.8          18.3 Rrv2290H45
     K07L15A  C2007 07 24.25620 16 22 15.88 +08 51 45.3          18.5 Rrv2290H45
     K07L15A  C2007 07 24.25735 16 22 15.88 +08 51 43.7          18.7 Rrv2290H45
     K07L15A  C2007 07 24.25814 16 22 15.88 +08 51 42.8          18.7 Rrv2290H45
     K07L15A  C2007 07 24.26331 16 22 15.97 +08 51 35.5          18.4 Rrv2290H45
     K07L15A  C2007 07 25.90019 16 23 01.47 +08 13 28.5          18.8  ov2290160
     K07L15A  C2007 07 25.90250 16 23 01.55 +08 13 24.9          18.0  ov2290160
     K07L15A  C2007 07 25.90474 16 23 01.60 +08 13 21.6          18.0  ov2290160
     K07L15A  C2007 07 25.90713 16 23 01.64 +08 13 18.8          18.5  ov2291160
     K07L15A  C2007 07 25.90938 16 23 01.66 +08 13 14.5          18.4  ov2291160
     K07L15A  C2007 07 26.85308 16 23 33.73 +07 50 01.7          18.2 Vov2291151
     K07L15A  C2007 07 26.85460 16 23 33.71 +07 49 59.3          18.3 Vov2291151
     K07L15A  C2007 07 26.85612 16 23 33.75 +07 49 56.9          18.1 Vov2291151
     K07L15A  C2007 07 28.83895 16 24 53.58 +06 58 08.6          18.1 Vrv2441B38
     K07L15A  C2007 07 28.84574 16 24 53.77 +06 57 56.8          18.3 Vrv2441B38
     K07L15A  C2007 07 28.85101 16 24 53.97 +06 57 48.4          18.2 Vrv2441B38
     K07L15A  C2007 07 28.85696 16 24 54.18 +06 57 39.1          18.1 Vrv2441B38
     K07L15A  C2007 07 31.85343 16 27 31.49 +05 31 03.7          18.7 Vov2441151
     K07L15A  C2007 07 31.85495 16 27 31.56 +05 31 00.4          18.8 Vov2441151
     K07L15A  C2007 07 31.85646 16 27 31.64 +05 30 57.4          18.4 Vov2441151
     K07L15A  C2007 07 31.86308 16 27 31.97 +05 30 45.4          18.6 Vov2441151
     K07L15A  C2007 07 31.86459 16 27 32.01 +05 30 42.6          18.7 Vov2441151
     K07L15A  C2007 07 31.86611 16 27 32.09 +05 30 39.7          18.8 Vov2441151
     K07L15A  C2007 08 01.84206 16 28 33.40 +05 00 15.5          18.5 Vcv2663A48
     K07L15A  C2007 08 01.84569 16 28 33.62 +05 00 08.5          17.3 Vcv2663A48
     K07L15A  C2007 08 01.84931 16 28 33.78 +05 00 01.5          17.3 Vcv2663A48
     K07L15A  C2007 08 01.85257 16 28 33.99 +04 59 55.2          18.9 Vcv2663A48
     K07L15A  C2007 08 01.86750 16 28 34.77 +04 59 27.6          17.5 Vcv2441560
     K07L15A  C2007 08 01.86962 16 28 34.88 +04 59 23.4          17.7 Vcv2441560
     K07L15A  C2007 08 01.87175 16 28 34.99 +04 59 19.6          17.5 Vcv2441560
     K07L15A  C2007 08 03.88339 16 30 57.78 +03 52 58.6          18.5 Rrv2441J87
     K07L15A  C2007 08 03.89083 16 30 58.24 +03 52 43.2          18.5 Rrv2441J87
     K07L15A  C2007 08 03.89903 16 30 58.77 +03 52 26.5          18.5 Rrv2441J87
     K07L15A  C2007 08 04.00382 16 31 07.88 +03 49 42.0                rv2663808
     K07L15A  C2007 08 04.01076 16 31 08.33 +03 49 26.9                rv2663808
     K07L15A  C2007 08 04.01771 16 31 08.75 +03 49 16.8                rv2663808
     K07L15A  C2007 08 04.84097 16 32 13.66 +03 19 32.2          18.7 Vov2663151
     K07L15A  C2007 08 04.84249 16 32 13.76 +03 19 29.3          18.8 Vov2663151
     K07L15A  C2007 08 04.84400 16 32 13.86 +03 19 26.2          18.6 Vov2663151
     K07L15A  C2007 08 04.84881 16 32 14.10 +03 19 16.6          17.9 Vcv3893560
     K07L15A  C2007 08 04.85051 16 32 14.24 +03 19 13.0          18.0 Vcv3893560
     K07L15A  C2007 08 04.85184 16 32 14.32 +03 19 10.0          17.9 Vcv3893560
     K07L15A  C2007 08 08.17908 16 37 19.42 +01 13 56.9          18.2 Rrv2663H45
     K07L15A  C2007 08 08.18227 16 37 19.70 +01 13 49.4          18.0 Rrv2663H45
     K07L15A  C2007 08 08.18367 16 37 19.84 +01 13 45.8          17.9 Rrv2663H45
     K07L15A  C2007 08 08.18450 16 37 19.92 +01 13 44.0          18.1 Rrv2663H45
     K07L15A  C2007 08 08.18590 16 37 20.02 +01 13 40.7          17.9 Rrv2663H45
     K07L15A  C2007 08 08.18681 16 37 20.09 +01 13 38.3          17.8 Rrv2663H45
     K07L15A  C2007 08 09.84079 16 40 19.35 +00 05 34.5          18.5 Vrv2663B38
     K07L15A  C2007 08 09.84316 16 40 19.58 +00 05 28.2          18.3 Vrv2663B38
     K07L15A  C2007 08 09.84558 16 40 19.82 +00 05 22.0          18.3 Vrv2663B38
     K07L15A  C2007 08 09.84799 16 40 20.04 +00 05 15.9          18.2 Vrv2663B38
     K07L15A  C2007 08 09.85039 16 40 20.30 +00 05 09.7          18.2 Vrv2663B38
     K07L15A  C2007 08 09.85280 16 40 20.55 +00 05 03.6          18.3 Vrv2663B38
     K07L15A  C2007 08 09.85521 16 40 20.80 +00 04 57.3          18.5 Vrv2663B38
     K07L15A  C2007 08 09.86002 16 40 21.30 +00 04 44.7          18.3 Vrv2663B38
     K07L15A  C2007 08 10.17629 16 40 57.08 -00 08 36.0          18.1 Rrv2663H45
     K07L15A  C2007 08 10.17921 16 40 57.36 -00 08 43.5          18.1 Rrv2663H45
     K07L15A  C2007 08 10.18014 16 40 57.45 -00 08 46.1          18.4 Rrv2663H45
     K07L15A  C2007 08 10.18108 16 40 57.55 -00 08 48.6          18.1 Rrv2663H45
     K07L15A  C2007 08 10.18266 16 40 57.72 -00 08 52.5          18.1 Rrv2663H45
     K07L15A  C2007 08 10.18453 16 40 57.89 -00 08 56.8          18.3 Rrv2663H45
     K07L15A  C2007 08 12.15031 16 45 00.41 -01 35 52.2          18.6  cv3172704
     K07L15A  C2007 08 12.16215 16 45 01.88 -01 36 24.8          18.3  cv3172704
     K07L15A  C2007 08 12.18586 16 45 04.49 -01 37 29.7          19.2  cv3172704
     K07L15A  C2007 08 12.19772 16 45 05.89 -01 38 02.5          18.7  cv3172704
     K07L15A  C2007 08 13.15065 16 47 13.90 -02 22 21.6          17.7 Rrv3172H45
     K07L15A  C2007 08 13.15179 16 47 14.06 -02 22 24.5          18.0 Rrv3172H45
     K07L15A  C2007 08 13.15308 16 47 14.22 -02 22 27.9          17.8 Rrv3172H45
     K07L15A  C2007 08 13.15437 16 47 14.35 -02 22 31.9          18.1 Rrv3172H45
     K07L15A  C2007 08 13.15572 16 47 14.54 -02 22 36.0          17.9 Rrv3172H45
     K07L15A  C2007 08 13.15679 16 47 14.67 -02 22 38.9          17.9 Rrv3172H45
     K07L15A  C2007 08 14.84612 16 51 19.38 -03 44 44.8          18.0 Vrv3172B38
     K07L15A  C2007 08 14.85118 16 51 20.08 -03 44 59.6          18.2 Vrv3172B38
     K07L15A  C2007 08 14.85502 16 51 20.57 -03 45 10.4          18.4 Vrv3172B38
     K07L15A  C2007 08 14.85965 16 51 21.22 -03 45 23.9          18.4 Vrv3172B38
     K07L15A  C2007 08 14.86345 16 51 21.78 -03 45 35.3          18.5 Vrv3172B38
     K07L15A  C2007 08 14.86747 16 51 22.33 -03 45 46.9          18.2 Vrv3172B38
     K07L15A  C2007 08 14.87136 16 51 22.91 -03 45 59.2          18.0 Vrv3172B38
     K07L15A  C2007 08 14.87542 16 51 23.45 -03 46 10.6          18.0 Vrv3172B38
     K07L15A  C2007 08 16.20259 16 54 51.67 -04 53 40.5          18.2 Rrv3172H45
     K07L15A  C2007 08 16.20781 16 54 52.45 -04 53 57.0          18.0 Rrv3172H45
     K07L15A  C2007 08 16.20956 16 54 52.77 -04 54 03.2          18.3 Rrv3172H45
     K07L15A  C2007 08 16.21133 16 54 52.97 -04 54 07.6          17.9 Rrv3172H45
     K07L15A  C2007 08 16.21491 16 54 53.57 -04 54 18.9          17.7 Rrv3172H45
     K07L15A  C2007 08 16.21584 16 54 53.67 -04 54 21.5          18.0 Rrv3172H45
     K07L15A  C2007 08 16.21715 16 54 53.86 -04 54 25.5          17.8 Rrv3172H45
     K07L15A  C2007 08 17.80417 16 59 26.12 -06 19 08.0          18.2 Vrv3893B38
     K07L15A  C2007 08 17.81233 16 59 27.46 -06 19 34.5          18.2 Vrv3893B38
     K07L15A  C2007 08 17.81890 16 59 28.62 -06 19 56.2          18.5 Vrv3893B38
     K07L15A  C2007 08 17.82367 16 59 29.32 -06 20 11.2          18.2 Vrv3893B38
     K07L15A  C2007 08 17.83170 16 59 30.60 -06 20 37.0          18.4 Vrv3893B38
     K07L15A  C2007 08 17.83726 16 59 31.51 -06 20 55.9          18.0 Vrv3893B38
     K07L15A  C2007 08 17.84762 16 59 33.18 -06 21 29.5          18.2 Vrv3893B38
     K07L15A  C2007 08 17.85320 16 59 34.13 -06 21 47.3          18.5 Vrv3893B38
     K07L15A  C2007 08 24.17610 17 21 43.64 -12 39 05.7          18.0 Rrv3893H45
     K07L15A  C2007 08 24.17818 17 21 44.15 -12 39 13.6          18.0 Rrv3893H45
     K07L15A  C2007 08 24.17939 17 21 44.40 -12 39 18.4          17.9 Rrv3893H45
     K07L15A  C2007 08 24.18078 17 21 44.71 -12 39 24.1          18.0 Rrv3893H45
     K07L15A  C2007 08 24.18202 17 21 45.01 -12 39 28.8          18.2 Rrv3893H45
     K07L15A  C2007 08 24.18332 17 21 45.32 -12 39 34.1          18.0 Rrv3893H45
     K07L15A  C2007 08 25.87963 17 29 00.14 -14 31 18.6          17.4 Rrv4301204
     K07L15A  C2007 08 25.88929 17 29 02.59 -14 31 57.2                rv4301204
     K07L15A  C2007 09 13.42174 19 34 24.74 -35 28 58.4          17.2 Vrv5192E12
     K07L15A  C2007 09 13.43174 19 34 29.92 -35 29 29.7          17.1 Vrv5192E12
     K07L15A  C2007 09 13.44175 19 34 35.11 -35 30 01.1          17.1 Vrv5192E12
     K07L15A  C2007 09 19.00625 20 27 02.15 -39 21 14.2                rv8112808
     K07L15A  C2007 09 19.01285 20 27 05.68 -39 21 26.4                rv8112808
     K07L15A  C2007 09 19.01979 20 27 09.62 -39 21 39.7                rv8112808
     K07L15A  C2007 09 19.02836 20 27 14.57 -39 21 55.5                rv8112808
     K07L15A  C2007 09 20.48242 20 41 08.59 -40 00 51.9          17.4 Vrv6281E12
     K07L15A  C2007 09 20.49047 20 41 12.98 -40 01 02.7          17.4 Vrv6281E12
     K07L15A  C2007 09 20.49849 20 41 17.34 -40 01 13.8          17.4 Vrv6281E12
     K07L15A  C2007 09 20.50647 20 41 21.69 -40 01 24.4          17.4 Vrv6281E12
     K07L15A  C2007 09 24.08021 21 14 54.07 -40 59 34.1                rv8112808
     K07L15A  C2007 09 24.09201 21 14 59.98 -40 59 40.4                rv8112808
     K07L15A  C2007 09 24.09931 21 15 03.95 -40 59 44.3                rv8112808
     K07L15A  C2007 10 05.55117 22 44 27.09 -39 30 41.5          18.0 Vrv8751E12
     K07L15A  C2007 10 05.57187 22 44 34.54 -39 30 15.1          17.9 Vrv8751E12
     K07L15A  C2007 10 05.58222 22 44 38.25 -39 30 02.0          17.8 Vrv8751E12
     K07L15A  C2007 11 05.21925 00 37 32.05 -25 13 18.3          19.6 Vrw4945703
     K07L15A  C2007 11 05.22354 00 37 32.48 -25 13 11.2          19.3 Vrw4945703
     K07L15A  C2007 11 05.22787 00 37 33.16 -25 13 04.1          19.5 Vrw4945703
     K07L15A  C2007 11 05.23218 00 37 33.56 -25 12 57.3          19.5 Vrw4945703
     K07L15A  C2009 02 23.32154 13 01 15.63 -00 00 51.9          22.7 Vo~05XuH55
     K07L15A  C2009 02 23.34541 13 01 14.95 -00 00 39.5          22.6 Vo~05XuH55
     K07L15A  C2009 02 23.37229 13 01 14.21 -00 00 25.5          22.8 Vo~05XuH55
     K07L15A  C2009 03 22.25028 12 38 21.41 +05 10 58.2          21.9 Vo~05XuH55
     K07L15A  C2009 03 22.26686 12 38 20.15 +05 11 11.8          22.1 Vo~05XuH55
     K07L15A  C2009 03 22.28306 12 38 18.96 +05 11 24.7          22.0 Vo~05XuH55
     K07L15A  C2013 02 03.35068 08 35 30.249+12 46 15.10         21.9 wL~0oOgF51
     K07L15A  C2013 02 03.36532 08 35 29.004+12 46 23.44         22.3 wL~0oOgF51
     K07L15A  C2013 02 03.38003 08 35 27.775+12 46 31.62         22.1 wL~0oOgF51
     K07L15A  C2015 01 19.38059 05 42 48.560+10 57 22.76         22.1 wL~1Gj1F51
     K07L15A  C2015 01 19.39364 05 42 47.921+10 57 29.12         22.0 wL~1Gj1F51
     K07L15A  C2015 01 19.40669 05 42 47.290+10 57 36.06         21.9 wL~1Gj1F51
     K07L15A  C2016 04 17.50645 15 05 29.580+00 38 11.05         20.8 rLEH019F51
     K07L15A  C2016 04 17.51989 15 05 28.853+00 38 23.41         20.9 rLEH019F51
     K07L15A  C2016 04 17.54614 15 05 27.368+00 38 47.72         20.9 rLEH019F51
