     K07T15L  C2007 10 08.38507 01 45 58.03 +08 23 29.2          20.8 Vrv8871G96
     K07T15L  C2007 10 08.39075 01 45 55.69 +08 23 22.4          21.6 Vrv8871G96
     K07T15L  C2007 10 08.39651 01 45 53.46 +08 23 14.9          21.2 Vrv8871G96
     K07T15L  C2007 10 08.40221 01 45 51.15 +08 23 08.5          20.1 Vrv8871G96
     K07T15L* C2007 10 08.44883 01 45 32.79 +08 22 11.0          20.5 Vrv8871G96
     K07T15L  C2007 10 08.45373 01 45 30.88 +08 22 05.1          20.9 Vrv8871G96
     K07T15L  C2007 10 08.45866 01 45 28.98 +08 21 59.5          21.0 Vrv8871G96
     K07T15L  C2007 10 08.46373 01 45 26.96 +08 21 53.0          21.0 Vrv8871G96
     K07T15L  C2007 10 09.32567 01 40 20.38 +08 05 20.6          21.3 Vrv8871G96
     K07T15L  C2007 10 09.33183 01 40 18.19 +08 05 13.5          21.8 Vrv8871G96
     K07T15L  C2007 10 09.33796 01 40 15.96 +08 05 06.7          20.9 Vrv8871G96
     K07T15L  C2007 10 09.34426 01 40 13.72 +08 04 59.8          21.7 Vrv8871G96
     K07T15L  C2007 10 10.22053801 35 28.16 +07 49 18.3          21.5 Vov8871H55
     K07T15L  C2007 10 10.23037501 35 24.98 +07 49 08.1          21.4 Vov8871H55
     K07T15L  C2007 10 10.23963401 35 21.91 +07 48 58.2          21.3 Vov8871H55
     K07T15L HC2007 10 11.27102 01 30 16.96 +07 32 12.3                ov8871291
     K07T15L HC2007 10 11.27557 01 30 15.62 +07 32 08.8                ov8871291
     K07T15L  C2007 10 17.17886901 09 04.70 +06 20 13.7          22.1 Vow0712H55
     K07T15L  C2007 10 17.18741301 09 03.22 +06 20 08.5          22.1 Vow0712H55
     K07T15L  C2007 10 17.19557901 09 01.80 +06 20 04.1          22.1 Vow0712H55
