     K07E88J* C2007 03 14.33225 12 01 37.74 +09 25 22.6          21.3 Vru3305G96
     K07E88J  C2007 03 14.34112 12 01 36.48 +09 25 41.8          20.8 Vru3305G96
     K07E88J  C2007 03 14.35043 12 01 35.07 +09 26 02.6          21.2 Vru3305G96
     K07E88J  C2007 03 14.35943 12 01 33.74 +09 26 23.0          22.3 Vru3305G96
     K07E88J  C2007 03 14.47296 12 01 17.07 +09 30 36.2          21.6 Vru3305G96
     K07E88J  C2007 03 14.47384 12 01 16.96 +09 30 37.2          21.9 Vru3305G96
     K07E88J  C2007 03 14.47472 12 01 16.89 +09 30 39.3          21.1 Vru3305G96
     K07E88J  C2007 03 14.47560 12 01 16.68 +09 30 41.2          22.1 Vru3305G96
     K07E88J HC2007 03 15.31795 11 59 16.71 +10 03 34.6                ou3305291
     K07E88J HC2007 03 15.32182 11 59 16.09 +10 03 43.5                ou3305291
     K07E88J HC2007 03 15.32564 11 59 15.56 +10 03 50.8                ou3305291
     K07E88J  C2007 03 15.33935 11 59 13.27 +10 04 26.0          21.4 Vru3305G96
     K07E88J  C2007 03 15.34046 11 59 13.09 +10 04 28.9          21.5 Vru3305G96
     K07E88J  C2007 03 15.34159 11 59 12.91 +10 04 31.1          21.1 Vru3305G96
     K07E88J  C2007 03 15.34270 11 59 12.73 +10 04 34.0          21.0 Vru3305G96
     K07E88J VC2007 03 15.92646 11 57 42.14 +10 28 43.7                cu3305246
     K07E88J VC2007 03 15.93080 11 57 41.45 +10 28 56.8                cu3305246
     K07E88J VC2007 03 15.93257 11 57 41.20 +10 29 01.0                cu3305246
     K07E88J  C2007 03 16.33061 11 56 34.47 +10 46 39.6          21.0 Vru3305G96
     K07E88J  C2007 03 16.33149 11 56 34.33 +10 46 42.1          21.1 Vru3305G96
     K07E88J  C2007 03 16.33238 11 56 34.18 +10 46 44.5          21.3 Vru3305G96
     K07E88J  C2007 03 16.33326 11 56 34.00 +10 46 46.8          21.1 Vru3305G96
     K07E88J  C2007 03 22.01004 11 33 18.66 +16 33 38.1                ru4716J95
     K07E88J  C2007 03 22.02542 11 33 13.10 +16 34 54.3          21.1 Rru4716J95
     K07E88J tC2007 03 26.16421 10 58 46.29 +24 05 55.3          20.8 Vou5599291
     K07E88J tC2007 03 26.17252 10 58 40.05 +24 07 09.7          20.4 Vou5599291
     K07E88J  C2007 03 27.17793 10 45 35.71 +26 38 15.6                ru5599G96
     K07E88J  C2007 03 27.18259 10 45 31.71 +26 39 00.9          20.4 Vru5599G96
     K07E88J  C2007 03 27.18786 10 45 27.00 +26 39 51.5          20.4 Vru5599G96
     K07E88J  C2007 03 27.18840 10 45 26.56 +26 39 55.8          21.9 Vru5599G96
     K07E88J  C2007 03 28.19663 10 29 16.16 +29 31 46.4          20.5 Vru5599G96
     K07E88J  C2007 03 28.19718 10 29 15.56 +29 31 53.4                ru5599G96
     K07E88J  C2007 03 28.19771 10 29 15.06 +29 31 58.5                ru5599G96
