L4869K07P08A  C2002 07 13.22426 19 55 58.77 -19 23 32.7                rw9027644
L4869K07P08A  C2002 07 13.24628 19 55 57.37 -19 23 36.9          20.8 Vrw9027644
L4869K07P08A  C2004 04 24.28555 14 27 11.50 -11 41 10.4          21.5 Vcw3490691
L4869K07P08A  C2004 04 24.32145 14 27 09.27 -11 40 59.7          21.4 Vcw3490691
L4869K07P08A  C2004 04 24.37970 14 27 05.64 -11 40 41.6          21.7 Vcw3490691
L4869K07P08A* C2007 08 09.21035 20 47 42.86 -17 14 03.9          19.6  cv3182704
L4869K07P08A  C2007 08 09.23409 20 47 40.90 -17 14 14.5          19.7  cv3182704
L4869K07P08A  C2007 08 09.24592 20 47 39.97 -17 14 19.2          20.0  cv3182704
L4869K07P08A  C2007 08 09.25774 20 47 39.09 -17 14 24.1          19.7  cv3182704
L4869K07P08A  C2007 08 10.23130 20 46 21.58 -17 20 07.4          19.8 Rrv3182734
L4869K07P08A  C2007 08 10.23351 20 46 21.42 -17 20 08.4          19.3 Rrv3182734
L4869K07P08A  C2007 08 10.23566 20 46 21.27 -17 20 09.0          19.1 Rrv3182734
L4869K07P08A  C2007 08 10.23770320 46 21.04 -17 20 09.5          19.6  ov3182H55
L4869K07P08A  C2007 08 10.23997 20 46 20.95 -17 20 10.9          20.1 Rrv3182734
L4869K07P08A  C2007 08 10.25963820 46 19.25 -17 20 17.5          19.7  ov3182H55
L4869K07P08A  C2007 08 10.30705320 46 15.37 -17 20 34.4          19.7  ov3182H55
L4869K07P08A  C2007 08 10.90641 20 45 27.82 -17 24 08.0                rv3182J95
L4869K07P08A  C2007 08 10.95298 20 45 24.03 -17 24 22.9                rv3182J95
L4869K07P08A IC2007 08 10.96522 20 45 23.02 -17 24 27.3          19.2 Rrv3182J95
L4869K07P08A  C2007 08 11.03639 20 45 17.16 -17 24 53.2                ov3182204
L4869K07P08A  C2007 08 11.04479 20 45 16.49 -17 24 56.1          19.5 Rov3182204
L4869K07P08A  C2007 08 11.14895820 45 08.47 -17 25 32.7          19.8  ov3182H55
L4869K07P08A  C2007 08 11.15946220 45 07.60 -17 25 36.5          19.8  ov3182H55
L4869K07P08A  C2007 08 11.17004120 45 06.74 -17 25 40.0          19.8  ov3182H55
L4869K07P08A  C2007 08 11.26700 20 44 58.85 -17 26 13.5          19.3  cv3182704
L4869K07P08A  C2007 08 11.27890 20 44 57.94 -17 26 18.4          19.4  cv3182704
L4869K07P08A  C2007 08 11.29080 20 44 56.99 -17 26 22.5          19.6  cv3182704
L4869K07P08A  C2007 08 11.31456 20 44 55.00 -17 26 31.0          19.7  cv3182704
L4869K07P08A 2C2007 08 11.86109 20 44 11.36 -17 29 44.9          18.2  cv3182095
L4869K07P08A 2C2007 08 11.86289 20 44 11.20 -17 29 45.6          18.5  cv3182095
L4869K07P08A 2C2007 08 11.92498 20 44 06.12 -17 30 07.4          18.3  cv3182095
L4869K07P08A 2C2007 08 11.92651 20 44 05.98 -17 30 07.9          18.5  cv3182095
L4869K07P08A 2C2007 08 11.92997 20 44 05.69 -17 30 09.2          18.3  cv3182095
L4869K07P08A 2C2007 08 11.93195 20 44 05.54 -17 30 09.9          18.4  cv3182095
L4869K07P08A  C2007 08 12.25719 20 43 39.61 -17 32 04.4          20.0 Vov3182691
L4869K07P08A  C2007 08 12.26315 20 43 39.11 -17 32 06.5          19.8 Vov3182691
L4869K07P08A  C2007 08 12.26922 20 43 38.62 -17 32 08.6          19.7 Vov3182691
L4869K07P08A |C2007 08 13.29823 20 42 15.70 -17 38 05.3                ov5198809
L4869K07P08A |C2007 08 13.30331 20 42 15.28 -17 38 06.8                ov5198809
L4869K07P08A |C2007 08 13.30753 20 42 14.96 -17 38 08.2                ov5198809
L4869K07P08A |C2007 08 13.31551 20 42 14.30 -17 38 11.2                ov5198809
L4869K07P08A  C2007 08 13.89042 20 41 28.39 -17 41 40.9                cv3182046
L4869K07P08A  C2007 08 13.89150 20 41 28.31 -17 41 41.2                cv3182046
L4869K07P08A  C2007 08 13.89241 20 41 28.28 -17 41 41.4                cv3182046
L4869K07P08A  C2007 08 13.89537 20 41 27.99 -17 41 41.9                cv3182046
L4869K07P08A  C2007 08 13.89626 20 41 27.91 -17 41 41.8                cv3182046
L4869K07P08A  C2007 08 13.89807 20 41 27.81 -17 41 43.8                cv3182046
L4869K07P08A  C2007 08 13.89898 20 41 27.75 -17 41 42.8                cv3182046
L4869K07P08A  C2007 08 13.90094 20 41 27.51 -17 41 45.3                cv3182046
L4869K07P08A  C2007 08 13.90211 20 41 27.49 -17 41 45.7                cv3182046
L4869K07P08A  C2007 08 14.89997 20 40 07.23 -17 47 32.5                cv3182046
L4869K07P08A  C2007 08 14.90171 20 40 07.07 -17 47 34.3                cv3182046
L4869K07P08A  C2007 08 14.91178 20 40 06.31 -17 47 38.7          19.6 Rrv3182147
L4869K07P08A  C2007 08 14.91540 20 40 05.99 -17 47 39.9          19.7 Rrv3182147
L4869K07P08A  C2007 08 14.91734 20 40 05.89 -17 47 39.9          19.7 Vdv3182A56
L4869K07P08A  C2007 08 14.91901 20 40 05.68 -17 47 41.1                rv3182147
L4869K07P08A  C2007 08 14.93019 20 40 04.83 -17 47 45.3          19.4 Vdv3182A56
L4869K07P08A  C2007 08 14.94203 20 40 03.90 -17 47 50.4          19.6 Vdv3182A56
L4869K07P08A  C2007 08 17.87186 20 36 09.26 -18 04 42.4          18.8 Vcv3900A48
L4869K07P08A  C2007 08 17.87540 20 36 09.07 -18 04 43.4          18.7 Vcv3900A48
L4869K07P08A  C2007 08 17.87893 20 36 08.81 -18 04 45.1          18.7 Vcv3900A48
L4869K07P08A  C2007 08 17.88131 20 36 08.53 -18 04 47.0          19.1 Rrv3900147
L4869K07P08A  C2007 08 17.88247 20 36 08.51 -18 04 46.5          18.7 Vcv3900A48
L4869K07P08A  C2007 08 17.88457 20 36 08.29 -18 04 47.3          18.9 Rrv3900147
L4869K07P08A  C2007 08 17.88782 20 36 07.98 -18 04 47.8          19.5 Rrv3900147
L4869K07P08A FC2007 08 17.98909 20 35 59.75 -18 05 22.8          19.5 Rov3900204
L4869K07P08A VC2007 08 18.03919 20 35 55.64 -18 05 39.9                ov3900204
L4869K07P08A  C2007 08 22.24932 20 30 24.64 -18 29 05.0          19.3 Rrv3900448
L4869K07P08A  C2007 09 01.94942 20 17 35.30 -19 22 06.6          19.0 Rov4530B04
L4869K07P08A  C2007 09 01.95241 20 17 35.11 -19 22 07.2          18.8 Rov4530B04
L4869K07P08A  C2007 09 01.95688 20 17 34.83 -19 22 08.2          18.9 Rov4530B04
L4869K07P08A  C2007 09 01.96328 20 17 34.41 -19 22 10.0          19.1 Rov4530B04
L4869K07P08A  C2007 09 01.96840 20 17 34.07 -19 22 11.4          19.1 Rov4530B04
L4869K07P08A  C2007 09 04.11290 20 15 18.97 -19 31 24.1          19.3 Rrv4531448
L4869K07P08A  C2007 09 04.12163 20 15 18.38 -19 31 26.7          19.4 Rrv4531448
L4869K07P08A  C2007 09 04.13035 20 15 17.83 -19 31 29.2          19.8 Rrv4531448
L4869K07P08A  C2007 09 11.87913 20 08 17.76 -20 00 24.4          19.4 Vov5198151
L4869K07P08A  C2007 09 11.88383 20 08 17.60 -20 00 23.4          19.9 Vov5198151
L4869K07P08A  C2007 09 19.09055 20 03 40.65 -20 20 35.8          19.6 Rrv6286448
L4869K07P08A  C2007 09 19.09996 20 03 40.21 -20 20 37.5          20.0 Rrv6286448
L4869K07P08A  C2007 09 19.10935 20 03 40.01 -20 20 38.5          19.8 Rrv6286448
L4869K07P08A  C2007 09 27.08812 20 00 54.32 -20 35 33.0          19.5 Rrv8116448
L4869K07P08A  C2007 09 27.09971 20 00 54.21 -20 35 33.7          18.7 Rrv8116448
L4869K07P08A  C2007 09 27.11129 20 00 54.12 -20 35 35.6          19.5 Rrv8116448
L4869K07P08A  C2007 10 07.13753 20 01 01.47 -20 43 28.4          20.0 Rrv8754448
L4869K07P08A  C2007 10 07.14980 20 01 01.51 -20 43 28.2          20.6 Rrv8754448
L4869K07P08A  C2007 10 07.16206 20 01 01.73 -20 43 28.9          20.3 Rrv8754448
L4869K07P08A  C2007 10 14.73570 20 03 45.17 -20 41 33.6                ow0608246
L4869K07P08A  C2007 10 14.73689 20 03 45.20 -20 41 34.1                ow0608246
L4869K07P08A  C2007 10 14.74367 20 03 45.35 -20 41 32.6                ow0608246
L4869K07P08A  C2007 10 14.74468 20 03 45.37 -20 41 32.5                ow0608246
L4869K07P08A  C2007 10 15.08884 20 03 55.90 -20 41 17.0          20.0 Vrw0608G96
L4869K07P08A  C2007 10 15.09828 20 03 56.19 -20 41 16.3          19.5 Vrw0608G96
L4869K07P08A  C2007 10 15.10775 20 03 56.44 -20 41 16.2          19.9 Vrw0608G96
L4869K07P08A  C2007 10 15.11716 20 03 56.70 -20 41 16.2          19.6 Vrw0608G96
L4869K07P08A  C2007 10 25.15849 20 10 58.76 -20 27 29.9          20.4 Rrw3490448
L4869K07P08A  C2007 11 02.08961 20 18 58.89 -20 07 41.3          19.8 Vrw4947G96
L4869K07P08A  C2007 11 02.09516 20 18 59.25 -20 07 40.2          19.6 Vrw4947G96
L4869K07P08A  C2007 11 02.10076 20 18 59.68 -20 07 39.3          19.1 Vrw4947G96
L4869K07P08A  C2007 11 02.10638 20 19 00.01 -20 07 38.6          19.2 Vrw4947G96
L4869K07P08A  C2007 11 23.05019 20 49 26.67 -18 31 47.0          19.0 Rrw9027448
L4869K07P08A  C2007 11 23.05734 20 49 27.43 -18 31 45.0          19.3 Rrw9027448
L4869K07P08A  C2008 03 16.05453 02 59 37.36 +15 51 34.8          19.1 Rry3582H51
L4869K07P08A  C2008 03 16.05612 02 59 37.86 +15 51 37.1          19.0 Rry3582H51
L4869K07P08A  C2008 03 16.05773 02 59 38.30 +15 51 39.3          19.1 Rry3582H51
L4869K07P08A  C2008 03 16.05934 02 59 38.79 +15 51 41.2          19.0 Rry3582H51
L4869K07P08A  C2008 03 16.06255 02 59 39.79 +15 51 45.7          18.8 Rry3582H51
L4869K07P08A  C2008 03 16.06575 02 59 40.69 +15 51 50.3          19.2 Rry3582H51
L4869K07P08A  C2008 03 24.13332 03 40 35.54 +18 37 37.5          18.8 Vry4080703
L4869K07P08A  C2008 03 24.13722 03 40 36.69 +18 37 41.4          18.4 Vry4080703
L4869K07P08A  C2008 03 24.14109 03 40 37.84 +18 37 46.0          18.3 Vry4080703
L4869K07P08A  C2008 03 24.14495 03 40 39.03 +18 37 50.2          18.6 Vry4080703
L4869K07P08A  C2008 04 05.11924 04 43 07.32 +21 38 06.2          18.1 Vry5811G96
L4869K07P08A  C2008 04 05.12419 04 43 08.86 +21 38 09.4          18.1 Vry5811G96
L4869K07P08A  C2008 04 05.12920 04 43 10.45 +21 38 12.7          18.1 Vry5811G96
L4869K07P08A  C2008 04 05.13413 04 43 12.00 +21 38 16.0          18.2 Vry5811G96
L4869K07P08A  C2008 05 29.14708 08 40 53.61 +18 53 54.7          20.6 Vrz0516G96
L4869K07P08A  C2008 05 29.15212 08 40 54.58 +18 53 51.2          20.1 Vrz0516G96
L4869K07P08A  C2008 05 29.15713 08 40 55.59 +18 53 47.9          20.2 Vrz0516G96
L4869K07P08A  C2008 05 29.16208 08 40 56.56 +18 53 44.2          19.7 Vrz0516G96
L4869K07P08A HC2009 04 18.34399 15 18 21.01 -15 32 44.5                o~06MJ691
L4869K07P08A HC2009 04 18.36167 15 18 20.18 -15 32 41.5                o~06MJ691
L4869K07P08A HC2009 04 22.36083 15 14 52.91 -15 18 00.7                o~06MJ691
