     K07VO3P* C2007 11 15.26549 03 01 43.35 +28 47 51.5          21.0 Vrw8421G96
     K07VO3P  C2007 11 15.27101 03 01 42.85 +28 47 49.8          20.6 Vrw8421G96
     K07VO3P  C2007 11 15.27660 03 01 42.31 +28 47 47.4          20.7 Vrw8421G96
     K07VO3P  C2007 11 15.28215 03 01 41.70 +28 47 45.6          20.9 Vrw8421G96
     K07VO3P  C2007 11 16.16774403 00 25.13 +28 42 13.7          21.0 Vow8421H55
     K07VO3P  C2007 11 16.17168403 00 24.84 +28 42 12.0          21.2 Vow8421H55
     K07VO3P  C2007 11 16.17562303 00 24.46 +28 42 10.4          21.4 Vow8421H55
     K07VO3P  C2007 11 16.28061 03 00 15.18 +28 41 32.8          20.8 Rrw8421682
     K07VO3P  C2007 11 16.30974 03 00 12.54 +28 41 19.0          20.9 Rrw8421682
     K07VO3P  C2007 11 16.33887 03 00 09.85 +28 41 09.0          20.8 Rrw8421682
     K07VO3P  C2007 11 17.23040 02 58 57.21 +28 35 35.0          21.7 Vrw8421G96
     K07VO3P  C2007 11 17.23584 02 58 56.74 +28 35 32.7          21.2 Vrw8421G96
     K07VO3P  C2007 11 17.24102 02 58 56.28 +28 35 30.7          21.0 Vrw8421G96
     K07VO3P  C2007 11 17.24613 02 58 55.77 +28 35 29.2          21.2 Vrw8421G96
     K07VO3P !C2007 11 18.20450 02 57 40.92 +28 29 23.1          20.8 Vow8421689
     K07VO3P !C2007 11 18.20774 02 57 40.61 +28 29 22.0          20.9 Vow8421689
     K07VO3P !C2007 11 18.21098 02 57 40.30 +28 29 21.1          21.2 Vow8421689
     K07VO3P  C2007 11 19.34257 02 56 15.42 +28 22 09.1                ow8421291
     K07VO3P  C2007 11 19.34682 02 56 15.10 +28 22 07.8                ow8421291
     K07VO3P  C2007 11 19.35130 02 56 14.74 +28 22 05.5                ow8421291
     K07VO3P HC2007 11 20.12656 02 55 21.79 +28 17 07.4                ow9223291
     K07VO3P HC2007 11 20.13071 02 55 21.54 +28 17 06.2                ow9223291
     K07VO3P  C2007 11 20.15994 02 55 19.37 +28 16 55.0          21.9 Vrw9223G96
     K07VO3P  C2007 11 20.16438 02 55 19.02 +28 16 53.3          21.9 Vrw9223G96
     K07VO3P  C2007 11 20.16870 02 55 18.67 +28 16 52.9          21.4 Vrw9223G96
     K07VO3P  C2007 11 20.17307 02 55 18.35 +28 16 50.8          21.3 Vrw9223G96
     K07VO3P  C2007 12 01.11269002 46 38.19 +27 10 17.3          22.1 Vow9962H55
     K07VO3P  C2007 12 01.13005802 46 37.65 +27 10 11.6          22.2 Vow9962H55
     K07VO3P  C2007 12 01.14743802 46 37.04 +27 10 06.1          22.1 Vow9962H55
     K07VO3P HC2007 12 05.14614 02 45 12.04 +26 48 59.2                ox4355291
     K07VO3P HC2007 12 05.15888 02 45 11.74 +26 48 56.2                ox4355291
