     K07R02F* C2007 09 05.41331 00 57 28.58 -08 26 47.9          18.8 Vrv4558703
     K07R02F  C2007 09 05.42142 00 57 29.37 -08 26 50.2          18.8 Vrv4558703
     K07R02F  C2007 09 05.42965 00 57 30.24 -08 26 52.7          18.7 Vrv4558703
     K07R02F  C2007 09 05.43808 00 57 31.24 -08 26 55.5          18.8 Vrv4558703
     K07R02F (C2007 09 05.80350 00 58 14.85 -08 28 12.9          18.5 Rov4558413
     K07R02F (C2007 09 05.80605 00 58 15.14 -08 28 13.9                ov4558413
     K07R02F (C2007 09 05.80879 00 58 15.44 -08 28 14.7                ov4558413
     K07R02F  C2007 09 06.01688 00 58 43.63 -08 30 11.0          18.3 Rov4558B04
     K07R02F  C2007 09 06.02394 00 58 44.42 -08 30 13.7          18.4 Rov4558B04
     K07R02F  C2007 09 06.02431 00 58 44.48 -08 30 14.0          18.7 Rov4558B04
     K07R02F  C2007 09 06.03210 00 58 45.37 -08 30 16.6          18.4 Rov4558B04
     K07R02F  C2007 09 06.03591 00 58 46.04 -08 30 20.0                ov4558J95
     K07R02F  C2007 09 06.04006 00 58 46.52 -08 30 21.1                ov4558J95
     K07R02F  C2007 09 06.04422 00 58 47.00 -08 30 22.6          18.6 Rov4558J95
     K07R02F  C2007 09 06.04428 00 58 46.77 -08 30 20.7          18.2 Rov4558204
     K07R02F  C2007 09 06.05135 00 58 47.58 -08 30 23.1                ov4558204
     K07R02F 5C2007 09 06.45925900 59 39.177-08 32 38.59         18.5 Rov4558673
     K07R02F 5C2007 09 06.46469900 59 39.819-08 32 40.30               ov4558673
     K07R02F 5C2007 09 06.46967600 59 40.406-08 32 41.71               ov4558673
     K07R02F 5C2007 09 06.47326400 59 40.835-08 32 43.59               ov4558673
     K07R02F  C2007 09 08.34110 01 04 07.02 -08 44 57.8                rv5218H51
     K07R02F  C2007 09 08.34432 01 04 07.47 -08 44 59.7                rv5218H51
     K07R02F  C2007 09 08.34593 01 04 07.66 -08 45 00.1                rv5218H51
     K07R02F  C2007 09 08.98669 01 05 51.50 -08 49 46.9          18.0 Rov5218B04
     K07R02F  C2007 09 08.99671 01 05 53.03 -08 49 51.6          18.0 Rov5218B04
     K07R02F  C2007 09 09.00520 01 05 54.33 -08 49 55.7          18.1 Rov5218B04
     K07R02F  C2007 09 09.01224 01 05 55.41 -08 49 58.8          17.8 Rov5218B04
     K07R02F  C2007 09 09.02880 01 05 57.74 -08 50 04.9          18.3 Rcv5218157
     K07R02F  C2007 09 09.03248 01 05 58.33 -08 50 06.6          18.3 Rcv5218157
     K07R02F  C2007 09 10.43249 01 10 09.15 -09 01 44.3          18.3 Vov5218291
     K07R02F  C2007 09 10.43637 01 10 09.84 -09 01 46.4          18.3 Vov5218291
     K07R02F  C2007 09 10.44013 01 10 10.50 -09 01 48.3          18.3 Vov5218291
     K07R02F  C2007 09 11.37277 01 13 24.46 -09 10 46.0          18.2 Vov5218291
     K07R02F  C2007 09 11.37793 01 13 25.48 -09 10 49.1          18.2 Vov5218291
     K07R02F  C2007 09 11.38371 01 13 26.64 -09 10 52.6          18.2 Vov5218291
     K07R02F  C2007 09 11.90452 01 15 27.08 -09 16 26.4          17.6 Vrv5218A78
     K07R02F  C2007 09 11.90847 01 15 27.96 -09 16 29.2          17.6 Vrv5218A78
     K07R02F  C2007 09 11.91243 01 15 28.86 -09 16 32.5          17.5 Vrv5218A78
     K07R02F  C2007 09 11.91638 01 15 29.74 -09 16 34.8          17.5 Vrv5218A78
     K07R02F  C2007 09 12.23186 01 16 45.39 -09 20 05.6          17.9 Rrv5218H51
     K07R02F  C2007 09 12.23346 01 16 45.80 -09 20 06.3          18.1 Rrv5218H51
     K07R02F  C2007 09 12.23506 01 16 46.15 -09 20 07.9          17.9 Rrv5218H51
     K07R02F  C2007 09 12.23667 01 16 46.53 -09 20 08.6          18.0 Rrv5218H51
     K07R02F  C2007 09 12.23826 01 16 46.91 -09 20 10.4          18.2 Rrv5218H51
     K07R02F  C2007 09 12.23986 01 16 47.28 -09 20 10.4          18.3 Rrv5218H51
     K07R02F  C2007 09 12.24296101 16 47.98 -09 20 10.9          18.1 Vov6315H55
     K07R02F  C2007 09 12.24611101 16 48.71 -09 20 13.0          18.2 Vov6315H55
     K07R02F  C2007 09 12.24949001 16 49.49 -09 20 15.6          18.2 Vov6315H55
     K07R02F  C2007 09 12.39362 01 17 23.00 -09 21 51.8          17.7 Rrv5218H45
     K07R02F  C2007 09 12.39462 01 17 23.24 -09 21 52.3          17.7 Rrv5218H45
     K07R02F  C2007 09 12.39590 01 17 23.54 -09 21 53.5          17.6 Rrv5218H45
     K07R02F  C2007 09 12.39753 01 17 23.90 -09 21 54.3          17.7 Rrv5218H45
     K07R02F  C2007 09 12.39841 01 17 24.12 -09 21 55.0          17.4 Rrv5218H45
     K07R02F  C2007 09 12.39928 01 17 24.33 -09 21 55.9          17.8 Rrv5218H45
     K07R02F  C2007 09 12.40041 01 17 24.58 -09 21 56.8          17.5 Rrv5218H45
     K07R02F  C2007 09 13.01374 01 20 08.54 -09 29 28.7          17.4 Rrv5218130
     K07R02F  C2007 09 13.01575 01 20 09.04 -09 29 30.3          17.4 Rrv5218130
     K07R02F  C2007 09 13.01776 01 20 09.60 -09 29 31.7          17.5 Rrv5218130
     K07R02F  C2007 09 13.02014 01 20 10.20 -09 29 33.0          17.7 Rrv5218130
     K07R02F  C2007 09 13.41668 01 22 02.22 -09 34 30.9          17.7 Vov5218291
     K07R02F  C2007 09 13.42219 01 22 03.76 -09 34 35.0          17.8 Vov5218291
     K07R02F  C2007 09 13.42795 01 22 05.33 -09 34 39.4          17.8 Vov5218291
     K07R02F  C2007 09 14.34760 01 27 00.18 -09 47 44.0          17.4 Vrv5218703
     K07R02F  C2007 09 14.35410 01 27 02.26 -09 47 50.4          17.4 Vrv5218703
     K07R02F  C2007 09 14.36065 01 27 04.39 -09 47 56.1          17.4 Vrv5218703
     K07R02F  C2007 09 14.36718 01 27 06.48 -09 48 02.4          17.4 Vrv5218703
     K07R02F  C2007 09 15.34903 01 33 17.67 -10 04 10.7          17.6 Rrv6315448
     K07R02F  C2007 09 15.35188 01 33 18.79 -10 04 14.0          17.4 Rrv6315448
     K07R02F  C2007 09 15.35509 01 33 20.03 -10 04 17.4          17.3 Rrv6315448
     K07R02F  C2007 09 15.35723 01 33 20.85 -10 04 19.5          17.0 Rrv6315448
     K07R02F  C2007 09 17.32888 01 50 10.38 -10 45 57.0          16.8 Rrv6315H51
     K07R02F  C2007 09 17.33058 01 50 11.38 -10 45 59.9          16.7 Rrv6315H51
     K07R02F  C2007 09 17.33219 01 50 12.35 -10 46 02.0          16.7 Rrv6315H51
     K07R02F  C2007 09 17.34023 01 50 17.24 -10 46 14.3          16.5 Rrv6315H51
     K07R02F  C2007 09 17.34190 01 50 18.26 -10 46 16.8          17.0 Rrv6315H51
     K07R02F  C2007 09 17.34350 01 50 19.26 -10 46 19.5          17.1 Rrv6315H51
     K07R02F  C2007 09 17.40759 01 50 58.47 -10 47 45.7          16.9 Rrv6315H45
     K07R02F  C2007 09 17.40852 01 50 59.04 -10 47 46.9          16.7 Rrv6315H45
     K07R02F  C2007 09 17.41007 01 51 00.00 -10 47 49.3          16.7 Rrv6315H45
     K07R02F  C2007 09 17.41109 01 51 00.60 -10 47 50.8          16.8 Rrv6315H45
     K07R02F  C2007 09 17.41240 01 51 01.41 -10 47 52.6          16.7 Rrv6315H45
     K07R02F  C2007 09 17.41440 01 51 02.66 -10 47 55.8          16.8 Rrv6315H45
     K07R02F  C2007 09 19.37282 02 18 41.25 -11 47 10.2          16.3 Rrv6315448
     K07R02F  C2007 09 19.37455 02 18 43.08 -11 47 14.1          16.4 Rrv6315448
     K07R02F  C2007 09 19.37630 02 18 44.93 -11 47 17.8          16.3 Rrv6315448
     K07R02F  C2007 09 25.17714907 27 16.86 -10 05 52.3                rv7771J95
     K07R02F  C2007 09 25.17827607 27 22.33 -10 05 38.9                rv7771J95
     K07R02F  C2007 09 25.17911307 27 26.33 -10 05 28.1                rv7771J95
     K07R02F  C2007 09 25.17994807 27 30.42 -10 05 18.9          17.3 Rrv7771J95
