     K07D00J* C2007 02 17.25999 08 30 22.03 +00 03 58.3          19.8 Vru0487703
     K07D00J  C2007 02 17.26645 08 30 22.75 +00 04 11.2          20.0 Vru0487703
     K07D00J  C2007 02 17.27293 08 30 23.61 +00 04 23.9          20.8 Vru0487703
     K07D00J  C2007 02 17.27939 08 30 24.37 +00 04 33.5          19.8 Vru0487703
     K07D00J  C2007 02 17.29083 08 30 25.81 +00 04 53.6          19.7 Vru0487703
     K07D00J  C2007 02 17.29876 08 30 26.74 +00 05 08.0          19.8 Vru0487703
     K07D00J  C2007 02 17.30670 08 30 27.72 +00 05 23.6          19.4 Vru0487703
     K07D00J  C2007 02 17.31465 08 30 28.65 +00 05 37.1          20.3 Vru0487703
     K07D00J  C2007 02 17.81804 08 31 59.74 +00 21 02.6                cu0487246
     K07D00J  C2007 02 17.81954 08 31 59.96 +00 21 05.0                cu0487246
     K07D00J  C2007 02 17.82179 08 32 00.30 +00 21 08.9                cu0487246
     K07D00J  C2007 02 17.82424 08 32 00.58 +00 21 14.8                cu0487246
     K07D00J  C2007 02 17.82639 08 32 00.93 +00 21 18.7                cu0487246
     K07D00J  C2007 02 17.82806 08 32 01.20 +00 21 21.7                cu0487246
     K07D00J  C2007 02 17.82953 08 32 01.41 +00 21 24.5                cu0487246
     K07D00J  C2007 02 17.83020 08 32 01.49 +00 21 26.2                cu0487246
     K07D00J  C2007 02 17.89578 08 32 10.98 +00 23 42.4          17.9 Rcu0487A94
     K07D00J  C2007 02 18.21128 08 33 09.95 +00 34 46.1          19.1 Rcu0487711
     K07D00J  C2007 02 18.21603 08 33 10.66 +00 34 56.2          19.3 Rcu0487711
     K07D00J  C2007 02 18.22076 08 33 11.36 +00 35 05.2          19.6 Rcu0488711
     K07D00J  C2007 02 18.52731 08 34 08.13 +00 48 30.8          18.6 Rou0488474
     K07D00J  C2007 02 18.53090 08 34 08.69 +00 48 38.1          18.8 Rou0488474
     K07D00J  C2007 02 19.44919 08 37 29.16 +01 24 52.6          18.6 Rou0488474
     K07D00J  C2007 02 19.45198 08 37 29.64 +01 24 59.6          18.1 Rou0488474
     K07D00J  C2007 02 22.26077 08 51 32.22 +03 53 57.7          18.6 Rru0488H45
     K07D00J  C2007 02 22.26134 08 51 34.57 +03 54 06.1          18.4 Rru0488448
     K07D00J  C2007 02 22.26247 08 51 32.75 +03 54 04.1          18.8 Rru0488H45
     K07D00J  C2007 02 22.26497 08 51 33.57 +03 54 14.3          19.0 Rru0488H45
     K07D00J  C2007 02 22.26570 08 51 33.82 +03 54 17.4          19.0 Rru0488H45
     K07D00J  C2007 02 22.26644 08 51 34.08 +03 54 20.6          18.8 Rru0488H45
     K07D00J  C2007 02 22.26771 08 51 34.48 +03 54 25.8          18.9 Rru0488H45
     K07D00J  C2007 02 22.26863 08 51 34.82 +03 54 29.2          19.0 Rru0488H45
     K07D00J  C2007 02 22.27138 08 51 37.81 +03 54 48.5          18.8 Rru0488448
     K07D00J  C2007 02 22.27722 08 51 39.74 +03 55 12.6          18.5 Rru0488448
     K07D00J  C2007 02 23.20944 08 58 24.02 +05 05 20.4          18.6 Vru0488703
     K07D00J  C2007 02 23.21807 08 58 27.62 +05 06 02.8          18.3 Vru0488703
     K07D00J  C2007 02 23.22671 08 58 31.15 +05 06 46.0          18.5 Vru0488703
     K07D00J 7C2007 02 23.26263 08 58 45.85 +05 09 45.9                ou1602696
     K07D00J 7C2007 02 23.26388 08 58 46.39 +05 09 52.3                ou1602696
     K07D00J  C2007 02 25.17866 09 17 50.39 +08 24 24.1          17.9 Rru1602448
     K07D00J  C2007 02 25.18273 09 17 53.11 +08 24 54.6          18.2 Rru1602448
     K07D00J  C2007 02 25.18680 09 17 55.79 +08 25 25.0          18.2 Rru1602448
     K07D00J  C2007 02 25.26421 09 18 50.17 +08 35 00.9                cu1602670
     K07D00J  C2007 02 25.26661 09 18 51.72 +08 35 18.8                cu1602670
     K07D00J  C2007 02 25.26858 09 18 53.14 +08 35 34.0                cu1602670
     K07D00J 7C2007 02 25.27962 09 18 58.74 +08 37 06.7                ou1602696
     K07D00J 7C2007 02 25.28063 09 18 59.39 +08 37 14.7                ou1602696
     K07D00J  C2007 02 25.38963 09 20 16.44 +08 50 56.4                cu1602670
     K07D00J  C2007 02 26.16091 09 31 36.26 +10 39 59.2          17.6 Vru1602G96
     K07D00J  C2007 02 26.16986 09 31 44.14 +10 41 23.1          17.7 Vru1602G96
     K07D00J  C2007 02 26.17660 09 31 50.05 +10 42 26.6          17.8 Vru1602G96
     K07D00J  C2007 02 26.18341 09 31 56.02 +10 43 30.7          17.8 Vru1602G96
     K07D00J  C2007 02 26.23488 09 32 41.13 +10 51 36.9          17.6 Vru1602703
     K07D00J  C2007 02 26.24562 09 32 50.60 +10 53 18.6          17.5 Vru1602703
     K07D00J  C2007 02 26.25634 09 33 00.00 +10 54 59.7          17.6 Vru1602703
     K07D00J  C2007 02 26.26705 09 33 09.43 +10 56 41.2          17.6 Vru1602703
     K07D00J  C2007 02 26.82298 09 43 04.38 +12 29 03.2          17.9 Vcu1602B23
     K07D00J  C2007 02 26.82430 09 43 05.74 +12 29 17.3          18.2 Vcu1602B23
     K07D00J  C2007 02 26.82563 09 43 07.27 +12 29 32.8          17.8 Vcu1602B23
     K07D00J  C2007 02 26.82694 09 43 08.74 +12 29 47.7          17.4 Vcu1602B23
     K07D00J  C2007 02 26.82827 09 43 10.18 +12 30 02.3          18.4 Vcu1602B23
     K07D00J  C2007 02 26.86346 09 43 47.88 +12 36 24.3          18.0 Rcu1602A53
     K07D00J  C2007 02 26.86494 09 43 50.03 +12 36 46.8          17.1 Rcu1602560
     K07D00J  C2007 02 26.86829 09 43 53.64 +12 37 23.5          17.2 Rcu1602560
     K07D00J  C2007 02 26.86903 09 43 53.93 +12 37 25.6          17.8 Rcu1602A53
     K07D00J  C2007 02 26.86992 09 43 55.40 +12 37 41.0          17.2 Rcu1602560
     K07D00J  C2007 02 26.87154 09 43 57.18 +12 37 58.6          17.1 Rcu1602560
     K07D00J  C2007 02 26.87480 09 44 00.14 +12 38 28.5          17.9 Rcu1602A53
     K07D00J  C2007 02 26.88057 09 44 06.32 +12 39 32.3          17.7 Rcu1602A53
     K07D00J tC2007 02 27.13784 09 49 23.77 +13 28 15.5          17.6 Vou1602691
     K07D00J HC2007 02 27.15812 09 49 47.70 +13 32 14.7                ou1602691
     K07D00J  C2007 02 27.89647 10 06 55.18 +16 06 40.7          16.9 Vru1602A81
     K07D00J  C2007 02 27.90471 10 07 07.23 +16 08 33.5          17.1 Vru1602A81
     K07D00J  C2007 02 27.90885 10 07 13.35 +16 09 30.9          16.9 Vru1602A81
     K07D00J  C2007 02 27.91405 10 07 21.19 +16 10 24.7          17.2 Rcu1602A53
     K07D00J  C2007 02 27.91703 10 07 25.63 +16 11 05.9          17.3 Rcu1602A53
     K07D00J  C2007 02 27.92008 10 07 30.12 +16 11 46.8          17.2 Rcu1602A53
     K07D00J  C2007 02 27.92276 10 07 34.04 +16 12 24.5          16.9 Rcu1602A53
     K07D00J  C2007 03 01.04524 10 42 39.90 +20 58 55.4                ov2438204
     K07D00J  C2007 03 01.04712 10 42 43.92 +20 59 26.8                ov2438204
     K07D00J  C2007 03 01.04900 10 42 47.95 +20 59 58.2                ov2438204
     K07D00J  C2007 03 01.05089 10 42 51.97 +21 00 29.4                ov2438204
     K07D00J  C2007 03 01.05277 10 42 56.00 +21 01 00.8          16.6 Rov2438204
     K07D00J  C2007 03 01.94423511 21 40.59 +25 22 53.4                ru1602J95
     K07D00J  C2007 03 01.94555511 21 44.37 +25 23 17.8                ru1602J95
     K07D00J  C2007 03 01.94688311 21 48.16 +25 23 42.3          16.6 Rru1602J95
     K07D00J  C2007 03 02.34903 11 42 30.27 +27 26 45.3          17.1 Rru1602H45
     K07D00J  C2007 03 02.35024 11 42 34.16 +27 27 06.8          16.5 Rru1602H45
     K07D00J  C2007 03 02.35075 11 42 35.78 +27 27 16.1          16.8 Rru1602H45
     K07D00J  C2007 03 02.35145 11 42 37.93 +27 27 28.4          16.5 Rru1602H45
     K07D00J  C2007 03 02.35176 11 42 38.95 +27 27 34.0          16.4 Rru1602H45
     K07D00J  C2007 03 02.35264 11 42 41.68 +27 27 49.3          17.2 Rru1602H45
     K07D00J  C2007 03 02.35313 11 42 43.18 +27 27 57.5          16.9 Rru1602H45
     K07D00J  C2007 03 02.35394 11 42 45.77 +27 28 11.6          16.7 Rru1602H45
     K07D00J  C2007 03 02.35424 11 42 46.77 +27 28 16.5          16.7 Rru1602H45
     K07D00J  C2007 03 02.35501 11 42 49.17 +27 28 30.7          16.7 Rru1602H45
     K07D00J  C2007 03 02.35543 11 42 50.56 +27 28 37.9          16.5 Rru1602H45
     K07D00J  C2007 03 02.35675 11 42 54.66 +27 29 01.1          16.8 Rru1602H45
     K07D00J  C2007 03 03.99486 13 30 30.68 +33 45 24.8          17.2 Vcu2382A48
     K07D00J  C2007 03 03.99569 13 30 34.18 +33 45 31.9          17.1 Vcu2382A48
     K07D00J  C2007 03 03.99652 13 30 37.66 +33 45 38.5          17.3 Vcu2382A48
     K07D00J  C2007 03 03.99736 13 30 41.12 +33 45 45.1          17.2 Vcu2382A48
     K07D00J  C2007 03 03.99819 13 30 44.63 +33 45 52.2          16.9 Vcu2382A48
     K07D00J  C2007 03 04.02414 13 32 37.66 +33 49 34.6          17.1 Rru2382170
     K07D00J  C2007 03 04.02465 13 32 39.76 +33 49 38.7          17.2 Rru2382170
     K07D00J  C2007 03 04.02876 13 32 56.96 +33 50 10.9          16.8 Rru2382170
     K07D00J  C2007 03 04.02927 13 32 59.07 +33 50 15.1          16.8 Rru2382170
     K07D00J  C2007 03 04.03040 13 33 03.78 +33 50 24.1          16.8 Rru2382170
     K07D00J  C2007 03 04.03128 13 33 07.45 +33 50 30.9          16.8 Rru2382170
     K07D00J  C2007 03 05.06573 14 45 34.07 +34 29 49.3                ru2383118
     K07D00J  C2007 03 05.06757 14 45 41.08 +34 29 46.3                ru2383118
     K07D00J  C2007 03 05.06940 14 45 48.13 +34 29 42.3                ru2383118
     K07D00J  C2007 03 05.07124 14 45 55.15 +34 29 38.8                ru2383118
     K07D00J  C2007 03 05.07492 14 46 09.20 +34 29 31.3                ru2383118
     K07D00J  C2007 03 05.07676 14 46 16.21 +34 29 27.8                ru2383118
     K07D00J  C2007 03 05.07860 14 46 23.24 +34 29 23.4                ru2383118
     K07D00J  C2007 03 05.08043 14 46 30.25 +34 29 19.7                ru2383118
     K07D00J  C2007 03 06.01090 15 42 14.96 +33 07 05.6          18.5 Vou2383198
     K07D00J  C2007 03 06.01187 15 42 17.97 +33 06 59.1          18.4 Vou2383198
     K07D00J  C2007 03 06.01535 15 42 28.79 +33 06 35.7          18.4 Vou2383198
     K07D00J  C2007 03 06.01599 15 42 30.79 +33 06 31.4          18.4 Vou2383198
     K07D00J  C2007 03 06.01664 15 42 32.80 +33 06 27.0          18.4 Vou2383198
