     K07D40Y* C2007 02 21.39017 11 17 10.03 +03 52 40.0          21.6 Vru0524G96
     K07D40Y  C2007 02 21.39674 11 17 09.56 +03 52 46.0          21.7 Vru0524G96
     K07D40Y  C2007 02 21.40324 11 17 09.06 +03 52 52.0          21.2 Vru0524G96
     K07D40Y  C2007 02 21.40974 11 17 08.59 +03 52 57.8          21.7 Vru0524G96
     K07D40Y  C2007 02 21.45963 11 17 04.92 +03 53 42.0          21.8 Vru0524G96
     K07D40Y  C2007 02 21.46443 11 17 04.56 +03 53 46.7          22.0 Vru0524G96
     K07D40Y  C2007 02 21.47887 11 17 03.61 +03 53 57.4                ru0524G96
     K07D40Y  C2007 02 21.48067 11 17 03.44 +03 54 00.3          21.6 Vru0524G96
     K07D40Y  C2007 02 21.48249 11 17 03.30 +03 54 02.0                ru0524G96
     K07D40Y  C2007 02 21.48438 11 17 03.16 +03 54 03.6          21.6 Vru0524G96
     K07D40Y  C2007 02 23.30391 11 14 52.98 +04 22 20.7          20.3 Vru0524G96
     K07D40Y  C2007 02 23.30583 11 14 52.80 +04 22 23.4          20.5 Vru0524G96
     K07D40Y  C2007 02 23.30775 11 14 52.62 +04 22 25.3          20.8 Vru0524G96
     K07D40Y  C2007 02 23.30970 11 14 52.54 +04 22 27.1          20.8 Vru0524G96
     K07D40Y 7C2007 02 23.32141 11 14 51.64 +04 22 37.3                ou1621696
     K07D40Y 7C2007 02 23.34172 11 14 49.94 +04 22 56.6                ou1621696
     K07D40Y  C2007 02 23.44322 11 14 41.56 +04 24 37.6          20.8 Vru0524G96
     K07D40Y  C2007 02 23.44517 11 14 41.53 +04 24 38.9                ru0524G96
     K07D40Y  C2007 02 23.44711 11 14 41.24 +04 24 40.5          21.4 Vru0524G96
     K07D40Y  C2007 02 23.44905 11 14 41.12 +04 24 43.0          20.8 Vru0524G96
     K07D40Y  C2007 02 25.34112 11 12 08.68 +04 57 10.9                ou1621291
     K07D40Y  C2007 02 25.34492 11 12 08.35 +04 57 15.2                ou1621291
     K07D40Y  C2007 02 25.34868 11 12 07.99 +04 57 18.7                ou1621291
     K07D40Y  C2007 02 27.29205911 09 13.64 +05 33 46.7          21.3  ou1621H55
     K07D40Y  C2007 02 27.30074411 09 12.72 +05 33 56.7          21.1  ou1621H55
     K07D40Y  C2007 03 07.30146 10 53 56.43 +08 40 35.8          19.1 Vru2387G96
     K07D40Y  C2007 03 07.30302 10 53 56.18 +08 40 38.5          19.8 Vru2387G96
     K07D40Y  C2007 03 07.30458 10 53 55.96 +08 40 40.8          18.8 Vru2387G96
     K07D40Y  C2007 03 07.30618 10 53 55.75 +08 40 42.9          19.2 Vru2387G96
     K07D40Y  C2007 03 11.33858 10 44 01.36 +10 38 26.5          20.1 Rru3190448
     K07D40Y  C2007 03 11.36025 10 43 57.84 +10 39 04.5          19.3 Rru3190448
     K07D40Y  C2007 03 11.37750 10 43 54.90 +10 39 36.9          20.5 Rru3190448
     K07D40Y  C2007 03 11.89462 10 42 32.99 +10 55 52.0          19.9 Vru3190A13
     K07D40Y  C2007 03 11.91442 10 42 29.71 +10 56 29.3          20.3 Vru3190A13
     K07D40Y  C2007 03 11.93440 10 42 26.28 +10 57 07.6          20.2 Vru3190A13
     K07D40Y  C2007 03 12.25168 10 41 34.65 +11 07 20.1          19.9 Vru3190G96
     K07D40Y  C2007 03 12.26027 10 41 33.14 +11 07 37.1          19.7 Vru3190G96
     K07D40Y  C2007 03 12.26883 10 41 31.63 +11 07 53.9          19.5 Vru3190G96
     K07D40Y  C2007 03 12.27743 10 41 30.19 +11 08 09.9          19.9 Vru3190G96
     K07D40Y  C2007 03 12.86794 10 39 52.55 +11 27 14.4          20.0 Vru3190A13
     K07D40Y  C2007 03 12.88653 10 39 49.35 +11 27 50.5          20.2 Vru3190A13
     K07D40Y  C2007 03 12.90517 10 39 46.02 +11 28 27.0          19.8 Vru3190A13
     K07D40Y  C2007 03 15.29917 10 32 45.82 +12 49 43.6          20.1 Rru3190448
     K07D40Y  C2007 03 15.32049 10 32 41.79 +12 50 28.3          18.5 Rru3190448
     K07D40Y  C2007 03 15.34292 10 32 37.52 +12 51 15.2          20.5 Rru3190448
     K07D40Y  C2007 03 15.91900 10 30 51.97 +13 11 32.9                cu3190246
     K07D40Y  C2007 03 15.92076 10 30 51.70 +13 11 36.6                cu3190246
     K07D40Y  C2007 03 15.92225 10 30 51.38 +13 11 40.5                cu3190246
     K07D40Y  C2007 03 15.92309 10 30 51.27 +13 11 42.3                cu3190246
     K07D40Y  C2007 03 15.92380 10 30 51.13 +13 11 42.7                cu3190246
     K07D40Y  C2007 03 15.92442 10 30 50.97 +13 11 43.2                cu3190246
     K07D40Y  C2007 03 22.89021 10 06 48.48 +17 40 49.9          19.4 Rru4675235
     K07D40Y  C2007 03 26.28552 09 53 19.37 +20 04 45.8                ou5577291
     K07D40Y  C2007 03 26.28960 09 53 18.43 +20 04 55.6                ou5577291
     K07D40Y  C2007 03 26.29388 09 53 17.28 +20 05 07.5                ou5577291
     K07D40Y  C2007 04 06.92793 08 58 03.58 +28 48 51.1          19.9 Vru6248A17
     K07D40Y  C2007 04 06.93600 08 58 00.90 +28 49 12.0          19.4 Vru6248A17
     K07D40Y  C2007 04 06.94408 08 57 58.20 +28 49 33.7          19.6 Vru6248A17
     K07D40Y  C2007 04 14.81188 08 10 58.84 +34 37 08.5                cu6972246
     K07D40Y  C2007 04 14.81321 08 10 58.29 +34 37 10.5                cu6972246
     K07D40Y  C2007 04 14.81525 08 10 57.44 +34 37 15.5                cu6972246
     K07D40Y  C2007 04 14.81578 08 10 57.24 +34 37 17.0                cu6972246
     K07D40Y  C2007 04 14.81660 08 10 56.94 +34 37 19.7                cu6972246
     K07D40Y  C2007 04 14.81711 08 10 56.69 +34 37 20.5                cu6972246
     K07D40Y  C2007 04 20.16734 07 32 38.67 +38 08 58.7                ov0725693
     K07D40Y  C2007 04 20.17053 07 32 37.11 +38 09 05.2                ov0725693
     K07D40Y  C2007 04 20.17372 07 32 35.59 +38 09 12.0                ov0725693
     K07D40Y  C2016 02 27.29140 10 49 38.54 +07 03 25.6          21.1 Vq~1n0OG96
     K07D40Y  C2016 02 27.29660 10 49 37.92 +07 03 31.6          21.1 Vq~1n0OG96
     K07D40Y  C2016 02 27.30179 10 49 37.30 +07 03 38.2          21.6 Vq~1n0OG96
     K07D40Y  C2016 02 27.30698 10 49 36.69 +07 03 44.6          20.9 Vq~1n0OG96
     K07D40Y  C2016 02 27.33448510 49 33.32 +07 04 15.9          21.2 Vt~1n0OH01
     K07D40Y  C2016 02 27.33770210 49 32.94 +07 04 19.7          21.0 Vt~1n0OH01
     K07D40Y  C2016 02 27.34420010 49 32.16 +07 04 27.5          21.4 Vt~1n0OH01
     K07D40Y  C2016 02 27.35555110 49 30.83 +07 04 41.1          20.7 Vt~1n0OH01
     K07D40Y  C2016 02 28.21214410 47 53.47 +07 22 03.2          21.0 Vt~1n0OH01
     K07D40Y  C2016 02 28.21530810 47 53.09 +07 22 07.2          21.0 Vt~1n0OH01
     K07D40Y  C2016 02 28.22341310 47 52.11 +07 22 17.2          20.9 Vt~1n0OH01
     K07D40Y HC2016 02 28.23225 10 47 51.09 +07 22 29.4          20.2 Vo~1n0O691
     K07D40Y  C2016 02 28.23393010 47 50.82 +07 22 30.3          21.1 Vt~1n0OH01
     K07D40Y HC2016 02 28.23687 10 47 50.53 +07 22 35.0          20.6 Vo~1n0O691
     K07D40Y HC2016 02 28.24148 10 47 49.98 +07 22 41.2          20.9 Vo~1n0O691
     K07D40Y  C2016 02 28.24818 10 47 49.18 +07 22 48.4          21.1 Vq~1n0OG96
     K07D40Y  C2016 02 28.25185 10 47 48.71 +07 22 53.0          20.9 Vq~1n0OG96
     K07D40Y  C2016 02 28.25556 10 47 48.25 +07 22 57.7          20.9 Vq~1n0OG96
     K07D40Y  C2016 02 28.25927 10 47 47.79 +07 23 02.5          20.7 Vq~1n0OG96
     K07D40Y  C2016 02 28.38957 10 47 31.78 +07 25 44.4          20.6 Ro~1n0O926
     K07D40Y  C2016 02 28.40067 10 47 30.41 +07 25 58.1          20.5 Ro~1n0O926
     K07D40Y  C2016 02 28.41175 10 47 29.04 +07 26 11.5          20.5 Ro~1n0O926
     K07D40Y  C2016 03 04.38885 10 36 47.66 +09 18 27.5          20.6 Vq~1n0OG96
     K07D40Y  C2016 03 04.39342 10 36 47.02 +09 18 34.0          21.8 Vq~1n0OG96
     K07D40Y  C2016 03 04.39799 10 36 46.35 +09 18 41.1          20.5 Vq~1n0OG96
     K07D40Y  C2016 03 04.40258 10 36 45.65 +09 18 47.0          21.5 Vq~1n0OG96
     K07D40Y  C2016 03 10.31089 10 21 40.904+11 54 27.28         21.1 wL~1nuRF51
     K07D40Y  C2016 03 10.32106 10 21 39.128+11 54 44.68         21.0 wL~1nuRF51
     K07D40Y  C2016 03 10.33119 10 21 37.379+11 55 01.87         21.0 wL~1nuRF51
     K07D40Y  C2016 03 10.34135 10 21 35.613+11 55 19.18         21.0 wL~1nuRF51
