     K07J02Y* C2007 05 09.31615 15 01 40.87 -16 55 10.9          20.2 Vru9146G96
     K07J02Y  C2007 05 09.32344 15 01 39.86 -16 55 05.3          20.2 Vru9146G96
     K07J02Y  C2007 05 09.33066 15 01 38.82 -16 54 59.3          20.2 Vru9146G96
     K07J02Y  C2007 05 09.33788 15 01 37.77 -16 54 53.6          20.0 Vru9146G96
     K07J02Y  C2007 05 09.36675 15 01 33.70 -16 54 30.0          20.1 Vru9146G96
     K07J02Y  C2007 05 09.36870 15 01 33.42 -16 54 28.5          20.4 Vru9146G96
     K07J02Y  C2007 05 09.37066 15 01 33.16 -16 54 26.6          19.9 Vru9146G96
     K07J02Y  C2007 05 09.37260 15 01 32.88 -16 54 25.0          20.1 Vru9146G96
     K07J02Y 5C2007 05 10.24979 14 59 34.49 -16 42 19.7          20.0 Rcu9146673
     K07J02Y 5C2007 05 10.25590 14 59 34.00 -16 42 14.6                cu9146673
     K07J02Y 5C2007 05 10.26410 14 59 32.41 -16 42 07.3                cu9146673
     K07J02Y 5C2007 05 10.27632 14 59 30.57 -16 41 57.3                cu9146673
     K07J02Y  C2007 05 10.33931 14 59 20.90 -16 41 02.9          20.4 Vru9146G96
     K07J02Y  C2007 05 10.33985 14 59 20.83 -16 41 02.6          20.6 Vru9146G96
     K07J02Y  C2007 05 10.34582 14 59 19.93 -16 40 57.0          20.0 Vru9146G96
     K07J02Y  C2007 05 10.34637 14 59 19.86 -16 40 56.7          20.2 Vru9146G96
     K07J02Y  C2007 05 10.35231 14 59 18.92 -16 40 51.7          20.5 Vru9146G96
     K07J02Y  C2007 05 10.35288 14 59 18.88 -16 40 51.0          20.5 Vru9146G96
     K07J02Y  C2007 05 10.35890 14 59 17.98 -16 40 46.0          20.4 Vru9146G96
     K07J02Y  C2007 05 10.35943 14 59 17.88 -16 40 45.5          20.4 Vru9146G96
     K07J02Y  C2007 05 11.28404 14 57 04.62 -16 27 05.8          21.0 Rcu9146711
     K07J02Y  C2007 05 11.29057 14 57 03.54 -16 26 58.6          18.5 Rcu9146711
     K07J02Y  C2007 05 11.46133 14 56 38.52 -16 23 50.1          19.7 Rou9146474
     K07J02Y  C2007 05 11.46439 14 56 38.01 -16 23 48.0          19.9 Rou9146474
     K07J02Y  C2007 05 11.46899 14 56 37.35 -16 23 43.5          19.4 Rou9146474
     K07J02Y  C2007 05 11.47845 14 56 35.82 -16 23 34.4          19.8 Rou9146474
     K07J02Y  C2007 05 11.48279 14 56 35.11 -16 23 31.0          19.9 Rou9146474
     K07J02Y  C2007 05 12.23785 14 54 38.95 -16 12 06.3          20.2 Rru9146649
     K07J02Y  C2007 05 12.24140 14 54 38.19 -16 12 02.9          20.7 Rru9146649
     K07J02Y  C2007 05 12.24496 14 54 37.70 -16 11 59.2          20.4 Rru9146649
     K07J02Y  C2007 05 12.24851 14 54 37.04 -16 11 55.9          19.8 Rru9146649
     K07J02Y  C2007 05 12.28063 14 54 31.95 -16 11 21.3                cu9146711
     K07J02Y  C2007 05 12.28750 14 54 30.92 -16 11 14.8          20.3 Rcu9146711
     K07J02Y  C2007 05 14.24979 14 49 03.17 -15 37 01.9          19.6 Rru9146649
     K07J02Y  C2007 05 14.25326 14 49 02.96 -15 36 53.6          20.3 Vru9146G96
     K07J02Y  C2007 05 14.25572 14 49 01.99 -15 36 52.3          19.3 Rru9146649
     K07J02Y  C2007 05 14.25848 14 49 01.95 -15 36 47.8          20.0 Vru9146G96
     K07J02Y  C2007 05 14.26164 14 49 01.00 -15 36 47.8          19.2 Rru9146649
     K07J02Y  C2007 05 14.26377 14 49 01.02 -15 36 42.1          20.9 Vru9146G96
     K07J02Y  C2007 05 14.26901 14 49 00.01 -15 36 36.5          20.6 Vru9146G96
     K07J02Y  C2007 05 14.27232 14 48 58.94 -15 36 34.6          19.3 Rru9146649
     K07J02Y tC2007 05 15.28424 14 45 54.95 -15 16 55.0                ou9146291
     K07J02Y tC2007 05 15.29988 14 45 51.84 -15 16 35.8                ou9146291
     K07J02Y tC2007 05 15.30754 14 45 50.29 -15 16 26.2                ou9146291
     K07J02Y  C2007 05 16.20835 14 42 57.33 -14 57 47.6          20.2 Rru9146734
     K07J02Y  C2007 05 16.21274 14 42 56.47 -14 57 41.5          20.0 Rru9146734
     K07J02Y  C2007 05 16.21711 14 42 55.48 -14 57 35.5          20.2 Rru9146734
     K07J02Y  C2007 05 16.22148 14 42 54.63 -14 57 30.6          20.2 Rru9146734
     K07J02Y  C2007 05 16.24954 14 42 49.21 -14 56 51.8                ou9146291
     K07J02Y  C2007 05 16.25331 14 42 48.40 -14 56 46.6                ou9146291
     K07J02Y  C2007 05 16.25710 14 42 47.64 -14 56 41.8                ou9146291
     K07J02Y  C2007 05 18.95344 14 33 08.63 -13 52 53.6          19.5 Rrv0186176
     K07J02Y  C2007 05 18.95499 14 33 08.26 -13 52 51.3          19.7 Rrv0186176
     K07J02Y  C2007 05 18.95655 14 33 07.87 -13 52 49.3          19.4 Rrv0186176
     K07J02Y  C2007 05 18.95810 14 33 07.47 -13 52 47.0          19.3 Rrv0186176
     K07J02Y  C2007 05 18.95966 14 33 07.15 -13 52 44.6          19.3 Rrv0186176
     K07J02Y  C2007 05 19.92940 14 29 15.69 -13 26 36.0                cv0186246
     K07J02Y  C2007 05 19.93008 14 29 15.46 -13 26 36.0                cv0186246
     K07J02Y  C2007 05 19.93075 14 29 15.40 -13 26 34.9                cv0186246
     K07J02Y  C2007 05 19.93148 14 29 15.15 -13 26 33.1                cv0186246
     K07J02Y  C2007 05 19.93223 14 29 14.99 -13 26 31.8                cv0186246
     K07J02Y  C2007 05 19.93279 14 29 14.77 -13 26 30.8                cv0186246
     K07J02Y  C2007 05 19.93378 14 29 14.58 -13 26 27.9                cv0186246
     K07J02Y  C2007 05 21.23718 14 23 41.57 -12 48 11.8          19.6 Rrv0186649
     K07J02Y  C2007 05 21.24074 14 23 40.59 -12 48 05.6          19.4 Rrv0186649
     K07J02Y  C2007 05 21.24430 14 23 39.58 -12 47 58.6          19.4 Rrv0186649
     K07J02Y tC2007 05 25.20049 14 03 53.25 -10 25 56.7          20.4 Vov0186291
     K07J02Y tC2007 05 25.20754 14 03 50.81 -10 25 39.9          20.2 Vov0186291
     K07J02Y tC2007 05 25.21514 14 03 48.08 -10 25 20.0          20.1 Vov0186291
     K07J02Y  C2007 05 25.54828 14 01 53.05 -10 10 31.1          19.3 Rrv0587E12
     K07J02Y  C2007 05 25.55765 14 01 49.68 -10 10 06.8          19.2 Rrv0587E12
     K07J02Y  C2007 05 31.85117 13 16 47.65 -04 20 37.4          19.3 Vov0468B03
     K07J02Y  C2007 05 31.87470 13 16 34.82 -04 18 57.2          19.3 Vov0468B03
     K07J02Y  C2007 05 31.89917 13 16 21.54 -04 17 12.3          19.2 Vov0468B03
     K07J02Y tC2007 06 08.21674 11 51 56.82 +07 09 08.7                ov0587291
     K07J02Y tC2007 06 08.22466 11 51 49.92 +07 10 01.9                ov0587291
     K07J02Y  C2007 06 09.86165 11 26 50.53 +10 22 30.0          20.0 Vov0730B03
     K07J02Y  C2007 06 09.87793 11 26 34.79 +10 24 26.3          19.7 Vov0730B03
     K07J02Y  C2007 06 09.89502 11 26 18.17 +10 26 27.1          19.8 Vov0730B03
