     K07C05Q* C2007 02 07.49635 11 49 50.52 +31 33 20.5          19.8 Vrt8801G96
     K07C05Q  C2007 02 07.49692 11 49 50.62 +31 33 20.7          20.0 Vrt8801G96
     K07C05Q  C2007 02 07.50463 11 49 51.85 +31 33 23.5          19.9 Vrt8801G96
     K07C05Q  C2007 02 07.50517 11 49 51.88 +31 33 23.4          20.1 Vrt8801G96
     K07C05Q  C2007 02 07.51288 11 49 53.18 +31 33 26.5          20.4 Vrt8801G96
     K07C05Q  C2007 02 07.51343 11 49 53.25 +31 33 26.7          20.2 Vrt8801G96
     K07C05Q  C2007 02 07.52106 11 49 54.55 +31 33 29.7          19.6 Vrt8801G96
     K07C05Q  C2007 02 07.52162 11 49 54.62 +31 33 29.5          20.4 Vrt8801G96
     K07C05Q  C2007 02 07.53029 11 49 56.06 +31 33 32.6          20.8 Vrt8801G96
     K07C05Q  C2007 02 07.53321 11 49 56.53 +31 33 34.0          20.3 Vrt8801G96
     K07C05Q  C2007 02 07.53605 11 49 57.03 +31 33 35.1          20.5 Vrt8801G96
     K07C05Q  C2007 02 07.53896 11 49 57.50 +31 33 36.1          21.5 Vrt8801G96
     K07C05Q  C2007 02 08.28367 11 52 15.56 +31 38 49.9          20.1 Vrt8801G96
     K07C05Q  C2007 02 08.29219 11 52 17.00 +31 38 54.1          20.1 Vrt8801G96
     K07C05Q  C2007 02 08.30054 11 52 18.40 +31 38 58.2          19.5 Vrt8801G96
     K07C05Q  C2007 02 08.30888 11 52 19.77 +31 39 02.4          18.6 Vrt8801G96
     K07C05Q 3C2007 02 08.55012 11 53 01.27 +31 40 55.6          19.9 Rot8801F65
     K07C05Q 3C2007 02 08.56008 11 53 02.85 +31 40 59.5          19.4 Rot8801F65
     K07C05Q 3C2007 02 08.56356 11 53 03.42 +31 41 01.0          19.6 Rot8801F65
     K07C05Q  C2007 02 10.39920 11 58 36.40 +31 52 39.3          19.6 Vrt9549703
     K07C05Q  C2007 02 10.40089 11 58 36.76 +31 52 41.0          18.8 Vrt9549703
     K07C05Q  C2007 02 10.40258 11 58 37.05 +31 52 40.0          19.3 Vrt9549703
     K07C05Q  C2007 02 10.40537 11 58 37.52 +31 52 43.1          20.9 Vrt9549703
     K07C05Q  C2007 02 10.41079 11 58 38.35 +31 52 43.2          20.6 Vrt9549703
     K07C05Q  C2007 02 10.41623 11 58 39.10 +31 52 44.5          20.1 Vrt9550703
     K07C05Q  C2007 02 10.42169 11 58 40.26 +31 52 50.3          20.8 Vrt9550703
     K07C05Q  C2007 02 10.42776 11 58 41.07 +31 52 49.6          20.0 Vrt9550703
     K07C05Q  C2007 02 10.43404 11 58 42.48 +31 52 52.8                rt9550703
     K07C05Q  C2007 02 10.44032 11 58 43.24 +31 52 55.6                rt9550703
     K07C05Q  C2007 02 10.44662 11 58 44.14 +31 52 53.8          20.3 Vrt9550703
     K07C05Q  C2007 02 11.38406 12 01 35.39 +31 58 16.3          20.2 Rrt9550H36
     K07C05Q  C2007 02 11.39727 12 01 37.43 +31 58 21.9          20.0 Rrt9550H36
     K07C05Q  C2007 02 11.40828 12 01 39.40 +31 58 23.9          19.2 Rrt9550H36
     K07C05Q  C2007 02 16.34303 12 16 47.34 +32 19 01.3          19.5 Rrt9550448
     K07C05Q  C2007 02 16.36047 12 16 50.18 +32 19 04.9          19.6 Rrt9550448
     K07C05Q  C2007 02 16.37811 12 16 53.05 +32 19 08.5          19.8 Rrt9550448
     K07C05Q FC2007 02 17.42153 12 20 04.72 +32 21 28.5          20.4 Rcu0456711
     K07C05Q  C2007 02 17.42737 12 20 05.54 +32 21 29.7          20.1 Rcu0456711
     K07C05Q  C2007 02 17.43320 12 20 06.58 +32 21 30.9          20.6 Rcu0456711
     K07C05Q  C2007 02 20.93406 12 30 56.58 +32 22 42.9          19.5 Vru0456A13
     K07C05Q  C2007 02 20.95287 12 30 59.82 +32 22 43.1          19.3 Vru0456A13
     K07C05Q  C2007 02 21.41474 12 32 22.55 +32 22 27.5          20.4 Rru0456448
     K07C05Q  C2007 02 21.43219 12 32 25.38 +32 22 26.1          20.1 Rru0456448
     K07C05Q  C2007 02 21.44979 12 32 28.26 +32 22 23.6          20.2 Rru0456448
     K07C05Q  C2007 02 27.51478 12 50 58.44 +31 55 04.8          19.5 Rru1580448
     K07C05Q  C2007 02 27.52323 12 50 59.85 +31 55 00.5          19.6 Rru1580448
     K07C05Q  C2007 02 27.53201 12 51 01.19 +31 54 54.2          19.7 Rru1580448
     K07C05Q  C2007 03 02.29423 12 59 23.22 +31 29 23.0          19.7 Rru1580448
     K07C05Q  C2007 03 02.30864 12 59 25.42 +31 29 15.3          19.1 Rru1580448
     K07C05Q  C2007 03 02.32337 12 59 27.71 +31 29 07.0          19.9 Rru1580448
     K07C05Q  C2007 03 07.10246 13 13 16.54 +30 22 50.9          19   Rou2378461
     K07C05Q  C2007 03 07.10730 13 13 17.28 +30 22 45.9                ou2378461
     K07C05Q  C2007 03 07.11212 13 13 18.01 +30 22 40.9                ou2378461
     K07C05Q  C2007 03 11.40735 13 25 03.26 +28 58 52.4          18.9 Rru3158448
     K07C05Q  C2007 03 11.41571 13 25 04.36 +28 58 41.4          19.1 Rru3158448
     K07C05Q  C2007 03 11.42408 13 25 05.48 +28 58 29.4          18.8 Rru3158448
     K07C05Q  C2007 03 15.44308 13 35 14.28 +27 17 29.5          19.3 Vru3158703
     K07C05Q  C2007 03 15.44903 13 35 15.00 +27 17 19.5          19.1 Vru3158703
     K07C05Q  C2007 03 15.45494 13 35 15.68 +27 17 09.5          18.5 Vru3158703
     K07C05Q  C2007 03 15.46093 13 35 16.62 +27 16 57.6          18.3 Vru3158703
     K07C05Q  C2007 03 25.36478 13 56 04.54 +21 34 39.9          18.6 Rru5572448
     K07C05Q  C2007 03 25.37314 13 56 05.18 +21 34 19.3          18.4 Rru5572448
     K07C05Q  C2007 03 25.38151 13 56 05.85 +21 33 58.6          18.5 Rru5572448
     K07C05Q  C2007 04 01.28632 14 06 49.75 +16 24 34.0          18.3 Rru5961448
     K07C05Q  C2007 04 01.29347 14 06 50.10 +16 24 13.9          19.0 Rru5961448
     K07C05Q  C2007 04 01.30060 14 06 50.44 +16 23 53.4          18.4 Rru5961448
     K07C05Q  C2007 04 05.95583 14 12 18.90 +12 32 01.9          18.5 Vru5961A13
     K07C05Q  C2007 04 05.96961 14 12 19.51 +12 31 19.8          18.5 Vru5961A13
     K07C05Q  C2007 04 05.98354 14 12 20.08 +12 30 37.6          18.6 Vru5961A13
     K07C05Q  C2007 04 08.99200 14 15 08.73 +09 55 12.4          18.1 Vcu6240595
     K07C05Q  C2007 04 09.00149 14 15 09.01 +09 54 42.3          18.1 Vcu6240595
     K07C05Q  C2007 04 09.94205 14 15 56.75 +09 05 32.3          18.7 Vou6240198
     K07C05Q  C2007 04 09.94737 14 15 56.90 +09 05 16.1          18.9 Vou6240198
     K07C05Q  C2007 04 09.95003 14 15 56.98 +09 05 07.6          18.8 Vou6240198
     K07C05Q  C2007 04 09.96278 14 15 57.34 +09 04 27.6          18.7 Vou6240198
     K07C05Q  C2007 04 11.28919 14 16 58.04 +07 55 18.7          18.6 Vru6240703
     K07C05Q  C2007 04 11.29865 14 16 58.22 +07 54 48.8          18.6 Vru6240703
     K07C05Q  C2007 04 11.31760 14 16 58.51 +07 53 48.0          18.8 Vru6240703
     K07C05Q  C2007 04 12.03305 14 17 27.46 +07 16 04.1          18.3  ru6240130
     K07C05Q  C2007 04 12.03712 14 17 27.50 +07 15 50.9          18.8  ru6240130
     K07C05Q  C2007 04 12.04140 14 17 27.57 +07 15 38.2          18.6  ru6240130
     K07C05Q  C2007 04 12.04588 14 17 27.67 +07 15 23.7          18.7  ru6240130
     K07C05Q  C2007 04 12.37809 14 17 39.86 +06 58 09.2          18.4 Rru6240H45
     K07C05Q  C2007 04 12.37890 14 17 39.87 +06 58 06.3          18.3 Rru6240H45
     K07C05Q  C2007 04 12.38002 14 17 39.93 +06 58 03.1          18.3 Rru6240H45
     K07C05Q  C2007 04 12.38144 14 17 39.93 +06 57 58.8          18.3 Rru6240H45
     K07C05Q  C2007 04 12.38221 14 17 39.95 +06 57 55.9          18.4 Rru6240H45
     K07C05Q  C2007 04 12.38337 14 17 40.03 +06 57 52.5          18.2 Rru6240H45
     K07C05Q  C2007 04 16.39518 14 19 56.67 +03 28 51.6          18.6 Rru6968H45
     K07C05Q  C2007 04 16.39633 14 19 56.67 +03 28 47.6          18.5 Rru6968H45
     K07C05Q  C2007 04 16.39731 14 19 56.67 +03 28 44.3          18.4 Rru6968H45
     K07C05Q  C2007 04 16.39886 14 19 56.69 +03 28 39.3          18.4 Rru6968H45
     K07C05Q  C2007 04 16.39973 14 19 56.73 +03 28 36.8          18.4 Rru6968H45
     K07C05Q  C2007 04 16.40092 14 19 56.76 +03 28 33.0          18.6 Rru6968H45
     K07C05Q  C2007 04 16.40379 14 19 56.76 +03 28 24.0          18.5 Rru6968H45
     K07C05Q  C2007 04 20.94939 14 21 48.75 -00 21 36.8          19.0 Riu9011071
     K07C05Q  C2007 04 20.95370 14 21 48.98 -00 21 51.9          19.2 Riu9011071
     K07C05Q  C2007 04 20.95774 14 21 48.97 -00 22 04.3          19.7 Riu9011071
     K07C05Q  C2007 04 22.26392 14 22 15.52 -01 25 49.3          18.8 Vru8132703
     K07C05Q  C2007 04 22.28522 14 22 15.45 -01 26 50.5          18.7 Vru8132703
     K07C05Q  C2007 04 22.29581 14 22 15.42 -01 27 21.9          18.7 Vru8132703
     K07C05Q  C2007 04 22.38354 14 22 15.00 -01 31 36.4                ov0725693
     K07C05Q  C2007 04 22.38672 14 22 14.99 -01 31 45.7                ov0725693
     K07C05Q  C2007 04 22.38991 14 22 14.98 -01 31 54.9          18.4 Rov0725693
     K07C05Q  C2007 04 22.93183 14 22 27.03 -01 58 13.0          18.5 Vcu8132595
     K07C05Q  C2007 04 22.95568 14 22 27.01 -01 59 21.9          18.6 Vcu8132595
     K07C05Q  C2007 04 26.26679 14 23 20.23 -04 33 35.0                ov0725693
     K07C05Q  C2007 04 26.26999 14 23 20.21 -04 33 43.8                ov0725693
     K07C05Q  C2007 04 26.27212 14 23 20.19 -04 33 49.4          18.7 Rov0725693
     K07C05Q  C2007 04 27.34334 14 23 32.89 -05 21 47.2          18.2 Rru8132H45
     K07C05Q  C2007 04 27.34520 14 23 32.87 -05 21 50.9          18.3 Rru8132H45
     K07C05Q  C2007 04 27.34730 14 23 32.86 -05 21 57.0          18.3 Rru8132H45
     K07C05Q  C2007 04 27.34823 14 23 32.85 -05 21 59.8          18.5 Rru8132H45
     K07C05Q  C2007 04 27.34971 14 23 32.86 -05 22 03.1          18.3 Rru8132H45
     K07C05Q  C2007 04 27.35106 14 23 32.83 -05 22 07.1          18.2 Rru8132H45
     K07C05Q  C2007 05 10.90006 14 26 44.32 -13 49 28.5                ov0725511
     K07C05Q  C2007 05 10.90378 14 26 44.33 -13 49 36.8                ov0725511
     K07C05Q  C2007 05 10.90698 14 26 44.31 -13 49 42.8                ov0725511
     K07C05Q  C2007 05 10.91074 14 26 44.34 -13 49 49.2                ov0725511
     K07C05Q  C2007 05 10.91472 14 26 44.35 -13 49 56.5                ov0725511
     K07C05Q  C2007 05 10.91797 14 26 44.39 -13 50 03.0                ov0725511
     K07C05Q  C2007 05 10.92139 14 26 44.37 -13 50 08.8                ov0725511
