     K07P25R* C2007 08 13.22063 20 36 07.23 -09 56 03.9          19.4  cv3206704
     K07P25R  C2007 08 13.23275 20 35 56.31 -09 56 21.8          18.7  cv3206704
     K07P25R  C2007 08 13.24488 20 35 45.47 -09 56 42.2          18.4  cv3206704
     K07P25R  C2007 08 13.25697 20 35 34.62 -09 57 01.7          18.5  cv3206704
     K07P25R  C2007 08 14.20609 20 20 14.58 -10 24 02.1          17.9  cv3206704
     K07P25R  C2007 08 14.21852 20 20 00.88 -10 24 24.5          18.3  cv3206704
     K07P25R  C2007 08 14.23094 20 19 47.20 -10 24 47.1          18.6  cv3206704
     K07P25R  C2007 08 14.24370 20 19 33.09 -10 25 10.2          18.0  cv3206704
     K07P25R  C2007 08 14.25609 20 19 19.35 -10 25 32.5          18.0  cv3206704
     K07P25R  C2007 08 14.83808 20 08 07.54 -10 43 43.0          18.1 Rrv3206473
     K07P25R  C2007 08 14.84425 20 07 59.88 -10 43 54.1          18.4 Rrv3206473
     K07P25R  C2007 08 14.84933 20 07 53.74 -10 44 04.8          18.4 Rrv3206143
     K07P25R  C2007 08 14.85524 20 07 45.91 -10 44 17.3          17.9 Rcv3206046
     K07P25R  C2007 08 14.85540 20 07 45.79 -10 44 16.3          17.7 Rrv3206473
     K07P25R  C2007 08 14.85600 20 07 44.87 -10 44 18.8                cv3206046
     K07P25R  C2007 08 14.85636 20 07 44.50 -10 44 21.0                cv3206046
     K07P25R  C2007 08 14.85645 20 07 44.75 -10 44 18.1          18.0 Rrv3206143
     K07P25R  C2007 08 14.85749 20 07 43.00 -10 44 21.6                cv3206046
     K07P25R  C2007 08 14.85785 20 07 42.54 -10 44 22.3                cv3206046
     K07P25R  C2007 08 14.86497 20 07 33.48 -10 44 35.7          18.3 Vov3206B03
     K07P25R  C2007 08 14.86639 20 07 32.21 -10 44 37.0          18.9 Rrv3206143
     K07P25R  C2007 08 14.86987 20 07 27.28 -10 44 45.5          18.2 Vov3206B03
     K07P25R  C2007 08 14.87361 20 07 23.08 -10 44 50.9          18.6 Rrv3206143
     K07P25R  C2007 08 14.87477 20 07 21.08 -10 44 54.5          18.6 Vov3206B03
     K07P25R  C2007 08 14.87967 20 07 14.90 -10 45 03.8          18.4 Vov3206B03
     K07P25R  C2007 08 14.88457 20 07 08.67 -10 45 13.5          18.4 Vov3206B03
     K07P25R  C2007 08 16.55853 19 24 46.89 -11 37 10.2          17.6 Rcv3206D21
     K07P25R  C2007 08 16.55985 19 24 44.56 -11 37 12.4          18.2 Rcv3206D21
     K07P25R  C2007 08 16.56118 19 24 42.04 -11 37 14.6          18.2 Rcv3206D21
     K07P25R IC2007 08 16.90549 19 13 45.85 -11 49 27.7                rv3206J95
     K07P25R IC2007 08 16.90627 19 13 44.26 -11 49 29.5                rv3206J95
     K07P25R IC2007 08 16.90818 19 13 40.50 -11 49 31.4          18.4 Rrv3206J95
     K07P25R  C2007 08 17.53025 18 51 42.75 -12 03 08.8          18.7 Rcv3206D21
     K07P25R  C2007 08 17.53179 18 51 39.23 -12 03 10.6          18.5 Rcv3206D21
     K07P25R  C2007 08 17.53332 18 51 35.71 -12 03 12.7          18.1 Rcv3206D21
     K07P25R  C2007 08 17.85980 18 38 49.25 -12 11 31.1          17.9 Rrv3906147
     K07P25R  C2007 08 17.86182 18 38 44.22 -12 11 32.6          18.4 Rrv3906147
     K07P25R  C2007 08 17.86243 18 38 42.83 -12 11 33.9          18.6 Rrv3906147
     K07P25R  C2007 08 17.86294 18 38 41.43 -12 11 33.7          17.5 Rrv3906147
     K07P25R 5C2007 08 20.18837 16 46 44.20 -11 31 40.9          19.0 Rov3906673
     K07P25R 5C2007 08 20.19336 16 46 28.07 -11 31 23.0                ov3906673
     K07P25R 5C2007 08 20.20089 16 46 03.92 -11 30 56.7                ov3906673
     K07P25R 5C2007 08 20.20726 16 45 43.39 -11 30 34.0                ov3906673
