     K07T01H*tC2007 10 05.31927 04 27 37.82 +28 15 01.2          18.6 Vov8848291
     K07T01H tC2007 10 05.32360 04 27 32.08 +28 16 01.7          18.7 Vov8848291
     K07T01H tC2007 10 05.32773 04 27 26.70 +28 16 57.6          18.5 Vov8848291
     K07T01H  C2007 10 05.35114 04 26 56.31 +28 22 15.5          17.9 Rcv8848651
     K07T01H  C2007 10 05.35177 04 26 55.47 +28 22 23.7          17.8 Rcv8848651
     K07T01H  C2007 10 05.35303 04 26 53.81 +28 22 41.0          17.9 Rcv8848651
     K07T01H tC2007 10 05.35530 04 26 50.99 +28 23 10.3          18.4 Vov8848291
     K07T01H tC2007 10 05.36379 04 26 39.98 +28 25 04.9          18.5 Vov8848291
     K07T01H tC2007 10 05.36791 04 26 34.48 +28 26 00.2          19.2 Vov8848291
     K07T01H  C2007 10 05.89372 04 15 36.80 +30 16 47.5          18.0 Rrv8848024
     K07T01H  C2007 10 05.89788 04 15 31.60 +30 17 39.4                rv8848024
     K07T01H  C2007 10 05.90204 04 15 26.41 +30 18 30.9                rv8848024
     K07T01H  C2007 10 06.86478 03 55 45.52 +33 19 00.0          18.3 Rrv8848024
     K07T01H  C2007 10 06.86581 03 55 44.27 +33 19 10.8          18.2 Rrv8848024
     K07T01H  C2007 10 06.86792 03 55 41.69 +33 19 32.9          18.2 Rrv8848024
     K07T01H  C2007 10 06.87053 03 55 38.57 +33 20 00.7          18.2 Rrv8848024
     K07T01H  C2007 10 06.87191 03 55 36.89 +33 20 15.3          18.1 Rrv8848024
     K07T01H  C2007 10 07.29958503 47 03.41 +34 31 32.8          18.7 Vow0696H55
     K07T01H  C2007 10 07.30610803 46 55.45 +34 32 35.3          18.6 Vow0696H55
     K07T01H  C2007 10 07.30805103 46 53.08 +34 32 53.9          18.6 Vow0696H55
     K07T01H  C2007 10 07.30999003 46 50.71 +34 33 12.4          18.6 Vow0696H55
     K07T01H tC2007 10 07.32584 03 46 34.06 +34 35 50.1          18.8 Vov8848291
     K07T01H tC2007 10 07.33031 03 46 28.65 +34 36 32.8          19.0 Vov8848291
     K07T01H tC2007 10 07.33464 03 46 23.38 +34 37 14.7          18.5 Vov8848291
     K07T01H  C2007 10 07.84965 03 36 25.44 +35 53 06.5          17.9 Rrv8848024
     K07T01H  C2007 10 07.85225 03 36 22.44 +35 53 29.3          17.8 Rrv8848024
     K07T01H  C2007 10 07.85449 03 36 19.85 +35 53 49.1          17.9 Rrv8848024
     K07T01H  C2007 10 09.90863 02 59 25.79 +39 48 50.9          18.0 Vrv8848A13
     K07T01H  C2007 10 09.94550 02 58 48.00 +39 52 15.1          18.1 Vrv8848A13
     K07T01H  C2007 10 11.40194 02 35 49.37 +41 41 37.5          19.0 Rrv8848H45
     K07T01H  C2007 10 11.40599 02 35 45.69 +41 41 52.5          18.7 Rrv8848H45
     K07T01H  C2007 10 11.40741 02 35 44.19 +41 41 59.4          18.8 Rrv8848H45
     K07T01H  C2007 10 11.40879 02 35 43.06 +41 42 02.3          19.1 Rrv8848H45
     K07T01H  C2007 10 12.92296 02 14 55.92 +42 59 23.1                rw0696170
     K07T01H  C2007 10 12.92506 02 14 54.32 +42 59 28.6          18.5 Vrw0696170
     K07T01H  C2007 10 12.92640 02 14 53.29 +42 59 32.1          17.8 Vrw0696170
     K07T01H  C2007 10 12.92813 02 14 51.91 +42 59 36.3          18.3 Vrw0696170
     K07T01H  C2007 10 13.97999 02 01 56.47 +43 37 07.3          18.7 Rrw0696113
     K07T01H  C2007 10 13.98101 02 01 55.69 +43 37 09.5          19.1 Rrw0696113
     K07T01H  C2007 10 13.98207 02 01 54.96 +43 37 11.4          18.9 Rrw0696113
     K07T01H  C2007 10 13.98313 02 01 54.22 +43 37 13.4          18.8 Rrw0696113
     K07T01H  C2007 10 15.78331 01 42 45.70 +44 18 45.5          18.8 Vow0696151
     K07T01H  C2007 10 15.78393 01 42 45.33 +44 18 46.2          18.6 Vow0696151
     K07T01H  C2007 10 15.78454 01 42 44.91 +44 18 47.3          18.5 Vow0696151
     K07T01H  C2007 10 16.75444 01 33 43.83 +44 32 20.3          18.6 Rrw0696113
     K07T01H  C2007 10 16.75564 01 33 43.19 +44 32 20.9          18.9 Rrw0696113
     K07T01H  C2007 10 16.75682 01 33 42.50 +44 32 22.1          18.9 Rrw0696113
     K07T01H  C2007 10 16.75799 01 33 41.86 +44 32 23.4          18.8 Rrw0696113
     K07T01H  C2007 10 16.76910 01 33 36.18 +44 32 33.0          19.4 Vow0696151
     K07T01H  C2007 10 16.77213 01 33 34.53 +44 32 35.6          19.4 Vow0696151
     K07T01H  C2007 10 16.77516 01 33 32.91 +44 32 38.2          19.3 Vow0696151
     K07T01H  C2007 10 23.25422 00 51 18.84 +44 38 22.9          20.0 Rrw3535448
     K07T01H  C2007 10 23.27425 00 51 12.81 +44 38 15.4          19.8 Rrw3535448
     K07T01H  C2007 10 23.29448 00 51 06.79 +44 38 07.4          19.7 Rrw3535448
     K07T01H  C2007 10 24.21889 00 47 03.70 +44 32 15.3          20.1 Vrw3535G96
     K07T01H  C2007 10 24.22420 00 47 02.17 +44 32 12.1          20.7 Vrw3535G96
     K07T01H  C2007 10 24.22955 00 47 00.72 +44 32 10.2          20.4 Vrw3535G96
     K07T01H  C2007 10 24.23487 00 46 59.30 +44 32 08.2          20.0 Vrw3535G96
     K07T01H  C2007 10 31.32268 00 25 37.30 +43 28 04.5                ow3535291
     K07T01H HC2007 10 31.32974 00 25 36.38 +43 27 57.5                ow3535291
     K07T01H HC2007 10 31.33627 00 25 35.52 +43 27 55.2                ow3535291
     K07T01H  C2007 11 10.07196100 14 15.45 +41 46 38.7          21.5 Vow6930H55
     K07T01H  C2007 11 10.08280100 14 15.04 +41 46 32.1          21.6 Vow6930H55
