d2704K12A01E  C2003 03 31.18211111 08 39.183+12 41 58.89         21.40rn~0hyh645
d2704K12A01E  C2003 03 31.18542811 08 38.914+12 41 59.39               n~0hyh645
d2704K07H03X  C2007 04 18.25617 13 07 22.47 -09 19 03.2          21.7 Vru7060G96
d2704K07H03X  C2007 04 18.26274 13 07 21.79 -09 19 00.2          21.4 Vru7060G96
d2704K07H03X  C2007 04 18.26939 13 07 21.10 -09 18 58.5          21.7 Vru7060G96
d2704K07H03X  C2007 04 18.27595 13 07 20.42 -09 18 56.2          21.9 Vru7060G96
d2704K07H03X* C2007 04 18.28407 13 07 19.59 -09 18 53.4          21.7 Vru7060G96
d2704K07H03X  C2007 04 18.29184 13 07 18.80 -09 18 50.5          21.8 Vru7060G96
d2704K07H03X  C2007 04 18.29963 13 07 17.97 -09 18 47.6          21.7 Vru7060G96
d2704K07H03X  C2007 04 18.30751 13 07 17.18 -09 18 45.3          21.8 Vru7060G96
d2704K07H03X  C2007 04 18.34724 13 07 13.04 -09 18 30.7          21.8 Vru7060G96
d2704K07H03X  C2007 04 18.34952 13 07 12.90 -09 18 30.4          22.5 Vru7060G96
d2704K07H03X  C2007 04 18.35182 13 07 12.64 -09 18 30.2          21.2 Vru7060G96
d2704K07H03X  C2007 04 18.35411 13 07 12.36 -09 18 28.0          21.2 Vru7060G96
d2704K07H03X  C2007 04 19.26044 13 05 41.78 -09 13 16.0          21.3 Vru7060G96
d2704K07H03X  C2007 04 19.26683 13 05 41.13 -09 13 13.6          21.4 Vru7060G96
d2704K07H03X  C2007 04 19.27316 13 05 40.48 -09 13 11.7          20.8 Vru7060G96
d2704K07H03X  C2007 04 19.27840 13 05 39.91 -09 13 09.2          20.6 Rru7060649
d2704K07H03X  C2007 04 19.28152 13 05 39.62 -09 13 08.4          21.6 Vru7060G96
d2704K07H03X  C2007 04 19.28551 13 05 39.08 -09 13 07.0          20.7 Rru7060649
d2704K07H03X  C2007 04 19.29262 13 05 38.34 -09 13 05.6          20.3 Rru7060649
d2704K07H03X  C2007 04 19.36006 13 05 31.48 -09 12 41.7                ru7060G96
d2704K07H03X  C2007 04 19.36194 13 05 31.38 -09 12 41.1          21.4 Vru7060G96
d2704K07H03X HC2007 04 24.18705 12 57 41.15 -08 45 11.7                ou8221291
d2704K07H03X HC2007 04 24.19104 12 57 40.79 -08 45 11.2                ou8221291
d2704K07H03X HC2007 04 24.19669 12 57 40.16 -08 45 08.0                ou8221291
d2704K07H03X  C2007 04 25.19480 12 56 06.22 -08 39 33.9                ou8221291
d2704K07H03X HC2007 04 25.19855 12 56 05.78 -08 39 31.4                ou8221291
d2704K07H03X  C2007 04 25.20228 12 56 05.45 -08 39 31.7                ou8221291
d2704K07H03X HC2007 04 26.29779 12 54 23.65 -08 33 31.4                ou8221291
d2704K07H03X HC2007 04 26.30528 12 54 23.05 -08 33 27.9                ou8221291
d2704K12A01E* C2012 01 01.32168 10 06 34.74 +61 44 17.9          17.5 Vr~0c0J703
d2704K12A01E  C2012 01 01.32807 10 06 31.50 +61 44 16.3          17.9 Vr~0c0J703
d2704K12A01E  C2012 01 01.33441 10 06 28.36 +61 44 15.7          17.8 Vr~0c0J703
d2704K12A01E |C2012 01 01.39446 10 05 58.59 +61 44 08.7                c~0c0JH06
d2704K12A01E |C2012 01 01.39685 10 05 57.38 +61 44 08.3                c~0c0JH06
d2704K12A01E |C2012 01 01.39925 10 05 56.28 +61 44 07.6          18.1 Vc~0c0JH06
d2704K12A01E KC2012 01 01.41474010 05 47.56 +61 44 01.0          18.3 Vt~0c0JH21
d2704K12A01E KC2012 01 01.41647510 05 46.68 +61 44 00.2          18.5 Vt~0c0JH21
d2704K12A01E KC2012 01 01.41901810 05 45.48 +61 44 00.2          18.3 Vt~0c0JH21
d2704K12A01E KC2012 01 01.42129210 05 44.39 +61 43 59.4          18.5 Vt~0c0JH21
d2704K12A01E  C2012 01 01.46881 10 05 22.52 +61 43 48.7          17.7  r~0c0J718
d2704K12A01E  C2012 01 01.47558 10 05 19.22 +61 43 47.5          17.7  r~0c0J718
d2704K12A01E  C2012 01 01.48941 10 05 12.52 +61 43 44.5          17.9  r~0c0J718
d2704K12A01E KC2012 01 01.87951 10 02 13.63 +61 41 47.0          18.3 Vo~0c0JJ41
d2704K12A01E KC2012 01 01.88299 10 02 12.03 +61 41 46.2          18.3 Vo~0c0JJ41
d2704K12A01E KC2012 01 01.88688 10 02 10.25 +61 41 45.4          18.2 Vo~0c0JJ41
d2704K12A01E KC2012 01 01.91936 10 01 55.06 +61 41 40.3          17.8 Ro~0c0JJ16
d2704K12A01E KC2012 01 01.92740 10 01 51.27 +61 41 38.9          17.7 Ro~0c0JJ16
d2704K12A01E KC2012 01 01.94278 10 01 44.20 +61 41 36.1          17.9 Ro~0c0JJ16
d2704K12A01E KC2012 01 01.95181 10 01 40.04 +61 41 34.7          18.1 Ro~0c0JJ16
d2704K12A01E KC2012 01 01.97564 10 01 28.58 +61 41 37.7          18.4 Vu~0c0J595
d2704K12A01E KC2012 01 01.98418 10 01 24.56 +61 41 35.9          18.3 Vu~0c0J595
d2704K12A01E KC2012 01 01.98448 10 01 24.35 +61 41 36.0          18.5 Vu~0c0JB28
d2704K12A01E KC2012 01 01.98685 10 01 23.22 +61 41 35.7          18.1 Vu~0c0JB28
d2704K12A01E KC2012 01 01.98923 10 01 22.06 +61 41 35.5          18.4 Vu~0c0KB28
d2704K12A01E KC2012 01 01.99269 10 01 20.40 +61 41 34.6          18.2 Vu~0c0K595
d2704K12A01E  C2012 01 02.24025 09 59 27.05 +61 40 13.2          18.0  r~0c0K718
d2704K12A01E  C2012 01 02.24696 09 59 23.89 +61 40 11.7          17.8  r~0c0K718
d2704K12A01E  C2012 01 02.25399 09 59 20.56 +61 40 10.5          18.1  r~0c0K718
d2704K12A01E  C2012 01 02.25478 09 59 20.53 +61 40 14.6          17.2 Rc~0c0K854
d2704K12A01E  C2012 01 02.25659 09 59 19.64 +61 40 14.1          17.2 Rc~0c0K854
d2704K12A01E  C2012 01 02.25749 09 59 19.07 +61 40 13.8          17.2 Rc~0c0K854
d2704K12A01E  C2012 01 02.62365 09 56 29.49 +61 38 18.0          18.1 Rm~0c0K355
d2704K12A01E  C2012 01 02.62506 09 56 28.85 +61 38 18.6          18.2 Rm~0c0K355
d2704K12A01E  C2012 01 02.62788 09 56 27.53 +61 38 17.5          18.0 Rm~0c0K355
d2704K12A01E  C2012 01 02.62929 09 56 26.85 +61 38 17.0          18.1 Rm~0c0K355
d2704K12A01E  C2012 01 02.85388 09 54 44.27 +61 36 33.4          17.4 Rt~0c0KB96
d2704K12A01E  C2012 01 02.85535 09 54 43.50 +61 36 31.2          17.4 Rt~0c0KB96
d2704K12A01E  C2012 01 02.85831 09 54 42.25 +61 36 31.7          17.2 Rt~0c0KB96
d2704K12A01E  C2012 01 02.86128 09 54 40.80 +61 36 31.2          17.2 Rt~0c0KB96
d2704K12A01E  C2012 01 02.86425 09 54 39.53 +61 36 30.7          17.4 Rt~0c0KB96
d2704K12A01E  C2012 01 02.86720 09 54 38.13 +61 36 29.5          17.5 Rt~0c0KB96
d2704K12A01E  C2012 01 02.86868 09 54 37.48 +61 36 29.3          17.5 Rt~0c0KB96
d2704K12A01E  C2012 01 02.87015 09 54 36.79 +61 36 29.5          17.3 Rt~0c0KB96
d2704K12A01E  C2012 01 02.87163 09 54 36.08 +61 36 27.9          17.6 Rt~0c0KB96
d2704K12A01E  C2012 01 02.87311 09 54 35.56 +61 36 28.4          17.4 Rt~0c0KB96
d2704K12A01E  C2012 01 02.87459 09 54 34.77 +61 36 27.7          17.4 Rt~0c0KB96
d2704K12A01E KC2012 01 03.04338 09 53 16.74 +61 35 37.2          18.1 Vu~0c0KI93
d2704K12A01E KC2012 01 03.04695 09 53 15.03 +61 35 36.2          18.0 Vu~0c0KI93
d2704K12A01E KC2012 01 03.05123 09 53 12.99 +61 35 34.9          18.2 Vu~0c0KI93
d2704K12A01E HC2012 01 03.36485 09 50 50.72 +61 33 27.9                o~0c0K291
d2704K12A01E HC2012 01 03.36615 09 50 50.11 +61 33 27.3                o~0c0K291
d2704K12A01E HC2012 01 03.36743 09 50 49.51 +61 33 27.2                o~0c0K291
d2704K12A01E KC2012 01 03.39840 09 50 33.47 +61 33 11.0          18.2 Vt~0c0KH21
d2704K12A01E KC2012 01 03.40053 09 50 32.47 +61 33 10.0          18.2 Vt~0c0KH21
d2704K12A01E KC2012 01 03.40265 09 50 31.47 +61 33 08.9          18.3 Vt~0c0KH21
d2704K12A01E KC2012 01 03.40477 09 50 30.46 +61 33 07.9          18.2 Vt~0c0KH21
d2704K12A01E KC2012 01 03.40689 09 50 29.46 +61 33 06.9          18.2 Vt~0c0KH21
d2704K12A01E KC2012 01 03.45454609 50 07.42 +61 32 44.9          17.8 Ru~0c0KH36
d2704K12A01E KC2012 01 03.45688009 50 06.34 +61 32 43.7          17.7 Ru~0c0KH36
d2704K12A01E KC2012 01 03.46158309 50 04.14 +61 32 41.3          17.8 Ru~0c0KH36
d2704K12A01E  C2012 01 03.84430 09 47 11.47 +61 29 38.9          18.4 Ro~0c0K300
d2704K12A01E  C2012 01 03.84596 09 47 10.76 +61 29 38.4          18.3 Ro~0c0K300
d2704K12A01E  C2012 01 03.84763 09 47 09.96 +61 29 37.3          18.2 Ro~0c0K300
d2704K12A01E  C2012 01 03.84930 09 47 09.25 +61 29 36.3          18.2 Ro~0c0K300
d2704K12A01E  C2012 01 03.85096 09 47 08.41 +61 29 35.7          18.0 Ro~0c0K300
d2704K12A01E KC2012 01 03.95809 09 46 25.02 +61 28 33.6          17.6 Rc~0c0KB49
d2704K12A01E KC2012 01 03.96328 09 46 22.66 +61 28 31.4          17.6 Rc~0c0KB49
d2704K12A01E KC2012 01 03.96760 09 46 20.68 +61 28 29.5          17.7 Rc~0c0KB49
d2704K12A01E KC2012 01 05.39813609 35 49.17 +61 14 28.4          18.5 Vt~0c0KH21
d2704K12A01E KC2012 01 05.40237109 35 47.20 +61 14 25.3          18.6 Vt~0c0KH21
d2704K12A01E KC2012 01 05.40660409 35 45.30 +61 14 22.3          18.6 Vt~0c0KH21
d2704K12A01E  C2012 01 05.50107 09 35 08.87 +61 13 02.9          17.9 Ro~0c0K300
d2704K12A01E  C2012 01 05.50164 09 35 08.63 +61 13 02.7          17.9 Ro~0c0K300
d2704K12A01E  C2012 01 05.50222 09 35 08.33 +61 13 02.4          17.7 Ro~0c0K300
d2704K12A01E  C2012 01 05.50280 09 35 08.08 +61 13 02.3          18.0 Ro~0c0K300
d2704K12A01E KC2012 01 05.90646 09 32 14.44 +61 08 14.6          17.7 Vo~0c0KJ41
d2704K12A01E KC2012 01 05.91883 09 32 09.28 +61 08 08.3          17.8 Vo~0c0KJ41
d2704K12A01E KC2012 01 05.92898 09 32 04.70 +61 08 01.5          18.0 Vo~0c0KJ41
d2704K12A01E KC2012 01 05.93975 09 32 00.23 +61 07 54.5          18.0 Vo~0c0KJ41
d2704K12A01E KC2012 01 05.95074 09 31 55.41 +61 07 47.2          18.0 Vo~0c0KJ41
d2704K12A01E KC2012 01 05.98436 09 31 40.56 +61 07 31.8          18.0 Ro~0c0KB75
d2704K12A01E KC2012 01 05.99134 09 31 37.60 +61 07 28.4          18.0 Ro~0c0KB75
d2704K12A01E KC2012 01 05.99846 09 31 34.51 +61 07 23.4          18.1 Ro~0c0KB75
d2704K12A01E  C2012 01 06.33527 09 29 12.24 +61 03 14.3          18.0  c~0cIU704
d2704K12A01E  C2012 01 06.34905 09 29 06.17 +61 03 04.2          18.2  c~0cIU704
d2704K12A01E  C2012 01 06.36255 09 29 00.19 +61 02 54.0          18.3  c~0cIU704
d2704K12A01E  C2012 01 06.37650 09 28 54.22 +61 02 42.4          18.6  c~0cIU704
d2704K12A01E KC2012 01 06.37659 09 28 52.99 +61 02 40.3          18.3 Vo~0cIUH21
d2704K12A01E KC2012 01 06.37948 09 28 51.72 +61 02 38.2          18.2 Vo~0cIUH21
d2704K12A01E KC2012 01 06.38574 09 28 48.99 +61 02 32.9          18.3 Vo~0cIUH21
d2704K12A01E  C2012 01 06.38989 09 28 48.22 +61 02 33.3          18.3  c~0cIU704
d2704K12A01E KC2012 01 07.01598 09 24 28.67 +60 54 00.8                t~0cIU204
d2704K12A01E KC2012 01 07.01984 09 24 27.01 +60 53 57.8          17.7 Rt~0cIU204
d2704K12A01E KC2012 01 07.02372 09 24 25.36 +60 53 54.8                t~0cIU204
d2704K12A01E KC2012 01 07.26707109 22 46.04 +60 50 29.4          18.5 Vo~0cIUH21
d2704K12A01E KC2012 01 07.27059609 22 44.53 +60 50 26.6          18.4 Vo~0cIUH21
d2704K12A01E KC2012 01 07.27427709 22 42.99 +60 50 23.5          18.4 Vo~0cIUH21
d2704K12A01E KC2012 01 07.27810509 22 41.32 +60 50 20.3          18.4 Vo~0cIUH21
d2704K12A01E KC2012 01 07.28188109 22 39.74 +60 50 17.1          18.3 Vo~0cIUH21
d2704K12A01E  C2012 01 07.34930 09 22 11.95 +60 49 22.0          18.1  c~0cIU704
d2704K12A01E  C2012 01 07.36301 09 22 06.16 +60 49 10.7          17.9  c~0cIU704
d2704K12A01E  C2012 01 07.37658 09 22 00.28 +60 48 59.8          18.2  c~0cIU704
d2704K12A01E  C2012 01 07.39003 09 21 54.63 +60 48 47.1          18.2  c~0cIU704
d2704K12A01E  C2012 01 08.44373 09 14 54.685+60 32 35.85         18.2 yL~0cIUF51
d2704K12A01E  C2012 01 08.45976 09 14 48.067+60 32 21.18         18.1 zL~0cIUF51
d2704K12A01E  C2012 01 08.46710 09 14 45.029+60 32 14.41         18.2 zL~0cIUF51
d2704K12A01E KC2012 01 09.87165 09 05 47.94 +60 07 42.5          18.3 Vc~0cIUA48
d2704K12A01E KC2012 01 09.87568 09 05 46.44 +60 07 39.7          18.3 Vc~0cIUA48
d2704K12A01E KC2012 01 09.87860 09 05 45.36 +60 07 34.9          18.3 Vc~0cIUA48
d2704K12A01E KC2012 01 09.88354 09 05 43.52 +60 07 30.7          18.2 Vc~0cIUA48
d2704K12A01E KC2012 01 10.00000 09 04 58.78 +60 05 29.6          17.9 Ru~0cIU160
d2704K12A01E KC2012 01 10.00275 09 04 57.68 +60 05 26.6          18.1 Ru~0cIU160
d2704K12A01E KC2012 01 10.00546 09 04 56.66 +60 05 24.0          17.9 Ru~0cIU160
d2704K12A01E KC2012 01 10.23276409 03 33.36 +60 01 10.5          18.5 Vo~0cIUH21
d2704K12A01E KC2012 01 10.23642909 03 31.95 +60 01 06.6          18.4 Vo~0cIUH21
d2704K12A01E KC2012 01 10.23932809 03 30.84 +60 01 03.5          18.6 Vo~0cIUH21
d2704K12A01E KC2012 01 10.24268109 03 29.53 +60 00 59.8          18.5 Vo~0cIUH21
d2704K12A01E  C2012 01 11.09153 08 58 23.88 +59 44 21.5          18.2 Ro~0cIUG48
d2704K12A01E  C2012 01 11.09251 08 58 23.58 +59 44 20.0          18.2 Ro~0cIUG48
d2704K12A01E  C2012 01 11.09344 08 58 23.22 +59 44 19.2          18.5 Ro~0cIUG48
d2704K12A01E  C2012 01 11.09532 08 58 22.49 +59 44 18.0          19.9 Ro~0cIUG48
d2704K12A01E  C2012 01 11.09628 08 58 22.33 +59 44 16.0          19.2 Ro~0cIUG48
d2704K12A01E KC2012 01 11.17244 08 57 54.25 +59 42 57.4          18.5 Vo~0cIUH21
d2704K12A01E KC2012 01 11.17596 08 57 52.97 +59 42 53.7          18.4 Vo~0cIUH21
d2704K12A01E KC2012 01 11.18214 08 57 50.70 +59 42 46.9          18.6 Vo~0cIUH21
d2704K12A01E KC2012 01 12.02186 08 52 56.22 +59 25 41.7          18.9 Ru~0cSJ160
d2704K12A01E KC2012 01 12.02451 08 52 55.24 +59 25 38.6          18.3 Ru~0cSJ160
d2704K12A01E KC2012 01 12.02728 08 52 54.22 +59 25 36.0          18.4 Ru~0cSJ160
d2704K12A01E KC2012 01 13.25932 08 46 05.02 +58 58 58.3          18.0 Ro~0cIUG56
d2704K12A01E KC2012 01 13.26628 08 46 02.77 +58 58 49.7          18.0 Ro~0cIUG56
d2704K12A01E KC2012 01 13.27397 08 46 00.11 +58 58 39.5          17.8 Ro~0cIUG56
d2704K12A01E  C2012 01 14.13389 08 41 27.45 +58 39 04.6          17.9 Ro~0cSJG48
d2704K12A01E  C2012 01 14.13481 08 41 27.14 +58 39 03.7          17.9 Ro~0cSJG48
d2704K12A01E  C2012 01 14.13575 08 41 26.85 +58 39 02.4          17.9 Ro~0cSJG48
d2704K12A01E  C2012 01 14.34987 08 40 16.97 +58 34 16.4          18.5 Ru~0cSJH45
d2704K12A01E  C2012 01 14.35143 08 40 16.51 +58 34 14.4          18.8 Ru~0cSJH45
d2704K12A01E  C2012 01 14.35322 08 40 15.94 +58 34 11.8          18.8 Ru~0cSJH45
d2704K12A01E  C2012 01 14.35600 08 40 15.04 +58 34 08.2          18.8 Ru~0cSJH45
d2704K12A01E  C2012 01 14.35975 08 40 13.74 +58 34 02.1          18.7 Ru~0cSJH45
d2704K12A01E  C2012 01 14.36215 08 40 13.06 +58 33 58.8          18.5 Ru~0cSJH45
d2704K12A01E  C2012 01 14.36502 08 40 12.12 +58 33 54.6          18.8 Ru~0cSJH45
d2704K12A01E KC2012 01 14.91268 08 37 27.38 +58 20 57.2          18.4 Vc~0cSJA48
d2704K12A01E KC2012 01 14.91481 08 37 26.79 +58 20 53.4          18.4 Vc~0cSJA48
d2704K12A01E KC2012 01 14.91980 08 37 25.19 +58 20 47.8          18.4 Vc~0cSJA48
d2704K12A01E KC2012 01 14.92265 08 37 24.28 +58 20 43.3          18.4 Vc~0cSJA48
d2704K12A01E  C2012 01 15.23093308 35 51.93 +58 13 25.7          18.6 Vt~0cSJH21
d2704K12A01E  C2012 01 15.23347108 35 51.12 +58 13 22.1          18.6 Vt~0cSJH21
d2704K12A01E  C2012 01 15.23600908 35 50.38 +58 13 18.3          18.4 Vt~0cSJH21
d2704K12A01E  C2012 01 15.23854508 35 49.57 +58 13 14.9          18.6 Vt~0cSJH21
d2704K12A01E  C2012 01 15.24109008 35 48.76 +58 13 11.5          18.5 Vt~0cSJH21
d2704K12A01E  C2012 01 15.24318008 35 48.14 +58 13 08.4          18.5 Vt~0cSJH21
d2704K12A01E KC2012 01 15.91767 08 32 32.17 +57 56 43.5          18.2 Ru~0cSJ157
d2704K12A01E KC2012 01 15.92090 08 32 31.23 +57 56 38.8          18.0 Ru~0cSJ157
d2704K12A01E KC2012 01 15.92412 08 32 30.24 +57 56 34.2          18.2 Ru~0cSJ157
d2704K12A01E KC2012 01 15.92735 08 32 29.29 +57 56 29.6          18.0 Ru~0cSJ157
d2704K12A01E KC2012 01 16.00267 08 32 06.83 +57 54 39.1          18.2 Rt~0cSJ130
d2704K12A01E KC2012 01 16.00418 08 32 06.38 +57 54 36.7          18.2 Rt~0cSJ130
d2704K12A01E KC2012 01 16.00569 08 32 05.90 +57 54 34.5          18.1 Rt~0cSJ130
d2704K12A01E KC2012 01 16.00720 08 32 05.45 +57 54 32.1          17.9 Rt~0cSJ130
d2704K12A01E KC2012 01 16.01984 08 32 01.70 +57 54 13.9          17.9 Ru~0cSJ160
d2704K12A01E KC2012 01 16.02261 08 32 00.86 +57 54 09.9          18.1 Ru~0cSJ160
d2704K12A01E KC2012 01 16.02538 08 32 00.00 +57 54 05.9          18.0 Ru~0cSJ160
d2704K12A01E KC2012 01 16.18736808 31 15.58 +57 50 06.0          18.7 Vo~0cSJH21
d2704K12A01E KC2012 01 16.19090308 31 14.56 +57 50 00.9          18.9 Vo~0cSJH21
d2704K12A01E KC2012 01 16.19454508 31 13.49 +57 49 55.7          18.4 Vo~0cSJH21
d2704K12A01E KC2012 01 16.19825408 31 12.38 +57 49 50.5          18.4 Vo~0cSJH21
d2704K12A01E KC2012 01 16.92680 08 27 50.08 +57 31 35.5          18.5 Vc~0cSJA48
d2704K12A01E KC2012 01 16.93179 08 27 48.65 +57 31 28.3          18.6 Vc~0cSJA48
d2704K12A01E KC2012 01 16.93677 08 27 47.22 +57 31 21.2          18.6 Vc~0cSJA48
d2704K12A01E KC2012 01 16.94176 08 27 45.75 +57 31 12.9          18.6 Vc~0cSJA48
d2704K12A01E KC2012 01 16.98633 08 27 33.12 +57 30 07.0          17.4 Ru~0cjl160
d2704K12A01E KC2012 01 16.98907 08 27 32.33 +57 30 02.9          18.5 Ru~0cjl160
d2704K12A01E KC2012 01 16.99180 08 27 31.50 +57 29 58.5          17.1 Ru~0cjl160
d2704K12A01E KC2012 01 17.94345 08 23 20.09 +57 05 37.3                u~0cSJ160
d2704K12A01E KC2012 01 17.94630 08 23 19.35 +57 05 32.9          18.2 Ru~0cSJ160
d2704K12A01E KC2012 01 17.94905 08 23 18.62 +57 05 28.6          18.3 Ru~0cSJ160
d2704K12A01E  C2012 01 18.06874 08 22 49.63 +57 02 10.3          18.3 Ro~0cSJG48
d2704K12A01E  C2012 01 18.07060 08 22 49.14 +57 02 08.1          19.0 Ro~0cSJG48
d2704K12A01E  C2012 01 18.07153 08 22 48.89 +57 02 06.6          18.7 Ro~0cSJG48
d2704K12A01E  C2012 01 18.07247 08 22 48.65 +57 02 04.7          19.1 Ro~0cSJG48
d2704K12A01E  C2012 01 18.07339 08 22 48.44 +57 02 03.7          18.9 Ro~0cSJG48
d2704K12A01E  C2012 01 18.33156 08 21 39.62 +56 55 34.7          18.7 Ru~0cSJH45
d2704K12A01E  C2012 01 18.33308 08 21 39.19 +56 55 32.6          18.8 Ru~0cSJH45
d2704K12A01E  C2012 01 18.33439 08 21 38.82 +56 55 30.8          18.7 Ru~0cSJH45
d2704K12A01E  C2012 01 18.33587 08 21 38.42 +56 55 28.3          18.8 Ru~0cSJH45
d2704K12A01E  C2012 01 18.33702 08 21 38.18 +56 55 26.4          18.8 Ru~0cSJH45
d2704K12A01E  C2012 01 18.33854 08 21 37.71 +56 55 24.0          18.7 Ru~0cSJH45
d2704K12A01E KC2012 01 18.68947 08 20 12.64 +56 45 56.3          18.6 Vu~0cSJC73
d2704K12A01E KC2012 01 18.69185 08 20 11.96 +56 45 52.6          19.3 Vu~0cSJC73
d2704K12A01E  C2012 01 19.35754 08 17 26.78 +56 28 30.8          19.2 Ru~0cSJH45
d2704K12A01E  C2012 01 19.35905 08 17 26.38 +56 28 28.5          18.9 Ru~0cSJH45
d2704K12A01E  C2012 01 19.35996 08 17 26.19 +56 28 27.3          18.6 Ru~0cSJH45
d2704K12A01E  C2012 01 19.36489 08 17 24.89 +56 28 18.6          18.8 Ru~0cSJH45
d2704K12A01E  C2012 01 19.36652 08 17 24.56 +56 28 16.3          18.7 Ru~0cSJH45
d2704K12A01E  C2012 01 19.36803 08 17 24.16 +56 28 14.0          18.8 Ru~0cSJH45
d2704K12A01E KC2012 01 21.85011 08 08 13.47 +55 20 49.9          19.0 Ru~0cjlB49
d2704K12A01E KC2012 01 21.85494 08 08 12.46 +55 20 42.3          18.9 Ru~0cjlB49
d2704K12A01E KC2012 01 21.86012 08 08 11.39 +55 20 34.3          19.1 Ru~0cjlB49
d2704K12A01E KC2012 01 25.31508 07 57 25.01 +53 44 09.7          18.9 Vu~0cjlH21
d2704K12A01E KC2012 01 25.31963 07 57 24.20 +53 44 01.9          19.0 Vu~0cjlH21
d2704K12A01E KC2012 01 25.32436 07 57 23.40 +53 43 53.7          19.0 Vu~0cjlH21
d2704K12A01E KC2012 01 28.21600 07 50 08.59 +52 22 18.6          18.5 Ro~0d61G56
d2704K12A01E KC2012 01 28.22609 07 50 07.03 +52 22 01.9          18.0 Ro~0d61G56
d2704K12A01E KC2012 01 28.23555 07 50 05.85 +52 21 47.2          18.4 Ro~0d61G56
d2704K12A01E KC2012 01 28.24750 07 50 03.95 +52 21 26.2          18.1 Ro~0d61G56
d2704K12A01E  C2012 01 29.29789 07 47 45.27 +51 51 53.5          19.3 Ru~0d61H45
d2704K12A01E  C2012 01 29.29958 07 47 45.02 +51 51 50.7          19.1 Ru~0d61H45
d2704K12A01E  C2012 01 29.30101 07 47 44.78 +51 51 48.1          19.1 Ru~0d61H45
d2704K12A01E  C2012 01 29.30252 07 47 44.62 +51 51 45.6          19.0 Ru~0d61H45
d2704K12A01E  C2012 01 29.30399 07 47 44.35 +51 51 43.0          19.0 Ru~0d61H45
d2704K12A01E  C2012 01 29.30552 07 47 44.19 +51 51 40.6          19.1 Ru~0d61H45
d2704K12A01E  C2012 01 29.30675 07 47 44.07 +51 51 37.6          19.2 Ru~0d61H45
d2704K12A01E KC2012 01 30.12153907 46 06.30 +51 28 44.8          19.2 Vu~0d61H21
d2704K12A01E KC2012 01 30.12784307 46 05.51 +51 28 34.4          19.2 Vu~0d61H21
d2704K12A01E KC2012 01 30.13414607 46 04.70 +51 28 24.0          19.4 Vu~0d61H21
d2704K12A01E KC2012 01 30.14097207 46 03.84 +51 28 12.8          18.9 Vu~0d61H21
d2704K12A01E  C2012 01 30.24573 07 45 51.12 +51 25 19.5          19.0 Vr~0d61703
d2704K12A01E  C2012 01 30.25139 07 45 50.29 +51 25 10.4          18.8 Vr~0d61703
d2704K12A01E  C2012 01 30.25703 07 45 49.71 +51 25 01.8          18.6 Vr~0d61703
d2704K12A01E  C2012 01 30.26273 07 45 48.88 +51 24 51.6          19.6 Vr~0d61703
d2704K12A01E  C2012 01 30.26789 07 45 47.86 +51 24 41.9          19.4 Ru~0d61H45
d2704K12A01E  C2012 01 30.27163 07 45 47.42 +51 24 35.5          19.5 Ru~0d62H45
d2704K12A01E  C2012 01 30.27327 07 45 47.15 +51 24 32.8          19.4 Ru~0d62H45
d2704K12A01E  C2012 01 30.27431 07 45 47.08 +51 24 30.6          19.5 Ru~0d62H45
d2704K12A01E  C2012 01 30.27538 07 45 46.92 +51 24 28.9          19.3 Ru~0d62H45
d2704K12A01E  C2012 01 30.27633 07 45 46.76 +51 24 27.4          19.4 Ru~0d62H45
d2704K12A01E KC2012 02 13.19454 07 30 40.92 +45 18 25.3          19.9 Vu~0dSCH21
d2704K12A01E KC2012 02 13.19811 07 30 40.82 +45 18 20.3          20.0 Vu~0dSCH21
d2704K12A01E KC2012 02 13.20178 07 30 40.69 +45 18 14.7          20.1 Vu~0dSCH21
d2704K12A01E KC2012 02 13.20575 07 30 40.59 +45 18 09.0          20.1 Vu~0dSCH21
d2704K12A01E {C2012 02 16.17759307 29 52.263+44 07 52.69         19.9 Rt~0dSC695
d2704K12A01E {C2012 02 16.18514707 29 52.133+44 07 42.27         20.5 Rt~0dSC695
d2704K12A01E {C2012 02 16.19348007 29 51.986+44 07 30.59         20.0 Rt~0dSC695
d2704K12A01E  C2012 02 23.25191 07 30 18.77 +41 32 18.7          19.7 Vt~0doqG84
d2704K12A01E  C2012 02 23.27101 07 30 18.98 +41 31 54.2          19.7 Vt~0doqG84
d2704K12A01E  C2012 02 23.27860 07 30 19.07 +41 31 45.3          19.8 Vt~0doqG84
d2704K12A01E  C2012 02 23.30154 07 30 19.32 +41 31 15.4          19.9 Vt~0doqG84
d2704K12A01E KC2012 03 10.10550707 40 01.98 +36 37 26.9          20.9 Vo~0edHH21
d2704K12A01E KC2012 03 10.11962007 40 02.63 +36 37 12.9          20.7 Vo~0edHH21
d2704K12A01E KC2012 03 10.13436207 40 03.42 +36 36 58.7          21.1 Vo~0edHH21
d2704K12A01E KC2012 03 14.10634 07 43 47.04 +35 32 44.0          20.8 Vu~0edHH21
d2704K12A01E KC2012 03 14.12565 07 43 48.14 +35 32 24.9          20.8 Vu~0edHH21
d2704K12A01E KC2012 03 14.13575 07 43 48.69 +35 32 15.2          21.7 Vu~0edHH21
d2704K12A01E |C2013 05 22.37879 21 23 37.40 -36 42 17.8          20.1 Vu~0rzI807
d2704K12A01E |C2013 05 22.38244 21 23 38.35 -36 42 18.3          19.9 Vu~0rzI807
d2704K12A01E |C2013 05 22.38610 21 23 39.27 -36 42 18.9          19.8 Vu~0rzI807
d2704K12A01E |C2013 06 26.43479 00 59 41.39 -27 55 01.2          20.0 Vu~0swU807
d2704K12A01E |C2013 06 26.43725 00 59 42.49 -27 54 54.5          19.9 Vu~0swU807
d2704K12A01E |C2013 06 26.43971 00 59 43.59 -27 54 48.0          19.9 Vu~0swU807
d2704K12A01E  C2014 02 08.38304 11 25 53.82 +20 24 56.7                o~10hG711
d2704K12A01E  C2014 02 08.38639 11 25 53.44 +20 24 58.2                o~10hG711
d2704K12A01E  C2014 02 08.39120 11 25 52.89 +20 25 00.9                o~10hG711
d2704K12A01E  C2014 02 27.32547 10 46 42.05 +22 35 27.8          20.3 Vq~113yG96
d2704K12A01E  C2014 02 27.33059 10 46 41.41 +22 35 28.9          20.1 Vq~113yG96
d2704K12A01E  C2014 02 27.33571 10 46 40.75 +22 35 29.9          20.4 Vq~113yG96
d2704K12A01E  C2014 02 27.34081 10 46 40.09 +22 35 30.9          20.2 Vq~113yG96
     K12A01E KC2014 03 31.13134010 00 23.24 +21 45 35.1          21.7 Vu~12fuH21
d2704K12A01E KC2014 03 31.13134010 00 23.24 +21 45 35.1          21.7 Vu~12fuH21
     K12A01E KC2014 03 31.15350410 00 22.28 +21 45 27.8          21.8 Vu~12fuH21
d2704K12A01E KC2014 03 31.15350410 00 22.28 +21 45 27.8          21.8 Vu~12fuH21
     K12A01E KC2014 03 31.17393910 00 21.44 +21 45 21.6          22.2 Vu~12fuH21
d2704K12A01E KC2014 03 31.17393910 00 21.44 +21 45 21.6          22.2 Vu~12fuH21
