     K07U00S* C2007 10 16.24142 23 48 53.92 -09 32 20.6          21.7 Vrw0892G96
     K07U00S  C2007 10 16.24799 23 48 52.63 -09 32 11.2          21.6 Vrw0892G96
     K07U00S  C2007 10 16.25455 23 48 51.40 -09 32 01.1          21.6 Vrw0892G96
     K07U00S  C2007 10 16.26108 23 48 50.18 -09 31 51.5          21.9 Vrw0892G96
     K07U00S  C2007 10 16.27759 23 48 47.01 -09 31 27.2          21.5 Vrw0892G96
     K07U00S  C2007 10 16.28704 23 48 45.25 -09 31 13.6          21.4 Vrw0892G96
     K07U00S  C2007 10 16.29645 23 48 43.45 -09 30 59.7          21.9 Vrw0892G96
     K07U00S  C2007 10 16.30600 23 48 41.65 -09 30 45.7          20.7 Vrw0892G96
     K07U00S  C2007 10 17.13274123 46 19.60 -09 10 56.9          21.9 Vow0892H55
     K07U00S  C2007 10 17.14863823 46 16.77 -09 10 34.7          22.0 Vow0892H55
     K07U00S  C2007 10 17.16366823 46 14.10 -09 10 13.4          21.9 Vow0892H55
     K07U00S HC2007 10 19.10889 23 41 17.64 -08 26 06.8                ox3464291
     K07U00S HC2007 10 19.12423 23 41 15.38 -08 25 47.8                ox3464291
     K07U00S HC2007 10 19.13637 23 41 13.52 -08 25 31.3                ox3464291
