     K07Y56M* C2007 12 30.29391 07 52 08.50 +16 55 42.9          20.9 Vox2704691
     K07Y56M  C2007 12 30.31153 07 52 06.56 +16 55 27.7          20.8 Vox2704691
     K07Y56M  C2007 12 30.32916 07 52 04.61 +16 55 11.5          21.0 Vox2704691
     K07Y56M HC2007 12 30.44997 07 51 51.38 +16 53 22.6                ox2704291
     K07Y56M HC2007 12 30.45393 07 51 50.91 +16 53 19.4                ox2704291
     K07Y56M HC2007 12 30.45775 07 51 50.49 +16 53 15.0                ox2704291
     K07Y56M  C2007 12 31.24409 07 50 31.02 +16 41 25.5                ox2704291
     K07Y56M  C2007 12 31.24822 07 50 30.54 +16 41 22.5                ox2704291
     K07Y56M HC2008 01 01.34445 07 48 30.12 +16 24 28.9                ox2704291
     K07Y56M  C2008 01 01.34880 07 48 29.65 +16 24 24.4                ox2704291
     K07Y56M  C2008 01 01.35318 07 48 29.07 +16 24 20.2                ox2704291
     K07Y56M  C2008 01 03.31332907 44 37.33 +15 52 44.9          21.1 Vox3500H55
     K07Y56M  C2008 01 03.31894707 44 36.57 +15 52 39.0          21.1 Vox3500H55
     K07Y56M  C2008 01 03.32457607 44 35.84 +15 52 33.8          21.1 Vox3500H55
     K07Y56M  C2008 01 10.26407 07 27 56.89 +13 46 38.9                ox3500291
     K07Y56M  C2008 01 10.26822 07 27 56.18 +13 46 33.9                ox3500291
     K07Y56M  C2008 01 10.27265 07 27 55.41 +13 46 28.5                ox3500291
     K07Y56M  C2008 01 11.34984 07 24 55.43 +13 24 47.7          20.9 Vox3500291
     K07Y56M  C2008 01 11.35378 07 24 54.72 +13 24 42.8          20.7 Vox3500291
     K07Y56M  C2008 01 11.35800 07 24 53.96 +13 24 37.6          20.8 Vox3500291
     K07Y56M  C2008 01 12.31832 07 22 09.80 +13 04 47.4          20.4 Vrx4369G96
     K07Y56M  C2008 01 12.32577 07 22 08.43 +13 04 37.9          20.5 Vrx4369G96
     K07Y56M  C2008 01 12.33316 07 22 07.06 +13 04 28.9          19.7 Vrx4369G96
     K07Y56M  C2008 01 12.34052 07 22 05.70 +13 04 19.7          20.4 Vrx4369G96
     K07Y56M  C2008 01 13.24782 07 19 27.01 +12 45 08.9          20.4 Vrx4369G96
     K07Y56M  C2008 01 13.25632 07 19 25.42 +12 44 57.9          20.3 Vrx4369G96
     K07Y56M  C2008 01 13.25906 07 19 24.88 +12 44 54.7          21.0 Vox4369291
     K07Y56M  C2008 01 13.26056 07 19 24.63 +12 44 52.1          20.3 Vrx4369G96
     K07Y56M  C2008 01 13.26292 07 19 24.15 +12 44 49.8          20.8 Vox4369291
     K07Y56M  C2008 01 13.26718 07 19 23.35 +12 44 44.4          20.8 Vox4369291
     K07Y56M  C2008 01 15.15504 07 13 40.11 +12 03 27.8          20.3 Vox4369291
     K07Y56M  C2008 01 15.15881 07 13 39.38 +12 03 22.3                ox4369291
     K07Y56M HC2008 01 15.16326 07 13 38.54 +12 03 16.9                ox4369291
     K07Y56M  C2008 01 17.23336 07 07 03.56 +11 16 03.8                ox4369291
     K07Y56M HC2008 01 17.23719 07 07 02.86 +11 15 58.1                ox4369291
     K07Y56M HC2008 01 17.24093 07 07 02.06 +11 15 53.7                ox4369291
     K07Y56M HC2008 01 19.35935 07 00 01.75 +10 25 27.9                ox5081291
     K07Y56M HC2008 01 19.36316 07 00 00.91 +10 25 22.2                ox5081291
     K07Y56M  C2008 01 28.16727106 29 26.30 +06 38 14.0          20.8 Vox5540H55
     K07Y56M  C2008 01 28.17355806 29 24.91 +06 38 03.5          20.9 Vox5540H55
     K07Y56M  C2008 01 28.17993106 29 23.47 +06 37 53.2          21.0 Vox5540H55
     K07Y56M HC2008 02 01.21559 06 15 18.01 +04 48 31.1                ox5540291
     K07Y56M  C2008 02 01.21946 06 15 17.16 +04 48 27.2          21.0 Vox5540291
     K07Y56M HC2008 02 01.22327 06 15 16.37 +04 48 20.5                ox5540291
     K07Y56M  C2008 02 24.05154905 09 49.25 -05 06 53.0          21.0 Vox9576H55
     K07Y56M  C2008 02 24.06005005 09 47.91 -05 07 06.4          21.1 Vox9576H55
     K07Y56M  C2008 02 24.06882105 09 46.60 -05 07 19.3          21.1 Vox9576H55
     K07Y56M HC2008 02 24.09230 05 09 43.92 -05 07 49.6                ox9576291
     K07Y56M HC2008 02 24.09603 05 09 43.46 -05 07 56.2                ox9576291
     K07Y56M HC2008 02 24.10001 05 09 42.87 -05 08 02.7                ox9576291
     K07Y56M 2C2008 08 13.48707600 12 35.308+21 36 39.71         22.5 Roz5251568
     K07Y56M 2C2008 08 13.49282600 12 34.650+21 36 40.59         22.4 Roz5251568
     K07Y56M  C2008 08 31.22428 23 34 02.12 +20 15 21.4          21.9 Voz5251H55
     K07Y56M  C2008 08 31.24779 23 33 58.53 +20 15 05.7          22.1 Voz5251H55
     K07Y56M  C2008 08 31.27619 23 33 54.22 +20 14 45.5          22.2 Voz5251H55
     K07Y56M  C2008 09 01.24700 23 31 33.72 +20 03 02.9          22.0 Voz5251H55
     K07Y56M  C2008 09 01.26256 23 31 31.44 +20 02 51.8          21.9 Voz5251H55
     K07Y56M  C2008 09 01.27766 23 31 29.06 +20 02 40.7          22.1 Voz5251H55
     K07Y56M  C2015 01 18.53774 10 18 13.227-08 06 09.63         20.8 wL~1GjEF51
     K07Y56M  C2015 01 18.55004 10 18 14.066-08 06 54.84         20.7 wL~1GjEF51
     K07Y56M  C2015 01 18.56232 10 18 14.924-08 07 40.21         20.9 wL~1GjEF51
     K07Y56M |C2015 02 05.28498 10 53 18.65 -35 38 59.7          20.2 Vu~1IXa807
     K07Y56M |C2015 02 05.29224 10 53 19.88 -35 39 57.8          20.2 Vu~1IXa807
     K07Y56M |C2015 02 05.29918 10 53 21.01 -35 40 53.3          20.1 Vu~1IXa807
