     K07U00H  C2007 10 11.34120 02 39 34.64 +20 34 49.6          20.5 Vow3885691
     K07U00H  C2007 10 11.36236 02 39 34.33 +20 33 54.8          20.4 Vow3885691
     K07U00H  C2007 10 11.38005 02 39 34.04 +20 33 08.5          20.4 Vow3885691
     K07U00H* C2007 10 16.32204 02 38 41.72 +16 20 02.0          20.1 Vow0891691
     K07U00H  C2007 10 16.34316 02 38 41.02 +16 18 46.8          19.8 Vow0891691
     K07U00H  C2007 10 16.36082 02 38 40.43 +16 17 43.4          19.6 Vow0891691
     K07U00H tC2007 10 16.41525 02 38 38.59 +16 14 27.2                ow0891291
     K07U00H tC2007 10 16.41937 02 38 38.48 +16 14 11.6                ow0891291
     K07U00H tC2007 10 16.42372 02 38 38.36 +16 13 57.9                ow0891291
     K07U00H  C2007 10 16.45339 02 38 37.37 +16 12 08.7                ow0891291
     K07U00H  C2007 10 16.45726 02 38 37.25 +16 11 54.9                ow0891291
     K07U00H  C2007 10 16.46112 02 38 37.13 +16 11 40.4                ow0891291
     K07U00H  C2007 10 16.50320 02 38 35.87 +16 09 05.5                ow0891291
     K07U00H  C2007 10 16.50706 02 38 35.79 +16 08 53.0                ow0891291
     K07U00H  C2007 10 16.51093 02 38 35.65 +16 08 38.4                ow0891291
     K07U00H  C2007 10 16.85341 02 38 32.06 +15 47 36.5          20.3 Rrw0891113
     K07U00H  C2007 10 16.85562 02 38 31.97 +15 47 27.9                rw0891113
     K07U00H  C2007 10 16.85784 02 38 31.91 +15 47 19.9                rw0891113
     K07U00H  C2007 10 18.21164 02 38 00.28 +14 20 33.3                ow0891291
     K07U00H  C2007 10 18.21554 02 38 00.15 +14 20 17.6                ow0891291
     K07U00H  C2007 10 18.21939 02 37 59.99 +14 20 01.8                ow0891291
     K07U00H  C2007 10 18.32247 02 37 55.96 +14 13 08.9          19.7 Vow0891691
     K07U00H  C2007 10 18.34016 02 37 55.23 +14 11 57.2          19.7 Vow0891691
     K07U00H  C2007 10 18.35547 02 37 54.60 +14 10 55.6          19.7 Vow0891691
     K07U00H  C2007 10 20.30779202 36 55.46 +11 50 55.7          19.8 Vow2632H55
     K07U00H  C2007 10 20.31031802 36 55.37 +11 50 44.0          19.9 Vow2632H55
     K07U00H  C2007 10 20.31246802 36 55.22 +11 50 34.0          19.8 Vow2632H55
     K07U00H  C2007 10 21.26703 02 36 22.68 +10 36 03.6          19.0 Rrw2632448
     K07U00H  C2007 10 21.27911 02 36 22.01 +10 35 06.0          19.4 Rrw2632448
     K07U00H  C2007 10 21.29603 02 36 21.17 +10 33 44.5          19.4 Rrw2632448
     K07U00H  C2007 10 22.33347902 35 38.88 +09 07 36.3          19.6 Vow3885H55
     K07U00H  C2007 10 24.20672 02 34 17.24 +06 18 50.4          19.1 Rrw3885448
     K07U00H  C2007 10 24.21813 02 34 16.50 +06 17 45.1          19.7 Rrw3885448
     K07U00H  C2007 10 24.23000 02 34 15.79 +06 16 38.0          18.8 Rrw3885448
     K07U00H tC2007 11 01.32134 02 25 20.81 -09 29 23.4          19.7 Vow3885291
     K07U00H tC2007 11 01.32513 02 25 20.42 -09 29 55.9          19.5 Vow3885291
     K07U00H tC2007 11 01.32886 02 25 19.99 -09 30 25.4          19.6 Vow3885291
     K07U00H tC2007 11 02.30188 02 23 56.30 -11 47 19.7          19.7 Vow3885291
     K07U00H tC2007 11 02.30568 02 23 55.90 -11 47 52.0          19.7 Vow3885291
     K07U00H tC2007 11 02.30943 02 23 55.47 -11 48 24.3          19.5 Vow3885291
     K07U00H  C2007 11 02.33073 02 23 53.08 -11 51 25.8          18.8 Vrw5093703
     K07U00H  C2007 11 02.33580 02 23 52.47 -11 52 09.3          18.9 Vrw5093703
     K07U00H  C2007 11 02.34084 02 23 51.90 -11 52 53.0          18.9 Vrw5093703
     K07U00H  C2007 11 02.34593 02 23 51.36 -11 53 36.6          18.9 Vrw5093703
     K07U00H  C2007 11 04.30472 02 20 47.94 -16 41 45.7          19.4 Vrw5093703
     K07U00H  C2007 11 04.30965 02 20 47.25 -16 42 30.7          18.9 Vrw5093703
     K07U00H  C2007 11 04.31461 02 20 46.60 -16 43 15.5          18.6 Vrw5093703
     K07U00H  C2007 11 04.31956 02 20 45.99 -16 44 00.1          18.2 Vrw5093703
     K07U00H  C2007 11 08.58926 02 12 53.70 -27 48 51.3          19.1 Rrw5093E12
     K07U00H  C2007 11 08.59277 02 12 53.17 -27 49 24.9          19.1 Rrw5093E12
     K07U00H  C2007 11 18.51104 01 46 44.58 -52 30 56.4          19.8 Rrw8348E12
     K07U00H  C2007 11 18.51804 01 46 42.90 -52 31 51.3          19.5 Rrw8348E12
