     K07T14B  C2007 10 08.33582 01 54 38.73 +22 25 15.4          19.1 Vrv8868703
     K07T14B  C2007 10 08.34858 01 54 42.37 +22 22 58.2          19.5 Vrv8868703
     K07T14B  C2007 10 08.36131 01 54 45.97 +22 20 41.9          19.3 Vrv8868703
     K07T14B  C2007 10 08.37406 01 54 49.46 +22 18 25.1          19.6 Vrv8868703
     K07T14B* C2007 10 08.38708 01 54 53.10 +22 16 04.7          18.7 Vrv8868703
     K07T14B  C2007 10 08.39520 01 54 55.29 +22 14 38.5          19.4 Vrv8868703
     K07T14B  C2007 10 08.40324 01 54 57.52 +22 13 12.0          19.4 Vrv8868703
     K07T14B  C2007 10 08.41134 01 54 59.83 +22 11 47.1          19.2 Vrv8868703
     K07T14B  C2007 10 08.88902 01 57 36.97 +20 51 18.3                rv8868J95
     K07T14B  C2007 10 08.89385 01 57 38.23 +20 50 33.4                rv8868J95
     K07T14B  C2007 10 08.89873 01 57 39.55 +20 49 48.1          19.6 Rrv8868J95
     K07T14B  C2007 10 08.98299 01 57 59.32 +20 37 03.6                cv8868595
     K07T14B  C2007 10 08.99522 01 58 02.16 +20 35 10.4          19.5 Vcv8868595
     K07T14B  C2007 10 09.25839 01 59 17.20 +19 56 12.1          19.6  cv8868704
     K07T14B  C2007 10 09.26944 01 59 19.54 +19 54 36.1          19.5  cv8868704
     K07T14B  C2007 10 09.28040 01 59 21.82 +19 53 02.4          19.8  cv8868704
     K07T14B  C2007 10 09.29137 01 59 24.20 +19 51 27.7          19.9  cv8868704
     K07T14B  C2007 10 09.30231 01 59 26.52 +19 49 53.8          19.9  cv8868704
     K07T14B  C2007 10 09.30553 01 59 27.09 +19 49 27.1          19.8  cv8868704
     K07T14B  C2007 10 09.31657 01 59 29.39 +19 47 50.8          20.2  cv8868704
     K07T14B  C2007 10 09.33872 01 59 34.02 +19 44 41.1          20.4  cv8868704
     K07T14B  C2007 10 09.34976 01 59 36.26 +19 43 06.1          20.2  cv8868704
     K07T14B tC2007 10 10.21512 02 03 01.26 +17 50 02.0                ov8868691
     K07T14B tC2007 10 10.23276 02 03 04.17 +17 48 02.6                ov8868691
     K07T14B tC2007 10 10.25039 02 03 07.14 +17 45 57.8                ov8868691
     K07T14B  C2007 10 11.42394 02 06 28.01 +15 41 23.0          19.7 Rrv8868734
     K07T14B  C2007 10 11.42642 02 06 28.33 +15 41 07.3          20.1 Rrv8868734
     K07T14B  C2007 10 11.42889 02 06 28.69 +15 40 52.8          19.8 Rrv8868734
     K07T14B  C2007 10 11.43134 02 06 29.00 +15 40 39.3          19.7 Rrv8868734
     K07T14B  C2007 10 12.21142 02 08 29.32 +14 31 54.7          20.1 Vov8868691
     K07T14B  C2007 10 12.22906 02 08 31.16 +14 30 29.7          20.6 Vov8868691
     K07T14B  C2007 10 12.24671 02 08 32.86 +14 29 04.3          19.8 Vov8868691
     K07T14B FC2007 10 16.00811 02 14 16.95 +10 35 49.9                ow0710246
     K07T14B FC2007 10 16.01089 02 14 17.03 +10 35 42.7                ow0710246
     K07T14B FC2007 10 16.01192 02 14 17.06 +10 35 40.0                ow0710246
     K07T14B HC2007 10 18.27415 02 16 19.29 +09 04 51.6                ow0711691
     K07T14B HC2007 10 18.29183 02 16 19.57 +09 04 15.8          21.0 Vow0711691
     K07T14B HC2007 10 18.30952 02 16 19.99 +09 03 37.9          20.8 Vow0711691
     K07T14B  C2007 11 02.16552102 20 37.27 +04 50 05.4          22.5 Vow4986H55
     K07T14B  C2007 11 02.17982902 20 37.13 +04 49 58.8          22.7 Vow4986H55
     K07T14B  C2007 11 02.19703602 20 37.03 +04 49 52.3          22.6 Vow4986H55
