     K07X10B* C2007 12 05.16649 05 28 50.48 +26 18 03.1          20.9 Vow9986691
     K07X10B  C2007 12 05.18414 05 28 48.57 +26 17 50.6          20.9 Vow9986691
     K07X10B  C2007 12 05.20180 05 28 46.67 +26 17 37.8          21.0 Vow9986691
     K07X10B  C2007 12 05.28921 05 28 37.13 +26 16 35.0                ow9986291
     K07X10B  C2007 12 05.29334 05 28 36.69 +26 16 32.3                ow9986291
     K07X10B HC2007 12 05.29746 05 28 36.24 +26 16 30.3                ow9986291
     K07X10B HC2007 12 06.23225 05 26 56.60 +26 05 08.8          20.6 Vow9986691
     K07X10B HC2007 12 06.23562 05 26 56.21 +26 05 05.5          20.7 Vow9986691
     K07X10B HC2007 12 06.24188 05 26 55.93 +26 04 59.3                ow9986691
     K07X10B HC2007 12 06.24479 05 26 55.16 +26 04 59.4                ow9986691
     K07X10B HC2007 12 06.24799 05 26 54.91 +26 04 56.8                ow9986691
     K07X10B  C2007 12 06.29917205 26 49.21 +26 04 19.0          21.0 Vow9986H55
     K07X10B  C2007 12 06.30603205 26 48.45 +26 04 13.9          20.9 Vow9986H55
     K07X10B  C2007 12 06.31292105 26 47.71 +26 04 08.9          21.0 Vow9986H55
     K07X10B  C2007 12 10.93514 05 18 41.14 +25 07 15.8                rx0951J95
     K07X10B  C2007 12 10.94659 05 18 39.86 +25 07 07.3                rx0951J95
     K07X10B  C2007 12 10.96463 05 18 37.97 +25 06 54.4          20.8 Rrx0951J95
     K07X10B HC2007 12 15.15206 05 11 32.96 +24 14 56.6                ox1870691
     K07X10B 7C2007 12 16.20367 05 09 49.31 +24 01 55.3                ox1870696
     K07X10B 7C2007 12 16.22009 05 09 47.67 +24 01 42.9                ox1870696
     K07X10B  C2007 12 16.24359 05 09 45.27 +24 01 26.2                ox1367291
     K07X10B  C2007 12 16.24774 05 09 44.86 +24 01 23.1                ox1367291
     K07X10B  C2007 12 16.25179 05 09 44.47 +24 01 20.4                ox1367291
     K07X10B  C2007 12 18.15935 05 06 40.75 +23 37 47.1                ox1870291
     K07X10B  C2007 12 18.16342 05 06 40.34 +23 37 43.9                ox1870291
     K07X10B  C2007 12 18.16741 05 06 39.98 +23 37 40.9                ox1870291
     K07X10B  C2007 12 18.19224 05 06 37.60 +23 37 23.2          20.7 Rox1870715
     K07X10B  C2007 12 18.20914 05 06 35.94 +23 37 10.6          20.7 Rox1870715
     K07X10B  C2007 12 18.22670 05 06 34.27 +23 36 57.5          20.9 Rox1870715
     K07X10B HC2007 12 19.12753 05 05 09.48 +23 25 52.7                ox1870691
     K07X10B HC2007 12 19.14015 05 05 08.36 +23 25 43.6                ox1870691
     K07X10B HC2007 12 19.15278 05 05 07.15 +23 25 35.1          21.0 Vox1870691
     K07X10B HC2007 12 28.38727 04 51 57.78 +21 36 03.5                ox1870291
     K07X10B HC2007 12 28.39271 04 51 57.53 +21 35 59.7                ox1870291
     K07X10B  C2007 12 28.39664 04 51 57.07 +21 35 57.2                ox1870291
     K07X10B  C2007 12 31.34220 04 48 19.95 +21 03 07.4          22.0 Vox2670291
     K07X10B HC2007 12 31.34617 04 48 19.72 +21 03 04.8                ox2670291
     K07X10B  C2007 12 31.35024 04 48 19.37 +21 03 01.4          22.3 Vox2670291
     K07X10B HC2008 01 13.31343 04 36 02.74 +18 55 32.0                ox4359291
     K07X10B HC2008 01 13.31985 04 36 02.48 +18 55 29.0                ox4359291
     K07X10B HC2008 01 13.32608 04 36 02.21 +18 55 25.5                ox4359291
     K07X10B KC2010 04 16.54898 09 36 25.90 -83 42 42.8                c~0GW7D21
     K07X10B KC2010 04 18.69810 09 13 34.83 -83 36 37.5                c~0GW7D21
     K07X10B KC2010 04 19.50977 09 05 24.52 -83 33 02.2                c~0GW7D21
     K07X10B KC2010 04 19.54296 09 05 02.71 -83 32 50.2                c~0GW7D21
     K07X10B KC2010 04 19.57615 09 04 42.00 -83 32 39.7                c~0GW7D21
     K07X10B KC2010 04 20.50176 08 55 40.14 -83 27 27.6                c~0GW7D21
     K07X10B  C2010 05 08.19269 07 20 16.74 -79 34 46.1          16.9 Rc~0HHd844
     K07X10B  C2010 05 08.19565 07 20 15.53 -79 34 41.6          17.6 Rc~0HHd844
     K07X10B  C2010 05 08.20030 07 20 15.10 -79 34 35.6          17.8 Rc~0HHd844
     K07X10B  C2010 05 08.20541 07 20 14.86 -79 34 29.6          17.5 Rc~0HHd844
     K07X10B  C2010 05 08.21895 07 20 13.55 -79 34 13.5          17.7 Rc~0HHd844
     K07X10B  C2010 06 25.13715 08 37 41.97 +70 24 22.3          18.8 Vo~0JVmH26
     K07X10B  C2010 06 25.13896 08 37 42.41 +70 24 33.1          18.8 Vo~0JVmH26
     K07X10B  C2010 06 25.14789 08 37 43.38 +70 25 27.3          18.9 Vo~0JVmH26
     K07X10B KC2010 06 27.89284 08 42 23.89 +74 17 07.5          19.4 Ru~0JVmB67
     K07X10B KC2010 06 27.90055 08 42 24.37 +74 17 37.3          19.1 Ru~0JVmB67
     K07X10B KC2010 06 27.90798 08 42 25.42 +74 18 07.0          19.4 Ru~0JVmB67
     K07X10B KC2010 07 08.90102 08 43 52.34 +80 47 27.1          19.3 Ru~0K8VB67
     K07X10B KC2010 07 08.90914 08 43 51.85 +80 47 34.0          19.2 Ru~0K8VB67
     K07X10B KC2010 07 08.91753 08 43 51.65 +80 47 41.4          19.4 Ru~0K8VB67
     K07X10B  S2010 09 27.36942 06 58 03.99 +78 29 02.3                L~0NlRC51
     K07X10B  s2010 09 27.36942 1 -  947.8860 + 1331.5770 + 6701.9549   ~0NlRC51
     K07X10B  S2010 09 27.56782 06 57 11.00 +78 29 15.7                L~0NlRC51
     K07X10B  s2010 09 27.56782 1 -  951.9847 + 1321.2289 + 6703.6028   ~0NlRC51
     K07X10B  S2010 09 27.89839 06 55 42.90 +78 29 41.8                L~0NlRC51
     K07X10B  s2010 09 27.89839 1 -  957.3551 + 1251.8589 + 6715.8828   ~0NlRC51
     K07X10B KC2010 11 19.19315002 19 55.74 +59 07 08.6          20.4 Vo~0Pm8H21
     K07X10B KC2010 11 19.19957002 19 55.18 +59 06 51.6                o~0Pm8H21
     K07X10B KC2010 11 19.20617802 19 54.57 +59 06 34.0                o~0Pm8H21
     K07X10B FC2013 12 15.73590 20 25 46.15 +15 22 20.4                q~0yjV204
     K07X10B HC2013 12 15.76133 20 25 53.48 +15 22 50.4                q~0yjV204
