     K07VJ1C* C2007 11 14.31191 03 15 41.79 +03 41 15.6          21.4 Vrw7169G96
     K07VJ1C  C2007 11 14.31733 03 15 41.04 +03 41 21.6          21.8 Vrw7169G96
     K07VJ1C  C2007 11 14.32279 03 15 40.24 +03 41 27.3          22.2 Vrw7169G96
     K07VJ1C  C2007 11 14.32825 03 15 39.52 +03 41 32.2          21.8 Vrw7169G96
     K07VJ1C  C2007 11 14.34854 03 15 36.73 +03 41 52.2                rw7169G96
     K07VJ1C  C2007 11 14.35177 03 15 36.37 +03 41 55.2                rw7169G96
     K07VJ1C  C2007 11 14.35504 03 15 35.81 +03 41 58.1          21.6 Vrw7169G96
     K07VJ1C  C2007 11 14.35825 03 15 35.34 +03 42 01.8          21.5 Vrw7169G96
     K07VJ1C  C2007 11 15.24233 03 13 38.39 +03 56 24.4          21.7 Vrw7169G96
     K07VJ1C  C2007 11 15.24778 03 13 37.64 +03 56 30.7                rw7169G96
     K07VJ1C  C2007 11 15.25324 03 13 36.89 +03 56 35.6                rw7169G96
     K07VJ1C  C2007 11 15.25874 03 13 36.13 +03 56 41.1          21.9 Vrw7169G96
     K07VJ1C  C2007 11 15.33476 03 13 25.81 +03 57 55.1          21.9 Vrw7169G96
     K07VJ1C  C2007 11 15.34208 03 13 24.72 +03 58 03.6                rw7169G96
     K07VJ1C  C2007 11 15.35131 03 13 23.50 +03 58 12.3                rw7169G96
     K07VJ1C HC2007 11 19.36479 03 04 49.75 +05 04 02.1                ow8380291
     K07VJ1C HC2007 11 19.36856 03 04 49.25 +05 04 05.8                ow8380291
     K07VJ1C  C2007 11 19.37228 03 04 48.70 +05 04 10.2          22.1 Vow8380291
