c8945K08T03Z* C2008 10 06.33267 01 49 11.38 +00 19 26.6          21.1 Vrz9521G96
c8945K08T03Z  C2008 10 06.34505 01 49 09.73 +00 19 25.7          20.9 Vrz9521G96
c8945K08T03Z  C2008 10 06.35741 01 49 08.14 +00 19 25.4          20.6 Vrz9521G96
c8945K08T03Z  C2008 10 06.36980 01 49 06.49 +00 19 26.2          20.3 Vrz9521G96
c8945K08T03Z  C2008 10 06.42094 01 48 59.79 +00 19 23.5          21.1 Vrz9521G96
c8945K08T03Z  C2008 10 06.43476 01 48 57.99 +00 19 22.9          21.0 Vrz9521G96
c8945K08T03Z  C2008 10 06.44853 01 48 56.23 +00 19 22.2          21.3 Vrz9521G96
c8945K08T03Z  C2008 10 06.46229 01 48 54.39 +00 19 22.1          21.1 Vrz9521G96
c8945K08T03Z  C2008 10 07.30383 01 47 08.77 +00 18 55.5          20.3 Vrz9521G96
c8945K08T03Z  C2008 10 07.31172 01 47 07.72 +00 18 54.9          20.7 Vrz9521G96
c8945K08T03Z  C2008 10 07.31962 01 47 06.68 +00 18 54.8          20.7 Vrz9521G96
c8945K08T03Z  C2008 10 07.32780 01 47 05.60 +00 18 54.8          20.7 Vrz9521G96
c8945K08T03Z  C2008 10 07.32815 01 47 05.53 +00 18 55.1          21.4 Voz9521291
c8945K08T03Z  C2008 10 07.33325 01 47 04.86 +00 18 54.9          21.1 Voz9521291
c8945K08T03Z  C2008 10 07.33735 01 47 04.35 +00 18 54.9          21.2 Voz9521291
c8945K08T03Z  C2008 10 08.46749 01 44 41.26 +00 18 27.6          21.7 Voz9521291
c8945K08T03Z  C2008 10 08.47150 01 44 40.74 +00 18 27.3          21.6 Voz9521291
c8945K08T03Z  C2008 10 08.47578 01 44 40.15 +00 18 27.6          21.7 Voz9521291
c8945K08T03Z 2C2008 10 09.34362701 42 52.433+00 18 15.79         20.7 Ro~034N568
c8945K08T03Z 2C2008 10 09.34559701 42 52.175+00 18 15.77         20.7 Ro~034N568
c8945K08T03Z 2C2008 10 09.34757101 42 51.915+00 18 15.75         20.8 Ro~034N568
c8945K08T03Z 2C2008 10 09.34956801 42 51.666+00 18 15.71         20.6 Ro~034N568
c8945K08T03Z  C2008 10 09.36333 01 42 49.21 +00 18 13.1          21.4 Voz9521291
c8945K08T03Z  C2008 10 09.37644 01 42 47.53 +00 18 12.6          21.4 Voz9521291
c8945K08T03Z  C2008 10 09.38063 01 42 46.99 +00 18 12.8          21.3 Voz9521291
c8945K08T03Z  C2008 10 10.22371 01 41 02.14 +00 18 03.6          20.8 Vo~0055H55
c8945K08T03Z  C2008 10 10.23059 01 41 01.16 +00 18 03.6          20.6 Vo~0055H55
c8945K08T03Z  C2008 10 10.23854 01 41 00.21 +00 18 03.7          20.9 Vo~0055H55
c8945K08T03Z  C2008 10 17.19348 01 27 05.53 +00 21 05.1                o~0055291
c8945K08T03Z HC2008 10 17.19724 01 27 04.93 +00 21 05.1                o~0055291
c8945K08T03Z  C2008 10 17.20103 01 27 04.67 +00 21 05.5                o~0055291
c8945K08T03Z  C2008 10 20.14839 01 21 37.08 +00 24 41.0          20.9 Vo~00C3H55
c8945K08T03Z  C2008 10 20.15767 01 21 36.02 +00 24 42.0          21.2 Vo~00C3H55
c8945K08T03Z  C2008 10 20.16996 01 21 34.63 +00 24 43.0          21.0 Vo~00C3H55
c8945K08T03Z  C2008 10 20.19840 01 21 31.52 +00 24 45.1          21.0 Vo~00C3H55
c8945K08T03Z  C2008 10 21.31190 01 19 32.85 +00 26 32.3          21.2 Vo~00C3291
c8945K08T03Z  C2008 10 21.31582 01 19 32.45 +00 26 32.7          21.4 Vo~00C3291
c8945K08T03Z  C2008 10 21.31957 01 19 32.04 +00 26 33.0          21.6 Vo~00C3291
c8945K08T03Z  C2008 10 22.29925 01 17 50.57 +00 28 16.0          21.3 Vo~00C3291
c8945K08T03Z HC2008 10 22.30357 01 17 50.07 +00 28 17.8                o~00C3291
c8945K08T03Z  C2008 10 26.14146 01 11 37.84 +00 36 40.1          21.5 Vo~00Rx291
c8945K08T03Z  C2008 10 26.14576 01 11 37.48 +00 36 40.3          21.4 Vo~00Rx291
c8945K08T03Z  C2008 10 26.14984 01 11 37.05 +00 36 40.8          21.5 Vo~00Rx291
c8945K08T03Z  C2008 10 28.30003 01 08 26.19 +00 42 30.2          20.9 Rv~00RxH01
c8945K08T03Z  C2008 10 28.30147 01 08 26.07 +00 42 30.4          20.9 Rv~00RxH01
c8945K08T03Z  C2008 10 28.30549 01 08 25.71 +00 42 31.0          21.1 Rv~00RxH01
c8945K08T03Z  C2008 10 28.31106 01 08 25.21 +00 42 32.1          21.0 Rv~00RxH01
c8945K08T03Z  C2008 10 29.12470 01 07 17.44 +00 44 56.6          22.0 Vo~00RxH55
c8945K08T03Z  C2008 10 29.14012 01 07 16.11 +00 44 59.6          21.8 Vo~00RxH55
c8945K08T03Z  C2008 10 29.15568 01 07 14.76 +00 45 01.9          22.1 Vo~00RxH55
c8945K08T03Z  C2008 11 01.07416 01 03 27.20 +00 54 40.8          22.2 Vo~00spH55
c8945K08T03Z  C2008 11 01.08549 01 03 26.45 +00 54 42.8          22.0 Vo~00spH55
c8945K08T03Z  C2008 11 01.09758 01 03 25.61 +00 54 44.5          22.4 Vo~00spH55
c8945K08T03Z  C2008 11 04.07298 01 00 01.59 +01 06 06.0          21.9 Vo~00spH55
c8945K08T03Z  C2008 11 04.08500 01 00 00.83 +01 06 09.2          22.0 Vo~00spH55
c8945K08T03Z  C2008 11 04.09774 00 59 59.97 +01 06 12.3          22.1 Vo~00spH55
c8945K08T03Z  C2008 11 06.15723 00 57 55.30 +01 14 54.6          22.2 Vo~01DCH55
c8945K08T03Z  C2008 11 06.17677 00 57 54.14 +01 14 59.4          21.9 Vo~01DCH55
c8945K08T03Z  C2008 11 06.19684 00 57 52.93 +01 15 03.9          22.1 Vo~01DCH55
c8945K08T03Z .C2010 03 03.26383 15 14 51.69 -01 53 05.8          20.3 Ro~0F5d950
c8945K08T03Z .C2010 03 03.26553 15 14 52.03 -01 53 07.3          19.4 Ro~0F5d950
c8945K08T03Z .C2010 03 03.26723 15 14 52.39 -01 53 09.3          19.8 Ro~0F5d950
c8945K08T03Z .C2010 03 03.26892 15 14 52.77 -01 53 10.5          20.2 Ro~0F5d950
c8945K08T03Z .C2010 03 03.27062 15 14 53.01 -01 53 11.3          20.1 Ro~0F5d950
c8945K08T03Z .C2010 03 03.27249 15 14 53.46 -01 53 13.3          20.2 Ro~0F5d950
c8945K08T03Z .C2010 03 03.27523 15 14 54.01 -01 53 15.6          20.4 Ro~0F5d950
c8945K08T03Z  C2010 03 09.44642 15 37 24.68 -03 27 15.8          20.1 Rc~0Em1926
c8945K08T03Z  C2010 03 09.45124 15 37 25.81 -03 27 21.1          20.1 Rc~0Em1926
c8945K08T03Z  C2010 03 09.45604 15 37 26.89 -03 27 25.4          20.6 Rc~0Em1926
c8945K08T03Z  C2010 03 10.46047 15 41 22.61 -03 44 13.3          20.0 Rc~0Em1926
c8945K08T03Z  C2010 03 10.46529 15 41 23.65 -03 44 18.0          20.4 Rc~0Em1926
c8945K08T03Z  C2010 03 10.47009 15 41 24.77 -03 44 22.9          20.9 Rc~0Em1926
c8945K08T03Z  C2010 03 10.47491 15 41 25.92 -03 44 28.0          19.6 Rc~0Em1926
c8945K08T03Z  C2010 10 12.28129 01 18 28.33 -02 46 58.7          21.6 Vr~0NmCG96
c8945K08T03Z  C2010 10 12.28713 01 18 27.57 -02 46 58.0          21.0 Vr~0NmCG96
c8945K08T03Z  C2010 10 12.29298 01 18 26.85 -02 46 57.0          21.0 Vr~0NmCG96
c8945K08T03Z  C2010 10 12.29885 01 18 26.10 -02 46 56.3          21.3 Vr~0NmCG96
c8945K08T03Z |C2012 03 15.39491 15 23 09.10 +00 37 58.4          19.8 Vo~0ecr807
c8945K08T03Z |C2012 03 15.40059 15 23 10.24 +00 37 53.5          19.8 Vo~0ecr807
c8945K08T03Z |C2012 03 15.40648 15 23 11.43 +00 37 48.7          19.9 Vo~0ecr807
c8945K08T03Z KC2012 03 23.10520 15 53 02.37 -01 28 43.8          19.1 Rr~0eupA17
c8945K08T03Z KC2012 03 23.12082 15 53 06.27 -01 29 02.8          19.0 Rr~0eupA17
c8945K08T03Z KC2012 03 23.13644 15 53 10.21 -01 29 20.6          19.1 Rr~0eupA17
c8945K08T03Z |C2012 05 17.42660 23 21 11.29 -21 33 50.6          20.4 Vu~0ki7807
c8945K08T03Z |C2012 05 17.43230 23 21 13.22 -21 33 46.7          20.5 Vu~0ki7807
c8945K08T03Z KC2012 09 22.37457 01 41 05.45 -06 34 44.2          20.4 Ru~0j6J448
c8945K08T03Z KC2012 09 22.39471 01 41 02.67 -06 34 44.9          19.9 Ru~0j6J448
c8945K08T03Z KC2012 09 23.35919 01 38 54.74 -06 34 21.3          20.6 Ru~0j6J448
c8945K08T03Z KC2012 09 23.39862 01 38 49.23 -06 34 20.3          20.1 Ru~0j6J448
c8945K08T03Z KC2012 09 23.44400 01 38 42.96 -06 34 17.3          20.5 Ru~0j6J448
c8945K08T03Z  c2012 10 06.47774701 10 01.638-06 09 54.80         20.8 rL~0jJDF51
c8945K08T03Z  c2012 10 06.48915101 10 00.099-06 09 52.17         20.5 iL~0jJDF51
c8945K08T03Z  c2012 10 06.50116101 09 58.543-06 09 49.72         20.6 iL~0jJDF51
c8945K08T03Z KC2014 01 30.40373013 13 45.54 +08 55 37.8          22.1 Vu~102QH21
c8945K08T03Z KC2014 01 30.42008213 13 47.35 +08 55 35.5          22.4 Vu~102QH21
c8945K08T03Z KC2014 01 30.43782613 13 49.23 +08 55 32.1                u~102QH21
     K08T03Z  C2014 03 11.50158 14 29 44.31 +07 24 19.2          19.5 VqEE061703
c8945K08T03Z  C2014 03 11.50158 14 29 44.31 +07 24 19.2          19.5 Vq~11qJ703
     K08T03Z  C2014 03 11.51034 14 29 45.35 +07 24 17.5          20.5 VqEE061703
c8945K08T03Z  C2014 03 11.51034 14 29 45.35 +07 24 17.5          20.5 Vq~11qJ703
     K08T03Z  C2014 03 11.51908 14 29 46.42 +07 24 14.0          19.8 VqEE061703
c8945K08T03Z  C2014 03 11.51908 14 29 46.42 +07 24 14.0          19.8 Vq~11qJ703
     K08T03Z  C2014 03 11.52783 14 29 47.42 +07 24 13.2          20.8 VqEE061703
c8945K08T03Z  C2014 03 11.52783 14 29 47.42 +07 24 13.2          20.8 Vq~11qJ703
