     K08B15E* C2008 01 30.38330 09 35 44.95 +21 27 11.4          19.8 Vrx5581703
     K08B15E  C2008 01 30.38977 09 35 51.72 +21 27 23.6          19.2 Vrx5581703
     K08B15E  C2008 01 30.39434 09 35 55.97 +21 27 27.7          18.8  cx5581704
     K08B15E  C2008 01 30.39624 09 35 58.48 +21 27 36.6          18.5 Vrx5581703
     K08B15E  C2008 01 30.40272 09 36 05.36 +21 27 49.2          18.8 Vrx5581703
     K08B15E  C2008 01 30.40688 09 36 09.18 +21 27 52.4          19.9  cx5581704
     K08B15E  C2008 01 30.41952 09 36 22.60 +21 28 14.9          19.1  cx5581704
     K08B15E  C2008 01 30.42937 09 36 32.05 +21 28 12.7          18.5 Rrx5581734
     K08B15E  C2008 01 30.43098 09 36 35.35 +21 28 42.2          18.9 Vrx5581703
     K08B15E  C2008 01 30.43141 09 36 34.27 +21 28 16.4          19.0 Rrx5581734
     K08B15E  C2008 01 30.43207 09 36 36.50 +21 28 43.1          19.4 Vrx5581703
     K08B15E  C2008 01 30.43219 09 36 36.08 +21 28 37.3          19.3  cx5581704
     K08B15E  C2008 01 30.43316 09 36 37.69 +21 28 46.0          19.5 Vrx5581703
     K08B15E  C2008 01 30.43345 09 36 36.42 +21 28 19.9          19.1 Rrx5581734
     K08B15E  C2008 01 30.43424 09 36 38.77 +21 28 47.8          19.0 Vrx5581703
     K08B15E  C2008 01 30.43549 09 36 38.71 +21 28 23.7          19.3 Rrx5581734
     K08B15E  C2008 01 30.48082 09 37 29.28 +21 30 11.8          18.7 Vrx5581703
     K08B15E  C2008 01 30.48135 09 37 29.82 +21 30 12.5          18.5 Vrx5581703
     K08B15E  C2008 01 30.48188 09 37 30.39 +21 30 13.3          18.4 Vrx5581703
     K08B15E  C2008 01 30.48242 09 37 31.00 +21 30 14.1          18.5 Vrx5581703
     K08B15E tC2008 01 31.32220 09 56 01.32 +21 58 52.9          18.8 Vox5581291
     K08B15E tC2008 01 31.32652 09 56 07.47 +21 59 02.3          18.7 Vox5581291
     K08B15E  C2008 01 31.40028 09 57 53.05 +22 01 21.2          18.9  cx5581704
     K08B15E  C2008 01 31.41286 09 58 11.47 +22 01 43.3          18.4  cx5581704
     K08B15E  C2008 01 31.42554 09 58 30.17 +22 02 06.6          19.4  cx5581704
     K08B15E  C2008 01 31.43812 09 58 48.88 +22 02 29.1          18.2  cx5581704
     K08B15E  C2008 01 31.45071 09 59 07.74 +22 02 51.2          19.1  cx5581704
     K08B15E 5C2008 02 01.43616 10 29 48.95 +22 30 37.8          18.2 Rox5581673
     K08B15E 5C2008 02 01.43866 10 29 54.24 +22 30 40.2                ox5581673
     K08B15E 5C2008 02 01.45197 10 30 22.61 +22 30 54.1                ox5581673
     K08B15E  C2008 02 02.00230410 53 09.18 +22 35 40.0                rx6383J95
     K08B15E  C2008 02 02.00372910 53 12.97 +22 35 40.4                rx6383J95
     K08B15E  C2008 02 02.00522110 53 16.95 +22 35 40.4          18.3 Rrx6383J95
     K08B15E  C2008 02 03.33996612 10 17.53 +21 27 45.2          19.2 Vox6383H55
     K08B15E  C2008 02 03.34173012 10 24.83 +21 27 32.0          19.2 Vox6383H55
     K08B15E  C2008 02 03.34344812 10 31.86 +21 27 18.9          20.0 Vox6383H55
     K08B15E  C2008 02 03.34495912 10 38.11 +21 27 08.0          19.8 Vox6383H55
     K08B15E  C2008 02 03.34625012 10 43.50 +21 26 58.3          19.2 Vox6383H55
