     K08E08D* C2008 03 08.16797 07 03 11.57 -09 08 42.9          17.1  cy2319704
     K08E08D  C2008 03 08.17919 07 03 29.37 -09 07 29.2          16.9  cy2319704
     K08E08D  C2008 03 08.19018 07 03 47.05 -09 06 15.1          17.2  cy2319704
     K08E08D  C2008 03 08.20105 07 04 04.74 -09 05 00.7          17.1  cy2319704
     K08E08D  C2008 03 08.21205 07 04 22.95 -09 03 43.9          17.2  cy2319704
     K08E08D tC2008 03 08.82929 07 31 00.28 -07 31 08.8          15.0 Roy2319246
     K08E08D tC2008 03 08.82991 07 31 02.46 -07 30 59.5                oy2319246
     K08E08D tC2008 03 08.83098 07 31 05.75 -07 30 46.3                oy2319246
     K08E08D tC2008 03 08.83165 07 31 07.90 -07 30 37.9                oy2319246
     K08E08D tC2008 03 08.83201 07 31 08.97 -07 30 33.4          15.2 Roy2319246
     K08E08D  C2008 03 08.86367 07 32 50.28 -07 23 35.5                oy2319046
     K08E08D  C2008 03 08.86415 07 32 51.81 -07 23 28.7          15.5 Roy2319046
     K08E08D  C2008 03 08.86448 07 32 52.93 -07 23 24.2                oy2319046
     K08E08D  C2008 03 08.86482 07 32 54.03 -07 23 19.7                oy2319046
     K08E08D  C2008 03 08.86516 07 32 55.08 -07 23 14.5                oy2319046
     K08E08D  C2008 03 08.86547 07 32 56.12 -07 23 10.5                oy2319046
     K08E08D  C2008 03 08.86578 07 32 57.16 -07 23 06.2                oy2319046
     K08E08D  C2008 03 09.00095 07 41 40.31 -06 29 50.4          15.6 Rry2319I77
     K08E08D  C2008 03 09.00124 07 41 41.39 -06 29 45.7          15.7 Rry2319I77
     K08E08D  C2008 03 09.00152 07 41 42.46 -06 29 40.9          15.5 Rry2319I77
     K08E08D  C2008 03 09.00181 07 41 43.52 -06 29 36.2          15.3 Rry2319I77
     K08E08D  C2008 03 09.00210 07 41 44.58 -06 29 31.2          15.4 Rry2319I77
     K08E08D  C2008 03 09.08175907 47 49.20 -06 25 44.4          15.7 Voy2319H55
     K08E08D  C2008 03 09.08275107 47 53.33 -06 25 26.8          15.5 Voy2319H55
     K08E08D  C2008 03 09.08373107 47 57.42 -06 25 09.5          15.6 Voy2319H55
     K08E08D  C2008 03 09.08490407 48 02.39 -06 24 48.3          15.9 Voy2319H55
     K08E08D  C2008 03 09.08627307 48 08.08 -06 24 24.2          15.8 Voy2319H55
     K08E08D  C2008 03 09.08766007 48 13.86 -06 23 59.7          15.7 Voy2319H55
     K08E08D  C2008 03 09.09889 07 49 28.56 -06 18 33.3          16.1 Vry2319G96
     K08E08D  C2008 03 09.09942 07 49 30.86 -06 18 23.6          15.8 Vry2319G96
     K08E08D  C2008 03 09.09995 07 49 33.27 -06 18 14.0          16.2 Vry2319G96
     K08E08D  C2008 03 09.10049 07 49 35.58 -06 18 03.7          16.0 Vry2319G96
     K08E08D tC2008 03 09.10443 07 49 53.01 -06 16 45.1          15.7 Voy2319291
     K08E08D tC2008 03 09.10845 07 50 10.10 -06 15 33.5          15.7 Voy2319291
     K08E08D tC2008 03 09.11460 07 50 36.68 -06 13 41.3          15.6 Voy2319291
     K08E08D  C2008 03 09.12409 07 51 16.88 -06 10 53.9          15.0 Vry2319G96
     K08E08D  C2008 03 09.12439 07 51 18.21 -06 10 48.2          14.9 Vry2319G96
     K08E08D  C2008 03 09.12469 07 51 19.54 -06 10 42.5          14.8 Vry2319G96
     K08E08D  C2008 03 09.12499 07 51 20.88 -06 10 37.0          14.7 Vry2319G96
     K08E08D  C2008 03 09.14500 07 52 15.15 -06 03 54.7          15.4 Voy2319H68
     K08E08D  C2008 03 09.14881 07 52 32.15 -06 02 39.8          15.7 Voy2319H68
     K08E08D  C2008 03 09.15017 07 52 38.22 -06 02 13.0          15.4 Voy2319H68
     K08E08D  C2008 03 09.15272 07 52 49.67 -06 01 22.5          15.3 Voy2319H68
     K08E08D  C2008 03 09.15395 07 52 55.23 -06 00 58.0          15.7 Voy2319H68
     K08E08D  C2008 03 09.16484 07 54 18.53 -05 57 35.4          14.8 Rcy2319651
     K08E08D  C2008 03 09.16525 07 54 20.25 -05 57 27.8          15.0 Rcy2319651
     K08E08D  C2008 03 09.16563 07 54 21.98 -05 57 20.4          15.0 Rcy2319651
     K08E08D  C2008 03 09.34375608 11 22.00 -04 20 14.8          14.2 Roy2319474
     K08E08D  C2008 03 09.34421908 11 24.75 -04 20 02.9          14.5 Roy2319474
     K08E08D  C2008 03 09.34514508 11 30.22 -04 19 38.0          13.9 Roy2319474
     K08E08D  C2008 03 09.34549208 11 32.29 -04 19 29.0          14.0 Roy2319474
     K08E08D  C2008 03 09.34583908 11 34.33 -04 19 19.5          13.9 Roy2319474
     K08E08D  C2008 03 09.34618308 11 36.37 -04 19 10.1          14.3 Roy2319474
     K08E08D  C2008 03 09.34653708 11 38.45 -04 19 00.6          14.1 Roy2319474
     K08E08D bC2008 03 09.39283608 16 19.96 -03 57 32.7          14.1 Roy2319474
     K08E08D bC2008 03 09.39341408 16 23.55 -03 57 16.3                oy2319474
     K08E08D bC2008 03 09.39387708 16 26.49 -03 57 03.3          14.3 Roy2319474
     K08E08D bC2008 03 09.39457208 16 30.86 -03 56 42.8          14.3 Roy2319474
     K08E08D bC2008 03 09.39549208 16 36.65 -03 56 16.1          14.3 Roy2319474
     K08E08D bC2008 03 09.39699708 16 46.09 -03 55 31.8          14.3 Roy2319474
     K08E08D bC2008 03 09.39780708 16 51.21 -03 55 08.9          14.3 Roy2319474
     K08E08D bC2008 03 09.39850108 16 55.56 -03 54 49.1          14.1 Roy2319474
     K08E08D  C2008 03 09.49580908 28 17.917-03 08 56.24         14.5 Rry2319E12
     K08E08D  C2008 03 09.49627908 28 21.260-03 08 40.56         14.3 Rry2319E12
     K08E08D  C2008 03 09.49653708 28 23.114-03 08 31.86         14.3 Rry2319E12
     K08E08D  C2008 03 09.49679608 28 24.957-03 08 23.08         14.2 Rry2319E12
     K08E08D  C2008 03 09.49752608 28 30.158-03 07 58.70         14.3 Rry2319E12
     K08E08D  C2008 03 09.49775408 28 31.812-03 07 51.11         14.4 Rry2319E12
     K08E08D  C2008 03 09.49801308 28 33.638-03 07 42.34         14.5 Rry2319E12
     K08E08D  C2008 03 09.49827508 28 35.509-03 07 33.56         14.6 Rry2319E12
     K08E08D  C2008 03 09.49852408 28 37.296-03 07 25.09         14.6 Rry2319E12
     K08E08D .C2008 03 09.54111 08 34 06.23 -02 41 32.9          14.2 Rry2319D90
     K08E08D .C2008 03 09.54147 08 34 08.97 -02 41 20.3          14.2 Rry2319D90
     K08E08D .C2008 03 09.54182 08 34 11.62 -02 41 07.4          14.3 Rry2319D90
     K08E08D .C2008 03 09.54218 08 34 14.35 -02 40 54.4          14.3 Rry2319D90
     K08E08D .C2008 03 09.54253 08 34 17.07 -02 40 42.3          14.3 Rry2319D90
     K08E08D  C2008 03 09.82572309 22 37.14 +00 03 35.6                ry2319J95
     K08E08D  C2008 03 09.82604709 22 40.92 +00 03 52.6                ry2319J95
     K08E08D  C2008 03 09.82637209 22 44.72 +00 04 09.1          13.7 Rry2319J95
     K08E08D  C2008 03 09.84007909 25 04.28 +00 17 22.8 MPS24231913.4 Vo62831B03
     K08E08D  C2008 03 09.84092409 25 14.17 +00 18 06.8 MPS24231913.4 Vo62831B03
     K08E08D  C2008 03 09.84147909 25 20.79 +00 18 37.2 MPS24231913.5 Vo62831B03
     K08E08D  C2008 03 09.84202309 25 27.24 +00 19 05.8 MPS24231913.7 Vo62831B03
     K08E08D  C2008 03 09.84257909 25 33.80 +00 19 34.5 MPS24231913.7 Vo62831B03
     K08E08D  C2008 03 09.88540 09 34 15.00 +00 58 30.7          13.6  ry2319A97
     K08E08D  C2008 03 09.88683 09 34 32.91 +00 59 50.5          13.7  ry2319A97
     K08E08D  C2008 03 09.88825 09 34 50.69 +01 01 10.8          13.7  ry2319A97
     K08E08D  C2008 03 09.88967 09 35 08.49 +01 02 29.8          13.8  ry2319A97
     K08E08D  C2008 03 09.89109 09 35 26.28 +01 03 50.1          13.9  ry2319A97
     K08E08D  C2008 03 09.89252 09 35 44.43 +01 05 11.0          13.7  ry2320A97
     K08E08D  C2008 03 09.89394 09 36 02.43 +01 06 31.9          13.3  ry2320A97
     K08E08D  C2008 03 09.90457 09 38 17.78 +01 16 36.7          13.5  ry2320A97
     K08E08D  C2008 03 09.90600 09 38 36.17 +01 17 59.5          13.6  ry2320A97
     K08E08D  C2008 03 09.90743 09 38 54.56 +01 19 21.7          13.6  ry2320A97
     K08E08D  C2008 03 09.90886 09 39 12.97 +01 20 44.1          13.6  ry2320A97
     K08E08D  C2008 03 09.90941609 39 48.40 +01 19 57.1                ry2320J95
     K08E08D  C2008 03 09.91011009 39 57.39 +01 20 37.2                ry2320J95
     K08E08D  C2008 03 09.91078609 40 06.17 +01 21 16.0          13.7 Rry2320J95
     K08E08D  C2008 03 09.93641 09 45 14.94 +01 47 37.3          13.3  ry2320A97
     K08E08D  C2008 03 09.93903 09 45 49.91 +01 50 13.2          13.4  ry2320A97
     K08E08D  C2008 03 09.94164 09 46 25.02 +01 52 49.8          13.6  ry2320A97
     K08E08D  C2008 03 09.94426 09 47 00.24 +01 55 24.9          13.3  ry2320A97
     K08E08D 2C2008 03 09.98306 09 55 28.77 +02 36 22.5          13.2  cy2320095
     K08E08D 2C2008 03 09.98336 09 55 33.04 +02 36 41.0          13.1  cy2320095
     K08E08D 2C2008 03 09.98354 09 55 35.61 +02 36 52.3          13.1  cy2320095
     K08E08D 2C2008 03 09.98372 09 55 38.20 +02 37 03.5          13.1  cy2320095
     K08E08D 2C2008 03 09.98453 09 55 49.69 +02 37 53.5          13.0  cy2320095
     K08E08D 2C2008 03 09.98474 09 55 52.74 +02 38 07.1          13.0  cy2320095
     K08E08D 2C2008 03 09.98495 09 55 55.80 +02 38 20.4          13.1  cy2320095
     K08E08D  C2008 03 09.98514 09 56 31.10 +02 36 52.7                oy2320046
     K08E08D 2C2008 03 09.98517 09 55 58.84 +02 38 33.6          13.1  cy2320095
     K08E08D 2C2008 03 09.98538 09 56 01.92 +02 38 47.0          13.1  cy2320095
     K08E08D  C2008 03 09.98545 09 56 35.49 +02 37 11.7                oy2320046
     K08E08D 2C2008 03 09.98559 09 56 04.96 +02 39 00.6          13.1  cy2320095
     K08E08D 2C2008 03 09.98581 09 56 08.02 +02 39 13.9          13.2  cy2320095
     K08E08D 2C2008 03 09.98602 09 56 11.07 +02 39 27.2          13.1  cy2320095
     K08E08D 2C2008 03 09.98624 09 56 14.14 +02 39 40.3          13.2  cy2320095
     K08E08D 2C2008 03 09.98645 09 56 17.20 +02 39 53.6          13.1  cy2320095
     K08E08D 2C2008 03 09.98699 09 56 24.86 +02 40 27.1          13.1  cy2320095
     K08E08D rC2008 03 09.99188 09 58 07.26 +02 43 53.3                oy2320046
     K08E08D  C2008 03 09.99212 09 58 10.82 +02 44 09.2                oy2320046
     K08E08D  C2008 03 09.99237 09 58 14.48 +02 44 25.0                oy2320046
     K08E08D  C2008 03 09.99263 09 58 18.17 +02 44 40.8                oy2320046
     K08E08D rC2008 03 09.99296 09 58 22.88 +02 45 01.8                oy2320046
     K08E08D rC2008 03 09.99333 09 58 28.19 +02 45 24.5                oy2320046
     K08E08D  C2008 03 09.99363 09 58 32.51 +02 45 44.4                oy2320046
     K08E08D rC2008 03 09.99428 09 58 41.78 +02 46 24.8                oy2320046
     K08E08D rC2008 03 09.99450 09 58 45.03 +02 46 38.5                oy2320046
     K08E08D rC2008 03 09.99472 09 58 48.17 +02 46 52.4                oy2320046
     K08E08D rC2008 03 09.99492 09 58 51.15 +02 47 05.2                oy2320046
     K08E08D rC2008 03 09.99517 09 58 54.66 +02 47 20.7                oy2320046
     K08E08D rC2008 03 09.99540 09 58 58.02 +02 47 35.2                oy2320046
     K08E08D rC2008 03 09.99565 09 59 01.60 +02 47 51.5                oy2320046
     K08E08D rC2008 03 09.99586 09 59 04.67 +02 48 04.3                oy2320046
     K08E08D  C2008 03 10.93376 14 24 06.42 +15 30 47.0          14.0  ry2320A97
     K08E08D  C2008 03 10.93519 14 24 23.16 +15 31 06.6          14.0  ry2320A97
     K08E08D  C2008 03 10.93661 14 24 39.75 +15 31 25.2          14.1  ry2320A97
     K08E08D  C2008 03 10.93803 14 24 56.30 +15 31 43.8          14.2  ry2320A97
     K08E08D  C2008 03 10.93946 14 25 12.93 +15 32 02.6          14.1  ry2320A97
     K08E08D  C2008 03 10.94089 14 25 29.43 +15 32 20.8          13.8  ry2320A97
     K08E08D  C2008 03 10.94233 14 25 46.14 +15 32 39.2          14.1  ry2320A97
     K08E08D  C2008 03 10.94797 14 26 51.12 +15 33 50.9          14.1  ry2320A97
     K08E08D  C2008 03 10.94940 14 27 07.49 +15 34 09.2          14.2  ry2320A97
     K08E08D  C2008 03 10.95084 14 27 23.93 +15 34 26.5          14.1  ry2320A97
     K08E08D  C2008 03 10.95227 14 27 40.19 +15 34 43.6          14.0  ry2320A97
     K08E08D  C2008 03 10.95369 14 27 56.36 +15 35 00.7          14.2  ry2320A97
     K08E08D  C2008 03 10.95511 14 28 12.53 +15 35 18.0          14.1  ry2320A97
     K08E08D  C2008 03 10.95586814 28 21.40 +15 35 29.2 MPS24232014.6 Vo62831B03
     K08E08D  C2008 03 10.95655 14 28 28.78 +15 35 36.2          14.3  ry2320A97
     K08E08D  C2008 03 10.95697914 28 33.97 +15 35 42.7 MPS24232014.9 Vo62831B03
     K08E08D  C2008 03 10.95809014 28 46.55 +15 35 55.8 MPS24232014.5 Vo62831B03
     K08E08D  C2008 03 10.95921314 28 59.10 +15 36 08.9 MPS24232014.7 Vo62831B03
     K08E08D  C2008 03 10.96032414 29 11.60 +15 36 22.0 MPS24232014.9 Vo62831B03
     K08E08D  C2008 03 10.96143514 29 24.09 +15 36 34.8 MPS24232014.5 Vo62831B03
     K08E08D  C2008 03 10.96256914 29 36.87 +15 36 47.7 MPS24232014.6 Vo62831B03
     K08E08D  C2008 03 11.21114 15 10 40.27 +15 59 20.2          14.8 Rry2320649
     K08E08D  C2008 03 11.21203 15 10 47.48 +15 59 23.0          14.9 Rry2320649
     K08E08D  C2008 03 11.21336 15 10 58.23 +15 59 27.4          15.0 Rry2320649
     K08E08D  C2008 03 11.21559 15 11 16.09 +15 59 34.7          15.1 Rry2320649
     K08E08D  C2008 03 11.21693 15 11 26.82 +15 59 39.0          15.1 Rry2320649
     K08E08D  C2008 04 02.39489617 45 02.62 +12 47 56.5                oy4825H55
     K08E08D  C2008 04 02.40562617 45 02.32 +12 47 55.6          21.7 Voy4825H55
     K08E08D  C2008 04 02.41635917 45 02.05 +12 47 54.2          21.6 Voy4825H55
     K08E08D  C2008 05 04.26390117 22 46.87 +10 43 51.1          23.0  oy9021H55
     K08E08D  C2008 05 04.27856917 22 45.67 +10 43 44.7          22.9  oy9021H55
     K08E08D  C2008 05 04.29210317 22 44.53 +10 43 37.6          23.1  oy9021H55
