     K08A04E* C2008 01 10.20616 05 29 22.27 +31 13 06.4          19.5  cx3507704
     K08A04E  C2008 01 10.21915 05 29 26.62 +31 14 41.4          20.2  cx3507704
     K08A04E  C2008 01 10.23244 05 29 31.10 +31 16 18.9          19.6  cx3507704
     K08A04E  C2008 01 10.24525 05 29 35.28 +31 17 51.5          20.2  cx3507704
     K08A04E  C2008 01 10.25817 05 29 39.76 +31 19 25.5          20.0  cx3507704
     K08A04E  C2008 01 11.26372 05 36 37.87 +33 27 01.8          19.2 Rrx3507734
     K08A04E  C2008 01 11.26568 05 36 38.56 +33 27 13.2          19.4 Rrx3507734
     K08A04E tC2008 01 11.31510 05 37 00.34 +33 34 02.9          19.6 Vox3507291
     K08A04E tC2008 01 11.31960 05 37 02.15 +33 34 37.5          19.8 Vox3507291
     K08A04E tC2008 01 11.32459 05 37 04.20 +33 35 16.6                ox3507291
     K08A04E HC2008 01 12.36088 05 45 32.38 +35 57 41.4                ox4372291
     K08A04E HC2008 01 12.36535 05 45 34.45 +35 58 20.9                ox4372291
     K08A04E HC2008 01 12.37021 05 45 37.42 +35 59 05.2                ox4372291
     K08A04E  C2008 01 13.78307 05 59 56.88 +39 29 11.2          18.9 Rrx4372B15
     K08A04E  C2008 01 13.78519 05 59 58.25 +39 29 31.4          19.0 Rrx4372B15
     K08A04E  C2008 01 13.79216 06 00 02.74 +39 30 37.8          19.2 Rrx4372B15
     K08A04E  C2008 01 15.28906606 18 57.19 +43 32 00.3          18.6 Vox4372H55
     K08A04E  C2008 01 15.29039706 18 58.25 +43 32 12.5          19.1 Vox4372H55
     K08A04E  C2008 01 15.29184306 18 59.46 +43 32 27.7          19.3 Vox4372H55
     K08A04E  C2008 01 15.29462606 19 01.73 +43 32 54.3          19.3 Vox4372H55
     K08A04E  C2008 01 16.09334906 31 38.63 +45 46 13.4          19.9  ox4372H55
     K08A04E  C2008 01 16.09596206 31 41.08 +45 46 40.5          19.4  ox4372H55
     K08A04E  C2008 01 16.09746906 31 42.57 +45 46 55.0          18.3  ox4372H55
     K08A04E  C2008 01 18.19183 07 13 41.52 +51 34 07.1          19.0 Vrx4372G96
     K08A04E  C2008 01 18.19563 07 13 46.66 +51 34 44.4          18.9 Vrx4373G96
     K08A04E  C2008 01 18.19939 07 13 51.74 +51 35 21.4          18.9 Vrx4373G96
     K08A04E  C2008 01 18.20330 07 13 57.03 +51 35 59.6          18.9 Vrx4373G96
     K08A04E  C2008 01 21.27667 08 46 19.52 +58 03 07.0          18.7 Vrx5543G96
     K08A04E  C2008 01 21.27749 08 46 21.18 +58 03 11.9          17.9 Vrx5543G96
     K08A04E  C2008 01 21.27833 08 46 22.90 +58 03 15.5          19.0 Vrx5543G96
     K08A04E  C2008 01 21.27913 08 46 24.49 +58 03 19.2          19.0 Vrx5543G96
     K08A04E  C2008 01 25.08633 11 04 38.19 +58 10 02.9                ox5543J95
     K08A04E  C2008 01 25.09015 11 04 45.28 +58 09 48.5          19.0 Rox5543J95
     K08A04E  C2008 01 31.27917 13 14 46.45 +47 01 12.6          20.0 Vrx5543H85
     K08A04E  C2008 01 31.30759 13 15 05.43 +46 58 09.2          19.8 Vrx5543H85
     K08A04E  C2008 01 31.33585 13 15 24.09 +46 55 03.2          19.9 Vrx5543H85
     K08A04E  C2008 02 16.36584614 29 07.34 +27 49 00.3          21.5 Vox9578H55
     K08A04E  C2008 02 16.41506914 29 09.99 +27 47 03.4          21.8 Vox9578H55
     K08A04E  C2008 02 16.42465814 29 10.48 +27 46 40.3          21.7 Vox9578H55
     K08A04E HC2008 02 24.46673 14 34 55.65 +23 23 55.8                ox9578291
     K08A04E HC2008 02 24.47230 14 34 55.55 +23 23 47.1                ox9578291
     K08A04E  C2008 03 11.31395214 28 01.36 +18 12 03.2          22.4 Voy2236H55
     K08A04E  C2008 03 11.32511314 28 00.53 +18 11 53.5          22.3 Voy2236H55
     K08A04E  C2008 03 11.33619714 27 59.73 +18 11 43.5          22.3 Voy2236H55
