g4532K08E97Z  C2008 03 15.49955 16 33 34.20 -12 04 24.4          19.5 Vry4157G96
g4532K08E97Z  C2008 03 15.50462 16 33 35.02 -12 04 26.7          19.4 Vry4157G96
g4532K08E97Z  C2008 03 15.50956 16 33 35.85 -12 04 29.2          19.4 Vry4157G96
g4532K08E97Z  C2008 03 15.51462 16 33 36.72 -12 04 31.8          19.7 Vry4157G96
g4532K08E97Z* C2008 03 15.52245 16 33 38.01 -12 04 35.8          19.9 Vry4157G96
g4532K08E97Z  C2008 03 15.52301 16 33 38.12 -12 04 36.3          19.3 Vry4157G96
g4532K08E97Z  C2008 03 15.52354 16 33 38.19 -12 04 36.1          19.9 Vry4157G96
g4532K08E97Z  C2008 03 15.52407 16 33 38.30 -12 04 36.5          19.8 Vry4157G96
g4532K08E97Z  C2008 03 19.42050 16 44 51.87 -12 37 17.1          19.8 Roy4157H01
g4532K08E97Z  C2008 03 19.42227 16 44 52.18 -12 37 18.1          19.7 Roy4157H01
g4532K08E97Z  C2008 03 19.43262 16 44 53.95 -12 37 23.4          19.7 Roy4157H01
g4532K08E97Z  C2008 03 19.45322 16 44 57.48 -12 37 33.9          19.5 Roy4157H01
g4532K08E97Z  C2008 03 20.39990 16 47 43.91 -12 45 33.3          19.5 Roy4157H01
g4532K08E97Z  C2008 03 20.40107 16 47 44.12 -12 45 34.0          19.7 Roy4157H01
g4532K08E97Z  C2008 03 20.40947 16 47 45.57 -12 45 38.3          19.6 Roy4157H01
g4532K08E97Z  C2008 03 24.47469 16 59 51.50 -13 20 18.2          19.7 Rry4157448
g4532K08E97Z  C2008 03 24.48925 16 59 54.15 -13 20 25.7          19.0 Rry4157448
g4532K08E97Z  C2008 03 24.50226 16 59 56.29 -13 20 31.9          19.9 Rry4157448
g4532K08E97Z HC2008 03 25.42720 17 02 44.86 -13 28 29.2                oy4157291
g4532K08E97Z  C2008 03 25.43101 17 02 45.52 -13 28 31.6                oy4157291
g4532K08E97Z 5C2008 04 04.49317 17 34 24.82 -14 57 39.2          19.2 Roy4835673
g4532K08E97Z 5C2008 04 04.49769 17 34 25.63 -14 57 41.4                oy4835673
g4532K08E97Z 5C2008 04 04.50324 17 34 26.71 -14 57 44.5                oy4835673
g4532K08E97Z 5C2008 04 04.50775 17 34 27.62 -14 57 47.0                oy4835673
g4532K08E97Z 3C2008 04 14.60947 18 08 30.22 -16 33 15.9          18.9 Roy7642F65
g4532K08E97Z 3C2008 04 14.61672 18 08 31.65 -16 33 19.7          18.7 Roy7642F65
g4532K08E97Z  C2008 04 16.38061118 14 43.12 -16 50 48.6          19.9 Voy7642H55
g4532K08E97Z  C2008 04 16.38366918 14 43.80 -16 50 50.9          19.5 Voy7642H55
g4532K08E97Z  C2008 04 16.38763218 14 44.64 -16 50 54.2                oy7642H55
g4532K08E97Z  C2008 05 02.51151 19 14 22.42 -19 39 36.8          18.4 Vry9025F85
g4532K08E97Z  C2008 05 02.53292 19 14 27.20 -19 39 51.4          18.7 Vry9025F85
g4532K08E97Z  C2008 05 05.45401 19 25 42.94 -20 12 18.6          18.0 Rry9025448
g4532K08E97Z  C2008 05 05.46010 19 25 44.31 -20 12 22.6          18.2 Rry9025448
g4532K08E97Z  C2008 05 05.46938 19 25 46.40 -20 12 27.8          18.4 Rry9025448
g4532K08E97Z  C2008 05 09.10919 19 39 55.58 -20 53 09.5                oz0330204
g4532K08E97Z  C2008 05 09.11419 19 39 56.73 -20 53 13.3          18.2 Roz0330204
g4532K08E97Z  C2008 05 16.39223 20 08 22.34 -22 15 26.7          18.8 Rcz0270H51
g4532K08E97Z  C2008 05 16.39348 20 08 22.63 -22 15 27.6          18.8 Rcz0270H51
g4532K08E97Z  C2008 05 16.39601 20 08 23.21 -22 15 30.5          19.3 Rcz0270H51
g4532K08E97Z  C2008 05 21.38851620 27 44.46 -23 11 59.4          18.4 Voz0330H55
g4532K08E97Z  C2008 05 21.39106420 27 45.05 -23 12 01.3          18.4 Voz0330H55
g4532K08E97Z  C2008 05 21.39347720 27 45.55 -23 12 03.0          18.6 Voz0330H55
g4532K08E97Z  C2008 05 21.39545320 27 46.03 -23 12 04.3          18.5 Voz0330H55
g4532K08E97Z  C2008 05 21.39737520 27 46.42 -23 12 05.5          18.4 Voz0330H55
g4532K08E97Z  C2008 05 29.38457720 57 49.08 -24 41 49.6          18.9  oz0586H55
g4532K08E97Z  C2008 05 29.38819920 57 49.82 -24 41 51.9          18.8  oz0586H55
g4532K08E97Z  C2008 05 29.39195020 57 50.62 -24 41 54.6          18.8  oz0586H55
g4532K08E97Z ,C2008 05 30.37204 21 01 24.29 -24 52 30.0          17.9 Roz0586807
g4532K08E97Z ,C2008 05 30.37288 21 01 24.47 -24 52 30.6          17.8 Roz0586807
g4532K08E97Z ,C2008 05 30.37419 21 01 24.74 -24 52 31.5          17.8 Roz0586807
g4532K08E97Z ,C2008 05 30.37509 21 01 24.93 -24 52 32.0          17.9 Roz0586807
g4532K08E97Z ,C2008 05 30.37609 21 01 25.14 -24 52 32.1          17.8 Roz0586807
g4532K08E97Z ,C2008 05 30.37668 21 01 25.26 -24 52 33.2          17.8 Roz0586807
g4532K08E97Z ,C2008 05 30.37726 21 01 25.38 -24 52 33.5          17.8 Roz0586807
g4532K08E97Z ,C2008 05 30.37785 21 01 25.50 -24 52 33.9          17.8 Roz0586807
g4532K08E97Z ,C2008 05 30.37843 21 01 25.63 -24 52 34.3          17.9 Roz0586807
g4532K08E97Z ,C2008 05 30.37903 21 01 25.75 -24 52 34.7          17.9 Roz0586807
g4532K08E97Z ,C2008 05 30.37980 21 01 25.91 -24 52 35.2          17.9 Roz0586807
g4532K08E97Z  C2008 06 07.69377 21 30 07.63 -26 25 00.7          17.9 Vrz1421E12
g4532K08E97Z  C2008 06 07.70928 21 30 10.51 -26 25 11.2          18.1 Vrz1421E12
g4532K08E97Z  C2008 06 07.72493 21 30 13.42 -26 25 21.9          18.1 Vrz1421E12
g4532K08E97Z  C2008 06 07.74171 21 30 16.56 -26 25 33.8          17.8 Vrz1421E12
g4532K08E97Z  C2008 07 03.67108 22 33 38.84 -31 12 39.6          18.1 Vrz2078E12
g4532K08E97Z  C2008 07 03.68506 22 33 40.06 -31 12 49.7          17.9 Vrz2078E12
g4532K08E97Z  C2008 07 26.07617 22 47 51.21 -34 52 58.5          17.0 Rcz3105844
g4532K08E97Z  C2008 07 26.07794 22 47 51.15 -34 52 59.4          16.9 Rcz3105844
g4532K08E97Z  C2008 07 26.07968 22 47 51.16 -34 53 00.1          17.2 Rcz3105844
g4532K08E97Z  C2008 07 26.08896 22 47 51.04 -34 53 04.8          17.0 Rcz3105844
g4532K08E97Z  C2008 07 26.09159 22 47 50.92 -34 53 06.2          17.1 Rcz3105844
g4532K08E97Z  C2008 07 26.10378 22 47 50.85 -34 53 12.6          17.0 Rcz3105844
g4532K08E97Z  C2008 08 02.70345 22 44 51.50 -35 40 33.4          18.1 Vrz3621E12
g4532K08E97Z  C2008 08 02.70994 22 44 51.25 -35 40 35.2          18.2 Vrz3621E12
g4532K08E97Z  C2008 08 02.71640 22 44 50.96 -35 40 37.6          17.8 Vrz3621E12
g4532K08E97Z  C2008 08 02.72291 22 44 50.67 -35 40 38.9          18.0 Vrz3621E12
g4532K08E97Z  C2008 08 13.23299 22 36 51.06 -36 04 54.5                rz4364808
g4532K08E97Z  C2008 08 13.23993 22 36 50.46 -36 04 54.3                rz4364808
g4532K08E97Z  C2008 08 13.24688 22 36 50.07 -36 04 54.0                rz4364808
g4532K08E97Z  C2008 08 28.64391 22 23 18.60 -35 06 04.3          18.4 Vrz5927E12
g4532K08E97Z  C2008 08 28.65699 22 23 17.91 -35 05 58.2          18.5 Vrz5927E12
g4532K08E97Z  C2008 08 28.67012 22 23 17.23 -35 05 52.2          18.6 Vrz5927E12
g4532K08E97Z  C2008 08 28.68315 22 23 16.54 -35 05 45.5          18.6 Vrz5927E12
g4532K08E97Z 2C2009 12 09.47307904 34 53.783+22 43 20.41         23.0 RL~0Csc568
g4532K08E97Z 2C2009 12 09.47629204 34 53.577+22 43 20.19         23.1 RL~0Csc568
g4532K08E97Z 2C2009 12 19.51606904 24 43.363+22 34 39.12         23.2 RL~0Csc568
g4532K08E97Z 2C2009 12 19.51991004 24 43.144+22 34 38.97         22.8 RL~0Csc568
g4532K08E97Z 2C2009 12 19.52403704 24 42.902+22 34 38.72         23.3 RL~0Csc568
g4532K08E97Z HC2012 09 18.34220 02 20 18.95 +02 25 44.7          21.0 Ro~0ij6291
g4532K08E97Z HC2012 09 18.34605 02 20 18.78 +02 25 44.2          20.8 Ro~0ij6291
g4532K08E97Z HC2012 09 18.34894 02 20 18.65 +02 25 43.1          20.7 Ro~0ij6291
g4532K08E97Z  c2012 10 17.39621101 47 56.945+00 16 40.00         21.0 wL~0jZcF51
g4532K08E97Z  c2012 10 17.40960201 47 55.923+00 16 37.32         20.9 wL~0jZcF51
g4532K08E97Z  c2012 10 17.42301601 47 54.889+00 16 34.58         21.1 wL~0jZcF51
g4532K08E97Z  c2012 10 17.43655101 47 53.867+00 16 31.88         21.0 wL~0jZcF51
g4532K08E97Z  c2012 11 06.29897301 26 12.708-00 20 34.66         21.4 wL~0khvF51
g4532K08E97Z  c2012 11 06.31392601 26 11.896-00 20 34.99         21.4 wL~0khvF51
g4532K08E97Z  c2012 11 06.32886701 26 11.057-00 20 35.00         21.6 wL~0khvF51
g4532K08E97Z  c2012 11 06.34380001 26 10.227-00 20 35.06         21.6 wL~0khvF51
g4532K08E97Z  C2015 01 17.57615 09 55 03.472+24 55 24.67         21.8 wL~1GjMF51
g4532K08E97Z  C2015 01 17.58848 09 55 02.895+24 55 30.48         22.0 wL~1GjMF51
g4532K08E97Z  C2015 01 17.60082 09 55 02.289+24 55 36.65         22.0 wL~1GjMF51
g4532K08E97Z  C2015 01 20.34896 09 52 51.11 +25 17 38.2          21.1 Vq~1GjMG96
g4532K08E97Z  C2015 01 20.35628 09 52 50.73 +25 17 42.1          21.2 Vq~1GjMG96
g4532K08E97Z  C2015 01 20.36361 09 52 50.36 +25 17 45.5          21.3 Vq~1GjMG96
g4532K08E97Z  C2015 01 20.37093 09 52 49.95 +25 17 48.9          21.6 Vq~1GjMG96
g4532K08E97Z  C2015 01 20.38307 09 52 49.572+25 17 55.53         21.8 wL~1GjMF51
g4532K08E97Z  C2015 01 20.39511 09 52 48.954+25 18 01.81         22.2 wL~1GjMF51
g4532K08E97Z  C2015 01 20.40736 09 52 48.307+25 18 07.53         21.9 wL~1GjMF51
g4532K08E97Z  C2015 01 20.41946 09 52 47.688+25 18 13.48         22.0 wL~1GjMF51
