     K08W96K* C2008 11 30.38762 09 15 22.39 +28 08 51.2          18.5 Vr~0219703
     K08W96K  C2008 11 30.39985 09 15 12.16 +28 11 02.5          18.4 Vr~0219703
     K08W96K  C2008 11 30.41206 09 15 01.94 +28 13 12.6          19.0 Vr~0219703
     K08W96K  C2008 11 30.47855 09 14 05.98 +28 24 53.4          18.8 Vr~0219703
     K08W96K  C2008 11 30.47980 09 14 04.91 +28 25 05.9          19.0 Vr~0219703
     K08W96K  C2008 11 30.48102 09 14 03.91 +28 25 18.8          19.0 Vr~0219703
     K08W96K  C2008 11 30.48226 09 14 02.83 +28 25 31.5          19.0 Vr~021A703
     K08W96K  C2008 12 01.00794 09 07 26.69 +29 50 49.7          18.5 Vo~021AA74
     K08W96K  C2008 12 01.01356 09 07 22.34 +29 51 43.5          18.4 Vo~021AA74
     K08W96K  C2008 12 01.02479 09 07 13.72 +29 53 31.3          18.7 Vo~021AA74
     K08W96K  C2008 12 01.33370 09 03 29.91 +30 40 57.2          18.1 Ro~021A648
     K08W96K  C2008 12 01.33969 09 03 25.42 +30 41 52.0          18.2 Ro~021A648
     K08W96K  C2008 12 01.34795 09 03 19.17 +30 43 07.6          18.7 Ro~021A648
     K08W96K  C2008 12 02.19636 08 53 23.79 +32 38 32.5                r~021AJ95
     K08W96K  C2008 12 02.19914 08 53 21.84 +32 38 54.0                r~021AJ95
     K08W96K  C2008 12 02.20247 08 53 19.47 +32 39 19.2          18.7 Rr~021AJ95
     K08W96K tC2008 12 04.53327 08 29 59.61 +36 41 54.2          19.7 Vo~021A291
     K08W96K tC2008 12 04.53769 08 29 57.00 +36 42 15.6          20.1 Vo~021A291
     K08W96K tC2008 12 04.54287 08 29 54.00 +36 42 41.2          19.9 Vo~021A291
     K08W96K  C2008 12 05.34701 08 23 00.52 +37 46 05.6          20.1 Vo~02ImH55
     K08W96K  C2008 12 05.34964 08 22 59.09 +37 46 17.5          20.0 Vo~02ImH55
     K08W96K  C2008 12 05.35252 08 22 57.52 +37 46 30.7          19.9 Vo~02ImH55
     K08W96K tC2008 12 05.52454 08 21 26.73 +37 59 11.8          19.5 Vo~021A291
     K08W96K tC2008 12 05.52957 08 21 24.04 +37 59 33.2          19.2 Vo~021A291
     K08W96K tC2008 12 05.53502 08 21 21.11 +37 59 55.0          19.2 Vo~021A291
     K08W96K  C2008 12 07.20296 08 08 29.57 +39 44 23.4                r~02ImJ95
     K08W96K  C2008 12 07.20604 08 08 28.14 +39 44 33.0                r~02ImJ95
     K08W96K  C2008 12 07.20912 08 08 26.72 +39 44 42.7          19.0 Rr~02ImJ95
     K08W96K  C2008 12 07.26798 08 08 07.35 +39 48 10.7          20.3 Vo~02ImH55
     K08W96K  C2008 12 07.27147 08 08 05.76 +39 48 22.8          20.3 Vo~02ImH55
     K08W96K  C2008 12 07.27451 08 08 04.35 +39 48 33.3          20.3 Vo~02ImH55
     K08W96K  C2008 12 08.04161 08 02 41.68 +40 27 49.5                v~02N2204
     K08W96K  C2008 12 08.04759 08 02 39.05 +40 28 07.4          19.2 Rv~02N2204
     K08W96K  C2008 12 08.05385 08 02 36.30 +40 28 26.0                v~02N2204
     K08W96K  C2008 12 11.27322 07 43 12.03 +42 31 26.0          20.0 Vo~02N2H55
     K08W96K  C2008 12 11.27599 07 43 11.10 +42 31 31.4          20.1 Vo~02N2H55
     K08W96K  C2008 12 11.27913 07 43 09.94 +42 31 37.4          19.7 Vo~02N2H55
     K08W96K  C2008 12 16.39575 07 19 36.08 +44 17 07.8          20.5 Rr~02N2448
     K08W96K  C2008 12 16.44151 07 19 23.98 +44 17 41.3          21.0 Rr~02N2448
     K08W96K  C2008 12 21.52469 07 02 00.55 +45 00 00.8          21.2 Rv~02QkH01
     K08W96K  C2008 12 21.52738 07 02 00.05 +45 00 00.9          21.0 Rv~02QkH01
     K08W96K  C2008 12 21.52966 07 01 59.62 +45 00 01.3          20.9 Rv~02QkH01
     K08W96K  C2008 12 22.51214 06 59 09.57 +45 03 42.2          21.3 Vo~02Qk291
     K08W96K  C2008 12 22.51750 06 59 08.59 +45 03 42.3          21.4 Vo~02Qk291
     K08W96K  C2008 12 22.52386 06 59 07.47 +45 03 42.6          21.3 Vo~02Qk291
     K08W96K  C2008 12 30.21016706 41 38.19 +44 57 52.9          21.7 Vo~02jRH55
     K08W96K  C2008 12 30.22174006 41 36.91 +44 57 49.8          21.6 Vo~02jRH55
     K08W96K  C2008 12 30.23330806 41 35.33 +44 57 49.0          21.8 Vo~02jRH55
