     K08F07L* C2008 03 31.44407 15 10 17.18 -04 32 23.8          20.3 Vry4844G96
     K08F07L  C2008 03 31.45018 15 10 17.32 -04 32 48.1          20.3 Vry4844G96
     K08F07L  C2008 03 31.45634 15 10 17.47 -04 33 11.8          20.6 Vry4844G96
     K08F07L  C2008 03 31.46249 15 10 17.61 -04 33 35.2          20.3 Vry4844G96
     K08F07L  C2008 03 31.48478 15 10 18.22 -04 35 01.1          21.0 Vry4844G96
     K08F07L  C2008 03 31.48532 15 10 18.22 -04 35 03.4          20.9 Vry4844G96
     K08F07L  C2008 03 31.48587 15 10 18.22 -04 35 05.2          20.5 Vry4844G96
     K08F07L  C2008 03 31.48640 15 10 18.23 -04 35 07.8          21.3 Vry4844G96
     K08F07L  C2008 04 01.44290 15 11 13.01 -05 34 16.6          20.8 Vry4844G96
     K08F07L  C2008 04 01.44858 15 11 13.11 -05 34 36.6          21.3 Vry4844G96
     K08F07L  C2008 04 01.45427 15 11 13.20 -05 34 57.2          20.7 Vry4844G96
     K08F07L  C2008 04 01.45986 15 11 13.32 -05 35 16.6          21.0 Vry4844G96
     K08F07L  C2008 04 02.31599015 11 56.01 -06 24 22.2          20.7  oy4844H55
     K08F07L  C2008 04 02.31854515 11 56.03 -06 24 30.9          20.7  oy4844H55
     K08F07L  C2008 04 02.32223615 11 56.06 -06 24 43.2          20.7  oy4844H55
     K08F07L  C2008 04 03.31202015 12 34.52 -07 17 06.5          21.1 Voy4844H55
     K08F07L HC2008 04 03.31238 15 12 36.61 -07 16 57.1                oy4844291
     K08F07L HC2008 04 03.31614 15 12 36.66 -07 17 08.5                oy4844291
     K08F07L  C2008 04 03.31759115 12 34.52 -07 17 24.3          21.1 Voy4844H55
     K08F07L  C2008 04 03.32097 15 12 36.66 -07 17 23.8                oy4844291
     K08F07L  C2008 04 03.32343815 12 34.63 -07 17 41.4          21.1 Voy4844H55
     K08F07L  C2008 04 03.32649 15 12 36.69 -07 17 40.6                oy4844291
     K08F07L HC2008 04 03.33041 15 12 36.74 -07 17 51.6                oy4844291
     K08F07L  C2008 04 03.33421 15 12 36.73 -07 18 04.0                oy4844291
     K08F07L HC2008 04 04.41089 15 13 06.77 -08 10 28.1          21.5 Voy5845691
     K08F07L HC2008 04 04.42850 15 13 06.66 -08 11 15.0          21.2 Voy5845691
     K08F07L HC2008 04 04.44609 15 13 06.58 -08 12 04.0          21.3 Voy5845691
     K08F07L  C2008 04 06.38809215 13 44.31 -09 35 54.6          20.9 Voy5845H55
     K08F07L HC2008 04 06.39250 15 13 46.07 -09 35 58.3          21.2 Voy5845691
     K08F07L  C2008 04 06.39668115 13 44.23 -09 36 15.8          21.3 Voy5845H55
     K08F07L  C2008 04 06.40526615 13 44.11 -09 36 35.4          21.4 Voy5845H55
     K08F07L HC2008 04 06.41013 15 13 45.75 -09 36 40.7          21.1 Voy5845691
     K08F07L HC2008 04 06.42776 15 13 45.44 -09 37 25.0          21.3 Voy5845691
