     K08W00L* C2008 11 18.39602 07 50 20.70 +75 03 46.7          19.1  c~01Pw704
     K08W00L  C2008 11 18.40932 07 50 06.05 +75 01 24.5          19.4  c~01Pw704
     K08W00L  C2008 11 18.42258 07 49 51.09 +74 59 01.3          19.5  c~01Pw704
     K08W00L  C2008 11 18.43585 07 49 36.24 +74 56 38.8          19.2  c~01Pw704
     K08W00L  C2008 11 18.44913 07 49 21.60 +74 54 15.8          19.7  c~01Pw704
     K08W00L  C2008 11 19.27490 07 37 53.05 +72 25 32.8          19.4 Vo~01PwH55
     K08W00L  C2008 11 19.27731 07 37 51.13 +72 25 08.0          19.4 Vo~01PwH55
     K08W00L  C2008 11 19.27954 07 37 49.41 +72 24 45.3          19.3 Vo~01PwH55
     K08W00L 5C2008 11 19.42552 07 36 01.70 +71 59 14.2          18.5 Ro~01Pw673
     K08W00L 5C2008 11 19.42969 07 35 58.39 +71 58 29.8                o~01Pw673
     K08W00L 5C2008 11 19.43594 07 35 53.45 +71 57 24.2                o~01Pw673
     K08W00L  C2008 11 19.43904 07 35 48.11 +71 56 55.0          19.2  c~01Pw704
     K08W00L 5C2008 11 19.44010 07 35 50.32 +71 56 40.5                o~01Pw673
     K08W00L  C2008 11 19.45162 07 35 38.15 +71 54 42.4          19.2  c~01Pw704
     K08W00L  C2008 11 19.45963 07 35 31.96 +71 53 17.0          19.0  c~01Pw704
     K08W00L  C2008 11 19.46415 07 35 28.36 +71 52 29.1          19.1  c~01Pw704
     K08W00L  C2008 11 19.47282 07 35 21.80 +71 50 55.6          19.1  c~01Pw704
     K08W00L  C2008 11 19.47668 07 35 18.71 +71 50 15.0          18.9  c~01Pw704
     K08W00L  C2008 11 19.48595 07 35 11.73 +71 48 36.6          18.9  c~01Pw704
     K08W00L  C2008 11 19.48932 07 35 09.06 +71 48 00.2          18.8  c~01Pw704
     K08W00L  C2008 11 19.49910 07 35 01.50 +71 46 14.8          19.3  c~01Pw704
     K08W00L  C2008 11 19.51228 07 34 51.58 +71 43 53.8          19.4  c~01Pw704
     K08W00L  C2008 11 19.73279 07 32 44.21 +71 03 14.3          18.6 Rv~01hV204
     K08W00L  C2008 11 19.74093 07 32 39.79 +71 01 50.5                v~01hV204
     K08W00L  C2008 11 19.74736 07 32 36.10 +71 00 44.7                v~01hV204
     K08W00L  C2008 11 21.42104 07 18 50.05 +66 19 15.5          19.3 Vo~01hVH55
     K08W00L  C2008 11 21.42269 07 18 49.30 +66 18 59.2          19.4 Vo~01hVH55
     K08W00L  C2008 11 21.42426 07 18 48.49 +66 18 44.9          19.2 Vo~01hVH55
     K08W00L  C2008 11 22.26111 07 14 03.90 +64 04 37.7          18.5 Vo~020hH55
     K08W00L  C2008 11 22.26425 07 14 02.74 +64 04 08.5          19.2 Vo~020hH55
     K08W00L  C2008 11 23.29150 07 09 03.22 +61 27 24.2          19.3 Vo~01hVH55
     K08W00L  C2008 11 23.29264 07 09 02.87 +61 27 14.3          19.1 Vo~01hVH55
     K08W00L  C2008 11 23.29375 07 09 02.53 +61 27 04.4          19.0 Vo~01hVH55
     K08W00L  C2008 11 23.29482 07 09 02.17 +61 26 55.4          19.0 Vo~01hVH55
     K08W00L  C2008 11 23.44547 07 08 16.46 +61 04 39.8          18.4 Rr~01hVH36
     K08W00L  C2008 11 23.45099 07 08 14.70 +61 03 51.8          18.4 Rr~01hVH36
     K08W00L  C2008 11 25.28544 07 01 35.91 +56 46 34.6          19.0 Vo~01hVH55
     K08W00L  C2008 11 25.28712 07 01 35.50 +56 46 21.4          19.0 Vo~01hVH55
     K08W00L  C2008 11 25.28869 07 01 35.16 +56 46 09.1          19.0 Vo~01hVH55
     K08W00L  C2008 11 25.29025 07 01 34.77 +56 45 56.8          19.1 Vo~01hVH55
     K08W00L  C2008 11 25.29223 07 01 34.33 +56 45 41.3          19.1 Vo~01hVH55
     K08W00L  C2008 11 26.38953 06 58 13.17 +54 24 11.6          19.4 Vo~01hVH55
     K08W00L  C2008 11 26.39157 06 58 12.74 +54 23 56.1          19.4 Vo~01hVH55
     K08W00L  C2008 11 26.39361 06 58 12.32 +54 23 40.6          19.3 Vo~01hVH55
     K08W00L  C2008 11 26.39592 06 58 11.84 +54 23 23.1          19.4 Vo~01hVH55
     K08W00L  C2008 11 26.76723 06 57 17.84 +53 36 26.9          18.6 Vo~01hV151
     K08W00L  C2008 11 26.76956 06 57 17.36 +53 36 10.3          18.5 Vo~01hV151
     K08W00L  C2008 11 26.77189 06 57 16.97 +53 35 53.5          18.9 Vo~01hV151
     K08W00L  C2008 11 27.29002 06 55 53.19 +52 34 33.4          19.3 Vo~020hH55
     K08W00L  C2008 11 27.29369 06 55 52.51 +52 34 07.8          19.3 Vo~020hH55
     K08W00L  C2008 11 27.29717 06 55 51.87 +52 33 43.2          19.4 Vo~020hH55
     K08W00L  C2008 12 02.33254 06 45 30.25 +43 58 06.1          18.7 Rr~020h448
     K08W00L  C2008 12 02.34205 06 45 29.03 +43 57 16.4          18.7 Rr~020h448
     K08W00L  C2008 12 02.35119 06 45 27.83 +43 56 29.0          19.0 Rr~020h448
     K08W00L  C2008 12 05.35222 06 40 42.46 +39 54 50.5          19.3 Vo~02IZH55
     K08W00L  C2008 12 05.35361 06 40 42.31 +39 54 44.5          19.4 Vo~02IZH55
     K08W00L  C2008 12 05.35508 06 40 42.13 +39 54 37.9          19.3 Vo~02IZH55
     K08W00L  C2008 12 05.35667 06 40 41.97 +39 54 30.9          19.4 Vo~02IZH55
     K08W00L  C2008 12 05.35831 06 40 41.79 +39 54 23.5          19.3 Vo~02IZH55
     K08W00L  C2008 12 05.35994 06 40 41.62 +39 54 16.2          19.4 Vo~02IZH55
     K08W00L  C2008 12 11.26203 06 33 06.38 +33 45 21.3          19.1 Vo~02N0H55
     K08W00L  C2008 12 11.26573 06 33 06.08 +33 45 09.6          19.1 Vo~02N0H55
     K08W00L  C2008 12 11.26937 06 33 05.75 +33 44 57.9          19.1 Vo~02N0H55
     K08W00L  C2008 12 19.81294 06 24 41.95 +27 43 57.7          19.0 Cv~02QWB15
     K08W00L  C2008 12 28.83679 06 18 35.45 +23 43 28.9          18.9 Rr~02j2A17
     K08W00L  C2008 12 28.85691 06 18 34.79 +23 43 03.3          19.0 Rr~02j2A17
     K08W00L  C2008 12 28.87471 06 18 34.14 +23 42 42.9          19.3 Rr~02j2A17
     K08W00L  C2008 12 30.19212 06 17 55.39 +23 16 11.1          20.2 Vo~02j2H55
     K08W00L  C2008 12 30.19597 06 17 55.24 +23 16 06.4          20.0 Vo~02j2H55
     K08W00L  C2008 12 30.20071 06 17 55.06 +23 16 01.1          20.1 Vo~02j2H55
     K08W00L HC2009 01 02.11382 06 16 45.14 +22 23 13.4          20.2 Vo~034a691
     K08W00L HC2009 01 02.13199 06 16 44.65 +22 22 55.5          20.5 Vo~034a691
     K08W00L HC2009 01 02.15016 06 16 44.20 +22 22 37.6                o~034a691
     K08W00L HC2009 01 16.08433 06 15 22.13 +19 36 42.7                o~03K8691
     K08W00L HC2009 01 16.10163 06 15 22.29 +19 36 35.2                o~03K8691
     K08W00L HC2009 01 16.11523 06 15 22.33 +19 36 29.5                o~03K8691
