     K08O00O* C2008 07 26.09211 21 05 58.96 -16 48 34.7          17.9 Vrz3143J75
     K08O00O  C2008 07 26.10589 21 05 55.63 -16 48 36.2          18.0 Vrz3143J75
     K08O00O  C2008 07 26.11962 21 05 52.31 -16 48 38.3          17.9 Vrz3143J75
     K08O00O  C2008 07 26.63761 21 03 54.66 -16 49 46.7                rz3143900
     K08O00O  C2008 07 26.64237 21 03 53.52 -16 49 47.2          18.3 Vrz3143900
     K08O00O  C2008 07 26.65971 21 03 49.06 -16 49 21.6          18.4 Vrz3143E12
     K08O00O  C2008 07 26.66024 21 03 48.92 -16 49 21.3          18.3 Vrz3143E12
     K08O00O  C2008 07 26.66131 21 03 48.70 -16 49 21.3          18.2 Vrz3143E12
     K08O00O  C2008 07 26.66184 21 03 48.56 -16 49 21.4          18.4 Vrz3143E12
     K08O00O  C2008 07 26.87114 21 03 03.17 -16 50 15.3          17.8 Rrz3143B40
     K08O00O  C2008 07 26.88526 21 03 00.08 -16 50 17.8          18.1 Rrz3143620
     K08O00O  C2008 07 26.88861 21 02 59.10 -16 50 17.3          17.8 Rrz3143B40
     K08O00O  C2008 07 26.89392 21 02 58.11 -16 50 18.5          18.1 Rrz3143620
     K08O00O  C2008 07 26.90258 21 02 56.08 -16 50 19.2          17.8 Rrz3143620
     K08O00O  C2008 07 26.90609 21 02 55.06 -16 50 19.4          18.0 Rrz3143B40
     K08O00O  C2008 07 26.91149 21 02 54.06 -16 50 20.5          18.2 Rrz3143620
     K08O00O  C2008 07 26.91936 21 02 52.25 -16 50 21.8          18.2 Rrz3143620
     K08O00O  C2008 07 26.92843 21 02 50.18 -16 50 23.4          18.1 Rrz3143620
     K08O00O  C2008 07 26.94427 21 02 46.53 -16 50 24.9          18.5 Rrz3143620
     K08O00O  C2008 07 26.95300 21 02 44.52 -16 50 26.8          18.1 Rrz3143620
     K08O00O  C2008 07 26.96185 21 02 42.50 -16 50 27.9          18.2 Rrz3144620
     K08O00O  C2008 07 26.97069 21 02 40.45 -16 50 29.3          18.4 Rrz3144620
     K08O00O  C2008 07 26.97950 21 02 38.44 -16 50 30.1          18.5 Rrz3144620
     K08O00O  C2008 07 26.98729 21 02 36.65 -16 50 31.1          18.3 Rrz3144620
     K08O00O  C2008 07 26.99561 21 02 34.90 -16 50 32.4          18.5 Vrz3144J87
     K08O00O  C2008 07 26.99595 21 02 34.65 -16 50 32.1          18.5 Rrz3144620
     K08O00O  C2008 07 27.00065 21 02 33.75 -16 50 33.2          18.3 Vrz3144J87
     K08O00O  C2008 07 27.00459 21 02 32.66 -16 50 33.2          18.2 Rrz3144620
     K08O00O  C2008 07 27.00571 21 02 32.58 -16 50 33.7          18.3 Vrz3144J87
     K08O00O  C2008 07 27.01058 21 02 31.32 -16 50 37.6          18.1 Voz3144J66
     K08O00O  C2008 07 27.01215 21 02 30.99 -16 50 36.4          18.1 Voz3144J66
     K08O00O  C2008 07 27.01366 21 02 30.58 -16 50 34.6          18.4 Rrz3144620
     K08O00O  C2008 07 27.01374 21 02 30.56 -16 50 36.1          17.4 Voz3144J66
     K08O00O  C2008 07 27.01532 21 02 30.24 -16 50 37.5          18.1 Voz3144J66
     K08O00O  C2008 07 27.02244 21 02 28.66 -16 50 38.2          18.0 Voz3144J66
     K08O00O  C2008 07 27.02402 21 02 28.28 -16 50 39.0          18.1 Voz3144J66
     K08O00O  C2008 07 27.02564 21 02 27.95 -16 50 38.7          18.0 Voz3144J66
     K08O00O  C2008 07 27.02881 21 02 27.18 -16 50 39.1          17.9 Voz3144J66
     K08O00O  C2008 07 27.03041 21 02 26.87 -16 50 39.4          18.1 Voz3144J66
     K08O00O  C2008 07 27.08816 21 02 13.62 -16 50 43.0          18.4 Vrz4138J75
     K08O00O  C2008 07 27.10212 21 02 10.41 -16 50 44.2          18.0 Vrz4138J75
     K08O00O  C2008 07 27.11611 21 02 07.26 -16 50 46.0          17.9 Vrz4138J75
     K08O00O  C2008 07 27.16776 21 01 57.47 -16 50 51.7          18.5 Voz3144H55
     K08O00O  C2008 07 27.17145 21 01 56.62 -16 50 52.0          18.7 Voz3144H55
     K08O00O  C2008 07 27.17480 21 01 55.87 -16 50 52.4          18.7 Voz3144H55
     K08O00O  C2008 07 27.64527 21 00 13.40 -16 51 45.9                rz3144900
     K08O00O  C2008 07 27.65479 21 00 11.30 -16 51 47.1          18.2 Vrz3144900
     K08O00O  C2008 07 28.88955 20 55 57.37 -16 53 54.3                oz3144246
     K08O00O  C2008 07 28.89043 20 55 57.22 -16 53 54.4                oz3144246
     K08O00O  C2008 07 28.89122 20 55 57.09 -16 53 53.9                oz3144246
     K08O00O  C2008 07 28.89209 20 55 56.93 -16 53 54.7                oz3144246
     K08O00O  C2008 07 28.89287 20 55 56.71 -16 53 54.3                oz3144246
     K08O00O  C2008 07 28.89365 20 55 56.54 -16 53 55.3                oz3144246
     K08O00O  C2008 07 28.89446 20 55 56.44 -16 53 55.1                oz3144246
     K08O00O  C2008 07 28.90564 20 55 54.16 -16 53 55.7          18.6 Vrz3144A78
     K08O00O  C2008 07 28.91234 20 55 52.83 -16 53 55.7          18.3 Vrz3144A78
     K08O00O  C2008 07 28.91913 20 55 51.41 -16 53 56.3          18.4 Vrz3144A78
     K08O00O  C2008 07 29.21448 20 54 53.06 -16 54 22.3          19.2 Voz3144H55
     K08O00O  C2008 07 29.21940 20 54 52.05 -16 54 22.6          19.3 Voz3144H55
     K08O00O  C2008 07 29.22455 20 54 51.00 -16 54 23.1          19.3 Voz3144H55
     K08O00O  C2008 07 29.29495 20 54 37.22 -16 54 27.5          18.4 Vrz3144G96
     K08O00O  C2008 07 29.30058 20 54 36.10 -16 54 27.9          18.4 Vrz3144G96
     K08O00O  C2008 07 29.30618 20 54 34.95 -16 54 28.5          18.4 Vrz3144G96
     K08O00O  C2008 07 29.31183 20 54 33.80 -16 54 29.0          18.4 Vrz3144G96
     K08O00O  C2008 08 01.18369 20 45 58.29 -16 57 49.3          19.2 Voz3634H55
     K08O00O  C2008 08 01.18685 20 45 57.75 -16 57 49.5          19.3 Voz3634H55
     K08O00O  C2008 08 01.19001 20 45 57.20 -16 57 49.7          19.3 Voz3634H55
     K08O00O  C2008 08 01.19350 20 45 56.60 -16 57 49.9          19.1 Voz3634H55
     K08O00O  C2008 08 01.97280420 43 50.15 -16 58 29.6          18.8 Voz3634B03
     K08O00O  C2008 08 01.99070220 43 47.14 -16 58 31.5          18.6 Roz3634B03
     K08O00O  C2008 08 02.00560220 43 44.64 -16 58 33.2          18.6 Roz3634B03
     K08O00O  C2008 08 02.23680 20 43 08.83 -16 58 41.0          19.3 Voz3634H55
     K08O00O  C2008 08 02.23987 20 43 08.32 -16 58 41.2          19.4 Voz3634H55
     K08O00O  C2008 08 02.24643 20 43 07.74 -16 58 39.8          18.6 Rrz3634448
     K08O00O  C2008 08 02.25254 20 43 06.66 -16 58 40.2          19.2 Rrz3634448
     K08O00O  C2008 08 02.32791 20 42 55.42 -16 58 26.4          18.0 Vrz3634F84
     K08O00O  C2008 08 02.34784 20 42 52.10 -16 58 27.4          18.8 Vrz3634F84
     K08O00O  C2008 08 03.90040 20 39 02.34 -16 59 43.8          19.6 Voz3634151
     K08O00O  C2008 08 03.90157 20 39 02.13 -16 59 44.4          19.7 Voz3634151
     K08O00O  C2008 08 04.22859 20 38 16.33 -16 59 50.1          19.2  cz3634704
     K08O00O  C2008 08 04.24019 20 38 14.77 -16 59 51.3          19.5  cz3634704
     K08O00O  C2008 08 04.25173 20 38 13.04 -16 59 51.4          19.0  cz3634704
     K08O00O  C2008 08 04.26326 20 38 11.32 -16 59 51.8          19.0  cz3634704
     K08O00O  C2008 08 12.15236 20 23 47.59 -17 00 35.9          19.9 Voz4138H55
     K08O00O  C2008 08 12.15801 20 23 47.07 -17 00 35.5          20.0 Voz4138H55
     K08O00O  C2008 08 12.16406 20 23 46.55 -17 00 35.8          20.3 Voz4138H55
     K08O00O bC2008 08 12.93628 20 22 43.45 -17 00 26.8                rz4138J95
     K08O00O bC2008 08 12.94893 20 22 42.29 -17 00 25.6          19.8 Rrz4138J95
     K08O00O  C2008 08 14.21122 20 21 05.88 -17 00 04.7          20.2 Voz4366H55
     K08O00O  C2008 08 14.21643 20 21 05.57 -17 00 05.1          20.3 Voz4366H55
     K08O00O  C2008 08 14.22166 20 21 05.24 -17 00 05.3          20.2 Voz4366H55
     K08O00O  C2008 08 17.21043 20 17 51.13 -16 58 49.0          20.4 Voz4366H55
     K08O00O  C2008 08 17.21964 20 17 50.54 -16 58 48.7                oz4366H55
     K08O00O  C2008 08 17.22910 20 17 49.92 -16 58 48.4          20.1 Voz4366H55
     K08O00O  C2008 08 18.20491 20 16 55.96 -16 58 19.2          20.7 Voz4616H55
     K08O00O  C2008 08 18.22390 20 16 54.88 -16 58 17.7          20.5 Voz4616H55
     K08O00O  C2008 08 20.12704 20 15 21.84 -16 57 14.3          20.7 Voz4616H55
     K08O00O  C2008 08 20.13655 20 15 21.40 -16 57 14.1          20.7 Voz4616H55
     K08O00O  C2008 08 20.14701 20 15 20.85 -16 57 13.8          20.7 Voz4616H55
     K08O00O  C2008 08 25.14343820 12 24.48 -16 53 41.6          21.0 Voz4616H55
     K08O00O  C2008 08 25.14689720 12 24.34 -16 53 41.4          20.7 Voz4616H55
     K08O00O  C2008 08 25.15999420 12 23.98 -16 53 40.9          20.9 Voz4616H55
     K08O00O  C2008 08 25.16363020 12 23.88 -16 53 40.7          20.7 Voz4616H55
     K08O00O  C2008 08 27.13794 20 11 38.88 -16 51 59.9          21.4 Voz4616H55
     K08O00O  C2008 08 27.15357 20 11 38.47 -16 51 59.0                oz4616H55
     K08O00O  C2008 08 31.14670 20 10 44.91 -16 48 06.3          21.6 Voz5252H55
     K08O00O  C2008 08 31.15857 20 10 44.74 -16 48 05.6          21.5 Voz5252H55
     K08O00O  C2008 09 02.07604 20 10 35.59 -16 45 59.5                oz5252H55
     K08O00O  C2008 09 02.09170 20 10 35.50 -16 45 58.0          21.5 Voz5252H55
     K08O00O  C2008 09 02.10740 20 10 35.42 -16 45 57.0          21.4 Voz5252H55
     K08O00O QC2011 07 27.46343 15 17 00.26 -24 39 47.4          18.2 Vr~0X6LE12
     K08O00O QC2011 07 27.47118 15 17 06.73 -24 39 55.6          18.4 Vr~0X6LE12
     K08O00O QC2011 07 27.47898 15 17 13.19 -24 40 03.9          18.5 Vr~0X6LE12
     K08O00O QC2011 07 27.48676 15 17 19.65 -24 40 12.5          18.6 Vr~0X6LE12
     K08O00O QC2011 07 27.49451 15 17 26.10 -24 40 20.7          18.4 Vr~0X6LE12
     K08O00O QC2011 07 28.36857 15 29 23.70 -24 54 29.6          18.6 Vr~0X6LE12
     K08O00O QC2011 07 28.37121 15 29 25.78 -24 54 31.8          18.6 Vr~0X6LE12
     K08O00O KC2014 08 20.14344 15 26 40.77 -20 48 21.3          20.2 Ro~17Tj291
     K08O00O KC2014 08 20.14496 15 26 41.44 -20 48 22.1          19.9 Ro~17Tj291
     K08O00O KC2014 08 20.14649 15 26 42.07 -20 48 24.4          20.0 Ro~17Tj291
