     K08C00K* C2008 02 02.39323 08 32 36.20 +24 03 47.6          18.9 Vrx6411G96
     K08C00K  C2008 02 02.39431 08 32 38.47 +24 03 59.4          18.7 Vrx6411G96
     K08C00K 5C2008 02 02.41963 08 33 34.85 +24 08 35.2          18.8 Rox6411673
     K08C00K 5C2008 02 02.42262 08 33 41.25 +24 09 07.8                ox6411673
     K08C00K  C2008 02 02.42483 08 33 43.97 +24 09 34.0          19.3 Rcx6411854
     K08C00K  C2008 02 02.42631 08 33 47.14 +24 09 50.0          19.2 Rcx6411854
     K08C00K 5C2008 02 02.42752 08 33 51.74 +24 10 00.9                ox6411673
     K08C00K  C2008 02 02.42778 08 33 50.27 +24 10 06.1          19.2 Rcx6411854
     K08C00K 5C2008 02 02.43347 08 34 04.44 +24 11 05.4                ox6411673
     K08C00K  C2008 02 02.43571 08 34 07.32 +24 11 30.0          18.7 Vrx6411G96
     K08C00K  C2008 02 02.43677 08 34 09.62 +24 11 41.4          18.8 Vrx6411G96
     K08C00K  C2008 02 02.43730 08 34 10.77 +24 11 47.3          18.8 Vrx6411G96
     K08C00K 5C2008 02 02.43778 08 34 13.60 +24 11 52.0                ox6411673
     K08C00K 5C2008 02 02.44155 08 34 21.80 +24 12 33.5                ox6411673
     K08C00K  C2008 02 02.45200 08 34 42.41 +24 14 24.2          18.9 Vrx6411G96
     K08C00K  C2008 02 02.96753 08 53 30.47 +25 41 45.6                cx6411118
     K08C00K  C2008 02 02.97149 08 53 38.54 +25 42 22.5                cx6411118
     K08C00K  C2008 02 02.98695 08 54 09.21 +25 44 44.8                cx6411118
     K08C00K  C2008 02 02.99236 08 54 20.04 +25 45 34.1                cx6411118
     K08C00K  C2008 02 03.19160 09 01 26.14 +26 15 51.9          19.0 Vdx6411703
     K08C00K  C2008 02 03.19792 09 01 38.64 +26 16 49.4          18.8 Vdx6411703
     K08C00K  C2008 02 03.20425 09 01 50.48 +26 17 44.7          19.2 Vdx6411703
     K08C00K  C2008 02 03.21057 09 02 03.01 +26 18 41.5          18.9 Vdx6411703
     K08C00K  C2008 02 03.92308 09 24 43.03 +27 44 50.8                ox6411246
     K08C00K  C2008 02 03.92366 09 24 44.02 +27 44 55.1                ox6411246
     K08C00K  C2008 02 03.92411 09 24 44.74 +27 44 58.1                ox6411246
     K08C00K  C2008 02 16.38075511 57 09.22 +30 22 56.3          22.2 Vox9620H55
     K08C00K  C2008 02 16.39944511 57 12.82 +30 22 44.8          22.3 Vox9620H55
