h1775K08J24O  C2003 03 24.27411514 59 57.204+37 50 27.96         20.99r ~0d53645
h1775K08J24O  C2003 03 24.27494514 59 57.238+37 50 29.44         20.76i ~0d53645
h1775K08J24O  C2003 03 24.27743314 59 57.341+37 50 34.23         21.48g ~0d53645
h1775K08J24O* C2008 05 10.44617 21 06 53.10 +15 01 04.4          20.6 Vry9883G96
h1775K08J24O  C2008 05 10.45096 21 06 53.89 +15 01 04.7          20.4 Vry9883G96
h1775K08J24O  C2008 05 10.45603 21 06 54.72 +15 01 04.5          20.5 Vry9883G96
h1775K08J24O  C2008 05 10.46067 21 06 55.58 +15 01 05.1          20.0 Vry9883G96
h1775K08J24O  C2008 05 11.01941 21 08 29.72 +15 01 10.3          20.1 Vry9883A17
h1775K08J24O  C2008 05 11.03981 21 08 33.08 +15 01 10.4          20.5 Vry9883A17
h1775K08J24O  C2008 05 11.05735 21 08 36.05 +15 01 11.1          19.9 Vry9883A17
h1775K08J24O  C2008 05 11.42751 21 09 38.34 +15 01 15.4          20.4 Vry9883G96
h1775K08J24O  C2008 05 11.42942 21 09 38.66 +15 01 15.5          20.4 Vry9883G96
h1775K08J24O  C2008 05 11.43140 21 09 38.98 +15 01 15.6          20.3 Vry9883G96
h1775K08J24O  C2008 05 11.43322 21 09 39.31 +15 01 15.5          20.1 Vry9883G96
h1775K08J24O  C2008 05 12.46379 21 12 32.33 +15 01 08.3          20.6 Vry9883G96
h1775K08J24O  C2008 05 12.47220 21 12 33.73 +15 01 08.5          20.3 Vry9883G96
h1775K08J24O  C2008 05 12.47535 21 12 34.25 +15 01 08.2          20.7 Vry9883G96
h1775K08J24O  C2008 06 02.43243 22 09 54.40 +13 33 59.4          20.0 Rrz1049682
h1775K08J24O  C2008 06 02.45044 22 09 57.21 +13 33 50.0          20.1 Rrz1049682
h1775K08J24O  C2008 06 07.40172 22 23 03.26 +12 44 38.0          19.9 Rrz1441682
h1775K08J24O  C2008 06 07.43431 22 23 08.25 +12 44 16.2          19.9 Rrz1441682
h1775K08J24O  C2008 06 09.39293 22 28 15.68 +12 21 06.1          20.1 Rrz1441682
h1775K08J24O  C2008 06 09.43696 22 28 22.39 +12 20 34.1          20.1 Rrz1441682
h1775K08J24O  C2008 06 10.40852 22 30 54.11 +12 08 13.6          19.1 Rrz1441682
h1775K08J24O  C2008 06 10.44157 22 30 59.19 +12 07 48.2          19.8 Rrz1441682
h1775K08J24O  C2008 06 20.40634 22 56 20.26 +09 27 23.9          18.9 Rrz1696448
h1775K08J24O  C2008 06 20.41594 22 56 21.67 +09 27 14.4          17.6 Rrz1696448
h1775K08J24O  C2008 06 20.42981 22 56 23.68 +09 26 57.0          17.9 Rrz1696448
h1775K08J24O  C2008 07 01.31232923 22 32.68 +05 11 37.4          20.5 Voz2095H55
h1775K08J24O  C2008 07 01.31674123 22 33.28 +05 11 30.1          20.6 Voz2095H55
h1775K08J24O  C2008 07 01.32073223 22 33.81 +05 11 23.5          20.3 Voz2095H55
h1775K08J24O  C2008 07 01.38358 23 22 42.56 +05 09 40.3          20.2 Vrz2095703
h1775K08J24O  C2008 07 01.39005 23 22 43.42 +05 09 30.2          19.2 Vrz2095703
h1775K08J24O  C2008 07 01.39649 23 22 44.22 +05 09 17.9          19.3 Vrz2095703
h1775K08J24O  C2008 07 01.40292 23 22 45.19 +05 09 07.5          20.4 Vrz2095703
h1775K08J24O  C2008 07 02.35084 23 24 55.73 +04 42 21.8          19.6 Rrz2095H45
h1775K08J24O  C2008 07 02.35291 23 24 55.90 +04 42 18.4          19.7 Rrz2095H45
h1775K08J24O  C2008 07 02.35581 23 24 56.36 +04 42 14.8          19.7 Rrz2095H45
h1775K08J24O  C2008 07 02.35744 23 24 56.54 +04 42 11.0          19.7 Rrz2095H45
h1775K08J24O  C2008 07 02.35897 23 24 56.76 +04 42 08.5          19.7 Rrz2095H45
h1775K08J24O  C2008 07 14.35312 23 50 36.05 -02 01 59.6          20.4 Voz2701H55
h1775K08J24O  C2008 07 14.35553 23 50 36.27 -02 02 04.8          20.4 Voz2701H55
h1775K08J24O  C2008 07 14.35793 23 50 36.58 -02 02 10.2          20.4 Voz2701H55
h1775K08J24O  C2008 07 23.34699 00 07 01.67 -08 22 23.4          20.0 Voz2841H55
h1775K08J24O  C2008 07 23.34983 00 07 01.94 -08 22 31.3          19.7 Voz2841H55
h1775K08J24O  C2008 07 23.35315 00 07 02.25 -08 22 40.4          19.6 Voz2841H55
h1775K08J24O  C2008 08 01.35383 00 20 14.18 -15 35 33.7          19.9 Voz3631H55
h1775K08J24O  C2008 08 01.35661 00 20 14.40 -15 35 42.5          20.0 Voz3631H55
h1775K08J24O  C2008 08 01.35896 00 20 14.53 -15 35 49.6          20.2 Voz3631H55
h1775K08J24O  C2008 08 04.31357 00 23 44.06 -18 04 45.3          19.7 Voz3631H55
h1775K08J24O  C2008 08 04.31694 00 23 44.32 -18 04 56.2          19.6 Voz3631H55
h1775K08J24O  C2008 08 04.31989 00 23 44.49 -18 05 05.1          20.0 Voz3631H55
h1775K08J24O  C2008 08 04.32241 00 23 44.64 -18 05 13.3          20.2 Voz3631H55
h1775K08J24O  C2008 08 19.33371 00 34 04.86 -30 27 51.4          18.8 Voz4612H55
h1775K08J24O  C2008 08 19.34033 00 34 04.89 -30 28 09.1          18.9 Voz4612H55
h1775K08J24O  C2008 09 06.67292 00 29 29.00 -41 56 59.1          19.7 Rrz5930E12
h1775K08J24O  C2008 09 06.68198 00 29 28.58 -41 57 14.2          19.4 Rrz5930E12
h1775K08J24O  C2008 09 25.66208 00 13 06.52 -47 14 48.1          20.4 Vrz8034E12
h1775K08J24O  C2008 09 25.67471 00 13 05.70 -47 14 53.0          20.4 Vrz8034E12
h1775K08J24O  C2008 09 25.68736 00 13 04.98 -47 14 56.8          20.2 Vrz8034E12
h1775K08J24O  C2008 09 25.69998 00 13 04.26 -47 15 01.3          20.0 Vrz8034E12
h1775K08J24O  C2010 01 10.35776310 16 37.22 +11 35 30.8          22.1 Vo~0D52H21
h1775K08J24O  C2010 01 10.37090710 16 36.97 +11 35 43.4          21.9 Vo~0D52H21
h1775K08J24O  C2010 01 10.38394210 16 36.77 +11 35 55.6          22.2 Vo~0D52H21
h1775K08J24O  C2010 01 13.35380910 15 39.26 +12 22 28.5          21.9 Vo~0D52H21
h1775K08J24O  C2010 01 13.36841810 15 38.92 +12 22 43.4          21.8 Vo~0D52H21
h1775K08J24O  C2010 01 13.38266910 15 38.51 +12 22 56.7          21.8 Vo~0D52H21
h1775K08J24O KC2015 01 19.45607712 26 56.01 +13 47 39.6          22.3 Vu~1GjSH21
h1775K08J24O KC2015 01 19.46590612 26 56.67 +13 47 49.0          22.0 Vu~1GjSH21
h1775K08J24O KC2015 01 19.47589512 26 57.28 +13 47 58.6          22.1 Vu~1GjSH21
h1775K08J24O  C2015 03 14.34430 12 44 59.77 +38 19 31.2          21.0 Vq~1N6XG96
h1775K08J24O  C2015 03 14.34992 12 44 59.55 +38 19 41.8          21.9 Vq~1N6XG96
h1775K08J24O  C2015 03 14.35553 12 44 59.25 +38 19 51.8          21.0 Vq~1N6XG96
h1775K08J24O  C2015 03 14.36113 12 44 59.05 +38 20 02.3          21.1 Vq~1N6XG96
h1775K08J24O  C2015 03 24.22127 12 36 51.70 +42 55 32.6          20.2 Vq~1OTA703
h1775K08J24O  C2015 03 24.23645 12 36 50.98 +42 55 55.3          20.6 Vq~1OTA703
