j1003K08U01D  C2008 10 03.28973501 40 40.342+01 36 57.35MPS38918721.80r 76270645
j1003K08U01D  C2008 10 03.29305201 40 40.092+01 36 55.25MPS38918722.36g 76270645
j1003K08U01D* C2008 10 21.28896 01 15 55.44 -01 55 00.6          21.2 Vr~00CNG96
j1003K08U01D  C2008 10 21.29773 01 15 54.61 -01 55 06.9          20.4 Vr~00CNG96
j1003K08U01D  C2008 10 21.30200 01 15 54.28 -01 55 10.3          20.9 Vr~00CNG96
j1003K08U01D  C2008 10 21.34983 01 15 49.97 -01 55 42.2                r~00CNG96
j1003K08U01D  C2008 10 21.36026 01 15 48.99 -01 55 49.8                r~00CNG96
j1003K08U01D  C2008 10 22.22976 01 14 33.26 -02 05 29.4          21.9 Vr~00CNG96
j1003K08U01D  C2008 10 22.23192 01 14 33.03 -02 05 32.0          21.7 Vr~00CNG96
j1003K08U01D  C2008 10 22.23402 01 14 32.81 -02 05 33.5          21.7 Vr~00CNG96
j1003K08U01D  C2008 10 22.28637 01 14 28.06 -02 06 07.5          21.8 Vo~00CN291
j1003K08U01D  C2008 10 22.29052 01 14 27.70 -02 06 09.7          22.6 Vo~00CN291
j1003K08U01D  C2008 10 22.29222 01 14 27.56 -02 06 11.9          21.9 Vr~00CNG96
j1003K08U01D HC2008 10 22.29428 01 14 27.30 -02 06 11.6                o~00CN291
j1003K08U01D  C2008 10 22.30229 01 14 26.74 -02 06 19.2                r~00CNG96
j1003K08U01D  C2008 10 24.36430 01 11 26.73 -02 28 42.7          21.4 Vo~00CN291
j1003K08U01D  C2008 10 24.36845 01 11 26.35 -02 28 45.4          21.8 Vo~00CN291
j1003K08U01D  C2008 10 24.37360 01 11 25.92 -02 28 48.6          21.6 Vo~00CN291
j1003K08U01D  C2008 10 27.16353 01 07 26.51 -02 57 48.0          21.9 Vo~00Sp291
j1003K08U01D  C2008 10 27.16731 01 07 26.17 -02 57 50.4          21.9 Vo~00Sp291
j1003K08U01D  C2008 10 27.17101 01 07 25.80 -02 57 52.7          21.6 Vo~00Sp291
j1003K08U01D  C2008 10 27.19306 01 07 23.91 -02 58 06.4          22.0 Vr~00SpG96
j1003K08U01D  C2008 10 27.19776 01 07 23.59 -02 58 09.1          21.8 Vr~00SpG96
j1003K08U01D  C2008 10 27.20251 01 07 23.12 -02 58 12.2          21.5 Vr~00SpG96
j1003K08U01D  C2008 10 27.20722 01 07 22.72 -02 58 15.1          21.5 Vr~00SpG96
j1003K08U01D  C2008 10 28.19510 01 05 59.13 -03 08 04.2          21.6 Vo~00Sp291
j1003K08U01D  C2008 10 28.19882 01 05 58.84 -03 08 06.4          21.8 Vo~00Sp291
j1003K08U01D  C2008 10 28.20249 01 05 58.57 -03 08 08.5          22.1 Vo~00Sp291
j1003K08U01D  C2008 10 30.29936501 03 03.890-03 28 12.73MPS38918721.82r 76270645
j1003K08U01D  C2008 10 30.30268201 03 03.599-03 28 14.90MPS38918722.15g 76270645
j1003K08U01D  C2008 11 19.23501 00 41 30.09 -05 31 17.2          21.7 Vo~01Ny291
j1003K08U01D  C2008 11 19.24036 00 41 29.86 -05 31 18.2          21.6 Vo~01Ny291
j1003K08U01D  C2008 11 19.24630 00 41 29.59 -05 31 19.2          21.9 Vo~01Ny291
j1003K08U01D 2C2012 07 18.55058823 03 35.571-04 42 16.13         22.6 Rt~0hyY568
j1003K08U01D 2C2012 07 18.55196923 03 35.528-04 42 16.57         22.4 Rt~0hyY568
j1003K08U01D 2C2012 07 18.55774323 03 35.365-04 42 18.11         22.4 Rt~0hyY568
j1003K08U01D 2C2012 07 18.55920323 03 35.311-04 42 18.46         22.5 Rt~0hyY568
j1003K08U01D 2C2012 07 18.56068223 03 35.267-04 42 18.90         22.5 Rt~0hyY568
j1003K08U01D 2C2012 07 18.56208023 03 35.226-04 42 19.28         22.5 Rt~0hyY568
j1003K08U01D 2C2012 07 22.56686923 01 27.453-05 02 08.03         23.2 Rt~0hyY568
j1003K08U01D 2C2012 07 22.57438323 01 27.177-05 02 10.38         23.0 Rt~0hyY568
j1003K08U01D KC2014 06 25.42295 21 38 19.35 -08 16 01.7          22.0 Ro~15e1291
j1003K08U01D KC2014 06 25.44756 21 38 18.39 -08 16 06.9          22.3 Ro~15e1291
j1003K08U01D KC2014 07 24.27347621 07 47.04 -11 17 41.2          22.1 Vu~16btH21
j1003K08U01D KC2014 07 24.28554521 07 46.00 -11 17 47.1          21.9 Vu~16btH21
j1003K08U01D KC2014 07 24.29792821 07 44.90 -11 17 54.0          22.0 Vu~16btH21
j1003K08U01D KC2014 07 25.26007921 06 23.69 -11 26 12.5          22.0 Vu~16btH21
j1003K08U01D KC2014 07 25.27655121 06 22.24 -11 26 20.9          21.9 Vu~16btH21
j1003K08U01D KC2014 07 25.29403121 06 20.73 -11 26 30.2          22.2 Vu~16btH21
j1003K08U01D "C2015 10 13.37340905 44 14.47 +12 22 53.3          21.4 Rt~1acU705
j1003K08U01D "C2015 10 13.37470305 44 14.59 +12 22 52.7          21.6 Rt~1acU705
j1003K08U01D "C2015 10 13.37601505 44 14.74 +12 22 52.1          21.2 Rt~1acU705
j1003K08U01D KC2015 10 16.41542 05 49 33.86 +11 58 21.1          20.8 Ro~1YcW291
j1003K08U01D KC2015 10 16.41832 05 49 34.16 +11 58 19.9          20.6 Ro~1YcW291
j1003K08U01D KC2015 10 16.42120 05 49 34.45 +11 58 18.0          20.6 Ro~1YcW291
j1003K08U01D KC2015 11 14.36578 06 39 40.65 +05 56 55.3          20.0 Ro~1cGX291
j1003K08U01D KC2015 11 14.36808 06 39 40.89 +05 56 52.9          20.1 Ro~1cGX291
j1003K08U01D KC2015 11 14.37039 06 39 41.12 +05 56 50.7          19.9 Ro~1cGX291
