     K08W32K* C2008 11 21.32959 03 53 10.25 +20 53 20.4          19.8 Vo~01hs291
     K08W32K  C2008 11 21.33465 03 53 09.44 +20 53 22.8          19.8 Vo~01hs291
     K08W32K  C2008 11 21.33961 03 53 08.68 +20 53 25.5          19.7 Vo~01hs291
     K08W32K  C2008 11 21.36377 03 53 04.89 +20 53 36.4          19.9 Vo~01hs291
     K08W32K  C2008 11 21.36787 03 53 04.25 +20 53 38.4          20.3 Vo~01hs291
     K08W32K  C2008 11 21.37182 03 53 03.62 +20 53 40.3          19.9 Vo~01hs291
     K08W32K  C2008 11 21.41758 03 52 56.45 +20 53 59.9          19.5 Rr~01hsH36
     K08W32K  C2008 11 21.42511 03 52 55.38 +20 54 05.1                o~01hs291
     K08W32K  C2008 11 21.42729 03 52 55.00 +20 54 03.9          19.2 Rr~01hsH36
     K08W32K  C2008 11 21.42950 03 52 54.70 +20 54 06.9                o~01hs291
     K08W32K  C2008 11 21.43584 03 52 53.71 +20 54 09.8          19.8 Vo~01hs291
     K08W32K  C2008 11 21.90591 03 51 43.34 +20 57 52.5          19.6 Vo~01hsA74
     K08W32K  C2008 11 21.91827 03 51 41.40 +20 57 57.9          19.9 Vo~01hsA74
     K08W32K  C2008 11 21.93054 03 51 39.50 +20 58 04.2          20.0 Vo~01hsA74
     K08W32K  C2008 11 22.15357 03 51 05.82 +20 59 52.6          20.2 Vo~01hsH55
     K08W32K  C2008 11 22.15665 03 51 05.36 +20 59 54.2          20.3 Vo~01hsH55
     K08W32K  C2008 11 22.15979 03 51 04.84 +20 59 55.8          20.2 Vo~01hsH55
     K08W32K  C2008 11 22.35169 03 50 34.99 +21 01 28.9                o~01hs291
     K08W32K  C2008 11 22.35567 03 50 34.36 +21 01 30.7                o~01hs291
     K08W32K  C2008 11 22.36089 03 50 33.53 +21 01 33.1                o~01hs291
     K08W32K  C2008 11 22.44330 03 50 20.62 +21 02 11.1          20.0 Vo~01hs291
     K08W32K  C2008 11 22.44728 03 50 20.00 +21 02 13.1          20.0 Vo~01hs291
     K08W32K  C2008 11 22.45132 03 50 19.38 +21 02 14.9          20.1 Vo~01hs291
     K08W32K  C2008 11 23.22846 03 48 20.61 +21 08 23.2          20.3 Vo~01hsH55
     K08W32K  C2008 11 23.23626 03 48 19.37 +21 08 26.8          20.4 Vo~01hsH55
     K08W32K  C2008 11 23.24347 03 48 18.23 +21 08 30.3          20.3 Vo~01hsH55
     K08W32K  C2008 11 23.84971 03 46 44.97 +21 13 14.0          19.5 Vr~01hsJ75
     K08W32K  C2008 11 23.86324 03 46 42.82 +21 13 20.8          19.5 Vr~01hsJ75
     K08W32K  C2008 11 23.87674 03 46 40.71 +21 13 26.9          19.3 Vr~01hsJ75
     K08W32K  C2008 11 24.31622 03 45 31.62 +21 16 55.3          19.8 Vo~01hs291
     K08W32K  C2008 11 24.32024 03 45 30.99 +21 16 57.1          19.9 Vo~01hs291
     K08W32K HC2008 11 24.32423 03 45 30.31 +21 16 58.7                o~01hs291
     K08W32K  C2008 11 24.94452 03 43 53.82 +21 21 47.4          19.1 Cc~01hsJ47
     K08W32K  C2008 11 24.94818 03 43 53.22 +21 21 49.2          19.4 Cc~01hsJ47
     K08W32K  C2008 11 24.95111 03 43 52.73 +21 21 50.6          19.3 Cc~01hsJ47
     K08W32K  C2008 11 30.19934 03 29 58.56 +22 00 50.1          19.7 Vr~020oG96
     K08W32K  C2008 11 30.20302 03 29 57.94 +22 00 52.1          19.8 Vo~020o291
     K08W32K  C2008 11 30.20546 03 29 57.55 +22 00 52.9          19.8 Vr~020oG96
     K08W32K  C2008 11 30.20700 03 29 57.28 +22 00 53.8          20.0 Vo~020o291
     K08W32K  C2008 11 30.21094 03 29 56.64 +22 00 55.6          19.9 Vo~020o291
     K08W32K  C2008 11 30.21243 03 29 56.40 +22 00 56.0          19.5 Vr~020oG96
     K08W32K  C2008 11 30.21786 03 29 55.50 +22 00 58.4          20.0 Vr~020oG96
     K08W32K  C2008 12 02.21064 03 24 38.01 +22 14 56.7          20.2  c~020o704
     K08W32K  C2008 12 02.22310 03 24 36.00 +22 15 00.4          19.7  c~020o704
     K08W32K  C2008 12 02.23576 03 24 33.89 +22 15 05.6          20.3  c~020o704
     K08W32K  C2008 12 02.24823 03 24 31.84 +22 15 13.1          20.2  c~020o704
     K08W32K  C2008 12 05.38727 03 16 18.35 +22 36 10.3          20.1 Vo~020o291
     K08W32K  C2008 12 05.39435 03 16 17.21 +22 36 12.7          20.2 Vo~020o291
     K08W32K HC2008 12 05.39943 03 16 16.33 +22 36 15.0                o~020o291
     K08W32K  C2008 12 06.17806 03 14 17.34 +22 41 18.0          20.1 Vo~02Ic291
     K08W32K  C2008 12 06.18214 03 14 16.62 +22 41 19.5          19.9 Vo~02Ic291
     K08W32K  C2008 12 06.18625 03 14 16.04 +22 41 23.0          19.2 Vo~02Ic291
     K08W32K  C2008 12 18.85924 02 45 28.50 +23 55 25.2          20.4 Cr~02N1493
     K08W32K  C2008 12 18.86312 02 45 28.02 +23 55 26.6          20.0 Cr~02N1493
     K08W32K  C2008 12 21.23493 02 41 07.54 +24 08 30.6          20.4 Vo~02QZ291
     K08W32K  C2008 12 21.23931 02 41 07.08 +24 08 31.9          20.3 Vo~02QZ291
     K08W32K  C2008 12 21.24360 02 41 06.60 +24 08 33.4          20.4 Vo~02QZ291
     K08W32K  C2009 01 03.02560502 24 47.78 +25 23 16.8          20.9 Vo~034bH55
     K08W32K  C2009 01 03.03342002 24 47.41 +25 23 20.1                o~034bH55
     K08W32K  C2009 01 03.04144002 24 46.98 +25 23 23.0          20.8 Vo~034bH55
     K08W32K  C2009 01 20.18643 02 20 52.66 +27 33 09.8          20.9 Vo~03K9291
     K08W32K HC2009 01 20.21250 02 20 53.05 +27 33 23.1                o~03K9291
     K08W32K  C2009 02 13.14583 02 43 00.74 +31 41 59.6          21.2 Vo~04FZ291
     K08W32K  C2009 02 13.15061 02 43 01.13 +31 42 02.9          21.1 Vo~04FZ291
     K08W32K  C2009 02 13.15525 02 43 01.54 +31 42 06.0          21.4 Vo~04FZ291
     K08W32K QC2009 07 17.43118 12 59 22.35 -36 37 43.6          19.6 Vr~07lrE12
     K08W32K QC2009 07 18.42657 13 05 07.87 -37 32 00.9          19.8 Vr~07lrE12
     K08W32K  C2011 10 20.25565 00 51 25.48 -17 21 45.7          21.1 Vr~0Z91G96
     K08W32K  C2011 10 20.26150 00 51 24.87 -17 21 45.0          21.5 Vr~0Z91G96
     K08W32K  C2011 10 20.26726 00 51 24.22 -17 21 44.4          21.4 Vr~0Z91G96
     K08W32K  C2011 10 20.27308 00 51 23.61 -17 21 43.9          21.1 Vr~0Z91G96
     K08W32K  C2011 10 20.27942 00 51 22.89 -17 21 42.3          20.5 Vr~0Z91G96
     K08W32K  C2011 10 20.28582 00 51 22.17 -17 21 41.8          21.1 Vr~0Z91G96
     K08W32K  C2011 10 20.29240 00 51 21.49 -17 21 40.8          20.6 Vr~0Z91G96
     K08W32K  C2011 10 20.29891 00 51 20.77 -17 21 39.5          20.8 Vr~0Z91G96
     K08W32K  C2013 10 31.44224 05 35 09.64 +23 25 04.2          21.1 Vq~0wBrG96
     K08W32K  C2013 10 31.44898 05 35 09.52 +23 25 09.0          20.2 Vq~0wBrG96
     K08W32K  C2013 10 31.45572 05 35 09.41 +23 25 13.9          20.1 Vq~0wBrG96
     K08W32K  C2013 10 31.46246 05 35 09.25 +23 25 19.3          20.7 Vq~0wBrG96
     K08W32K KC2013 11 24.32383905 08 13.69 +29 42 34.0          20.1 Vu~0xR7H21
     K08W32K KC2013 11 24.32798105 08 13.15 +29 42 38.7          19.9 Vu~0xR7H21
     K08W32K KC2013 11 24.33223005 08 12.59 +29 42 43.4          20.1 Vu~0xR7H21
     K08W32K KC2013 11 24.33630705 08 12.03 +29 42 48.2          19.9 Vu~0xR7H21
     K08W32K  C2013 11 27.50574 05 01 01.840+30 42 56.12         19.6 rL~0xR7F51
     K08W32K  C2013 11 27.51784 05 01 00.021+30 43 09.75         19.6 rL~0xR7F51
     K08W32K  C2013 11 27.54205 05 00 56.384+30 43 37.03         19.5 iL~0xR7F51
     K08W32K  C2013 11 27.55464 05 00 54.495+30 43 51.06         19.5 iL~0xR7F51
     K08W32K KC2013 11 27.88507 05 00 07.67 +30 50 02.1          19.5 Vq~0xR7A13
     K08W32K KC2013 11 27.90748 05 00 04.25 +30 50 29.5          19.8 Vq~0xR7A13
     K08W32K KC2013 11 27.92609 05 00 01.47 +30 50 50.2          19.8 Vq~0xR7A13
     K08W32K  C2013 11 28.48805 04 58 37.19 +31 01 33.9          20.2 Ro~0xR7926
     K08W32K  C2013 11 28.50594 04 58 34.48 +31 01 53.5          19.9 Ro~0xR7926
     K08W32K  C2013 11 28.52159 04 58 32.23 +31 02 11.1          20.1 Ro~0xR7926
     K08W32K  C2013 12 02.56571 04 47 48.79 +32 18 54.9          20.2 Rq~0xpjD29
     K08W32K  C2013 12 02.58162 04 47 45.99 +32 19 12.8          19.5 Rq~0xpjD29
     K08W32K KC2013 12 07.99928 04 31 28.89 +33 57 36.5          19.1 Rt~0yMg130
     K08W32K KC2013 12 08.00078 04 31 28.64 +33 57 37.7          19.2 Rt~0yMg130
     K08W32K KC2013 12 08.00227 04 31 28.30 +33 57 39.7          18.8 Rt~0yMg130
     K08W32K KC2013 12 08.00410 04 31 27.96 +33 57 41.4          18.9 Rt~0yMg130
     K08W32K KC2013 12 11.07435 04 21 31.79 +34 49 20.3          19.4 Rq~0yMg204
     K08W32K KC2013 12 11.08527 04 21 29.59 +34 49 30.5                q~0yMg204
     K08W32K KC2013 12 11.09535 04 21 27.57 +34 49 39.9                q~0yMg204
     K08W32K KC2013 12 13.13572304 14 41.83 +35 21 52.8          19.5 Vu~0yMgH21
     K08W32K KC2013 12 13.13890404 14 41.19 +35 21 55.8          19.8 Vu~0yMgH21
     K08W32K KC2013 12 13.14207504 14 40.56 +35 21 59.0          19.3 Vu~0yMgH21
     K08W32K KC2013 12 13.14583304 14 39.75 +35 22 01.4          19.6 Vu~0yMgH21
     K08W32K KC2013 12 23.14256 03 41 19.59 +37 28 51.8          19.6 Rq~0yMg448
     K08W32K KC2013 12 23.15773 03 41 16.58 +37 29 01.2          19.6 Rq~0yMg448
     K08W32K KC2013 12 23.17234 03 41 13.65 +37 29 09.9          19.2 Rq~0yMg448
     K08W32K KC2014 01 17.07650 02 45 46.95 +40 00 48.9          20.8 Rq~0zfE448
     K08W32K KC2014 01 17.09693 02 45 45.45 +40 00 56.3          19.2 Rq~0zfE448
     K08W32K KC2014 01 17.12440 02 45 43.50 +40 01 03.9          19.6 Rq~0zfE448
     K08W32K  C2014 01 22.10604 02 41 30.14 +40 26 14.5          20.3 Vq~0zfEG96
     K08W32K  C2014 01 22.11063 02 41 29.94 +40 26 16.1          20.1 Vq~0zfEG96
     K08W32K  C2014 01 22.11521 02 41 29.78 +40 26 18.0          19.6 Vq~0zfEG96
     K08W32K  C2014 01 22.11979 02 41 29.51 +40 26 18.9          20.4 Vq~0zfEG96
     K08W32K |C2014 07 13.05686 18 18 49.63 -79 40 13.5          18.7 Vu~16Mv807
     K08W32K |C2014 07 13.06153 18 18 49.39 -79 40 04.0          18.5 Vu~16Mv807
     K08W32K |C2014 07 13.06557 18 18 49.40 -79 39 55.8          19.0 Vu~16Mv807
