Y2866K08Y32U* C2008 12 31.10188 00 57 20.23 +04 31 16.1          21.6 Vr~02kCG96
Y2866K08Y32U  C2008 12 31.11022 00 57 22.53 +04 31 28.7          22.0 Vr~02kCG96
Y2866K08Y32U  C2008 12 31.11854 00 57 24.76 +04 31 41.4          21.4 Vr~02kCG96
Y2866K08Y32U  C2008 12 31.12682 00 57 27.00 +04 31 53.3          21.8 Vr~02kCG96
Y2866K08Y32U  C2008 12 31.17220 00 57 39.29 +04 33 02.8          21.2 Vr~02kCG96
Y2866K08Y32U  C2008 12 31.17336 00 57 39.54 +04 33 04.6          20.9 Rv~02kCH01
Y2866K08Y32U  C2008 12 31.17976 00 57 41.28 +04 33 14.3          20.9 Rv~02kCH01
Y2866K08Y32U  C2008 12 31.18218 00 57 41.94 +04 33 17.9          20.8 Vr~02kCG96
Y2866K08Y32U  C2008 12 31.18376 00 57 42.36 +04 33 20.3          20.8 Rv~02kCH01
Y2866K08Y32U  C2008 12 31.19145 00 57 44.43 +04 33 32.0          20.7 Rv~02kCH01
Y2866K08Y32U HC2009 01 01.13428 01 02 00.02 +04 57 00.8                o~02kC291
Y2866K08Y32U  C2009 01 01.13815 01 02 01.01 +04 57 07.0          21.9 Vo~02kC291
Y2866K08Y32U HC2009 01 01.14204 01 02 02.10 +04 57 13.4                o~02kC291
Y2866K08Y32U  C2009 01 02.08712 01 06 12.24 +05 20 05.9          21.9 Vo~02kC291
Y2866K08Y32U HC2009 01 02.09098 01 06 13.21 +05 20 11.4                o~02kC291
Y2866K08Y32U HC2009 01 02.09545 01 06 14.41 +05 20 18.6                o~02kC291
Y2866K08Y32U  C2009 01 03.13870 01 10 43.40 +05 44 50.4          21.1 Rv~034uH01
Y2866K08Y32U  C2009 01 03.14722 01 10 45.56 +05 45 02.1          21.2 Rv~034uH01
Y2866K08Y32U  C2009 01 03.15316 01 10 47.03 +05 45 10.5          21.3 Rv~034uH01
Y2866K08Y32U  C2009 01 13.15758 01 48 51.72 +09 07 12.8          21.7 Rv~03KhH01
Y2866K08Y32U  C2009 01 13.16526 01 48 53.29 +09 07 20.8          21.2 Rv~03KhH01
Y2866K08Y32U  C2009 01 13.17294 01 48 54.83 +09 07 29.1          21.6 Rv~03KhH01
Y2866K08Y32U  C2009 01 14.13401 01 52 10.77 +09 24 10.4          22.1 Rv~03KhH01
Y2866K08Y32U  C2009 01 14.13794 01 52 11.54 +09 24 14.4          21.8 Rv~03KhH01
Y2866K08Y32U  C2009 01 14.14192 01 52 12.34 +09 24 18.5          22.0 Rv~03KhH01
Y2866K08Y32U HC2009 01 15.11143 01 55 26.43 +09 40 43.8                o~03Kh291
Y2866K08Y32U  C2009 01 15.11552 01 55 27.30 +09 40 48.0          22.2 Vo~03Kh291
Y2866K08Y32U HC2009 01 15.11930 01 55 27.99 +09 40 52.6                o~03Kh291
Y2866K08Y32U HC2009 01 16.13437 01 58 47.56 +09 57 38.3                o~03Kh291
Y2866K08Y32U HC2009 01 16.13919 01 58 48.50 +09 57 42.2                o~03Kh291
Y2866K08Y32U  C2009 01 16.14628 01 58 49.90 +09 57 48.6          21.9 Vo~03Kh291
Y2866K08Y32U HC2009 01 20.12027 02 11 19.17 +10 59 36.0                o~03Kh291
Y2866K08Y32U HC2009 01 20.12406 02 11 19.78 +10 59 39.6                o~03Kh291
Y2866K08Y32U HC2009 01 20.12796 02 11 20.54 +10 59 43.4                o~03Kh291
Y2866K08Y32U  C2010 11 06.44836 07 56 18.58 +21 40 50.3          18.6  c~0Oqa704
Y2866K08Y32U  C2010 11 06.46109 07 56 07.09 +21 41 01.1          18.4  c~0Oqa704
Y2866K08Y32U  C2010 11 06.47377 07 55 55.63 +21 41 12.0          18.3  c~0Oqa704
Y2866K08Y32U  C2010 11 06.48647 07 55 44.16 +21 41 23.3          18.3  c~0Oqa704
Y2866K08Y32U  C2010 11 06.49914 07 55 32.72 +21 41 34.0          18.2  c~0Oqa704
Y2866K08Y32U  C2010 11 07.07238 07 47 13.91 +21 48 32.0          18.7 Ru~0Oqa114
Y2866K08Y32U  C2010 11 07.07353 07 47 12.91 +21 48 32.9          18.6 Ru~0Oqa114
Y2866K08Y32U  C2010 11 07.07465 07 47 11.92 +21 48 33.4          18.6 Ru~0Oqa114
Y2866K08Y32U  C2010 11 07.07578 07 47 10.90 +21 48 35.0          18.7 Ru~0Oqa114
Y2866K08Y32U  C2010 11 07.07691 07 47 09.87 +21 48 35.4          18.4 Ru~0Oqa114
Y2866K08Y32U KC2010 11 07.16347 07 45 55.02 +21 49 26.0          17.9 Ru~0Oqa118
Y2866K08Y32U KC2010 11 07.16479 07 45 53.87 +21 49 27.2          18.1 Ru~0Oqa118
Y2866K08Y32U KC2010 11 07.16840 07 45 50.64 +21 49 28.1          17.8 Ru~0Oqa118
Y2866K08Y32U KC2010 11 07.31556 07 43 47.64 +21 51 07.6          17.9 Rr~0Oqa850
Y2866K08Y32U KC2010 11 07.32126 07 43 42.67 +21 51 11.7          17.6 Rr~0Oqa850
Y2866K08Y32U KC2010 11 07.32808 07 43 36.73 +21 51 16.5          17.9 Rr~0Oqa850
Y2866K08Y32U KC2010 11 07.33460 07 43 31.03 +21 51 20.6          17.8 Rr~0Oqa850
Y2866K08Y32U  C2010 11 07.44386 07 41 56.87 +21 52 28.2          17.8  c~0Oqa704
Y2866K08Y32U  C2010 11 07.45658 07 41 45.68 +21 52 35.5          18.2  c~0Oqa704
Y2866K08Y32U  C2010 11 07.45707 07 41 45.30 +21 52 35.2          18.2  c~0Oqa704
Y2866K08Y32U  C2010 11 07.46920 07 41 34.67 +21 52 42.9          18.3  c~0Oqa704
Y2866K08Y32U  C2010 11 07.46970 07 41 34.26 +21 52 42.9          18.4  c~0Oqa704
Y2866K08Y32U  C2010 11 07.49448 07 41 12.67 +21 52 56.4          18.1  c~0Oqa704
Y2866K08Y32U  C2010 11 07.49497 07 41 12.21 +21 52 56.4          18.0  c~0Oqa704
Y2866K08Y32U  C2010 11 08.46548 07 27 44.75 +21 59 29.1          17.8  c~0Oqa704
Y2866K08Y32U  C2010 11 08.47190 07 27 39.33 +21 59 24.6          18.7 Ru~0PMjH16
Y2866K08Y32U  C2010 11 08.47221 07 27 39.09 +21 59 24.9          19.1 Ru~0PMjH16
Y2866K08Y32U  C2010 11 08.47253 07 27 38.81 +21 59 25.1          17.5 Ru~0PMjH16
Y2866K08Y32U  C2010 11 08.47285 07 27 38.57 +21 59 25.1          17.6 Ru~0PMjH16
Y2866K08Y32U  C2010 11 08.47316 07 27 38.29 +21 59 25.0          17.6 Ru~0PMjH16
Y2866K08Y32U  C2010 11 08.47876 07 27 33.59 +21 59 32.6          18.0  c~0Oqa704
Y2866K08Y32U  C2010 11 08.49187 07 27 22.57 +21 59 35.4          18.3  c~0Oqa704
Y2866K08Y32U  C2010 11 08.50511 07 27 11.49 +21 59 39.5          17.8  c~0Oqa704
Y2866K08Y32U  C2010 11 08.51821 07 27 00.56 +21 59 43.8          18.1  c~0Oqa704
Y2866K08Y32U KC2010 11 09.30516 07 16 34.11 +22 01 49.5          18.1 Rr~0Oqa850
Y2866K08Y32U KC2010 11 09.31693 07 16 24.65 +22 01 50.8          17.5 Rr~0Oqa850
Y2866K08Y32U KC2010 11 09.32850 07 16 15.36 +22 01 52.4          17.7 Rr~0Oqa850
Y2866K08Y32U  C2010 11 09.72262 07 11 08.36 +22 02 03.3          18.0 Rm~0Oqa355
Y2866K08Y32U  C2010 11 09.72336 07 11 07.81 +22 02 03.7          18.0 Rm~0Oqa355
Y2866K08Y32U  C2010 11 09.72373 07 11 07.55 +22 02 04.3          17.7 Rm~0Oqa355
Y2866K08Y32U  C2010 11 09.72411 07 11 07.28 +22 02 03.3          18.2 Rm~0Oqa355
Y2866K08Y32U  C2010 11 09.72448 07 11 06.92 +22 02 03.1          18.1 Rm~0Oqa355
Y2866K08Y32U KC2010 11 11.15065 06 53 25.35 +21 58 04.6          17.4 Rv~0PMj204
Y2866K08Y32U KC2010 11 11.15580 06 53 21.57 +21 58 03.1                v~0PMj204
Y2866K08Y32U KC2010 11 11.15843 06 53 19.64 +21 58 02.2                v~0PMj204
Y2866K08Y32U KC2010 11 11.16095 06 53 17.79 +21 58 01.4                v~0PMj204
Y2866K08Y32U KC2010 11 11.16348 06 53 15.93 +21 58 00.6                v~0PMj204
Y2866K08Y32U  C2010 11 11.37901 06 50 44.67 +21 57 04.2          17.5  c~0Oqa704
Y2866K08Y32U  C2010 11 11.39165 06 50 35.50 +21 57 00.8          18.1  c~0Oqa704
Y2866K08Y32U  C2010 11 11.40445 06 50 26.17 +21 56 56.6          17.8  c~0Oqa704
Y2866K08Y32U  C2010 11 11.41714 06 50 16.95 +21 56 52.3          18.2  c~0Oqa704
Y2866K08Y32U  C2010 11 11.42983 06 50 07.70 +21 56 49.4          17.9  c~0Oqa704
Y2866K08Y32U KC2010 11 12.26784 06 40 31.98 +21 51 06.3          17.5 Rr~0Oqa850
Y2866K08Y32U KC2010 11 12.27563 06 40 26.67 +21 51 05.3          17.6 Rr~0Oqa850
Y2866K08Y32U KC2010 11 12.30096 06 40 09.20 +21 50 54.6          17.4 Rr~0Oqa850
Y2866K08Y32U  C2010 11 12.41980 06 38 48.44 +21 50 01.2          17.6  c~0PMj704
Y2866K08Y32U  C2010 11 12.43220 06 38 39.92 +21 49 55.7          17.6  c~0PMj704
Y2866K08Y32U  C2010 11 12.44459 06 38 31.35 +21 49 49.9          17.6  c~0PMj704
Y2866K08Y32U  C2010 11 12.46973 06 38 14.09 +21 49 36.9          17.9  c~0PMj704
Y2866K08Y32U  C2010 11 15.08240 06 11 23.79 +21 22 11.9                o~0PMj046
Y2866K08Y32U  C2010 11 15.09014 06 11 19.28 +21 22 06.2                o~0PMj046
Y2866K08Y32U  C2010 11 15.09108 06 11 18.65 +21 22 05.7                o~0PMj046
Y2866K08Y32U  C2010 11 15.09201 06 11 18.16 +21 22 04.8                o~0PMj046
Y2866K08Y32U KC2010 11 15.27853 06 09 34.22 +21 19 56.4          17.6 Rr~0PMj850
Y2866K08Y32U KC2010 11 15.30449 06 09 19.19 +21 19 37.8          17.3 Rr~0PMj850
Y2866K08Y32U KC2010 11 27.02664 04 52 02.99 +18 39 44.7                r~0Pn3203
Y2866K08Y32U KC2010 11 27.04658 04 51 57.49 +18 39 30.3                r~0Pn3203
Y2866K08Y32U KC2010 11 27.32521 04 50 44.68 +18 36 18.3          17.9 Ru~0Pn3448
Y2866K08Y32U KC2010 11 27.32819 04 50 43.83 +18 36 16.1          17.9 Ru~0Pn3448
Y2866K08Y32U KC2010 11 27.33239 04 50 42.72 +18 36 13.1          17.3 Ru~0Pn3448
Y2866K08Y32U  C2010 11 27.33522 04 50 41.48 +18 36 09.1          18.5 Ru~0Pn3H45
Y2866K08Y32U  C2010 11 27.33649 04 50 41.14 +18 36 08.1          18.4 Ru~0Pn3H45
Y2866K08Y32U  C2010 11 27.33772 04 50 40.83 +18 36 07.4          18.5 Ru~0Pn3H45
Y2866K08Y32U  C2010 11 27.34006 04 50 40.18 +18 36 05.6          18.3 Ru~0Pn3H45
Y2866K08Y32U  C2010 11 27.34123 04 50 39.82 +18 36 04.6          18.6 Ru~0Pn3H45
Y2866K08Y32U  C2010 11 27.34216 04 50 39.63 +18 36 04.3          18.4 Ru~0Pn3H45
Y2866K08Y32U  C2010 11 28.54776 04 45 39.31 +18 22 09.0          19.2 Ro~0RVk300
Y2866K08Y32U  C2010 11 28.54945 04 45 38.88 +18 22 08.4          18.3 Ro~0RVk300
Y2866K08Y32U  C2010 11 28.55115 04 45 38.49 +18 22 07.1          18.4 Ro~0RVk300
Y2866K08Y32U  C2010 11 28.55286 04 45 38.03 +18 22 06.0          18.2 Ro~0RVk300
Y2866K08Y32U  C2010 11 28.55457 04 45 37.61 +18 22 04.6          18.3 Ro~0RVk300
Y2866K08Y32U  C2010 11 28.55628 04 45 37.19 +18 22 03.9          18.5 Ro~0RVk300
Y2866K08Y32U  C2010 12 03.27256 04 29 14.98 +17 35 06.5          18.5  c~0Pn3704
Y2866K08Y32U  C2010 12 03.28583 04 29 12.48 +17 34 59.2          18.6  c~0Pn3704
Y2866K08Y32U  C2010 12 03.29911 04 29 09.99 +17 34 52.8          18.6  c~0Pn3704
Y2866K08Y32U  C2010 12 03.31237 04 29 07.48 +17 34 45.2          18.6  c~0Pn3704
Y2866K08Y32U  C2010 12 03.32622 04 29 04.91 +17 34 38.1          18.5  c~0Pn3704
Y2866K08Y32U  C2010 12 05.08943 04 24 10.30 +17 20 03.0                u~0Pn3I15
Y2866K08Y32U  C2010 12 05.10499 04 24 07.71 +17 19 56.4                u~0Pn3I15
Y2866K08Y32U  C2010 12 05.12275 04 24 04.75 +17 19 48.1                u~0Pn3I15
Y2866K08Y32U KC2010 12 09.12349604 14 51.27 +16 52 40.5          19.9 Vo~0Pn3H20
Y2866K08Y32U KC2010 12 09.12554404 14 51.00 +16 52 39.4          19.4 Vo~0Pn3H20
Y2866K08Y32U KC2010 12 09.12976804 14 50.44 +16 52 37.7          19.6 Vo~0Pn3H20
Y2866K08Y32U KC2010 12 09.13178604 14 50.16 +16 52 37.0          19.5 Vo~0Pn3H20
Y2866K08Y32U  C2010 12 12.19027 04 09 20.15 +16 36 50.0          19.8  c~0Pn3704
Y2866K08Y32U  C2010 12 12.20329 04 09 18.65 +16 36 46.9          20.0  c~0Pn3704
Y2866K08Y32U  C2010 12 12.21639 04 09 17.32 +16 36 42.2          19.9  c~0Pn3704
Y2866K08Y32U  C2010 12 12.22946 04 09 15.99 +16 36 38.6          19.6  c~0Pn3704
Y2866K08Y32U  C2010 12 12.24254 04 09 14.62 +16 36 35.2          19.6  c~0Pn3704
Y2866K08Y32U KC2012 03 02.36933 12 07 51.66 -07 16 50.3                o~0e86291
Y2866K08Y32U KC2012 03 02.37465 12 07 51.22 -07 16 48.5                o~0e86291
Y2866K08Y32U KC2012 03 02.37996 12 07 50.73 -07 16 45.9                o~0e86291
Y2866K08Y32U  C2012 03 15.33429 11 46 12.68 -05 17 20.4          21.1 Vr~0ecrG96
Y2866K08Y32U  C2012 03 15.34177 11 46 11.78 -05 17 15.0          21.7 Vr~0ecrG96
Y2866K08Y32U  C2012 03 15.34931 11 46 10.88 -05 17 10.0          21.4 Vr~0ecrG96
Y2866K08Y32U  C2012 03 15.35683 11 46 09.98 -05 17 04.2          21.2 Vr~0ecrG96
Y2866K08Y32U  C2012 03 20.36613 11 35 58.480-04 13 26.28         22.0 wL~0eupF51
Y2866K08Y32U  C2012 03 20.38076 11 35 56.578-04 13 14.37         22.1 wL~0eupF51
Y2866K08Y32U  C2012 03 20.39540 11 35 54.647-04 13 02.54         21.9 wL~0eupF51
Y2866K08Y32U  c2012 09 27.60945207 54 12.342+21 23 47.28         21.8 wL~0j6WF51
Y2866K08Y32U  c2012 09 27.62105007 54 12.783+21 23 42.69         21.6 wL~0j6WF51
Y2866K08Y32U  c2012 09 27.62572707 54 12.977+21 23 40.60         21.6 wL~0j6WF51
