     K08U94Z* C2008 10 28.07343 18 40 50.93 +22 59 39.0          18.4  c~00UN704
     K08U94Z  C2008 10 28.08509 18 40 52.47 +22 59 32.7          18.8  c~00UN704
     K08U94Z  C2008 10 28.09677 18 40 54.08 +22 59 26.7          18.7  c~00UN704
     K08U94Z  C2008 10 28.10837 18 40 55.56 +22 59 20.2          18.6  c~00UN704
     K08U94Z  C2008 10 28.12009 18 40 57.11 +22 59 13.7          18.7  c~00UN704
     K08U94Z 5C2008 10 29.07606 18 43 09.61 +22 50 45.3          18.5 Ro~00UN673
     K08U94Z 5C2008 10 29.08391 18 43 10.68 +22 50 41.0                o~00UN673
     K08U94Z 5C2008 10 29.08947 18 43 11.45 +22 50 37.8                o~00UN673
     K08U94Z  C2008 10 29.09283 18 43 11.80 +22 50 35.3          19.2  c~00UN704
     K08U94Z 5C2008 10 29.09549 18 43 12.25 +22 50 34.7                o~00UN673
     K08U94Z  C2008 10 29.10206 18 43 13.06 +22 50 31.6          18.8 Rc~00UN854
     K08U94Z  C2008 10 29.10507 18 43 13.45 +22 50 28.8          19.2  c~00UN704
     K08U94Z  C2008 10 29.10590 18 43 13.59 +22 50 28.9          18.8 Rc~00UN854
     K08U94Z  C2008 10 29.10973 18 43 14.09 +22 50 25.9          18.8 Rc~00UN854
     K08U94Z  C2008 10 29.12989 18 43 16.83 +22 50 14.6          19.1  c~00UN704
     K08U94Z  C2008 10 29.43134 18 43 59.37 +22 47 31.7          19.0 Ro~01gx300
     K08U94Z  C2008 10 29.43376 18 43 59.72 +22 47 29.9          18.9 Ro~01gx300
     K08U94Z  C2008 10 29.43620 18 44 00.13 +22 47 29.4          18.9 Ro~01gx300
     K08U94Z  C2008 10 30.02186418 45 23.69 +22 42 05.5          18.6  r~00UNH55
     K08U94Z  C2008 10 30.02613 18 45 24.28 +22 42 03.2          19.3 Vo~00UNH55
     K08U94Z  C2008 10 30.02777318 45 24.50 +22 42 02.0          19.0  r~00UNH55
     K08U94Z  C2008 10 30.06251 18 45 29.31 +22 41 42.7          18.6 Rw~00UN850
     K08U94Z  C2008 10 30.07110 18 45 30.76 +22 41 39.7          19.0  c~00UN704
     K08U94Z  C2008 10 30.08364 18 45 32.55 +22 41 32.4          19.1  c~00UN704
     K08U94Z 5C2008 10 30.08854 18 45 33.31 +22 41 30.3          19.2 Ro~00UN673
     K08U94Z 5C2008 10 30.09468 18 45 34.16 +22 41 26.6                o~00UN673
     K08U94Z  C2008 10 30.09589 18 45 34.30 +22 41 25.7          19.7  c~00UN704
     K08U94Z 5C2008 10 30.09861 18 45 34.71 +22 41 24.4                o~00UN673
     K08U94Z 5C2008 10 30.10370 18 45 35.41 +22 41 21.5                o~00UN673
     K08U94Z  C2008 10 30.10736 18 45 35.65 +22 41 17.7          19.3 Rw~00UN850
     K08U94Z  C2008 10 30.10813 18 45 35.96 +22 41 18.4          18.9  c~00UN704
     K08U94Z  C2008 10 30.11484 18 45 36.78 +22 41 11.8          18.7 Rw~00UN850
     K08U94Z  C2008 10 30.12040 18 45 37.70 +22 41 11.2          19.2  c~00UN704
     K08U94Z tC2008 10 31.10057 18 48 00.81 +22 31 57.1          19.2 Vo~00UN291
     K08U94Z tC2008 10 31.10446 18 48 01.34 +22 31 55.8          19.2 Vo~00UN291
     K08U94Z tC2008 10 31.10844 18 48 01.91 +22 31 52.6          18.8 Vo~00UN291
     K08U94Z  C2008 11 01.00198 18 50 15.84 +22 23 10.3          18.6 Vo~01DmH55
     K08U94Z  C2008 11 01.00404 18 50 16.13 +22 23 09.1          19.2 Vo~01DmH55
     K08U94Z  C2008 11 01.00620 18 50 16.45 +22 23 07.8          19.2 Vo~01DmH55
     K08U94Z  C2008 11 01.00836 18 50 16.83 +22 23 06.5          18.7 Vo~01DmH55
     K08U94Z  C2008 11 06.06086 19 03 55.38 +21 28 12.8          18.7 Vo~01OEH55
     K08U94Z  C2008 11 06.06272 19 03 55.68 +21 28 11.6          19.8 Vo~01OEH55
     K08U94Z  C2008 11 06.06457 19 03 56.00 +21 28 10.4          19.8 Vo~01OEH55
     K08U94Z  C2008 11 07.76598 19 08 57.78 +21 06 57.1                r~01DmJ95
     K08U94Z  C2008 11 07.77078 19 08 58.56 +21 06 53.7          18.6 Rr~01DmJ95
     K08U94Z  C2008 11 15.70093119 35 45.35 +19 01 33.5          19.1 Vv~01OEB03
     K08U94Z  C2008 11 15.71134619 35 47.59 +19 01 20.6          18.7 Vv~01OEB03
     K08U94Z  C2008 11 15.72301819 35 50.19 +19 01 07.9          18.6 Vv~01OEB03
     K08U94Z  C2008 11 19.01359 19 48 51.98 +17 51 15.5          19.6 Vo~01gxH55
     K08U94Z  C2008 11 19.01588 19 48 52.53 +17 51 11.8          19.5 Vo~01gxH55
     K08U94Z  C2008 11 23.74668 20 10 03.71 +15 44 16.5          18.4 Rr~01gx130
     K08U94Z  C2008 11 23.74914 20 10 04.45 +15 44 11.3          18.5 Rr~01gx130
     K08U94Z  C2008 11 23.75228 20 10 05.32 +15 44 06.1          18.6 Rr~01gx130
     K08U94Z  C2008 11 23.75441 20 10 05.90 +15 44 01.7          18.6 Rr~01gx130
     K08U94Z  C2008 11 24.02745 20 11 25.16 +15 35 36.6          19.2 Vo~01gxH55
     K08U94Z  C2008 11 24.02963 20 11 25.77 +15 35 32.4          19.0 Vo~01gxH55
     K08U94Z  C2008 11 24.03225 20 11 26.55 +15 35 27.2          18.9 Vo~01gxH55
     K08U94Z  C2008 11 24.03364 20 11 26.92 +15 35 24.4          18.6 Vo~01gxH55
     K08U94Z  C2008 11 24.03522 20 11 27.39 +15 35 21.6          19.1 Vo~01gxH55
     K08U94Z  C2008 11 24.03689 20 11 27.93 +15 35 18.4          19.5 Vo~01gxH55
     K08U94Z tC2008 11 24.06548 20 11 36.36 +15 34 27.8          18.9 Vo~01gx291
     K08U94Z tC2008 11 24.06932 20 11 37.50 +15 34 20.7          18.0 Vo~01gx291
     K08U94Z tC2008 11 24.07311 20 11 38.57 +15 34 13.2          18.5 Vo~01gx291
     K08U94Z  C2008 11 25.02261 20 16 20.27 +15 03 35.6          19.2 Vo~01gxH55
     K08U94Z  C2008 11 25.02446 20 16 20.83 +15 03 32.1          19.2 Vo~01gxH55
     K08U94Z  C2008 11 25.02798 20 16 21.82 +15 03 25.6          18.7 Vo~01gxH55
     K08U94Z  C2008 11 27.03648 20 26 47.31 +13 52 47.4          18.8 Rr~01gxH45
     K08U94Z  C2008 11 27.03771 20 26 47.69 +13 52 45.1          18.7 Rr~01gxH45
     K08U94Z  C2008 11 27.03902 20 26 48.11 +13 52 42.0          18.8 Rr~01gyH45
     K08U94Z  C2008 11 27.04242 20 26 49.17 +13 52 34.8          18.8 Rr~01gyH45
     K08U94Z  C2008 11 27.04443 20 26 49.82 +13 52 29.7          18.6 Rr~01gyH45
     K08U94Z  C2008 11 27.04530 20 26 50.12 +13 52 28.2          18.7 Rr~01gyH45
     K08U94Z  C2008 11 30.05351 20 43 47.76 +11 49 46.9          18.1 Rr~01zh448
     K08U94Z  C2008 11 30.05716 20 43 49.09 +11 49 36.3          18.3 Rr~01zh448
     K08U94Z  C2008 11 30.06081 20 43 50.33 +11 49 26.9          17.5 Rr~01zh448
     K08U94Z  C2008 11 30.06481 20 43 51.72 +11 49 16.3          17.3 Rr~01zh448
     K08U94Z  C2008 12 02.06432 20 56 06.38 +10 15 06.9          18.6 Vr~01zh703
     K08U94Z  C2008 12 02.07035 20 56 08.62 +10 14 48.7          18.7 Vr~01zh703
     K08U94Z  C2008 12 02.07628 20 56 10.82 +10 14 31.2          18.6 Vr~01zh703
     K08U94Z  C2008 12 03.74803 21 07 03.53 +08 47 14.2                v~02Mw204
     K08U94Z  C2008 12 03.75426 21 07 05.97 +08 46 53.6                v~02Mx204
     K08U94Z  C2008 12 03.79894 21 07 23.67 +08 44 26.6          18.0 Rv~02Mx204
     K08U94Z  C2008 12 03.80528 21 07 26.19 +08 44 05.7                v~02Mx204
     K08U94Z  C2008 12 07.03870 21 30 15.01 +05 31 52.8          17.7 Rr~02IO448
     K08U94Z  C2008 12 07.04149 21 30 16.21 +05 31 42.0          18.1 Rr~02IO448
     K08U94Z  C2008 12 07.04371 21 30 17.18 +05 31 33.5          18.0 Rr~02IO448
     K08U94Z  C2008 12 07.04593 21 30 18.15 +05 31 25.2          17.8 Rr~02IO448
     K08U94Z  C2008 12 07.04816 21 30 19.15 +05 31 16.3          17.9 Rr~02IO448
     K08U94Z  C2008 12 13.02243 22 18 38.29 -01 42 59.8          18.4 Vo~02MxH55
     K08U94Z  C2008 12 13.02545 22 18 39.86 -01 43 14.6          18.7 Vo~02MxH55
     K08U94Z  C2008 12 13.02792 22 18 41.11 -01 43 26.4          18.5 Vo~02MxH55
     K08U94Z  C2008 12 24.73098 00 10 12.66 -17 37 53.9          17.7 Vo~02QAA78
     K08U94Z  C2008 12 24.73935 00 10 17.54 -17 38 30.3          17.8 Vo~02QAA78
     K08U94Z  C2008 12 24.74802 00 10 22.52 -17 39 08.3          17.7 Vo~02QAA78
     K08U94Z  C2008 12 25.16787 00 14 28.07 -18 09 03.2          17.2 Rr~02QA448
     K08U94Z  C2008 12 25.16991 00 14 29.26 -18 09 12.0          16.9 Rr~02QA448
     K08U94Z  C2008 12 25.17196 00 14 30.44 -18 09 20.4          17.0 Rr~02QA448
     K08U94Z  C2008 12 25.17400 00 14 31.62 -18 09 29.2          17.1 Rr~02QA448
     K08U94Z  C2008 12 25.17605 00 14 32.77 -18 09 37.8          17.3 Rr~02QA448
     K08U94Z  C2009 01 04.42342001 47 26.14 -26 58 42.5          16.6 Vr~034T432
     K08U94Z  C2009 01 04.42474001 47 26.81 -26 58 45.4          15.5 Vr~034T432
     K08U94Z  C2009 01 04.43594301 47 32.13 -26 59 07.2          15.6 Vr~034T432
     K08U94Z  C2009 01 04.43945001 47 33.76 -26 59 14.2          16.0 Vr~034T432
     K08U94Z  C2009 01 05.42372101 55 24.78 -27 30 03.8          16.3 Vr~034T432
     K08U94Z  C2009 01 05.42427701 55 25.00 -27 30 05.2          16.4 Vr~034T432
     K08U94Z  C2009 01 05.42479701 55 25.25 -27 30 06.2          16.2 Vr~034T432
     K08U94Z  C2009 01 05.42528401 55 25.47 -27 30 07.0          16.3 Vr~034T432
     K08U94Z  C2009 01 28.42306 04 05 23.921-30 11 58.07         18.1 Rr~03JsE12
     K08U94Z  C2009 01 28.42536 04 05 24.464-30 11 57.26         17.9 Rr~03JsE12
     K08U94Z  C2009 02 01.51956 04 21 01.36 -29 42 17.7          18.4 Vr~03JsE12
     K08U94Z  C2009 02 01.52795 04 21 03.20 -29 42 13.0          18.3 Vr~03JsE12
     K08U94Z  C2009 02 01.53634 04 21 05.00 -29 42 08.7          18.1 Vr~03JsE12
     K08U94Z  C2009 02 01.54476 04 21 06.80 -29 42 04.3          18.0 Vr~03JsE12
     K08U94Z  C2009 02 21.47167 05 22 38.89 -26 02 34.7          19.0 Vr~04aSE12
     K08U94Z  C2009 02 21.47970 05 22 40.15 -26 02 27.8          19.1 Vr~04aSE12
     K08U94Z  C2009 02 21.48774 05 22 41.41 -26 02 21.9          19.3 Vr~04aSE12
     K08U94Z  C2009 02 21.49578 05 22 42.70 -26 02 15.3          19.2 Vr~04aSE12
     K08U94Z  C2009 03 03.06070 05 47 28.18 -23 59 36.7          20.1 Vo~04sSH55
     K08U94Z  C2009 03 03.06407 05 47 28.65 -23 59 34.0          20.1 Vo~04sSH55
     K08U94Z  C2009 03 03.06721 05 47 29.11 -23 59 31.4          20.1 Vo~04sSH55
     K08U94Z  C2009 03 03.07025 05 47 29.56 -23 59 29.2          19.8 Vo~04sSH55
     K08U94Z .C2011 05 17.20545 18 20 43.78 -12 19 02.2          21.0 Ru~0WGB950
     K08U94Z .C2011 05 17.20672 18 20 43.73 -12 19 01.8          21.2 Ru~0WGB950
     K08U94Z .C2011 05 17.20803 18 20 43.71 -12 19 01.6          20.2 Ru~0WGB950
     K08U94Z .C2011 05 17.20946 18 20 43.65 -12 19 00.0          21.1 Ru~0WGB950
     K08U94Z .C2011 05 17.21080 18 20 43.50 -12 18 59.4          21.0 Ru~0WGB950
     K08U94Z  C2011 06 23.21534 17 38 15.18 -05 55 07.8          20.8 Vr~0Wc0G96
     K08U94Z  C2011 06 23.22334 17 38 14.49 -05 55 03.7          20.3 Vr~0Wc0G96
     K08U94Z  C2011 06 23.23149 17 38 13.81 -05 54 58.8          20.4 Vr~0Wc0G96
     K08U94Z  C2011 06 23.23966 17 38 13.05 -05 54 54.3          19.9 Vr~0Wc0G96
     K08U94Z  C2014 07 26.27251 16 00 33.737-12 24 46.96         22.0 wL~16btF51
     K08U94Z  C2014 07 26.28449 16 00 33.499-12 24 44.18         22.0 wL~16btF51
     K08U94Z  C2014 07 26.29646 16 00 33.287-12 24 41.25         21.8 wL~16btF51
