     K08Y29A* C2008 12 30.29053 08 26 27.49 +14 24 23.7          20.8 Vr~02k7G96
     K08Y29A  C2008 12 30.29948 08 26 30.66 +14 23 26.2          21.1 Vr~02k7G96
     K08Y29A  C2008 12 30.30843 08 26 33.72 +14 22 27.8          20.9 Vr~02k7G96
     K08Y29A  C2008 12 30.31980 08 26 37.68 +14 21 13.9          20.6 Vr~02k7G96
     K08Y29A  C2008 12 30.37075 08 26 55.13 +14 15 41.6          20.8 Vr~02k7G96
     K08Y29A  C2008 12 30.37125 08 26 54.95 +14 15 35.9          19.8 Rv~02k7H01
     K08Y29A  C2008 12 30.37480 08 26 56.14 +14 15 12.7          19.8 Rv~02k7H01
     K08Y29A  C2008 12 30.37912 08 26 57.63 +14 14 44.4          19.9 Rv~02k7H01
     K08Y29A  C2008 12 30.38449 08 26 59.47 +14 14 09.1          20.0 Rv~02k7H01
     K08Y29A  C2008 12 30.38526 08 27 00.11 +14 14 07.6          20.3 Vr~02k7G96
     K08Y29A tC2008 12 30.38655 08 27 00.65 +14 13 59.3                o~02k7291
     K08Y29A  C2008 12 30.38704 08 27 00.32 +14 13 52.5          20.0 Rv~02k7H01
     K08Y29A tC2008 12 30.39065 08 27 02.07 +14 13 31.4                o~02k7291
     K08Y29A tC2008 12 30.39467 08 27 03.32 +14 13 07.0                o~02k7291
     K08Y29A  C2008 12 30.39954 08 27 04.97 +14 12 33.0          20.3 Vr~02k7G96
     K08Y29A  C2008 12 30.41169 08 27 09.11 +14 11 13.4          21.0 Vr~02k7G96
     K08Y29A tC2008 12 31.33842 08 32 55.88 +12 30 54.8          21.3 Vo~02k7291
     K08Y29A tC2008 12 31.34234 08 32 57.16 +12 30 29.7          20.9 Vo~02k7291
     K08Y29A tC2008 12 31.34661 08 32 58.62 +12 30 01.6          20.9 Vo~02k7291
     K08Y29A  C2008 12 31.49018 08 33 45.13 +12 14 32.1          20.5 Rv~02k7H01
     K08Y29A  C2008 12 31.49091 08 33 45.38 +12 14 27.4          20.6 Rv~02k7H01
     K08Y29A  C2008 12 31.49458 08 33 46.58 +12 14 03.7          20.6 Rv~02k7H01
     K08Y29A  C2008 12 31.49531 08 33 46.84 +12 13 58.8          20.6 Rv~02k7H01
     K08Y29A  C2008 12 31.49986 08 33 48.35 +12 13 29.4          20.8 Rv~02k7H01
     K08Y29A  C2009 01 01.35367 08 38 52.88 +10 43 06.4          21.0 Vo~02k7H55
     K08Y29A  C2009 01 01.36061 08 38 55.11 +10 42 22.6          21.3 Vo~02k7H55
     K08Y29A  C2009 01 01.36865 08 38 57.65 +10 41 32.2          21.5 Vo~02k7H55
     K08Y29A tC2009 01 01.43950 08 39 21.75 +10 34 20.1          20.4 Vo~02k7291
     K08Y29A tC2009 01 01.44532 08 39 23.60 +10 33 43.2          20.9 Vo~02k7291
     K08Y29A tC2009 01 01.45105 08 39 25.27 +10 33 07.1          21.2 Vo~02k7291
     K08Y29A tC2009 01 07.29545 09 08 25.38 +01 22 59.0          21.4 Vo~034t291
     K08Y29A tC2009 01 07.30307 09 08 26.93 +01 22 25.9          21.5 Vo~034t291
     K08Y29A tC2009 01 08.36814 09 12 45.40 -00 03 21.7          21.5 Vo~034t291
     K08Y29A tC2009 01 08.37189 09 12 46.08 -00 03 40.0          21.7 Vo~034t291
     K08Y29A tC2009 01 08.37699 09 12 47.17 -00 04 03.4          21.5 Vo~034t291
     K08Y29A HC2009 01 18.38613 09 42 13.59 -09 54 03.7                o~03Ke291
     K08Y29A HC2009 01 18.39674 09 42 14.66 -09 54 30.0                o~03Ke291
     K08Y29A HC2009 01 18.40070 09 42 15.05 -09 54 40.1                o~03Ke291
     K08Y29A  C2009 01 25.37711 09 53 33.14 -13 38 22.9          22.0 Vo~03Ke291
     K08Y29A HC2009 01 25.38102 09 53 33.34 -13 38 28.6                o~03Ke291
