     K01X00Q* C2001 12 06.16208 02 23 56.39 +13 13 27.4          15.6  ce5042704
     K01X00Q  C2001 12 06.17715 02 24 07.98 +13 06 57.3          15.5  ce5042704
     K01X00Q  C2001 12 06.20731 02 24 31.10 +12 53 54.9          15.5  ce5042704
     K01X00Q  C2001 12 07.08145 02 36 14.74 +06 31 38.4          16.1  ce5042704
     K01X00Q  C2001 12 07.08269 02 36 15.64 +06 31 06.2          15.8  ce5042704
     K01X00Q  C2001 12 07.09674 02 36 26.32 +06 24 56.1          15.9  ce5042704
     K01X00Q  C2001 12 07.09768 02 36 27.05 +06 24 31.1          15.7  ce5042704
     K01X00Q  C2001 12 07.11198 02 36 37.85 +06 18 15.2          15.4  ce5042704
     K01X00Q  C2001 12 07.11273 02 36 38.45 +06 17 55.2          15.8  ce5042704
     K01X00Q  C2001 12 07.12722 02 36 49.33 +06 11 33.9          15.4  ce5042704
     K01X00Q  C2001 12 07.12820 02 36 50.14 +06 11 07.1          15.7  ce5042704
     K01X00Q  C2001 12 07.13522 02 36 55.44 +06 08 03.1          15.3  ce5042704
     K01X00Q  C2001 12 07.13708 02 36 56.83 +06 07 14.4          15.2  ce5042704
     K01X00Q  C2001 12 07.15019 02 37 06.68 +06 01 28.0          15.3  ce5042704
     K01X00Q  C2001 12 07.15232 02 37 08.28 +06 00 31.5          15.3  ce5042704
     K01X00Q  C2001 12 07.16517 02 37 17.90 +05 54 52.1          15.1  ce5042704
     K01X00Q  C2001 12 07.16749 02 37 19.64 +05 53 50.5          15.1  ce5042704
     K01X00Q  C2001 12 07.18015 02 37 29.14 +05 48 16.7          15.1  ce5042704
     K01X00Q  C2001 12 07.18392 02 37 31.99 +05 46 36.3          15.1  ce5042704
     K01X00Q  C2001 12 07.19515 02 37 40.38 +05 41 40.7          15.4  ce5042704
     K01X00Q  C2001 12 07.19929 02 37 43.49 +05 39 51.7          15.4  ce5042704
     K01X00Q  C2001 12 07.21577 02 37 55.81 +05 32 37.7          15.6  ce5042704
     K01X00Q  C2001 12 07.23073 02 38 07.04 +05 26 02.6          15.1  ce5042704
     K01X00Q  C2001 12 07.24586 02 38 18.40 +05 19 23.6          15.0  ce5042704
     K01X00Q  C2001 12 07.26154 02 38 30.20 +05 12 30.0          15.3  ce5042704
     K01X00Q  C2001 12 07.27688 02 38 41.77 +05 05 45.3          15.0  ce5042704
     K01X00Q  C2001 12 07.86924 02 46 28.71 +00 46 35.7          15.5 Rde5042946
     K01X00Q  C2001 12 07.86955 02 46 28.93 +00 46 28.0          15.5 Rde5042946
     K01X00Q  C2001 12 07.86987 02 46 29.16 +00 46 20.0          15.4 Rde5042946
     K01X00Q  C2001 12 07.87016 02 46 29.38 +00 46 12.9          15.5 Rde5042946
     K01X00Q  C2001 12 07.91059 02 46 58.96 +00 28 42.4          14.7 Rde5042176
     K01X00Q  C2001 12 07.91510 02 47 02.29 +00 26 45.5          15.0 Rde5042176
     K01X00Q  C2001 12 07.91626 02 47 03.14 +00 26 15.5          14.9 Rde5042176
     K01X00Q  C2001 12 07.91765 02 47 04.17 +00 25 39.5          14.7 Rde5042176
     K01X00Q  C2001 12 07.94064 02 47 20.22 +00 15 30.9                ce5042118
     K01X00Q  C2001 12 07.94098 02 47 21.18 +00 15 20.1          15.0 Vde5042611
     K01X00Q  C2001 12 07.94187 02 47 21.11 +00 14 59.1          14.6 Rce5042118
     K01X00Q  C2001 12 07.94241 02 47 21.52 +00 14 44.8                ce5042118
     K01X00Q  C2001 12 07.94284 02 47 21.85 +00 14 33.3                ce5042118
     K01X00Q  C2001 12 07.94313 02 47 22.79 +00 14 23.8                de5042611
     K01X00Q  C2001 12 07.94398 02 47 23.43 +00 14 01.1                de5042611
     K01X00Q  C2001 12 08.00954 02 48 20.81 -00 14 04.3                de5042739
     K01X00Q  C2001 12 08.01267 02 48 23.23 -00 15 25.6                de5042739
     K01X00Q  C2001 12 08.01612 02 48 25.70 -00 16 53.9                de5042739
     K01X00Q  C2001 12 08.80749 02 58 24.90 -05 51 52.1          15.1 Rce5042118
     K01X00Q  C2001 12 08.81007 02 58 26.78 -05 52 55.7                ce5042118
     K01X00Q  C2001 12 08.81581 02 58 30.92 -05 55 17.7                ce5042118
     K01X00Q  C2001 12 08.85875 02 59 02.28 -06 12 52.4          15.4 Vce5042157
     K01X00Q  C2001 12 08.85983 02 59 02.99 -06 13 20.0          15.6 Vce5042157
     K01X00Q  C2001 12 08.86090 02 59 03.75 -06 13 45.8          15.3 Vce5042157
     K01X00Q  C2001 12 09.86663 03 11 23.40 -12 50 33.2          15.6 Vce5042198
     K01X00Q  C2001 12 09.86981 03 11 25.63 -12 51 44.7          15.6 Vce5042198
     K01X00Q  C2001 12 09.87045 03 11 26.08 -12 51 59.5          15.5 Vce5042198
     K01X00Q  C2001 12 09.87051 03 11 25.37 -12 52 00.6          15.1 Rce5042118
     K01X00Q  C2001 12 09.87100 03 11 25.70 -12 52 11.3                ce5042118
     K01X00Q  C2001 12 09.87192 03 11 26.35 -12 52 32.4                ce5042118
     K01X00Q  C2001 12 09.87492 03 11 29.17 -12 53 39.4          15.5 Vce5042198
     K01X00Q  C2001 12 09.89312 03 11 41.72 -13 00 31.3          16.0 Vme5042611
     K01X00Q  C2001 12 09.89425 03 11 42.43 -13 00 56.7                me5042611
     K01X00Q  C2001 12 09.89505 03 11 43.00 -13 01 14.3                me5042611
     K01X00Q  C2001 12 10.10379 03 14 15.21 -14 18 23.6                de5042739
     K01X00Q  C2001 12 10.10661 03 14 17.22 -14 19 25.3          14.5 Rde5042739
     K01X00Q  C2001 12 10.10850 03 14 18.42 -14 20 06.3                de5042739
     K01X00Q  C2001 12 10.21703 03 15 34.41 -14 59 33.2                ce5042670
     K01X00Q  C2001 12 10.24213 03 15 51.25 -15 08 37.7                ce5042670
     K01X00Q  C2001 12 10.35416 03 17 06.60 -15 48 41.0                ce5042670
     K01X00Q  C2001 12 10.90433 03 23 33.34 -18 58 22.8          15.0 Rbe5042587
     K01X00Q  C2001 12 10.90618 03 23 34.55 -18 59 00.3          15.0 Rbe5042587
     K01X00Q  C2001 12 10.90785 03 23 35.65 -18 59 33.7          15.1 Rbe5042587
     K01X00Q  C2001 12 11.24403 03 27 25.82 -20 48 41.4                ce5042670
     K01X00Q  C2001 12 11.26205 03 27 37.36 -20 54 24.6                ce5042670
     K01X00Q  C2001 12 11.29322 03 27 57.34 -21 04 15.6                ce5042670
     K01X00Q  C2001 12 11.33230 03 28 22.39 -21 16 31.6                ce5042670
     K01X00Q  C2001 12 11.49561 03 30 15.123-22 05 42.44         15.6 Ree5042422
     K01X00Q  C2001 12 11.49615 03 30 15.466-22 05 52.21         15.5 Ree5042422
     K01X00Q  C2001 12 11.49653 03 30 15.707-22 05 59.17         15.8 Ree5042422
     K01X00Q  C2001 12 11.49688 03 30 15.924-22 06 05.71         15.8 Ree5042422
     K01X00Q  C2001 12 11.49785 03 30 16.539-22 06 23.70         15.7 Ree5042422
     K01X00Q  C2001 12 11.49829 03 30 16.825-22 06 31.77         15.9 Ree5042422
     K01X00Q  C2001 12 11.49892 03 30 17.215-22 06 43.47         15.9 Ree5042422
     K01X00Q  C2001 12 13.19821 03 48 27.54 -29 49 52.4                ce5042670
     K01X00Q  C2001 12 13.24803 03 48 56.40 -30 01 45.6                ce5042670
     K01X00Q  C2001 12 13.30733 03 49 30.48 -30 15 38.5                ce5042670
     K01X00Q  C2001 12 13.53550 03 51 48.85 -31 06 55.6          16.7 Rme5042428
     K01X00Q  C2001 12 13.53712 03 51 49.80 -31 07 17.1          16.8 Rme5042428
     K01X00Q  C2001 12 13.60219 03 52 26.66 -31 21 48.0          17.0 Rme5042428
     K01X00Q  C2001 12 13.60285 03 52 27.07 -31 21 57.2          16.7 Rme5042428
     K01X00Q  C2001 12 16.57108 04 19 41.02 -40 10 19.5          17.4 Rme5042428
     K01X00Q  C2001 12 16.57235 04 19 41.64 -40 10 30.4          17.5 Rme5042428
     K01X00Q  C2001 12 16.57364 04 19 42.24 -40 10 40.7          17.4 Rme5042428
     K01X00Q  C2001 12 16.57493 04 19 42.87 -40 10 51.7          17.4 Rme5042428
     K01X00Q  C2001 12 17.50836 04 27 21.29 -42 11 37.8          17.6 Rme5042428
     K01X00Q  C2001 12 17.51000 04 27 22.05 -42 11 49.7          17.6 Rme5042428
     K01X00Q tC2001 12 19.16599 04 39 48.80 -45 07 22.0                de5042829
     K01X00Q tC2001 12 19.16947 04 39 50.19 -45 07 41.5                de5042829
     K01X00Q tC2001 12 19.17294 04 39 51.58 -45 08 00.9                de5042829
     K01X00Q  C2001 12 19.43222 04 41 45.428-45 31 36.68         17.0 Ree5042422
     K01X00Q  C2001 12 19.43294 04 41 45.707-45 31 40.63         17.1 Ree5042422
     K01X00Q  C2001 12 19.43362 04 41 45.984-45 31 44.41         17.0 Ree5042422
     K01X00Q tC2001 12 20.14858 04 46 38.21 -46 32 38.1                de5042829
     K01X00Q tC2001 12 20.15315 04 46 39.94 -46 33 00.3                de5042829
     K01X00Q tC2001 12 20.15801 04 46 41.75 -46 33 23.6                de5042829
     K01X00Q  C2001 12 21.13544 04 53 05.06 -47 46 44.5                de5042829
     K01X00Q  C2001 12 21.14238 04 53 07.51 -47 47 13.9                de5042829
     K01X00Q 1C2001 12 30.48278 05 38 34.86 -53 54 26.1                ee5042413
     K01X00Q 1C2001 12 30.48430 05 38 35.16 -53 54 28.3                ee5042413
     K01X00Q 1C2001 12 30.48581 05 38 35.48 -53 54 30.2                ee5042413
     K01X00Q 1C2001 12 31.54683 05 42 23.60 -54 13 53.6                ee5042413
     K01X00Q 1C2001 12 31.54835 05 42 23.85 -54 13 55.3                ee5042413
     K01X00Q 1C2001 12 31.54986 05 42 24.14 -54 13 56.8                ee5042413
     K01X00Q 1C2002 01 01.44229 05 45 29.52 -54 28 02.4                ee5042413
     K01X00Q 1C2002 01 01.44381 05 45 29.80 -54 28 03.8                ee5042413
     K01X00Q 1C2002 01 01.44533 05 45 30.10 -54 28 05.3                ee5042413
     K01X00Q  C2002 01 02.44750 05 48 46.30 -54 41 59.0          19.3 Rme5042428
     K01X00Q  C2002 01 02.45360 05 48 47.36 -54 42 03.1                me5042428
     K01X00Q  C2002 01 02.45983 05 48 48.41 -54 42 08.6          19.2 Rme5042428
     K01X00Q 1C2002 01 04.44687 05 54 50.96 -55 03 45.6                ee5042413
     K01X00Q 1C2002 01 04.44840 05 54 51.14 -55 03 47.5                ee5042413
     K01X00Q 1C2002 01 04.44978 05 54 51.40 -55 03 47.6                ee5042413
     K01X00Q 1C2002 01 11.56953 06 12 38.73 -55 34 07.3                ee6740413
     K01X00Q 1C2002 01 11.57159 06 12 38.95 -55 34 07.3                ee6740413
     K01X00Q 1C2002 01 11.57365 06 12 39.22 -55 34 07.3                ee6740413
     K01X00Q 1C2002 02 09.52970 07 00 52.37 -50 55 18.9                ee9702413
     K01X00Q 1C2002 02 09.53234 07 00 52.57 -50 55 16.4                ee9702413
     K01X00Q 1C2002 02 09.53498 07 00 52.80 -50 55 13.7                ee9702413
     K08V04V* C2008 11 07.39366 08 54 08.28 +47 59 44.6          19.3 Vr~01G3703
     K08V04V  C2008 11 07.40325 08 54 10.33 +47 58 35.2          18.7 Vr~01G3703
     K08V04V  C2008 11 07.41281 08 54 12.67 +47 57 25.8          18.2 Vr~01G3703
     K08V04V  C2008 11 07.42236 08 54 14.86 +47 56 17.1          18.8 Vr~01G3703
     K08V04V  C2008 11 07.44928 08 54 20.98 +47 52 58.8          19.2 Vv~01G3H01
     K08V04V  C2008 11 07.45058 08 54 21.32 +47 52 48.8          19.1 Vv~01G3H01
     K08V04V  C2008 11 07.45259 08 54 21.81 +47 52 34.0          19.0 Vv~01G3H01
     K08V04V  C2008 11 07.45420 08 54 22.15 +47 52 22.2          19.0 Vv~01G3H01
     K08V04V  C2008 11 07.96610 08 56 26.84 +46 48 04.2                r~01G3J95
     K08V04V  C2008 11 07.97129 08 56 28.14 +46 47 24.9                r~01G3J95
     K08V04V  C2008 11 07.97648 08 56 29.36 +46 46 46.4          18.6 Rr~01G3J95
     K01X00Q  C2008 11 12.01929 09 10 55.75 +37 30 03.2                r~01L6J95
     K01X00Q  C2008 11 12.02446 09 10 56.76 +37 29 18.7                r~01L6J95
     K01X00Q  C2008 11 12.02961 09 10 57.79 +37 28 32.8                r~01L6J95
     K01X00Q  C2008 11 12.03375 09 10 58.50 +37 27 56.1                r~01L6J95
     K01X00Q  C2008 11 12.03696 09 10 59.10 +37 27 27.2          18.6 Rr~01L6J95
     K01X00Q  C2008 11 15.18206 09 20 14.23 +29 16 54.2          18.2 Ro~01L6B37
     K01X00Q  C2008 11 15.18455 09 20 14.55 +29 16 32.0          17.9 Ro~01L6B37
     K01X00Q  C2008 11 15.18768 09 20 14.85 +29 16 01.2          18.0 Ro~01L6B37
     K01X00Q  C2008 11 15.19896 09 20 16.62 +29 14 12.8          18.1 Ro~01L6B37
     K01X00Q  C2008 11 15.20064 09 20 16.71 +29 13 53.5          18.5 Ro~01L6B37
     K01X00Q  C2008 11 15.20353 09 20 17.30 +29 13 28.3          18.4 Ro~01L6B37
     K01X00Q  C2008 11 21.48106 09 34 53.68 +11 31 49.3          18.6 Vr~01L6703
     K01X00Q  C2008 11 21.48784 09 34 54.40 +11 30 40.4          18.5 Vr~01L6703
     K01X00Q  C2008 11 21.49450 09 34 55.09 +11 29 31.9          18.7 Vr~01L6703
     K01X00Q  C2008 11 21.50133 09 34 55.81 +11 28 22.0          18.5 Vr~01L6703
     K01X00Q tC2008 11 22.41025 09 36 42.71 +08 53 57.7                o~01es291
     K01X00Q tC2008 11 22.41451 09 36 43.15 +08 53 15.0                o~01es291
     K01X00Q tC2008 11 22.41848 09 36 43.58 +08 52 35.3                o~01es291
     K01X00Q  C2008 11 28.54590 09 46 46.93 -07 21 35.9          18.6 Vr~01esF84
     K01X00Q  C2008 11 28.55177 09 46 47.44 -07 22 26.9          18.5 Vr~01esF84
     K01X00Q tC2008 11 30.46646 09 49 21.77 -11 52 55.0          19.1 Vo~01vK291
     K01X00Q tC2008 11 30.47022 09 49 22.02 -11 53 25.4          19.1 Vo~01vK291
     K01X00Q tC2008 11 30.47400 09 49 22.27 -11 53 56.4          19.1 Vo~01vK291
     K01X00Q  C2008 11 30.71323 09 49 41.01 -12 25 44.3          19.0 Vr~01vKE12
     K01X00Q  C2008 11 30.71837 09 49 41.34 -12 26 25.6          18.8 Vr~01vKE12
     K01X00Q  C2008 11 30.72357 09 49 41.62 -12 27 07.8          18.9 Vr~01vKE12
     K01X00Q  C2008 11 30.72873 09 49 42.02 -12 27 49.6          18.8 Vr~01vKE12
     K01X00Q |C2015 11 30.33377 10 41 12.62 -19 49 02.4          20.7 Vu~1eMp807
     K01X00Q |C2015 11 30.33616 10 41 12.89 -19 49 10.9          20.5 Vu~1eMp807
     K01X00Q |C2015 11 30.33867 10 41 13.17 -19 49 20.4          20.5 Vu~1eMp807
     K01X00Q |C2015 11 30.34095 10 41 13.43 -19 49 28.6          20.6 Vu~1eMp807
     K01X00Q |C2015 11 30.34346 10 41 13.70 -19 49 37.4          20.5 Vu~1eMp807
     K01X00Q |C2015 12 22.30467 11 17 10.41 -37 21 09.5          21.0 Vu~1glo807
     K01X00Q |C2015 12 22.30701 11 17 10.61 -37 21 14.9          21.2 Vu~1glo807
     K01X00Q |C2015 12 22.30946 11 17 10.79 -37 21 20.5          20.9 Vu~1glo807
     K01X00Q |C2015 12 22.31168 11 17 10.93 -37 21 25.4          20.8 Vu~1glo807
     K01X00Q |C2015 12 22.31415 11 17 11.09 -37 21 30.9          21.0 Vu~1glo807
