     K08X02Q  C2008 12 05.41531 10 32 00.89 +44 08 55.1                r~02Iq703
     K08X02Q  C2008 12 05.42335 10 32 01.07 +44 09 06.4                r~02Iq703
     K08X02Q  C2008 12 05.43138 10 32 01.08 +44 09 16.4          20.8 Vr~02Iq703
     K08X02Q* C2008 12 05.43275 10 32 01.42 +44 09 16.4          21.0 Vr~02IqG96
     K08X02Q  C2008 12 05.43940 10 32 01.44 +44 09 23.8                r~02Iq703
     K08X02Q  C2008 12 05.43944 10 32 01.64 +44 09 24.0          21.6 Vr~02IqG96
     K08X02Q  C2008 12 05.44612 10 32 01.82 +44 09 31.0          21.1 Vr~02IqG96
     K08X02Q  C2008 12 05.45286 10 32 02.07 +44 09 38.1          20.6 Vr~02IqG96
     K08X02Q  C2008 12 05.48574 10 32 03.09 +44 10 13.2          19.3 Vr~02IqG96
     K08X02Q  C2008 12 05.49369 10 32 03.32 +44 10 21.9          19.9 Vr~02IqG96
     K08X02Q  C2008 12 05.50159 10 32 03.58 +44 10 30.2          20.2 Vr~02IqG96
     K08X02Q  C2008 12 05.50955 10 32 03.81 +44 10 38.6          20.4 Vr~02IqG96
     K08X02Q  C2008 12 06.37685 10 32 36.24 +44 25 35.2          20.9 Vr~02IqG96
     K08X02Q  C2008 12 06.38133 10 32 36.27 +44 25 40.9          20.5 Rv~02IqH01
     K08X02Q  C2008 12 06.38287 10 32 36.34 +44 25 42.2          21.4 Vr~02IqG96
     K08X02Q  C2008 12 06.38888 10 32 36.52 +44 25 49.0          20.4 Vr~02IqG96
     K08X02Q  C2008 12 06.39081 10 32 36.52 +44 25 51.3          20.1 Rv~02IqH01
     K08X02Q  C2008 12 06.39490 10 32 36.74 +44 25 55.5          21.0 Vr~02IqG96
     K08X02Q  C2008 12 06.39662 10 32 36.70 +44 25 57.4          20.3 Rv~02IqH01
     K08X02Q  C2008 12 06.40174 10 32 36.84 +44 26 03.0          20.1 Rv~02IqH01
     K08X02Q  C2008 12 07.14659 10 33 00.02 +44 38 55.2                r~02IqJ95
     K08X02Q  C2008 12 07.15211 10 33 00.12 +44 39 00.5                r~02IqJ95
     K08X02Q  C2008 12 07.15761 10 33 00.21 +44 39 07.4          21.0 Rr~02IqJ95
     K08X02Q  C2008 12 17.20437 10 33 12.13 +47 32 58.8                r~02N4J95
     K08X02Q  C2008 12 17.22088 10 33 11.45 +47 33 16.0          20.7 Rr~02N4J95
     K08X02Q  C2008 12 29.93574 10 18 58.05 +50 53 40.8          20.8 Vo~02jZ540
     K08X02Q  C2008 12 29.94693 10 18 56.64 +50 53 50.0          20.4 Vo~02jZ540
     K08X02Q  C2008 12 29.95888 10 18 55.49 +50 54 00.7          21.3 Vo~02jZ540
     K08X02Q  C2008 12 29.97045 10 18 54.18 +50 54 10.6          21.3 Vo~02jZ540
     K08X02Q  C2008 12 30.16315 10 18 32.84 +50 56 51.1                o~02jZJ95
     K08X02Q  C2008 12 30.16900 10 18 32.07 +50 56 54.8                o~02jZJ95
     K08X02Q  C2008 12 30.17485 10 18 31.39 +50 57 00.2          20.0 Ro~02jZJ95
     K08X02Q  C2009 01 31.28038208 58 23.88 +52 14 13.7          21.8 Vo~03KJH55
     K08X02Q  C2009 01 31.29157708 58 22.17 +52 14 07.6          21.5 Vo~03KJH55
     K08X02Q  C2009 01 31.30164308 58 20.67 +52 14 02.2          21.5 Vo~03KJH55
     K08X02Q ;C2009 02 23.29438 08 25 30.76 +46 57 28.9          22.6 g ~126P568
     K08X02Q ;C2009 02 23.29925 08 25 30.57 +46 57 24.4          22.7 r ~126P568
