     K08D04G* C2008 02 27.22883 11 06 39.68 +02 42 38.8          18.4 rwx9677699
     K08D04G  C2008 02 27.25443 11 06 45.87 +02 43 08.8          18.1 rwx9677699
     K08D04G  C2008 02 27.28004 11 06 52.00 +02 43 39.3          18.4 rwx9677699
     K08D04G  C2008 02 27.30564 11 06 57.95 +02 44 09.5          18.3 rwx9677699
     K08D04G 5C2008 02 27.44230311 07 30.001+02 46 46.43         18.5 Rox9677673
     K08D04G 5C2008 02 27.44716411 07 31.114+02 46 51.99               ox9677673
     K08D04G 5C2008 02 27.45214111 07 32.266+02 46 57.46               ox9677673
     K08D04G 5C2008 02 27.45619211 07 33.190+02 47 02.13               ox9677673
     K08D04G  C2008 02 27.90935 11 09 34.63 +02 54 55.3          18.2 Rrx9677143
     K08D04G  C2008 02 27.92173 11 09 37.28 +02 55 08.5          18.2 Rrx9677143
     K08D04G  C2008 02 27.93415 11 09 39.90 +02 55 21.7          18.5 Rrx9677143
     K08D04G pC2008 02 28.05523 11 10 04.12 +02 57 23.7          18.5 Rox9677461
     K08D04G pC2008 02 28.06252 11 10 05.65 +02 57 30.8                ox9677461
     K08D04G  C2008 02 28.15209411 10 33.10 +02 59 13.1          19.1 Vox9677H55
     K08D04G  C2008 02 28.15378911 10 33.46 +02 59 15.1          19.1 Vox9677H55
     K08D04G  C2008 02 28.15546111 10 33.80 +02 59 16.6          19.3 Vox9677H55
     K08D04G  C2008 02 28.15715811 10 34.14 +02 59 18.3          19.2 Vox9677H55
     K08D04G  C2008 02 28.15826711 10 34.36 +02 59 19.4          19.3 Vox9677H55
     K08D04G  C2008 02 28.36420 11 11 14.47 +03 02 36.3          19.2 Rrx9677H51
     K08D04G  C2008 02 28.38491 11 11 18.48 +03 02 55.9          19.0 Rrx9677H51
     K08D04G  C2008 02 28.38775 11 11 19.03 +03 02 58.6          18.7 Rrx9677H51
     K08D04G  C2008 02 29.44245 11 14 51.58 +03 18 49.6          19.5 Vox9677291
     K08D04G  C2008 02 29.44662 11 14 52.23 +03 18 52.9          19.5 Vox9677291
     K08D04G  C2008 02 29.45348 11 14 53.29 +03 18 58.4          19.7 Vox9677291
     K08D04G  C2008 03 01.31216 11 17 24.10 +03 29 55.4          19.2 Voy0900291
     K08D04G  C2008 03 01.31623 11 17 24.60 +03 29 58.3          19.2 Voy0900291
     K08D04G  C2008 03 01.32450 11 17 25.65 +03 30 04.4          19.2 Voy0900291
     K08D04G  C2008 03 01.34848111 17 26.84 +03 30 10.7          19.5 Voy2287H55
     K08D04G  C2008 03 01.35046011 17 27.13 +03 30 12.0          19.9 Voy2287H55
     K08D04G  C2008 03 01.35267511 17 27.41 +03 30 13.7          19.7 Voy2287H55
     K08D04G  C2008 03 01.35472611 17 27.64 +03 30 14.9          19.7 Voy2287H55
     K08D04G  C2008 03 01.35690711 17 27.93 +03 30 16.7          19.2 Voy2287H55
     K08D04G  C2008 03 02.62953 11 20 33.49 +03 44 20.0          19.3 Rry0900D29
     K08D04G  C2008 03 02.65093 11 20 35.62 +03 44 32.6          19.6 Rry0900D29
     K08D04G  C2008 03 02.66396 11 20 36.92 +03 44 40.3          19.7 Rry0900D29
     K08D04G  C2008 03 02.67674 11 20 38.18 +03 44 48.4          19.7 Rry0900D29
     K08D04G  C2008 03 05.34222 11 25 19.88 +04 07 32.5          19.5 Vry0900G96
     K08D04G  C2008 03 05.34936 11 25 20.35 +04 07 35.6          19.7 Vry0900G96
     K08D04G  C2008 03 05.35585 11 25 20.60 +04 07 37.8          19.6  cy0900704
     K08D04G  C2008 03 05.35652 11 25 20.82 +04 07 38.7          19.4 Vry0900G96
     K08D04G  C2008 03 05.36365 11 25 21.25 +04 07 41.7          19.6 Vry0900G96
     K08D04G  C2008 03 05.36713 11 25 21.25 +04 07 41.5          20.3  cy0900704
     K08D04G  C2008 03 05.37839 11 25 22.01 +04 07 46.8          20.0  cy0900704
