     K08O07S* C2008 07 30.24500 20 21 15.26 -11 01 02.9          17.6 Vrz3152703
     K08O07S  C2008 07 30.25146 20 21 14.68 -11 01 27.6          17.4 Vrz3152703
     K08O07S  C2008 07 30.25790 20 21 14.32 -11 01 50.8          17.2 Vrz3152703
     K08O07S  C2008 07 30.26440 20 21 13.71 -11 02 16.0          17.6 Vrz3152703
     K08O07S  C2008 07 30.31314 20 21 09.90 -11 05 16.6          17.5 Vrz3152703
     K08O07S  C2008 07 30.31931 20 21 09.39 -11 05 39.3          17.5 Vrz3152703
     K08O07S  C2008 07 30.32540 20 21 08.96 -11 06 01.6          17.4 Vrz3152703
     K08O07S  C2008 07 30.33149 20 21 08.46 -11 06 24.1          17.3 Vrz3152703
     K08O07S  C2008 07 30.37240 20 21 05.32 -11 08 55.1          17.6 Vrz3152703
     K08O07S  C2008 07 30.37968 20 21 04.82 -11 09 20.6          17.3 Vrz3152703
     K08O07S  C2008 07 30.38693 20 21 04.21 -11 09 47.9          17.3 Vrz3152703
     K08O07S  C2008 07 30.39419 20 21 03.67 -11 10 14.0          17.6 Vrz3152703
     K08O07S .C2008 07 30.42629 20 21 01.24 -11 12 11.2          17.6 Rrz3152H06
     K08O07S .C2008 07 30.42935 20 21 01.01 -11 12 21.3          17.2 Rrz3152H06
     K08O07S .C2008 07 30.43240 20 21 00.76 -11 12 31.5          17.4 Rrz3152H06
     K08O07S  C2008 07 30.50047 20 20 59.95 -11 15 53.3          17.4 Rrz3152E16
     K08O07S  C2008 07 30.52117 20 20 58.43 -11 17 08.5          17.6 Rrz3152E16
     K08O07S  C2008 07 30.53021 20 20 57.75 -11 17 41.5          17.9 Rrz3152E16
     K08O07S  C2008 07 30.54208 20 20 56.83 -11 18 24.5          17.6 Rrz3152E16
     K08O07S  C2008 07 30.59436 20 20 53.48 -11 22 23.7          17.7 Vrz3152900
     K08O07S  C2008 07 30.60229 20 20 52.91 -11 22 51.6          17.9 Vrz3152900
     K08O07S  C2008 07 30.67576 20 20 46.84 -11 26 23.2          17.5 Rrz3152E16
     K08O07S  C2008 07 30.69062 20 20 45.72 -11 27 15.7          17.0 Rrz3152E16
     K08O07S  C2008 07 30.96052 20 20 32.32 -11 44 01.3                rz3152J95
     K08O07S  C2008 07 30.96179 20 20 32.25 -11 44 05.5                rz3152J95
     K08O07S  C2008 07 30.96307 20 20 32.15 -11 44 10.1          17.6 Rrz3152J95
     K08O07S  C2008 07 31.21349 20 20 18.96 -11 58 16.4          17.5 Rrz3153682
     K08O07S  C2008 07 31.32805 20 20 11.06 -12 04 41.8          17.6 Rrz3153682
     K08O07S  C2008 08 01.16758 20 19 28.64 -12 49 20.0          18.0 Voz3637H55
     K08O07S  C2008 08 01.17067 20 19 28.45 -12 49 29.5          18.2 Voz3637H55
     K08O07S  C2008 08 01.17377 20 19 28.26 -12 49 39.0          18.2 Voz3637H55
     K08O07S  C2008 08 01.17687 20 19 28.06 -12 49 48.5          18.2 Voz3637H55
     K08O07S  C2008 08 01.17995 20 19 27.87 -12 49 58.0          18.2 Voz3637H55
     K08O07S  C2008 08 01.27238 20 19 24.55 -12 54 00.8          17.7 Vrz3153F84
     K08O07S  C2008 08 01.28885 20 19 23.59 -12 54 51.3          17.9 Vrz3153F84
     K08O07S  C2008 08 02.18898 20 18 40.54 -13 38 52.0          18.6 Voz3637H55
     K08O07S  C2008 08 02.19172 20 18 40.39 -13 38 59.6          18.5 Voz3637H55
     K08O07S  C2008 08 02.19447 20 18 40.23 -13 39 07.2          18.6 Voz3637H55
     K08O07S  C2008 08 02.19720 20 18 40.08 -13 39 14.8          18.6 Voz3637H55
     K08O07S  C2008 08 02.20074 20 18 39.87 -13 39 24.6          18.6 Voz3637H55
     K08O07S  C2008 08 02.25868 20 18 39.04 -13 41 27.1          18.5 Vrz3637F84
     K08O07S  C2008 08 02.26649 20 18 38.56 -13 41 48.1          18.3 Vrz3637F84
     K08O07S  C2008 08 02.84399 20 18 13.47 -14 08 09.7          17.9 Vrz3637A78
     K08O07S  C2008 08 02.84919 20 18 13.19 -14 08 23.6          17.8 Vrz3637A78
     K08O07S  C2008 08 02.85521 20 18 12.89 -14 08 39.1          17.9 Vrz3637A78
     K08O07S  C2008 08 02.85905 20 18 12.70 -14 08 49.2          18.1 Vrz3637A78
     K08O07S  C2008 08 02.94705 20 18 08.13 -14 12 38.3          17.9 Vrz3637B38
     K08O07S  C2008 08 02.94949 20 18 08.02 -14 12 44.5          18.0 Vrz3637B38
     K08O07S  C2008 08 02.95192 20 18 07.90 -14 12 50.7          17.9 Vrz3637B38
     K08O07S  C2008 08 02.95510 20 18 07.70 -14 12 58.7          18.1 Vrz3637B38
     K08O07S  C2008 08 02.95782 20 18 07.56 -14 13 05.8          18.1 Vrz3637B38
     K08O07S  C2008 08 02.98250 20 18 06.38 -14 14 09.6                vz3637204
     K08O07S  C2008 08 02.98480 20 18 06.27 -14 14 15.5                vz3637204
     K08O07S  C2008 08 02.98710 20 18 06.15 -14 14 21.3                vz3637204
     K08O07S  C2008 08 02.98940 20 18 06.03 -14 14 27.1                vz3637204
     K08O07S  C2008 08 02.99170 20 18 05.92 -14 14 33.1          17.8 Rvz3637204
     K08O07S  C2008 08 03.16397 20 18 00.25 -14 21 48.6          18.3 Voz3637H55
     K08O07S  C2008 08 03.16751 20 18 00.07 -14 21 57.7          18.4 Voz3637H55
     K08O07S  C2008 08 03.16924 20 17 59.99 -14 22 02.0          18.4 Voz3637H55
     K08O07S  C2008 08 03.17099 20 17 59.90 -14 22 06.3          18.3 Voz3637H55
     K08O07S  C2008 08 03.17281 20 17 59.80 -14 22 11.0          18.4 Voz3637H55
     K08O07S  C2008 08 03.18157 20 17 59.41 -14 22 32.6          17.9 Rrz3637H53
     K08O07S  C2008 08 03.18284 20 17 59.33 -14 22 36.4          18.0 Rrz3637H53
     K08O07S  C2008 08 03.18422 20 17 59.31 -14 22 39.2          18.0 Rrz3637H53
     K08O07S  C2008 08 03.18568 20 17 59.25 -14 22 44.1          17.9 Rrz3637H53
     K08O07S  C2008 08 03.18701 20 17 59.12 -14 22 47.1          18.1 Rrz3637H53
     K08O07S  C2008 08 03.18855 20 17 59.08 -14 22 50.4          18.0 Rrz3637H53
     K08O07S  C2008 08 03.86968 20 17 33.86 -14 50 35.4          18.5 Voz3637151
     K08O07S  C2008 08 03.87085 20 17 33.80 -14 50 38.0          18.6 Voz3637151
     K08O07S  C2008 08 03.87202 20 17 33.74 -14 50 40.7          18.6 Voz3637151
     K08O07S  C2008 08 03.87319 20 17 33.69 -14 50 43.3          18.7 Voz3637151
     K08O07S  C2008 08 03.87436 20 17 33.64 -14 50 45.6          18.7 Voz3637151
     K08O07S  C2008 08 03.87553 20 17 33.58 -14 50 48.6          18.7 Voz3637151
     K08O07S  C2008 08 03.87670 20 17 33.52 -14 50 51.6          18.8 Voz3637151
     K08O07S  C2008 08 04.17290 20 17 22.92 -15 02 20.3          18.6 Voz3637H55
     K08O07S  C2008 08 04.17715 20 17 22.71 -15 02 30.2          18.5 Voz3637H55
     K08O07S  C2008 08 04.18142 20 17 22.51 -15 02 39.9          18.6 Voz3637H55
     K08O07S  C2008 08 04.18506 20 17 22.34 -15 02 48.5          18.5 Voz3637H55
     K08O07S  C2008 08 04.21519 20 17 21.61 -15 03 55.2          18.3  cz3637704
     K08O07S  C2008 08 04.22699 20 17 21.04 -15 04 22.1          18.5  cz3637704
     K08O07S  C2008 08 04.23860 20 17 20.49 -15 04 48.9          18.6  cz3637704
     K08O07S  C2008 08 04.26167 20 17 19.39 -15 05 41.9          18.4  cz3637704
     K08O07S  C2008 08 05.88343 20 16 29.90 -16 03 13.4          19.0 Voz3637151
     K08O07S  C2008 08 05.88488 20 16 29.87 -16 03 16.0          19.1 Voz3637151
     K08O07S  C2008 08 05.88634 20 16 29.85 -16 03 18.9          19.4 Voz3637151
     K08O07S  C2008 08 08.88034 20 15 23.50 -17 30 31.8          18.8 Rrz4140147
     K08O07S  C2008 08 08.88694 20 15 23.34 -17 30 42.0          18.9 Rrz4140147
     K08O07S  C2008 08 08.89355 20 15 23.15 -17 30 53.2          18.9 Rrz4140147
     K08O07S  C2008 08 09.15719 20 15 19.04 -17 37 30.9          19.3 Voz4140H55
     K08O07S  C2008 08 09.16114 20 15 18.94 -17 37 36.9          19.2 Voz4140H55
     K08O07S  C2008 08 12.12732 20 14 44.51 -18 43 56.5          20.1 Voz4140H55
     K08O07S  C2008 08 12.13335 20 14 44.41 -18 44 03.9          20.3 Voz4140H55
     K08O07S  C2008 08 12.13940 20 14 44.32 -18 44 11.3          19.7 Voz4140H55
     K08O07S  C2008 08 12.14543 20 14 44.22 -18 44 18.3          20.1 Voz4140H55
     K08O07S  C2008 08 16.18848 20 14 34.47 -19 53 24.6          20.4 Voz4366H55
     K08O07S  C2008 08 16.19551 20 14 34.48 -19 53 30.6          19.9 Voz4366H55
     K08O07S  C2008 08 16.20256 20 14 34.49 -19 53 36.7          19.9 Voz4366H55
     K08O07S  C2008 08 17.16015 20 14 38.27 -20 07 06.2          20.3 Voz4366H55
     K08O07S  C2008 08 17.16753 20 14 38.21 -20 07 12.2          20.2 Voz4366H55
     K08O07S  C2008 08 17.17450 20 14 38.16 -20 07 17.8          20.2 Voz4366H55
     K08O07S  C2008 08 18.15611 20 14 43.92 -20 20 09.5          20.4 Voz4617H55
     K08O07S  C2008 08 18.17147 20 14 43.95 -20 20 21.5          20.4 Voz4617H55
     K08O07S  C2008 08 19.17102 20 14 51.85 -20 32 30.2          20.4 Voz4617H55
     K08O07S  C2008 08 19.17645 20 14 51.86 -20 32 33.9          20.4 Voz4617H55
     K08O07S  C2008 08 19.18188 20 14 51.87 -20 32 37.8          20.6 Voz4617H55
     K08O07S  C2008 08 25.17503920 16 19.62 -21 29 03.8          20.5 Voz4617H55
     K08O07S  C2008 08 25.18192320 16 19.71 -21 29 07.3          20.6 Voz4617H55
     K08O07S  C2008 08 25.18882220 16 19.82 -21 29 09.9          20.3 Voz4617H55
     K08O07S  C2008 08 25.19569320 16 19.91 -21 29 13.4          20.8 Voz4617H55
     K08O07S  C2008 08 28.12439 20 17 26.42 -21 48 29.9          21.3 Voz4617H55
     K08O07S  C2008 08 28.13229 20 17 26.56 -21 48 32.4          21.2 Voz4617H55
     K08O07S  C2008 08 28.14051 20 17 26.69 -21 48 35.6          20.8 Voz4617H55
     K08O07S  C2008 09 01.09494 20 19 18.33 -22 07 53.0          21.6 Voz5252H55
     K08O07S  C2008 09 01.10860 20 19 18.65 -22 07 56.8          21.6 Voz5252H55
     K08O07S  C2008 09 01.12188 20 19 18.98 -22 08 00.9          21.6 Voz5252H55
     K08O07S  C2016 01 12.15436 04 43 05.83 +11 03 15.0          21.5 Ro~1iFq926
     K08O07S  C2016 01 12.16216 04 43 04.68 +11 03 16.1          21.8 Ro~1iFq926
     K08O07S  C2016 01 12.16994 04 43 03.57 +11 03 17.6          21.7 Ro~1iFq926
     K08O07S  C2016 01 13.15369 04 40 43.23 +11 06 06.2          20.9 Ro~1iFq926
     K08O07S  C2016 01 13.16145 04 40 42.13 +11 06 08.9          20.9 Ro~1iFq926
     K08O07S  C2016 01 13.16924 04 40 41.03 +11 06 09.2          21.1 Ro~1iFq926
     K08O07S  C2016 01 13.17700 04 40 39.89 +11 06 10.4          20.9 Ro~1iFq926
     K08O07S  C2016 01 13.18478 04 40 38.74 +11 06 12.4          21.3 Ro~1iFq926
     K08O07S  C2016 01 13.19256 04 40 37.59 +11 06 12.8          21.1 Ro~1iFq926
     K08O07S  C2016 01 13.23524 04 40 31.979+11 06 23.41         21.2 wL~1iFqF51
     K08O07S  C2016 01 13.24655 04 40 30.325+11 06 25.46         21.4 wL~1iFqF51
     K08O07S  C2016 01 13.25781 04 40 28.682+11 06 27.57         21.1 wL~1iFqF51
     K08O07S KC2016 01 27.19275 04 12 01.69 +12 10 28.0          21.4 Ro~1jhA291
     K08O07S KC2016 01 27.20326 04 12 00.61 +12 10 31.8          21.4 Ro~1jhA291
     K08O07S KC2016 01 27.21383 04 11 59.51 +12 10 35.0          21.0 Ro~1jhA291
     K08O07S HC2016 02 07.14197 03 57 10.77 +13 30 59.3                o~1l1U691
     K08O07S HC2016 02 07.14700 03 57 10.51 +13 31 02.5                o~1l1U691
     K08O07S HC2016 02 07.15203 03 57 10.10 +13 31 06.6                o~1l1U691
     K08O07S KC2016 02 29.13800 03 45 18.83 +17 24 52.0                o~1n0Y291
     K08O07S KC2016 02 29.14666 03 45 18.70 +17 24 57.8          21.1 Ro~1n0Y291
     K08O07S KC2016 02 29.15531 03 45 18.56 +17 25 04.1          21.0 Ro~1n0Y291
