     K08J00P* C2008 05 02.20655 12 38 44.62 -04 41 49.9          21.2 Vry9095G96
     K08J00P  C2008 05 02.21273 12 38 43.08 -04 41 50.3          21.1 Vry9095G96
     K08J00P  C2008 05 02.21890 12 38 41.49 -04 41 50.6          21.3 Vry9095G96
     K08J00P  C2008 05 02.22508 12 38 39.94 -04 41 50.1          21.2 Vry9095G96
     K08J00P  C2008 05 02.27883 12 38 26.37 -04 41 49.8          21.4 Vry9095G96
     K08J00P  C2008 05 02.28414 12 38 25.04 -04 41 49.8          21.3 Vry9095G96
     K08J00P  C2008 05 02.28936 12 38 23.78 -04 41 48.1          20.6 Vry9095G96
     K08J00P  C2008 05 02.29458 12 38 22.41 -04 41 49.8          21.7 Vry9095G96
     K08J00P  C2008 05 03.17247512 34 46.52 -04 41 57.3          21.7 Voy9095H55
     K08J00P  C2008 05 03.17935912 34 44.76 -04 41 57.5          21.5 Voy9095H55
     K08J00P  C2008 05 03.18629012 34 42.97 -04 41 57.6          21.6 Voy9095H55
     K08J00P  C2008 05 03.22841 12 34 32.73 -04 41 57.5          21.4 Vry9095G96
     K08J00P  C2008 05 03.23352 12 34 31.44 -04 41 57.8          21.6 Vry9095G96
     K08J00P  C2008 05 03.23858 12 34 30.14 -04 41 57.6          21.7 Vry9095G96
     K08J00P  C2008 05 03.24359 12 34 28.84 -04 41 57.9          21.3 Vry9095G96
     K08J00P  C2008 05 04.18053 12 30 37.62 -04 42 15.0                oy9095291
     K08J00P HC2008 05 04.18475 12 30 36.53 -04 42 14.3                oy9095291
     K08J00P HC2008 05 04.18848 12 30 35.64 -04 42 14.5                oy9095291
     K08J00P  C2008 05 05.16142012 26 34.18 -04 42 46.2          21.0  oy9095H55
     K08J00P  C2008 05 05.16601012 26 33.00 -04 42 46.3          21.0  oy9095H55
     K08J00P  C2008 05 05.17398012 26 30.98 -04 42 47.0          20.8  oy9095H55
     K08J00P  C2008 05 06.20468 12 22 15.59 -04 43 28.5                oy9095291
     K08J00P HC2008 05 06.21237 12 22 13.56 -04 43 28.1                oy9095291
     K08J00P HC2008 05 06.21681 12 22 12.40 -04 43 28.1                oy9095291
     K08J00P  C2008 05 10.09306312 06 16.77 -04 48 22.7          21.7  oy9875H55
     K08J00P  C2008 05 10.09957012 06 15.13 -04 48 23.2          21.8  oy9875H55
     K08J00P  C2008 05 10.10605512 06 13.52 -04 48 23.6          21.8  oy9875H55
     K08J00P  C2008 05 10.11276012 06 11.83 -04 48 24.3          22.0  oy9875H55
     K08J00P HC2008 06 01.16003 10 47 38.22 -06 25 56.9                oz1043291
     K08J00P HC2008 06 01.16776 10 47 36.79 -06 25 59.5                oz1043291
     K08J00P  C2008 06 02.16479 10 44 39.79 -06 32 56.7                oz1043291
     K08J00P HC2008 06 02.16881 10 44 39.19 -06 32 58.2                oz1043291
     K08J00P  C2010 04 20.36521 16 03 15.95 -30 11 59.3          20.1 Rc~0GtG926
     K08J00P  C2010 04 20.37001 16 03 16.01 -30 12 16.2                c~0GtG926
     K08J00P KC2010 04 24.37911 16 03 07.41 -34 33 08.1          21.0 Rc~0GtG926
     K08J00P KC2010 04 24.39351 16 03 07.10 -34 34 12.8          20.6 Rc~0GtG926
     K08J00P KC2010 05 04.63683 15 52 50.86 -54 54 46.3          18.3 Rc~0GtGD21
     K08J00P KC2010 05 04.64792 15 52 48.83 -54 56 47.9          18.7 Rc~0GtGD21
     K08J00P KC2010 05 04.65897 15 52 46.87 -54 58 49.2          18.3 Rc~0GtGD21
     K08J00P KC2010 05 04.67041 15 52 44.58 -55 00 53.1          18.7 Rc~0GtGD21
     K08J00P KC2010 05 04.68154 15 52 42.47 -55 02 55.9          18.6 Rc~0GtGD21
     K08J00P KC2010 05 04.69256 15 52 40.32 -55 04 56.4          18.5 Rc~0GtGD21
