     K08H38C* C2008 04 30.29803 15 34 12.20 -09 07 47.7          18.6  cy8265704
     K08H38C  C2008 04 30.30810 15 33 52.96 -09 08 21.1          18.4  cy8265704
     K08H38C  C2008 04 30.31818 15 33 33.87 -09 08 53.5          18.4  cy8265704
     K08H38C  C2008 04 30.32829 15 33 14.80 -09 09 26.3          18.4  cy8265704
     K08H38C  C2008 04 30.33840 15 32 55.90 -09 09 57.2          18.9  cy8265704
     K08H38C  C2008 05 01.30900 15 13 12.12 -09 44 03.9          19.4  cy8265704
     K08H38C  C2008 05 01.31244 15 13 10.02 -09 44 02.6          18.9 Vry8265G96
     K08H38C  C2008 05 01.31299 15 13 09.44 -09 44 03.5          18.6 Vry8265G96
     K08H38C  C2008 05 01.31352 15 13 08.94 -09 44 05.0          18.5 Vry8265G96
     K08H38C  C2008 05 01.31405 15 13 08.43 -09 44 05.8          19.1 Vry8265G96
     K08H38C  C2008 05 01.31931 15 13 01.90 -09 44 18.7          19.1  cy8265704
     K08H38C  C2008 05 01.32960 15 12 51.72 -09 44 33.1          19.6  cy8265704
     K08H38C  C2008 05 01.33999 15 12 41.48 -09 44 47.1          18.6  cy8265704
     K08H38C  C2008 05 01.97469 15 05 02.82 -09 57 33.3                oy8265204
     K08H38C  C2008 05 01.97622 15 05 03.58 -09 57 48.5                ry8265J95
     K08H38C  C2008 05 01.98439 15 04 56.09 -09 57 43.2          19.0  oy8265204
     K08H38C  C2008 05 02.01580 15 04 36.60 -09 58 25.6          19.3 Rry8265J95
     K08H38C  C2008 05 02.24848 15 02 30.15 -10 00 49.0          20.2 Rcy8265854
     K08H38C  C2008 05 02.25657 15 02 25.09 -10 00 56.8          19.8 Rcy8265854
     K08H38C  C2008 05 02.26467 15 02 20.01 -10 01 06.9          19.7 Rcy8265854
     K08H38C  C2008 05 02.39140 15 01 12.46 -09 59 24.6          20.1 Vry9069F85
     K08H38C  C2008 05 02.41907 15 00 55.74 -09 59 47.4          20.0 Vry9069F85
     K08H38C  C2008 05 03.26550714 54 57.43 -10 12 12.6          20.7 Voy9070H55
     K08H38C  C2008 05 03.27021014 54 55.43 -10 12 14.6          20.4 Voy9070H55
     K08H38C  C2008 05 03.27532314 54 53.38 -10 12 16.7          20.5 Voy9070H55
     K08H38C  C2008 05 03.95226 14 51 24.28 -10 17 36.1                oy9070204
     K08H38C  C2008 05 03.96272 14 51 20.85 -10 17 40.4          19.9 Roy9070204
     K08H38C  C2008 05 06.21584914 43 48.15 -10 28 36.2          21.0 Voy9070H55
     K08H38C  C2008 05 06.22280114 43 46.85 -10 28 37.8          21.3 Voy9070H55
     K08H38C  C2008 05 06.22949614 43 45.49 -10 28 39.4          21.3 Voy9070H55
     K08H38C HC2008 05 08.31478 14 39 45.59 -10 35 12.3                oy9070291
     K08H38C HC2008 05 08.31849 14 39 45.00 -10 35 13.8                oy9070291
     K08H38C HC2008 05 08.32293 14 39 44.56 -10 35 15.8                oy9070291
