     K08T02D* C2008 10 03.39461 04 55 15.96 +24 18 30.2          20.2 Vrz9515G96
     K08T02D  C2008 10 03.40086 04 55 15.78 +24 18 37.5          20.5 Vrz9515G96
     K08T02D  C2008 10 03.40704 04 55 15.56 +24 18 44.6          20.5 Vrz9515G96
     K08T02D  C2008 10 03.41318 04 55 15.38 +24 18 51.7          20.5 Vrz9515G96
     K08T02D  C2008 10 03.43964 04 55 14.52 +24 19 22.0          20.8 Vrz9515G96
     K08T02D  C2008 10 03.45123 04 55 14.17 +24 19 34.2                rz9515G96
     K08T02D  C2008 10 03.45698 04 55 13.96 +24 19 41.7          20.8 Vrz9515G96
     K08T02D  C2008 10 04.41780 04 54 53.92 +24 37 17.5          20.3 Voz9515H55
     K08T02D  C2008 10 04.42465 04 54 53.68 +24 37 24.9          20.4 Voz9515H55
     K08T02D  C2008 10 04.43074 04 54 53.47 +24 37 31.6          20.3 Voz9515H55
     K08T02D  C2008 10 04.46012 04 54 53.25 +24 38 08.6          20.3 Vrz9515G96
     K08T02D  C2008 10 04.46235 04 54 53.15 +24 38 10.3          20.3 Vrz9515G96
     K08T02D  C2008 10 04.46551 04 54 53.06 +24 38 13.9          20.3 Vrz9515G96
     K08T02D  C2008 10 04.46616 04 54 53.08 +24 38 15.3          20.4 Vrz9515G96
     K08T02D  C2008 10 04.46777 04 54 52.99 +24 38 16.5          20.3 Vrz9515G96
     K08T02D  C2008 10 04.47212 04 54 52.81 +24 38 21.8          20.0 Vrz9515G96
     K08T02D  C2008 10 04.47651 04 54 52.63 +24 38 26.3          20.5 Vrz9515G96
     K08T02D  C2008 10 04.48085 04 54 52.48 +24 38 31.0          20.2 Vrz9515G96
     K08T02D  C2008 10 06.36004 04 54 01.27 +25 11 59.0          20.5 Voz9515H55
     K08T02D  C2008 10 06.37919 04 54 00.36 +25 12 18.7          20.5 Voz9515H55
     K08T02D  C2008 10 12.34846 04 49 20.13 +26 49 54.8          20.5 Vo~0055H55
     K08T02D  C2008 10 12.35542 04 49 19.66 +26 50 00.4                o~0055H55
     K08T02D  C2008 10 12.36325 04 49 19.11 +26 50 08.1          21.4 Vo~0055H55
     K08T02D  C2008 10 19.30461 04 40 17.37 +28 24 30.4          20.5 Vo~00C2H55
     K08T02D  C2008 10 19.31080 04 40 16.69 +28 24 34.8          20.6 Vo~00C2H55
     K08T02D  C2008 10 19.31696 04 40 16.09 +28 24 38.8          20.5 Vo~00C2H55
     K08T02D  C2008 10 20.27657 04 38 44.12 +28 35 51.4          20.2 Vo~00C2H55
     K08T02D  C2008 10 20.28366 04 38 43.27 +28 35 56.3          20.6 Vo~00C2H55
     K08T02D  C2008 10 20.29017 04 38 42.63 +28 36 01.7          20.7 Vo~00C2H55
     K08T02D HC2008 10 22.41900 04 35 02.56 +28 59 14.4          20.9 Vo~00Rw691
     K08T02D HC2008 10 22.43677 04 35 00.45 +28 59 24.5                o~00Rw691
     K08T02D HC2008 10 22.45445 04 34 58.18 +28 59 37.3          20.5 Vo~00Rw691
     K08T02D  C2008 10 22.48657 04 34 54.39 +28 59 54.2          21.2 Vo~00C2291
     K08T02D  C2008 10 22.49107 04 34 53.85 +28 59 57.0          21.2 Vo~00C2291
     K08T02D  C2008 10 22.49541 04 34 53.33 +28 59 59.3          21.2 Vo~00C2291
     K08T02D  C2008 10 25.30211 04 29 37.92 +29 26 27.0          20.5 Vo~00RwH55
     K08T02D  C2008 10 25.30918 04 29 37.02 +29 26 30.3          20.4 Vo~00RwH55
     K08T02D  C2008 10 25.32001 04 29 35.59 +29 26 35.7          20.9 Vo~00RwH55
     K08T02D HC2008 10 26.36949 04 27 30.02 +29 35 22.4          20.7 Vo~00Rw691
     K08T02D HC2008 10 26.38721 04 27 27.68 +29 35 31.4          21.1 Vo~00Rw691
     K08T02D HC2008 10 26.40522 04 27 25.18 +29 35 39.2          21.3 Vo~00Rw691
     K08T02D  C2008 10 31.34870 04 16 52.50 +30 07 33.5                o~00so691
     K08T02D  C2008 10 31.36644 04 16 49.94 +30 07 39.0                o~00so691
     K08T02D  C2008 10 31.38490 04 16 47.15 +30 07 45.3                o~00so691
     K08T02D  C2008 10 31.42363 04 16 41.38 +30 07 54.4          20.5 Rr~00Rw448
     K08T02D  C2008 10 31.45293 04 16 37.11 +30 08 02.4          19.7 Rr~00Rw448
     K08T02D  C2008 10 31.47582 04 16 33.83 +30 08 08.1          20.1 Rr~00Rw448
     K08T02D HC2008 11 03.32406 04 10 10.14 +30 19 24.9          21.2 Vo~00so691
     K08T02D HC2008 11 03.33921 04 10 07.84 +30 19 28.0          20.8 Vo~00so691
     K08T02D HC2008 11 03.35519 04 10 05.52 +30 19 31.1          21.1 Vo~00so691
     K08T02D  C2008 11 17.36447 03 39 32.18 +30 08 22.1                o~01Nn291
     K08T02D  C2008 11 17.36867 03 39 31.61 +30 08 21.2                o~01Nn291
     K08T02D HC2008 11 17.37309 03 39 30.94 +30 08 17.8                o~01Nn291
     K08T02D HC2008 12 06.19231 03 14 27.15 +28 22 38.0                o~02II291
     K08T02D  C2008 12 06.19840 03 14 26.90 +28 22 35.3                o~02II291
     K08T02D  C2008 12 06.20520 03 14 26.57 +28 22 33.4                o~02II291
     K08T02D 2C2010 11 01.58587307 39 22.471+27 32 25.90         23.7 Rt~113D568
     K08T02D 2C2010 11 01.62591907 39 23.987+27 32 35.29         23.4 Rt~113D568
     K08T02D 2C2010 11 01.63384807 39 24.278+27 32 37.27         22.8 Rt~113D568
     K08T02D 2C2010 11 14.57961307 43 31.121+28 34 42.97         23.5 Rt~113D568
     K08T02D 2C2010 11 14.58335407 43 31.080+28 34 44.20         23.5 Rt~113D568
     K08T02D ^C2014 12 30.37360 10 09 49.88 +18 10 05.3          26.0 Ro~1T0o695
     K08T02D ^C2014 12 30.40282 10 09 48.98 +18 10 14.2                o~1T0o695
