     K08CB6L* C2008 02 10.40671 13 03 20.01 +22 01 53.5          19.5 Vrx7788703
     K08CB6L  C2008 02 10.41531 13 03 22.64 +22 02 16.9          20.3 Vrx7788703
     K08CB6L  C2008 02 10.42382 13 03 25.30 +22 02 37.2          20.8 Vrx7788703
     K08CB6L  C2008 02 10.43231 13 03 27.97 +22 02 59.0          20.5 Vrx7788703
     K08CB6L  C2008 02 10.46779 13 03 38.98 +22 04 24.6          20.3 Vrx7788703
     K08CB6L  C2008 02 10.47618 13 03 41.58 +22 04 46.7          19.6 Vrx7788703
     K08CB6L  C2008 02 10.48453 13 03 44.17 +22 05 07.2          20.4 Vrx7788703
     K08CB6L  C2008 02 10.49292 13 03 46.69 +22 05 26.4          20.5 Vrx7788703
     K08CB6L  C2008 02 10.53484 13 03 59.79 +22 07 11.7          20.3 Vrx7788703
     K08CB6L  C2008 02 10.53572 13 04 00.04 +22 07 12.5          20.6 Vrx7788703
     K08CB6L  C2008 02 10.53659 13 04 00.26 +22 07 14.9          20.6 Vrx7788703
     K08CB6L  C2008 02 10.53747 13 04 00.62 +22 07 17.6          20.5 Vrx7788703
     K08CB6L  C2008 02 11.00363 13 06 32.69 +22 26 34.9          20.1 Rox7788B04
     K08CB6L  C2008 02 11.00540 13 06 33.27 +22 26 38.9          20.0 Rox7788B04
     K08CB6L  C2008 02 11.00716 13 06 33.82 +22 26 43.2          19.7 Rox7788B04
     K08CB6L  C2008 02 11.01203 13 06 35.38 +22 26 55.9          20.1 Rox7788B04
     K08CB6L  C2008 02 11.02087 13 06 38.18 +22 27 18.0          19.8 Rox7788B04
     K08CB6L  C2008 02 11.02441 13 06 39.33 +22 27 26.8          20.0 Rox7788B04
     K08CB6L  C2008 02 11.02795 13 06 40.46 +22 27 35.4          20.0 Rox7788B04
     K08CB6L  C2008 02 11.43574 13 08 54.84 +22 44 54.9          20.8 Vrx7788703
     K08CB6L  C2008 02 11.44426 13 08 57.53 +22 45 19.6          21.1 Vrx7788703
     K08CB6L  C2008 02 11.45274 13 09 00.19 +22 45 38.9                rx7788703
     K08CB6L 5C2008 02 11.53588 13 09 27.60 +22 49 10.9          20.3 Rox7788673
     K08CB6L 5C2008 02 11.54132 13 09 29.42 +22 49 24.3                ox7788673
     K08CB6L 5C2008 02 11.54606 13 09 31.00 +22 49 36.6                ox7788673
     K08CB6L 5C2008 02 11.54977 13 09 32.23 +22 49 45.8                ox7788673
     K08CB6L  C2008 02 12.04395 13 12 20.95 +23 10 57.6                ox7788246
     K08CB6L  C2008 02 12.04597 13 12 21.60 +23 11 02.4                ox7788246
     K08CB6L  C2008 02 12.04880 13 12 22.53 +23 11 09.5                ox7788246
     K08CB6L  C2008 02 12.44920 13 14 41.20 +23 28 46.9          20.5 Vrx7788G96
     K08CB6L  C2008 02 12.45613 13 14 43.58 +23 29 05.4          20.3 Vrx7788G96
     K08CB6L  C2008 02 12.46303 13 14 45.92 +23 29 23.6          20.4 Vrx7788G96
     K08CB6L  C2008 02 12.46997 13 14 48.30 +23 29 42.1          20.3 Vrx7788G96
     K08CB6L  C2008 02 13.09117 13 18 30.02 +23 57 11.8                rx7788J95
     K08CB6L  C2008 02 13.09759 13 18 32.29 +23 57 30.0                rx7788J95
     K08CB6L  C2008 02 13.10427 13 18 34.73 +23 57 47.3          20.2 Rrx7788J95
     K08CB6L tC2008 02 13.39864 13 20 22.22 +24 11 12.3                ox7788291
     K08CB6L tC2008 02 13.40571 13 20 24.77 +24 11 31.7                ox7788291
     K08CB6L tC2008 02 13.40976 13 20 26.11 +24 11 42.3                ox7788291
     K08CB6L  C2008 02 13.42016 13 20 29.97 +24 12 09.9          20.1 Vrx7788G96
     K08CB6L  C2008 02 13.42749 13 20 32.56 +24 12 30.0          20.1 Vrx7788G96
     K08CB6L  C2008 02 13.43339 13 20 34.61 +24 12 45.7          20.3 Rox7788H01
     K08CB6L  C2008 02 13.43477 13 20 35.11 +24 12 49.4          20.3 Rox7788H01
     K08CB6L  C2008 02 13.43483 13 20 35.19 +24 12 50.0          20.2 Vrx7788G96
     K08CB6L  C2008 02 13.43847 13 20 36.43 +24 12 59.2          20.3 Rox7788H01
     K08CB6L  C2008 02 13.44130 13 20 37.46 +24 13 07.3          20.6 Rox7788H01
     K08CB6L  C2008 02 13.44219 13 20 37.89 +24 13 10.1          20.3 Vrx7788G96
     K08CB6L  C2008 02 16.16762 13 38 32.76 +26 21 22.1                rx9182J95
     K08CB6L  C2008 02 16.17257 13 38 34.82 +26 21 37.7                rx9182J95
     K08CB6L  C2008 02 16.17923 13 38 37.53 +26 21 56.3          20.0 Rrx9182J95
     K08CB6L  C2008 02 16.41422413 40 17.53 +26 33 29.2          20.6 Vox9651H55
     K08CB6L  C2008 02 16.41875313 40 19.42 +26 33 42.5          20.7 Vox9651H55
     K08CB6L  C2008 02 16.42330813 40 21.37 +26 33 55.6          20.7 Vox9651H55
     K08CB6L FC2008 02 17.06784 13 45 02.44 +27 05 33.8                ox9182246
     K08CB6L FC2008 02 17.06938 13 45 03.05 +27 05 37.7                ox9182246
     K08CB6L FC2008 02 17.06999 13 45 03.39 +27 05 40.9                ox9182246
     K08CB6L FC2008 02 17.07065 13 45 03.59 +27 05 43.0                ox9182246
     K08CB6L FC2008 02 17.07190 13 45 04.20 +27 05 45.5                ox9182246
     K08CB6L FC2008 02 17.07252 13 45 04.50 +27 05 48.0                ox9182246
     K08CB6L FC2008 02 17.07319 13 45 04.69 +27 05 50.3                ox9182246
     K08CB6L tC2008 02 24.45247 14 51 03.25 +33 15 27.3          20.1 Vox9651291
     K08CB6L tC2008 02 24.45699 14 51 05.97 +33 15 40.8          20.0 Vox9651291
     K08CB6L tC2008 02 24.46154 14 51 08.94 +33 15 54.1          20.0 Vox9651291
     K08CB6L tC2008 02 26.41593 15 12 48.91 +34 44 09.6          19.9 Vox9651291
     K08CB6L tC2008 02 26.42076 15 12 51.70 +34 44 19.3          19.9 Vox9651291
     K08CB6L tC2008 02 26.42554 15 12 55.04 +34 44 31.7          19.9 Vox9651291
     K08CB6L tC2008 02 27.35244 15 23 47.95 +35 22 40.7          20.3 Vox9651291
     K08CB6L tC2008 02 27.36239 15 23 54.87 +35 23 04.7          20.4 Vox9651291
     K08CB6L tC2008 02 28.40047 15 36 30.48 +36 02 20.0          20.3 Vox9651291
     K08CB6L tC2008 02 28.40524 15 36 33.87 +36 02 30.7          20.5 Vox9651291
     K08CB6L tC2008 02 28.41025 15 36 37.53 +36 02 41.3          20.2 Vox9651291
     K08CB6L tC2008 03 03.43528 16 28 44.03 +37 49 16.3          19.8 Voy0883291
     K08CB6L tC2008 03 03.44311 16 28 50.08 +37 49 24.5          20.5 Voy0883291
