     K08X00O* C2008 12 02.41885 04 12 32.07 +10 57 04.3          19.5 Vr~021HG96
     K08X00O  C2008 12 02.42463 04 12 34.56 +10 56 54.7          19.6 Vr~021HG96
     K08X00O  C2008 12 02.43041 04 12 37.00 +10 56 45.4          19.5 Vr~021HG96
     K08X00O  C2008 12 03.29368 04 18 52.59 +10 35 25.0          19.7 Vr~021HG96
     K08X00O  C2008 12 03.30039 04 18 55.18 +10 35 15.4          19.7 Vr~021HG96
     K08X00O  C2008 12 03.30714 04 18 57.74 +10 35 05.5          19.6 Vr~021HG96
     K08X00O  C2008 12 03.31390 04 19 00.30 +10 34 55.8          19.5 Vr~021HG96
     K08X00O  C2008 12 03.37234 04 19 22.61 +10 33 29.6          19.9 Vr~021H703
     K08X00O  C2008 12 03.38393 04 19 27.09 +10 33 14.7          19.5 Vr~021H703
     K08X00O  C2008 12 03.38977 04 19 29.22 +10 33 04.3          19.4 Vr~021H703
     K08X00O HC2008 12 04.30287 04 25 33.97 +10 12 14.7                o~021H291
     K08X00O  C2008 12 04.31121 04 25 36.76 +10 12 03.6          20.4 Vo~021H291
     K08X00O  C2008 12 05.12931 04 30 41.36 +09 54 30.6          21.0 Vo~02IoH55
     K08X00O  C2008 12 05.13285 04 30 42.55 +09 54 27.1          20.7 Vo~02IoH55
     K08X00O  C2008 12 05.13636 04 30 43.70 +09 54 22.7          20.8 Vo~02IoH55
     K08X00O  C2008 12 11.13986 04 59 05.87 +08 21 52.2          20.6 Vo~02N3H55
     K08X00O  C2008 12 11.14831 04 59 07.65 +08 21 47.2                o~02N3H55
     K08X00O  C2008 12 11.15859 04 59 09.85 +08 21 41.1          21.0 Vo~02N3H55
