     K08C22E* C2008 02 09.29929 09 27 59.83 +08 06 26.8          17.1 Vrx7701703
     K08C22E  C2008 02 09.30791 09 27 58.46 +08 03 48.0          17.2 Vrx7701703
     K08C22E  C2008 02 09.31650 09 27 57.09 +08 01 09.2          17.0 Vrx7701703
     K08C22E  C2008 02 09.32509 09 27 55.76 +07 58 32.0          17.1 Vrx7701703
     K08C22E  C2008 02 09.33208 09 27 54.72 +07 56 24.0          17.1 Vrx7701G96
     K08C22E  C2008 02 09.33977 09 27 53.53 +07 54 04.5          17.2 Vrx7701G96
     K08C22E  C2008 02 09.34748 09 27 52.38 +07 51 45.5          17.1 Vrx7702G96
     K08C22E  C2008 02 09.38919 09 27 46.66 +07 39 24.8          17.0 Vrx7702G96
     K08C22E  C2008 02 09.39602 09 27 45.79 +07 37 25.3          17.2 Vrx7702703
     K08C22E  C2008 02 09.39784 09 27 45.63 +07 36 53.3          17.1 Vrx7702G96
     K08C22E  C2008 02 09.40404 09 27 44.89 +07 35 05.7          17.2 Vrx7702703
     K08C22E  C2008 02 09.40638 09 27 44.68 +07 34 23.6          17.5 Vrx7702G96
     K08C22E  C2008 02 09.41212 09 27 44.02 +07 32 45.8          17.3 Vrx7702703
     K08C22E  C2008 02 09.41488 09 27 43.80 +07 31 57.6          17.0 Vrx7702G96
     K08C22E  C2008 02 09.41980 09 27 43.01 +07 30 41.2          17.1 Rcx7702651
     K08C22E  C2008 02 09.42033 09 27 42.96 +07 30 33.1          16.8 Rcx7702651
     K08C22E  C2008 02 09.42131 09 27 42.87 +07 30 15.9          16.9 Rcx7702651
     K08C22E  C2008 02 09.43749 09 27 41.79 +07 25 31.4          17.3 Vrx7702703
     K08C22E  C2008 02 09.43791 09 27 41.76 +07 25 23.8          17.4 Vrx7702703
     K08C22E  C2008 02 09.43831 09 27 41.72 +07 25 17.0          17.2 Vrx7702703
     K08C22E 5C2008 02 09.43854209 27 45.970+07 24 58.32         17.3 Rox7702673
     K08C22E  C2008 02 09.43873 09 27 41.68 +07 25 09.9          17.2 Vrx7702703
     K08C22E 5C2008 02 09.44338009 27 45.561+07 23 36.24         17.0 Rox7702673
     K08C22E 5C2008 02 09.44824109 27 45.129+07 22 14.03         16.8 Rox7702673
     K08C22E 5C2008 02 09.45310209 27 44.762+07 20 52.98         17.0 Rox7702673
     K08C22E  C2008 02 09.45676 09 27 40.53 +07 20 05.7          17.4 Vrx7702703
     K08C22E  C2008 02 09.45718 09 27 40.53 +07 19 58.8          17.2 Vrx7702703
     K08C22E  C2008 02 09.45759 09 27 40.50 +07 19 52.1          17.2 Vrx7702703
     K08C22E  C2008 02 09.49556 09 27 39.52 +07 09 23.7          17.3 Vrx7702703
     K08C22E  C2008 02 09.49592 09 27 39.52 +07 09 18.4          17.2 Vrx7702703
     K08C22E  C2008 02 09.49665 09 27 39.60 +07 09 06.1          17.3 Vrx7702703
     K08C22E  C2008 02 09.52110 09 28 42.33 +07 02 40.1          18.0 Rox7702300
     K08C22E  C2008 02 09.52196 09 28 42.24 +07 02 27.3          17.7 Rox7702300
     K08C22E  C2008 02 09.52280 09 28 42.22 +07 02 14.7          17.9 Rox7702300
     K08C22E  C2008 02 09.52361 09 28 42.08 +07 02 01.3          17.2 Rox7702300
     K08C22E  C2008 02 09.52760 09 28 41.67 +07 00 59.6          17.8 Rox7702300
     K08C22E  C2008 02 09.52926 09 28 41.51 +07 00 35.8          18.3 Rox7702300
     K08C22E  C2008 02 09.53007 09 28 41.39 +07 00 22.3          18.0 Rox7702300
     K08C22E  C2008 02 09.61873 09 28 19.914+06 50 12.86         17.5 Rrx7702E12
     K08C22E  C2008 02 09.62053 09 28 19.639+06 49 45.99         17.3 Rrx7702E12
     K08C22E 2C2008 02 10.97755 09 29 44.34 +02 56 42.3          18.1 Rjx7702012
     K08C22E 2C2008 02 10.98171 09 29 44.00 +02 56 16.1          18.8 Rjx7702012
     K08C22E 2C2008 02 10.98404 09 29 43.90 +02 56 02.2          18.2 Rjx7702012
     K08C22E 2C2008 02 10.98634 09 29 43.72 +02 55 46.7          18.2 Rjx7702012
     K08C22E 2C2008 02 10.98751 09 29 43.59 +02 55 39.5          18.3 Rjx7702012
     K08C22E 2C2008 02 10.99215 09 29 43.24 +02 55 09.4          18.0 Rjx7702012
     K08C22E 2C2008 02 10.99447 09 29 43.10 +02 54 53.8          18.3 Rjx7702012
     K08C22E 2C2008 02 10.99679 09 29 42.91 +02 54 39.9          19.2 Rjx7702012
     K08C22E  C2008 02 11.38785 09 29 45.38 +02 18 10.9          18.5  cx7702704
     K08C22E  C2008 02 11.39042 09 29 46.60 +02 18 08.1                ox7702291
     K08C22E  C2008 02 11.39428 09 29 46.24 +02 17 47.3                ox7702291
     K08C22E  C2008 02 11.39800 09 29 45.92 +02 17 28.1                ox7702291
     K08C22E  C2008 02 11.40179 09 29 44.23 +02 16 55.8          18.6  cx7702704
     K08C22E  C2008 02 11.41368 09 29 43.40 +02 15 52.5          19.2  cx7702704
     K08C22E  C2008 02 11.43756 09 29 41.92 +02 13 46.7          19.5  cx7702704
     K08C22E  C2008 02 11.46948 09 29 51.84 +02 16 40.3          18.8 Vrx7702F84
     K08C22E  C2008 02 11.48598 09 29 49.96 +02 15 14.3          18.7 Vrx7702F84
     K08C22E  C2008 02 11.50278 09 29 48.19 +02 13 47.1          18.4 Vrx7702F84
     K08C22E  C2008 02 12.24585 09 30 28.04 +01 14 34.4          19.5 Vox7702291
     K08C22E  C2008 02 12.24954 09 30 27.72 +01 14 20.2          19.5 Vox7702291
     K08C22E  C2008 02 12.25324 09 30 27.38 +01 14 06.8          19.4 Vox7702291
     K08C22E  C2008 02 14.16062309 31 01.58 -00 12 22.8          19.6 Vox9174H55
     K08C22E  C2008 02 14.18503809 31 00.14 -00 13 10.5          18.9 Vox9174H55
     K08C22E  C2008 02 14.18754409 31 00.06 -00 13 15.9          19.6 Vox9174H55
     K08C22E  C2008 02 15.92694 09 31 21.61 -00 58 12.2                rx9174J95
     K08C22E  C2008 02 15.93454 09 31 21.32 -00 58 22.0                rx9174J95
     K08C22E  C2008 02 15.94204 09 31 21.07 -00 58 30.9          19.9 Rrx9174J95
