     K08C21Z* C2008 02 08.28910 09 41 16.32 +31 53 13.0          20.7  cx7701704
     K08C21Z  C2008 02 08.30120 09 41 14.10 +31 52 56.4          20.6  cx7701704
     K08C21Z  C2008 02 08.31328 09 41 11.74 +31 52 40.5          20.2  cx7701704
     K08C21Z  C2008 02 09.15248 09 38 42.40 +31 33 14.2                rx7701J95
     K08C21Z  C2008 02 09.15666 09 38 41.68 +31 33 08.3                rx7701J95
     K08C21Z  C2008 02 09.16081 09 38 40.94 +31 33 01.1          20.1 Rrx7701J95
     K08C21Z 5C2008 02 09.17639 09 38 40.02 +31 32 44.8          19.5 Rox7701673
     K08C21Z 5C2008 02 09.18438 09 38 38.59 +31 32 33.7                ox7701673
     K08C21Z 5C2008 02 09.19109 09 38 37.43 +31 32 24.5                ox7701673
     K08C21Z 5C2008 02 09.19387 09 38 36.94 +31 32 20.9                ox7701673
     K08C21Z  C2008 02 09.22189 09 38 31.75 +31 31 44.3          20.0 Rcx7701651
     K08C21Z  C2008 02 09.22296 09 38 31.52 +31 31 43.4          19.9 Rcx7701651
     K08C21Z  C2008 02 09.22403 09 38 31.34 +31 31 41.5          20.0 Rcx7701651
     K08C21Z  C2008 02 11.22156 09 32 45.01 +30 44 13.7          20.4 Vox7701291
     K08C21Z  C2008 02 11.22584 09 32 44.26 +30 44 07.8          20.4 Vox7701291
     K08C21Z  C2008 02 11.23015 09 32 43.51 +30 44 01.8          20.5 Vox7701291
     K08C21Z  C2008 02 12.15442 09 30 07.73 +30 21 22.5                ox7701291
     K08C21Z  C2008 02 12.15865 09 30 06.99 +30 21 16.1                ox7701291
     K08C21Z  C2008 02 12.16292 09 30 06.26 +30 21 10.0                ox7701291
     K08C21Z  C2008 02 12.29374 09 29 43.51 +30 17 59.7          19.6 Vrx7701G96
     K08C21Z  C2008 02 12.30338 09 29 41.85 +30 17 45.2          20.2 Vrx7701G96
     K08C21Z  C2008 02 12.31306 09 29 40.16 +30 17 31.0          19.6 Vrx7701G96
     K08C21Z  C2008 02 12.32282 09 29 38.43 +30 17 16.3          19.6 Vrx7701G96
     K08C21Z  C2008 02 15.89663 09 20 06.77 +28 46 23.7                rx9174J95
     K08C21Z  C2008 02 15.90320 09 20 05.73 +28 46 13.5                rx9174J95
     K08C21Z  C2008 02 15.90980 09 20 04.64 +28 46 03.5          20.3 Rrx9174J95
     K08C21Z  C2008 02 24.16559909 01 44.65 +25 07 13.6          20.4 Vox9630H55
     K08C21Z  C2008 02 24.16973009 01 44.15 +25 07 06.3          20.3 Vox9630H55
     K08C21Z  C2008 02 24.17390609 01 43.68 +25 06 59.7          20.0 Vox9630H55
     K08C21Z  C2008 03 04.11841 08 48 26.81 +21 15 45.3          21.1 Voy0864691
     K08C21Z  C2008 03 04.13671 08 48 25.45 +21 15 17.9          20.8 Voy0864691
     K08C21Z  C2008 03 04.15256 08 48 24.37 +21 14 54.9          20.7 Voy0864691
     K08C21Z HC2008 03 07.10767 08 45 30.76 +20 02 55.8                oy0864291
     K08C21Z  C2008 03 07.11211 08 45 30.48 +20 02 50.1                oy0864291
     K08C21Z  C2008 03 07.11706 08 45 30.20 +20 02 42.7                oy0864291
     K08C21Z  C2008 04 03.05419208 45 41.61 +11 12 40.0          22.2  oy4804H55
     K08C21Z  C2008 04 03.06460308 45 41.86 +11 12 31.1          22.3  oy4804H55
     K08C21Z  C2008 04 03.07502008 45 42.41 +11 12 19.8          22.2  oy4804H55
     K08C21Z QC2012 08 10.76349 00 30 27.13 +00 03 02.6                r~0i3pE12
     K08C21Z QC2012 08 11.73783 00 30 23.48 +00 37 59.0          20.3 Vr~0i3pE12
     K08C21Z QC2012 08 11.74280 00 30 23.39 +00 38 10.2          20.5 Vr~0i3pE12
     K08C21Z QC2012 08 13.67489 00 30 05.49 +01 49 22.3          20.5 Vr~0i3pE12
     K08C21Z QC2012 08 13.67996 00 30 05.39 +01 49 33.8          20.2 Vr~0i3pE12
     K08C21Z KC2012 08 18.00074 00 28 28.87 +04 37 45.5          20.1 Ru~0iFc157
     K08C21Z KC2012 08 18.04948 00 28 27.07 +04 39 44.8          19.8 Ru~0iFc157
     K08C21Z  C2012 09 11.36637 23 50 59.22 +23 37 55.2          19.2 Rq~0iZUH45
     K08C21Z  C2012 09 11.36738 23 50 59.07 +23 37 58.2          19.1 Rq~0iZUH45
     K08C21Z  C2012 09 11.36852 23 50 58.92 +23 38 01.2          19.2 Rq~0iZUH45
     K08C21Z  C2012 09 11.36967 23 50 58.69 +23 38 04.9          19.3 Rq~0iZUH45
     K08C21Z  C2012 09 11.37087 23 50 58.45 +23 38 08.3          19.3 Rq~0iZUH45
     K08C21Z KC2012 09 12.27926 23 48 38.19 +24 21 36.6          18.9 Rt~0iZUG56
     K08C21Z KC2012 09 12.29114 23 48 36.26 +24 22 11.1          18.5 Rt~0iZUG56
     K08C21Z KC2012 09 12.30273 23 48 34.29 +24 22 44.3          18.6 Rt~0iZUG56
     K08C21Z KC2012 09 14.08985 23 43 43.43 +25 46 45.0                t~0ij6204
     K08C21Z IC2012 09 14.09760 23 43 42.03 +25 47 05.6                t~0ij6204
     K08C21Z KC2012 09 14.10539 23 43 40.75 +25 47 28.2          18.7 Rt~0ij6204
     K08C21Z KC2012 09 14.94594 23 41 21.63 +26 26 16.4          18.1 Rt~0ij6130
     K08C21Z KC2012 09 14.94868 23 41 21.20 +26 26 23.9          17.7 Rt~0ij6130
     K08C21Z KC2012 09 14.95142 23 41 20.62 +26 26 31.1          17.8 Rt~0ij6130
     K08C21Z  C2012 09 19.32284 23 28 33.91 +29 38 01.7          19.2 Rq~0ij6H45
     K08C21Z  C2012 09 19.32385 23 28 33.66 +29 38 04.4          19.4 Rq~0ij6H45
     K08C21Z  C2012 09 19.32470 23 28 33.55 +29 38 06.3          19.3 Rq~0ij6H45
     K08C21Z  C2012 09 19.32569 23 28 33.37 +29 38 09.2          19.2 Rq~0ij6H45
     K08C21Z  C2012 09 19.32758 23 28 32.98 +29 38 13.4          19.4 Rq~0ij6H45
     K08C21Z |C2015 03 15.25567 12 28 24.47 -24 59 24.1          21.2 Vu~1N6Q807
     K08C21Z |C2015 03 15.26278 12 28 23.51 -24 59 29.5          21.4 Vu~1N6Q807
     K08C21Z |C2015 03 15.27005 12 28 22.53 -24 59 35.0          21.3 Vu~1N6Q807
