     K08T26Q* C2008 10 09.38413 01 27 49.60 +23 26 27.6          22.2 Vrz9549G96
     K08T26Q  C2008 10 09.38915 01 27 49.21 +23 26 16.7          22.6 Vrz9549G96
     K08T26Q  C2008 10 09.39409 01 27 48.63 +23 26 05.6          21.7 Vrz9549G96
     K08T26Q  C2008 10 09.39905 01 27 48.24 +23 25 54.4          21.8 Vrz9549G96
     K08T26Q  C2008 10 09.43439 01 27 45.07 +23 24 34.4          21.3 Vrz9549G96
     K08T26Q  C2008 10 09.43556 01 27 44.89 +23 24 31.6          21.6 Vrz9549G96
     K08T26Q  C2008 10 10.22375 01 26 45.34 +22 55 43.0          22.3 Voz9549H55
     K08T26Q  C2008 10 10.23648 01 26 44.21 +22 55 15.3          22.0 Voz9549H55
     K08T26Q  C2008 10 10.24915 01 26 43.08 +22 54 48.1          22.1 Voz9549H55
     K08T26Q  C2008 10 10.30351 01 26 39.08 +22 52 54.2          21.9 Vrz9549G96
     K08T26Q  C2008 10 10.30894 01 26 38.58 +22 52 41.9          20.5 Vrz9549G96
     K08T26Q  C2008 10 10.31441 01 26 38.11 +22 52 30.9          21.4 Vrz9549G96
     K08T26Q  C2008 10 10.31993 01 26 37.64 +22 52 18.4          21.7 Vrz9549G96
     K08T26Q 2C2008 10 22.45960201 15 16.282+16 55 08.63         22.1 Ro~00S5568
     K08T26Q 2C2008 10 22.46349701 15 16.098+16 55 03.07         21.9 Ro~00S5568
     K08T26Q  C2008 10 28.26507 01 12 26.40 +14 53 29.6          21.5 Rv~00S5H01
     K08T26Q  C2008 10 28.26871 01 12 26.31 +14 53 25.3          21.4 Rv~00S5H01
     K08T26Q  C2008 10 28.27056 01 12 26.24 +14 53 23.1          21.7 Rv~00S5H01
