j0894K08B18T & 1955 03 14.22639 09 50 25.61 +35 24 17.7                cy7610261
j0894K08B18T & 1955 03 14.26111 09 50 20.98 +35 25 11.7                cy7610261
j0894K08B18T  C1998 01 29.33837 08 41 39.08 +23 48 11.0          18.9 Rcy7610566
j0894K08B18T  C1998 01 29.34811 08 41 38.10 +23 48 18.4                cy7610566
j0894K08B18T  C1998 01 29.35787 08 41 37.08 +23 48 25.1          18.7 Rcy7610566
j0894K08B18T 7C2005 09 25.40622 02 19 15.12 +00 04 30.5          20.9 ro~0Wr4705
j0894K08B18T 7C2005 09 25.40704 02 19 15.07 +00 04 30.0                o~0Wr4705
j0894K08B18T 7C2005 09 25.40953 02 19 14.90 +00 04 28.9                o~0Wr4705
j0894K08B18T 7C2005 09 26.40970 02 18 09.11 -00 03 33.5          20.9 ro~0Wr4705
j0894K08B18T 7C2005 09 26.41054 02 18 09.05 -00 03 33.8                o~0Wr4705
j0894K08B18T 7C2005 09 26.41302 02 18 08.89 -00 03 35.0                o~0Wr4705
j0894K08B18T* C2008 01 31.41308 09 53 16.61 +21 50 27.1          19.7  cx6385704
j0894K08B18T  C2008 01 31.42575 09 53 15.64 +21 50 38.6          19.6  cx6385704
j0894K08B18T  C2008 01 31.43834 09 53 14.90 +21 50 49.7          19.9  cx6385704
j0894K08B18T  C2008 01 31.45093 09 53 13.80 +21 51 03.5          20.0  cx6385704
j0894K08B18T 5C2008 02 01.24097 09 52 21.32 +22 03 59.0          19.0 Rox6385673
j0894K08B18T 5C2008 02 01.24688 09 52 20.88 +22 04 05.1                ox6385673
j0894K08B18T 5C2008 02 01.25417 09 52 20.36 +22 04 12.8                ox6385673
j0894K08B18T 5C2008 02 01.26331 09 52 19.70 +22 04 22.1                ox6385673
j0894K08B18T  C2008 02 01.26991 09 52 19.14 +22 04 28.4          19.6 Vrx6385G96
j0894K08B18T  C2008 02 01.28152 09 52 18.31 +22 04 39.7          19.7 Vrx6385G96
j0894K08B18T  C2008 02 01.28741 09 52 17.88 +22 04 45.8          20.2 Vrx6385G96
j0894K08B18T  C2008 02 01.91101 09 51 34.30 +22 15 04.3                rx6385J95
j0894K08B18T  C2008 02 01.91512 09 51 34.03 +22 15 08.3                rx6385J95
j0894K08B18T  C2008 02 01.91922 09 51 33.72 +22 15 12.5          19.4 Rrx6385J95
j0894K08B18T  C2008 02 02.82614 09 50 28.19 +22 30 28.6          20.0 Vox6385151
j0894K08B18T  C2008 02 02.83241 09 50 27.75 +22 30 35.7          20.2 Vox6385151
j0894K08B18T  C2008 02 02.84171 09 50 27.07 +22 30 46.9          20.2 Vox6385151
j0894K08B18T  C2008 02 03.32089609 49 50.82 +22 38 58.4          20.1 Vox6385H55
j0894K08B18T  C2008 02 03.32427509 49 50.54 +22 39 01.9          20.1 Vox6385H55
j0894K08B18T  C2008 02 03.32766309 49 50.28 +22 39 05.4          20.2 Vox6385H55
j0894K08B18T  C2008 02 03.33105409 49 50.00 +22 39 08.8          20.2 Vox6385H55
j0894K08B18T  C2008 02 03.81880 09 49 13.52 +22 47 28.4          19.6 Vcx7685A50
j0894K08B18T  C2008 02 03.82110 09 49 13.32 +22 47 31.2          19.4 Vcx7685A50
j0894K08B18T  C2008 02 03.82281 09 49 13.19 +22 47 33.4          19.0 Vcx7685A50
j0894K08B18T  C2008 02 03.84795 09 49 11.25 +22 47 59.6          19.4 Vcx7685A50
j0894K08B18T  C2008 02 03.85974 09 49 10.40 +22 48 12.4          19.3 Vrx6385A13
j0894K08B18T  C2008 02 03.88182 09 49 08.64 +22 48 34.0          19.7 Vrx6385A13
j0894K08B18T  C2008 02 03.94250 09 49 03.78 +22 49 37.4                ox6385246
j0894K08B18T  C2008 02 03.94366 09 49 03.66 +22 49 38.9                ox6385246
j0894K08B18T  C2008 02 03.94456 09 49 03.63 +22 49 40.0                ox6385246
j0894K08B18T  C2008 02 03.94524 09 49 03.57 +22 49 41.1                ox6385246
j0894K08B18T  C2008 02 03.94615 09 49 03.52 +22 49 41.5                ox6385246
j0894K08B18T  C2008 02 03.94693 09 49 03.48 +22 49 42.3                ox6385246
j0894K08B18T  C2008 02 03.96250 09 49 02.22 +22 49 58.8                ox6385246
j0894K08B18T  C2008 02 03.96368 09 49 02.12 +22 49 59.9                ox6385246
j0894K08B18T  C2008 02 03.96545 09 49 01.95 +22 50 01.5                ox6385246
j0894K08B18T  C2008 02 03.96619 09 49 01.91 +22 50 02.7                ox6385246
j0894K08B18T  C2008 02 03.96696 09 49 01.81 +22 50 03.2                ox6385246
j0894K08B18T  C2008 02 03.96767 09 49 01.78 +22 50 04.4                ox6385246
j0894K08B18T  C2008 02 03.96841 09 49 01.72 +22 50 05.1                ox6385246
j0894K08B18T  C2008 02 05.86921 09 46 30.11 +23 23 24.1          19.0 Rrx6385176
j0894K08B18T  C2008 02 05.87129 09 46 29.93 +23 23 26.0          19.1 Rrx6385176
j0894K08B18T  C2008 02 05.87302 09 46 29.81 +23 23 27.8          19.0 Rrx6385176
j0894K08B18T  C2008 02 05.87476 09 46 29.65 +23 23 29.6          18.8 Rrx6385176
j0894K08B18T  C2008 02 05.87649 09 46 29.53 +23 23 31.3          19.0 Rrx6385176
j0894K08B18T  C2008 02 05.89302 09 46 27.95 +23 23 48.6          19.4 Rrx6385143
j0894K08B18T  C2008 02 05.90820 09 46 26.70 +23 24 04.9          19.7 Rrx6385143
j0894K08B18T  C2008 02 06.24903 09 45 58.17 +23 30 11.4          19.5 Vrx6385703
j0894K08B18T  C2008 02 06.25666 09 45 57.60 +23 30 19.8          19.4 Vrx6385703
j0894K08B18T  C2008 02 06.26428 09 45 56.88 +23 30 27.7          19.4 Vrx6385703
j0894K08B18T  C2008 02 06.27189 09 45 56.23 +23 30 35.2          20.3 Vrx6385703
j0894K08B18T  C2008 02 06.27768 09 45 55.75 +23 30 42.8          19.8 Vox6385291
j0894K08B18T  C2008 02 06.28280 09 45 55.31 +23 30 48.3          19.7 Vox6385291
j0894K08B18T  C2008 02 06.28575 09 45 55.01 +23 30 52.0          19.8  cx6385704
j0894K08B18T  C2008 02 06.28757 09 45 54.89 +23 30 53.5          19.7 Vox6385291
j0894K08B18T  C2008 02 06.29803 09 45 54.00 +23 31 05.0          19.7  cx6385704
j0894K08B18T  C2008 02 06.31030 09 45 52.93 +23 31 18.5          20.0  cx6385704
j0894K08B18T  C2008 02 06.32258 09 45 51.86 +23 31 31.2          20.1  cx6385704
j0894K08B18T  C2008 02 06.33267 09 45 50.88 +23 31 41.5          19.5 Rrx6385448
j0894K08B18T  C2008 02 06.34475 09 45 49.81 +23 31 54.2          19.5 Rrx6385448
j0894K08B18T 5C2008 02 06.34647009 45 49.815+23 31 56.52         19.2 Rox6385673
j0894K08B18T 5C2008 02 06.35133109 45 49.355+23 32 01.75               ox6385673
j0894K08B18T  C2008 02 06.35434 09 45 48.97 +23 32 05.2          19.5 Rrx6385448
j0894K08B18T 5C2008 02 06.36070609 45 48.545+23 32 11.41               ox6385673
j0894K08B18T 5C2008 02 06.36348409 45 48.309+23 32 14.38               ox6385673
j0894K08B18T  C2008 02 06.92463 09 45 00.85 +23 42 15.2          19.6 Rrx7685B11
j0894K08B18T  C2008 02 06.93384 09 45 00.01 +23 42 25.1          19.4 Rrx7685B11
j0894K08B18T  C2008 02 07.88342 09 43 37.28 +23 59 34.7          20.1 Vox6385151
j0894K08B18T  C2008 02 07.88646 09 43 37.04 +23 59 37.8          20.2 Vox6385151
j0894K08B18T  C2008 02 07.88949 09 43 36.79 +23 59 40.9          20.2 Vox6385151
j0894K08B18T  C2008 02 08.83140 09 42 12.30 +24 16 52.2          19.3 Vcx7685A78
j0894K08B18T  C2008 02 08.84162 09 42 11.37 +24 17 03.5          19.8 Vcx7685A78
j0894K08B18T  C2008 02 08.85482 09 42 10.09 +24 17 18.2          19.3 Vcx7685A78
j0894K08B18T  C2008 02 09.00171 09 41 56.16 +24 20 01.8          19.2 Rrx7685176
j0894K08B18T  C2008 02 09.00326 09 41 56.02 +24 20 03.5          19.1 Rrx7685176
j0894K08B18T  C2008 02 09.00482 09 41 55.87 +24 20 05.2          18.9 Rrx7685176
j0894K08B18T  C2008 02 09.00637 09 41 55.73 +24 20 06.6          19.1 Rrx7685176
j0894K08B18T  C2008 02 09.82906 09 40 39.78 +24 35 13.5          19.6 Vox7685151
j0894K08B18T  C2008 02 09.83209 09 40 39.50 +24 35 16.9          19.5 Vox7685151
j0894K08B18T  C2008 02 09.83512 09 40 39.22 +24 35 20.2          19.5 Vox7685151
j0894K08B18T  C2008 02 11.39488 09 38 08.50 +25 04 20.5          19.5 Rrx7685H45
j0894K08B18T  C2008 02 11.82972 09 37 26.73 +25 12 26.5          19.5 Vox7685151
j0894K08B18T  C2008 02 11.83176 09 37 26.48 +25 12 28.7          19.7 Vox7685151
j0894K08B18T  C2008 02 11.83379 09 37 26.21 +25 12 30.6          19.5 Vox7685151
j0894K08B18T  C2008 02 11.87919 09 37 21.65 +25 13 22.3          19.5 Vcx7685A48
j0894K08B18T  C2008 02 11.88648 09 37 20.90 +25 13 30.9          19.5 Vcx7685A48
j0894K08B18T  C2008 02 11.89381 09 37 20.16 +25 13 39.4          19.6 Vcx7685A48
j0894K08B18T  C2008 02 11.90115 09 37 19.42 +25 13 47.7          19.5 Vcx7685A48
j0894K08B18T  C2008 02 13.21776 09 35 06.61 +25 38 34.5          19.4  cx7685704
j0894K08B18T  C2008 02 13.22966 09 35 05.34 +25 38 47.6          20.5  cx7685704
j0894K08B18T  C2008 02 13.24168 09 35 04.00 +25 39 00.6          20.0  cx7685704
j0894K08B18T  C2008 02 13.25370 09 35 02.79 +25 39 14.2          19.9  cx7685704
j0894K08B18T  C2008 02 13.26563 09 35 01.42 +25 39 28.6          19.7  cx7685704
j0894K08B18T  C2008 02 21.23674809 20 19.95 +28 08 49.6          19.1 Vox9608H55
j0894K08B18T  C2008 02 21.23994109 20 19.58 +28 08 52.6          19.3 Vox9608H55
j0894K08B18T  C2008 02 21.24354509 20 19.15 +28 08 56.7          19.2 Vox9608H55
j0894K08B18T  C2008 02 24.89230 09 13 05.31 +29 14 46.8          19.2 Vox9608A44
j0894K08B18T  C2008 02 24.90650 09 13 03.54 +29 15 01.8          19.1 Vox9608A44
j0894K08B18T  C2008 02 24.91218 09 13 02.81 +29 15 08.4          19.0 Vox9608A44
j0894K08B18T  C2008 02 27.18063 09 08 28.89 +29 54 33.0          19.0 Vrx9608703
j0894K08B18T  C2008 02 27.18785 09 08 28.03 +29 54 40.2          19.3 Vrx9608703
j0894K08B18T  C2008 02 27.19503 09 08 27.06 +29 54 47.6          18.8 Vrx9608703
j0894K08B18T  C2008 02 27.20222 09 08 25.94 +29 54 54.6          18.7 Vrx9608703
j0894K08B18T  C2008 02 27.26493 09 08 17.98 +29 55 58.2          19.0 Rrx9608H45
j0894K08B18T  C2008 02 27.27410 09 08 16.82 +29 56 07.5          19.1 Rrx9608H45
j0894K08B18T  C2008 02 27.27635 09 08 16.54 +29 56 09.7          19.1 Rrx9608H45
j0894K08B18T  C2008 02 27.28178 09 08 15.87 +29 56 14.8          19.0 Rrx9608H45
j0894K08B18T  C2008 02 27.28325 09 08 15.67 +29 56 16.1          19.0 Rrx9608H45
j0894K08B18T  C2008 02 27.28473 09 08 15.51 +29 56 17.9          19.0 Rrx9608H45
j0894K08B18T  C2008 02 28.26112 09 06 17.23 +30 12 44.8          18.7 Rrx9608H45
j0894K08B18T  C2008 02 28.26837 09 06 16.38 +30 12 52.0          18.6 Rrx9608H45
j0894K08B18T  C2008 02 28.26975 09 06 16.14 +30 12 53.5          18.7 Rrx9608H45
j0894K08B18T  C2008 02 28.27111 09 06 15.99 +30 12 54.9          18.7 Rrx9608H45
j0894K08B18T  C2008 02 28.27254 09 06 15.82 +30 12 56.2          18.6 Rrx9608H45
j0894K08B18T  C2008 02 28.27389 09 06 15.65 +30 12 57.6          18.6 Rrx9608H45
j0894K08B18T  C2008 02 29.21413 09 04 22.36 +30 28 32.1          19.2  cy0848704
j0894K08B18T  C2008 02 29.22521 09 04 20.90 +30 28 43.6          19.9  cy0848704
j0894K08B18T  C2008 02 29.23630 09 04 19.51 +30 28 53.7          19.7  cy0848704
j0894K08B18T  C2008 02 29.24743 09 04 18.06 +30 29 04.2          19.9  cy0848704
j0894K08B18T  C2008 02 29.25843 09 04 16.71 +30 29 15.1          19.5  cy0848704
j0894K08B18T  C2008 03 01.28562 09 02 12.29 +30 45 51.0          18.5 Rry0848H45
j0894K08B18T  C2008 03 01.29005 09 02 11.76 +30 45 54.9          18.4 Rry0848H45
j0894K08B18T  C2008 03 01.29140 09 02 11.57 +30 45 56.8          18.3 Rry0848H45
j0894K08B18T  C2008 03 01.29273 09 02 11.40 +30 45 57.9          18.4 Rry0848H45
j0894K08B18T  C2008 03 01.29410 09 02 11.23 +30 45 59.0          18.2 Rry0848H45
j0894K08B18T  C2008 03 01.29580 09 02 11.03 +30 46 00.5          18.6 Rry0848H45
j0894K08B18T  C2008 03 01.35228 09 02 04.16 +30 46 55.1          19.0 Vry0848G96
j0894K08B18T  C2008 03 01.35882 09 02 03.37 +30 47 01.2          19.1 Vry0848G96
j0894K08B18T  C2008 03 01.36532 09 02 02.54 +30 47 07.3          19.0 Vry0848G96
j0894K08B18T  C2008 03 01.37191 09 02 01.75 +30 47 13.6          18.9 Vry0848G96
j0894K08B18T  C2008 03 01.93329 09 00 54.69 +30 56 07.1          19.1 Vcy0848560
j0894K08B18T  C2008 03 01.93711 09 00 54.22 +30 56 10.3          19.0 Vcy0848560
j0894K08B18T  C2008 03 01.93837 09 00 54.05 +30 56 11.7          19.1 Vcy0848560
j0894K08B18T  C2008 03 02.91389 08 58 57.43 +31 11 23.4          18.9 Rry0848130
j0894K08B18T  C2008 03 02.91653 08 58 57.07 +31 11 25.6          19.3 Rry0848130
j0894K08B18T  C2008 03 02.91866 08 58 56.82 +31 11 28.2          19.1 Rry0848130
j0894K08B18T  C2008 03 02.92067 08 58 56.56 +31 11 30.1          19.2 Rry0849130
j0894K08B18T  C2008 03 05.12362 08 54 37.08 +31 44 29.0          18.6 Vry0849703
j0894K08B18T  C2008 03 05.12969 08 54 36.36 +31 44 34.1          19.0 Vry0849703
j0894K08B18T  C2008 03 05.13572 08 54 35.56 +31 44 40.9          18.9 Vry0849703
j0894K08B18T  C2008 03 05.14177 08 54 34.88 +31 44 45.1          19.2 Vry0849703
j0894K08B18T  C2008 03 07.13979 08 50 44.65 +32 12 54.5          18.8 Rry2248448
j0894K08B18T  C2008 03 07.14974 08 50 43.47 +32 13 02.5          18.9 Rry2248448
j0894K08B18T  C2008 03 07.15968 08 50 42.29 +32 13 11.1          18.8 Rry2248448
j0894K08B18T  C2008 03 07.22334 08 50 34.54 +32 14 05.1          19.4 Rcy0849711
j0894K08B18T  C2008 03 07.23173 08 50 33.56 +32 14 12.4          19.4 Rcy0849711
j0894K08B18T SC2008 03 07.24013 08 50 32.63 +32 14 17.3                cy0849711
j0894K08B18T  C2008 03 08.22027 08 48 42.64 +32 27 26.2          19.3  cy2248704
j0894K08B18T  C2008 03 08.23127 08 48 41.27 +32 27 34.8          19.6  cy2248704
j0894K08B18T  C2008 03 08.24225 08 48 40.03 +32 27 42.7          19.5  cy2248704
j0894K08B18T  C2008 03 08.25325 08 48 38.77 +32 27 50.7          19.7  cy2248704
j0894K08B18T  C2008 03 08.26428 08 48 37.45 +32 27 59.4          20.1  cy2248704
j0894K08B18T  C2008 03 09.23803 08 46 49.99 +32 40 36.4          18.9 Rry2248H45
j0894K08B18T  C2008 03 09.24166 08 46 49.54 +32 40 39.3          18.8 Rry2248H45
j0894K08B18T  C2008 03 09.24306 08 46 49.39 +32 40 39.8          18.8 Rry2248H45
j0894K08B18T  C2008 03 11.22359 08 43 17.98 +33 05 03.4          19.2  cy2248704
j0894K08B18T  C2008 03 11.23449 08 43 16.80 +33 05 11.8          19.5  cy2248704
j0894K08B18T  C2008 03 11.24528 08 43 15.69 +33 05 19.5          19.2  cy2248704
j0894K08B18T  C2008 03 11.25649 08 43 14.33 +33 05 25.9          19.6  cy2248704
j0894K08B18T  C2008 03 13.18964 08 39 58.10 +33 27 32.6          19.3 Vry3591703
j0894K08B18T  C2008 03 13.19674 08 39 57.38 +33 27 36.9          18.6 Vry3591703
j0894K08B18T  C2008 03 13.20383 08 39 56.52 +33 27 41.2          19.1 Vry3591703
j0894K08B18T  C2008 03 13.21091 08 39 55.83 +33 27 46.4          19.0 Vry3591703
j0894K08B18T  C2008 03 23.14215908 26 15.20 +34 56 09.3          19.4 Voy4088H55
j0894K08B18T  C2008 03 23.14834508 26 14.90 +34 56 12.0          18.9 Voy4088H55
j0894K08B18T  C2008 03 23.79777 08 25 34.11 +35 00 35.2          19.4 Vry4088A17
j0894K08B18T  C2008 03 23.80699 08 25 33.53 +35 00 39.0          19.4 Vry4088A17
j0894K08B18T  C2008 03 23.81536 08 25 32.95 +35 00 42.6          19.4 Vry4088A17
j0894K08B18T  C2008 03 30.10186 08 20 20.67 +35 36 14.8          19.1 Rry4800448
j0894K08B18T  C2008 03 30.11325 08 20 20.18 +35 36 17.9          19.4 Rry4800448
j0894K08B18T  C2008 03 30.12463 08 20 19.67 +35 36 21.0          19.2 Rry4800448
j0894K08B18T  C2008 03 30.19171 08 20 16.80 +35 36 39.4          19.2 Vry4800703
j0894K08B18T  C2008 03 30.19965 08 20 16.54 +35 36 41.7          19.4 Vry4800703
j0894K08B18T  C2008 03 30.20756 08 20 16.15 +35 36 43.8          18.9 Vry4800703
j0894K08B18T  C2008 03 30.21547 08 20 15.86 +35 36 45.7          19.1 Vry4800703
j0894K08B18T  C2008 04 05.10510 08 17 50.92 +35 59 05.7                cy5814711
j0894K08B18T  C2008 04 05.11083 08 17 50.80 +35 59 06.8                cy5814711
j0894K08B18T  C2008 04 05.11657 08 17 50.68 +35 59 07.8                cy5814711
j0894K08B18T  C2008 04 06.11976 08 17 39.63 +36 02 00.6          19.2 Rry5814H45
j0894K08B18T  C2008 04 06.12170 08 17 39.63 +36 02 01.0          19.2 Rry5814H45
j0894K08B18T  C2008 04 06.12346 08 17 39.60 +36 02 01.1          19.1 Rry5814H45
j0894K08B18T  C2008 04 06.12647 08 17 39.54 +36 02 01.4          19.2 Rry5814H45
j0894K08B18T  C2008 04 06.12912 08 17 39.52 +36 02 01.9          19.2 Rry5814H45
j0894K08B18T  C2008 04 06.13730 08 17 39.39 +36 02 03.2          19.3 Rry5814H45
j0894K08B18T  C2008 04 15.08621208 18 55.12 +36 18 28.8          18.9 Voy6812H55
j0894K08B18T  C2008 04 15.09810408 18 55.37 +36 18 29.5          18.8 Voy6812H55
j0894K08B18T  C2008 04 15.11215108 18 55.65 +36 18 30.2          18.4 Voy6812H55
j0894K08B18T  C2008 04 16.15352 08 19 23.44 +36 19 29.3          19.5 Vry7610703
j0894K08B18T  C2008 04 16.16224 08 19 23.66 +36 19 29.3          19.2 Vry7610703
j0894K08B18T  C2008 04 16.17103 08 19 23.91 +36 19 31.1          19.1 Vry7610703
j0894K08B18T  C2008 04 16.17977 08 19 23.98 +36 19 31.0          19.3 Vry7610703
j0894K08B18T  C2008 05 12.86527 08 47 58.20 +35 55 13.3          18.1 Rry9835B67
j0894K08B18T  C2008 05 12.88306 08 47 59.60 +35 55 11.5          18.9 Rry9835B67
j0894K08B18T  C2008 05 12.90043 08 48 01.22 +35 55 07.7          18.8 Rry9835B67
j0894K08B18T 9C2008 05 23.17211 09 04 00.13 +35 27 10.2          18.9 Roz0572673
j0894K08B18T 9C2008 05 23.17837 09 04 00.67 +35 27 08.3                oz0572673
j0894K08B18T 9C2008 05 23.18131 09 04 00.94 +35 27 07.8                oz0572673
j0894K08B18T 9C2008 05 23.18425 09 04 01.20 +35 27 07.2                oz0572673
j0894K08B18T 9C2008 05 23.18717 09 04 01.44 +35 27 06.8                oz0572673
j0894K08B18T  C2008 05 29.19126 09 13 19.81 +35 07 07.3          18.9 Vrz0572G96
j0894K08B18T  C2008 05 29.19622 09 13 20.24 +35 07 06.1          18.9 Vrz0572G96
j0894K08B18T  C2008 05 29.20117 09 13 20.67 +35 07 04.5          18.9 Vrz0572G96
j0894K08B18T  C2008 05 29.20617 09 13 21.07 +35 07 03.0          18.9 Vrz0572G96
j0894K08B18T  C2008 05 31.89017 09 17 21.33 +34 57 08.5          18.6 Rrz0988B67
j0894K08B18T  C2008 05 31.89777 09 17 21.96 +34 57 06.4          18.5 Rrz0988B67
j0894K08B18T  C2008 05 31.90551 09 17 22.61 +34 57 04.8          18.9 Rrz0988B67
j0894K08B18T  C2008 07 16.64732 02 08 59.56 -49 55 23.0          12.4 Rrz2778E12
j0894K08B18T  C2008 07 16.64887 02 08 51.32 -49 55 33.8          12.5 Rrz2778E12
j0894K08B18T  C2008 07 16.65043 02 08 43.00 -49 55 44.6          12.5 Rrz2778E12
j0894K08B18T  C2008 07 16.65190 02 08 35.22 -49 55 54.6          12.5 Rrz2778E12
j0894K08B18T  C2008 07 16.65346 02 08 26.91 -49 56 05.3          12.5 Rrz2778E12
j0894K08B18T  C2008 07 16.83605901 52 36.284-50 10 10.25         12.6 Rrz2778E12
j0894K08B18T  C2008 07 16.83742401 52 29.405-50 10 13.34         12.6 Rrz2778E12
j0894K08B18T  C2008 07 16.83906001 52 21.145-50 10 17.06         12.6 Rrz2778E12
j0894K08B18T  C2008 07 25.83775 22 48 52.959-41 42 46.76         14.6 Rrz3086E12
j0894K08B18T  C2008 07 25.83919 22 48 52.527-41 42 43.87         14.6 Rrz3086E12
j0894K08B18T  C2008 08 09.27639 22 17 06.64 -37 45 46.0                rz4095808
j0894K08B18T  C2008 08 09.28403 22 17 05.99 -37 45 40.5                rz4095808
j0894K08B18T  C2008 08 09.29097 22 17 05.36 -37 45 35.5                rz4095808
j0894K08B18T  C2008 08 11.54676 22 14 35.50 -37 20 02.3                cz4095322
j0894K08B18T  C2008 08 11.56722 22 14 34.00 -37 19 51.1                cz4095322
j0894K08B18T  C2008 08 11.58663 22 14 32.52 -37 19 40.2          18.4 Rcz4095322
j0894K08B18T  C2008 08 11.59847 22 14 31.62 -37 19 33.4          18.1 Rcz4095322
j0894K08B18T  C2008 08 13.21493 22 12 51.25 -37 01 53.0                rz4357808
j0894K08B18T  C2008 08 13.22187 22 12 50.73 -37 01 48.5                rz4357808
j0894K08B18T  C2008 08 13.22882 22 12 50.19 -37 01 43.9                rz4357808
j0894K08B18T  C2008 08 15.17326 22 11 02.97 -36 40 37.2                rz4357808
j0894K08B18T  C2008 08 15.18333 22 11 02.26 -36 40 30.1                rz4357808
j0894K08B18T  C2008 08 15.18995 22 11 01.82 -36 40 25.7                rz4357808
j0894K08B18T  C2008 08 28.59751 22 02 51.18 -34 14 50.9          17.6 Vrz4583E12
j0894K08B18T  C2008 08 28.60407 22 02 51.00 -34 14 47.6          18.2 Vrz4583E12
j0894K08B18T  C2008 08 28.61063 22 02 50.78 -34 14 42.1          17.7 Vrz4583E12
j0894K08B18T  C2008 08 28.61716 22 02 50.56 -34 14 37.6          17.7 Vrz4583E12
j0894K08B18T  C2008 09 20.53924 22 03 05.47 -29 47 58.1          18.8 Vrz6786E12
j0894K08B18T  C2008 09 20.54985 22 03 05.61 -29 47 49.9          18.8 Vrz6786E12
j0894K08B18T  C2008 09 20.56046 22 03 05.72 -29 47 42.5          18.8 Vrz6786E12
j0894K08B18T  C2008 09 20.57106 22 03 05.90 -29 47 34.4          19.3 Vrz6786E12
j0894K08B18T  C2008 10 01.46012 22 08 12.48 -27 37 06.6          19.7 Vrz8032E12
j0894K08B18T  C2008 10 01.46823 22 08 12.69 -27 37 00.2          20.6 Vrz8032E12
j0894K08B18T  C2008 10 01.47604 22 08 12.91 -27 36 54.9          19.4 Vrz8032E12
j0894K08B18T KC2015 10 13.28028302 22 49.40 +00 57 02.2          22.0 Vu~1cGNH21
j0894K08B18T KC2015 10 13.29348002 22 48.38 +00 56 56.7          22.2 Vu~1cGNH21
j0894K08B18T KC2015 10 13.30264602 22 47.74 +00 56 53.8          22.2 Vu~1cGNH21
j0894K08B18T KC2015 10 17.28614402 17 56.54 +00 31 35.5          22.1 Vu~1acLH21
j0894K08B18T KC2015 10 17.29384302 17 55.94 +00 31 32.9          22.5 Vu~1acLH21
j0894K08B18T KC2015 10 17.30215002 17 55.32 +00 31 29.7          22.2 Vu~1acLH21
j0894K08B18T  R2008 07 06.740278               +    20514341   2380 251 JPLRS251
j0894K08B18T  r2008 07 06.740278C                        2000       251 JPLRS251
j0894K08B18T  R2008 07 06.812500   6089146871                  2380 251 JPLRS251
j0894K08B18T  r2008 07 06.812500C         2000                      251 JPLRS251
j0894K08B18T  R2008 07 07.730556   5414742100                  2380 251 JPLRS251
j0894K08B18T  r2008 07 07.730556C         1000                      251 JPLRS251
