     K08G21B* C2008 04 12.38708 13 34 39.00 +01 35 31.9          18.6 Vry6874703
     K08G21B  C2008 04 12.39260 13 34 41.62 +01 34 47.7          18.3 Vry6874703
     K08G21B  C2008 04 12.39818 13 34 44.25 +01 34 02.2          18.5 Vry6874703
     K08G21B  C2008 04 12.40375 13 34 46.81 +01 33 18.1          18.4 Vry6874703
     K08G21B  C2008 04 12.43142 13 34 59.84 +01 29 37.3          18.6 Vry6874703
     K08G21B  C2008 04 12.43839 13 35 02.97 +01 28 42.7          17.4 Vry6874703
     K08G21B  C2008 04 12.44540 13 35 06.57 +01 27 46.5          18.5 Vry6874703
     K08G21B  C2008 04 12.45241 13 35 09.85 +01 26 51.5          18.6 Vry6874703
     K08G21B 5C2008 04 12.47829 13 35 24.20 +01 23 19.5          18.8 Roy6874673
     K08G21B 5C2008 04 12.48248 13 35 26.14 +01 22 48.8                oy6874673
     K08G21B 5C2008 04 12.48581 13 35 27.90 +01 22 21.0                oy6874673
     K08G21B 5C2008 04 12.49306 13 35 31.30 +01 21 26.5                oy6874673
     K08G21B  C2008 04 12.93567 13 39 34.25 +00 29 03.6          19.1 Rry6874176
     K08G21B  C2008 04 12.93653 13 39 34.54 +00 28 57.9          18.8 Rry6874176
     K08G21B  C2008 04 12.93739 13 39 34.85 +00 28 52.4          19.0 Rry6874176
     K08G21B  C2008 04 12.93825 13 39 35.18 +00 28 46.8          19.1 Rry6874176
     K08G21B  C2008 04 12.93911 13 39 35.50 +00 28 41.4          19.0 Rry6874176
     K08G21B tC2008 04 14.20606 13 47 22.64 -01 20 20.1          19.8 Voy6874291
     K08G21B tC2008 04 14.21370 13 47 24.36 -01 20 51.7          19.8 Voy6874291
     K08G21B  C2008 04 14.22163 13 47 22.13 -01 21 47.9          19.1 Rry6874649
     K08G21B  C2008 04 14.22340 13 47 22.52 -01 21 55.2          18.9 Rry6874649
     K08G21B  C2008 04 14.22518 13 47 22.91 -01 22 02.5          19.1 Rry6874649
     K08G21B  C2008 04 14.22696 13 47 23.28 -01 22 09.8          19.4 Rry6874649
     K08G21B  C2008 04 15.22426113 51 33.17 -02 21 55.5          20.0 Voy6874H55
     K08G21B  C2008 04 15.22818713 51 33.77 -02 22 06.9                oy6874H55
     K08G21B  C2008 04 15.23188413 51 34.32 -02 22 19.4          20.0 Voy6874H55
     K08G21B  C2008 04 16.26932913 54 49.20 -03 09 32.5          19.5 Voy6874H55
     K08G21B  C2008 04 16.27198413 54 49.49 -03 09 38.2          19.5 Voy6874H55
     K08G21B  C2008 04 16.27461213 54 49.80 -03 09 44.9          20.1 Voy6874H55
     K08G21B HC2008 04 27.22900 14 07 42.44 -06 27 03.4                oy8218291
     K08G21B HC2008 04 27.23441 14 07 42.48 -06 27 06.6                oy8218291
     K08G21B HC2008 04 27.23995 14 07 42.47 -06 27 09.0                oy8218291
