     K08X01M  C2008 12 04.20208 03 53 04.35 +33 03 00.8          18.6  c~021I704
     K08X01M  C2008 12 04.21474 03 52 56.42 +33 03 04.8          18.5  c~021I704
     K08X01M  C2008 12 04.22742 03 52 48.60 +33 03 09.2          18.5  c~021I704
     K08X01M  C2008 12 04.24011 03 52 40.70 +33 03 13.1          18.6  c~021I704
     K08X01M* C2008 12 04.24125 03 52 40.33 +33 03 14.9          18.0 Vr~021I703
     K08X01M  C2008 12 04.24857 03 52 35.76 +33 03 16.9          18.1 Vr~021I703
     K08X01M  C2008 12 04.25603 03 52 31.04 +33 03 19.3          18.2 Vr~021I703
     K08X01M  C2008 12 04.26338 03 52 26.47 +33 03 20.9          18.1 Vr~021I703
     K08X01M  C2008 12 04.29991 03 52 03.41 +33 03 29.9          17.9 Vr~021I703
     K08X01M  C2008 12 04.30449 03 52 00.53 +33 03 30.9          18.0 Vr~021I703
     K08X01M  C2008 12 04.31898 03 51 51.06 +33 03 31.0          18.0 Rv~021IH01
     K08X01M  C2008 12 04.32050 03 51 50.08 +33 03 31.4          18.4 Rv~021IH01
     K08X01M  C2008 12 04.32319 03 51 48.39 +33 03 31.9          18.3 Rv~021IH01
     K08X01M  C2008 12 04.32542 03 51 46.99 +33 03 32.2          18.1 Rv~021IH01
     K08X01M  C2008 12 04.41076 03 50 53.12 +33 03 45.2          17.8 Rc~021I854
     K08X01M  C2008 12 04.41166 03 50 52.56 +33 03 46.4          17.8 Rc~021I854
     K08X01M  C2008 12 04.41346 03 50 51.43 +33 03 47.1          17.8 Rc~021I854
     K08X01M  C2008 12 05.11801 03 43 10.71 +33 05 45.0          19.2 Vo~02IoH55
     K08X01M  C2008 12 05.12064 03 43 08.78 +33 05 45.5          19.1 Vo~02IoH55
     K08X01M  C2008 12 05.12330 03 43 06.83 +33 05 45.9          19.0 Vo~02IoH55
     K08X01M tC2008 12 06.32706 03 26 54.88 +33 03 41.8                o~02Io291
     K08X01M tC2008 12 06.33958 03 26 43.16 +33 03 35.6                o~02Io291
     K08X01M tC2008 12 06.34414 03 26 38.79 +33 03 33.2                o~02Io291
     K08X01M  C2008 12 06.77204 03 19 56.15 +32 59 28.1          17.9 Rv~02IoJ66
     K08X01M  C2008 12 06.77642 03 19 51.69 +32 59 25.7          18.1 Rv~02IoJ66
     K08X01M  C2008 12 06.78081 03 19 47.17 +32 59 23.6          17.7 Rv~02IoJ66
     K08X01M  C2008 12 06.79151 03 19 36.22 +32 59 18.7          18.6 Rv~02IoJ66
     K08X01M  C2008 12 06.79590 03 19 31.81 +32 59 16.4          18.8 Rv~02IoJ66
     K08X01M  C2008 12 06.80468 03 19 22.72 +32 59 11.6          18.0 Rv~02IpJ66
     K08X01M  C2008 12 06.80907 03 19 18.22 +32 59 09.9          17.9 Rv~02IpJ66
     K08X01M  C2008 12 06.81346 03 19 13.78 +32 59 07.5          18.2 Rv~02IpJ66
     K08X01M  C2008 12 06.83300 03 18 53.56 +32 58 58.1                r~02IpJ95
     K08X01M  C2008 12 06.83506 03 18 51.42 +32 58 57.0                r~02IpJ95
     K08X01M  C2008 12 06.83802 03 18 48.35 +32 58 55.1          17.9 Rr~02IpJ95
     K08X01M  C2008 12 06.87752 03 18 06.35 +32 58 41.2                v~02N3204
     K08X01M  C2008 12 06.88152 03 18 02.13 +32 58 38.4                v~02N3204
     K08X01M  C2008 12 06.88502 03 17 58.43 +32 58 35.9                v~02N3204
     K08X01M  C2008 12 06.88859 03 17 54.64 +32 58 33.7          17.9 Rv~02N3204
     K08X01M  C2008 12 06.90773 03 17 34.27 +32 58 20.2          16.8 Rc~02Ip587
     K08X01M  C2008 12 06.90917 03 17 32.79 +32 58 19.6          16.9 Rc~02Ip587
     K08X01M  C2008 12 06.91044 03 17 31.41 +32 58 18.1          17.4 Rc~02Ip587
     K08X01M  C2008 12 06.91176 03 17 29.99 +32 58 16.9          17.4 Rc~02Ip587
     K08X01M  C2008 12 07.08587 03 14 29.98 +32 56 10.0          18.6 Rr~02IpH45
     K08X01M  C2008 12 07.08722 03 14 28.41 +32 56 09.6          18.2 Rr~02IpH45
     K08X01M  C2008 12 07.08790 03 14 27.65 +32 56 09.3          18.5 Rr~02IpH45
     K08X01M  C2008 12 07.08858 03 14 26.96 +32 56 08.6          18.5 Rr~02IpH45
     K08X01M  C2008 12 07.08983 03 14 25.56 +32 56 07.9          18.6 Rr~02IpH45
     K08X01M  C2008 12 07.09035 03 14 24.89 +32 56 07.5          18.2 Rr~02IpH45
     K08X01M  C2008 12 07.09183 03 14 23.31 +32 56 06.2          18.4 Rr~02IpH45
     K08X01M  C2008 12 07.09232 03 14 22.79 +32 56 06.0          18.2 Rr~02IpH45
     K08X01M  C2008 12 07.09530 03 14 19.51 +32 56 03.2          18.3 Rr~02IpH45
     K08X01M  C2008 12 07.10761 03 14 05.29 +32 55 48.9          18.0 Vo~02IpH55
     K08X01M  C2008 12 07.10999 03 14 02.60 +32 55 47.7          18.5 Vo~02IpH55
     K08X01M  C2008 12 07.11438 03 13 57.71 +32 55 44.1          18.0 Vo~02IpH55
     K08X01M  C2008 12 07.11743 03 13 54.31 +32 55 41.9          18.8 Vo~02IpH55
     K08X01M  C2008 12 07.19946 03 12 23.53 +32 54 40.0          18.1  c~02Ip704
     K08X01M  C2008 12 07.21076 03 12 10.75 +32 54 27.0          17.9 Rv~02IpH01
     K08X01M  C2008 12 07.21231 03 12 08.80 +32 54 28.0          18.5  c~02Ip704
     K08X01M  C2008 12 07.21289 03 12 08.31 +32 54 24.9          18.2 Rv~02IpH01
     K08X01M  C2008 12 07.21564 03 12 05.17 +32 54 22.3          18.1 Rv~02IpH01
     K08X01M  C2008 12 07.21889 03 12 01.44 +32 54 19.1          18.1 Rv~02IpH01
     K08X01M  C2008 12 07.22083 03 11 59.23 +32 54 17.4          18.1 Rv~02IpH01
     K08X01M  C2008 12 07.22508 03 11 54.16 +32 54 16.0          18.3  c~02Ip704
     K08X01M  C2008 12 07.23786 03 11 39.57 +32 54 01.9          18.5  c~02Ip704
     K08X01M  C2008 12 07.25077 03 11 24.54 +32 53 50.9          18.7  c~02Ip704
     K08X01M  C2008 12 07.71265 03 02 26.31 +32 43 56.3          18.3 Vo~02IpA78
     K08X01M  C2008 12 07.71847 03 02 18.99 +32 43 49.0          18.4 Vo~02IpA78
     K08X01M  C2008 12 07.72371 03 02 12.37 +32 43 42.5          18.3 Vo~02IpA78
     K08X01M  C2008 12 07.79850 03 00 36.54 +32 42 05.1          17.5 Cr~02IpA81
     K08X01M  C2008 12 07.80578 03 00 27.03 +32 41 54.4          17.7 Cr~02IpA81
     K08X01M  C2008 12 07.81306 03 00 17.57 +32 41 43.8          17.7 Cr~02IpA81
     K08X01M  C2008 12 07.92930 02 57 43.88 +32 38 28.9                r~02Ip203
     K08X01M  C2008 12 08.01349 02 55 50.17 +32 35 49.7                r~02Ip203
     K08X01M  C2008 12 08.06926 02 54 34.16 +32 33 54.9                r~02Ip203
     K08X01M  C2008 12 08.90430 02 33 47.02 +31 58 10.8                r~02N3203
     K08X01M  C2008 12 08.93393 02 32 56.71 +31 56 26.3                r~02N3203
     K08X01M  C2008 12 09.03059 02 30 11.44 +31 50 10.4          17.2 Cv~02IpB15
     K08X01M  C2008 12 09.03133 02 30 10.19 +31 50 07.7          17.3 Cv~02IpB15
     K08X01M  C2008 12 09.03178 02 30 09.42 +31 50 05.9          17.1 Cv~02IpB15
     K08X01M  C2008 12 11.04039 01 17 09.32 +27 46 26.9          17.9 Vo~02N3H55
     K08X01M  C2008 12 11.04208 01 17 04.64 +27 46 06.1          17.8 Vo~02N3H55
     K08X01M  C2008 12 11.04384 01 16 59.78 +27 45 44.5          18.0 Vo~02N3H55
     K08X01M  C2008 12 11.04508 01 16 56.39 +27 45 29.6          17.8 Vo~02N3H55
     K08X01M  C2008 12 11.04630 01 16 52.98 +27 45 14.3          17.8 Vo~02N3H55
     K08X01M  C2008 12 13.07912123 30 33.87 +16 33 30.4                o~02N3H55
     K08X01M  C2008 12 13.08099523 30 27.44 +16 32 37.8          18.2 Vo~02N3H55
     K08X01M  C2008 12 13.08284923 30 21.07 +16 31 47.3          18.3 Vo~02N3H55
     K08X01M  C2008 12 13.08467123 30 14.83 +16 30 57.8          18.1 Vo~02N3H55
     K08X01M  C2008 12 13.08649123 30 08.56 +16 30 07.9          18.2 Vo~02N3H55
     K08X01M  C2008 12 13.08831523 30 02.31 +16 29 18.3          18.4 Vo~02N3H55
