     K08W32W* C2008 11 21.12895 22 52 22.90 -05 55 17.9          21.0 Vr~01htG96
     K08W32W  C2008 11 21.13460 22 52 23.52 -05 54 58.1          21.1 Vr~01htG96
     K08W32W  C2008 11 21.14027 22 52 24.09 -05 54 38.6          20.4 Vr~01htG96
     K08W32W  C2008 11 21.14587 22 52 24.67 -05 54 18.8          20.8 Vr~01htG96
     K08W32W  C2008 11 21.15679 22 52 25.75 -05 53 42.0          21.9 Vr~01htG96
     K08W32W  C2008 11 21.15733 22 52 25.89 -05 53 39.4          21.0 Vr~01htG96
     K08W32W  C2008 11 21.15786 22 52 25.93 -05 53 37.8          21.3 Vr~01htG96
     K08W32W  C2008 11 21.15839 22 52 26.04 -05 53 35.8          21.4 Vr~01htG96
     K08W32W  C2008 11 21.19080 22 52 29.54 -05 51 43.3          21.8 Vr~01htG96
     K08W32W  C2008 11 22.16138 22 54 24.69 -04 55 26.1          20.5 Rr~01ht682
     K08W32W HC2008 11 22.16407 22 54 24.86 -04 55 15.9                o~01ht291
     K08W32W HC2008 11 22.16786 22 54 25.22 -04 55 02.4                o~01ht291
     K08W32W HC2008 11 22.17155 22 54 25.69 -04 54 51.2                o~01ht291
     K08W32W  C2008 11 22.20561 22 54 29.59 -04 52 52.1          20.2 Rr~01ht682
     K08W32W  C2008 11 24.03353 22 58 16.80 -03 04 52.2          19.9 Vo~01htH55
     K08W32W  C2008 11 24.04320 22 58 17.95 -03 04 19.3          20.8 Vo~01htH55
     K08W32W  C2008 11 24.05342 22 58 19.11 -03 03 42.3          20.5 Vo~01htH55
     K08W32W tC2008 11 24.11572 22 58 27.11 -02 59 56.5          20.9 Vo~01ht291
     K08W32W tC2008 11 24.12341 22 58 27.98 -02 59 28.2          21.1 Vo~01ht291
     K08W32W  C2008 11 25.80281 23 02 08.12 -01 18 09.1                r~01htJ95
     K08W32W  C2008 11 25.83282 23 02 11.90 -01 16 18.3          21.3 Rr~01htJ95
     K08W32W  C2008 11 30.11191 23 12 23.58 +03 10 31.2          20.5 Vo~020p291
     K08W32W  C2008 11 30.11564 23 12 24.13 +03 10 45.0          20.6 Vo~020p291
     K08W32W  C2008 11 30.11813 23 12 24.51 +03 10 55.9          20.4 Vr~020pG96
     K08W32W  C2008 11 30.11934 23 12 24.66 +03 11 00.9          20.8 Vo~020p291
     K08W32W  C2008 11 30.12322 23 12 25.23 +03 11 15.7          20.5 Vr~020pG96
     K08W32W  C2008 11 30.12823 23 12 25.92 +03 11 34.8          20.9 Vr~020pG96
     K08W32W  C2008 11 30.13327 23 12 26.64 +03 11 54.4          20.3 Vr~020pG96
