i7977K08CB9C* C2008 02 12.46986 14 10 20.17 -07 32 13.4          19.3  cx7794704
i7977K08CB9C  C2008 02 12.48217 14 10 20.00 -07 32 50.7          19.5  cx7794704
i7977K08CB9C  C2008 02 12.49444 14 10 19.71 -07 33 27.7          19.5  cx7794704
i7977K08CB9C  C2008 02 13.43206 14 10 07.08 -08 20 23.1          19.1 Rrx7794734
i7977K08CB9C  C2008 02 13.43362 14 10 07.08 -08 20 29.0          19.4 Rrx7794734
i7977K08CB9C  C2008 02 13.43666 14 10 06.99 -08 20 38.6          19.1 Rrx7794734
i7977K08CB9C  C2008 02 13.43817 14 10 06.93 -08 20 42.6          19.0 Rrx7794734
i7977K08CB9C  C2008 02 14.36121114 09 51.24 -09 06 55.8          19.4 Vox7794H55
i7977K08CB9C  C2008 02 14.36436314 09 51.19 -09 07 05.6          19.8 Vox7794H55
i7977K08CB9C  C2008 02 14.36753914 09 51.12 -09 07 15.0          19.4 Vox7794H55
i7977K08CB9C 2C2008 02 27.57296913 59 22.798-19 58 59.80         18.7 Roy0884568
i7977K08CB9C 2C2008 02 27.57339513 59 22.757-19 59 01.05         18.7 Roy0884568
i7977K08CB9C 2C2008 02 27.57549213 59 22.578-19 59 07.03         18.8 Roy0884568
i7977K08CB9C  C2008 03 11.65625 13 35 53.40 -29 25 14.7          19.7 Roy2272474
i7977K08CB9C  C2008 03 11.65822 13 35 53.11 -29 25 19.3          19.6 Roy2272474
i7977K08CB9C  C2008 03 11.66007 13 35 52.87 -29 25 23.0          19.8 Roy2272474
i7977K08CB9C  C2008 03 11.72278 13 35 44.30 -29 27 48.1          18.9 Vry2272E12
i7977K08CB9C  C2008 03 11.73314 13 35 42.75 -29 28 11.8          19.0 Vry2272E12
i7977K08CB9C  C2008 03 11.74354 13 35 41.31 -29 28 34.7          18.8 Vry2272E12
i7977K08CB9C  C2008 03 11.75393 13 35 39.80 -29 28 58.9          18.8 Vry2272E12
i7977K08CB9C  C2008 04 02.42776 12 39 31.76 -38 20 42.7          19.7 Vry4809F85
i7977K08CB9C  C2008 04 02.45294 12 39 27.74 -38 20 59.4          19.3 Vry4809F85
i7977K08CB9C  C2008 04 02.47993 12 39 23.48 -38 21 17.4          19.6 Vry4809F85
i7977K08CB9C .C2012 02 28.84324 04 26 42.65 +54 48 24.6          19.6 Rv~0e7n950
i7977K08CB9C .C2012 02 28.84493 04 26 43.31 +54 48 21.7          20.0 Rv~0e7n950
i7977K08CB9C .C2012 02 28.84663 04 26 44.04 +54 48 18.9          19.9 Rv~0e7n950
i7977K08CB9C .C2012 02 28.84833 04 26 44.75 +54 48 16.3          20.1 Rv~0e7n950
i7977K08CB9C KC2012 03 13.90579 05 58 42.73 +46 00 12.9          19.3 Rt~0euZ204
i7977K08CB9C KC2012 03 13.92004 05 58 47.63 +45 59 33.0                t~0euZ204
i7977K08CB9C KC2012 04 10.09326 08 00 49.56 +22 57 21.9          20.1 Vu~0fi6H21
i7977K08CB9C KC2012 04 10.09999 08 00 50.93 +22 57 02.1          20.3 Vu~0fi6H21
i7977K08CB9C KC2012 04 10.10579 08 00 52.12 +22 56 45.0          20.7 Vu~0fi6H21
i7977K08CB9C  C2012 04 11.12200 08 04 19.99 +22 07 52.7          19.7 Vr~0gMi703
i7977K08CB9C  C2012 04 11.12862 08 04 21.28 +22 07 32.4          20.2 Vr~0gMi703
i7977K08CB9C  C2012 04 11.13510 08 04 22.58 +22 07 13.7          20.2 Vr~0gMi703
i7977K08CB9C  C2012 04 11.14168 08 04 23.91 +22 06 54.3          20.2 Vr~0gMi703
i7977K08CB9C KC2015 09 06.35848401 04 12.46 +19 35 27.3          22.4 Vu~1WjFH21
i7977K08CB9C KC2015 09 06.37719501 04 11.53 +19 35 36.9          22.8 Vu~1WjFH21
i7977K08CB9C KC2015 09 06.39672501 04 10.57 +19 35 46.8          22.5 Vu~1WjFH21
i7977K08CB9C "C2015 10 02.28509600 31 27.92 +22 31 07.5          21.3 Rt~1acL705
i7977K08CB9C "C2015 10 02.28638900 31 27.79 +22 31 07.9          21.7 Rt~1acL705
i7977K08CB9C "C2015 10 02.28768400 31 27.67 +22 31 08.2          21.7 Rt~1acL705
