     K08Y29E* C2008 12 30.22562 04 36 29.73 +04 16 50.0          18.9 Vr~02k8703
     K08Y29E  C2008 12 30.23165 04 36 29.44 +04 16 51.2          19.3 Vr~02k8703
     K08Y29E  C2008 12 30.23777 04 36 29.01 +04 16 53.1          18.7 Vr~02k8703
     K08Y29E  C2008 12 30.24371 04 36 28.72 +04 16 55.3          18.7 Vr~02k8703
     K08Y29E  C2008 12 30.28069 04 36 26.54 +04 17 04.7          18.9 Rv~02k8H01
     K08Y29E  C2008 12 30.28763 04 36 26.16 +04 17 06.8          18.9 Rv~02k8H01
     K08Y29E  C2008 12 30.29269 04 36 25.88 +04 17 08.2          18.9 Rv~02k8H01
     K08Y29E  C2008 12 30.29652 04 36 25.69 +04 17 10.2          19.3 Rc~02k8854
     K08Y29E  C2008 12 30.29743 04 36 25.61 +04 17 09.7          18.8 Rv~02k8H01
     K08Y29E  C2008 12 30.30227 04 36 25.43 +04 17 12.2          19.3 Rc~02k8854
     K08Y29E  C2008 12 30.30802 04 36 25.11 +04 17 14.3          19.3 Rc~02k8854
     K08Y29E %C2008 12 30.35529 04 36 22.48 +04 17 27.5          19.4 Rr~02k8H06
     K08Y29E %C2008 12 30.37379 04 36 21.51 +04 17 32.7          19.3 Rr~02k8H06
     K08Y29E %C2008 12 30.39327 04 36 20.49 +04 17 39.2          19.1 Rr~02k8H06
     K08Y29E  C2008 12 30.73068 04 36 07.32 +04 19 16.6          19.2 Rr~02k8113
     K08Y29E  C2008 12 30.73574 04 36 07.23 +04 19 20.4          19.3 Vc~02k8104
     K08Y29E  C2008 12 30.74004 04 36 06.80 +04 19 20.1          19.4 Rr~02k8113
     K08Y29E  C2008 12 30.74919 04 36 06.60 +04 19 25.3          19.3 Vc~02k8104
     K08Y29E  C2008 12 30.74940 04 36 06.34 +04 19 24.0          19.5 Rr~02k8113
     K08Y29E  C2008 12 30.75954 04 36 06.02 +04 19 28.3          19.5 Vc~02k8104
     K08Y29E  C2008 12 30.77346 04 36 05.11 +04 19 30.4          19.1 Cr~02k8B15
     K08Y29E  C2008 12 30.77570 04 36 05.01 +04 19 31.1          19.0 Cr~02k8B15
     K08Y29E  C2008 12 30.77794 04 36 04.89 +04 19 31.6          19.2 Cr~02k8B15
     K08Y29E  C2008 12 30.78018 04 36 04.78 +04 19 32.1          19.1 Cr~02k8B15
     K08Y29E  C2008 12 30.78335 04 36 04.72 +04 19 34.6          18.9 Vo~02k8611
     K08Y29E  C2008 12 30.78659 04 36 04.60 +04 19 35.7          19.0 Vo~02k8611
     K08Y29E  C2008 12 30.79044 04 36 04.40 +04 19 37.1          18.9 Vo~02k8611
     K08Y29E  C2008 12 30.82659 04 36 02.46 +04 19 47.6          19.0 Vo~02k8A74
     K08Y29E  C2008 12 30.82804 04 36 02.44 +04 19 48.6          19.4 Vr~02k8A17
     K08Y29E  C2008 12 30.84024 04 36 01.78 +04 19 52.8          19.2 Vr~02k8A17
     K08Y29E  C2008 12 30.84789 04 36 01.42 +04 19 55.1          20.1 Vo~02k8A74
     K08Y29E  C2008 12 30.85221 04 36 01.14 +04 19 56.9          18.9 Vr~02k8A17
     K08Y29E  C2008 12 30.86918 04 36 00.27 +04 20 02.0          19.8 Vo~02k8A74
     K08Y29E  C2008 12 31.12039 04 35 49.71 +04 21 31.8          19.2 Vo~02k8291
     K08Y29E  C2008 12 31.12587 04 35 49.42 +04 21 33.7          19.2 Vo~02k8291
     K08Y29E  C2008 12 31.13205 04 35 49.08 +04 21 35.8          19.2 Vo~02k8291
     K08Y29E  C2009 01 01.18396 04 35 02.64 +04 27 53.8          19.1 Vo~02k8291
     K08Y29E  C2009 01 01.19616 04 35 02.01 +04 27 58.4          19.1 Vo~02k8291
     K08Y29E  C2009 01 01.20229 04 35 01.69 +04 28 00.8          19.2 Vo~02k8291
     K08Y29E  C2009 01 01.21970 04 35 00.17 +04 28 04.1          19.7 Vo~02k8H55
     K08Y29E  C2009 01 01.22816 04 34 59.75 +04 28 07.4          18.9 Vo~02k8H55
     K08Y29E  C2009 01 01.23259 04 34 59.52 +04 28 09.0          19.5 Vo~02k8H55
     K08Y29E  C2009 01 02.22230 04 34 19.47 +04 34 55.3          19.3 Vo~02k8291
     K08Y29E  C2009 01 02.22775 04 34 19.20 +04 34 57.6          19.3 Vo~02k8291
     K08Y29E  C2009 01 02.23319 04 34 18.93 +04 35 00.0          19.3 Vo~02k8291
     K08Y29E  C2009 01 03.15376 04 33 44.02 +04 41 54.2          18.7 Rr~034t448
     K08Y29E  C2009 01 03.16365 04 33 43.55 +04 41 59.2          18.9 Rr~034t448
     K08Y29E  C2009 01 03.16942 04 33 43.42 +04 42 02.3          19.2 Vo~034t291
     K08Y29E  C2009 01 03.17354 04 33 43.09 +04 42 03.7          18.8 Rr~034t448
     K08Y29E  C2009 01 03.17479 04 33 43.16 +04 42 04.9          19.3 Vo~034t291
     K08Y29E  C2009 01 03.18014 04 33 42.91 +04 42 07.5          19.4 Vo~034t291
     K08Y29E  C2009 01 07.20999 04 31 36.42 +05 20 17.7          19.1 Rr~034t448
     K08Y29E  C2009 01 07.21948 04 31 36.07 +05 20 24.3          18.8 Rr~034t448
     K08Y29E  C2009 01 07.22940 04 31 35.69 +05 20 30.9          19.3 Rr~034t448
     K08Y29E  C2009 01 09.22633 04 30 53.24 +05 44 17.6          19.7 Vo~034tH55
     K08Y29E  C2009 01 09.22744 04 30 53.21 +05 44 18.3          19.3 Vo~034tH55
     K08Y29E  C2009 01 09.23052 04 30 53.11 +05 44 20.9          19.5 Vo~034tH55
     K08Y29E  C2009 01 12.21650 04 30 19.42 +06 26 25.1          19.4 Rr~03Ke448
     K08Y29E  C2009 01 12.22560 04 30 19.33 +06 26 34.1          18.8 Rr~03Ke448
     K08Y29E  C2009 01 12.23524 04 30 19.17 +06 26 42.7          18.4 Rr~03Ke448
     K08Y29E  C2009 01 16.14012704 30 33.78 +07 33 43.9          19.5 Vo~03KeH55
     K08Y29E  C2009 01 16.14379504 30 33.78 +07 33 46.6          19.5 Vo~03KeH55
     K08Y29E  C2009 01 16.14896604 30 33.79 +07 33 53.1          20.1 Vo~03KeH55
     K08Y29E  C2009 01 16.20212 04 30 34.43 +07 34 57.8          19.1 Rr~03Ke448
     K08Y29E  C2009 01 16.21106 04 30 34.45 +07 35 07.6          19.0 Rr~03Ke448
     K08Y29E  C2009 01 16.21952 04 30 34.46 +07 35 17.0          18.9 Rr~03Ke448
     K08Y29E  C2009 01 17.17521 04 30 50.59 +07 53 54.6          18.7 Vo~03KeG56
     K08Y29E  C2009 01 17.18142 04 30 50.62 +07 54 01.3          19.0 Vo~03KeG56
     K08Y29E  C2009 01 17.18785 04 30 50.71 +07 54 04.1          19.2 Vo~03KeG56
     K08Y29E  C2009 01 18.07038 04 31 09.33 +08 12 13.0          18.9 Rr~03KeH45
     K08Y29E  C2009 01 18.07197 04 31 09.34 +08 12 14.8          18.8 Rr~03KeH45
     K08Y29E  C2009 01 18.07369 04 31 09.38 +08 12 17.1          18.9 Rr~03KeH45
     K08Y29E  C2009 01 18.07616 04 31 09.40 +08 12 20.3          18.7 Rr~03KeH45
     K08Y29E  C2009 01 18.08006 04 31 09.41 +08 12 25.2          18.9 Rr~03KeH45
     K08Y29E  C2009 01 18.08130 04 31 09.43 +08 12 26.9          18.7 Rr~03KeH45
     K08Y29E  C2009 01 23.06145904 34 16.30 +10 09 00.4          19.7 Vo~03KeH55
     K08Y29E  C2009 01 23.06581404 34 16.44 +10 09 06.4          19.9 Vo~03KeH55
     K08Y29E  C2009 01 23.06859404 34 16.55 +10 09 11.1          20.1 Vo~03KeH55
     K08Y29E  C2009 01 26.15144 04 37 31.93 +11 34 37.8          19.0  c~03Ke704
     K08Y29E  C2009 01 26.16360 04 37 32.74 +11 34 59.5          19.1  c~03Ke704
     K08Y29E  C2009 01 26.17591 04 37 33.53 +11 35 19.7          19.4  c~03Ke704
     K08Y29E  C2009 01 26.18804 04 37 34.23 +11 35 42.4          19.4  c~03Ke704
     K08Y29E  C2009 01 29.02355804 41 38.93 +13 03 41.6          19.6 Vo~03KeH55
     K08Y29E  C2009 01 29.02749004 41 39.24 +13 03 49.4          19.4 Vo~03KeH55
     K08Y29E  C2009 01 29.03039404 41 39.49 +13 03 55.1          19.3 Vo~03KeH55
     K08Y29E  C2009 01 29.18576 04 41 53.37 +13 09 05.0          18.7 Vr~03Ke703
     K08Y29E  C2009 01 29.19161 04 41 53.88 +13 09 17.2          18.7 Vr~03Ke703
     K08Y29E  C2009 01 29.20324 04 41 54.81 +13 09 39.2          19.0 Vr~03Ke703
     K08Y29E  C2009 01 30.73540 04 44 37.73 +14 01 19.1          19.3 Vo~03KeA78
     K08Y29E  C2009 01 30.74666 04 44 38.87 +14 01 42.4          18.9 Vo~03KeA78
     K08Y29E  C2009 01 30.75019 04 44 39.21 +14 01 50.4          19.7 Vo~03KeA78
     K08Y29E  C2009 01 31.12661104 45 20.66 +14 15 02.4                o~03KeH55
     K08Y29E  C2009 01 31.12960004 45 20.96 +14 15 08.8                o~03KeH55
     K08Y29E  C2009 01 31.13258904 45 21.26 +14 15 15.0                o~03KeH55
     K08Y29E  C2009 01 31.14475 04 45 23.70 +14 15 41.1          18.1 Vo~03KeG56
     K08Y29E  C2009 01 31.15051 04 45 24.40 +14 15 53.2          18.7 Vo~03KeG56
     K08Y29E  C2009 01 31.17303 04 45 26.67 +14 16 41.0          18.3 Vo~03KeG56
     K08Y29E  C2009 02 05.08237104 56 51.70 +17 24 02.9          20.3 Vo~03KeH55
     K08Y29E  C2009 02 05.08491304 56 52.09 +17 24 08.4          19.9 Vo~03KeH55
     K08Y29E  C2009 02 05.08746004 56 52.43 +17 24 14.9          20.1 Vo~03KeH55
     K08Y29E  C2009 02 09.06024505 09 20.45 +20 16 58.5          20.1 Vo~04FZH55
     K08Y29E  C2009 02 09.06551805 09 21.48 +20 17 13.5          19.9 Vo~04FZH55
     K08Y29E  C2009 02 09.07092305 09 22.54 +20 17 28.2          19.8 Vo~04FZH55
     K08Y29E  C2009 02 09.85903 05 12 13.45 +20 53 48.9          19.6 Vc~04FZ560
     K08Y29E  C2009 02 09.86145 05 12 13.93 +20 53 55.6          19.8 Vc~04FZ560
     K08Y29E  C2009 02 09.86266 05 12 14.18 +20 53 59.0          19.8 Vc~04FZ560
     K08Y29E  C2009 02 13.09785905 25 31.32 +23 30 18.2          19.0 Vo~04JJH55
     K08Y29E  C2009 02 13.10072505 25 32.04 +23 30 26.7          18.7 Vo~04JJH55
     K08Y29E  C2009 02 13.10533105 25 33.22 +23 30 40.5          18.2 Vo~04JJH55
     K08Y29E  C2009 02 13.88208 05 29 07.21 +24 09 30.7          18.7 Vc~04JJA48
     K08Y29E  C2009 02 13.88503 05 29 08.05 +24 09 39.1          18.7 Vc~04JJA48
     K08Y29E  C2009 02 13.88798 05 29 08.82 +24 09 48.1          18.8 Vc~04JJA48
     K08Y29E  C2009 02 13.89093 05 29 09.53 +24 09 56.3          18.7 Vc~04JJA48
     K08Y29E  C2009 02 14.89056 05 34 00.48 +25 00 44.1                v~04JJ204
     K08Y29E  C2009 02 14.89581 05 34 01.93 +25 01 00.5          18.0 Cv~04JJ204
     K08Y29E  C2009 02 17.81542 05 49 50.91 +27 32 31.0          18.5 Rr~04JJ130
     K08Y29E  C2009 02 17.81692 05 49 51.43 +27 32 36.0          18.4 Rr~04JJ130
     K08Y29E  C2009 02 17.81843 05 49 51.87 +27 32 40.2          19.4 Rr~04JJ130
     K08Y29E  C2009 02 17.81993 05 49 52.43 +27 32 44.6          18.8 Rr~04JJ130
     K08Y29E  C2009 02 21.16237 06 11 11.94 +30 27 25.6          18.8  c~04aj704
     K08Y29E  C2009 02 21.17406 06 11 16.56 +30 28 02.3          18.8  c~04aj704
     K08Y29E  C2009 02 21.18565 06 11 21.13 +30 28 37.2          18.7  c~04aj704
     K08Y29E  C2009 02 21.19751 06 11 25.83 +30 29 13.1          18.6  c~04aj704
     K08Y29E  C2009 02 22.28655 06 19 09.25 +31 24 42.2          18.3 Rr~04ajH45
     K08Y29E  C2009 02 22.28769 06 19 09.74 +31 24 45.3          18.3 Rr~04ajH45
     K08Y29E  C2009 02 22.28973 06 19 10.61 +31 24 51.3          18.7 Rr~04ajH45
     K08Y29E  C2009 02 22.29042 06 19 10.92 +31 24 53.5          18.6 Rr~04ajH45
     K08Y29E  C2009 02 22.29165 06 19 11.43 +31 24 56.7          18.4 Rr~04ajH45
     K08Y29E  C2009 02 27.92623 07 05 37.70 +35 45 19.6          18.2 Rw~04scB74
     K08Y29E  C2009 02 27.93141 07 05 40.43 +35 45 31.6          18.0 Rw~04scB74
     K08Y29E  C2009 02 28.85576 07 14 13.69 +36 21 09.0          18.5 Rc~04scA41
     K08Y29E  C2009 02 28.86782 07 14 20.38 +36 21 35.2          18.7 Rc~04scA41
     K08Y29E  C2009 02 28.88001 07 14 26.75 +36 22 01.6          18.9 Rc~04scA41
     K08Y29E  C2009 03 12.09068709 06 37.07 +39 17 06.7          18.2 Vo~057UH55
     K08Y29E  C2009 03 12.09375009 06 38.78 +39 17 05.8          18.2 Vo~057UH55
     K08Y29E  C2009 03 12.09648009 06 40.31 +39 17 04.8          18.2 Vo~057UH55
     K08Y29E  C2009 03 13.81235 09 23 00.76 +38 59 59.5          18.3 Rr~05J1B90
     K08Y29E  C2009 03 13.82888 09 23 09.72 +38 59 47.6          18.5 Rr~05J1B90
     K08Y29E  C2009 03 13.83178 09 23 11.26 +38 59 45.4          18.4 Rr~05J1B90
     K08Y29E  C2009 03 13.84676 09 23 19.34 +38 59 34.6          18.4 Rr~05J1B90
     K08Y29E  C2009 03 20.30388 10 17 14.88 +36 40 35.1          18.6 Rr~05J1H45
     K08Y29E  C2009 03 20.30532 10 17 15.56 +36 40 32.6          18.5 Rr~05J1H45
     K08Y29E  C2009 03 20.30637 10 17 15.96 +36 40 30.3          18.4 Rr~05J1H45
     K08Y29E  C2009 03 20.30725 10 17 16.39 +36 40 28.6          18.4 Rr~05J1H45
     K08Y29E  C2009 03 20.30876 10 17 17.01 +36 40 26.3          18.7 Rr~05J1H45
     K08Y29E  C2009 03 21.29926 10 24 25.27 +36 11 47.6          18.3 Vr~05YO703
     K08Y29E  C2009 03 21.30416 10 24 27.21 +36 11 37.7          18.4 Vr~05YO703
     K08Y29E  C2009 03 21.30902 10 24 29.23 +36 11 29.3          18.4 Vr~05YO703
     K08Y29E  C2009 03 21.31393 10 24 31.14 +36 11 20.9          18.4 Vr~05YO703
     K08Y29E  C2009 03 22.94188 10 35 33.83 +35 21 09.4          18.2 Rr~05YO130
     K08Y29E  C2009 03 22.94527 10 35 35.12 +35 21 03.5          18.0 Rr~05YO130
     K08Y29E  C2009 03 22.94753 10 35 35.97 +35 20 58.7          18.2 Rr~05YO130
     K08Y29E  C2009 03 22.94992 10 35 36.83 +35 20 54.3          18.4 Rr~05YO130
     K08Y29E  C2009 03 24.89022 10 47 44.08 +34 17 56.4          18.4 Co~05YOB88
     K08Y29E  C2009 03 24.90151 10 47 47.91 +34 17 33.3          18.3 Co~05YOB88
     K08Y29E  C2009 03 24.91267 10 47 51.75 +34 17 11.9          18.3 Co~05YOB88
     K08Y29E  C2009 03 30.84289 11 18 36.71 +30 53 37.9          17.9 Vr~05tDB60
     K08Y29E  C2009 03 30.86677 11 18 42.91 +30 52 48.8          18.2 Vr~05tDB60
     K08Y29E  C2009 03 30.89379 11 18 49.93 +30 51 53.4          18.1 Vr~05tDB60
     K08Y29E  C2009 04 03.21354 11 32 36.27 +28 57 18.0          18.3 Vr~06BW703
     K08Y29E  C2009 04 03.21839 11 32 37.28 +28 57 08.4          18.6 Vr~06BW703
     K08Y29E  C2009 04 03.22329 11 32 38.29 +28 56 58.0          18.8 Vr~06BW703
     K08Y29E  C2009 04 03.22811 11 32 39.37 +28 56 48.9          18.7 Vr~06BW703
     K08Y29E  C2009 04 04.15927 11 36 09.61 +28 24 57.6          19.3 Rr~068LH45
     K08Y29E  C2009 04 04.16604 11 36 10.98 +28 24 43.6          19.3 Rr~068LH45
     K08Y29E  C2009 04 04.16755 11 36 11.38 +28 24 40.5          19.1 Rr~068LH45
     K08Y29E  C2009 04 04.16895 11 36 11.59 +28 24 38.3          19.3 Rr~068LH45
     K08Y29E  C2009 04 04.17023 11 36 11.86 +28 24 35.1          19.2 Rr~068LH45
     K08Y29E  C2009 04 04.17155 11 36 12.20 +28 24 33.2          19.1 Rr~068LH45
     K08Y29E  C2009 04 08.21384611 49 49.22 +26 09 28.9          19.3 Vo~06BWH55
     K08Y29E  C2009 04 08.21597411 49 49.56 +26 09 24.2          19.4 Vo~06BWH55
     K08Y29E  C2009 04 08.21734 11 49 49.81 +26 09 21.9          19.7 Vo~06BWH55
     K08Y29E  C2009 04 08.22038011 49 50.31 +26 09 15.4          19.0 Vo~06BWH55
     K08Y29E  C2009 04 09.22454311 52 52.54 +25 36 37.3          19.1 Vo~06BWH55
     K08Y29E  C2009 04 09.22898911 52 53.27 +25 36 28.4          19.0 Vo~06BWH55
     K08Y29E  C2009 04 09.23309511 52 53.96 +25 36 20.6          19.1 Vo~06BWH55
     K08Y29E  C2009 04 27.29953 12 32 35.84 +16 56 47.5          20.1 Vr~06gy703
     K08Y29E  C2009 04 27.30601 12 32 36.38 +16 56 39.6          19.8 Vr~06gy703
     K08Y29E  C2009 04 27.31273 12 32 37.17 +16 56 29.5          20.3 Vr~06gy703
     K08Y29E  C2009 04 27.31931 12 32 37.60 +16 56 18.5          19.6 Vr~06gy703
     K08Y29E  C2009 05 23.15570 13 09 27.68 +07 31 45.2          22.1 Vo~078wH55
     K08Y29E  C2009 05 23.17080 13 09 28.85 +07 31 27.1          21.9 Vo~078wH55
     K08Y29E  C2009 05 23.18624 13 09 29.94 +07 31 10.1                o~078wH55
