     K08B16O* C2008 01 30.38083 11 30 37.65 +04 05 58.8          19.7 Vrx5582G96
     K08B16O  C2008 01 30.38762 11 30 31.93 +04 06 56.7          19.9 Vrx5582G96
     K08B16O  C2008 01 30.39448 11 30 26.10 +04 07 55.2          20.1 Vrx5582G96
     K08B16O  C2008 01 30.40120 11 30 20.44 +04 08 52.3          20.0 Vrx5582G96
     K08B16O  C2008 01 30.44373 11 29 44.69 +04 14 52.9                rx5582G96
     K08B16O  C2008 01 30.45315 11 29 36.65 +04 16 13.3                rx5582G96
     K08B16O  C2008 01 30.46256 11 29 28.77 +04 17 32.9                rx5582G96
     K08B16O  C2008 01 30.47206 11 29 20.84 +04 18 52.8                rx5582G96
     K08B16O tC2008 01 31.29582 11 18 39.84 +06 09 07.5          20.7 Vox5582291
     K08B16O tC2008 01 31.29964 11 18 37.10 +06 09 34.1          20.1 Vox5582291
     K08B16O tC2008 01 31.30330 11 18 34.26 +06 10 03.7          20.5 Vox5582291
     K08B16O tC2008 02 01.30557 11 06 42.94 +08 09 34.9          21.1 Vox5582291
     K08B16O tC2008 02 01.30950 11 06 40.22 +08 10 00.1          21.1 Vox5582291
     K08B16O tC2008 02 01.31316 11 06 37.74 +08 10 25.3          21.1 Vox5582291
     K08B16O  C2008 02 02.03704 10 58 48.36 +09 27 22.8                rx6384J95
     K08B16O  C2008 02 02.04122 10 58 45.72 +09 27 47.8                rx6384J95
     K08B16O  C2008 02 02.04538 10 58 43.12 +09 28 14.3          20.4 Rrx6384J95
     K08B16O tC2008 02 02.27801 10 56 21.35 +09 51 45.7          20.7 Vox6384291
     K08B16O tC2008 02 02.28251 10 56 18.55 +09 52 12.2          20.7 Vox6384291
     K08B16O tC2008 02 02.28652 10 56 16.03 +09 52 36.1          20.8 Vox6384291
     K08B16O tC2008 02 03.26737 10 46 50.14 +11 23 21.4          20.5 Vox6384691
     K08B16O tC2008 02 03.28502 10 46 40.33 +11 24 52.6          20.3 Vox6384691
     K08B16O tC2008 02 03.30267 10 46 30.26 +11 26 26.9          20.4 Vox6384691
     K08B16O  C2008 02 03.33556410 46 10.70 +11 29 12.4          20.2 Vox6384H55
     K08B16O  C2008 02 03.33927110 46 08.65 +11 29 32.3          20.5 Vox6384H55
     K08B16O  C2008 02 03.34322410 46 06.39 +11 29 52.0          20.4 Vox6384H55
     K08B16O  C2008 02 03.34719210 46 04.23 +11 30 12.1          20.3 Vox6384H55
     K08B16O  C2008 02 05.92527 10 25 30.12 +14 39 06.7          20.2 Rrx6384176
     K08B16O  C2008 02 05.92682 10 25 29.48 +14 39 12.5          20.3 Rrx6384176
     K08B16O  C2008 02 05.92838 10 25 28.80 +14 39 18.5          20.1 Rrx6384176
     K08B16O  C2008 02 05.95158 10 25 18.75 +14 40 46.3          20.2 Rrx6384176
     K08B16O  C2008 02 05.95314 10 25 18.04 +14 40 52.6          20.1 Rrx6384176
     K08B16O  C2008 02 06.29293 10 22 57.43 +15 01 32.5          20.7 Vox6384291
     K08B16O  C2008 02 06.29688 10 22 55.76 +15 01 46.8          20.9 Vox6384291
     K08B16O  C2008 02 06.30068 10 22 54.15 +15 02 00.6          20.5 Vox6384291
     K08B16O tC2008 02 07.25059 10 16 45.83 +15 55 06.8          21.0 Vox6384691
     K08B16O tC2008 02 07.26823 10 16 38.92 +15 56 04.7          20.4 Vox6384691
     K08B16O tC2008 02 07.27347 10 16 36.88 +15 56 21.8          21.5 Vox6384291
     K08B16O tC2008 02 07.27754 10 16 35.37 +15 56 33.8          21.4 Vox6384291
     K08B16O tC2008 02 07.28587 10 16 32.16 +15 57 00.5          20.9 Vox6384691
     K08B16O HC2008 02 08.29359 10 10 35.91 +16 46 54.5                ox6384291
     K08B16O  C2008 02 08.30347 10 10 32.49 +16 47 23.4          20.9 Vox6384291
     K08B16O  C2008 02 08.30803 10 10 30.84 +16 47 36.5          20.8 Vox6384291
     K08B16O  C2008 02 09.45608 10 04 22.00 +17 37 33.3          21.1 Vox7684291
     K08B16O  C2008 02 09.45994 10 04 20.74 +17 37 43.2          20.8 Vox7684291
     K08B16O  C2008 02 09.46380 10 04 19.58 +17 37 52.3          21.0 Vox7684291
     K08B16O  C2008 02 10.36954 09 59 56.74 +18 12 53.6                ox7684291
     K08B16O  C2008 02 10.37365 09 59 55.60 +18 13 02.3                ox7684291
     K08B16O  C2008 02 10.37778 09 59 54.32 +18 13 11.6                ox7684291
     K08B16O  C2008 02 11.18923 09 56 17.33 +18 41 33.2          20.7 Vox7684291
     K08B16O  C2008 02 11.19331 09 56 16.28 +18 41 41.3          20.8 Vox7684291
     K08B16O  C2008 02 11.19721 09 56 15.23 +18 41 49.1          20.7 Vox7684291
     K08B16O  C2008 02 12.19601 09 52 06.19 +19 13 23.4          20.7 Vox7684291
     K08B16O  C2008 02 12.21306 09 52 01.97 +19 13 55.1          20.8 Vox7684291
     K08B16O  C2008 02 12.21702 09 52 00.97 +19 14 02.2          20.8 Vox7684291
     K08B16O  C2008 02 13.17266 09 48 22.44 +19 41 04.6                ox7684291
     K08B16O HC2008 02 13.17789 09 48 21.21 +19 41 13.3                ox7684291
     K08B16O HC2008 02 13.18203 09 48 20.30 +19 41 19.3                ox7684291
     K08B16O 2C2008 02 27.39751209 17 43.795+22 58 27.44         22.9 Roy2247568
     K08B16O 2C2008 02 27.40516009 17 43.229+22 58 30.08         23.0 Roy2247568
     K08B16O 2C2008 02 27.42086909 17 42.074+22 58 35.52         23.2 Roy2247568
