f8416K08L16V* C2008 06 15.37980 20 41 36.24 -05 01 20.0          19.5 Vrz1702703
f8416K08L16V  C2008 06 15.38522 20 41 37.93 -05 01 01.9          18.7 Vrz1702703
f8416K08L16V  C2008 06 15.39066 20 41 39.62 -05 00 40.7          19.2 Vrz1702703
f8416K08L16V  C2008 06 15.39608 20 41 41.24 -05 00 22.3          19.3 Vrz1702703
f8416K08L16V  C2008 06 16.02954 20 45 06.04 -04 21 47.5          18.3 Voz1702J77
f8416K08L16V  C2008 06 16.05122 20 45 13.01 -04 20 26.6          18.7 Voz1702J77
f8416K08L16V  C2008 06 16.06924 20 45 18.92 -04 19 18.0          18.6 Voz1702J77
f8416K08L16V  C2008 06 16.33723 20 46 48.36 -04 02 14.5          18.3 Vrz1702703
f8416K08L16V  C2008 06 16.34265 20 46 49.98 -04 01 55.0          18.4 Vrz1702703
f8416K08L16V  C2008 06 16.34802 20 46 51.88 -04 01 34.4          19.2 Vrz1702703
f8416K08L16V  C2008 06 16.35344 20 46 53.61 -04 01 13.5          19.0 Vrz1702703
f8416K08L16V 5C2008 06 16.46493 20 47 30.08 -03 54 06.4          18.6 Roz1702673
f8416K08L16V 5C2008 06 16.47025 20 47 31.79 -03 53 45.8                oz1702673
f8416K08L16V 5C2008 06 16.47486 20 47 33.30 -03 53 28.5                oz1702673
f8416K08L16V 5C2008 06 16.48183 20 47 35.56 -03 53 01.2                oz1702673
f8416K08L16V 6C2008 06 16.59078720 48 12.38 -03 45 52.2          19.0 Roz1702F65
f8416K08L16V 6C2008 06 16.59170320 48 12.68 -03 45 48.5          18.8 Roz1702F65
f8416K08L16V 6C2008 06 16.60152920 48 15.89 -03 45 10.2          19.2 Roz1702F65
f8416K08L16V 6C2008 06 16.60238820 48 16.17 -03 45 07.0          18.7 Roz1702F65
f8416K08L16V  C2008 06 17.28919020 52 16.09 -02 59 38.6          19.2 Voz1702H55
f8416K08L16V  C2008 06 17.29156520 52 16.91 -02 59 29.1          19.3 Voz1702H55
f8416K08L16V  C2008 06 17.29375620 52 17.65 -02 59 20.3          19.4 Voz1702H55
f8416K08L16V  C2008 06 17.29591920 52 18.40 -02 59 11.3          19.2 Voz1702H55
f8416K08L16V  C2008 06 18.03940 20 56 48.15 -02 07 23.6                rz1702J95
f8416K08L16V  C2008 06 18.04497 20 56 50.17 -02 06 59.6          18.9 Rrz1702J95
f8416K08L16V  C2008 06 18.27427620 58 16.36 -01 50 21.0          19.3 Voz1702H55
f8416K08L16V  C2008 06 18.27956120 58 18.27 -01 49 57.8          19.3 Voz1702H55
f8416K08L16V  C2008 06 18.28218320 58 19.23 -01 49 47.1          19.1 Voz1702H55
f8416K08L16V  C2008 06 18.28513320 58 20.31 -01 49 33.8          19.1 Voz1702H55
f8416K08L16V  C2008 06 19.24429521 04 33.65 -00 37 23.1          19.3 Voz1702H55
f8416K08L16V  C2008 06 19.24713021 04 34.81 -00 37 10.5          19.0 Voz1702H55
f8416K08L16V  C2008 06 19.24981221 04 35.79 -00 36 58.8          19.2 Voz1702H55
f8416K08L16V  C2008 06 19.25265121 04 36.96 -00 36 44.9          19.2 Voz1702H55
f8416K08L16V  C2008 06 19.25549621 04 38.07 -00 36 31.3          19.0 Voz1702H55
f8416K08L16V  C2008 06 19.35592 21 05 18.06 -00 28 38.6          17.7 Roz1702H01
f8416K08L16V  C2008 06 19.35883 21 05 19.21 -00 28 25.0          18.0 Roz1702H01
f8416K08L16V  C2008 06 19.36118 21 05 20.14 -00 28 13.9          18.1 Roz1702H01
f8416K08L16V  C2008 06 21.27633221 19 04.73 +02 11 51.9          18.5 Voz1702H55
f8416K08L16V  C2008 06 21.27903521 19 05.95 +02 12 06.5          18.6 Voz1702H55
f8416K08L16V  C2008 06 21.28166821 19 07.10 +02 12 20.8          18.6 Voz1702H55
f8416K08L16V  C2008 06 21.96065 21 24 25.98 +03 14 05.8          18.9 Vrz1702A17
f8416K08L16V  C2008 06 21.96943 21 24 30.07 +03 14 54.4          19.1 Vrz1702A17
f8416K08L16V  C2008 06 21.98145 21 24 35.76 +03 16 01.9          18.8 Vrz1702A17
f8416K08L16V  C2008 06 22.28401821 27 02.65 +03 44 37.6          18.7 Voz1702H55
f8416K08L16V  C2008 06 22.28712021 27 04.15 +03 44 55.6          18.9 Voz1702H55
f8416K08L16V  C2008 06 22.29065521 27 05.81 +03 45 15.6          18.8 Voz1702H55
f8416K08L16V  C2008 06 25.96659 22 01 20.67 +10 15 36.5          18.2 Vrz1702A13
f8416K08L16V  C2008 06 25.96975 22 01 22.65 +10 15 58.6          17.9 Vrz1702A13
f8416K08L16V  C2008 06 26.06004 22 02 19.18 +10 26 32.2                rz1702J95
f8416K08L16V  C2008 06 26.06280 22 02 20.92 +10 26 51.9                rz1702J95
f8416K08L16V  C2008 06 26.06572 22 02 22.75 +10 27 12.2          18.2 Rrz1702J95
f8416K08L16V  C2008 06 28.95255 22 36 14.45 +16 25 45.2          18.6 Vrz2104A17
f8416K08L16V  C2008 06 28.95838 22 36 18.93 +16 26 30.7          18.7 Vrz2104A17
f8416K08L16V  C2008 06 28.96420 22 36 23.44 +16 27 16.8          18.7 Vrz2104A17
f8416K08L16V  C2008 06 29.07267 22 37 46.65 +16 41 22.8                rz2104J95
f8416K08L16V  C2008 06 29.07487 22 37 48.33 +16 41 40.0                rz2104J95
f8416K08L16V  C2008 06 29.07720 22 37 50.12 +16 41 57.9          18.3 Rrz2104J95
f8416K08L16V  C2008 07 01.23524 23 07 44.05 +21 24 22.6          18.2 Rrz2104649
f8416K08L16V  C2008 07 01.23631 23 07 45.03 +21 24 31.2          18.2 Rrz2104649
f8416K08L16V  C2008 07 01.23738 23 07 45.97 +21 24 39.5          18.3 Rrz2104649
f8416K08L16V  C2008 07 01.23846 23 07 46.90 +21 24 48.0          18.4 Rrz2104649
f8416K08L16V  C2008 07 01.23954 23 07 47.83 +21 24 56.2          18.4 Rrz2104649
f8416K08L16V  C2008 07 01.99434 23 19 06.45 +23 02 44.5                oz2574204
f8416K08L16V  C2008 07 01.99936 23 19 11.01 +23 03 23.4                oz2574204
f8416K08L16V  C2008 07 02.00439 23 19 15.61 +23 04 02.9          18.6 Roz2574204
f8416K08L16V  C2008 07 02.28957323 23 39.07 +23 40 39.5          19.0 Voz2104H55
f8416K08L16V  C2008 07 02.29243423 23 41.71 +23 41 01.5          19.4 Voz2104H55
f8416K08L16V  C2008 07 02.29425323 23 43.38 +23 41 15.4          19.2 Voz2104H55
f8416K08L16V  C2008 07 02.29761423 23 46.44 +23 41 41.5          19.1 Voz2104H55
f8416K08L16V  C2008 07 02.34007 23 24 25.74 +23 47 12.0          18.8 Rrz2104H45
f8416K08L16V  C2008 07 02.34122 23 24 26.72 +23 47 20.1          18.8 Rrz2104H45
f8416K08L16V  C2008 07 02.34230 23 24 27.75 +23 47 29.0          18.7 Rrz2104H45
f8416K08L16V  C2008 07 02.34321 23 24 28.66 +23 47 36.5          18.6 Rrz2104H45
f8416K08L16V  C2008 07 02.34436 23 24 29.64 +23 47 44.9          18.6 Rrz2104H45
f8416K08L16V  C2008 07 02.34566 23 24 30.83 +23 47 55.1          19.0 Rrz2104H45
f8416K08L16V  C2008 07 02.34661 23 24 31.76 +23 48 02.9          19.0 Rrz2104H45
f8416K08L16V  C2008 07 03.03442 23 35 22.68 +25 14 14.3          18.2 Rrz2104B67
f8416K08L16V  C2008 07 03.04105 23 35 28.98 +25 15 03.5          18.3 Rrz2104B67
f8416K08L16V  C2008 07 03.04789 23 35 35.48 +25 15 55.3          18.4 Rrz2104B67
f8416K08L16V  C2008 07 06.33858 00 31 04.74 +31 21 14.4          19.2 Voz2574H55
f8416K08L16V  C2008 07 06.34169 00 31 07.96 +31 21 32.4          19.0 Voz2574H55
f8416K08L16V  C2008 07 06.34417 00 31 10.50 +31 21 46.7          19.2 Voz2574H55
f8416K08L16V  C2008 07 06.34662 00 31 13.02 +31 22 01.3          19.0 Voz2574H55
f8416K08L16V  C2008 07 14.37221 02 42 40.51 +38 02 26.5          20.7 Voz2704H55
f8416K08L16V  C2008 07 14.37683 02 42 44.30 +38 02 29.1          20.6 Voz2704H55
f8416K08L16V  C2008 07 14.38117 02 42 47.87 +38 02 32.7          20.7 Voz2704H55
f8416K08L16V  C2008 07 16.35431 03 08 50.92 +38 13 12.9          20.9 Voz2848H55
f8416K08L16V  C2008 07 16.36400 03 08 58.05 +38 13 14.0          20.8 Voz2848H55
f8416K08L16V  C2008 07 16.37446 03 09 05.79 +38 13 15.0          21.0 Voz2848H55
f8416K08L16V  C2011 06 19.64958 18 31 24.98 -10 15 04.2                r~0WbyE12
f8416K08L16V  C2011 06 19.69017 18 31 23.98 -10 13 22.2          18.8 Vr~0WbyE12
f8416K08L16V  C2011 06 19.69600 18 31 23.98 -10 13 08.3          18.8 Vr~0WbyE12
f8416K08L16V  C2011 06 19.70176 18 31 23.86 -10 12 54.7                r~0WbyE12
f8416K08L16V  C2011 06 20.45110 18 31 19.11 -09 41 09.5                r~0WbyE12
f8416K08L16V  C2011 06 20.45157 18 31 19.08 -09 41 08.3                r~0WbyE12
f8416K08L16V  C2011 06 20.45205 18 31 19.09 -09 41 06.7                r~0WbyE12
f8416K08L16V  C2011 06 20.45772 18 31 18.91 -09 40 52.8                r~0WbyE12
f8416K08L16V  C2011 06 20.45821 18 31 18.94 -09 40 51.0          18.4 Vr~0WbyE12
f8416K08L16V KC2011 06 20.96097 18 31 11.91 -09 19 22.0          17.8 Rv~0Wj6204
f8416K08L16V KC2011 06 20.97294 18 31 11.63 -09 18 49.7                v~0Wj6204
f8416K08L16V KC2011 06 20.98505 18 31 11.43 -09 18 16.9                v~0Wj6204
f8416K08L16V KC2011 06 25.91755 18 29 45.19 -04 46 58.8          17.2 Ru~0Wj6C13
f8416K08L16V KC2011 06 25.92985 18 29 44.66 -04 46 07.9          18.1 Ru~0Wj6157
f8416K08L16V KC2011 06 25.93022 18 29 44.72 -04 46 08.3          17.2 Ru~0Wj6C13
f8416K08L16V KC2011 06 25.93275 18 29 44.54 -04 45 56.2          18.0 Ru~0Wj6157
f8416K08L16V KC2011 06 25.93566 18 29 44.42 -04 45 44.5          17.9 Ru~0Wj6157
f8416K08L16V KC2011 06 25.94331 18 29 44.25 -04 45 15.6          17.2 Ru~0Wj6C13
f8416K08L16V 1C2011 06 26.03094 18 29 40.60 -04 39 22.4          18.1 Ru~0XIn561
f8416K08L16V 1C2011 06 26.03185 18 29 40.58 -04 39 18.9          17.2 Ru~0XIn561
f8416K08L16V 1C2011 06 26.03278 18 29 40.53 -04 39 15.2          17.6 Ru~0XIn561
f8416K08L16V 1C2011 06 26.03369 18 29 40.50 -04 39 11.2          18.1 Ru~0XIn561
f8416K08L16V  C2011 06 26.27459 18 29 36.17 -04 22 35.0          18.0  c~0Wj6704
f8416K08L16V  C2011 06 26.28478 18 29 35.73 -04 21 52.7          18.2  c~0Wj6704
f8416K08L16V  C2011 06 26.29502 18 29 35.31 -04 21 10.2          18.3  c~0Wj6704
f8416K08L16V  C2011 06 26.30527 18 29 34.90 -04 20 27.7          18.2  c~0Wj6704
f8416K08L16V  C2011 06 26.31554 18 29 34.42 -04 19 45.3          18.3  c~0Wj6704
f8416K08L16V  C2011 06 27.92543 18 28 51.55 -02 19 43.6          16.7 Rc~0YvZA24
f8416K08L16V  C2011 06 27.92615 18 28 51.54 -02 19 41.1          17.1 Rc~0YvZA24
f8416K08L16V  C2011 06 27.96703 18 28 49.73 -02 16 23.2          17.0 Rc~0YvZA24
f8416K08L16V  C2011 06 27.96775 18 28 49.69 -02 16 19.4          16.9 Rc~0YvZA24
f8416K08L16V KC2011 07 01.25707 18 26 52.96 +02 57 23.8          17.0 Rt~0Wj6G56
f8416K08L16V KC2011 07 01.25991 18 26 52.77 +02 57 43.0          16.9 Rt~0Wj6G56
f8416K08L16V KC2011 07 01.26698 18 26 52.35 +02 58 30.6          16.9 Rt~0Wj6G56
f8416K08L16V KC2011 07 01.26911 18 26 52.21 +02 58 45.0          17.0 Rt~0Wj6G56
f8416K08L16V KC2011 07 03.85185 18 24 44.81 +08 35 49.5          17.0 Vu~0Wr5151
f8416K08L16V KC2011 07 03.85511 18 24 44.58 +08 36 19.7          17.1 Vu~0Wr5151
f8416K08L16V KC2011 07 03.85838 18 24 44.35 +08 36 49.8          17.0 Vu~0Wr5151
f8416K08L16V KC2011 07 03.87056 18 24 43.43 +08 38 42.5          17.1 Vc~0WvOA48
f8416K08L16V KC2011 07 03.87256 18 24 43.28 +08 39 00.6          17.1 Vc~0WvOA48
f8416K08L16V KC2011 07 03.87456 18 24 43.13 +08 39 19.0          17.1 Vc~0WvOA48
f8416K08L16V KC2011 07 03.87656 18 24 42.96 +08 39 37.3          17.1 Vc~0WvOA48
f8416K08L16V KC2011 07 05.91388 18 22 27.72 +14 29 37.2          16.2 Rr~0Wr5104
f8416K08L16V KC2011 07 05.91580 18 22 27.52 +14 29 59.6          16.2 Rr~0Wr5104
f8416K08L16V KC2011 07 05.92119 18 22 26.97 +14 31 02.6          16.3 Rr~0Wr5104
f8416K08L16V  C2011 07 06.10650 18 22 13.90 +15 07 32.0                u~0Wr5I15
f8416K08L16V  C2011 07 06.11209 18 22 13.34 +15 08 39.1                u~0Wr5I15
f8416K08L16V  C2011 07 06.11639 18 22 12.89 +15 09 30.7                u~0Wr5I15
f8416K08L16V  C2011 07 06.26781 18 21 59.51 +15 40 10.9          17.9  c~0Wr5704
f8416K08L16V  C2011 07 06.27908 18 21 58.33 +15 42 28.0          17.5  c~0Wr5704
f8416K08L16V  C2011 07 06.29033 18 21 57.10 +15 44 45.9          17.7  c~0Wr5704
f8416K08L16V  C2011 07 06.30165 18 21 55.83 +15 47 03.8          17.8  c~0Wr5704
f8416K08L16V  C2011 07 09.31638 18 16 41.68 +28 15 25.0          17.4 Ru~0WvOH45
f8416K08L16V  C2011 07 09.31785 18 16 41.41 +28 15 50.9          17.3 Ru~0WvOH45
f8416K08L16V  C2011 07 09.31865 18 16 41.29 +28 16 05.3          17.4 Ru~0WvOH45
f8416K08L16V  C2011 07 09.31994 18 16 41.06 +28 16 27.9          17.3 Ru~0WvOH45
f8416K08L16V  C2011 07 09.32064 18 16 40.96 +28 16 40.7          17.3 Ru~0WvOH45
f8416K08L16V  C2011 07 09.32177 18 16 40.76 +28 17 00.2          17.2 Ru~0WvOH45
f8416K08L16V  C2011 07 09.32242 18 16 40.65 +28 17 11.9          17.4 Ru~0WvOH45
f8416K08L16V  C2011 07 09.51530 18 16 20.66 +29 15 25.5          16.9 Vu~0WvO379
f8416K08L16V  C2011 07 09.51683 18 16 20.36 +29 15 53.6                u~0WvO379
f8416K08L16V  C2011 07 09.51836 18 16 20.10 +29 16 21.8                u~0WvO379
f8416K08L16V  C2011 07 09.53278 18 16 17.54 +29 20 47.4                u~0WvO379
f8416K08L16V  C2011 07 10.51213 18 13 45.06 +34 37 38.8          17.3 Vu~0WvO379
f8416K08L16V  C2011 07 10.51366 18 13 44.70 +34 38 10.4          17.3 Vu~0WvO379
f8416K08L16V  C2011 07 10.51519 18 13 44.39 +34 38 42.2          17.3 Vu~0WvO379
f8416K08L16V  C2011 07 10.52184 18 13 42.92 +34 40 59.3          16.9 Vu~0WvO379
f8416K08L16V  C2011 07 10.52755 18 13 41.68 +34 42 57.3          16.8 Vu~0WvO379
f8416K08L16V  C2011 07 10.53060 18 13 41.01 +34 44 00.3          16.9 Vu~0WvO379
f8416K08L16V  C2011 07 10.53852 18 13 39.24 +34 46 43.7          16.9 Vu~0WvO379
f8416K08L16V  C2011 07 10.54005 18 13 38.92 +34 47 15.0          16.9 Vu~0WvO379
f8416K08L16V  C2011 07 10.54517 18 13 37.75 +34 49 00.7          17.2 Vu~0WvO379
f8416K08L16V  C2011 07 10.59146 18 13 27.36 +35 04 56.6          16.7 Vu~0WvO379
f8416K08L16V  C2011 07 10.59917 18 13 26.19 +35 07 37.1          16.3 Ro~0YWv300
f8416K08L16V  C2011 07 10.60017 18 13 26.00 +35 07 57.8          16.3 Ro~0YWv300
f8416K08L16V  C2011 07 10.60116 18 13 25.75 +35 08 18.6          16.1 Ro~0YWv300
f8416K08L16V  C2011 07 10.60216 18 13 25.55 +35 08 38.9          16.3 Ro~0YWv300
f8416K08L16V  C2011 07 10.60266 18 13 25.43 +35 08 49.6          16.3 Ro~0YWv300
f8416K08L16V  C2011 07 10.60690 18 13 23.90 +35 10 15.2          16.8 Vu~0WvO379
f8416K08L16V  C2011 07 11.05986 18 11 56.03 +37 49 45.2          16.2 Vt~0WvOJ69
f8416K08L16V  C2011 07 11.06080 18 11 55.80 +37 50 05.6          16.3 Vt~0WvOJ69
f8416K08L16V  C2011 07 11.06175 18 11 55.58 +37 50 25.7          16.2 Vt~0WvOJ69
f8416K08L16V  C2011 07 11.06269 18 11 55.37 +37 50 46.4          16.3 Vt~0WvOJ69
f8416K08L16V  C2011 07 11.06363 18 11 55.15 +37 51 06.5          16.2 Vt~0WvOJ69
f8416K08L16V  C2011 07 11.47821 18 10 35.86 +40 24 47.6          17.0 Vu~0WvO379
f8416K08L16V  C2011 07 11.47973 18 10 35.43 +40 25 22.3          17.1 Vu~0WvO379
f8416K08L16V  C2011 07 11.48126 18 10 35.00 +40 25 57.1          16.7 Vu~0WvO379
f8416K08L16V  C2011 07 11.48787 18 10 33.27 +40 28 28.3          16.7 Vu~0WvO379
f8416K08L16V  C2011 07 11.49332 18 10 31.78 +40 30 32.8          17.0 Vu~0WvO379
f8416K08L16V  C2011 07 11.49485 18 10 31.36 +40 31 07.4          17.0 Vu~0WvO379
f8416K08L16V  C2011 07 11.49638 18 10 30.96 +40 31 42.1          16.8 Vu~0WvO379
f8416K08L16V  C2011 07 11.51060 18 10 27.06 +40 37 07.3          16.8 Vu~0WvO379
f8416K08L16V  C2011 07 11.51213 18 10 26.63 +40 37 42.2          17.0 Vu~0WvO379
f8416K08L16V  C2011 07 11.52694 18 10 22.53 +40 43 20.4          16.9 Vu~0WvO379
f8416K08L16V KC2011 07 11.89592 18 08 53.25 +43 05 00.3          17.0 Ru~0WvO560
f8416K08L16V KC2011 07 11.89722 18 08 52.85 +43 05 30.8          17.1 Ru~0WvO560
f8416K08L16V KC2011 07 11.89853 18 08 52.45 +43 06 01.6          17.0 Ru~0WvO560
f8416K08L16V KC2011 07 11.89987 18 08 52.07 +43 06 33.0          17.0 Ru~0WvO560
f8416K08L16V  C2011 07 12.51657 18 06 03.08 +47 14 06.6          17.2 Vu~0Wzt379
f8416K08L16V  C2011 07 12.52284 18 06 00.78 +47 16 41.8          16.9 Vu~0Wzt379
f8416K08L16V  C2011 07 12.54681 18 05 51.93 +47 26 34.1          17.4 Vu~0Wzt379
f8416K08L16V  C2011 07 12.55990 18 05 47.07 +47 31 57.9          16.8 Vu~0Wzt379
f8416K08L16V  C2011 07 12.56561 18 05 44.96 +47 34 19.2          17.0 Vu~0Wzt379
f8416K08L16V  C2011 07 12.56689 18 05 44.46 +47 34 50.4          16.9 Vu~0Wzt379
f8416K08L16V  C2011 07 12.56816 18 05 44.00 +47 35 21.7          17.0 Vu~0Wzt379
f8416K08L16V  C2011 07 12.57119 18 05 42.84 +47 36 36.7          16.9 Vu~0Wzt379
f8416K08L16V  C2011 07 12.57247 18 05 42.36 +47 37 08.1          16.9 Vu~0Wzt379
f8416K08L16V  C2011 07 12.57374 18 05 41.87 +47 37 39.7          16.8 Vu~0Wzt379
f8416K08L16V KC2011 07 14.10694317 55 10.69 +58 34 56.3          17.4 Vt~0WztH21
f8416K08L16V KC2011 07 14.10932517 55 09.21 +58 36 00.0          17.4 Vt~0WztH21
f8416K08L16V KC2011 07 14.11179917 55 07.64 +58 37 06.0          17.4 Vt~0WztH21
f8416K08L16V KC2011 07 14.11417917 55 06.15 +58 38 09.5          17.4 Vt~0WztH21
f8416K08L16V KC2011 07 14.11646717 55 04.69 +58 39 10.6          17.4 Vt~0WztH21
f8416K08L16V KC2011 07 14.11875517 55 03.27 +58 40 11.6          17.5 Vt~0WztH21
f8416K08L16V KC2011 07 15.05199 17 44 06.45 +65 33 05.4                u~0WztI15
f8416K08L16V KC2011 07 15.05452 17 44 03.96 +65 34 14.0                u~0WztI15
f8416K08L16V KC2011 07 15.06109 17 43 57.37 +65 37 09.6                u~0WztI15
f8416K08L16V KC2011 07 15.21387517 41 23.81 +66 44 36.9          18.0 Vt~0WztH21
f8416K08L16V KC2011 07 15.21668217 41 20.78 +66 45 50.6          17.9 Vt~0WztH21
f8416K08L16V KC2011 07 15.21957617 41 17.65 +66 47 06.5          17.9 Vt~0WztH21
f8416K08L16V KC2011 07 15.22247017 41 14.51 +66 48 22.4          18.0 Vt~0WztH21
f8416K08L16V KC2011 07 15.87934 17 28 04.03 +71 33 38.9                v~0X6L204
f8416K08L16V KC2011 07 15.88188 17 27 59.91 +71 34 44.0          17.2 Rv~0X6L204
f8416K08L16V KC2011 07 15.88360 17 27 57.10 +71 35 28.6                v~0X6L204
f8416K08L16V KC2011 07 15.88529 17 27 54.40 +71 36 11.5                v~0X6L204
f8416K08L16V KC2011 07 15.88697 17 27 51.63 +71 36 54.9                v~0X6L204
f8416K08L16V KC2011 07 18.88147 10 38 24.23 +84 31 52.8          17.9 Rc~0X6LA24
f8416K08L16V KC2011 07 18.88250 10 38 10.55 +84 31 42.1          18.6 Rc~0X6LA24
f8416K08L16V KC2011 07 18.88353 10 37 56.96 +84 31 31.9          18.4 Rc~0X6LA24
f8416K08L16V KC2011 07 18.92931 10 28 10.56 +84 23 23.8          17.1 Rc~0X6LA24
f8416K08L16V KC2011 07 18.93034 10 27 57.87 +84 23 13.2          18.3 Rc~0X6LA24
f8416K08L16V KC2011 07 18.93124 10 27 46.91 +84 23 03.2          18.0 Rc~0X6LA24
f8416K08L16V HC2014 06 09.00089 17 21 21.39 -17 09 26.4                q~15TZ204
f8416K08L16V KC2014 06 09.02232 17 21 19.10 -17 09 04.4          19.7 Rq~15TZ204
f8416K08L16V  C2014 06 23.29638 16 48 33.14 -11 46 10.2          18.9 Vq~15e0703
f8416K08L16V  C2014 06 23.30458 16 48 31.59 -11 45 55.2          19.0 Vq~15e0703
f8416K08L16V  C2014 06 23.31278 16 48 30.00 -11 45 40.6          18.7 Vq~15e0703
f8416K08L16V  C2014 06 23.32095 16 48 28.45 -11 45 25.0          18.4 Vq~15e0703
f8416K08L16V  C2014 06 23.36449 16 48 20.27 -11 44 06.3          19.1 Vq~15e0703
f8416K08L16V  C2014 06 23.37275 16 48 18.73 -11 43 51.2          18.7 Vq~15e0703
f8416K08L16V  C2014 06 23.38102 16 48 17.16 -11 43 36.3          19.0 Vq~15e0703
f8416K08L16V  C2014 06 23.38930 16 48 15.63 -11 43 21.1          18.9 Vq~15e0703
f8416K08L16V  C2014 06 24.38365 16 45 15.173-11 12 35.75         19.3 wL~15e0F51
f8416K08L16V  C2014 06 24.39647 16 45 12.626-11 12 11.38         19.3 wL~15e0F51
f8416K08L16V  C2014 06 24.40929 16 45 10.082-11 11 47.06         19.2 wL~15e0F51
f8416K08L16V  C2014 06 24.42208 16 45 07.549-11 11 22.71         19.1 wL~15e0F51
f8416K08L16V  C2014 06 29.27823 16 28 45.44 -08 21 15.7          19.9 Vq~15zS703
f8416K08L16V  C2014 06 29.29391 16 28 41.89 -08 20 39.6          18.5 Vq~15zS703
f8416K08L16V  C2014 06 29.30174 16 28 40.04 -08 20 20.4          18.5 Vq~15zS703
f8416K08L16V KC2014 07 02.93554 16 14 35.33 -05 48 09.3          18.6 Rq~15zS160
f8416K08L16V KC2014 07 02.93763 16 14 34.81 -05 48 03.6          18.5 Rq~15zS160
f8416K08L16V KC2014 07 02.93969 16 14 34.29 -05 47 58.0          18.7 Rq~15zS160
f8416K08L16V  C2014 07 04.24807 16 09 04.28 -04 47 07.8          18.8 Rq~15zSH45
f8416K08L16V  C2014 07 04.24992 16 09 03.77 -04 47 01.8          18.8 Rq~15zSH45
f8416K08L16V  C2014 07 04.25097 16 09 03.54 -04 46 57.7          18.7 Rq~15zSH45
f8416K08L16V  C2014 07 04.25214 16 09 03.22 -04 46 55.3          18.8 Rq~15zSH45
f8416K08L16V  C2014 07 04.25352 16 09 02.82 -04 46 51.3          19.0 Rq~15zSH45
f8416K08L16V  C2014 07 04.25512 16 09 02.37 -04 46 46.7          19.0 Rq~15zSH45
f8416K08L16V KC2014 07 14.86922 15 13 54.93 +05 47 44.7          18.3 Rq~16Mv160
f8416K08L16V KC2014 07 14.87129 15 13 54.12 +05 47 53.8          18.4 Rq~16Mv160
f8416K08L16V KC2014 07 14.87335 15 13 53.32 +05 48 02.7          18.4 Rq~16Mv160
f8416K08L16V KC2014 07 15.92657 15 07 05.02 +07 06 32.9          18.2 Rq~16br160
f8416K08L16V KC2014 07 15.92867 15 07 04.12 +07 06 42.9          18.9 Rq~16br160
f8416K08L16V KC2014 07 15.93078 15 07 03.23 +07 06 51.8          18.8 Rq~16br160
f8416K08L16V KC2014 07 15.95839 15 06 52.18 +07 08 56.2          18.7 Rt~16br204
f8416K08L16V KC2014 07 15.96798 15 06 48.34 +07 09 39.9                t~16br204
f8416K08L16V KC2014 07 15.97757 15 06 44.49 +07 10 23.3                t~16br204
f8416K08L16V KC2014 07 16.88138 15 00 39.94 +08 20 18.9          18.6 Rq~16Mv160
f8416K08L16V KC2014 07 16.88347 15 00 39.06 +08 20 28.3          18.9 Rq~16Mv160
f8416K08L16V KC2014 07 16.88552 15 00 38.18 +08 20 37.5          18.7 Rq~16Mv160
f8416K08L16V KC2014 07 18.83200 14 46 41.74 +10 58 16.8          18.4 Rq~16WK160
f8416K08L16V KC2014 07 18.83405 14 46 40.78 +10 58 26.7          18.1 Rq~16WK160
f8416K08L16V KC2014 07 18.83607 14 46 39.86 +10 58 36.7          18.2 Rq~16WK160
f8416K08L16V  C2014 07 22.12775 14 20 06.63 +15 45 01.0          19.2 Rq~16WKH45
f8416K08L16V  C2014 07 22.12911 14 20 05.90 +15 45 08.2          19.3 Rq~16WKH45
f8416K08L16V  C2014 07 22.13013 14 20 05.34 +15 45 13.7          19.1 Rq~16WKH45
f8416K08L16V  C2014 07 22.13145 14 20 04.67 +15 45 20.5          19.2 Rq~16WKH45
f8416K08L16V  C2014 07 22.13236 14 20 04.20 +15 45 25.6          19.0 Rq~16WKH45
f8416K08L16V  C2014 07 22.13339 14 20 03.63 +15 45 30.9          19.0 Rq~16WKH45
f8416K08L16V  C2014 07 22.13424 14 20 03.16 +15 45 35.3          19.1 Rq~16WKH45
f8416K08L16V  C2014 07 22.13555 14 20 02.44 +15 45 42.4          19.0 Rq~16WKH45
f8416K08L16V  C2014 11 26.54702 09 18 34.907+10 02 33.26         21.9 wL~1CqqF51
f8416K08L16V  C2014 11 26.55827 09 18 34.576+10 02 30.39         21.7 wL~1CqqF51
f8416K08L16V  C2014 11 26.56953 09 18 34.221+10 02 27.36         21.6 wL~1CqqF51
f8416K08L16V  C2014 11 26.58074 09 18 33.875+10 02 24.18         21.5 wL~1CqqF51
