f0649K08S00O* C2008 09 21.23903 01 19 52.74 +11 52 51.7          20.0 Voz6841691
f0649K08S00O  C2008 09 21.25664 01 19 51.07 +11 52 21.1          19.9 Voz6841691
f0649K08S00O  C2008 09 21.27427 01 19 49.35 +11 51 51.4          20.0 Voz6841691
f0649K08S00O  C2008 09 21.31725 01 19 45.15 +11 50 37.9          19.7 Voz6841291
f0649K08S00O  C2008 09 21.32102 01 19 44.77 +11 50 31.5          19.8 Voz6841291
f0649K08S00O  C2008 09 21.32509 01 19 44.38 +11 50 24.6          19.7 Voz6841291
f0649K08S00O  C2008 09 21.40255 01 19 36.74 +11 48 11.2          19.7 Voz6841291
f0649K08S00O  C2008 09 21.40645 01 19 36.38 +11 48 04.4          19.8 Voz6841291
f0649K08S00O  C2008 09 21.41056 01 19 35.95 +11 47 57.2          19.9 Voz6841291
f0649K08S00O  C2008 09 22.23395 01 18 23.30 +11 24 14.5          20.2 Voz6841291
f0649K08S00O  C2008 09 22.23781 01 18 22.91 +11 24 07.7          20.6 Voz6841291
f0649K08S00O  C2008 09 22.24175 01 18 22.52 +11 24 01.1          20.3 Voz6841291
f0649K08S00O  C2008 09 22.25746 01 18 20.44 +11 23 32.3          19.4 Rvz6841850
f0649K08S00O  C2008 09 22.25942 01 18 20.24 +11 23 28.3          20.6 Voz6841H55
f0649K08S00O  C2008 09 22.26630 01 18 19.54 +11 23 16.4          20.4 Voz6841H55
f0649K08S00O  C2008 09 22.26981 01 18 19.75 +11 23 12.5          20.0 Rcz6841854
f0649K08S00O  C2008 09 22.27277 01 18 18.91 +11 23 05.4          20.4 Voz6841H55
f0649K08S00O  C2008 09 22.27556 01 18 19.19 +11 23 02.8          20.1 Rcz6841854
f0649K08S00O  C2008 09 22.28132 01 18 18.63 +11 22 52.9          20.3 Rcz6841854
f0649K08S00O  C2008 09 22.29621 01 18 16.51 +11 22 25.1          19.0 Rvz6841850
f0649K08S00O  C2008 09 23.22536 01 16 52.69 +10 55 33.7          20.2 Voz6842291
f0649K08S00O  C2008 09 23.22930 01 16 52.29 +10 55 26.8          20.1 Voz6842291
f0649K08S00O  C2008 09 23.23592 01 16 51.64 +10 55 15.5          20.1 Voz6842291
f0649K08S00O  C2008 09 23.25915501 16 48.77 +10 54 33.0          20.1 Voz6842H55
f0649K08S00O  C2008 09 23.26373601 16 48.31 +10 54 25.0          20.2 Voz6842H55
f0649K08S00O  C2008 09 23.26861701 16 47.80 +10 54 16.7          20.2 Voz6842H55
f0649K08S00O  C2008 09 23.27320401 16 47.35 +10 54 08.5          20.1 Voz6842H55
f0649K08S00O  C2008 09 24.29958 01 15 12.26 +10 24 22.5          19.8  cz6842704
f0649K08S00O  C2008 09 24.31154 01 15 11.07 +10 24 02.4          20.0  cz6842704
f0649K08S00O  C2008 09 24.32352 01 15 09.80 +10 23 40.5          19.8  cz6842704
f0649K08S00O  C2008 09 24.33549 01 15 08.71 +10 23 19.9          20.2  cz6842704
f0649K08S00O  C2008 09 25.26922 01 13 41.14 +09 56 06.3          20.6 Voz9352H55
f0649K08S00O  C2008 09 25.27547 01 13 40.50 +09 55 55.3          20.6 Voz9352H55
f0649K08S00O  C2008 09 25.28203 01 13 39.82 +09 55 44.2          20.5 Voz9352H55
f0649K08S00O  C2008 09 26.16508 01 12 17.19 +09 30 00.1          19.8 Voz8077H55
f0649K08S00O  C2008 09 26.16770 01 12 16.89 +09 29 55.1          19.5 Voz8077H55
f0649K08S00O  C2008 09 26.17066 01 12 16.63 +09 29 50.4          19.9 Voz8077H55
f0649K08S00O  C2008 09 26.17361 01 12 16.30 +09 29 45.4          19.5 Voz8077H55
f0649K08S00O  C2008 09 26.17624 01 12 16.06 +09 29 40.9          19.3 Voz8077H55
f0649K08S00O  C2008 09 27.16244301 10 42.26 +09 00 59.2          19.5 Voz8077H55
f0649K08S00O  C2008 09 27.16632901 10 41.89 +09 00 51.2          18.9 Voz8077H55
f0649K08S00O  C2008 09 27.17050901 10 41.46 +09 00 45.0          19.4 Voz8077H55
f0649K08S00O  C2008 09 27.17439301 10 41.04 +09 00 38.7          19.3 Voz8077H55
f0649K08S00O  C2008 09 28.21345 01 09 01.46 +08 30 30.3          20.5 Voz8077H55
f0649K08S00O  C2008 09 28.21835 01 09 00.96 +08 30 21.5          20.5 Voz8077H55
f0649K08S00O  C2008 09 28.22309 01 09 00.47 +08 30 13.3          20.6 Voz8077H55
f0649K08S00O  C2008 09 29.44599 01 07 02.13 +07 54 57.2          19.5 Rrz8077448
f0649K08S00O  C2008 09 29.46247 01 07 00.44 +07 54 30.0          19.8 Rrz8077448
f0649K08S00O  C2008 09 29.47805 01 06 58.83 +07 54 02.3          20.1 Rrz8077448
f0649K08S00O  C2008 09 30.29569 01 05 42.18 +07 30 39.4          19.9  cz8077704
f0649K08S00O  C2008 09 30.30791 01 05 40.84 +07 30 17.4          20.6  cz8077704
f0649K08S00O  C2008 09 30.32023 01 05 39.68 +07 29 56.5          19.8  cz8077704
f0649K08S00O  C2008 09 30.33252 01 05 38.28 +07 29 35.5          20.2  cz8077704
f0649K08S00O  C2008 09 30.47358 01 05 23.87 +07 25 32.5          20.1 Voz8077291
f0649K08S00O HC2008 09 30.47729 01 05 23.37 +07 25 26.2                oz8077291
f0649K08S00O  C2008 10 01.45563 01 03 50.61 +06 57 40.2                oz8077291
f0649K08S00O HC2008 10 01.45931 01 03 50.30 +06 57 33.4                oz8077291
f0649K08S00O  C2008 10 01.46297 01 03 49.87 +06 57 27.5                oz8077291
f0649K08S00O  C2008 10 02.35363 01 02 26.55 +06 32 27.4          19.3 Vrz8077703
f0649K08S00O  C2008 10 02.36215 01 02 25.72 +06 32 11.1          19.7 Vrz8077703
f0649K08S00O  C2008 10 02.37072 01 02 24.72 +06 31 58.1          19.2 Vrz8077703
f0649K08S00O  C2008 10 02.37920 01 02 23.82 +06 31 42.9          19.7 Vrz8077703
f0649K08S00O  C2008 10 03.03853 01 01 22.39 +06 13 19.1          20.2 Vrz9352J75
f0649K08S00O  C2008 10 03.05185 01 01 21.06 +06 12 56.7          19.7 Vrz9352J75
f0649K08S00O  C2008 10 03.06509 01 01 19.65 +06 12 35.4          19.6 Vrz9352J75
f0649K08S00O  C2008 10 03.38921301 00 49.116+06 03 39.20                ~0d55645
f0649K08S00O  C2008 10 03.39004201 00 49.044+06 03 38.09                ~0d55645
f0649K08S00O  C2008 10 03.39170101 00 48.888+06 03 35.21                ~0d55645
f0649K08S00O  C2008 10 03.39253001 00 48.787+06 03 33.88                ~0d55645
f0649K08S00O  C2008 10 03.42250 01 00 45.88 +06 02 44.3                oz8077291
f0649K08S00O  C2008 10 03.42620 01 00 45.48 +06 02 38.1                oz8077291
f0649K08S00O  C2008 10 03.42998 01 00 45.10 +06 02 31.9                oz8077291
f0649K08S00O  C2008 10 06.16761 00 56 36.32 +04 48 35.8          19.8 Voz9352H55
f0649K08S00O  C2008 10 06.17508 00 56 35.57 +04 48 23.9          19.7 Voz9352H55
f0649K08S00O  C2008 10 06.18342 00 56 34.79 +04 48 10.9          19.7 Voz9352H55
f0649K08S00O  C2008 10 07.34816 00 54 50.93 +04 17 52.0          20.2 Voz9352291
f0649K08S00O  C2008 10 07.36959 00 54 48.88 +04 17 18.7          20.3 Voz9352291
f0649K08S00O  C2008 10 07.38120 00 54 47.79 +04 17 01.0          20.1 Voz9352291
f0649K08S00O  C2008 10 08.27880 00 53 30.94 +03 54 09.3          19.8 Vrz9352703
f0649K08S00O  C2008 10 08.28605 00 53 30.19 +03 53 56.6          19.3 Vrz9352703
f0649K08S00O  C2008 10 08.29326 00 53 29.50 +03 53 46.6          19.3 Vrz9352703
f0649K08S00O  C2008 10 08.30058 00 53 28.89 +03 53 36.1          19.6 Vrz9352703
f0649K08S00O  C2008 10 08.35164 00 53 24.05 +03 52 18.4          19.6 Voz9352291
f0649K08S00O  C2008 10 08.35570 00 53 23.67 +03 52 12.2          19.6 Voz9352291
f0649K08S00O HC2008 10 08.35945 00 53 23.31 +03 52 06.3                oz9352291
f0649K08S00O  C2008 10 08.38899600 53 20.496+03 51 21.13                ~0d55645
f0649K08S00O  C2008 10 08.38982500 53 20.419+03 51 19.80                ~0d55645
f0649K08S00O  C2008 10 08.39148400 53 20.270+03 51 17.46                ~0d55645
f0649K08S00O  C2008 10 08.39231300 53 20.191+03 51 16.16                ~0d55645
f0649K08S00O  C2008 10 09.28858 00 52 05.23 +03 28 56.6          19.3 Vrz9352G96
f0649K08S00O  C2008 10 09.29380 00 52 04.76 +03 28 49.0          19.2 Vrz9352G96
f0649K08S00O  C2008 10 09.29916 00 52 04.26 +03 28 40.9          19.3 Vrz9352G96
f0649K08S00O  C2008 10 09.30440 00 52 03.75 +03 28 33.3          19.4 Vrz9352G96
f0649K08S00O  C2008 10 10.28005 00 50 43.36 +03 04 48.5          20.3 Vrz9352G96
f0649K08S00O  C2008 10 10.28569 00 50 42.86 +03 04 40.5          20.1 Vrz9352G96
f0649K08S00O  C2008 10 10.29705 00 50 41.85 +03 04 24.0          20.1 Vrz9352G96
f0649K08S00O  C2008 10 17.22894 00 42 16.88 +00 33 51.4          20.1 Vo~004Y291
f0649K08S00O  C2008 10 17.23280 00 42 16.61 +00 33 47.0          20.1 Vo~004Y291
f0649K08S00O  C2008 10 17.23657 00 42 16.36 +00 33 42.7          20.1 Vo~004Y291
f0649K08S00O  C2008 10 17.35304 00 42 08.11 +00 31 27.8          20.4 Vo~00B3691
f0649K08S00O  C2008 10 17.39046 00 42 05.53 +00 30 45.3          20.6 Vo~00B3691
f0649K08S00O  C2008 10 17.42787 00 42 03.00 +00 30 02.3          20.6 Vo~00B3691
f0649K08S00O  C2008 10 19.13479 00 40 21.10 -00 01 37.1          20.8 Vo~00B3H55
f0649K08S00O  C2008 10 19.14597 00 40 20.37 -00 01 49.1          20.9 Vo~00B3H55
f0649K08S00O  C2008 10 19.15754 00 40 19.61 -00 02 01.1          20.7 Vo~00B3H55
f0649K08S00O  C2008 10 30.15820 00 32 47.61 -02 34 28.9                o~00rn291
f0649K08S00O  C2008 10 30.16190 00 32 47.53 -02 34 31.3                o~00ro291
f0649K08S00O  C2008 10 30.16564 00 32 47.43 -02 34 33.6                o~00ro291
f0649K08S00O  C2008 10 30.27821900 32 43.982-02 35 40.81                ~0d55645
f0649K08S00O  C2008 10 30.27904800 32 43.961-02 35 41.42                ~0d55645
f0649K08S00O  C2008 10 30.28153600 32 43.889-02 35 42.83                ~0d55645
f0649K08S00O  C2008 10 31.07848 00 32 26.99 -02 43 22.7          21.0 Vo~01CoH55
f0649K08S00O  C2008 10 31.09106 00 32 26.64 -02 43 30.7          21.4 Vo~01CoH55
f0649K08S00O  C2008 10 31.10317 00 32 26.41 -02 43 37.1          21.4 Vo~01CoH55
f0649K08S00O  C2008 10 31.11566 00 32 25.98 -02 43 43.9          21.2 Vo~01CoH55
f0649K08S00O  C2008 10 31.11824 00 32 26.29 -02 43 43.4          21.1 Vo~00Qt291
f0649K08S00O  C2008 10 31.12202 00 32 26.20 -02 43 45.3          21.0 Vo~00Qt291
f0649K08S00O  C2008 10 31.12573 00 32 26.11 -02 43 47.4          21.0 Vo~00Qt291
f0649K08S00O KC2011 03 11.24120 10 58 58.08 -06 09 55.7          19.8 Ru~0TWZI19
f0649K08S00O KC2011 03 11.24938 10 58 57.27 -06 09 44.5          19.4 Ru~0TWZI19
f0649K08S00O KC2011 03 11.25707 10 58 56.47 -06 09 33.3          19.3 Ru~0TWZI19
f0649K08S00O  C2011 03 15.36869 10 53 04.130-04 23 56.59         19.1 iL~0U0FF51
f0649K08S00O  C2011 03 15.38022 10 53 02.975-04 23 37.41         19.0 iL~0U0FF51
f0649K08S00O  C2011 03 15.39326 10 53 01.672-04 23 15.72         19.3 rL~0U0FF51
f0649K08S00O  C2011 03 15.40380 10 53 00.624-04 22 58.94         20.3 rL~0U0FF51
f0649K08S00O KC2011 03 20.87822 10 45 01.24 -01 38 39.8                v~0UUf204
f0649K08S00O KC2011 03 20.89220 10 44 59.91 -01 38 12.9          18.5 Rv~0UUf204
f0649K08S00O  C2011 03 25.19431 10 38 56.40 +00 46 27.4          19.1 Vr~0U0F703
f0649K08S00O  C2011 03 25.20004 10 38 55.89 +00 46 38.8          19.5 Vr~0U0F703
f0649K08S00O  C2011 03 25.20578 10 38 55.28 +00 46 51.3          19.5 Vr~0U0F703
f0649K08S00O  C2011 03 25.21152 10 38 54.74 +00 47 02.4          19.2 Vr~0U0F703
f0649K08S00O KC2011 03 25.92621 10 37 56.29 +01 12 00.3          18.2 Rc~0UUfA24
f0649K08S00O KC2011 03 25.93146 10 37 55.83 +01 12 11.2          18.5 Rc~0UUfA24
f0649K08S00O KC2011 03 25.94513 10 37 54.61 +01 12 39.5          18.0 Rc~0UUfA24
f0649K08S00O KC2011 03 25.95808 10 37 53.41 +01 13 06.4          17.2 Rc~0UUfA24
f0649K08S00O  C2011 03 29.24586 10 33 40.39 +03 11 15.5          18.7  c~0U4h704
f0649K08S00O  C2011 03 29.25868 10 33 39.31 +03 11 43.8          19.3  c~0U4h704
f0649K08S00O  C2011 03 29.27113 10 33 38.25 +03 12 11.2          18.7  c~0U4h704
f0649K08S00O  C2011 03 29.28381 10 33 37.16 +03 12 38.9          18.7  c~0U4h704
f0649K08S00O  C2011 03 29.29660 10 33 36.10 +03 13 06.9          18.9  c~0U4h704
f0649K08S00O KC2011 03 31.92059 10 30 34.39 +04 49 36.5          18.0 Rc~0V91A24
f0649K08S00O KC2011 03 31.92831 10 30 33.81 +04 49 53.7          18.1 Rc~0V91A24
f0649K08S00O KC2011 03 31.93357 10 30 33.39 +04 50 05.4          18.1 Rc~0V91A24
f0649K08S00O KC2011 03 31.94727 10 30 32.36 +04 50 35.3          17.6 Rc~0V91A24
f0649K08S00O  C2011 04 01.24244 10 30 13.37 +05 01 38.5          18.8  c~0UUf704
f0649K08S00O  C2011 04 01.25522 10 30 12.36 +05 02 06.4          18.6  c~0UUf704
f0649K08S00O  C2011 04 01.26795 10 30 11.37 +05 02 35.0          18.9  c~0UUf704
f0649K08S00O  C2011 04 01.28082 10 30 10.40 +05 03 03.8          19.1  c~0UUf704
f0649K08S00O  C2011 04 01.29346 10 30 09.41 +05 03 31.6          19.3  c~0UUf704
f0649K08S00O [C2011 04 01.34421 10 30 07.19 +05 05 31.8                t~18dA568
f0649K08S00O [C2011 04 01.35890 10 30 06.10 +05 06 04.2                t~18dA568
f0649K08S00O KC2011 04 01.90384 10 29 31.55 +05 26 05.4          17.2 Rc~0V91A24
f0649K08S00O KC2011 04 01.91156 10 29 30.98 +05 26 22.9          17.3 Rc~0V91A24
f0649K08S00O KC2011 04 01.91684 10 29 30.59 +05 26 34.5          17.4 Rc~0V91A24
f0649K08S00O KC2011 04 01.93056 10 29 29.56 +05 27 05.2          17.8 Rc~0V91A24
f0649K08S00O KC2011 04 01.93583 10 29 29.18 +05 27 17.3          17.8 Rc~0V91A24
f0649K08S00O KC2011 04 01.94355 10 29 28.64 +05 27 34.8          17.5 Rc~0V91A24
f0649K08S00O  C2011 04 02.17220 10 29 15.51 +05 36 10.6          18.7  c~0UUf704
f0649K08S00O  C2011 04 02.19625 10 29 13.71 +05 37 04.4          18.9  c~0UUf704
f0649K08S00O  C2011 04 02.20841 10 29 12.84 +05 37 31.1          18.9  c~0UUf704
f0649K08S00O  C2011 04 02.22042 10 29 11.90 +05 37 58.6          19.3  c~0UUf704
f0649K08S00O  C2011 04 02.87882 10 28 32.27 +06 02 19.0                o~0UUf046
f0649K08S00O  C2011 04 02.88035 10 28 32.17 +06 02 23.1                o~0UUf046
f0649K08S00O  C2011 04 02.88647 10 28 31.74 +06 02 35.8                o~0UUf046
f0649K08S00O  C2011 04 02.88806 10 28 31.66 +06 02 40.2                o~0UUf046
f0649K08S00O  C2011 04 02.88964 10 28 31.51 +06 02 43.2                o~0UUf046
f0649K08S00O  C2011 04 02.89755 10 28 30.97 +06 03 01.2                o~0UUf046
f0649K08S00O KC2011 04 02.90509 10 28 30.48 +06 03 17.3          18.9 Ru~0UUf113
f0649K08S00O KC2011 04 02.90872 10 28 30.21 +06 03 25.3          19.1 Ru~0UUf113
f0649K08S00O KC2011 04 02.91231 10 28 29.97 +06 03 33.5          19.2 Ru~0UUf113
f0649K08S00O KC2011 04 06.92825 10 25 01.89 +08 32 47.2          18.8 Rr~0UsU130
f0649K08S00O  C2011 04 06.93007 10 25 01.92 +08 32 51.5          17.7 Rc~0UUfA24
f0649K08S00O KC2011 04 06.93187 10 25 01.89 +08 32 55.2          18.5 Rc~0UUfA24
f0649K08S00O KC2011 04 06.93639 10 25 01.51 +08 33 05.8          18.7 Rr~0UsU130
f0649K08S00O KC2011 04 09.88520 10 23 10.59 +10 21 14.3          18.7 Rc~0VEnA24
f0649K08S00O KC2011 04 09.89449 10 23 10.18 +10 21 34.5          18.6 Rc~0VEnA24
f0649K08S00O KC2011 04 09.90080 10 23 09.91 +10 21 48.1          18.7 Rc~0VEnA24
f0649K08S00O KC2011 04 09.91713 10 23 09.21 +10 22 23.3          18.8 Rc~0VEnA24
f0649K08S00O KC2011 04 09.92344 10 23 08.95 +10 22 37.3          18.9 Rc~0VEnA24
f0649K08S00O KC2011 04 09.93273 10 23 08.56 +10 22 57.7          18.6 Rc~0VEnA24
f0649K08S00O KC2011 04 10.89507 10 22 40.77 +10 57 46.1          18.1 Rc~0VEnA24
f0649K08S00O KC2011 04 10.90446 10 22 40.45 +10 58 06.8          18.5 Rc~0VEnA24
f0649K08S00O KC2011 04 10.91084 10 22 40.20 +10 58 20.6          18.4 Rc~0VEnA24
f0649K08S00O KC2011 04 10.92734 10 22 39.59 +10 58 56.3          18.5 Rc~0VEnA24
f0649K08S00O KC2011 04 10.93372 10 22 39.33 +10 59 10.2          18.6 Rc~0VEnA24
f0649K08S00O KC2011 04 10.94311 10 22 39.02 +10 59 30.1          18.5 Rc~0VEnA24
f0649K08S00O KC2011 04 21.85531 10 22 14.34 +17 10 49.5          18.5 Rc~0V91A24
f0649K08S00O KC2011 04 21.86473 10 22 14.44 +17 11 07.4          18.6 Rc~0V91A24
f0649K08S00O KC2011 04 21.87112 10 22 14.50 +17 11 19.8          18.6 Rc~0V91A24
f0649K08S00O KC2011 04 21.88766 10 22 14.69 +17 11 52.0          19.0 Rc~0V91A24
f0649K08S00O KC2011 04 21.89406 10 22 14.76 +17 12 03.8          19.1 Rc~0V91A24
f0649K08S00O KC2011 07 15.19709414 56 43.08 +36 45 48.4          19.5 Vt~0WzuH21
f0649K08S00O KC2011 07 15.20114214 56 44.47 +36 45 43.6          20.0 Vt~0WzuH21
f0649K08S00O KC2011 07 15.20540514 56 45.93 +36 45 39.5          19.9 Vt~0WzuH21
f0649K08S00O KC2011 07 15.20987914 56 47.56 +36 45 35.1          19.5 Vt~0WzuH21
f0649K08S00O KC2011 08 01.90539 16 46 55.57 +28 23 00.7                r~0XFE203
f0649K08S00O KC2011 08 01.94305 16 47 08.88 +28 21 22.2                r~0XFE203
f0649K08S00O KC2011 08 15.12204418 03 04.84 +17 37 20.4          19.4 Vo~0XOyH21
f0649K08S00O KC2011 08 15.12661718 03 06.21 +17 37 06.0          19.2 Vo~0XOyH21
f0649K08S00O KC2011 08 15.13119718 03 07.60 +17 36 51.4          19.3 Vo~0XOyH21
f0649K08S00O KC2011 08 15.13532218 03 08.83 +17 36 38.3          19.4 Vo~0XOyH21
f0649K08S00O KC2011 08 15.13944918 03 10.07 +17 36 25.3          19.4 Vo~0XOyH21
f0649K08S00O KC2011 08 15.98037 18 07 34.59 +16 52 02.5                t~0XTC204
f0649K08S00O KC2011 08 15.98743 18 07 36.74 +16 51 40.0                t~0XTC204
f0649K08S00O KC2011 08 15.99448 18 07 38.90 +16 51 17.3          19.0 Rt~0XTC204
f0649K08S00O KC2011 08 16.10299118 08 15.02 +16 45 44.8          18.8 Vo~0XOyH21
f0649K08S00O KC2011 08 16.10700918 08 16.22 +16 45 32.1          19.1 Vo~0XOyH21
f0649K08S00O KC2011 08 16.11176518 08 17.62 +16 45 17.0          19.1 Vo~0XOyH21
f0649K08S00O KC2011 08 20.83345 18 32 05.17 +12 38 23.5                t~0Xbe204
f0649K08S00O KC2011 08 20.84597 18 32 08.64 +12 37 44.9          18.5 Rt~0Xbe204
f0649K08S00O  C2013 12 24.44508 09 25 58.64 +00 00 10.9                o~0yMb711
f0649K08S00O  C2013 12 24.45119 09 25 58.63 +00 00 07.5                o~0yMb711
f0649K08S00O  C2013 12 24.45560 09 25 58.59 +00 00 05.6                o~0yMb711
f0649K08S00O ^C2014 01 03.32543 09 23 34.03 -01 07 15.3          22.3 Ro~0zDC695
f0649K08S00O ^C2014 01 03.32822 09 23 33.92 -01 07 16.5          22.4 Ro~0zDC695
f0649K08S00O ^C2014 01 03.33079 09 23 33.84 -01 07 17.2          22.2 Ro~0zDC695
f0649K08S00O ^C2014 01 04.30611 09 23 02.75 -01 12 20.4                o~0zDC695
f0649K08S00O ^C2014 01 04.31008 09 23 02.63 -01 12 21.8          23.3 Ro~0zDC695
f0649K08S00O ^C2014 01 04.31405 09 23 02.48 -01 12 23.0          23.2 Ro~0zDC695
f0649K08S00O ^C2014 01 04.31805 09 23 02.32 -01 12 23.8                o~0zDC695
f0649K08S00O ^C2014 01 04.32203 09 23 02.17 -01 12 25.3          23.3 Ro~0zDC695
f0649K08S00O ^C2014 01 30.26404 08 50 40.69 -00 48 48.9          22.0 Ro~10gp695
f0649K08S00O ^C2014 01 30.26628 08 50 40.43 -00 48 47.8          21.9 Ro~10gp695
f0649K08S00O ^C2014 01 30.26851 08 50 40.19 -00 48 46.7          22.1 Ro~10gp695
f0649K08S00O ^C2014 01 30.27084 08 50 39.90 -00 48 45.6          21.9 Ro~10gp695
f0649K08S00O |C2014 02 05.13132 08 39 40.02 +00 07 23.9          21.0 Vu~10VG807
f0649K08S00O |C2014 02 05.13685 08 39 39.36 +00 07 27.7          21.3 Vu~10VG807
f0649K08S00O |C2014 02 05.14236 08 39 38.70 +00 07 31.5          21.0 Vu~10VG807
