     K09D42Z* C2009 02 26.12849 04 35 26.80 +04 13 11.2          19.4 Vr~04cp703
     K09D42Z  C2009 02 26.14436 04 35 32.60 +04 12 40.4          19.4 Vr~04cp703
     K09D42Z  C2009 02 26.15238 04 35 35.55 +04 12 21.5          19.6 Vr~04cp703
     K09D42Z  C2009 02 26.16178 04 35 38.94 +04 12 01.8          19.7 Vr~04cp703
     K09D42Z  C2009 02 26.16256 04 35 39.19 +04 12 00.7          19.8 Vr~04cp703
     K09D42Z  C2009 02 26.16333 04 35 39.51 +04 11 59.2          19.9 Vr~04cp703
     K09D42Z  C2009 02 26.16412 04 35 39.76 +04 11 56.4          19.9 Vr~04cp703
     K09D42Z  C2009 02 26.19732 04 35 51.86 +04 10 46.5          19.6 Vr~04cp703
     K09D42Z  C2009 02 26.19802 04 35 52.11 +04 10 45.2          19.6 Vr~04cp703
     K09D42Z  C2009 02 26.19880 04 35 52.44 +04 10 43.4          20.0 Vr~04cp703
     K09D42Z  C2009 02 26.19958 04 35 52.72 +04 10 41.9          19.4 Vr~04cp703
     K09D42Z  C2009 02 26.20375 04 35 54.34 +04 10 32.4          20.4 Rc~04cp651
     K09D42Z  C2009 02 26.20451 04 35 54.54 +04 10 30.9          20.4 Rc~04cp651
     K09D42Z  C2009 02 26.20527 04 35 54.98 +04 10 29.5          20.5 Rc~04cp651
     K09D42Z  C2009 02 26.20603 04 35 55.17 +04 10 27.6          20.5 Rc~04cp651
     K09D42Z  C2009 02 27.13310 04 41 40.70 +03 37 40.9          19.1 Vr~04cp703
     K09D42Z  C2009 02 27.13372 04 41 41.10 +03 37 39.1          19.9 Vr~04cp703
     K09D42Z  C2009 02 27.13433 04 41 41.20 +03 37 37.1          19.7 Vr~04cp703
     K09D42Z  C2009 02 27.13485 04 41 41.49 +03 37 36.7          19.7 Vr~04cp703
     K09D42Z  C2009 02 27.13868 04 41 42.93 +03 37 28.1          19.4 Vr~04cpG96
     K09D42Z  C2009 02 27.13936 04 41 43.18 +03 37 26.2          19.4 Vr~04cpG96
     K09D42Z  C2009 02 27.14339 04 41 44.66 +03 37 17.4          19.4 Vr~04cpG96
     K09D42Z  C2009 02 27.14407 04 41 44.91 +03 37 15.9          19.5 Vr~04cpG96
     K09D42Z  C2009 02 27.14818 04 41 46.39 +03 37 08.1          19.5 Vr~04cpG96
     K09D42Z  C2009 02 27.14887 04 41 46.64 +03 37 06.0          19.3 Vr~04cpG96
     K09D42Z  C2009 02 27.15292 04 41 48.12 +03 36 57.9          19.4 Vr~04cpG96
     K09D42Z  C2009 02 27.15360 04 41 48.37 +03 36 55.9          19.3 Vr~04cpG96
     K09D42Z tC2009 02 27.15431 04 41 48.59 +03 36 55.4          20.0 Vo~04cp291
     K09D42Z tC2009 02 27.16187 04 41 51.38 +03 36 39.6          20.1 Vo~04cp291
     K09D42Z  C2009 02 27.18601 04 42 00.14 +03 35 47.0          19.0 Rv~04cpH01
     K09D42Z  C2009 02 27.19084 04 42 01.91 +03 35 36.7          19.0 Rv~04cpH01
     K09D42Z  C2009 02 27.19655 04 42 04.00 +03 35 24.6          19.2 Rv~04cpH01
     K09D42Z  C2009 02 27.27338 04 42 32.86 +03 33 05.0          20.5 Vr~04cpF84
     K09D42Z  C2009 02 27.28801 04 42 38.15 +03 32 33.1          20.6 Vr~04cpF84
     K09D42Z  C2009 02 27.30327 04 42 43.71 +03 32 01.0          20.3 Vr~04cpF84
     K09D42Z  C2009 02 27.39005 04 43 16.52 +03 29 07.2                o~04cp474
     K09D42Z  C2009 02 27.39120 04 43 16.92 +03 29 03.9          19.6 Ro~04cp474
     K09D42Z  C2009 02 27.39288 04 43 17.64 +03 28 59.9                o~04cp474
     K09D42Z  C2009 02 27.39462 04 43 18.19 +03 28 56.6          19.4 Ro~04cp474
     K09D42Z HC2009 02 28.13547 04 47 54.80 +03 02 12.5                o~04tg291
     K09D42Z  C2009 02 28.14042 04 47 56.70 +03 02 01.9                o~04tg291
     K09D42Z  C2009 02 28.14414 04 47 58.00 +03 01 54.2                o~04tg291
     K09D42Z  C2009 03 02.10308 05 00 10.28 +01 52 48.2          19.7 Vo~04tg291
     K09D42Z  C2009 03 02.10685 05 00 11.65 +01 52 40.2          19.7 Vo~04tg291
     K09D42Z  C2009 03 02.11068 05 00 13.05 +01 52 32.0          19.8 Vo~04tg291
     K09D42Z  C2009 03 02.42419 05 02 09.61 +01 42 03.4          19.4 Ro~04tg474
     K09D42Z  C2009 03 02.42616 05 02 10.32 +01 41 59.0          19.4 Ro~04tg474
     K09D42Z  C2009 03 02.42813 05 02 11.04 +01 41 55.1          19.4 Ro~04tg474
     K09D42Z  C2009 03 02.43025 05 02 11.83 +01 41 50.5          19.3 Ro~04tg474
     K09D42Z  C2009 03 03.03936805 06 00.09 +01 19 56.8          19.6 Vo~04tgH55
     K09D42Z  C2009 03 03.04308005 06 01.47 +01 19 48.6          19.3 Vo~04tgH55
     K09D42Z  C2009 03 03.04695605 06 02.88 +01 19 40.6          19.7 Vo~04tgH55
     K09D42Z  C2009 03 12.05781 06 01 19.88 -03 38 22.6          20.6 Vo~057pH55
     K09D42Z  C2009 03 12.06286 06 01 21.60 -03 38 31.1          20.3 Vo~057pH55
     K09D42Z  C2009 03 13.07540606 07 23.94 -04 09 01.0          19.9 Vo~05KFH55
     K09D42Z  C2009 03 13.07854306 07 25.05 -04 09 06.4          19.9 Vo~05KFH55
     K09D42Z  C2009 03 13.08124106 07 25.98 -04 09 11.3          19.9 Vo~05KFH55
     K09D42Z  C2009 03 17.07457906 30 45.67 -06 01 44.1          19.9 Vo~05KFH55
     K09D42Z  C2009 03 17.08279306 30 48.42 -06 01 57.0          20.1 Vo~05KFH55
     K09D42Z  C2009 03 17.08699806 30 49.83 -06 02 03.4          19.8 Vo~05KFH55
     K09D42Z  C2009 03 18.10875 06 36 39.80 -06 28 42.5          20.4 Vo~05KF291
     K09D42Z  C2009 03 18.11259 06 36 41.10 -06 28 48.8          20.7 Vo~05KF291
     K09D42Z  C2009 03 18.11634 06 36 42.37 -06 28 54.5          20.9 Vo~05KF291
     K09D42Z  C2009 03 24.14629 07 09 47.61 -08 48 21.6          20.5 Vo~05Yt291
     K09D42Z  C2009 03 24.15133 07 09 49.20 -08 48 27.9          20.2 Vo~05Yt291
     K09D42Z  C2009 03 24.15514 07 09 50.38 -08 48 32.5          20.5 Vo~05Yt291
     K09D42Z tC2009 03 31.15057 07 45 15.19 -10 53 04.2          20.2 Vo~05uK291
     K09D42Z tC2009 03 31.16683 07 45 19.76 -10 53 19.3                o~05uK291
     K09D42Z tC2009 03 31.17444 07 45 21.98 -10 53 25.9          20.2 Vo~05uK291
     K09D42Z  C2009 04 08.04811 08 21 20.97 -12 33 05.8                o~06BdH55
     K09D42Z  C2009 04 08.05402 08 21 22.51 -12 33 09.2          20.8 Vo~06BdH55
     K09D42Z  C2009 04 08.05992 08 21 24.01 -12 33 11.7          20.3 Vo~06BdH55
     K09D42Z  C2009 04 17.10953 08 58 03.05 -13 48 16.3          21.0 Vo~06N4H55
     K09D42Z  C2009 04 17.11579 08 58 04.46 -13 48 19.0          20.7 Vo~06N4H55
     K09D42Z  C2009 04 17.11923 08 58 05.22 -13 48 20.4          20.5 Vo~06N4H55
     K09D42Z  C2009 04 17.12946 08 58 07.72 -13 48 23.5          20.4 Vo~06Bd291
     K09D42Z  C2009 04 17.13398 08 58 08.75 -13 48 25.2          20.7 Vo~06Bd291
     K09D42Z  C2009 04 17.13828 08 58 09.66 -13 48 26.9          20.6 Vo~06Bd291
     K09D42Z  C2009 04 18.17084 09 02 03.17 -13 54 59.7          20.7 Vo~06N4291
     K09D42Z  C2009 04 18.17494 09 02 04.09 -13 55 01.2          20.8 Vo~06N4291
     K09D42Z  C2009 04 18.17912 09 02 04.99 -13 55 02.9          20.8 Vo~06N4291
     K09D42Z  C2009 04 19.18157 09 05 48.67 -14 01 05.9          20.7 Vo~06N4291
     K09D42Z  C2009 04 19.18630 09 05 49.71 -14 01 07.0          20.8 Vo~06N4291
     K09D42Z  C2009 04 19.19128 09 05 50.79 -14 01 08.7          20.7 Vo~06N4291
     K09D42Z  C2009 04 29.13976 09 40 21.18 -14 48 07.1          21.4 Vo~06h3291
     K09D42Z  C2009 04 29.14399 09 40 21.99 -14 48 08.3          21.0 Vo~06h3291
     K09D42Z  C2009 04 29.14778 09 40 22.73 -14 48 08.9          21.0 Vo~06h3291
     K09D42Z KC2012 12 14.24735 12 42 09.56 -09 04 04.2          20.5 Rt~0mqoJ04
     K09D42Z KC2012 12 14.26011 12 42 12.00 -09 04 35.9          20.7 Rt~0mqoJ04
     K09D42Z KC2012 12 14.27716 12 42 15.29 -09 05 18.9          20.7 Rt~0mqoJ04
     K09D42Z KC2012 12 16.25307 12 48 37.13 -10 26 36.3          20.9 Rt~0mqoJ04
     K09D42Z KC2012 12 16.25916 12 48 38.27 -10 26 51.4          20.5 Rt~0mqoJ04
     K09D42Z KC2012 12 16.26529 12 48 39.43 -10 27 06.3          20.6 Rt~0mqoJ04
