     K09R03Z* C2009 09 14.20535 22 28 27.33 -07 14 23.5          19.9  c~097u704
     K09R03Z  C2009 09 14.21714 22 28 23.76 -07 14 04.0          20.2  c~097u704
     K09R03Z  C2009 09 14.22892 22 28 20.32 -07 13 46.7          19.6  c~097u704
     K09R03Z  C2009 09 14.24071 22 28 16.79 -07 13 29.1          20.0  c~097u704
     K09R03Z  C2009 09 14.95045 22 24 46.48 -06 56 18.7                r~097uJ95
     K09R03Z  C2009 09 14.95602 22 24 44.75 -06 56 11.1                r~097uJ95
     K09R03Z  C2009 09 14.96138 22 24 43.15 -06 56 03.5          19.5 Rr~097vJ95
     K09R03Z  C2009 09 14.96752 22 24 41.20 -06 55 53.9          19.4 Vr~097vA17
     K09R03Z  C2009 09 14.97532 22 24 38.85 -06 55 42.5          19.3 Vr~097vA17
     K09R03Z  C2009 09 14.98317 22 24 36.52 -06 55 30.8          19.5 Vr~097vA17
     K09R03Z  C2009 09 15.08712 22 24 06.19 -06 52 55.8          19.4 Vr~097vH55
     K09R03Z  C2009 09 15.09146 22 24 04.85 -06 52 49.8          19.2 Vr~097vH55
     K09R03Z  C2009 09 15.09576 22 24 03.59 -06 52 42.9          19.1 Vr~097vH55
     K09R03Z  C2009 09 15.22953 22 23 23.33 -06 49 23.3          19.3 Vo~097v291
     K09R03Z  C2009 09 15.23318 22 23 22.33 -06 49 18.4          19.5 Vo~097v291
     K09R03Z  C2009 09 15.23384 22 23 22.13 -06 49 17.0          19.5 Rc~097v854
     K09R03Z  C2009 09 15.23696 22 23 21.13 -06 49 12.7          19.8 Vo~097v291
     K09R03Z  C2009 09 15.23961 22 23 20.40 -06 49 08.1          19.7 Rc~097v854
     K09R03Z  C2009 09 15.24539 22 23 18.66 -06 49 00.2          19.5 Rc~097v854
     K09R03Z  C2009 09 16.88515 22 15 06.10 -06 07 39.9                r~097vJ95
     K09R03Z  C2009 09 16.88947 22 15 04.77 -06 07 32.3                r~097vJ95
     K09R03Z  C2009 09 16.89378 22 15 03.45 -06 07 26.2          19.3 Rr~097vJ95
     K09R03Z  C2009 09 17.11749 22 13 56.10 -06 01 35.4          19.7 Vo~097v291
     K09R03Z  C2009 09 17.12440 22 13 53.96 -06 01 24.3          20.0 Vo~097v291
     K09R03Z  C2009 09 17.14466 22 13 47.77 -06 00 53.0          19.8 Vo~097v291
     K09R03Z  C2009 09 18.06626222 09 07.86 -05 36 46.2                r~097vH55
     K09R03Z  C2009 09 18.07163122 09 06.23 -05 36 38.7          19.7 Vr~097vH55
     K09R03Z  C2009 09 18.16165 22 08 38.70 -05 34 13.2          19.6 Vo~097v291
     K09R03Z  C2009 09 18.16535 22 08 37.59 -05 34 07.4          19.7 Vo~097v291
     K09R03Z  C2009 09 18.16906 22 08 36.45 -05 34 01.5          19.7 Vo~097v291
     K09R03Z  C2009 09 19.08975722 03 55.56 -05 09 24.9          19.1 Vr~09LxH55
     K09R03Z  C2009 09 19.09342422 03 54.47 -05 09 19.5          19.3 Vr~09LxH55
     K09R03Z  C2009 09 19.09440 22 03 53.89 -05 09 01.7          19.0 Cr~09LxI20
     K09R03Z  C2009 09 19.09709322 03 53.30 -05 09 13.2          19.2 Vr~09LxH55
     K09R03Z  C2009 09 19.09836 22 03 52.67 -05 08 55.3          19.1 Cr~09LxI20
     K09R03Z  C2009 09 19.10232 22 03 51.46 -05 08 49.2          19.3 Cr~09LxI20
     K09R03Z  C2009 09 19.10268 22 03 51.31 -05 08 48.0          19.2 Cr~09LxI20
     K09R03Z  C2009 09 19.15931 22 03 34.33 -05 07 30.3          19.8 Vo~09Lx291
     K09R03Z  C2009 09 19.16375 22 03 32.96 -05 07 23.1          19.7 Vo~09Lx291
     K09R03Z  C2009 09 19.16790 22 03 31.66 -05 07 16.4          19.8 Vo~09Lx291
     K09R03Z  C2009 09 19.88168 21 59 53.18 -04 47 53.7          19.2 Cv~09Lx204
     K09R03Z  C2009 09 19.88742 21 59 51.40 -04 47 44.5                v~09Lx204
     K09R03Z  C2009 09 19.97609 21 59 23.93 -04 45 18.3                v~09Lx204
     K09R03Z  C2009 09 20.10862 21 58 44.25 -04 41 37.2          20.4 Vo~09Lx291
     K09R03Z  C2009 09 20.11409 21 58 42.40 -04 41 27.3          19.9 Vo~09Lx291
     K09R03Z  C2009 09 20.11795 21 58 41.23 -04 41 20.9          19.9 Vo~09Lx291
     K09R03Z  C2009 09 21.08084 21 53 46.36 -04 14 26.8          19.2 Cr~09LxI20
     K09R03Z  C2009 09 21.08623 21 53 44.69 -04 14 17.8          19.5 Cr~09LxI20
     K09R03Z  C2009 09 21.08642 21 53 44.63 -04 14 17.3          19.3 Cr~09LxI20
     K09R03Z  C2009 09 21.12261 21 53 34.01 -04 13 31.1          19.9 Vo~09Lx291
     K09R03Z  C2009 09 21.12696 21 53 32.65 -04 13 23.7          19.9 Vo~09Lx291
     K09R03Z  C2009 09 21.13364 21 53 30.60 -04 13 12.5          19.9 Vo~09Lx291
     K09R03Z  C2009 09 22.16896 21 48 14.26 -03 44 05.9          19.8 Vo~09Lx691
     K09R03Z  C2009 09 22.18225 21 48 10.14 -03 43 43.4          19.9 Vo~09Lx691
     K09R03Z  C2009 09 22.19303 21 48 06.78 -03 43 24.9          19.7 Vo~09Lx691
     K09R03Z  C2009 09 22.48657 21 46 37.01 -03 34 47.6          19.2 Ro~09Lx474
     K09R03Z  C2009 09 22.48773 21 46 36.65 -03 34 45.6          19.4 Ro~09Lx474
     K09R03Z  C2009 09 22.49086 21 46 35.67 -03 34 40.3          18.9 Ro~09Lx474
     K09R03Z  C2009 09 22.49270 21 46 35.12 -03 34 37.3          19.1 Ro~09Lx474
     K09R03Z  C2009 09 22.83243 21 44 52.14 -03 25 15.4          18.6 Co~09LxB88
     K09R03Z  C2009 09 22.83315 21 44 51.93 -03 25 16.2          19.2 Vo~09LxA74
     K09R03Z  C2009 09 22.85665 21 44 44.73 -03 24 35.8          19.7 Vo~09LxA74
     K09R03Z  C2009 09 22.87066 21 44 40.38 -03 24 11.3          18.4 Co~09LxB88
     K09R03Z  C2009 09 22.88050 21 44 37.44 -03 23 55.2          19.7 Vo~09LxA74
     K09R03Z  C2009 09 22.91404 21 44 27.03 -03 22 57.1          18.9 Co~09LxB88
     K09R03Z  C2009 09 23.18265 21 43 05.76 -03 15 13.7          19.9 Vo~09Lx291
     K09R03Z  C2009 09 23.18674 21 43 04.49 -03 15 06.5          19.7 Vo~09Lx291
     K09R03Z  C2009 09 23.19044 21 43 03.36 -03 15 00.3          19.8 Vo~09Lx291
     K09R03Z tC2009 09 26.11562 21 28 25.49 -01 50 16.9          20.2 Vo~09d9291
     K09R03Z tC2009 09 26.11970 21 28 24.24 -01 50 10.2          20.2 Vo~09d9291
     K09R03Z tC2009 09 26.12826 21 28 21.66 -01 49 55.0          20.3 Vo~09d9291
     K09R03Z  C2009 09 27.15861 21 23 18.22 -01 19 46.5          20.2 Vo~09d9291
     K09R03Z  C2009 09 27.16316 21 23 16.82 -01 19 38.5          20.1 Vo~09d9291
     K09R03Z  C2009 10 05.04621 20 47 16.40 +02 28 49.1          19.7 Vo~09qFH55
     K09R03Z  C2009 10 05.05079 20 47 15.21 +02 28 56.2          19.9 Vo~09qFH55
     K09R03Z  C2009 10 05.05844 20 47 13.27 +02 29 08.3          20.4 Vo~09qFH55
     K09R03Z  C2009 10 10.14390 20 27 09.50 +04 48 41.3          19.7 Vo~09z3291
     K09R03Z  C2009 10 10.14769 20 27 08.65 +04 48 47.1          20.5 Vo~09z3291
     K09R03Z HC2009 10 10.15147 20 27 07.62 +04 48 50.8                o~09z3291
     K09R03Z tC2009 10 25.07699 19 43 19.21 +10 46 01.0          20.3 Vo~0Abm291
     K09R03Z tC2009 10 25.08082 19 43 18.64 +10 46 05.3          20.9 Vo~0Abm291
     K09R03Z tC2009 10 25.08461 19 43 18.15 +10 46 10.8          20.6 Vo~0Abm291
