     K09U87V* C2009 10 27.18486 01 04 11.17 +08 45 11.4          20.0 Vr~0AeOG96
     K09U87V  C2009 10 27.19176 01 04 17.54 +08 44 23.7          19.9 Vr~0AeOG96
     K09U87V  C2009 10 27.19867 01 04 23.91 +08 43 35.5          20.1 Vr~0AeOG96
     K09U87V  C2009 10 27.20545 01 04 30.18 +08 42 48.4          20.2 Vr~0AeOG96
     K09U87V  C2009 10 27.23583 01 04 57.70 +08 39 13.5          19.7 Ro~0AeOH01
     K09U87V  C2009 10 27.23922 01 05 00.81 +08 38 49.9          19.6 Ro~0AeOH01
     K09U87V  C2009 10 27.24206 01 05 03.91 +08 38 33.0          20.2 Vr~0AeOG96
     K09U87V  C2009 10 27.24259 01 05 04.45 +08 38 28.7          20.3 Vr~0AeOG96
     K09U87V  C2009 10 27.24306 01 05 04.84 +08 38 25.8          19.8 Vr~0AeOG96
     K09U87V  C2009 10 27.24319 01 05 04.48 +08 38 22.1          19.7 Ro~0AeOH01
     K09U87V  C2009 10 27.24357 01 05 05.31 +08 38 22.1          19.9 Vr~0AeOG96
     K09U87V  C2009 10 27.24694 01 05 07.92 +08 37 55.7          19.5 Ro~0AeOH01
     K09U87V  C2009 10 27.36293 01 06 55.62 +08 24 20.8          19.7 Vr~0AeOG96
     K09U87V  C2009 10 27.36351 01 06 56.16 +08 24 16.6          19.5 Vr~0AeOG96
     K09U87V  C2009 10 27.36409 01 06 56.70 +08 24 12.8          19.6 Vr~0AeOG96
     K09U87V  C2009 10 27.36456 01 06 57.09 +08 24 09.3          19.4 Vr~0AeOG96
     K09U87V tC2009 10 29.12160 01 35 26.41 +04 54 50.1          19.6 Vo~0AeO291
     K09U87V tC2009 10 29.12562 01 35 30.25 +04 54 21.2          19.6 Vo~0AeO291
     K09U87V tC2009 10 29.12984 01 35 34.48 +04 53 48.5          19.5 Vo~0AeO291
     K09U87V  C2009 10 30.19500 01 52 23.36 +02 46 41.7          19.2 Rc~0AeO926
     K09U87V  C2009 10 30.19771 01 52 25.85 +02 46 23.0          18.8 Rc~0AeO926
