     K09T08G  C2004 10 10.30461 01 25 48.00 +25 07 17.1          19.0  c~0CKL644
     K09T08G  C2004 10 10.32549 01 25 46.95 +25 06 49.1          19.6  c~0CKL644
     K09T08G  C2004 10 10.34959 01 25 45.70 +25 06 16.5          19.9  c~0CKL644
     K09T08G* C2009 10 14.45170 06 10 20.46 +17 33 45.4          20.0 Vr~09zzG96
     K09T08G  C2009 10 14.45731 06 10 21.39 +17 33 35.3          20.2 Vr~09zzG96
     K09T08G  C2009 10 14.46279 06 10 22.26 +17 33 26.0          20.1 Vr~09zzG96
     K09T08G  C2009 10 14.46826 06 10 23.19 +17 33 16.9          19.9 Vr~09zzG96
     K09T08G  C2009 10 14.49332 06 10 27.33 +17 32 34.1          20.0 Vr~09zzG96
     K09T08G  C2009 10 14.49398 06 10 27.46 +17 32 33.4                r~09zzG96
     K09T08G  C2009 10 14.49464 06 10 27.55 +17 32 31.5                r~09zzG96
     K09T08G  C2009 10 14.49518 06 10 27.68 +17 32 30.5                r~09zzG96
     K09T08G  C2009 10 14.51811 06 10 31.44 +17 31 51.2          19.9 Vr~09zzG96
     K09T08G  C2009 10 14.51869 06 10 31.54 +17 31 50.1          19.6 Vr~09zzG96
     K09T08G  C2009 10 14.51918 06 10 31.62 +17 31 49.0          19.9 Vr~09zzG96
     K09T08G  C2009 10 14.51965 06 10 31.69 +17 31 48.5          19.8 Vr~09zzG96
     K09T08G 6C2009 10 14.54463 06 10 36.47 +17 31 08.3          19.9 Ro~09zzF65
     K09T08G 6C2009 10 14.54562 06 10 36.64 +17 31 06.4          19.9 Ro~09zzF65
     K09T08G 6C2009 10 14.54645 06 10 36.79 +17 31 04.9          19.8 Ro~09zzF65
     K09T08G 6C2009 10 14.54732 06 10 36.93 +17 31 03.3          19.9 Ro~09zzF65
     K09T08G 6C2009 10 14.54819 06 10 37.06 +17 31 02.0          20.1 Ro~09zzF65
     K09T08G 6C2009 10 14.54902 06 10 37.20 +17 31 00.6          19.8 Ro~09zzF65
     K09T08G  C2009 10 15.44648 06 13 09.79 +17 04 52.8          19.6 Ro~09zzH01
     K09T08G  C2009 10 15.45244 06 13 10.77 +17 04 42.3          19.5 Ro~09zzH01
     K09T08G  C2009 10 15.45681 06 13 11.50 +17 04 34.7          19.8 Ro~09zzH01
     K09T08G  C2009 10 15.45880 06 13 11.89 +17 04 31.1          19.2 Vr~09zzG96
     K09T08G  C2009 10 15.46874 06 13 13.51 +17 04 13.6          19.8 Vr~09zzG96
     K09T08G  C2009 10 15.47391 06 13 14.37 +17 04 04.5          19.5 Vr~09zzG96
     K09T08G  C2009 10 15.50183 06 13 19.02 +17 03 15.9          20.3 Rc~09zz926
     K09T08G  C2009 10 15.50865 06 13 20.11 +17 03 03.6          20.3 Rc~09zz926
     K09T08G 6C2009 10 15.51560 06 13 21.88 +17 02 53.0          19.9 Ro~09zzF65
     K09T08G 6C2009 10 15.51644 06 13 22.03 +17 02 51.6          19.6 Ro~09zzF65
     K09T08G 6C2009 10 15.51729 06 13 22.17 +17 02 50.0          19.9 Ro~09zzF65
     K09T08G 6C2009 10 15.51813 06 13 22.30 +17 02 48.6          20.0 Ro~09zzF65
     K09T08G 6C2009 10 15.51915 06 13 22.48 +17 02 46.8          20.1 Ro~09zzF65
     K09T08G cC2009 10 18.38276 06 21 26.16 +15 35 03.3          20.6 Rr~0AHjH36
     K09T08G cC2009 10 18.40895 06 21 30.46 +15 34 13.4          20.4 Rr~0AHjH36
     K09T08G  C2009 10 18.43538 06 21 34.97 +15 33 24.5          21.6 Vo~0AHj291
     K09T08G  C2009 10 18.46353 06 21 39.53 +15 32 30.8          20.0 Ro~0AHjH01
     K09T08G  C2009 10 18.46743 06 21 40.17 +15 32 23.3          20.0 Ro~0AHjH01
     K09T08G  C2009 10 18.48006 06 21 42.22 +15 31 59.1          19.9 Ro~0AHjH01
     K09T08G  C2009 10 18.48363 06 21 42.80 +15 31 52.4          20.0 Ro~0AHjH01
     K09T08G tC2009 10 19.42001 06 24 20.04 +15 01 43.5          21.6 Vo~0AHj291
     K09T08G tC2009 10 19.42492 06 24 20.88 +15 01 34.1          21.6 Vo~0AHj291
     K09T08G tC2009 10 19.42879 06 24 21.50 +15 01 26.8          21.5 Vo~0AHj291
     K09T08G  C2009 10 19.48789 06 24 31.10 +14 59 29.6          20.2 Rc~0AHj926
     K09T08G  C2009 10 19.49060 06 24 31.57 +14 59 25.5          21.0 Rc~0AHj926
     K09T08G  C2009 10 19.49330 06 24 32.02 +14 59 19.1          20.2 Rc~0AHj926
     K09T08G  C2009 10 30.48900 06 54 18.93 +08 12 49.3          20.6 Rc~0Acm926
     K09T08G  C2009 10 30.49171 06 54 19.35 +08 12 41.6          20.6 Rc~0Acm926
     K09T08G  C2009 11 23.41107 07 50 46.08 -10 49 09.5          20.1 Rr~0BjhH36
     K09T08G  C2009 11 23.41611 07 50 46.63 -10 49 25.4          20.4 Rr~0BjhH36
     K09T08G  C2009 11 23.42114 07 50 47.03 -10 49 41.0          20.0 Rr~0BjhH36
     K09T08G  C2009 12 04.34277108 11 21.19 -19 59 28.6          20.1 Co~0CAFH21
     K09T08G  C2009 12 04.34813708 11 21.64 -19 59 44.9          19.8 Co~0CAFH21
     K09T08G  C2009 12 04.35378008 11 22.19 -20 00 02.1          20.5 Co~0CAFH21
     K09T08G  C2009 12 05.36998808 13 05.16 -20 49 15.1          20.3 Vo~0CAFH21
     K09T08G  C2009 12 05.37893808 13 06.11 -20 49 40.5          20.1 Vo~0CAFH21
     K09T08G KC2010 01 21.15757 08 51 32.34 -43 39 05.6          19.5 Cr~0DKGI20
     K09T08G KC2010 01 21.16921 08 51 32.29 -43 39 10.4          19.3 Cr~0DKGI20
     K09T08G  C2010 03 15.42650 09 11 32.66 -26 48 17.8          19.4 Ro~0F68474
     K09T08G  C2010 03 15.42870 09 11 32.79 -26 48 13.2          19.3 Ro~0F68474
     K09T08G  C2010 03 15.43137 09 11 32.96 -26 48 07.5          19.7 Ro~0F68474
     K09T08G  C2010 03 15.43368 09 11 33.10 -26 48 02.6          19.4 Ro~0F68474
     K09T08G  C2015 03 29.45418 13 49 13.812-26 54 07.53         20.7 iL~1PElF51
     K09T08G  C2015 03 29.46359 13 49 13.175-26 53 55.24         20.5 iL~1PElF51
     K09T08G  C2015 03 29.48241 13 49 11.896-26 53 30.54         20.8 iL~1PElF51
     K09T08G KC2015 04 23.17971113 22 08.32 -16 29 36.7          20.2 Rq~1Qdi448
     K09T08G KC2015 04 23.21189013 22 06.46 -16 28 47.5          20.7 Rq~1Qdi448
     K09T08G KC2015 04 23.24082613 22 04.66 -16 28 05.6          19.7 Rq~1Qdi448
     K09T08G  C2015 04 28.27387 13 17 50.33 -14 23 56.8          20.2 Vq~1RI6703
     K09T08G  C2015 04 28.28401 13 17 49.85 -14 23 43.9          20.3 Vq~1RI6703
     K09T08G  C2015 04 28.29415 13 17 49.38 -14 23 28.7          20.2 Vq~1RI6703
     K09T08G  C2015 05 11.19981 13 10 59.32 -09 52 58.9          20.8 Vq~1S78G96
     K09T08G  C2015 05 11.20440 13 10 59.20 -09 52 53.7          20.9 Vq~1S78G96
     K09T08G  C2015 05 11.20899 13 10 59.13 -09 52 48.8          20.7 Vq~1S78G96
     K09T08G  C2015 05 11.21358 13 10 59.02 -09 52 44.0          21.1 Vq~1S78G96
