     K09DB1O* C2009 02 22.33494 12 20 19.70 +07 51 01.9                o~05KN691
     K09DB1O  C2009 02 22.35304 12 20 19.85 +07 51 05.2                o~05KN691
     K09DB1O  C2009 02 22.37115 12 20 19.98 +07 51 08.6                o~05KN691
     K09DB1O  C2009 02 26.35312 12 22 02.08 +08 06 05.8          19.4 Vo~05KN691
     K09DB1O  C2009 02 26.37122 12 22 01.98 +08 06 10.9          19.5 Vo~05KN691
     K09DB1O  C2009 02 26.38956 12 22 01.89 +08 06 16.2          19.6 Vo~05KN691
     K09DB1O  C2009 03 02.34047 12 23 12.05 +08 29 16.1          18.8 Vo~05KN691
     K09DB1O  C2009 03 02.35813 12 23 11.72 +08 29 23.8          20.1 Vo~05KN691
     K09DB1O  C2009 03 02.37579 12 23 11.37 +08 29 31.7          18.8 Vo~05KN691
     K09DB1O  C2009 03 15.41815 12 21 09.03 +13 51 13.3          15.5 Vr~05KN703
     K09DB1O  C2009 03 15.42376 12 21 08.02 +13 51 42.3          15.4 Vr~05KN703
     K09DB1O  C2009 03 15.42936 12 21 06.98 +13 52 11.2          15.4 Vr~05KN703
     K09DB1O  C2009 03 15.43499 12 21 05.97 +13 52 40.1          15.6 Vr~05KN703
     K09DB1O %C2009 03 15.48812 12 20 56.15 +13 57 04.7          15.0 Rr~05KNH06
     K09DB1O %C2009 03 15.49739 12 20 54.83 +13 57 52.0          15.0 Rr~05KNH06
     K09DB1O  C2009 03 15.50988 12 20 53.93 +13 59 04.2          15.5 Vr~05KN703
     K09DB1O  C2009 03 15.51019 12 20 53.88 +13 59 05.6          15.7 Vr~05KN703
     K09DB1O  C2009 03 15.51056 12 20 53.82 +13 59 07.5          15.4 Vr~05KN703
     K09DB1O  C2009 03 15.51095 12 20 53.77 +13 59 09.6          15.4 Vr~05KN703
     K09DB1O  C2009 03 15.58973 12 21 14.56 +14 06 50.2          15.1 Vr~05KN900
     K09DB1O  C2009 03 15.59514 12 21 13.50 +14 07 22.7          15.2 Vr~05KN900
     K09DB1O  C2009 03 15.88266 12 20 56.71 +14 34 46.9                r~05KNJ95
     K09DB1O  C2009 03 15.88809 12 20 55.94 +14 35 24.0                r~05KNJ95
     K09DB1O  C2009 03 15.89344 12 20 55.15 +14 36 00.5          15.1 Rr~05KNJ95
     K09DB1O tC2009 03 16.40996 12 19 40.05 +15 42 15.2          15.2 Vo~05KN291
     K09DB1O tC2009 03 16.41378 12 19 39.03 +15 42 46.3          15.1 Vo~05KN291
     K09DB1O tC2009 03 16.41771 12 19 38.02 +15 43 18.2          15.1 Vo~05KN291
     K09DB1O  C2009 03 16.90693 12 18 56.21 +17 00 06.9          14.8 Rr~05KN118
     K09DB1O  C2009 03 16.90933 12 18 55.53 +17 00 34.2          14.9 Rr~05KN118
     K09DB1O  C2009 03 16.90947 12 18 58.50 +17 00 52.9          14.9 Vc~05KN560
     K09DB1O  C2009 03 16.90984 12 18 58.40 +17 00 57.2          14.9 Vc~05KN560
     K09DB1O  C2009 03 16.91022 12 18 58.30 +17 01 01.2          14.9 Vc~05KN560
     K09DB1O  C2009 03 16.91114 12 18 55.02 +17 00 54.5          14.9 Rr~05KN118
     K09DB1O  C2009 03 16.91534 12 18 53.82 +17 01 42.2          14.9 Rr~05KN118
     K09DB1O  C2009 03 16.91774 12 18 53.13 +17 02 09.5          14.6 Rr~05KN118
     K09DB1O  C2009 03 16.92134 12 18 52.09 +17 02 50.2          14.9 Rr~05KN118
     K09DB1O  C2009 03 16.92254 12 18 51.74 +17 03 04.0          14.5 Rr~05KN118
     K09DB1O  C2009 03 16.92434 12 18 51.21 +17 03 24.6          14.6 Rr~05KN118
     K09DB1O  C2009 03 16.92614 12 18 50.69 +17 03 45.0          14.6 Rr~05KN118
     K09DB1O  C2009 03 16.92794 12 18 50.17 +17 04 05.4          14.6 Rr~05KN118
     K09DB1O  C2009 03 16.94145 12 18 52.45 +17 06 04.2                r~05KNJ95
     K09DB1O  C2009 03 16.95471 12 18 48.81 +17 08 38.3                r~05KNJ95
     K09DB1O  C2009 03 16.98312 12 18 43.34 +17 15 33.4          14.6 Rr~05KNJ27
     K09DB1O  C2009 03 16.98668 12 18 42.20 +17 16 15.2          14.6 Rr~05KOJ27
     K09DB1O  C2009 03 16.99104 12 18 40.77 +17 17 07.0          14.5 Rr~05KOJ27
     K09DB1O  C2009 03 17.01470 12 18 26.06 +17 21 09.7          14.1 Rc~05KOA53
     K09DB1O  C2009 03 17.01738 12 18 25.16 +17 21 41.0          14.2 Rc~05KOA53
     K09DB1O  C2009 03 17.02044 12 18 24.17 +17 22 17.1          14.0 Rc~05KOA53
     K09DB1O  C2009 03 17.02350 12 18 23.19 +17 22 53.2          14.2 Rc~05KOA53
     K09DB1O  C2009 03 17.02657 12 18 22.18 +17 23 29.0          14.2 Rc~05KOA53
     K09DB1O  C2009 03 17.03404 12 18 20.59 +17 24 54.0                v~05KO204
     K09DB1O  C2009 03 17.03473 12 18 20.37 +17 25 02.1                v~05KO204
     K09DB1O  C2009 03 17.03543 12 18 20.13 +17 25 10.3                v~05KO204
     K09DB1O  C2009 03 17.03612 12 18 19.91 +17 25 18.5          14.4 Cv~05KO204
     K09DB1O  C2009 03 17.03682 12 18 19.69 +17 25 26.7                v~05KO204
     K09DB1O  C2009 03 17.09123 12 18 07.25 +17 35 38.4                r~05KOJ95
     K09DB1O  C2009 03 17.10739 12 18 02.21 +17 38 54.4          14.4 Rr~05KOJ95
     K09DB1O  C2009 03 17.28213 12 17 41.19 +18 19 57.5          14.5 Rr~05KOH45
     K09DB1O  C2009 03 17.28315 12 17 40.78 +18 20 11.7          14.5 Rr~05KOH45
     K09DB1O  C2009 03 17.28399 12 17 40.44 +18 20 23.6          14.8 Rr~05KOH45
     K09DB1O  C2009 03 17.28553 12 17 39.81 +18 20 45.1          14.5 Rr~05KOH45
     K09DB1O  C2009 03 17.28612 12 17 39.57 +18 20 53.4          14.6 Rr~05KOH45
     K09DB1O  C2009 03 17.28700 12 17 39.21 +18 21 05.6          14.4 Rr~05KOH45
     K09DB1O  C2009 03 17.28821 12 17 38.72 +18 21 22.7          14.5 Rr~05KOH45
     K09DB1O  C2009 03 17.28912 12 17 38.36 +18 21 35.4          14.3 Rr~05KOH45
     K09DB1O  C2009 03 17.29000 12 17 37.99 +18 21 47.9          14.7 Rr~05KOH45
     K09DB1O  C2009 03 17.29064 12 17 37.73 +18 21 56.8          14.6 Rr~05KOH45
     K09DB1O  C2009 03 17.39250012 16 55.72 +18 45 17.9          14.7 Vo~05KOH55
     K09DB1O  C2009 03 17.39697312 16 54.07 +18 46 22.3          14.8 Vo~05KOH55
     K09DB1O  C2009 03 17.39891912 16 53.37 +18 46 50.3          14.7 Vo~05KOH55
     K09DB1O tC2009 03 17.41608 12 16 55.61 +18 52 52.1          14.6 Vo~05KO291
     K09DB1O tC2009 03 17.42000 12 16 53.98 +18 53 50.7          14.6 Vo~05KO291
     K09DB1O tC2009 03 17.42393 12 16 52.36 +18 54 48.4          14.6 Vo~05KO291
     K09DB1O  C2009 03 17.65680 12 16 12.94 +19 59 45.0          14.1 Vr~05KO900
     K09DB1O  C2009 03 17.65941 12 16 11.66 +20 00 32.0          14.1 Vr~05KO900
     K09DB1O  C2009 03 17.85787 12 15 44.46 +21 01 23.6          14.4 Cw~05KO970
     K09DB1O  C2009 03 17.87400 12 15 36.88 +21 07 29.3          14.6 Co~05KOB84
     K09DB1O  C2009 03 17.87442 12 15 36.70 +21 07 38.7          14.7 Co~05KOB84
     K09DB1O  C2009 03 17.87484 12 15 36.51 +21 07 48.1          14.5 Co~05KOB84
     K09DB1O  C2009 03 17.87784 12 15 36.17 +21 08 46.5          14.2 Cw~05KO970
     K09DB1O  C2009 03 17.88147 12 15 32.47 +21 10 47.5          14.0 Vr~05KOA17
     K09DB1O  C2009 03 17.89697 12 15 27.67 +21 15 56.8          14.3 Cw~05KO970
     K09DB1O  C2009 03 17.90362 12 15 24.63 +21 18 27.1          14.0 Cw~05KO970
     K09DB1O  C2009 03 17.91030 12 15 20.25 +21 21 05.9          14.5 Co~05KOB84
     K09DB1O  C2009 03 17.91060 12 15 20.10 +21 21 13.0          14.6 Co~05KOB84
     K09DB1O  C2009 03 17.91091 12 15 19.96 +21 21 19.9          14.6 Co~05KOB84
     K09DB1O  C2009 03 17.91122 12 15 19.82 +21 21 26.8          14.8 Co~05KOB84
     K09DB1O  C2009 03 17.91422 12 15 18.35 +21 22 35.6          14.4 Co~05KOB84
     K09DB1O  C2009 03 17.91453 12 15 18.21 +21 22 42.5          14.5 Co~05KOB84
     K09DB1O  C2009 03 17.92406 12 15 14.86 +21 26 14.1          14.1 Cw~05KO970
     K09DB1O  C2009 03 17.92499 12 15 11.08 +21 27 12.9          13.9 Vr~05KOA17
     K09DB1O  C2009 03 17.93466 12 15 07.70 +21 31 22.6          13.6 Vr~05KOA13
     K09DB1O  C2009 03 17.93749 12 15 06.19 +21 32 28.1          13.8 Vr~05KOA13
     K09DB1O  C2009 03 17.93848 12 15 05.65 +21 32 51.0          13.5 Vr~05KOA13
     K09DB1O  C2009 03 17.93947 12 15 05.12 +21 33 14.0          13.7 Vr~05KOA13
     K09DB1O  C2009 03 17.93976 12 15 04.01 +21 33 27.9          13.6 Rr~05Z9143
     K09DB1O  C2009 03 17.94047 12 15 04.56 +21 33 37.1          13.6 Vr~05KOA13
     K09DB1O  C2009 03 17.94164 12 15 03.94 +21 34 04.4          13.6 Vr~05KOA13
     K09DB1O  C2009 03 17.94269 12 15 03.37 +21 34 28.6          13.5 Vr~05KOA13
     K09DB1O  C2009 03 17.94379 12 15 01.80 +21 35 01.4          13.8 Rr~05Z9143
     K09DB1O  C2009 03 17.94785 12 14 59.57 +21 36 35.7          13.8 Rr~05Z9143
     K09DB1O  C2009 03 17.94840 12 15 02.60 +21 35 37.6          14.4 Cw~05KO970
     K09DB1O  C2009 03 17.95249 12 14 56.99 +21 38 23.5          13.7 Rr~05Z9143
     K09DB1O  C2009 03 17.95638 12 14 54.81 +21 39 54.4          13.7 Rr~05Z9143
     K09DB1O  C2009 03 17.95658 12 14 58.32 +21 38 48.9          14.2 Cw~05KO970
     K09DB1O  C2009 03 17.95922 12 14 53.21 +21 41 00.7          13.8 Rr~05Z9143
     K09DB1O  C2009 03 17.96473 12 14 50.10 +21 43 09.7          13.7 Rr~05Z9143
     K09DB1O  C2009 03 17.98233 12 14 39.91 +21 49 28.3          13.9 Vr~05KOA17
     K09DB1O  C2009 03 17.99627 12 14 31.94 +21 54 50.4          14.6 Vo~05KOA74
     K09DB1O  C2009 03 18.00086 12 14 29.30 +21 56 40.0          14.7 Vo~05KOA74
     K09DB1O  C2009 03 18.01232 12 14 22.66 +22 01 14.7          14.5 Vo~05KOA74
     K09DB1O  C2009 03 18.01309 12 14 22.21 +22 01 33.2          14.7 Vo~05KOA74
     K09DB1O  C2009 03 18.01538 12 14 20.88 +22 02 28.3          14.7 Vo~05KOA74
     K09DB1O  C2009 03 18.01615 12 14 20.43 +22 02 46.8          14.6 Vo~05KOA74
     K09DB1O  C2009 03 18.08294 12 13 41.69 +22 30 00.0          14.8 Vo~05KO510
     K09DB1O  C2009 03 18.08693 12 13 39.35 +22 31 40.4          14.8 Vo~05KO510
     K09DB1O  C2009 03 18.08932 12 13 37.95 +22 32 40.4          14.6 Vo~05KO510
     K09DB1O  C2009 03 18.19521 12 13 37.83 +23 23 53.3          13.9 Rr~05KOH45
     K09DB1O  C2009 03 18.19587 12 13 37.37 +23 24 12.6          13.8 Rr~05KOH45
     K09DB1O  C2009 03 18.19634 12 13 37.05 +23 24 26.0          14.3 Rr~05KOH45
     K09DB1O  C2009 03 18.19736 12 13 36.35 +23 24 56.2          13.7 Rr~05KOH45
     K09DB1O  C2009 03 18.19781 12 13 36.04 +23 25 09.4          13.9 Rr~05KOH45
     K09DB1O  C2009 03 18.19871 12 13 35.41 +23 25 35.9          14.0 Rr~05KOH45
     K09DB1O  C2009 03 18.19948 12 13 34.88 +23 25 58.8          13.9 Rr~05KOH45
     K09DB1O  C2009 03 18.20038 12 13 34.26 +23 26 24.9          14.2 Rr~05KOH45
     K09DB1O  C2009 03 18.20121 12 13 33.68 +23 26 49.5          13.9 Rr~05KOH45
     K09DB1O  C2009 03 18.20208 12 13 33.08 +23 27 15.0          14.1 Rr~05KOH45
     K09DB1O  C2009 03 18.78051 12 08 00.80 +29 35 15.4          13.3 Vr~05KOA17
     K09DB1O  C2009 03 18.78252 12 07 58.88 +29 37 05.3          13.2 Vr~05KOA17
     K09DB1O  C2009 03 18.78836 12 07 53.27 +29 42 25.8          13.2 Vr~05KOA17
     K09DB1O  C2009 03 18.79326 12 07 48.42 +29 46 56.7          13.3 Vr~05KOA17
     K09DB1O  C2009 03 18.84316 12 06 56.39 +30 33 08.4          13.2 Cw~05KO970
     K09DB1O  C2009 03 18.86041 12 06 32.60 +30 52 56.5          12.6 Vc~05KO595
     K09DB1O  C2009 03 18.86182 12 06 30.79 +30 54 20.8          12.8 Vc~05KO595
     K09DB1O  C2009 03 18.86326 12 06 28.94 +30 55 47.2          12.5 Vc~05KO595
     K09DB1O  C2009 03 18.87376 12 06 16.65 +31 04 26.8                c~05Z9127
     K09DB1O  C2009 03 18.87545 12 06 14.47 +31 06 09.7                c~05Z9127
     K09DB1O  C2009 03 18.87663 12 06 12.83 +31 07 21.8                c~05Z9127
     K09DB1O  C2009 03 18.87865 12 06 10.36 +31 09 23.8                c~05Z9127
     K09DB1O  C2009 03 18.88009 12 06 08.59 +31 10 51.8                c~05Z9127
     K09DB1O  C2009 03 18.88150 12 06 06.67 +31 12 17.8                c~05Z9127
     K09DB1O  C2009 03 18.88293 12 06 04.92 +31 13 45.5                c~05Z9127
     K09DB1O  C2009 03 18.88434 12 06 02.93 +31 15 13.5                c~05Z9127
     K09DB1O  C2009 03 18.89163 12 05 57.41 +31 21 56.9          13.4 Cw~05KO970
     K09DB1O  C2009 03 18.94837 12 04 37.12 +32 22 33.7          13.4 Cw~05KO970
     K09DB1O  C2009 03 18.98849 12 03 41.34 +33 11 35.2          13.3 Rr~05KOJ27
     K09DB1O  C2009 03 18.99459 12 03 30.63 +33 18 41.2          13.1 Rr~05KOJ27
     K09DB1O  C2009 03 19.00384 12 03 14.28 +33 29 31.9          12.8 Rr~05KOJ27
     K09DB1O  C2009 03 19.07035812 01 09.28 +34 46 30.4          12.9 Rr~05KOJ95
     K09DB1O  C2009 03 19.07250912 01 05.17 +34 49 13.4          12.9 Rr~05KOJ95
     K09DB1O  C2009 03 19.07471012 01 00.95 +34 52 00.7          12.9 Rr~05KOJ95
     K09DB1O  C2009 03 19.07696412 00 56.62 +34 54 52.7          12.9 Rr~05KOJ95
     K09DB1O 5C2009 03 19.14182912 01 10.35 +36 22 37.3          13.1 Ro~05KO673
     K09DB1O 5C2009 03 19.14463012 01 05.29 +36 26 45.4                o~05KO673
     K09DB1O 5C2009 03 19.14942112 00 56.45 +36 33 54.1                o~05KO673
     K09DB1O 5C2009 03 19.15050912 00 54.40 +36 35 31.8                o~05KO673
     K09DB1O 5C2009 03 19.16041712 00 35.40 +36 50 28.7                o~05KO673
     K09DB1O  n2009 03 19.19980511 58 31.04 +37 50 55.8          12.7 Rr~06NEH25
     K09DB1O  n2009 03 19.19990011 58 30.81 +37 51 04.9          12.5 Rr~06NEH25
     K09DB1O  n2009 03 19.19999511 58 30.58 +37 51 14.4          12.8 Rr~06NEH25
     K09DB1O  n2009 03 19.20006811 58 30.41 +37 51 20.9          12.9 Rr~06NEH25
     K09DB1O  n2009 03 19.20010711 58 30.28 +37 51 24.6          13.2 Rr~06NEH25
     K09DB1O  n2009 03 19.20016311 58 30.16 +37 51 29.8          13.0 Rr~06NEH25
     K09DB1O  n2009 03 19.25263411 56 14.37 +39 16 40.7          12.2 Rr~06NEH25
     K09DB1O  n2009 03 19.25269011 56 14.25 +39 16 46.7          12.4 Rr~06NEH25
     K09DB1O  n2009 03 19.25278511 56 13.96 +39 16 56.0          12.5 Rr~06NEH25
     K09DB1O  n2009 03 19.25285811 56 13.76 +39 17 03.7          12.5 Rr~06NEH25
     K09DB1O  n2009 03 19.25289711 56 13.68 +39 17 07.5          12.0 Rr~06NEH25
     K09DB1O  n2009 03 19.25295311 56 13.49 +39 17 13.4          12.6 Rr~06NEH25
     K09DB1O  C2009 03 19.81053011 03 31.17 +63 44 17.1          12.3 Ro~05KOJ95
     K09DB1O  C2009 03 19.81390711 02 34.33 +63 57 45.9          12.6 Ro~05KOJ95
     K09DB1O  C2009 03 19.83553 10 55 41.98 +65 26 18.5          13.2 Co~05KOB84
     K09DB1O  C2009 03 19.83595 10 55 33.58 +65 28 00.9          12.9 Co~05KOB84
     K09DB1O  C2009 03 19.83648 10 55 23.10 +65 30 08.3          13.4 Co~05KOB84
     K09DB1O  C2009 03 19.83700 10 55 12.53 +65 32 16.6          12.8 Co~05KOB84
     K09DB1O  C2009 03 19.83752 10 55 01.99 +65 34 23.8          13.0 Co~05KOB84
     K09DB1O  C2009 03 19.84164 10 53 37.48 +65 51 09.5          13.1 Co~05KOB84
     K09DB1O  C2009 03 19.84207 10 53 28.73 +65 52 52.3          12.8 Co~05KOB84
     K09DB1O  C2009 03 19.87293 10 41 14.22 +68 00 28.4                c~06Be127
     K09DB1O  C2009 03 19.87337 10 41 02.91 +68 02 14.9                c~06Be127
     K09DB1O  C2009 03 19.87377 10 40 52.31 +68 03 53.5                c~06Be127
     K09DB1O  C2009 03 19.87422 10 40 40.62 +68 05 43.2                c~06Be127
     K09DB1O  C2009 03 19.87468 10 40 28.36 +68 07 37.1                c~06Be127
     K09DB1O  C2009 03 19.87512 10 40 16.80 +68 09 24.4                c~06Be127
     K09DB1O  C2009 03 19.87553 10 40 05.52 +68 11 07.8                c~06Be127
     K09DB1O  C2009 03 19.87603 10 39 52.10 +68 13 11.6                c~06Be127
     K09DB1O  C2009 03 19.87646 10 39 40.01 +68 15 01.8                c~06Be127
     K09DB1O  C2009 03 19.89376 10 31 22.66 +69 25 55.9                c~06Be127
     K09DB1O  C2009 03 19.89422 10 31 08.44 +69 27 49.7                c~06Be127
     K09DB1O  C2009 03 19.89469 10 30 54.17 +69 29 43.3                c~06Be127
     K09DB1O  C2009 03 19.89515 10 30 39.70 +69 31 37.4                c~06Be127
     K09DB1O  C2009 03 19.89548910 31 11.81 +69 31 31.6          12.4 Ro~05KOJ95
     K09DB1O  C2009 03 19.89561 10 30 25.39 +69 33 30.9                c~06Be127
     K09DB1O  C2009 03 19.89608 10 30 10.77 +69 35 25.3                c~06Be127
     K09DB1O  C2009 03 19.89654 10 29 56.35 +69 37 28.8                c~06Bf127
     K09DB1O  C2009 03 19.89700 10 29 41.79 +69 39 12.8                c~06Bf127
     K09DB1O  C2009 03 19.90159410 27 58.92 +69 56 40.0          12.5 Ro~05KOJ95
     K09DB1O  C2009 03 19.91244210 21 52.31 +70 41 09.0          12.2 Ro~05KOJ95
     K09DB1O  C2009 03 19.91274510 21 41.59 +70 42 23.2          12.3 Ro~05KOJ95
     K09DB1O  C2009 03 19.91309410 21 29.22 +70 43 48.8          13.0 Ro~05KOJ95
     K09DB1O  C2009 03 19.91506 10 19 30.30 +70 52 43.5                c~06Bf127
     K09DB1O  C2009 03 19.91552 10 19 13.59 +70 54 34.5                c~06Bf127
     K09DB1O  C2009 03 19.91598 10 18 56.88 +70 56 26.7                c~06Bf127
     K09DB1O  C2009 03 19.91645 10 18 39.72 +70 58 19.6                c~06Bf127
     K09DB1O  C2009 03 19.91691 10 18 22.71 +71 00 11.8                c~06Bf127
     K09DB1O  C2009 03 19.91737 10 18 05.61 +71 02 04.1                c~06Bf127
     K09DB1O  C2009 03 19.91784 10 17 48.41 +71 03 55.9                c~06Bf127
     K09DB1O  C2009 03 19.91830 10 17 31.21 +71 05 48.3                c~06Bf127
     K09DB1O  C2009 03 19.92475 10 14 20.98 +71 31 35.2          13.4 Vo~05KOJ77
     K09DB1O  C2009 03 19.92561 10 13 46.85 +71 35 05.8          13.7 Vo~05KOJ77
     K09DB1O  C2009 03 19.92691 10 12 55.38 +71 40 20.9          13.3 Vo~05KOJ77
     K09DB1O  C2009 03 19.93071 10 10 22.07 +71 55 38.0          13.1 Vo~05KOJ77
     K09DB1O  C2009 03 20.02605 08 29 25.85 +77 20 43.2          13.0 Vo~05Z9510
     K09DB1O  C2009 03 20.02616 08 29 16.03 +77 20 59.5          13.3 Vo~05Z9510
     K09DB1O  C2009 03 20.02639 08 28 55.37 +77 21 33.7          14.0 Vo~05Z9510
     K09DB1O  C2009 03 20.04242 08 03 39.68 +77 56 55.5          13.5 Vo~05Z9510
     K09DB1O  C2009 03 20.08073807 01 14.64 +79 27 47.9          13.8 Vc~05Z9H55
     K09DB1O  C2009 03 20.08111507 00 25.68 +79 28 03.5          13.1 Vc~05Z9H55
     K09DB1O  C2009 03 20.08136706 59 53.49 +79 28 13.2          13.7 Vc~05Z9H55
     K09DB1O  C2009 03 20.08149806 59 36.76 +79 28 16.1          14.1 Vc~05Z9H55
     K09DB1O  C2009 03 20.08162406 59 20.82 +79 28 21.0          13.6 Vc~05Z9H55
     K09DB1O  C2009 03 20.08187606 58 47.90 +79 28 31.0          13.5 Vc~05Z9H55
     K09DB1O  C2009 03 20.08200606 58 31.14 +79 28 35.6          14.2 Vc~05Z9H55
     K09DB1O  C2009 03 20.08213206 58 15.09 +79 28 40.4          14.7 Vc~05Z9H55
     K09DB1O  C2009 03 20.08251106 57 26.16 +79 28 52.6          13.6 Vc~05Z9H55
     K09DB1O  C2009 03 20.08276506 56 53.47 +79 29 01.1          13.8 Vc~05Z9H55
     K09DB1O  C2009 03 20.08316106 56 02.46 +79 29 12.7          13.2 Vc~05Z9H55
     K09DB1O  C2009 03 20.08328806 55 45.66 +79 29 18.5          13.2 Vc~05Z9H55
     K09DB1O  C2009 03 20.08341406 55 29.83 +79 29 21.4          13.7 Vc~05Z9H55
     K09DB1O  C2009 03 20.08354006 55 13.52 +79 29 25.2          14.2 Vc~05Z9H55
     K09DB1O  C2009 03 20.08366706 54 56.76 +79 29 29.4          13.5 Vc~05Z9H55
     K09DB1O  C2009 03 20.08404906 54 07.83 +79 29 40.8          14.1 Vc~05Z9H55
     K09DB1O  C2009 03 20.08417906 53 50.61 +79 29 44.8          14.6 Vc~05Z9H55
     K09DB1O  C2009 03 20.08430906 53 34.13 +79 29 47.0          14.8 Vc~05Z9H55
     K09DB1O  n2009 03 20.14018504 59 12.98 +78 30 19.8          13.1 Rm~06NEH25
     K09DB1O  n2009 03 20.14028004 59 02.65 +78 30 05.7          13.0 Rm~06NEH25
     K09DB1O  n2009 03 20.14037504 58 52.28 +78 29 51.9          13.3 Rm~06NEH25
     K09DB1O  n2009 03 20.16801704 13 32.18 +77 07 16.0          13.2 Rm~06NEH25
     K09DB1O  n2009 03 20.16807304 13 27.12 +77 07 04.3          13.1 Rm~06NEH25
     K09DB1O  n2009 03 20.16811204 13 23.85 +77 06 56.1          12.9 Rm~06NEH25
     K09DB1O  n2009 03 20.16820704 13 15.64 +77 06 36.9          14.6 Rm~06NEH25
     K09DB1O  n2009 03 20.16830204 13 07.34 +77 06 16.8          13.2 Rm~06NEH25
     K09DB1O  n2009 03 20.17678704 01 17.24 +76 35 45.7          13.1 Rm~06NEH25
     K09DB1O  n2009 03 20.17686004 01 11.34 +76 35 29.2          12.8 Rm~06NEH25
     K09DB1O  n2009 03 20.17695504 01 03.76 +76 35 08.4          12.7 Rm~06NEH25
     K09DB1O  n2009 03 20.17705004 00 55.98 +76 34 47.2          13.0 Rm~06NEH25
     K09DB1O  n2009 03 20.17885703 58 32.40 +76 28 01.5          12.8 Rm~06NEH25
     K09DB1O  n2009 03 20.17891303 58 27.94 +76 27 48.6          12.7 Rm~06NEH25
     K09DB1O  n2009 03 20.17895203 58 24.83 +76 27 39.7          12.6 Rm~06NEH25
     K09DB1O  n2009 03 20.17907503 58 15.22 +76 27 12.0          12.8 Rm~06NEH25
     K09DB1O  n2009 03 20.17909703 58 13.38 +76 27 07.0          13.0 Rm~06NEH25
     K09DB1O  n2009 03 20.19160403 42 45.97 +75 38 04.2          13.5 Rm~06NEH25
     K09DB1O  n2009 03 20.19166003 42 42.09 +75 37 50.4          13.0 Rm~06NEH25
     K09DB1O  n2009 03 20.19175503 42 35.46 +75 37 27.7          13.0 Rm~06NEH25
     K09DB1O  n2009 03 20.19185003 42 28.88 +75 37 03.8          13.2 Rm~06NEH25
     K09DB1O  n2009 03 20.19192303 42 23.69 +75 36 46.5          13.4 Rm~06NEH25
     K09DB1O  n2009 03 20.19196203 42 20.95 +75 36 36.9          13.4 Rm~06NEH25
     K09DB1O  n2009 03 20.19516703 38 41.73 +75 23 28.7          12.7 Rm~06NEH25
     K09DB1O  n2009 03 20.19522303 38 37.94 +75 23 14.7          12.6 Rm~06NEH25
     K09DB1O  n2009 03 20.19526203 38 35.34 +75 23 05.3          12.6 Rm~06NEH25
     K09DB1O  n2009 03 20.19531803 38 31.51 +75 22 51.4          12.6 Rm~06NEH25
     K09DB1O  n2009 03 20.19533503 38 30.38 +75 22 46.8          12.6 Rm~06NEH25
     K09DB1O  n2009 03 20.19535703 38 28.94 +75 22 41.5          13.0 Rm~06NEH25
     K09DB1O 2C2009 12 09.53415509 01 35.896+25 20 10.01         22.4 Ro~0Cft568
     K09DB1O 2C2009 12 09.53951009 01 35.831+25 20 12.22         22.5 Ro~0Cft568
     K09DB1O 2C2009 12 19.50576608 56 36.208+26 44 44.20         22.2 Ro~0Cft568
     K09DB1O 2C2009 12 19.50964408 56 35.950+26 44 46.79         22.2 Ro~0Cft568
     K09DB1O  C2011 10 21.93670 02 58 17.08 +31 20 10.7          19.5 Ro~0aRQ461
     K09DB1O  C2011 10 21.94772 02 58 12.07 +31 19 54.1          19.7 Ro~0aRQ461
     K09DB1O  C2011 10 21.95877 02 58 06.91 +31 19 36.5          19.5 Ro~0aRQ461
     K09DB1O KC2011 10 22.29183602 55 42.14 +31 10 53.6          18.7 Ru~0ZUMH36
     K09DB1O KC2011 10 22.29339502 55 41.42 +31 10 51.0          18.4 Ru~0ZUMH36
     K09DB1O KC2011 10 22.30043302 55 38.19 +31 10 39.7          18.9 Ru~0ZUMH36
     K09DB1O  C2011 11 02.20058 01 59 09.56 +26 14 00.5          19.4 Vr~0ZyqG96
     K09DB1O  C2011 11 02.21102 01 59 07.15 +26 13 45.4          19.4 Vr~0ZyqG96
     K09DB1O  C2011 11 02.22153 01 59 04.84 +26 13 29.1          18.8 Vr~0ZyqG96
     K09DB1O  C2011 11 02.23207 01 59 02.29 +26 13 14.7          19.7 Vr~0ZyqG96
