     K09K21T* C2009 05 29.30801 16 05 36.85 -17 01 43.6          20.6 Vr~07JrG96
     K09K21T  C2009 05 29.31353 16 05 36.34 -17 01 40.8          21.0 Vr~07JrG96
     K09K21T  C2009 05 29.31911 16 05 35.88 -17 01 37.2          21.7 Vr~07JrG96
     K09K21T  C2009 05 29.33294 16 05 34.55 -17 01 30.5          21.2 Vr~07JrG96
     K09K21T  C2009 05 29.33964 16 05 33.92 -17 01 26.9          21.2 Vr~07JrG96
     K09K21T  C2009 05 29.34630 16 05 33.39 -17 01 25.0                r~07JrG96
     K09K21T  C2009 05 29.35282 16 05 32.76 -17 01 20.2          21.4 Vr~07JrG96
     K09K21T  C2009 05 30.28007 16 04 11.42 -16 53 29.4          20.2 Ro~07JrH01
     K09K21T  C2009 05 30.28689 16 04 10.81 -16 53 26.0          20.5 Ro~07JrH01
     K09K21T  C2009 05 30.29407 16 04 10.15 -16 53 22.3          20.4 Ro~07JrH01
     K09K21T  C2009 05 30.31317 16 04 08.42 -16 53 12.7          20.3 Ro~07JrH01
     K09K21T HC2009 05 30.33465 16 04 06.57 -16 53 03.1                o~07Jr291
     K09K21T  C2009 05 30.33970 16 04 06.04 -16 52 58.6          22.2 Vo~07Jr291
     K09K21T  C2009 06 01.19096 16 01 27.66 -16 37 40.3          21.7 Vo~07JrH55
     K09K21T  C2009 06 01.19169016 01 27.61 -16 37 40.3          21.0 Vr~07JrH55
     K09K21T  C2009 06 01.20954416 01 25.98 -16 37 31.8          21.2 Vr~07JrH55
     K09K21T  C2009 06 01.21005 16 01 25.88 -16 37 30.8          21.5 Vo~07JrH55
     K09K21T  C2009 06 01.29621 16 01 18.56 -16 36 48.6          20.8 Ro~07JrH01
     K09K21T  C2009 06 01.30134 16 01 18.10 -16 36 46.0          20.7 Ro~07JrH01
     K09K21T  C2009 06 01.31259 16 01 17.12 -16 36 40.7          20.6 Ro~07JrH01
     K09K21T  C2009 06 01.31803 16 01 16.64 -16 36 38.0          20.8 Ro~07JrH01
     K09K21T  C2009 06 01.33311 16 01 15.38 -16 36 30.4          21.6 Vr~07JrG96
     K09K21T  C2009 06 01.33917 16 01 14.84 -16 36 27.6          21.6 Vr~07JrG96
     K09K21T  C2009 06 01.34542 16 01 14.34 -16 36 24.6          21.6 Vr~07JrG96
     K09K21T  C2009 06 01.35163 16 01 13.72 -16 36 21.2          21.5 Vr~07JrG96
     K09K21T HC2009 06 13.20585 15 46 57.34 -15 12 42.3                o~07TB291
     K09K21T HC2009 06 13.20984 15 46 57.01 -15 12 40.9                o~07TB291
     K09K21T HC2009 06 13.21398 15 46 56.73 -15 12 38.7                o~07TB291
     K09K21T HC2009 06 19.25370 15 41 42.94 -14 41 15.0                o~07TB291
     K09K21T HC2009 06 19.26468 15 41 42.49 -14 41 11.1                o~07TB291
     K09K21T HC2009 06 24.23461 15 38 32.29 -14 21 31.9                o~07YK291
     K09K21T HC2009 06 24.24035 15 38 32.06 -14 21 31.9                o~07YK291
     K09K21T HC2009 06 24.24735 15 38 31.78 -14 21 30.8                o~07YK291
     K09K21T QC2011 03 26.65530 12 45 13.74 -23 02 52.1          19.3 Vr~0U4xE12
     K09K21T QC2011 03 26.66575 12 45 13.05 -23 02 37.3          19.4 Vr~0U4xE12
     K09K21T QC2011 03 26.67620 12 45 12.39 -23 02 22.0          19.0 Vr~0U4xE12
     K09K21T QC2011 03 26.68672 12 45 11.72 -23 02 07.3          19.0 Vr~0U4xE12
     K09K21T  C2011 03 28.59684 12 43 26.27 -22 17 23.4          20.0 Ro~0Ush300
     K09K21T  C2011 03 28.60006 12 43 26.10 -22 17 19.8          19.9 Ro~0Ush300
     K09K21T  C2011 03 28.60330 12 43 25.89 -22 17 15.0          19.9 Ro~0Ush300
     K09K21T  C2011 03 28.60653 12 43 25.69 -22 17 10.7          19.8 Ro~0Ush300
     K09K21T  C2011 03 28.60977 12 43 25.45 -22 17 06.0          19.8 Ro~0Ush300
     K09K21T KC2011 03 31.04906 12 41 13.17 -21 17 53.4          19.11Vu~0U4xI20
     K09K21T KC2011 03 31.06310 12 41 12.35 -21 17 33.1          19.23Vu~0U4xI20
     K09K21T  C2011 04 02.42975 12 39 07.753-20 20 08.21         19.2 rL~0UV0F51
     K09K21T  C2011 04 02.43997 12 39 07.150-20 19 53.31         19.1 rL~0UV1F51
     K09K21T  C2011 04 02.45155 12 39 06.445-20 19 36.11         19.8 gL~0UV1F51
     K09K21T  C2011 04 02.46255 12 39 05.777-20 19 19.83         19.8 gL~0UV1F51
     K09K21T  C2011 04 12.24163 12 32 09.71 -16 24 51.1          19.0  c~0Ush704
     K09K21T  C2011 04 12.25323 12 32 09.28 -16 24 34.2          19.5  c~0Ush704
     K09K21T  C2011 04 12.26503 12 32 08.77 -16 24 17.8          19.7  c~0Ush704
     K09K21T  C2011 04 12.27702 12 32 08.31 -16 24 01.7          19.5  c~0Ush704
     K09K21T  C2011 04 12.29158 12 32 07.73 -16 23 42.0          19.1  c~0Ush704
     K09K21T KC2012 08 24.38093500 55 42.34 +17 43 44.4          22.4 Vu~0iG1H21
     K09K21T KC2012 08 24.39348900 55 42.40 +17 43 47.9          22.3 Vu~0iG1H21
     K09K21T KC2012 08 24.40605500 55 42.42 +17 43 50.7          22.2 Vu~0iG1H21
     K09K21T  c2012 10 08.30172600 20 53.619+14 29 36.87         20.3 wL~0jJWF51
     K09K21T  c2012 10 08.31625200 20 52.331+14 29 24.35         20.3 wL~0jJWF51
     K09K21T  c2012 10 08.33076600 20 51.039+14 29 11.95         20.3 wL~0jJWF51
     K09K21T  c2012 10 08.34530400 20 49.736+14 28 59.38         20.3 wL~0jJWF51
     K09K21T KC2012 11 07.11021 23 50 20.43 +06 11 17.2          20.4 Rq~0kih448
     K09K21T KC2012 11 07.15990 23 50 19.07 +06 10 32.1          20.7 Rq~0kih448
     K09K21T KC2012 11 07.21137 23 50 17.78 +06 09 45.2          19.5 Rq~0kih448
     K09K21T  C2012 12 05.06937 00 02 49.59 +01 39 15.2          21.2 Vr~0m72G96
     K09K21T  C2012 12 05.07468 00 02 49.99 +01 39 14.0          21.1 Vr~0m72G96
     K09K21T  C2012 12 05.08002 00 02 50.31 +01 39 12.9          21.2 Vr~0m72G96
     K09K21T  C2012 12 05.08535 00 02 50.67 +01 39 11.3          20.8 Vr~0m72G96
