j1124K09K03C  C2009 05 04.59432 14 39 26.28 -39 38 30.0          18.9 Vr~079ME12
j1124K09K03C  C2009 05 04.60527 14 39 25.05 -39 38 36.9          18.9 Vr~079ME12
j1124K09K03C  C2009 05 04.61607 14 39 23.90 -39 38 44.0          18.4 Vr~079ME12
j1124K09K03C  C2009 05 04.62683 14 39 22.60 -39 38 52.5          18.8 Vr~079ME12
j1124K09K03C* C2009 05 23.65086 13 56 05.82 -42 30 41.5          18.4 Vr~079ME12
j1124K09K03C  C2009 05 23.65873 13 56 04.59 -42 30 43.8          18.4 Vr~079ME12
j1124K09K03C  C2009 05 23.67602 13 56 01.79 -42 30 48.2          18.7 Vr~079ME12
j1124K09K03C  C2009 05 23.67678 13 56 01.68 -42 30 48.6          18.5 Vr~079ME12
j1124K09K03C  C2009 05 23.67756 13 56 01.56 -42 30 49.0          18.2 Vr~079ME12
j1124K09K03C  C2009 05 23.67831 13 56 01.42 -42 30 49.1          18.5 Vr~079ME12
j1124K09K03C  C2009 05 23.67907 13 56 01.28 -42 30 49.2          18.5 Vr~079ME12
j1124K09K03C QC2009 05 23.68899 13 55 59.72 -42 30 52.1          18.3 Rr~079ME12
j1124K09K03C  C2009 05 24.03118 13 55 07.02 -42 32 47.2          17.5 Rr~079MI77
j1124K09K03C  C2009 05 24.03224 13 55 06.89 -42 32 47.6          17.2 Rr~079MI77
j1124K09K03C  C2009 05 24.03638 13 55 06.13 -42 32 49.3          17.8 Rr~079MI77
j1124K09K03C  C2009 05 24.38498 13 54 11.99 -42 34 27.5          18.2 Vo~079ME16
j1124K09K03C QC2009 05 24.38868 13 54 11.33 -42 34 29.4          17.8 Rr~079ME12
j1124K09K03C  C2009 05 24.39139 13 54 10.93 -42 34 29.5          18.6 Vo~079ME16
j1124K09K03C QC2009 05 24.49722 13 53 53.37 -42 35 03.0          18.8 Rr~079ME12
j1124K09K03C QC2009 05 25.38217 13 51 34.00 -42 39 09.5          18.2 Vr~079ME12
j1124K09K03C QC2009 05 25.40303 13 51 30.56 -42 39 15.8          18.0 Vr~079ME12
j1124K09K03C QC2009 05 25.45105 13 51 22.55 -42 39 29.8                r~079ME12
j1124K09K03C  C2009 05 25.47447 13 51 18.66 -42 39 35.1          18.2 Vo~079ME16
j1124K09K03C  C2009 05 25.48771 13 51 16.44 -42 39 38.6          18.6 Vo~079ME16
j1124K09K03C  C2009 05 25.49371 13 51 15.42 -42 39 40.4          17.8 Cv~079ME16
j1124K09K03C  C2009 05 25.50837 13 51 12.96 -42 39 44.0          18.1 Cv~079ME16
j1124K09K03C  C2009 05 25.51653 13 51 11.60 -42 39 46.5          17.8 Ro~079ME16
j1124K09K03C  C2009 05 25.74769 13 50 33.90 -42 40 41.7          18.6 Rc~079MD21
j1124K09K03C  C2009 05 25.75480 13 50 32.81 -42 40 43.0          18.0 Rc~079MD21
j1124K09K03C  C2009 05 25.76019 13 50 31.84 -42 40 44.3          18.7 Rc~079MD21
j1124K09K03C  C2009 05 28.41070 13 43 31.49 -42 50 39.3          18.4 Vo~079ME16
j1124K09K03C  C2009 05 28.45613 13 43 23.85 -42 50 47.5          18.2 Vo~079ME16
j1124K09K03C  C2009 06 10.00312 13 11 24.75 -42 59 14.1                r~07T8808
j1124K09K03C  C2009 06 10.01007 13 11 23.70 -42 59 14.0                r~07T8808
j1124K09K03C  C2009 06 10.01875 13 11 22.52 -42 59 15.8                r~07T8808
j1124K09K03C  C2009 06 10.98264 13 09 07.15 -42 57 48.1                r~07T8808
j1124K09K03C  C2009 06 10.99063 13 09 06.00 -42 57 47.1                r~07T8808
j1124K09K03C  C2009 06 11.37647 13 08 12.53 -42 57 08.9          17.7 Vc~07T8E18
j1124K09K03C  C2009 06 11.39076 13 08 10.43 -42 57 07.2          17.9 Vc~07T8E18
j1124K09K03C  C2009 06 11.40309 13 08 08.54 -42 57 06.2          17.7 Vc~07T8E18
j1124K09K03C  C2009 06 12.34744813 05 59.40 -42 55 25.9                r~07T8432
j1124K09K03C  C2009 06 12.36263913 05 57.14 -42 55 26.4                r~07T8432
j1124K09K03C  C2009 06 12.97882 13 04 34.18 -42 54 13.4                r~07T8808
j1124K09K03C  C2009 06 12.98576 13 04 33.07 -42 54 12.4                r~07T8808
j1124K09K03C  C2009 06 12.99306 13 04 32.04 -42 54 11.9                r~07T8808
j1124K09K03C  C2009 06 13.18952 13 04 03.96 -42 53 39.7          17.7 Cr~07T8I20
j1124K09K03C  C2009 06 13.19586 13 04 03.11 -42 53 38.6          17.9 Cr~07T8I20
j1124K09K03C  C2009 06 13.20242 13 04 02.23 -42 53 37.1          17.9 Cr~07T8I20
j1124K09K03C QC2009 06 13.40383 13 03 36.929-42 53 21.89         18.2 Vr~07T8E12
j1124K09K03C QC2009 06 13.40670 13 03 36.513-42 53 21.65         18.2 Vr~07T8E12
j1124K09K03C QC2009 06 13.42671 13 03 33.641-42 53 19.08         18.2 Vr~07T8E12
j1124K09K03C QC2009 06 17.52961 12 54 51.04 -42 43 32.2          17.9 Rr~07T8E12
j1124K09K03C QC2009 06 17.53521 12 54 50.31 -42 43 31.0          17.9 Rr~07T8E12
j1124K09K03C QC2009 06 24.49653 12 42 01.94 -42 24 52.8          18.3 Rr~07YHE12
j1124K09K03C QC2009 06 24.50421 12 42 01.07 -42 24 51.0          18.4 Rr~07YHE12
j1124K09K03C  C2009 07 08.33886 12 22 50.37 -42 03 03.7          18.1 Rr~07fLE16
j1124K09K03C  C2009 07 08.34561 12 22 49.79 -42 03 03.4          18.1 Rr~07fLE16
j1124K09K03C  C2009 07 09.04023 12 21 58.69 -42 02 47.6          17.9 Cr~07fLI20
j1124K09K03C  C2009 07 09.04549 12 21 58.25 -42 02 46.9          18.0 Cr~07fLI20
j1124K09K03C  C2009 07 09.05124 12 21 57.76 -42 02 46.2          17.9 Cr~07fLI20
j1124K09K03C  C2009 07 13.99488 12 16 04.57 -42 04 09.2          18.3  r~07fLI36
j1124K09K03C  C2009 07 14.00013 12 16 04.13 -42 04 09.0          18.2  r~07fLI36
j1124K09K03C  C2009 07 14.00539 12 16 03.63 -42 04 08.6          18.6  r~07fLI36
j1124K09K03C  C2009 07 17.39820612 11 49.99 -42 07 30.0                r~07mJ432
j1124K09K03C  C2009 07 17.42725712 11 47.30 -42 07 26.2                r~07mJ432
j1124K09K03C QC2009 07 24.35972 12 01 26.41 -42 17 26.3          17.8 Vr~07sgE12
j1124K09K03C QC2009 07 24.36205 12 01 26.106-42 17 26.28         17.8 Vr~07sgE12
j1124K09K03C QC2009 07 28.37587 11 53 16.44 -42 21 41.9          17.9 Vr~07sgE12
j1124K09K03C QC2009 07 31.38378 11 45 19.56 -42 20 52.7          17.7 Vr~07sgE12
j1124K09K03C QC2009 08 02.36436 11 38 53.11 -42 16 39.0          18.0 Vr~07sgE12
j1124K09K03C QC2009 08 03.38720 11 35 04.68 -42 12 36.6          18.1 Vr~07sgE12
j1124K09K03C  C2009 08 03.41177 11 34 58.86 -42 12 23.0          17.8 Rr~07sgE16
j1124K09K03C  C2009 08 03.42041 11 34 56.77 -42 12 18.8          18.0 Rr~07sgE16
j1124K09K03C  C2009 08 03.42914 11 34 54.68 -42 12 14.3          18.1 Rr~07sgE16
j1124K09K03C QC2009 08 04.38141 11 31 01.42 -42 07 16.4          18.1 Vr~08CVE12
j1124K09K03C  C2009 08 11.36660 10 48 02.21 -40 08 19.7          17.7 Rr~08CVE16
j1124K09K03C  C2009 08 11.37250 10 47 59.11 -40 08 05.7          17.7 Rr~08CVE16
j1124K09K03C QC2009 08 11.37691 10 47 56.58 -40 07 57.9          18.0 Vr~08CVE12
j1124K09K03C  C2009 08 11.37894 10 47 55.73 -40 07 50.2          17.7 Rr~08CVE16
j1124K09K03C QC2009 08 11.37939 10 47 55.28 -40 07 51.9          17.7 Vr~08CVE12
j1124K09K03C QC2009 08 12.37094 10 38 54.13 -39 29 43.5          17.7 Vr~08CVE12
j1124K09K03C QC2009 08 12.37381 10 38 52.48 -39 29 35.0          17.6 Vr~08CVE12
j1124K09K03C QC2009 08 26.81653406 23 11.37 +09 27 24.2          16.2 Vr~08UyE12
j1124K09K03C  C2009 08 26.90347 06 21 25.27 +09 54 28.1          16.9 Rc~08UyD21
j1124K09K03C  C2009 08 26.90473 06 21 23.68 +09 54 51.8          17.0 Rc~08UyD21
j1124K09K03C  C2009 08 26.90600 06 21 22.06 +09 55 16.1          16.8 Rc~08UyD21
j1124K09K03C  C2009 08 28.12517 05 57 29.90 +15 45 11.3                v~08eG204
j1124K09K03C  C2009 08 28.12611 05 57 28.81 +15 45 26.5                v~08eG204
j1124K09K03C  C2009 08 28.12705 05 57 27.72 +15 45 42.0                v~08eG204
j1124K09K03C  C2009 08 28.12800 05 57 26.64 +15 45 57.3                v~08eG204
j1124K09K03C  C2009 08 28.12894 05 57 25.54 +15 46 12.7          16.0 Cv~08eG204
j1124K09K03C 1C2009 09 01.03072 04 54 27.53 +28 55 18.6          15.7  o~0GD4084
j1124K09K03C 1C2009 09 01.03556 04 54 23.50 +28 56 01.2          15.9  o~0GD4084
j1124K09K03C 1C2009 09 02.03875 04 41 26.92 +31 08 27.4          16.1  o~0GD4084
j1124K09K03C 1C2009 09 02.03939 04 41 26.45 +31 08 31.8          16.4  o~0GD4084
j1124K09K03C |C2009 09 02.43462 04 36 41.31 +31 55 35.2          16.6 Co~08xoH06
j1124K09K03C |C2009 09 02.43686 04 36 39.63 +31 55 50.7          16.6 Co~08xoH06
j1124K09K03C |C2009 09 02.43909 04 36 37.96 +31 56 06.3          16.5 Co~08xoH06
j1124K09K03C 1C2009 09 03.04088 04 29 40.32 +32 59 53.9          16.4  r~0GD4084
j1124K09K03C 1C2009 09 03.04283 04 29 38.97 +33 00 05.9          16.3  r~0GD4084
j1124K09K03C  C2009 09 04.07209 04 18 42.94 +34 36 57.5          16.0 Rr~08xoJ51
j1124K09K03C  C2009 09 04.07698 04 18 39.88 +34 37 24.2          16.1 Rr~08xoJ51
j1124K09K03C  C2009 09 04.08186 04 18 36.82 +34 37 50.9          16.1 Rr~08xoJ51
j1124K09K03C  C2009 09 05.16574 04 08 01.19 +36 03 08.4          15.5 Cw~08xoJ05
j1124K09K03C  C2009 09 05.16944 04 07 59.01 +36 03 24.7          15.6 Cw~08xoJ05
j1124K09K03C  C2009 09 05.17309 04 07 56.85 +36 03 40.7          15.5 Cw~08xoJ05
j1124K09K03C  C2009 09 05.17673 04 07 54.72 +36 03 56.8          15.6 Cw~08xoJ05
j1124K09K03C  C2009 09 06.10173 03 59 42.18 +37 05 33.2          16.1 Rr~08xo118
j1124K09K03C  C2009 09 06.10514 03 59 40.33 +37 05 46.1          15.9 Rr~08xo118
j1124K09K03C  C2009 09 06.10742 03 59 39.13 +37 05 54.8          16.2 Rr~08xo118
j1124K09K03C  C2009 09 06.12106 03 59 31.68 +37 06 46.6          16.1 Rr~08xo118
j1124K09K03C  C2009 09 06.12334 03 59 30.49 +37 06 55.0          16.0 Rr~08xo118
j1124K09K03C  C2009 09 06.12675 03 59 28.62 +37 07 07.8          16.0 Rr~08xo118
j1124K09K03C  C2009 09 09.45439 03 34 38.93 +39 49 03.5          15.4 Rv~08xoH47
j1124K09K03C  C2009 09 09.45656 03 34 37.95 +39 49 08.4          15.2 Rv~08xoH47
j1124K09K03C  C2009 09 09.45840 03 34 37.22 +39 49 12.5          15.3 Rv~08xoH47
j1124K09K03C 1C2009 09 09.90938 03 31 47.03 +40 04 47.9          16.6  r~0GD4084
j1124K09K03C 1C2009 09 09.91130 03 31 46.27 +40 04 52.7          16.8  r~0GD4084
j1124K09K03C  C2009 09 09.96412 03 31 27.50 +40 06 56.7          15.6 Cw~08xo160
j1124K09K03C  C2009 09 09.96598 03 31 26.79 +40 07 01.1          15.7 Cw~08xo160
j1124K09K03C  C2009 09 09.96769 03 31 26.11 +40 07 04.9          15.7 Cw~08xo160
j1124K09K03C  C2009 09 09.96980 03 31 25.29 +40 07 09.9          15.6 Cw~08xo160
j1124K09K03C  C2009 09 09.97189 03 31 24.47 +40 07 14.7          15.7 Cw~08xo160
j1124K09K03C 1C2009 09 10.96648 03 25 19.27 +40 39 26.5          16.2  r~0GD4084
j1124K09K03C 1C2009 09 10.96851 03 25 18.52 +40 39 30.6          16.3  r~0GD4084
j1124K09K03C  C2009 09 11.03899 03 24 54.51 +40 41 43.9                r~097bJ95
j1124K09K03C  C2009 09 11.10933 03 24 28.46 +40 43 57.0                r~097bJ95
j1124K09K03C  C2009 09 11.14894 03 24 13.74 +40 45 09.0          16.0 Rr~097bJ95
j1124K09K03C  C2009 09 11.19194 03 24 02.61 +40 46 07.7          15.7 Ro~097bH26
j1124K09K03C  C2009 09 11.19238 03 24 02.43 +40 46 08.8          15.8 Ro~097bH26
j1124K09K03C  C2009 09 11.19282 03 24 02.27 +40 46 09.4          15.7 Ro~097bH26
j1124K09K03C  C2009 09 11.19326 03 24 02.13 +40 46 10.5          15.7 Ro~097bH26
j1124K09K03C  C2009 09 11.19372 03 24 01.97 +40 46 11.2          15.7 Ro~097bH26
j1124K09K03C  C2009 09 11.19417 03 24 01.81 +40 46 12.3          15.7 Ro~097bH26
j1124K09K03C  C2009 09 11.19461 03 24 01.64 +40 46 13.0          15.8 Ro~097bH26
j1124K09K03C  C2009 09 11.19505 03 24 01.52 +40 46 13.9          15.7 Ro~097bH26
j1124K09K03C  C2009 09 11.19549 03 24 01.35 +40 46 15.1          15.9 Ro~097bH26
j1124K09K03C  C2009 09 11.19594 03 24 01.22 +40 46 15.7          15.8 Ro~097bH26
j1124K09K03C  C2009 09 11.99334 03 19 29.82 +41 08 15.6          15.6 Co~097bJ16
j1124K09K03C  C2009 09 11.99487 03 19 29.36 +41 08 18.6          15.6 Co~097bJ16
j1124K09K03C  C2009 09 11.99843 03 19 28.13 +41 08 24.1          15.4 Co~097bJ16
j1124K09K03C  C2009 09 12.00206 03 19 26.92 +41 08 31.1          15.4 Co~097bJ16
j1124K09K03C  C2009 09 12.01337 03 19 23.03 +41 08 49.9          15.7 Co~097bJ16
j1124K09K03C  C2009 09 12.01693 03 19 21.83 +41 08 56.3          15.5 Co~097bJ16
j1124K09K03C  C2009 09 12.02057 03 19 20.57 +41 09 02.2          15.3 Co~097bJ16
j1124K09K03C 1C2009 09 12.02932 03 19 15.73 +41 09 20.3          16.3  o~0GD4084
j1124K09K03C 1C2009 09 12.02998 03 19 15.49 +41 09 21.6          16.5  r~0GD4084
j1124K09K03C 1C2009 09 12.03125 03 19 15.06 +41 09 23.6          16.5  r~0GD4084
j1124K09K03C  C2009 09 15.81426 03 00 39.00 +42 24 24.4          16.2 Rr~097bC00
j1124K09K03C  C2009 09 15.82275 03 00 36.73 +42 24 33.1          16.1 Rr~097bC00
j1124K09K03C  C2009 09 15.83009 03 00 34.76 +42 24 40.6          15.9 Rr~097bC00
j1124K09K03C  C2009 09 16.01523 02 59 44.24 +42 27 44.3          16.0 Rr~097b118
j1124K09K03C  C2009 09 16.02199 02 59 42.33 +42 27 50.5          15.9 Rr~097b118
j1124K09K03C  C2009 09 16.02874 02 59 40.42 +42 27 56.8          16.0 Rr~097b118
j1124K09K03C  C2009 09 16.03774 02 59 37.87 +42 28 04.9          15.9 Rr~097b118
j1124K09K03C  C2009 09 16.04675 02 59 35.31 +42 28 13.0          16.0 Rr~097b118
j1124K09K03C  C2009 09 16.05238 02 59 33.71 +42 28 18.0          16.0 Rr~097b118
j1124K09K03C  C2009 09 17.77061 02 52 21.19 +42 48 51.4          16.1 Rr~09LZC00
j1124K09K03C  C2009 09 17.78385 02 52 18.01 +42 49 01.7          16.4 Rr~09LZC00
j1124K09K03C  C2009 09 17.88892 02 51 52.86 +42 50 14.2                c~0AGW127
j1124K09K03C  C2009 09 17.89279 02 51 51.89 +42 50 17.1                c~0AGW127
j1124K09K03C  C2009 09 17.89757 02 51 50.75 +42 50 20.4                c~0AGW127
j1124K09K03C  C2009 09 17.90197 02 51 49.63 +42 50 24.5                c~0AGW127
j1124K09K03C 1C2009 09 18.05047 02 51 10.88 +42 52 01.9          16.4  r~0GD4084
j1124K09K03C 1C2009 09 18.05249 02 51 10.38 +42 52 03.0          16.5  r~0GD4084
j1124K09K03C  C2009 09 18.84064 02 48 07.14 +42 59 06.8          16.1 Rr~09LZC00
j1124K09K03C  C2009 09 18.84491 02 48 06.13 +42 59 09.7          16.1 Rr~09LZC00
j1124K09K03C  C2009 09 20.76846 02 40 57.50 +43 12 09.6          16.4 Rr~09LZC00
j1124K09K03C  C2009 09 20.78133 02 40 54.78 +43 12 15.2          16.3 Rr~09LZC00
j1124K09K03C  C2009 09 20.79091 02 40 52.73 +43 12 19.2          16.1 Rr~09LZC00
j1124K09K03C  C2009 09 20.83734 02 40 42.96 +43 12 35.9          16.4 Co~09LZB76
j1124K09K03C  C2009 09 20.84528 02 40 41.33 +43 12 39.6          15.2 Co~09LZB76
j1124K09K03C  C2009 09 20.85323 02 40 39.56 +43 12 43.0          16.0 Co~09LZB76
j1124K09K03C  C2009 09 21.96569 02 36 46.08 +43 17 45.5          15.6 Co~09LZB75
j1124K09K03C  C2009 09 21.96709 02 36 45.82 +43 17 45.6          15.3 Co~09LZB75
j1124K09K03C  C2009 09 21.96788 02 36 45.65 +43 17 46.0          15.6 Co~09LZB75
j1124K09K03C  C2009 09 21.96948 02 36 45.27 +43 17 46.6          15.8 Co~09LZB75
j1124K09K03C  C2009 09 21.97057 02 36 44.97 +43 17 47.4          15.6 Co~09LZB75
j1124K09K03C  C2009 09 21.97628 02 36 45.20 +43 17 51.1          16.2 Rr~09LZJ51
j1124K09K03C  C2009 09 21.98871 02 36 42.55 +43 17 55.8          16.3 Rr~09LZJ51
j1124K09K03C  C2009 09 21.99976 02 36 40.20 +43 17 59.7          16.3 Rr~09LZJ51
j1124K09K03C  C2009 09 22.88307 02 33 42.07 +43 20 16.5          16.2 Cr~09LZ160
j1124K09K03C  C2009 09 22.88451 02 33 41.77 +43 20 16.9          16.3 Cr~09LZ160
j1124K09K03C  C2009 09 22.88596 02 33 41.48 +43 20 17.2          16.4 Cr~09LZ160
j1124K09K03C  C2009 09 22.92068 02 33 34.06 +43 20 20.9                c~0AGW127
j1124K09K03C  C2009 09 22.92934 02 33 32.29 +43 20 23.1                c~0AGW127
j1124K09K03C  C2009 09 22.93391 02 33 31.32 +43 20 24.0                c~0AGW127
j1124K09K03C  C2009 09 22.93770 02 33 30.52 +43 20 24.9                c~0AGW127
j1124K09K03C  C2009 09 22.98160 02 33 21.46 +43 20 38.0          16.0 Co~09LZB75
j1124K09K03C  C2009 09 23.93654 02 30 16.04 +43 22 06.1          15.1 Ro~09csA92
j1124K09K03C  C2009 09 23.94141 02 30 15.00 +43 22 07.0          15.3 Ro~09csA92
j1124K09K03C  C2009 09 23.95090 02 30 13.01 +43 22 07.7          15.1 Ro~09csA92
j1124K09K03C  C2009 09 23.95874 02 30 11.40 +43 22 08.2          15.1 Ro~09ctA92
j1124K09K03C  C2009 09 23.96218 02 30 10.74 +43 22 09.2          15.3 Ro~09ctA92
j1124K09K03C KC2009 09 23.97017 02 30 09.88 +43 22 05.6          15.5 Cv~0JWYB75
j1124K09K03C KC2009 09 23.97319 02 30 09.08 +43 22 05.6          16.4 Cv~0JWYB75
j1124K09K03C  C2009 09 24.05172 02 29 52.87 +43 22 13.9          16.0 Rr~09ct130
j1124K09K03C  C2009 09 24.05272 02 29 52.67 +43 22 13.6          16.1 Rr~09ct130
j1124K09K03C  C2009 09 24.05423 02 29 52.35 +43 22 13.9          16.1 Rr~09ct130
j1124K09K03C  C2009 09 24.05574 02 29 52.02 +43 22 14.0          16.0 Rr~09ct130
j1124K09K03C 1C2009 09 24.10668 02 29 41.02 +43 22 03.2          17.0  r~0GD4084
j1124K09K03C 1C2009 09 24.10867 02 29 40.61 +43 22 03.5          17.2  r~0GD4084
j1124K09K03C  C2009 09 24.76403 02 27 41.01 +43 22 05.2          16.4 Rr~09LZC00
j1124K09K03C  C2009 09 24.76696 02 27 40.43 +43 22 05.7          16.4 Rr~09LZC00
j1124K09K03C  C2009 09 24.77494 02 27 38.96 +43 22 06.8          16.3 Rr~09LZC00
j1124K09K03C 1C2009 09 25.88739 02 24 15.61 +43 21 26.6          16.8  r~0GD4084
j1124K09K03C  C2009 09 25.91080 02 24 11.97 +43 21 30.4          16.4 Rr~09ct118
j1124K09K03C  C2009 09 25.92556 02 24 09.16 +43 21 30.3          16.4 Rr~09ct118
j1124K09K03C  C2009 09 25.94032 02 24 06.34 +43 21 30.2          16.4 Rr~09ct118
j1124K09K03C  C2009 09 25.95803 02 24 02.96 +43 21 29.8          16.4 Rr~09ct118
j1124K09K03C  C2009 09 26.79348 02 21 37.33 +43 19 41.5          16.4 Rr~09ct118
j1124K09K03C  C2009 09 26.79791 02 21 36.55 +43 19 41.4          16.4 Rr~09ct118
j1124K09K03C  C2009 09 26.80528 02 21 35.25 +43 19 41.2          16.4 Rr~09ct118
j1124K09K03C  C2009 09 26.81119 02 21 34.21 +43 19 41.1          16.4 Rr~09ct118
j1124K09K03C  C2009 09 26.99247 02 21 01.90 +43 19 31.5                w~09ctB19
j1124K09K03C  C2009 09 26.99841 02 21 00.80 +43 19 31.3                w~09ctB19
j1124K09K03C  C2009 09 27.00432 02 20 59.65 +43 19 30.8                w~09ctB19
j1124K09K03C  C2009 09 27.28077 02 20 12.14 +43 18 51.3          16.5 Rr~09ctH45
j1124K09K03C  C2009 09 27.28211 02 20 11.89 +43 18 51.1          16.4 Rr~09ctH45
j1124K09K03C  C2009 09 27.28430 02 20 11.48 +43 18 50.8          16.5 Rr~09ctH45
j1124K09K03C  C2009 09 27.28571 02 20 11.21 +43 18 50.7          16.4 Rr~09ctH45
j1124K09K03C  C2009 09 27.28692 02 20 11.00 +43 18 50.3          16.5 Rr~09ctH45
j1124K09K03C  C2009 09 27.28861 02 20 10.68 +43 18 50.2          16.4 Rr~09ctH45
j1124K09K03C  C2009 09 27.51520 02 19 33.88 +43 17 59.1          16.9 Vr~09ct379
j1124K09K03C  C2009 09 27.51763 02 19 33.47 +43 17 59.2          16.8 Vr~09ct379
j1124K09K03C  C2009 09 27.56587 02 19 24.80 +43 17 55.6          16.2 Vr~09ct379
j1124K09K03C  C2009 09 27.57073 02 19 23.93 +43 17 55.4          16.5 Vr~09ct379
j1124K09K03C  C2009 09 27.57772 02 19 22.65 +43 17 55.0          16.5 Vr~09ct379
j1124K09K03C  C2009 09 27.58015 02 19 22.20 +43 17 54.7          16.5 Vr~09ct379
j1124K09K03C  C2009 09 27.81468 02 18 43.02 +43 16 47.9                c~0AGW127
j1124K09K03C  C2009 09 27.82377 02 18 41.49 +43 16 47.3                c~0AGW127
j1124K09K03C  C2009 09 27.83001 02 18 40.46 +43 16 46.6                c~0AGW127
j1124K09K03C  C2009 09 27.83670 02 18 39.25 +43 16 48.5                r~09pp557
j1124K09K03C  C2009 09 27.84016 02 18 38.72 +43 16 45.7                c~0AGW127
j1124K09K03C  C2009 09 27.87604 02 18 32.43 +43 16 44.4                r~09pp557
j1124K09K03C  C2009 09 27.87885 02 18 31.94 +43 16 43.3          16.6 Rr~09ct113
j1124K09K03C  C2009 09 27.88065 02 18 31.63 +43 16 43.1          16.6 Rr~09ct113
j1124K09K03C  C2009 09 27.88249 02 18 31.31 +43 16 42.8          16.6 Rr~09ct113
j1124K09K03C  C2009 09 27.88431 02 18 30.99 +43 16 42.6          16.6 Rr~09ct113
j1124K09K03C  C2009 09 27.88611 02 18 30.67 +43 16 42.4          16.5 Rr~09ct113
j1124K09K03C  C2009 09 27.92101 02 18 24.50 +43 16 38.8                r~09pp557
j1124K09K03C  C2009 09 27.96090 02 18 17.38 +43 16 32.9                r~09pp557
j1124K09K03C  C2009 09 28.00025 02 18 10.29 +43 16 26.1                r~09pp557
j1124K09K03C  C2009 09 28.04522 02 18 02.18 +43 16 17.0                r~09pp557
j1124K09K03C  C2009 09 28.08456 02 17 55.11 +43 16 07.8                r~09pp557
j1124K09K03C  C2009 09 28.12953 02 17 47.10 +43 15 56.1                r~09pp557
j1124K09K03C  C2009 09 28.76691 02 16 05.77 +43 13 09.2          16.8 Vo~09ct151
j1124K09K03C  C2009 09 28.76889 02 16 05.45 +43 13 09.1          16.8 Vo~09ct151
j1124K09K03C  C2009 09 28.77087 02 16 05.13 +43 13 08.8          16.6 Vo~09ct151
j1124K09K03C  C2009 09 29.11716 02 15 05.76 +43 11 58.0          16.4 Cw~09ct160
j1124K09K03C  C2009 09 29.11991 02 15 05.27 +43 11 57.2          16.4 Cw~09ct160
j1124K09K03C  C2009 09 29.12267 02 15 04.80 +43 11 56.3          16.4 Cw~09ct160
j1124K09K03C 1C2009 09 30.01397 02 12 44.32 +43 07 23.8          17.0  r~0GD4084
j1124K09K03C 1C2009 09 30.01600 02 12 43.98 +43 07 22.8          16.9  r~0GD4084
j1124K09K03C  C2009 09 30.28843 02 12 03.11 +43 06 08.3          17.0  c~09pp704
j1124K09K03C  C2009 09 30.30079 02 12 01.03 +43 06 04.5          17.0  c~09pp704
j1124K09K03C  C2009 09 30.31315 02 11 58.92 +43 06 01.1          17.0  c~09pp704
j1124K09K03C  C2009 09 30.32549 02 11 56.73 +43 05 59.3          18.4  c~09pp704
j1124K09K03C  C2009 09 30.33785 02 11 54.67 +43 05 53.2          17.1  c~09pp704
j1124K09K03C  C2009 10 02.90464 02 05 34.72 +42 48 38.0          16.7 Cw~09ppJ28
j1124K09K03C  C2009 10 02.91184 02 05 33.65 +42 48 35.3          16.5 Cw~09ppJ28
j1124K09K03C  C2009 10 02.91906 02 05 32.55 +42 48 32.4          16.3 Cw~09ppJ28
j1124K09K03C 1C2009 10 03.00647 02 05 17.84 +42 47 46.1          16.9  r~0GD4084
j1124K09K03C 1C2009 10 03.00775 02 05 17.66 +42 47 45.8          17.1  r~0GD4084
j1124K09K03C  C2009 10 03.95265 02 03 07.62 +42 40 18.8          16.9 Rr~09pp954
j1124K09K03C  C2009 10 03.95636 02 03 07.27 +42 40 17.6          16.8 Rr~09pp954
j1124K09K03C  C2009 10 03.96027 02 03 06.55 +42 40 16.6          16.7 Rr~09pp954
j1124K09K03C  C2009 10 10.52514 01 49 31.18 +41 31 56.8          17.0 Vr~09yv379
j1124K09K03C  C2009 10 10.52704 01 49 30.94 +41 31 55.5          16.9 Vr~09yv379
j1124K09K03C  C2009 10 10.52890 01 49 30.69 +41 31 54.2          16.6 Vr~09yv379
j1124K09K03C  C2009 10 10.53293 01 49 30.21 +41 31 51.6          16.3 Vr~09yv379
j1124K09K03C  C2009 10 10.53479 01 49 29.99 +41 31 50.3          16.4 Vr~09yv379
j1124K09K03C  C2009 10 10.54458 01 49 28.84 +41 31 43.6          17.1 Vr~09yv379
j1124K09K03C  C2009 10 10.54645 01 49 28.58 +41 31 42.7          17.0 Vr~09yv379
j1124K09K03C  C2009 10 10.54831 01 49 28.35 +41 31 41.4          17.0 Vr~09yv379
j1124K09K03C  C2009 10 11.47508 01 47 48.14 +41 20 07.5          16.6 Vr~09yv379
j1124K09K03C  C2009 10 11.48281 01 47 47.25 +41 20 01.7          16.8 Vr~09yv379
j1124K09K03C  C2009 10 11.48470 01 47 47.01 +41 20 00.4          17.1 Vr~09yv379
j1124K09K03C  C2009 10 11.50049 01 47 45.24 +41 19 50.0          17.8 Vr~09yw379
j1124K09K03C  C2009 10 11.50235 01 47 45.02 +41 19 48.4          17.7 Vr~09yw379
j1124K09K03C  C2009 10 11.50851 01 47 44.32 +41 19 44.7          16.9 Vr~09yw379
j1124K09K03C  C2009 10 11.84692 01 47 08.48 +41 15 21.3          16.8 Rr~09ywB49
j1124K09K03C  C2009 10 11.85247 01 47 07.88 +41 15 17.3          16.9 Rr~09ywB49
j1124K09K03C  C2009 10 11.85802 01 47 07.27 +41 15 13.6          16.9 Rr~09ywB49
j1124K09K03C  C2009 10 11.97321 01 46 53.34 +41 13 50.9          16.9 Ri~0AGW071
j1124K09K03C  C2009 10 11.97574 01 46 53.10 +41 13 49.1          16.9 Ri~0AGW071
j1124K09K03C  C2009 10 11.97848 01 46 52.83 +41 13 47.5          17.1 Ri~0AGW071
j1124K09K03C  C2009 10 11.98162 01 46 52.43 +41 13 42.1          17.0 Ri~0AGW071
j1124K09K03C  C2009 10 12.00881 01 46 50.17 +41 13 24.0          16.7 Rr~09ywJ27
j1124K09K03C  C2009 10 12.02127 01 46 48.71 +41 13 14.6          16.8 Rr~09ywJ27
j1124K09K03C  C2009 10 12.02726 01 46 48.02 +41 13 10.0          16.8 Rr~09ywJ27
j1124K09K03C  C2009 10 13.62410 01 44 05.70 +40 52 10.9          17.0 Rm~0BiM355
j1124K09K03C  C2009 10 13.62731 01 44 05.38 +40 52 08.5                m~0BiM355
j1124K09K03C  C2009 10 13.63157 01 44 04.88 +40 52 05.1                m~0BiM355
j1124K09K03C  C2009 10 14.00899 01 43 27.87 +40 46 53.3          16.7 Cv~0JWYB75
j1124K09K03C  C2009 10 14.01020 01 43 27.66 +40 46 52.9          16.6 Cv~0JWYB75
j1124K09K03C  C2009 10 14.01241 01 43 27.51 +40 46 50.5          17.0 Cv~0JWYB75
j1124K09K03C  C2009 10 14.01334 01 43 27.41 +40 46 50.3          16.8 Cv~0JWYB75
j1124K09K03C  C2009 10 14.01509 01 43 27.22 +40 46 49.6          16.8 Cv~0JWYB75
j1124K09K03C  C2009 10 14.07044 01 43 21.24 +40 46 02.4          16.9 Cw~09yw160
j1124K09K03C  C2009 10 14.07300 01 43 20.97 +40 46 00.2          16.7 Cw~09yw160
j1124K09K03C  C2009 10 14.07599 01 43 20.66 +40 45 57.6          16.8 Cw~09yw160
j1124K09K03C  C2009 10 14.80167 01 42 13.63 +40 35 50.0          17.1 Co~0AGWB84
j1124K09K03C  C2009 10 14.80367 01 42 13.46 +40 35 48.6          17.0 Co~0AGWB84
j1124K09K03C  C2009 10 14.80668 01 42 13.15 +40 35 46.7          17.0 Co~0AGWB84
j1124K09K03C  C2009 10 14.85287 01 42 08.63 +40 35 10.6          17.0 Co~0AGWB84
j1124K09K03C  C2009 10 14.85589 01 42 08.34 +40 35 08.2          17.0 Co~0AGWB84
j1124K09K03C  C2009 10 14.85991 01 42 07.96 +40 35 05.3          17.0 Co~0AGWB84
j1124K09K03C  C2009 10 14.96249 01 41 57.52 +40 33 46.0          16.9 Cv~0JWYB75
j1124K09K03C  C2009 10 14.96380 01 41 57.42 +40 33 44.5          16.3 Cv~0JWYB75
j1124K09K03C  C2009 10 14.96514 01 41 57.33 +40 33 43.5          16.5 Cv~0JWYB75
j1124K09K03C  C2009 10 14.96706 01 41 57.04 +40 33 41.6          16.7 Cv~0JWYB75
j1124K09K03C  C2009 10 14.96801 01 41 56.95 +40 33 40.9          16.9 Cv~0JWYB75
j1124K09K03C  C2009 10 15.61862 01 40 57.02 +40 24 37.7          17.3 Vr~09yw379
j1124K09K03C  C2009 10 15.62047 01 40 56.83 +40 24 36.1          17.3 Vr~09yw379
j1124K09K03C  C2009 10 15.62512 01 40 56.35 +40 24 31.8          17.0 Vr~09yw379
j1124K09K03C  C2009 10 15.63344 01 40 55.52 +40 24 25.3          17.2 Vr~09yw379
j1124K09K03C  C2009 10 15.63529 01 40 55.32 +40 24 23.8          17.0 Vr~09yw379
j1124K09K03C  C2009 10 15.63714 01 40 55.15 +40 24 22.2          17.1 Vr~09yw379
j1124K09K03C  C2009 10 15.64178 01 40 54.62 +40 24 17.7          16.8 Vr~09yw379
j1124K09K03C  C2009 10 15.64363 01 40 54.46 +40 24 16.5          17.0 Vr~09yw379
j1124K09K03C  C2009 10 15.65012 01 40 53.80 +40 24 10.6          17.4 Vr~09yw379
j1124K09K03C  C2009 10 17.10523 01 38 45.41 +40 03 11.2          17.0 Rw~0AGW232
j1124K09K03C  C2009 10 17.12938 01 38 43.17 +40 02 49.0          17.0 Rw~0AGW232
j1124K09K03C  C2009 10 17.15352 01 38 41.03 +40 02 26.1          17.0 Rw~0AGW232
j1124K09K03C  C2009 10 17.27933 01 38 31.82 +40 00 45.2          17.4  c~0AGW704
j1124K09K03C  C2009 10 17.29265 01 38 30.55 +40 00 33.9          17.6  c~0AGW704
j1124K09K03C  C2009 10 17.30598 01 38 29.28 +40 00 21.7          17.6  c~0AGW704
j1124K09K03C  C2009 10 17.31934 01 38 28.03 +40 00 10.1          17.7  c~0AGW704
j1124K09K03C  C2009 10 17.33268 01 38 26.75 +39 59 58.1          17.5  c~0AGW704
j1124K09K03C  C2009 10 18.16749 01 37 19.27 +39 47 38.8          17.4 Ru~0AGWH45
j1124K09K03C  C2009 10 18.16911 01 37 19.14 +39 47 37.6          17.4 Ru~0AGWH45
j1124K09K03C  C2009 10 18.17064 01 37 19.00 +39 47 36.1          17.4 Ru~0AGWH45
j1124K09K03C  C2009 10 18.17179 01 37 18.88 +39 47 35.2          17.6 Ru~0AGWH45
j1124K09K03C  C2009 10 18.17343 01 37 18.76 +39 47 33.5          17.6 Ru~0AGWH45
j1124K09K03C  C2009 10 18.17479 01 37 18.63 +39 47 32.3          17.4 Ru~0AGWH45
j1124K09K03C  C2009 10 18.56984 01 36 46.61 +39 41 41.0          17.0 Vr~0AGW379
j1124K09K03C  C2009 10 18.57172 01 36 46.43 +39 41 39.0          17.2 Vr~0AGW379
j1124K09K03C  C2009 10 18.59593 01 36 44.26 +39 41 18.0          17.3 Vr~0AGW379
j1124K09K03C  C2009 10 18.59778 01 36 44.12 +39 41 16.5          17.2 Vr~0AGW379
j1124K09K03C  C2009 10 18.60428 01 36 43.49 +39 41 10.3          17.4 Vr~0AGW379
j1124K09K03C  C2009 10 18.60613 01 36 43.34 +39 41 08.7          17.5 Vr~0AGW379
j1124K09K03C  C2009 10 18.61444 01 36 42.64 +39 41 01.6          17.2 Vr~0AGW379
j1124K09K03C  C2009 10 18.61631 01 36 42.45 +39 40 59.7          17.3 Vr~0AGW379
j1124K09K03C  C2009 10 18.62280 01 36 41.88 +39 40 54.0          17.5 Vr~0AGW379
j1124K09K03C  C2009 10 18.93390 01 36 17.88 +39 36 10.3          16.7 Co~0AGWB75
j1124K09K03C  C2009 10 19.56468 01 35 29.68 +39 26 45.2          17.5 Vr~0AGW379
j1124K09K03C  C2009 10 19.56653 01 35 29.51 +39 26 43.5                r~0AGW379
j1124K09K03C  C2009 10 19.57303 01 35 28.95 +39 26 37.7                r~0AGW379
j1124K09K03C  C2009 10 19.57488 01 35 28.77 +39 26 36.1                r~0AGW379
j1124K09K03C  C2009 10 19.58135 01 35 28.27 +39 26 29.9                r~0AGW379
j1124K09K03C  C2009 10 19.58321 01 35 28.10 +39 26 28.8                r~0AGW379
j1124K09K03C  C2009 10 19.58506 01 35 27.95 +39 26 26.9                r~0AGW379
j1124K09K03C  C2009 10 19.59155 01 35 27.38 +39 26 21.1                r~0AGW379
j1124K09K03C  C2009 10 19.59803 01 35 26.84 +39 26 15.2                r~0AGW379
j1124K09K03C  C2009 10 19.59988 01 35 26.68 +39 26 13.7                r~0AGW379
j1124K09K03C  C2009 10 19.60174 01 35 26.51 +39 26 12.1                r~0AGW379
j1124K09K03C  C2009 10 20.60821 01 34 12.56 +39 10 54.3          17.4 Vr~0AGW379
j1124K09K03C  C2009 10 20.61006 01 34 12.39 +39 10 52.8                r~0AGW379
j1124K09K03C  C2009 10 20.62487 01 34 11.21 +39 10 38.7                r~0AGW379
j1124K09K03C  C2009 10 20.63137 01 34 10.65 +39 10 32.7                r~0AGW379
j1124K09K03C  C2009 10 20.63322 01 34 10.49 +39 10 31.1                r~0AGW379
j1124K09K03C  C2009 10 21.57561 01 33 05.59 +38 56 03.8          17.8 Vr~0AGW379
j1124K09K03C  C2009 10 21.57853 01 33 05.34 +38 56 01.1          17.9 Vr~0AGW379
j1124K09K03C  C2009 10 21.58590 01 33 04.79 +38 55 54.5          17.6 Vr~0AGW379
j1124K09K03C  C2009 10 21.58882 01 33 04.56 +38 55 51.5          17.7 Vr~0AGW379
j1124K09K03C  C2009 10 21.60494 01 33 03.30 +38 55 36.9          17.7 Vr~0AGW379
j1124K09K03C  C2009 10 21.61229 01 33 02.75 +38 55 30.1          17.6 Vr~0AGW379
j1124K09K03C  C2009 10 21.61521 01 33 02.52 +38 55 27.4          17.7 Vr~0AGW379
j1124K09K03C  C2009 10 21.61813 01 33 02.28 +38 55 24.8          17.9 Vr~0AGW379
j1124K09K03C  C2009 10 23.83524 01 30 42.86 +38 20 54.3          17.5 Rw~0Abf213
j1124K09K03C  C2009 10 23.83978 01 30 42.57 +38 20 50.5          17.5 Rw~0Abf213
j1124K09K03C  C2009 10 24.30598 01 30 13.76 +38 13 37.5          17.8 Ru~0AbfH45
j1124K09K03C  C2009 10 24.30762 01 30 13.65 +38 13 35.9          17.9 Ru~0AbfH45
j1124K09K03C  C2009 10 24.30913 01 30 13.56 +38 13 34.4          17.8 Ru~0AbfH45
j1124K09K03C  C2009 10 24.31042 01 30 13.48 +38 13 33.1          17.8 Ru~0AbfH45
j1124K09K03C  C2009 10 24.31170 01 30 13.40 +38 13 31.8          17.8 Ru~0AbfH45
j1124K09K03C  C2009 10 24.31281 01 30 13.32 +38 13 30.8          17.9 Ru~0AbfH45
j1124K09K03C  C2009 10 25.84394 01 28 50.92 +37 49 29.5          17.3 Cw~0Abf160
j1124K09K03C  C2009 10 25.84649 01 28 50.78 +37 49 27.3          17.2 Cw~0Abf160
j1124K09K03C  C2009 10 25.84919 01 28 50.62 +37 49 24.9          17.1 Cw~0Abf160
j1124K09K03C  C2009 10 26.87104 01 27 59.26 +37 33 24.2          18.0 Vc~0Abf560
j1124K09K03C  C2009 10 26.87240 01 27 59.18 +37 33 23.1          18.0 Vc~0Abf560
j1124K09K03C  C2009 10 26.87375 01 27 59.08 +37 33 22.1          18.1 Vc~0Abf560
j1124K09K03C  C2009 10 27.20499 01 27 43.45 +37 28 14.3          17.6 Vr~0Abf703
j1124K09K03C  C2009 10 27.21225 01 27 42.98 +37 28 07.3          17.7 Vr~0Abf703
j1124K09K03C  C2009 10 27.21949 01 27 42.62 +37 28 01.0          17.6 Vr~0Abf703
j1124K09K03C  C2009 10 27.22676 01 27 42.22 +37 27 53.9          17.7 Vr~0Abf703
j1124K09K03C 1C2009 10 29.94648 01 25 46.55 +36 45 18.5          18.3  o~0GD4084
j1124K09K03C  C2009 11 08.34684 01 22 10.41 +34 24 55.6          18.3 Vr~0B0L703
j1124K09K03C  C2009 11 08.35280 01 22 10.34 +34 24 50.0          18.4 Vr~0B0L703
j1124K09K03C  C2009 11 08.35892 01 22 10.30 +34 24 45.1          18.4 Vr~0B0L703
j1124K09K03C  C2009 11 08.36505 01 22 10.20 +34 24 40.1          18.4 Vr~0B0L703
j1124K09K03C  C2009 11 11.79550 01 21 55.48 +33 37 15.3          18.9 Vo~0B0L151
j1124K09K03C  C2009 11 11.79840 01 21 55.45 +33 37 13.1          19.0 Vo~0B0L151
j1124K09K03C  C2009 11 11.80131 01 21 55.42 +33 37 10.6          18.9 Vo~0B0L151
j1124K09K03C  C2009 11 16.19445 01 22 18.16 +32 40 29.3          18.3 Co~0BHvG56
j1124K09K03C  C2009 11 16.21009 01 22 18.26 +32 40 18.1          18.2 Co~0BHvG56
j1124K09K03C  C2009 11 16.21918 01 22 18.30 +32 40 10.4          18.4 Co~0BHvG56
j1124K09K03C  C2009 11 18.77365 01 22 52.97 +32 09 24.4          18.8 Vr~0BHvJ75
j1124K09K03C  C2009 11 18.78547 01 22 53.12 +32 09 16.0          18.8 Vr~0BHvJ75
j1124K09K03C  C2009 11 18.79728 01 22 53.25 +32 09 08.5          18.7 Vr~0BHvJ75
j1124K09K03C  C2009 11 21.12274 01 23 36.78 +31 42 42.0          18.9 Vr~0BiM703
j1124K09K03C  C2009 11 21.12975 01 23 36.85 +31 42 37.6          19.0 Vr~0BiM703
j1124K09K03C  C2009 11 21.13678 01 23 37.03 +31 42 32.4          19.4 Vr~0BiM703
j1124K09K03C  C2009 11 21.14735 01 23 37.24 +31 42 25.0          19.2 Vr~0BiM703
j1124K09K03C  C2009 11 23.19174 01 24 24.61 +31 20 23.1          19.4  c~0BiM704
j1124K09K03C  C2009 11 23.20422 01 24 24.89 +31 20 15.7          19.5  c~0BiM704
j1124K09K03C  C2009 11 23.21669 01 24 25.15 +31 20 08.2          19.6  c~0BiM704
j1124K09K03C  C2009 11 23.22917 01 24 25.35 +31 19 59.9          19.9  c~0BiM704
j1124K09K03C  C2009 11 23.24164 01 24 25.64 +31 19 51.1          19.9  c~0BiM704
j1124K09K03C  C2010 01 10.06692602 09 30.39 +27 25 34.8          21.9 Vo~0D5OH21
j1124K09K03C  C2010 01 10.08675902 09 31.88 +27 25 34.2          21.9 Vo~0D5OH21
j1124K09K03C  C2010 01 10.10487502 09 33.18 +27 25 33.6          22.3 Vo~0D5OH21
j1124K09K03C  S2010 01 31.01023 02 38 05.64 +27 34 44.4                L~0LKuC51
j1124K09K03C  s2010 01 31.01023 1 + 5182.6020 + 3477.2903 + 2953.4213   ~0LKuC51
j1124K09K03C  S2010 01 31.14254 02 38 16.92 +27 34 55.4                L~0LKuC51
j1124K09K03C  s2010 01 31.14254 1 + 5178.9549 + 3494.7074 + 2938.7546   ~0LKuC51
j1124K09K03C  S2010 01 31.27484 02 38 28.28 +27 35 05.8                L~0LKuC51
j1124K09K03C  s2010 01 31.27484 1 + 5175.2219 + 3511.6749 + 2925.2535   ~0LKuC51
j1124K09K03C  S2010 01 31.34106 02 38 34.03 +27 35 11.6                L~0LKuC51
j1124K09K03C  s2010 01 31.34106 1 + 5162.1074 + 3505.2627 + 2956.0996   ~0LKuC51
j1124K09K03C  S2010 01 31.53958 02 38 51.17 +27 35 25.4                L~0LKuC51
j1124K09K03C  s2010 01 31.53958 1 + 5145.5786 + 3516.6644 + 2971.8343   ~0LKuC51
j1124K09K03C  S2010 01 31.67188 02 39 02.55 +27 35 37.6                L~0LKuC51
j1124K09K03C  s2010 01 31.67188 1 + 5141.9306 + 3534.0723 + 2957.2255   ~0LKuC51
j1124K09K03C  S2010 01 31.73810 02 39 08.21 +27 35 42.0                L~0LKuC51
j1124K09K03C  s2010 01 31.73810 1 + 5128.6522 + 3527.5052 + 2987.9190   ~0LKuC51
j1124K09K03C  S2010 02 01.00271 02 39 31.01 +27 36 02.9                L~0LKuC51
j1124K09K03C  s2010 02 01.00271 1 + 5120.4895 + 3561.9846 + 2961.0024   ~0LKuC51
j1124K09K03C  S2010 02 01.13501 02 39 42.37 +27 36 12.7                L~0LKuC51
j1124K09K03C  s2010 02 01.13501 1 + 5116.5284 + 3579.3606 + 2946.3517   ~0LKuC51
j1124K09K03C ^C2014 03 05.40980 11 23 21.36 +01 36 04.9          23.4 Ro~16Mw695
j1124K09K03C ^C2014 03 05.41797 11 23 20.91 +01 36 06.8                o~16Mw695
j1124K09K03C ^C2014 03 05.43427 11 23 20.09 +01 36 11.0                o~16Mw695
j1124K09K03C KC2015 10 16.42439 06 20 35.62 +36 32 56.7          21.9 Ro~1Ycn291
j1124K09K03C KC2015 10 16.44641 06 20 35.51 +36 33 04.2          21.8 Ro~1Ycn291
j1124K09K03C KC2015 11 04.36408906 11 27.40 +38 05 57.2          22.1 Vu~1bQAH21
j1124K09K03C KC2015 11 04.37876206 11 26.59 +38 06 01.4          22.0 Vu~1bQAH21
j1124K09K03C KC2015 11 04.39455306 11 25.71 +38 06 05.6          22.0 Vu~1bQAH21
j1124K09K03C  R2009 08 22.736111               +    16637875   8560 253 JPLRS253
j1124K09K03C  r2009 08 22.736111C                        1000       253 JPLRS253
j1124K09K03C  R2009 08 22.784722   5019442027                  8560 253 JPLRS253
j1124K09K03C  r2009 08 22.784722C        10000                      253 JPLRS253
j1124K09K03C  R2009 08 22.826389   5013085038                  8560 253 JPLRS253
j1124K09K03C  r2009 08 22.826389C         4000                      253 JPLRS253
j1124K09K03C  R2009 08 23.576389   4918865576                  8560 253 JPLRS253
j1124K09K03C  r2009 08 23.576389C         4000                      253 JPLRS253
j1124K09K03C  R2009 08 25.527778   4919890040                  8560 253 JPLRS253
j1124K09K03C  r2009 08 25.527778C         4000                      253 JPLRS253
