     K09T08Q* C2009 10 15.36043 01 34 20.20 +03 24 17.2          20.3 Vr~0A00G96
     K09T08Q  C2009 10 15.36634 01 34 18.22 +03 24 37.3          20.3 Vr~0A00G96
     K09T08Q  C2009 10 15.37220 01 34 16.32 +03 24 57.3          20.3 Vr~0A00G96
     K09T08Q  C2009 10 15.37823 01 34 14.34 +03 25 18.2          20.3 Vr~0A00G96
     K09T08Q  C2009 10 15.39693 01 34 08.18 +03 26 22.5          20.4 Vr~0A00G96
     K09T08Q  C2009 10 15.39852 01 34 07.64 +03 26 27.7          20.1 Vr~0A00G96
     K09T08Q  C2009 10 15.40010 01 34 07.14 +03 26 33.2          20.7 Vr~0A00G96
     K09T08Q  C2009 10 15.40163 01 34 06.63 +03 26 38.7          20.4 Vr~0A00G96
     K09T08Q  C2009 10 15.44099 01 33 53.74 +03 28 54.1          19.9 Vr~0A00G96
     K09T08Q  C2009 10 15.44259 01 33 53.20 +03 28 59.8          20.2 Vr~0A00G96
     K09T08Q  C2009 10 15.44425 01 33 52.70 +03 29 05.4          20.2 Vr~0A00G96
     K09T08Q  C2009 10 15.44587 01 33 52.16 +03 29 11.1          19.9 Vr~0A00G96
     K09T08Q  C2009 10 15.46719 01 33 45.16 +03 30 26.7          20.8 Rc~0A00926
     K09T08Q  C2009 10 15.47061 01 33 44.10 +03 30 37.8          20.7 Rc~0A00926
     K09T08Q  C2009 10 15.47402 01 33 43.02 +03 30 49.9          20.8 Rc~0A00926
     K09T08Q 6C2009 10 15.48653 01 33 41.08 +03 31 46.8          19.9 Ro~0A00F65
     K09T08Q 6C2009 10 15.48728 01 33 40.84 +03 31 49.2          20.5 Ro~0A00F65
     K09T08Q 6C2009 10 15.48800 01 33 40.62 +03 31 51.8                o~0A00F65
     K09T08Q  C2009 10 18.40620 01 15 34.87 +06 53 03.7          20.3 Rc~0AHk926
     K09T08Q  C2009 10 18.40914 01 15 33.54 +06 53 17.3          20.5 Rc~0AHk926
     K09T08Q  C2009 10 18.41208 01 15 32.14 +06 53 31.6          20.0 Rc~0AHk926
     K09T08Q  C2009 10 19.22733 01 09 16.24 +08 03 03.4          19.9 Vo~0AHkH55
     K09T08Q  C2009 10 19.22914 01 09 15.30 +08 03 12.6          19.7 Vo~0AHkH55
     K09T08Q  C2009 10 19.23009 01 09 14.83 +08 03 17.7          19.9 Vo~0AHkH55
     K09T08Q  C2009 10 19.86104 01 03 55.41 +09 01 44.5          19.9 Vo~0AHkA74
     K09T08Q  C2009 10 19.87290 01 03 48.83 +09 02 53.2          20.0 Vo~0AHkA74
     K09T08Q  C2009 10 19.89151 01 03 38.54 +09 04 41.0          19.6 Vo~0AHkA74
     K09T08Q tC2009 10 20.20943 01 00 46.31 +09 36 26.8          20.4 Vo~0AHk291
     K09T08Q tC2009 10 20.21426 01 00 43.42 +09 36 57.0          20.0 Vo~0AHk291
     K09T08Q tC2009 10 20.21811 01 00 41.20 +09 37 19.5          20.0 Vo~0AHk291
