     K09U02F* C2009 10 18.22265 23 37 14.68 -16 12 40.2          21.6 Vo~0AIJ291
     K09U02F  C2009 10 18.23224 23 37 15.74 -16 12 54.9          22.1 Vo~0AIJ291
     K09U02F  C2009 10 18.24173 23 37 16.77 -16 13 08.8          22.1 Vo~0AIJ291
     K09U02F  C2009 10 18.28696 23 37 21.59 -16 14 17.8          20.6 Ro~0AIJH01
     K09U02F  C2009 10 18.29362 23 37 22.34 -16 14 27.4          20.6 Ro~0AIJH01
     K09U02F  C2009 10 18.29998 23 37 23.09 -16 14 36.8          20.8 Ro~0AIJH01
     K09U02F  C2009 10 18.30558 23 37 23.71 -16 14 45.0          20.7 Ro~0AIJH01
     K09U02F HC2009 10 19.24595 23 39 36.32 -16 38 47.9                o~0AIJ291
     K09U02F  C2009 10 19.25104 23 39 36.96 -16 38 55.4          22.9 Vo~0AIJ291
     K09U02F HC2009 10 19.25531 23 39 37.41 -16 39 00.9                o~0AIJ291
     K09U02F HC2009 10 20.16127 23 41 57.34 -17 02 37.9                o~0AIJ291
     K09U02F  C2009 10 20.16798 23 41 58.25 -17 02 49.0          23   Vo~0AIJ291
     K09U02F tC2009 10 21.21641 23 44 51.29 -17 30 44.5          21.8 Vo~0AIJ291
     K09U02F  C2009 10 21.26388 23 44 58.35 -17 32 00.5          22.2 Vo~0AIJ291
     K09U02F HC2009 10 21.26769 23 44 58.85 -17 32 07.2                o~0AIJ291
     K09U02F HC2009 10 21.27154 23 44 59.61 -17 32 13.6                o~0AIJ291
     K09U02F HC2009 10 22.23413 23 47 56.22 -17 58 26.9                o~0AIJ291
     K09U02F HC2009 10 22.23799 23 47 56.88 -17 58 31.9                o~0AIJ291
     K09U02F  C2009 10 22.24179 23 47 57.51 -17 58 39.2          22.8 Vo~0AIJ291
     K09U02F HC2009 10 23.13817 23 50 58.17 -18 23 32.6                o~0AIJ291
     K09U02F  C2009 10 23.14214 23 50 58.83 -18 23 38.6                o~0AIJ291
     K09U02F  C2009 10 23.14599 23 50 59.52 -18 23 45.2                o~0AIJ291
     K09U02F HC2009 10 24.18009 23 54 42.46 -18 53 06.6                o~0Ad3291
     K09U02F HC2009 10 24.18508 23 54 43.47 -18 53 15.3                o~0Ad3291
     K09U02F HC2009 10 24.18907 23 54 44.26 -18 53 23.0                o~0Ad3291
     K09U02F HC2009 10 25.18818 23 58 40.96 -19 22 17.0                o~0Ad3291
     K09U02F HC2009 10 25.19216 23 58 41.80 -19 22 24.3                o~0Ad3291
     K09U02F HC2009 10 25.19602 23 58 42.65 -19 22 31.5                o~0Ad3291
     K09U02F HC2009 10 26.22061 00 03 07.32 -19 52 48.4                o~0Ad3291
     K09U02F  C2009 10 26.22447 00 03 08.22 -19 52 55.0                o~0Ad3291
     K09U02F HC2009 10 26.22835 00 03 09.20 -19 53 02.4                o~0Ad3291
     K09U02F HC2009 10 27.17169 00 07 37.18 -20 21 23.9                o~0Ad3291
     K09U02F HC2009 10 27.17656 00 07 38.63 -20 21 33.0                o~0Ad3291
     K09U02F HC2009 10 27.18048 00 07 39.68 -20 21 40.6                o~0Ad3291
     K09U02F tC2009 11 11.27167 02 34 00.27 -26 29 58.5          20.5 Vo~0B1J291
     K09U02F tC2009 11 11.27630 02 34 04.20 -26 29 57.4          20.3 Vo~0B1J291
     K09U02F tC2009 11 16.32580 03 57 20.31 -24 24 56.6          19.9 Vo~0BIa291
     K09U02F tC2009 11 16.33024 03 57 24.17 -24 24 44.5          19.8 Vo~0BIa291
     K09U02F tC2009 11 16.33425 03 57 28.01 -24 24 32.7          19.8 Vo~0BIa291
     K09U02F tC2009 11 27.32928 06 20 34.77 -11 50 51.5          21.1 Vo~0Bjv291
     K09U02F tC2009 11 27.33305 06 20 36.68 -11 50 36.2          21.0 Vo~0Bjv291
     K09U02F tC2009 11 27.33727 06 20 38.72 -11 50 18.6          20.9 Vo~0Bjv291
     K09U02F HC2009 12 26.34816 07 51 25.33 +07 07 12.2                o~0Cg3291
     K09U02F HC2009 12 26.35531 07 51 25.43 +07 07 22.1                o~0Cg3291
     K09U02F HC2009 12 26.36321 07 51 25.60 +07 07 32.2                o~0Cg3291
