c6720K09X02C & 1954 02 25.17014 06 15 44.34 +53 56 15.6                c~0DxH261
c6720K09X02C & 1954 02 25.19792 06 15 42.50 +53 56 56.4                c~0DxH261
c6720K09X02C & 1997 03 09.13056 06 29 52.62 +66 53 06.8                c~0DxH261
c6720K09X02C & 1997 03 09.16528 06 29 51.40 +66 53 57.0                c~0DxH261
c6720K09X02C* C2009 12 11.44200 10 55 09.46 +18 18 12.4          19.1  c~0CLh704
c6720K09X02C  C2009 12 11.45498 10 55 12.12 +18 18 20.5          19.6  c~0CLh704
c6720K09X02C  C2009 12 11.46792 10 55 14.72 +18 18 26.6          19.6  c~0CLh704
c6720K09X02C  C2009 12 11.48085 10 55 17.28 +18 18 34.0          19.2  c~0CLh704
c6720K09X02C  C2009 12 11.49378 10 55 19.97 +18 18 40.0          19.5  c~0CLh704
c6720K09X02C  C2009 12 12.02586 10 57 08.32 +18 23 29.2          19.5 Ro~0CLhA99
c6720K09X02C  C2009 12 12.02885 10 57 08.95 +18 23 31.2          19.5 Ro~0CLhA99
c6720K09X02C  C2009 12 12.03334 10 57 09.83 +18 23 33.8          19.5 Ro~0CLhA99
c6720K09X02C  C2009 12 12.07460 10 57 18.28 +18 23 57.5                w~0CLhJ87
c6720K09X02C  C2009 12 12.08384 10 57 20.19 +18 24 02.5          19.4 Vw~0CLhJ87
c6720K09X02C  C2009 12 12.09325 10 57 22.10 +18 24 07.6          19.6 Vw~0CLhJ87
c6720K09X02C  C2009 12 12.18861 10 57 41.32 +18 25 02.6          19.5 Vr~0CLhJ75
c6720K09X02C  C2009 12 12.20152 10 57 44.01 +18 25 09.3          18.7 Vr~0CLhJ75
c6720K09X02C  C2009 12 12.21442 10 57 46.60 +18 25 17.3          18.5 Vr~0CLhJ75
c6720K09X02C  C2009 12 12.24536 10 57 52.81 +18 25 34.1          19.0 Vr~0CLhJ75
c6720K09X02C  C2009 12 12.25295 10 57 54.35 +18 25 38.4          19.2 Vr~0CLhJ75
c6720K09X02C  C2009 12 12.41334610 58 27.47 +18 27 07.9          19.7 Vo~0CLhH21
c6720K09X02C  C2009 12 12.41970510 58 28.76 +18 27 11.5          19.6 Vo~0CLhH21
c6720K09X02C  C2009 12 12.42695310 58 30.23 +18 27 15.6          19.6 Vo~0CLhH21
c6720K09X02C  C2009 12 12.49142 10 58 43.50 +18 27 53.3          19.2 Rc~0CLh926
c6720K09X02C  C2009 12 12.49412 10 58 44.06 +18 27 54.8          19.2 Rc~0CLh926
c6720K09X02C  C2009 12 12.49682 10 58 44.62 +18 27 56.2          19.2 Rc~0CLh926
c6720K09X02C  C2009 12 16.46421 11 12 44.71 +19 07 29.1          18.7 Ro~0CLhH01
c6720K09X02C  C2009 12 16.46823 11 12 45.57 +19 07 32.2          18.7 Ro~0CLhH01
c6720K09X02C  C2009 12 16.47714 11 12 47.48 +19 07 37.3          18.9 Ro~0CLhH01
c6720K09X02C  C2009 12 16.48344 11 12 48.81 +19 07 41.6          19.0 Ro~0CLhH01
c6720K09X02C IC2009 12 16.48609711 12 49.18 +19 07 43.1                r~0CLhH21
c6720K09X02C IC2009 12 16.49237611 12 50.55 +19 07 46.3          19.3 Vr~0CLhH21
c6720K09X02C KC2009 12 16.49381911 12 50.88 +19 07 47.6          19.2 Vr~0CLhH21
c6720K09X02C  C2009 12 16.54624 11 13 02.40 +19 08 22.6          19.2 Rc~0CLh926
c6720K09X02C  C2009 12 16.54800 11 13 02.77 +19 08 23.7          19.2 Rc~0CLh926
c6720K09X02C  C2009 12 16.54978 11 13 03.14 +19 08 24.8          19.2 Rc~0CLh926
c6720K09X02C  C2009 12 17.41542 11 16 13.81 +19 17 40.4          18.5 Ro~0CLhH01
c6720K09X02C  C2009 12 17.42182 11 16 15.21 +19 17 44.7          18.5 Ro~0CLhH01
c6720K09X02C  C2009 12 17.42885 11 16 16.75 +19 17 49.4          18.6 Ro~0CLhH01
c6720K09X02C  C2009 12 17.43866 11 16 18.89 +19 17 55.8          18.8 Ro~0CLhH01
c6720K09X02C  C2009 12 18.47166 11 20 09.24 +19 29 18.0          18.4 Vr~0CLh703
c6720K09X02C  C2009 12 18.47691 11 20 10.39 +19 29 22.5          18.8 Vr~0CLh703
c6720K09X02C  C2009 12 18.48213 11 20 11.47 +19 29 26.1          18.5 Vr~0CLh703
c6720K09X02C  C2009 12 18.48734 11 20 12.76 +19 29 30.2          19.3 Vr~0CLh703
c6720K09X02C  C2009 12 19.42900 11 23 46.21 +19 40 07.9          19.2 Ru~0CgjH45
c6720K09X02C  C2009 12 19.43016 11 23 46.45 +19 40 08.5          19.1 Ru~0CgjH45
c6720K09X02C  C2009 12 19.43156 11 23 46.76 +19 40 09.5          19.0 Ru~0CgjH45
c6720K09X02C  C2009 12 19.43275 11 23 47.03 +19 40 10.5          19.1 Ru~0CgjH45
c6720K09X02C  C2009 12 19.43415 11 23 47.33 +19 40 11.1          19.0 Ru~0CgjH45
c6720K09X02C  C2009 12 19.43494 11 23 47.51 +19 40 12.2          19.1 Ru~0CgjH45
c6720K09X02C  C2009 12 19.43612 11 23 47.80 +19 40 13.0          19.0 Ru~0CgjH45
c6720K09X02C  C2009 12 19.43731 11 23 48.05 +19 40 13.7          19.2 Ru~0CgjH45
c6720K09X02C  C2009 12 26.38950 11 51 46.13 +21 06 30.9          18.9 Ru~0CgjH45
c6720K09X02C  C2009 12 26.39073 11 51 46.41 +21 06 31.8          18.9 Ru~0CgjH45
c6720K09X02C  C2009 12 26.39190 11 51 46.70 +21 06 32.9          18.9 Ru~0CgjH45
c6720K09X02C  C2009 12 26.39293 11 51 47.00 +21 06 33.6          18.8 Ru~0CgjH45
c6720K09X02C  C2009 12 26.39394 11 51 47.21 +21 06 34.6          18.7 Ru~0CgjH45
c6720K09X02C  C2009 12 26.39519 11 51 47.56 +21 06 35.6          18.9 Ru~0CgjH45
c6720K09X02C  C2009 12 26.39622 11 51 47.81 +21 06 36.4          18.8 Ru~0CgjH45
c6720K09X02C  C2009 12 26.45885 11 52 03.74 +21 07 26.3          19.0 Rr~0Cgj448
c6720K09X02C  C2009 12 26.46702 11 52 05.77 +21 07 33.1          19.1 Rr~0Cgj448
c6720K09X02C  C2009 12 26.47554 11 52 07.96 +21 07 40.2          19.0 Rr~0Cgj448
c6720K09X02C  C2009 12 28.41023 12 00 29.89 +21 33 51.9          18.5 Ru~0CgjH45
c6720K09X02C  C2009 12 28.41139 12 00 30.22 +21 33 53.0          18.5 Ru~0CgjH45
c6720K09X02C  C2009 12 28.41251 12 00 30.50 +21 33 54.2          18.4 Ru~0CgjH45
c6720K09X02C  C2009 12 28.41354 12 00 30.76 +21 33 55.0          18.3 Ru~0CgjH45
c6720K09X02C  C2009 12 28.41465 12 00 31.08 +21 33 55.9          18.3 Ru~0CgjH45
c6720K09X02C  C2009 12 28.41564 12 00 31.33 +21 33 56.5          18.3 Ru~0CgjH45
c6720K09X02C  C2009 12 28.41681 12 00 31.61 +21 33 57.7          18.3 Ru~0CgjH45
c6720K09X02C  C2009 12 29.42323212 04 58.89 +21 47 53.5          19.9 Vo~0CtgH21
c6720K09X02C  C2009 12 29.42644612 04 59.74 +21 47 56.3          19.9 Vo~0CtgH21
c6720K09X02C  C2009 12 29.43008612 05 00.70 +21 47 59.5          19.9 Vo~0CtgH21
c6720K09X02C  C2010 01 03.41467312 28 09.87 +22 59 27.2          19.3 Vo~0CtgH21
c6720K09X02C KC2010 01 03.41887 12 28 11.24 +22 59 31.4          19.0 Cu~0Ctg448
c6720K09X02C  C2010 01 03.42112812 28 11.71 +22 59 33.3          19.7 Vo~0CtgH21
c6720K09X02C KC2010 01 03.42448 12 28 12.94 +22 59 36.5          18.4 Cu~0Ctg448
c6720K09X02C  C2010 01 03.42826712 28 13.77 +22 59 39.6          19.6 Vo~0CtgH21
c6720K09X02C KC2010 01 03.43019 12 28 14.55 +22 59 41.6          18.8 Cu~0Ctg448
c6720K09X02C  C2010 01 04.42195112 33 03.87 +23 14 14.2          18.7 Vo~0CtgH21
c6720K09X02C  C2010 01 04.42609812 33 05.06 +23 14 18.0          18.9 Vo~0CtgH21
c6720K09X02C  C2010 01 04.43061712 33 06.36 +23 14 22.0          18.5 Vo~0CtgH21
c6720K09X02C  C2010 01 07.44566 12 48 13.44 +23 58 51.8          18.8  c~0Ctg704
c6720K09X02C  C2010 01 07.45822 12 48 17.26 +23 59 04.1          19.0  c~0Ctg704
c6720K09X02C  C2010 01 07.47083 12 48 20.99 +23 59 14.4          18.2  c~0Ctg704
c6720K09X02C  C2010 01 07.48356 12 48 24.89 +23 59 26.0          18.2  c~0Ctg704
c6720K09X02C  C2010 01 07.49620 12 48 28.67 +23 59 37.5          18.2  c~0Ctg704
c6720K09X02C  C2010 01 13.48185813 20 23.00 +25 26 08.6          18.9 Vo~0D64H21
c6720K09X02C  C2010 01 13.48464113 20 23.91 +25 26 11.0          19.3 Vo~0D64H21
c6720K09X02C  C2010 01 13.48739813 20 24.81 +25 26 13.3          19.5 Vo~0D64H21
c6720K09X02C  C2010 01 20.21211 13 58 47.79 +26 52 31.7          18.0 Vr~0DKbJ75
c6720K09X02C  C2010 01 20.22637 13 58 52.75 +26 52 41.3          17.5 Vr~0DKbJ75
c6720K09X02C  C2010 01 20.24054 13 58 57.67 +26 52 51.2          17.4 Vr~0DKbJ75
c6720K09X02C  C2010 01 24.15239 14 22 07.99 +27 33 20.4          18.0 Co~0DXyB33
c6720K09X02C  C2010 01 24.15495 14 22 08.91 +27 33 21.7          17.9 Co~0DXyB33
c6720K09X02C  C2010 01 31.44657 15 05 49.05 +28 22 43.6          17.7 Vo~0Dk7H21
c6720K09X02C  C2010 01 31.44967 15 05 50.15 +28 22 44.3          17.7 Vo~0Dk7H21
c6720K09X02C  C2010 01 31.45584 15 05 52.32 +28 22 46.1          17.7 Vo~0Dk7H21
c6720K09X02C  C2010 01 31.45868 15 05 53.33 +28 22 47.0          17.8 Vo~0Dk7H21
c6720K09X02C  C2010 02 02.18074 15 16 07.29 +28 28 53.8          16.9 Vr~0DxHJ75
c6720K09X02C  C2010 02 02.19405 15 16 11.91 +28 28 56.4          17.6 Vr~0DxHJ75
c6720K09X02C  C2010 02 02.20765 15 16 16.66 +28 28 58.8          17.7 Vr~0DxHJ75
c6720K09X02C  S2010 02 09.69288 15 59 23.25 +28 30 48.2                L~0JApC51
c6720K09X02C  s2010 02 09.69288 1 - 3719.4832 - 4662.0875 + 3482.8119   ~0JApC51
c6720K09X02C  S2010 02 09.82518 16 00 07.40 +28 30 29.9                L~0JApC51
c6720K09X02C  s2010 02 09.82518 1 - 3702.8547 - 4666.3440 + 3494.4178   ~0JApC51
c6720K09X02C  S2010 02 09.95749 16 00 51.46 +28 30 10.2                L~0JApC51
c6720K09X02C  s2010 02 09.95749 1 - 3685.9107 - 4670.3059 + 3507.4012   ~0JApC51
c6720K09X02C  S2010 02 10.08979 16 01 35.47 +28 29 50.2                L~0JApC51
c6720K09X02C  s2010 02 10.08979 1 - 3668.5787 - 4674.1897 + 3520.6909   ~0JApC51
c6720K09X02C  S2010 02 10.08992 16 01 35.50 +28 29 50.0                L~0JApC51
c6720K09X02C  s2010 02 10.08992 1 - 3704.4177 - 4699.1810 + 3449.4074   ~0JApC51
c6720K09X02C  S2010 02 10.22222 16 02 19.45 +28 29 29.2                L~0JApC51
c6720K09X02C  s2010 02 10.22222 1 - 3687.3191 - 4703.1754 + 3462.2673   ~0JApC51
c6720K09X02C  S2010 02 10.28831 16 02 41.37 +28 29 18.8                L~0JApC51
c6720K09X02C  s2010 02 10.28831 1 - 3660.9724 - 4692.6198 + 3504.0489   ~0JApC51
c6720K09X02C  S2010 02 10.35453 16 03 03.31 +28 29 07.6                L~0DxHC51
c6720K09X02C  s2010 02 10.35453 1 - 3670.5043 - 4707.1441 + 3474.3021   ~0DxHC51
c6720K09X02C  S2010 02 10.42074 16 03 25.22 +28 28 56.0                L~0IQuC51
c6720K09X02C  s2010 02 10.42074 1 - 3679.8087 - 4721.4520 + 3444.9177   ~0IQuC51
c6720K09X02C  S2010 02 10.55305 16 04 09.02 +28 28 34.4                L~0DxHC51
c6720K09X02C  s2010 02 10.55305 1 - 3662.1685 - 4724.7905 + 3459.3644   ~0DxHC51
c6720K09X02C  S2010 02 10.61914 16 04 30.84 +28 28 22.7                L~0DxHC51
c6720K09X02C  s2010 02 10.61914 1 - 3635.6747 - 4713.9853 + 3501.5400   ~0DxHC51
c6720K09X02C  S2010 02 10.68535 16 04 52.72 +28 28 10.8                L~0DxHC51
c6720K09X02C  s2010 02 10.68535 1 - 3644.8983 - 4728.5806 + 3472.0429   ~0DxHC51
c6720K09X02C  S2010 02 10.75144 16 05 14.51 +28 27 58.9                L~0DxHC51
c6720K09X02C  s2010 02 10.75144 1 - 3618.5888 - 4717.8437 + 3513.5268   ~0DxHC51
c6720K09X02C  S2010 02 10.81766 16 05 36.35 +28 27 47.6                L~0DxHC51
c6720K09X02C  s2010 02 10.81766 1 - 3628.1569 - 4732.5795 + 3483.6849   ~0DxHC51
c6720K09X02C  S2010 02 10.88387 16 05 58.08 +28 27 34.9                L~0DxHC51
c6720K09X02C  s2010 02 10.88387 1 - 3637.4887 - 4747.0538 + 3454.3711   ~0DxHC51
c6720K09X02C  S2010 02 10.94996 16 06 19.91 +28 27 22.4                L~0DxHC51
c6720K09X02C  s2010 02 10.94996 1 - 3611.1989 - 4736.2824 + 3496.5961   ~0DxHC51
c6720K09X02C  S2010 02 11.01618 16 06 41.70 +28 27 09.6                L~0DxHC51
c6720K09X02C  s2010 02 11.01618 1 - 3620.2670 - 4750.9220 + 3467.5408   ~0DxHC51
c6720K09X02C  S2010 02 11.08227 16 07 03.42 +28 26 57.2                L~0DxHC51
c6720K09X02C  s2010 02 11.08227 1 - 3593.8309 - 4739.9003 + 3509.8932   ~0DxHC51
c6720K09X02C  S2010 02 11.14848 16 07 25.17 +28 26 45.2                L~0IQuC51
c6720K09X02C  s2010 02 11.14848 1 - 3602.8881 - 4754.5593 + 3480.8241   ~0IQuC51
c6720K09X02C  S2010 02 11.21457 16 07 46.84 +28 26 31.3                L~0DxHC51
c6720K09X02C  s2010 02 11.21457 1 - 3576.6120 - 4743.4435 + 3522.7029   ~0DxHC51
c6720K09X02C  S2010 02 11.21470 16 07 46.89 +28 26 31.3                L~0DxHC51
c6720K09X02C  s2010 02 11.21470 1 - 3611.9784 - 4769.1376 + 3451.4328   ~0DxHC51
c6720K09X02C  S2010 02 11.28079 16 08 08.59 +28 26 18.7                L~0DxHC51
c6720K09X02C  s2010 02 11.28079 1 - 3585.8415 - 4758.1883 + 3493.3137   ~0DxHC51
c6720K09X02C  S2010 02 11.34700 16 08 30.20 +28 26 04.8                L~0DxHC51
c6720K09X02C  s2010 02 11.34700 1 - 3595.0729 - 4772.8424 + 3463.5698   ~0DxHC51
c6720K09X02C  S2010 02 11.61161 16 09 56.76 +28 25 10.4                L~0DxHC51
c6720K09X02C  s2010 02 11.61161 1 - 3560.1872 - 4779.1690 + 3490.7898   ~0DxHC51
c6720K09X02C  S2010 02 11.74391 16 10 39.90 +28 24 40.9                L~0DxHC51
c6720K09X02C  s2010 02 11.74391 1 - 3543.0720 - 4782.7762 + 3502.7608   ~0DxHC51
c6720K09X02C  S2010 02 11.87622 16 11 22.98 +28 24 12.4                L~0IQuC51
c6720K09X02C  s2010 02 11.87622 1 - 3526.4217 - 4786.2661 + 3514.6918   ~0IQuC51
c6720K09X02C KC2010 02 12.47690 16 14 37.99 +28 21 50.4          19.0 Cu~0DxH448
c6720K09X02C KC2010 02 12.48118 16 14 39.40 +28 21 49.2          18.5 Cu~0DxH448
c6720K09X02C KC2010 02 12.48546 16 14 40.74 +28 21 48.3          18.6 Cu~0DxH448
c6720K09X02C  C2010 02 13.00507 16 17 28.15 +28 19 29.1                c~0DxH587
c6720K09X02C  C2010 02 13.00873 16 17 29.35 +28 19 29.2          18.1 Rc~0DxH587
c6720K09X02C  C2010 02 13.01194 16 17 30.29 +28 19 28.0          17.9 Rc~0DxH587
c6720K09X02C  C2010 02 13.01366 16 17 30.93 +28 19 27.2                c~0DxH587
c6720K09X02C KC2010 02 18.45532 16 45 29.53 +27 47 26.7          18.1 Cu~0DxH448
c6720K09X02C KC2010 02 18.45747 16 45 30.14 +27 47 25.8          18.0 Cu~0DxH448
c6720K09X02C KC2010 02 18.45961 16 45 30.80 +27 47 24.9          18.2 Cu~0DxH448
c6720K09X02C KC2010 02 18.46247 16 45 31.61 +27 47 23.8          18.1 Cu~0DxH448
c6720K09X02C KC2010 02 18.46534 16 45 32.46 +27 47 22.7          18.1 Cu~0DxH448
c6720K09X02C  C2010 02 18.48869516 45 38.96 +27 47 12.3          18.3 Vo~0DxHH21
c6720K09X02C  C2010 02 18.49217616 45 39.97 +27 47 10.7          18.4 Vo~0DxHH21
c6720K09X02C  C2010 02 18.49625916 45 41.17 +27 47 08.9          18.1 Vo~0DxHH21
c6720K09X02C  C2010 02 19.46416 16 50 25.53 +27 39 50.4          18.3 Ru~0DxHH45
c6720K09X02C  C2010 02 19.46514 16 50 25.81 +27 39 50.1          18.2 Ru~0DxHH45
c6720K09X02C  C2010 02 19.46823 16 50 26.70 +27 39 48.8          18.4 Ru~0DxHH45
c6720K09X02C  C2010 02 19.46894 16 50 26.91 +27 39 48.5          18.4 Ru~0DxHH45
c6720K09X02C  C2010 02 19.46998 16 50 27.21 +27 39 47.9          18.4 Ru~0DxHH45
c6720K09X02C KC2010 02 21.15409 16 58 31.07 +27 26 01.4                v~0DxH204
c6720K09X02C KC2010 02 21.16098 16 58 33.01 +27 25 58.1                v~0DxH204
c6720K09X02C KC2010 02 21.16712 16 58 34.71 +27 25 54.9          17.3 Cv~0DxH204
c6720K09X02C  C2010 03 05.46970 17 50 49.45 +25 15 30.8          18.6 Vo~0EmTH21
c6720K09X02C  C2010 03 05.47121 17 50 49.79 +25 15 29.6          18.6 Vo~0EmTH21
c6720K09X02C  C2010 03 05.47273 17 50 50.13 +25 15 28.5          18.6 Vo~0EmTH21
c6720K09X02C  C2010 03 05.47426 17 50 50.48 +25 15 27.4          18.6 Vo~0EmTH21
c6720K09X02C  C2010 03 05.47579 17 50 50.82 +25 15 26.4          18.7 Vo~0EmTH21
c6720K09X02C  C2010 03 07.39955 17 58 01.39 +24 51 34.4          19.2 Vo~0EmTH21
c6720K09X02C  C2010 03 07.40293 17 58 02.12 +24 51 31.9          19.2 Vo~0EmTH21
c6720K09X02C  C2010 03 07.41840 17 58 05.46 +24 51 20.4          18.7 Vo~0EmTH21
c6720K09X02C  C2010 03 07.42064 17 58 05.95 +24 51 18.7          18.5 Vo~0EmTH21
c6720K09X02C KC2010 03 17.08330 18 30 30.14 +22 43 08.9          18.6 Cu~0F6B160
c6720K09X02C KC2010 03 17.08595 18 30 30.61 +22 43 08.2          18.3 Cu~0F6B160
c6720K09X02C KC2010 03 17.08861 18 30 31.10 +22 43 05.0          18.4 Cu~0F6B160
c6720K09X02C  C2010 03 25.05033 18 53 12.69 +20 49 52.7          19.1  u~0JX5C20
c6720K09X02C  C2010 03 25.05179 18 53 12.93 +20 49 51.2          18.7  u~0JX5C20
c6720K09X02C KC2010 04 07.08220 19 23 54.96 +17 32 43.6          19.2 Cu~0GD8160
c6720K09X02C KC2010 04 07.08477 19 23 55.33 +17 32 42.9          19.0 Cu~0GD8160
c6720K09X02C KC2010 04 07.08757 19 23 55.66 +17 32 41.6          19.1 Cu~0GD8160
c6720K09X02C KC2010 04 10.10639 19 30 00.30 +16 44 48.0          18.4 Cu~0GD8160
c6720K09X02C KC2010 04 10.10906 19 30 00.71 +16 44 45.8          18.7 Cu~0GD8160
c6720K09X02C KC2010 04 10.11173 19 30 00.94 +16 44 43.5          18.6 Cu~0GD8160
c6720K09X02C KC2010 04 19.12612 19 45 56.11 +14 14 37.2                u~0GWj160
c6720K09X02C KC2010 04 19.12773 19 45 56.27 +14 14 35.0          19.2 Cu~0GWj160
c6720K09X02C KC2010 04 19.12933 19 45 56.44 +14 14 32.6                u~0GWj160
c6720K09X02C  S2010 04 22.74525 19 51 22.68 +13 10 32.9                L~0LLeC51
c6720K09X02C  s2010 04 22.74525 1 + 3323.6996 - 5900.4518 + 1364.1441   ~0LLeC51
c6720K09X02C  S2010 04 22.87756 19 51 34.03 +13 08 08.9                L~0LLeC51
c6720K09X02C  s2010 04 22.87756 1 + 3337.0877 - 5891.4578 + 1370.1626   ~0LLeC51
c6720K09X02C  S2010 04 23.00986 19 51 45.31 +13 05 45.3                L~0LLeC51
c6720K09X02C  s2010 04 23.00986 1 + 3350.9117 - 5882.1650 + 1377.6553   ~0LLeC51
c6720K09X02C  S2010 04 23.14216 19 51 56.56 +13 03 20.9                L~0LLeC51
c6720K09X02C  s2010 04 23.14216 1 + 3364.5427 - 5872.7499 + 1385.3347   ~0LLeC51
c6720K09X02C  S2010 04 23.27447 19 52 07.77 +13 00 56.1                L~0LLeC51
c6720K09X02C  s2010 04 23.27447 1 + 3377.8894 - 5863.4089 + 1392.0322   ~0LLeC51
c6720K09X02C  S2010 04 23.34068 19 52 13.35 +12 59 44.2                L~0LLeC51
c6720K09X02C  s2010 04 23.34068 1 + 3383.8114 - 5868.7426 + 1354.3602   ~0LLeC51
c6720K09X02C  S2010 04 23.40677 19 52 18.93 +12 58 31.4                L~0LLeC51
c6720K09X02C  s2010 04 23.40677 1 + 3391.1663 - 5854.0724 + 1398.0636   ~0LLeC51
c6720K09X02C  S2010 04 23.47299 19 52 24.49 +12 57 19.4                L~0LLeC51
c6720K09X02C  s2010 04 23.47299 1 + 3397.2220 - 5859.3378 + 1361.5647   ~0LLeC51
c6720K09X02C  S2010 04 23.53908 19 52 30.04 +12 56 06.5                L~0LLeC51
c6720K09X02C  s2010 04 23.53908 1 + 3404.5314 - 5844.3753 + 1406.6979   ~0LLeC51
c6720K09X02C  S2010 04 23.60529 19 52 35.60 +12 54 53.7                L~0LLeC51
c6720K09X02C  s2010 04 23.60529 1 + 3410.5918 - 5849.6516 + 1369.8444   ~0LLeC51
c6720K09X02C  S2010 04 23.67151 19 52 41.12 +12 53 41.2                L~0LLeC51
c6720K09X02C  s2010 04 23.67151 1 + 3416.5467 - 5854.7995 + 1332.4663   ~0LLeC51
c6720K09X02C  S2010 04 23.73760 19 52 46.64 +12 52 28.3                L~0LLeC51
c6720K09X02C  s2010 04 23.73760 1 + 3423.9706 - 5840.2080 + 1375.8629   ~0LLeC51
c6720K09X02C  S2010 04 23.80381 19 52 52.16 +12 51 15.7                L~0LLeC51
c6720K09X02C  s2010 04 23.80381 1 + 3429.9535 - 5845.5159 + 1337.9819   ~0LLeC51
c6720K09X02C  S2010 04 24.13451 19 53 19.52 +12 45 10.8                L~0LLeC51
c6720K09X02C  s2010 04 24.13451 1 + 3464.3130 - 5811.8398 + 1396.7007   ~0LLeC51
c6720K09X02C  S2010 04 24.13464 19 53 19.53 +12 45 10.7                L~0LLeC51
c6720K09X02C  s2010 04 24.13464 1 + 3463.0638 - 5831.6549 + 1315.5182   ~0LLeC51
c6720K09X02C  S2010 04 24.26694 19 53 30.42 +12 42 44.6                L~0LLeC51
c6720K09X02C  s2010 04 24.26694 1 + 3476.3241 - 5822.1631 + 1322.1902   ~0LLeC51
c6720K09X02C  S2010 04 24.39925 19 53 41.25 +12 40 17.9                L~0LLeC51
c6720K09X02C  s2010 04 24.39925 1 + 3489.5094 - 5812.6951 + 1328.0456   ~0LLeC51
c6720K09X02C  C2010 04 29.02789 19 59 32.81 +11 12 01.9          18.3  u~0JX5C20
c6720K09X02C  C2010 04 29.03083 19 59 33.01 +11 11 58.5          18.2  u~0JX5C20
c6720K09X02C KC2010 04 29.08498 19 59 36.93 +11 10 53.8          18.5 Cu~0Gtg160
c6720K09X02C KC2010 04 29.08601 19 59 37.06 +11 10 53.0          18.3 Cu~0Gtg160
c6720K09X02C KC2010 04 30.07514 20 00 44.78 +10 51 18.4          19.0 Cu~0Gtg160
c6720K09X02C KC2010 04 30.07803 20 00 44.95 +10 51 15.1          19.5 Cu~0Gtg160
c6720K09X02C KC2010 04 30.08067 20 00 45.12 +10 51 12.3          19.2 Cu~0Gtg160
c6720K09X02C KC2010 05 01.10348 20 01 52.41 +10 30 40.3          18.7 Cu~0Gtg160
c6720K09X02C KC2010 05 01.10624 20 01 52.63 +10 30 36.7          19.4 Cu~0Gtg160
c6720K09X02C KC2010 05 01.10897 20 01 52.78 +10 30 33.2          19.4 Cu~0Gtg160
c6720K09X02C KC2010 05 26.36548220 13 35.44 -00 03 41.6          18.5 Vo~0I1dH21
c6720K09X02C KC2010 05 26.37264220 13 35.33 -00 03 54.5          19.2 Vo~0I1dH21
c6720K09X02C KC2010 05 29.35449520 12 46.13 -01 38 22.1          18.3 Vo~0I1dH21
c6720K09X02C KC2010 05 29.35785220 12 46.05 -01 38 28.6          18.1 Vo~0I1dH21
c6720K09X02C KC2010 05 29.36111820 12 45.97 -01 38 34.7          18.1 Vo~0I1dH21
c6720K09X02C KC2010 05 29.36429120 12 45.87 -01 38 40.3          18.4 Vo~0I1dH21
c6720K09X02C  C2010 06 05.07580 20 09 07.84 -05 26 33.1          17.1 Vr~0IQuJ75
c6720K09X02C  C2010 06 05.08895 20 09 07.18 -05 27 00.8          17.5 Vr~0IQuJ75
c6720K09X02C  C2010 06 05.10205 20 09 06.54 -05 27 28.6          17.4 Vr~0IQuJ75
c6720K09X02C  C2010 06 13.32257 20 01 22.82 -10 29 40.8          17.2  c~0Ijd704
c6720K09X02C  C2010 06 13.33294 20 01 22.03 -10 30 04.1          17.4  c~0Ijd704
c6720K09X02C  C2010 06 13.34412 20 01 21.25 -10 30 29.5          17.6  c~0Ijd704
c6720K09X02C  C2010 06 13.35459 20 01 20.50 -10 30 52.8          17.6  c~0Ijd704
c6720K09X02C  C2010 06 13.36671 20 01 19.58 -10 31 20.2          17.8  c~0Ijd704
c6720K09X02C  C2010 06 15.33606 19 58 59.14 -11 46 02.6          17.5  c~0WGJ704
c6720K09X02C  C2010 06 15.34694 19 58 58.28 -11 46 27.8          17.5  c~0WGJ704
c6720K09X02C  C2010 06 15.35770 19 58 57.39 -11 46 52.2          17.6  c~0WGJ704
c6720K09X02C  C2010 06 16.37164 19 57 41.01 -12 25 28.2          17.5  c~0Ijd704
c6720K09X02C  C2010 06 16.38222 19 57 40.13 -12 25 53.0          17.9  c~0Ijd704
c6720K09X02C  C2010 06 16.39278 19 57 39.28 -12 26 16.7          17.7  c~0Ijd704
c6720K09X02C  C2010 06 16.40333 19 57 38.41 -12 26 40.4          17.5  c~0Ijd704
c6720K09X02C  C2010 06 16.41390 19 57 37.54 -12 27 05.0          17.7  c~0Ijd704
c6720K09X02C  C2010 06 17.34516 19 56 25.51 -13 02 33.1          17.8 Rc~0PMt926
c6720K09X02C  C2010 06 17.35671 19 56 24.52 -13 02 59.8          17.9 Rc~0PMt926
c6720K09X02C  C2010 06 17.36824 19 56 23.57 -13 03 26.0          17.8 Rc~0PMt926
c6720K09X02C KC2010 06 20.36902 19 52 16.64 -14 57 33.0          17.7 Ru~0JApH47
c6720K09X02C KC2010 06 20.37450 19 52 16.13 -14 57 46.2          18.2 Ru~0JApH47
c6720K09X02C KC2010 06 20.37945 19 52 15.73 -14 57 56.8          17.8 Ru~0JApH47
c6720K09X02C  C2010 06 24.27652 19 46 30.60 -17 24 06.6          17.9 Rc~0PMt926
c6720K09X02C  C2010 06 24.28815 19 46 29.55 -17 24 32.5          18.2 Rc~0PMt926
c6720K09X02C  C2010 06 24.29969 19 46 28.42 -17 24 58.2          18.3 Rc~0PMt926
c6720K09X02C KC2010 06 25.32902519 44 52.74 -18 02 55.8          18.2 Vo~0JX5H21
c6720K09X02C KC2010 06 25.33714019 44 51.99 -18 03 13.5          18.5 Vo~0JX5H21
c6720K09X02C KC2010 06 25.34527119 44 51.17 -18 03 31.3          18.5 Vo~0JX5H21
c6720K09X02C KC2010 07 03.33701219 32 00.37 -22 42 20.5          18.5 Vo~0K94H21
c6720K09X02C KC2010 07 03.34195719 31 59.86 -22 42 30.3          18.7 Vo~0K94H21
c6720K09X02C KC2010 07 03.34870319 31 59.17 -22 42 43.7          19.0 Vo~0K94H21
c6720K09X02C KC2010 07 03.35344019 31 58.70 -22 42 52.8          18.2 Vo~0K94H21
c6720K09X02C  C2010 07 04.34853419 30 21.20 -23 15 09.2          18.3 Vo~0K94H21
c6720K09X02C  C2010 07 04.35623019 30 20.45 -23 15 24.0          16.9 Vo~0K94H21
c6720K09X02C  C2010 07 04.36090519 30 19.95 -23 15 32.7          18.4 Vo~0K94H21
c6720K09X02C  C2010 07 06.95686 19 26 07.65 -24 36 40.1          17.6 Vr~0K94J75
c6720K09X02C  C2010 07 06.96981 19 26 06.32 -24 37 04.4          17.7 Vr~0K94J75
c6720K09X02C  C2010 07 06.98278 19 26 05.05 -24 37 28.1          17.7 Vr~0K94J75
c6720K09X02C KC2010 07 08.97250 19 22 53.83 -25 36 30.0          17.8 Cv~0KZG204
c6720K09X02C KC2010 07 08.97804 19 22 53.26 -25 36 39.5                v~0KZG204
c6720K09X02C  C2010 07 10.28577 19 20 49.64 -26 13 52.1          17.5  c~0KZG704
c6720K09X02C  C2010 07 10.29687 19 20 48.59 -26 14 11.2          17.6  c~0KZG704
c6720K09X02C  C2010 07 10.30803 19 20 47.53 -26 14 30.0          17.9  c~0KZG704
c6720K09X02C  C2010 07 10.31910 19 20 46.44 -26 14 48.1          18.3  c~0KZG704
c6720K09X02C  C2010 07 10.33027 19 20 45.28 -26 15 07.1          18.0  c~0KZG704
c6720K09X02C  C2010 07 14.17650 19 14 55.06 -27 57 11.9          18.6 Vo~0KZGH26
c6720K09X02C  C2010 07 14.17828 19 14 54.93 -27 57 14.7          18.5 Vo~0KZGH26
c6720K09X02C  C2010 07 14.18002 19 14 54.72 -27 57 17.6          18.4 Vo~0KZGH26
c6720K09X02C  C2010 07 14.18175 19 14 54.57 -27 57 19.8          18.1 Vo~0KZGH26
c6720K09X02C |C2013 11 28.22293 06 04 26.09 +06 07 37.5          20.6 Vu~0xRU807
c6720K09X02C |C2013 11 28.22848 06 04 25.76 +06 07 38.6          20.6 Vu~0xRU807
c6720K09X02C |C2013 11 28.23404 06 04 25.41 +06 07 39.6          20.5 Vu~0xRU807
c6720K09X02C KC2013 11 28.28981306 04 22.17 +06 07 43.3          21.2 Vu~0xptH21
c6720K09X02C KC2013 11 28.30105206 04 21.51 +06 07 45.3          20.6 Vu~0xptH21
c6720K09X02C KC2013 11 28.31286906 04 20.80 +06 07 47.5          20.5 Vu~0xptH21
c6720K09X02C |C2013 12 09.25644 05 51 51.07 +06 54 45.0          20.6 Vu~0y5z807
c6720K09X02C |C2013 12 09.25956 05 51 50.81 +06 54 45.9          20.0 Vu~0y5z807
c6720K09X02C |C2013 12 09.26268 05 51 50.57 +06 54 46.8          20.2 Vu~0y5z807
c6720K09X02C |C2013 12 09.26579 05 51 50.32 +06 54 48.1          20.2 Vu~0y5z807
c6720K09X02C |C2013 12 09.26890 05 51 50.06 +06 54 49.2          19.9 Vu~0y5z807
c6720K09X02C  C2013 12 12.51089 05 47 27.863+07 14 18.21         19.5 rL~0y5zF51
c6720K09X02C  C2013 12 12.52351 05 47 26.785+07 14 23.05         19.6 rL~0y5zF51
c6720K09X02C  C2013 12 12.53769 05 47 25.574+07 14 28.57         20.1 gL~0y5zF51
c6720K09X02C  C2013 12 12.55052 05 47 24.479+07 14 33.44         20.2 gL~0y5zF51
     K09X02C KC2014 01 17.15776 04 55 05.62 +13 29 04.7          19.6 Rq~0zg1448
c6720K09X02C KC2014 01 17.15776 04 55 05.62 +13 29 04.7          19.6 Rq~0zg1448
     K09X02C KC2014 01 17.18056 04 55 03.92 +13 29 22.3          19.4 Rq~0zg1448
c6720K09X02C KC2014 01 17.18056 04 55 03.92 +13 29 22.3          19.4 Rq~0zg1448
     K09X02C KC2014 01 17.20463 04 55 02.18 +13 29 42.4          19.3 Rq~0zg1448
c6720K09X02C KC2014 01 17.20463 04 55 02.18 +13 29 42.4          19.3 Rq~0zg1448
     K09X02C KC2014 01 28.14241 04 44 19.02 +16 01 55.1          19.6 Rq~102j448
c6720K09X02C KC2014 01 28.14241 04 44 19.02 +16 01 55.1          19.6 Rq~102j448
     K09X02C KC2014 01 28.18131 04 44 17.19 +16 02 28.0          20.0 Rq~102j448
c6720K09X02C KC2014 01 28.18131 04 44 17.19 +16 02 28.0          20.0 Rq~102j448
     K09X02C KC2014 01 28.20581 04 44 16.01 +16 02 49.4          19.7 Rq~102j448
c6720K09X02C KC2014 01 28.20581 04 44 16.01 +16 02 49.4          19.7 Rq~102j448
     K09X02C KC2014 01 29.16035704 43 33.86 +16 16 23.9          20.2 Vu~102jH21
c6720K09X02C KC2014 01 29.16035704 43 33.86 +16 16 23.9          20.2 Vu~102jH21
     K09X02C KC2014 01 29.16303504 43 33.74 +16 16 26.6          20.1 Vu~102jH21
c6720K09X02C KC2014 01 29.16303504 43 33.74 +16 16 26.6          20.1 Vu~102jH21
     K09X02C KC2014 01 29.16561504 43 33.61 +16 16 28.9          20.1 Vu~102jH21
c6720K09X02C KC2014 01 29.16561504 43 33.61 +16 16 28.9          20.1 Vu~102jH21
