     K09S01X  C2002 08 11.42677 21 30 13.72 -20 00 38.6          20.6 Ro~0Bij644
     K09S01X  C2002 08 11.43749 21 30 12.54 -20 00 40.8                o~0Bij644
     K09S01X  C2002 08 11.44822 21 30 11.37 -20 00 42.8                o~0Bij644
     K09S01X  C2002 08 15.21903 21 23 29.01 -20 13 34.4          20.3 Ro~0Bij644
     K09S01X  C2002 08 15.22596 21 23 28.25 -20 13 36.3                o~0Bij644
     K09S01X  C2002 08 15.28965 21 23 21.13 -20 13 48.8                o~0Bij644
     K09S01X  C2002 08 15.30181 21 23 19.78 -20 13 50.7          20.7 Ro~0Bij644
     K09S01X  C2002 08 15.35861 21 23 13.42 -20 14 01.5          20.3 Ro~0Bij644
     K09S01X  C2002 08 15.37400 21 23 11.68 -20 14 04.3          20.5 Ro~0Bij644
     K09S01X  C2002 08 18.28946 21 17 53.13 -20 22 35.4                o~0Bij644
     K09S01X  C2002 08 18.34957 21 17 46.29 -20 22 45.0                o~0Bij644
     K09S01X  C2002 08 29.27413 20 58 05.95 -20 40 36.5          20.9 Ro~0Bij644
     K09S01X  C2002 08 29.29073 20 58 04.15 -20 40 38.0          20.1 Ro~0Bij644
     K09S01X  C2002 08 29.29532 20 58 03.73 -20 40 38.2          20.4 Ro~0Bij644
     K09S01X  C2002 08 29.31624 20 58 01.49 -20 40 38.3          20.3 Ro~0Bij644
     K09S01X* C2009 09 18.38999 03 12 42.44 +33 28 03.0          18.8 Vr~09Mn703
     K09S01X  C2009 09 18.39844 03 12 44.28 +33 28 25.1          18.9 Vr~09Mn703
     K09S01X  C2009 09 18.40690 03 12 46.18 +33 28 46.8          19.0 Vr~09Mn703
     K09S01X  C2009 09 18.44933 03 12 55.47 +33 30 36.7          18.9 Vr~09Mn703
     K09S01X  C2009 09 18.45029 03 12 55.69 +33 30 39.2          18.8 Vr~09Mn703
     K09S01X  C2009 09 18.45124 03 12 55.94 +33 30 42.0          19.1 Vr~09Mn703
     K09S01X  C2009 09 18.45220 03 12 56.12 +33 30 44.5          18.9 Vr~09Mn703
     K09S01X  C2009 09 18.93869 03 14 49.92 +33 51 35.7          18.8 Rr~09Mn113
     K09S01X  C2009 09 18.94167 03 14 50.46 +33 51 46.6          19.2 Vc~09MnA50
     K09S01X  C2009 09 18.94398 03 14 50.98 +33 51 51.9          18.9 Vc~09MnA50
     K09S01X  C2009 09 18.94628 03 14 51.45 +33 51 58.6          18.9 Vc~09MnA50
     K09S01X  C2009 09 18.94804 03 14 52.07 +33 52 00.9          18.9 Rr~09Mn113
     K09S01X  C2009 09 18.94859 03 14 52.07 +33 52 04.2          18.9 Vc~09MnA50
     K09S01X  C2009 09 18.95089 03 14 52.58 +33 52 10.3          18.7 Vc~09MnA50
     K09S01X  C2009 09 18.95738 03 14 54.24 +33 52 25.2          18.9 Rr~09Mn113
     K09S01X  C2009 09 18.96674 03 14 56.39 +33 52 50.1          18.6 Rr~09Mn113
     K09S01X  C2009 09 18.97516 03 14 58.40 +33 53 13.4          18.9 Vc~09Mn595
     K09S01X  C2009 09 18.97788 03 14 59.02 +33 53 21.3                c~09Mn595
     K09S01X  C2009 09 18.98060 03 14 59.64 +33 53 28.1                c~09Mn595
     K09S01X  C2009 09 19.07250 03 15 20.57 +33 57 27.9          18.3 Cv~09MnB15
     K09S01X  C2009 09 19.07493 03 15 21.14 +33 57 34.3          18.4 Cv~09MnB15
     K09S01X  C2009 09 19.07741 03 15 21.69 +33 57 40.8          18.4 Cv~09MnB15
     K09S01X  C2009 09 19.07949 03 15 22.17 +33 57 46.2          18.5 Cv~09MnB15
     K09S01X  C2009 09 19.30810 03 16 16.63 +34 07 48.0          19.3 Vo~09MnH55
     K09S01X  C2009 09 19.31186 03 16 17.42 +34 07 57.6          19.5 Vo~09MnH55
     K09S01X  C2009 09 19.31568 03 16 18.31 +34 08 08.0          19.4 Vo~09MnH55
     K09S01X  C2009 09 20.02820 03 19 09.36 +34 39 23.9                v~09Mn204
     K09S01X  C2009 09 20.03052 03 19 09.90 +34 39 30.1                v~09Mn204
     K09S01X  C2009 09 20.03284 03 19 10.47 +34 39 36.3                v~09Mn204
     K09S01X  C2009 09 20.03524 03 19 11.02 +34 39 42.8          18.6 Cv~09Mn204
     K09S01X  C2009 09 23.90034 03 36 02.25 +37 35 27.2          18.8 Vr~09MnA17
     K09S01X  C2009 09 23.91195 03 36 05.48 +37 36 00.3          19.1 Vr~09MnA17
     K09S01X  C2009 09 23.92375 03 36 08.80 +37 36 33.9          18.9 Vr~09MnA17
     K09S01X  C2009 09 23.93576 03 36 12.11 +37 37 08.1          18.8 Vr~09MnA17
     K09S01X  C2009 09 25.93873 03 46 00.58 +39 11 48.8          18.8 Vr~09dQA17
     K09S01X  C2009 09 25.95061 03 46 04.16 +39 12 23.2          18.8 Vr~09dQA17
     K09S01X  C2009 09 25.96220 03 46 07.67 +39 12 57.2          18.8 Vr~09dQA17
     K09S01X  C2009 09 30.34633 04 10 48.17 +42 45 36.5          18.9  c~09qb704
     K09S01X  C2009 09 30.35866 04 10 52.54 +42 46 15.1          19.8  c~09qb704
     K09S01X  C2009 09 30.37098 04 10 56.99 +42 46 52.1          19.2  c~09qb704
     K09S01X  C2009 09 30.38368 04 11 01.50 +42 47 29.5          19.7  c~09qb704
     K09S01X  C2009 09 30.39601 04 11 06.04 +42 48 06.2          19.2  c~09qb704
     K09S01X 1C2009 10 02.05602 04 21 50.15 +44 09 01.6                o~09zEJ13
     K09S01X 1C2009 10 02.05638 04 21 50.28 +44 09 02.7                o~09zEJ13
     K09S01X 1C2009 10 02.05677 04 21 50.44 +44 09 03.9                o~09zEJ13
     K09S01X 1C2009 10 02.05714 04 21 50.58 +44 09 05.0                o~09zEJ13
     K09S01X  C2009 10 03.99493 04 35 26.83 +45 42 30.7          18.2 Cw~09qb160
     K09S01X  C2009 10 03.99767 04 35 27.97 +45 42 38.4          18.1 Cw~09qb160
     K09S01X  C2009 10 10.19648 05 28 11.48 +50 17 07.9                o~09zEJ95
     K09S01X  C2009 10 10.19805 05 28 12.37 +50 17 11.4          18.6 Ro~09zEJ95
     K09S01X  C2009 10 11.49657 05 41 11.89 +51 05 59.7          18.4 Rc~09zE926
     K09S01X  C2009 10 11.49824 05 41 12.89 +51 06 03.3          18.5 Rc~09zE926
     K09S01X  C2009 10 11.49991 05 41 13.89 +51 06 06.7          18.4 Rc~09zE926
     K09S01X  C2009 10 24.40120 08 15 42.60 +53 19 09.9          18.3 Rc~0Abx926
     K09S01X  C2009 10 24.40250 08 15 43.42 +53 19 07.7          18.5 Rc~0Abx926
     K09S01X  C2009 10 24.40381 08 15 44.51 +53 19 07.0          18.4 Rc~0Abx926
     K09S01X  C2009 11 01.51906 09 44 28.83 +48 28 41.4          19.2 Rc~0Av0926
     K09S01X  C2009 11 01.52072 09 44 29.73 +48 28 36.6          19.2 Rc~0Av0926
     K09S01X  C2009 11 01.52237 09 44 30.61 +48 28 32.0          19.4 Rc~0Av0926
     K09S01X  C2009 11 08.48169 10 40 25.32 +42 09 24.9          18.7 Vr~0B0d703
     K09S01X  C2009 11 08.48608 10 40 27.04 +42 09 10.4          18.1 Vr~0B0d703
     K09S01X  C2009 11 08.49042 10 40 28.92 +42 08 54.8          18.3 Vr~0B0d703
     K09S01X  C2009 11 08.49477 10 40 30.50 +42 08 40.2          17.7 Vr~0B0d703
     K09S01X  C2009 11 10.44012 10 53 09.00 +40 14 34.3          18.4  c~0B0d704
     K09S01X  C2009 11 10.45266 10 53 13.61 +40 13 51.1          19.5  c~0B0d704
     K09S01X  C2009 11 10.46480 10 53 17.91 +40 13 10.1          19.5  c~0B0d704
     K09S01X  C2009 11 10.47696 10 53 22.45 +40 12 27.2          19.4  c~0B0d704
     K09S01X  C2009 11 10.48913 10 53 26.86 +40 11 45.6          19.5  c~0B0d704
     K09S01X  C2009 11 22.38589 11 51 07.99 +28 44 31.0          19.4 Rr~0Bij932
     K09S01X  C2009 11 22.38781 11 51 08.46 +28 44 24.9          19.3 Rr~0Bij932
     K09S01X  C2009 11 22.39042 11 51 09.04 +28 44 17.0          19.3 Rr~0Bij932
     K09S01X  C2009 11 22.45662 11 51 24.43 +28 40 41.3          20.0 Ro~0Bij448
     K09S01X  C2009 11 22.46718 11 51 26.88 +28 40 06.6          18.8 Ro~0Bij448
     K09S01X  C2009 11 22.47932 11 51 29.58 +28 39 27.9          19.8 Ro~0Bij448
     K09S01X  C2009 11 24.48191 11 58 50.80 +26 50 46.9          20.0 Vr~0Bij703
     K09S01X  C2009 11 24.48964 11 58 52.32 +26 50 21.4          19.3 Vr~0Bij703
     K09S01X  C2009 11 24.49752 11 58 53.90 +26 49 57.0          19.2 Vr~0Bij703
     K09S01X  C2009 11 24.50543 11 58 55.63 +26 49 32.7          19.5 Vr~0Bij703
     K09S01X  S2010 01 20.78454 13 54 33.99 -08 40 54.0                L~0V9AC51
     K09S01X  s2010 01 20.78454 1 - 6136.7013 - 3040.2189 -  941.5495   ~0V9AC51
     K09S01X  S2010 01 20.91685 13 54 41.70 -08 44 09.2                L~0V9AC51
     K09S01X  s2010 01 20.91685 1 - 6130.7133 - 3056.9070 -  926.0921   ~0V9AC51
     K09S01X  S2010 01 21.04928 13 54 49.42 -08 47 25.1                L~0V9AC51
     K09S01X  s2010 01 21.04928 1 - 6119.7184 - 3059.2007 -  991.9836   ~0V9AC51
     K09S01X  S2010 01 21.24780 13 55 00.82 -08 52 15.4                L~0V9AC51
     K09S01X  s2010 01 21.24780 1 - 6108.1784 - 3076.7249 - 1008.9753   ~0V9AC51
     K09S01X  S2010 01 21.44620 13 55 12.15 -08 57 07.2                L~0V9AC51
     K09S01X  s2010 01 21.44620 1 - 6101.6246 - 3109.2029 -  945.4083   ~0V9AC51
     K09S01X  S2010 01 21.44632 13 55 12.18 -08 57 06.2                L~0V9AC51
     K09S01X  s2010 01 21.44632 1 - 6096.1914 - 3094.0362 - 1027.3674   ~0V9AC51
     K09S01X  S2010 01 21.51234 13 55 15.89 -08 58 42.9                L~0V9AC51
     K09S01X  s2010 01 21.51234 1 - 6099.1177 - 3119.1086 -  928.8949   ~0V9AC51
     K09S01X  S2010 01 21.64477 13 55 23.38 -09 01 56.4                L~0V9AC51
     K09S01X  s2010 01 21.64477 1 - 6087.9845 - 3120.8151 -  994.1469   ~0V9AC51
     K09S01X  S2010 01 21.90950 13 55 38.21 -09 08 22.4                L~0V9AC51
     K09S01X  s2010 01 21.90950 1 - 6070.0289 - 3138.6782 - 1045.7045   ~0V9AC51
     K09S01X  C2010 01 31.46464 14 02 24.84 -12 45 28.5          19.0 Vo~0DivH21
     K09S01X  C2010 01 31.46634 14 02 24.87 -12 45 30.9          19.1 Vo~0DivH21
     K09S01X  C2010 01 31.47301 14 02 25.04 -12 45 39.1          18.8 Vo~0DivH21
     K09S01X  C2010 02 16.46428 14 02 36.45 -17 42 17.3          19.5 Vr~0Dw2703
     K09S01X  C2010 02 16.47098 14 02 36.27 -17 42 24.1          18.9 Vr~0Dw2703
     K09S01X  C2010 02 16.47768 14 02 36.06 -17 42 31.6          19.4 Vr~0Dw2703
     K09S01X  C2010 02 16.48447 14 02 35.66 -17 42 36.5          19.2 Vr~0Dw2703
     K09S01X  C2010 03 12.28440 13 32 00.80 -21 46 33.3          19.3 Vo~0F68H21
     K09S01X  C2010 03 12.28794 13 32 00.35 -21 46 34.1          19.3 Vo~0F68H21
     K09S01X  C2010 03 12.29153 13 31 59.92 -21 46 34.9          19.4 Vo~0F68H21
     K09S01X  C2010 03 12.29508 13 31 59.49 -21 46 35.8          20.0 Vo~0F68H21
     K09S01X KC2010 03 25.23329 13 04 28.76 -21 44 28.2          18.6 Cr~0FSWI20
     K09S01X KC2010 03 25.24772 13 04 26.83 -21 44 24.6          18.8 Cr~0FSWI20
     K09S01X KC2010 03 25.26217 13 04 24.82 -21 44 20.8          18.3 Cr~0FSWI20
     K09S01X  C2010 04 06.27617 12 40 10.02 -20 28 47.7          19.0 Vr~0FnU703
     K09S01X  C2010 04 06.28194 12 40 09.26 -20 28 46.0          19.1 Vr~0FnU703
     K09S01X  C2010 04 06.28775 12 40 08.68 -20 28 43.6          19.6 Vr~0FnU703
     K09S01X  C2010 04 06.29355 12 40 07.93 -20 28 39.6          19.1 Vr~0FnU703
