     K09B81F* C2009 01 31.24321 09 12 22.50 +55 38 44.6          18.9 Vr~03Nj703
     K09B81F  C2009 01 31.24821 09 12 29.77 +55 38 08.8          20.6 Vr~03Nj703
     K09B81F  C2009 01 31.25323 09 12 37.00 +55 37 34.7          19.4 Vr~03Nj703
     K09B81F  C2009 01 31.25831 09 12 44.56 +55 37 00.3          20.3 Vr~03Nj703
     K09B81F  C2009 01 31.29502 09 13 37.34 +55 32 42.7          21.0 Vr~03Nj703
     K09B81F  C2009 01 31.30124 09 13 46.12 +55 31 57.5          19.5 Vr~03Nj703
     K09B81F  C2009 01 31.31368 09 14 03.84 +55 30 28.7          20.9 Vr~03Nj703
     K09B81F  C2009 01 31.86514 09 27 02.98 +54 23 19.6                o~03NjJ95
     K09B81F  C2009 01 31.87740 09 27 17.91 +54 22 00.8                o~03NjJ95
     K09B81F  C2009 01 31.90563 09 27 52.05 +54 18 58.1          19.9 Ro~03NjJ95
     K09B81F  C2009 01 31.92160 09 28 13.62 +54 17 50.4          19.8 Co~03Nj493
     K09B81F  C2009 01 31.92529 09 28 17.90 +54 17 26.9          20.1 Co~03Nj493
     K09B81F  C2009 01 31.92611 09 28 18.88 +54 17 21.8          20.0 Co~03Nj493
     K09B81F  C2009 02 01.23191 09 34 20.89 +53 43 05.8          19.6 Vr~03Nj703
     K09B81F  C2009 02 01.23692 09 34 26.22 +53 42 34.7          19.8 Vr~03Nj703
     K09B81F  C2009 02 01.24190 09 34 31.41 +53 42 02.6          21.5 Vr~03Nj703
     K09B81F  C2009 02 01.24690 09 34 36.49 +53 41 33.0          19.5 Vr~03Nj703
     K09B81F  C2009 02 01.31028 09 35 41.35 +53 34 50.2          19.9 Rc~03Nj854
     K09B81F  C2009 02 01.31389 09 35 45.01 +53 34 25.4          20.1 Rc~03Nj854
     K09B81F  C2009 02 01.31753 09 35 48.25 +53 34 02.1          20.4 Rc~03Nj854
     K09B81F 5C2009 02 01.39657 09 37 08.47 +53 25 14.6          20.2 Ro~03Nj673
     K09B81F 5C2009 02 01.40336 09 37 15.24 +53 24 29.1          20.0 Ro~03Nj673
     K09B81F 5C2009 02 01.40875 09 37 20.09 +53 23 55.1          19.7 Ro~03Nj673
     K09B81F 5C2009 02 01.41465 09 37 25.94 +53 23 16.0                o~03Nj673
     K09B81F  C2009 02 02.31187109 51 24.81 +51 51 06.9          20.7 Vo~03NjH55
     K09B81F  C2009 02 02.31797809 51 29.30 +51 50 30.9          20.7 Vo~03NjH55
     K09B81F  C2009 02 02.32426709 51 33.90 +51 49 53.5          20.7 Vo~03NjH55
     K09B81F  C2009 02 02.38492 09 52 22.65 +51 44 22.9          20.8 Vr~03NjG96
     K09B81F  C2009 02 02.38554 09 52 23.12 +51 44 19.8          21.1 Vr~03NjG96
     K09B81F  C2009 02 02.38616 09 52 23.55 +51 44 16.3          20.4 Vr~03NjG96
     K09B81F  C2009 02 02.38677 09 52 23.98 +51 44 12.5          19.9 Vr~03NjG96
     K09B81F  C2009 02 02.44747 09 53 06.75 +51 38 01.8          19.6 Rv~03NjH01
     K09B81F  C2009 02 02.45271 09 53 10.51 +51 37 30.2          20.1 Rv~03NjH01
     K09B81F  C2009 02 02.46331 09 53 18.13 +51 36 25.8          20.0 Rv~03NjH01
     K09B81F  C2009 02 02.47156 09 53 24.07 +51 35 35.5          20.0 Rv~03NjH01
     K09B81F HC2009 02 13.28199 10 46 22.80 +42 08 25.4                o~04G0291
     K09B81F HC2009 02 13.29685 10 46 23.60 +42 08 00.9                o~04G0291
     K09B81F  C2009 02 13.30180 10 46 23.97 +42 07 51.6          22.3 Vo~04G0291
     K09B81F  C2009 02 15.23395310 49 02.73 +41 13 49.7          22.9  o~04bQH55
     K09B81F  C2009 02 15.25167810 49 03.53 +41 13 22.6          23.1  o~04bQH55
     K09B81F  C2009 02 15.26697010 49 04.22 +41 12 59.3          22.8  o~04bQH55
     K09B81F  C2009 02 20.25048 10 53 13.33 +39 17 13.4          22.3 Rv~04KAH01
     K09B81F  C2009 02 20.25326 10 53 13.37 +39 17 10.2          22.1 Rv~04KAH01
     K09B81F  C2009 02 20.25793 10 53 13.43 +39 17 04.7          22.9 Rv~04KAH01
     K09B81F  C2009 02 20.25894 10 53 12.30 +39 17 00.9          22.5 Vo~04bQH55
     K09B81F  C2009 02 20.26595 10 53 13.54 +39 16 55.3          21.9 Rv~04KAH01
     K09B81F  C2009 02 20.28247 10 53 12.62 +39 16 32.1          22.3 Vo~04bQH55
     K09B81F  C2009 02 20.30726 10 53 12.91 +39 16 01.4                o~04bQH55
