     K09S98M  C2009 09 24.24446 23 37 06.12 -18 10 05.0          18.4 Vr~09OM703
     K09S98M  C2009 09 24.25017 23 37 07.12 -18 09 54.5          18.7 Vr~09OM703
     K09S98M  C2009 09 24.25571 23 37 08.15 -18 09 45.4                r~09OM703
     K09S98M  C2009 09 24.26120 23 37 08.96 -18 09 33.1          19.1 Vr~09OM703
     K09S98M* C2009 09 24.29615 23 37 14.91 -18 08 26.5          18.9 Vr~09OM703
     K09S98M  C2009 09 24.30252 23 37 16.06 -18 08 14.6          18.5 Vr~09OM703
     K09S98M  C2009 09 24.30895 23 37 17.14 -18 08 01.7          18.8 Vr~09OM703
     K09S98M  C2009 09 24.31529 23 37 18.15 -18 07 49.6          18.8 Vr~09OM703
     K09S98M  C2009 09 24.33123 23 37 20.96 -18 07 19.4          19.1 Vr~09OM703
     K09S98M  C2009 09 24.33748 23 37 22.00 -18 07 06.9          19.4 Vr~09OM703
     K09S98M  C2009 09 24.34381 23 37 22.94 -18 06 55.1          19.0 Vr~09OM703
     K09S98M  C2009 09 24.37225 23 37 27.87 -18 06 00.0          19.8 Rc~09OM854
     K09S98M  C2009 09 24.37910 23 37 29.13 -18 05 48.2          19.3 Rc~09OM854
     K09S98M  C2009 09 24.43664 23 37 45.04 -18 02 50.8          18.7 Rv~09OME10
     K09S98M  C2009 09 24.43749 23 37 45.20 -18 02 49.4          18.7 Rv~09OME10
     K09S98M  C2009 09 24.43834 23 37 45.33 -18 02 47.9          18.8 Rv~09OME10
     K09S98M QC2009 09 24.59787 23 38 11.56 -17 57 58.1          19.0 Vr~09OME12
     K09S98M QC2009 09 24.60017 23 38 11.91 -17 57 53.7          19.1 Vr~09OME12
     K09S98M  C2009 09 24.62382 23 38 17.98 -17 57 10.0          19.2 Rc~09OMD21
     K09S98M  C2009 09 24.62752 23 38 18.55 -17 57 03.4          18.9 Rc~09OMD21
     K09S98M  C2009 09 24.63124 23 38 19.20 -17 56 56.8          18.9 Rc~09OMD21
     K09S98M  C2009 09 24.95567 23 39 16.93 -17 48 34.7          19.3 Rr~09OMJ95
     K09S98M  C2009 09 24.96743 23 39 18.74 -17 48 14.4          18.6 Rr~09OMJ95
     K09S98M  C2009 09 26.37468 23 42 55.98 -17 10 42.9          19.6 Vo~09de291
     K09S98M  C2009 09 26.37921 23 42 56.52 -17 10 36.1          19.6 Vo~09de291
     K09S98M  C2009 09 26.38458 23 42 57.19 -17 10 27.9          19.7 Vo~09de291
     K09S98M  C2009 09 27.24537 23 44 53.08 -16 50 36.1          19.8 Vo~09de291
     K09S98M  C2009 09 27.25316 23 44 53.89 -16 50 25.9          19.8 Vo~09de291
     K09S98M  C2009 09 27.25709 23 44 54.31 -16 50 20.6          19.8 Vo~09de291
     K09S98M HC2009 09 29.18793 23 48 26.93 -16 11 38.4                o~09de291
     K09S98M HC2009 09 29.20516 23 48 28.31 -16 11 19.8                o~09de291
     K09S98M  C2009 09 30.18479223 49 57.56 -15 54 15.3          19.9 Vo~09qvH55
     K09S98M  C2009 09 30.19164323 49 58.04 -15 54 08.4          19.8 Vo~09qvH55
     K09S98M  C2009 09 30.20529823 49 59.02 -15 53 55.2          20.2 Vo~09qvH55
     K09S98M  C2009 09 30.22072 23 50 01.16 -15 53 34.2          20.2 Vo~09de291
     K09S98M  C2009 09 30.22453 23 50 01.40 -15 53 29.9          19.8 Vo~09de291
     K09S98M  C2009 09 30.22851 23 50 01.72 -15 53 26.8          20.3 Vo~09de291
     K09S98M HC2009 10 09.27780 23 59 09.79 -13 55 31.3          21.6 Vo~09qv291
     K09S98M HC2009 10 09.29921 23 59 10.52 -13 55 18.2                o~09qv291
     K09S98M HC2009 10 10.15629 23 59 49.53 -13 46 09.8                o~09zN291
     K09S98M  C2009 10 10.16178 23 59 49.81 -13 46 07.7          21.9 Vo~09zN291
     K09S98M HC2009 10 10.16751 23 59 50.00 -13 46 03.0                o~09zN291
     K09S98M  C2009 10 11.13846400 00 30.78 -13 36 02.4          20.7 Vo~09zNH55
     K09S98M  C2009 10 11.14448200 00 31.00 -13 35 59.1          21.2 Vo~09zNH55
     K09S98M  C2009 10 11.16498000 00 31.78 -13 35 47.5          21.3 Vo~09zNH55
