     K09D43T* C2009 02 27.41498 10 49 34.53 +18 50 50.7          15.8 Vr~04th703
     K09D43T  C2009 02 27.41530 10 49 36.44 +18 49 53.5          15.6 Vr~04th703
     K09D43T  C2009 02 27.41593 10 49 40.26 +18 47 58.3          15.6 Vr~04th703
     K09D43T  C2009 02 27.42678 10 50 44.01 +18 15 56.0          15.8 Vr~04th703
     K09D43T  C2009 02 27.42710 10 50 45.92 +18 14 59.3          15.8 Vr~04th703
     K09D43T  C2009 02 27.42742 10 50 47.79 +18 14 01.8          15.9 Vr~04th703
     K09D43T  C2009 02 27.42775 10 50 49.59 +18 13 07.6          15.7 Vr~04th703
     K09D43T  C2009 02 27.46990 10 54 38.84 +16 17 23.0          15.8 Vr~04th703
     K09D43T  C2009 02 27.47021 10 54 40.46 +16 16 34.2          15.9 Vr~04th703
     K09D43T  C2009 02 27.47054 10 54 42.12 +16 15 44.2          15.7 Vr~04th703
     K09D43T  C2009 02 27.50996 10 57 54.68 +14 38 45.7          15.9 Vr~04th703
     K09D43T  C2009 02 27.51020 10 57 55.80 +14 38 11.7          15.9 Vr~04th703
     K09D43T  C2009 02 27.51084 10 57 58.78 +14 36 42.8          16.0 Vr~04th703
     K09D43T  C2009 02 27.53162 10 59 33.21 +13 49 35.6          15.9 Vr~04th703
     K09D43T  C2009 02 27.53192 10 59 34.54 +13 48 55.4          15.8 Vr~04th703
     K09D43T  C2009 02 27.53224 10 59 35.95 +13 48 12.4          16.0 Vr~04th703
     K09D43T  C2009 02 27.53256 10 59 37.39 +13 47 31.4          15.9 Vr~04th703
     K09D43T  C2009 03 01.31562 11 38 15.10 -05 06 56.2          18.8 Vr~04th703
     K09D43T  C2009 03 01.32434 11 38 16.65 -05 08 28.1          19.0 Vr~04th703
     K09D43T  C2009 03 01.33311 11 38 18.20 -05 10 01.0          18.9 Vr~04th703
     K09D43T  C2009 03 01.34185 11 38 19.78 -05 11 32.5          19.2 Vr~04th703
     K09D43T  C2009 03 02.04179 11 41 22.40 -06 46 59.9                r~04thJ95
     K09D43T  C2009 03 02.04709 11 41 22.99 -06 47 32.5                r~04thJ95
     K09D43T  C2009 03 02.05258 11 41 23.57 -06 48 06.4          19.3 Rr~04thJ95
     K09D43T tC2009 03 02.22577 11 42 11.01 -07 03 37.0          20.0 Vo~04th291
     K09D43T tC2009 03 02.23229 11 42 11.65 -07 04 14.3          19.9 Vo~04th291
     K09D43T tC2009 03 02.23665 11 42 12.01 -07 04 38.5          19.8 Vo~04th291
     K09D43T  C2009 03 02.51933 11 42 50.93 -07 22 31.8          19.7 Ro~04th474
     K09D43T  C2009 03 02.52153 11 42 51.09 -07 22 42.4          19.5 Ro~04th474
     K09D43T  C2009 03 02.52257 11 42 51.14 -07 22 47.3          19.2 Ro~04th474
     K09D43T  C2009 03 02.52373 11 42 51.21 -07 22 52.8          19.3 Ro~04th474
