Y3098K09D42V & 1975 11 27.50668 02 43 14.77 -41 49 44.7                c~071h260
Y3098K09D42V & 1975 11 27.54834 02 43 12.13 -41 48 53.1                c~071h260
Y3098K09D42V  C2003 05 09.54517 16 41 33.99 +14 01 39.3          19.9 Rc~071h608
Y3098K09D42V  C2003 05 09.55598 16 41 33.04 +14 01 39.6          19.9 Rc~071h608
Y3098K09D42V* C2009 02 26.42181 14 47 05.96 +27 27 46.6          19.8 Vr~04cp703
Y3098K09D42V  C2009 02 26.43022 14 47 06.28 +27 27 59.7          19.4 Vr~04cp703
Y3098K09D42V  C2009 02 26.44735 14 47 06.86 +27 28 24.8          20.0 Vr~04cp703
Y3098K09D42V  C2009 02 26.49419 14 47 08.48 +27 29 33.9          19.4 Vr~04cp703
Y3098K09D42V  C2009 02 26.51066 14 47 09.09 +27 29 58.0          18.8 Vr~04cp703
Y3098K09D42V  C2009 02 26.51896 14 47 09.31 +27 30 12.3          19.5 Vr~04cp703
Y3098K09D42V 5C2009 02 26.56227 14 47 11.01 +27 31 15.5          19.2 Ro~04cp673
Y3098K09D42V 6C2009 02 26.62736514 47 13.89 +27 32 57.7          19.3 Ro~04cpF65
Y3098K09D42V 6C2009 02 26.62860914 47 13.92 +27 32 59.4          19.2 Ro~04cpF65
Y3098K09D42V 6C2009 02 26.62995214 47 13.96 +27 33 01.3          19.1 Ro~04cpF65
Y3098K09D42V 6C2009 02 26.64032814 47 14.32 +27 33 16.9          19.2 Ro~04cpF65
Y3098K09D42V 6C2009 02 26.64155614 47 14.36 +27 33 18.8          19.3 Ro~04cpF65
Y3098K09D42V 6C2009 02 26.64279614 47 14.40 +27 33 20.4          19.4 Ro~04cpF65
Y3098K09D42V 6C2009 02 26.64401114 47 14.44 +27 33 22.3          19.2 Ro~04cpF65
Y3098K09D42V  C2009 02 26.97228 14 47 27.97 +27 41 27.7          20.0 Cr~04cp114
Y3098K09D42V  C2009 02 26.97603 14 47 28.11 +27 41 33.1          19.6 Cr~04cp114
Y3098K09D42V  C2009 02 26.98000 14 47 28.28 +27 41 38.6          19.5 Cr~04cp114
Y3098K09D42V  C2009 02 26.98394 14 47 28.37 +27 41 45.4          20.1 Cr~04cp114
Y3098K09D42V  C2009 02 26.98787 14 47 28.55 +27 41 51.3          19.6 Cr~04cp114
Y3098K09D42V  C2009 02 27.01919 14 47 29.96 +27 42 36.3                c~04cp587
Y3098K09D42V  C2009 02 27.02299 14 47 30.06 +27 42 42.8                c~04cp587
Y3098K09D42V IC2009 02 27.02667 14 47 30.28 +27 42 46.1                c~04cp587
Y3098K09D42V  C2009 02 28.51814 14 48 22.37 +28 19 54.9          19.3 Rv~04tgH01
Y3098K09D42V  C2009 02 28.52178 14 48 22.47 +28 20 00.1          19.4 Rv~04tgH01
Y3098K09D42V  C2009 02 28.52561 14 48 22.57 +28 20 05.9          19.4 Rv~04tgH01
Y3098K09D42V  C2009 03 02.32153 14 49 15.16 +29 04 07.3          19.0 Co~04tg857
Y3098K09D42V  C2009 03 02.36320 14 49 16.03 +29 05 09.1          19.4 Co~04tg857
Y3098K09D42V  C2009 03 02.42638514 49 16.92 +29 06 41.4          19.4 Vo~04tgH55
Y3098K09D42V  C2009 03 02.42821314 49 16.96 +29 06 44.2          19.4 Vo~04tgH55
Y3098K09D42V  C2009 03 02.43362714 49 17.07 +29 06 52.5          19.7 Vo~04tgH55
Y3098K09D42V  C2009 03 03.44971114 49 39.74 +29 31 27.8          19.5 Vo~04tgH55
Y3098K09D42V  C2009 03 03.45433714 49 39.81 +29 31 34.5          19.5 Vo~04tgH55
Y3098K09D42V  C2009 03 03.45817614 49 39.89 +29 31 39.9          19.5 Vo~04tgH55
Y3098K09D42V  C2009 03 04.47142 14 49 58.54 +29 55 58.0          19.8 Co~04tg857
Y3098K09D42V  C2009 03 04.47882 14 49 58.53 +29 56 10.2          19.7 Co~04tg857
Y3098K09D42V  C2009 03 15.34363 14 48 49.10 +33 55 00.4          19.4 Vo~05KFH55
Y3098K09D42V  C2009 03 15.34892 14 48 48.84 +33 55 06.8          19.7 Vo~05KFH55
Y3098K09D42V  C2009 03 15.35415 14 48 48.61 +33 55 13.5          20.3 Vo~05KFH55
Y3098K09D42V  C2009 03 17.95791 14 47 20.86 +34 44 48.1          19.1 Vr~05KFA13
Y3098K09D42V  C2009 03 17.97658 14 47 20.12 +34 45 08.4          19.3 Vr~05KFA13
Y3098K09D42V  C2009 03 22.38338314 43 50.70 +36 00 24.5          19.6 Vo~05YtH55
Y3098K09D42V  C2009 03 22.38665314 43 50.49 +36 00 27.6          19.6 Vo~05YtH55
Y3098K09D42V  C2009 03 22.38991314 43 50.31 +36 00 30.8          19.4 Vo~05YtH55
Y3098K09D42V  C2009 03 22.39337414 43 50.09 +36 00 33.9          19.7 Vo~05YtH55
Y3098K09D42V  C2009 03 24.31927 14 41 57.62 +36 29 36.2          20.3 Vr~05Yt703
Y3098K09D42V  C2009 03 24.32787 14 41 57.15 +36 29 41.7          19.7 Vr~05Yt703
Y3098K09D42V  C2009 03 24.33646 14 41 56.50 +36 29 52.0          19.2 Vr~05Yt703
Y3098K09D42V  C2009 03 24.34503 14 41 56.00 +36 29 56.9          19.6 Vr~05Yt703
Y3098K09D42V  C2009 04 01.32321 14 32 07.67 +38 01 07.0          19.8 Rr~05uKH45
Y3098K09D42V  C2009 04 01.32509 14 32 07.46 +38 01 08.1          19.9 Rr~05uKH45
Y3098K09D42V  C2009 04 01.32653 14 32 07.31 +38 01 10.1          19.8 Rr~05uKH45
Y3098K09D42V  C2009 04 01.32784 14 32 07.21 +38 01 10.2          19.7 Rr~05uKH45
Y3098K09D42V  C2009 04 01.32919 14 32 07.08 +38 01 10.4          19.7 Rr~05uKH45
Y3098K09D42V  C2009 04 01.33061 14 32 06.92 +38 01 11.2          19.8 Rr~05uKH45
Y3098K09D42V  C2009 04 08.28658 14 21 46.32 +38 38 57.6          20.4 Vo~06BdH55
Y3098K09D42V  C2009 04 08.28951 14 21 45.99 +38 38 58.3          20.4 Vo~06BdH55
Y3098K09D42V  C2009 04 08.29242 14 21 45.67 +38 38 59.0          20.4 Vo~06BdH55
Y3098K09D42V  C2009 04 09.35630 14 20 05.65 +38 41 11.0          20.1 Vo~06BdH55
Y3098K09D42V  C2009 04 09.35813 14 20 05.45 +38 41 11.4          19.8 Vo~06BdH55
Y3098K09D42V  C2009 04 09.36087 14 20 05.20 +38 41 11.8          19.2 Vo~06BdH55
Y3098K09D42V  C2009 04 16.30038 14 09 09.43 +38 32 44.2          20.5 Vo~06BdH55
Y3098K09D42V  C2009 04 16.30501 14 09 08.98 +38 32 43.1          20.7 Vo~06BdH55
Y3098K09D42V  C2009 04 16.30964 14 09 08.52 +38 32 41.8          20.7 Vo~06BdH55
Y3098K09D42V  C2009 04 21.26131 14 01 36.62 +38 03 14.1          20.5 Vr~06N4703
Y3098K09D42V  C2009 04 21.26681 14 01 36.08 +38 03 12.5          20.1 Vr~06N4703
Y3098K09D42V  C2009 04 21.27233 14 01 35.61 +38 03 10.2          20.2 Vr~06N4703
Y3098K09D42V  C2009 04 21.27774 14 01 35.07 +38 03 07.7          20.3 Vr~06N4703
Y3098K09D42V  C2009 05 10.21994 13 39 51.24 +33 44 01.0          20.6 Vo~06sbH55
Y3098K09D42V  C2009 05 10.22936 13 39 50.76 +33 43 50.3          20.9 Vo~06sbH55
Y3098K09D42V  C2009 05 10.23751 13 39 50.39 +33 43 40.5          20.8 Vo~06sbH55
Y3098K09D42V  C2009 05 18.19219 13 35 10.82 +31 07 45.9          21.3 Vo~071hH55
Y3098K09D42V  C2009 05 18.20338 13 35 10.49 +31 07 31.9          21.3 Vo~071hH55
Y3098K09D42V  C2009 05 18.21419 13 35 10.21 +31 07 18.5          21.0 Vo~071hH55
Y3098K09D42V  C2010 12 29.41762 11 08 31.48 +03 36 00.6          18.4 Vr~0QnZ703
Y3098K09D42V  C2010 12 29.42116 11 08 32.17 +03 36 08.1          18.6 Vr~0QnZ703
Y3098K09D42V  C2010 12 29.42470 11 08 32.89 +03 36 15.3          18.6 Vr~0QnZ703
Y3098K09D42V  C2010 12 29.42822 11 08 33.54 +03 36 23.2          18.6 Vr~0QnZ703
Y3098K09D42V KC2010 12 31.18481 11 14 14.29 +04 42 10.2                v~0Qta204
Y3098K09D42V KC2010 12 31.19144 11 14 15.55 +04 42 25.3                v~0Qta204
Y3098K09D42V KC2010 12 31.19787 11 14 16.73 +04 42 40.2          18.6 Rv~0Qta204
Y3098K09D42V KC2011 01 03.13576 11 23 40.99 +06 38 57.4                v~0RVn204
Y3098K09D42V KC2011 01 03.13768 11 23 41.34 +06 39 02.3          18.3 Rv~0RVn204
Y3098K09D42V KC2011 01 03.44098511 24 38.74 +06 51 30.1          19.5 Vo~0QtaH21
Y3098K09D42V KC2011 01 03.44464411 24 39.41 +06 51 39.2          19.5 Vo~0QtaH21
Y3098K09D42V KC2011 01 03.44781711 24 39.98 +06 51 46.8          19.4 Vo~0QtaH21
Y3098K09D42V KC2011 01 03.45133211 24 40.61 +06 51 55.8          19.7 Vo~0QtaH21
Y3098K09D42V  C2011 01 10.41191 11 46 06.09 +11 56 58.0          18.1  c~0RVn704
Y3098K09D42V  C2011 01 10.42523 11 46 08.41 +11 57 35.1          18.3  c~0RVn704
Y3098K09D42V  C2011 01 10.43868 11 46 10.64 +11 58 13.2          18.3  c~0RVn704
Y3098K09D42V  C2011 01 10.45222 11 46 12.87 +11 58 49.7          18.6  c~0RVn704
Y3098K09D42V  C2011 01 10.46640 11 46 15.38 +11 59 30.2          18.4  c~0RVn704
Y3098K09D42V  C2011 01 11.47795 11 49 14.82 +12 46 38.1          18.7  c~0RVn704
Y3098K09D42V  C2011 01 11.47811 11 49 14.78 +12 46 38.4          18.3  c~0RVn704
Y3098K09D42V  C2011 01 11.49208 11 49 17.14 +12 47 17.7          18.5  c~0RVn704
Y3098K09D42V  C2011 01 11.49224 11 49 17.18 +12 47 17.6          18.4  c~0RVn704
Y3098K09D42V  C2011 01 11.50645 11 49 19.51 +12 47 58.5          18.8  c~0RVn704
Y3098K09D42V  C2011 01 11.50661 11 49 19.56 +12 47 58.9          18.1  c~0RVn704
Y3098K09D42V  C2011 01 11.52103 11 49 22.00 +12 48 39.5          18.6  c~0RVn704
Y3098K09D42V  C2011 01 11.52118 11 49 22.02 +12 48 39.6          18.4  c~0RVn704
Y3098K09D42V  C2011 01 11.53716 11 49 24.63 +12 49 24.6          18.9  c~0RVn704
Y3098K09D42V  C2011 01 15.44396 12 00 37.94 +15 56 44.0          18.5 Vr~0RsF703
Y3098K09D42V  C2011 01 15.45119 12 00 39.09 +15 57 05.3          18.4 Vr~0RsF703
Y3098K09D42V  C2011 01 15.45843 12 00 40.24 +15 57 25.7          18.3 Vr~0RsF703
Y3098K09D42V  C2011 01 15.46569 12 00 41.36 +15 57 47.4          18.1 Vr~0RsF703
Y3098K09D42V KC2011 01 21.42776 12 16 33.03 +20 54 09.5          18.7 Vo~0RsFH21
Y3098K09D42V KC2011 01 21.43206 12 16 33.64 +20 54 22.5          18.9 Vo~0RsFH21
Y3098K09D42V KC2011 01 21.43643 12 16 34.25 +20 54 35.5          18.9 Vo~0RsFH21
Y3098K09D42V  C2011 01 24.74858 12 24 37.41 +23 41 23.9          18.7 Ro~0SVg300
Y3098K09D42V  C2011 01 24.75135 12 24 37.74 +23 41 33.0          18.9 Ro~0SVg300
Y3098K09D42V  C2011 01 24.75412 12 24 38.12 +23 41 41.4          18.6 Ro~0SVg300
Y3098K09D42V  C2011 01 24.75691 12 24 38.45 +23 41 49.8          18.7 Ro~0SVg300
Y3098K09D42V  C2011 01 24.75968 12 24 38.86 +23 41 58.0          18.6 Ro~0SVg300
Y3098K09D42V  C2011 02 04.67623 12 46 11.88 +32 35 02.3          18.0 Rm~0SVg355
Y3098K09D42V  C2011 02 04.67767 12 46 12.06 +32 35 06.9          18.4 Rm~0SVg355
Y3098K09D42V  C2011 02 04.67910 12 46 12.16 +32 35 10.9          17.7 Rm~0SVg355
Y3098K09D42V  C2011 02 04.68055 12 46 12.31 +32 35 15.9          17.9 Rm~0SVg355
Y3098K09D42V  C2011 02 04.98007 12 46 40.71 +32 48 59.7          17.6 Rc~0SVgA24
Y3098K09D42V  C2011 02 04.98102 12 46 40.85 +32 49 03.4          17.6 Rc~0SVgA24
Y3098K09D42V  C2011 02 05.02903 12 46 45.00 +32 51 17.7          17.7 Rc~0SVgA24
Y3098K09D42V  C2011 02 05.02999 12 46 45.13 +32 51 19.9          17.4 Rc~0SVgA24
Y3098K09D42V  C2011 02 05.94333 12 48 08.71 +33 33 06.4          16.7 Rc~0SVgA24
Y3098K09D42V  C2011 02 05.99150 12 48 12.66 +33 35 21.4          16.6 Rc~0SVgA24
Y3098K09D42V  C2011 02 05.99245 12 48 12.73 +33 35 21.9          16.8 Rc~0SVgA24
Y3098K09D42V  C2011 02 07.92209 12 50 54.89 +35 01 44.0          17.3 Rc~0SzgA24
Y3098K09D42V  C2011 02 07.92304 12 50 54.99 +35 01 47.0          17.3 Rc~0SzgA24
Y3098K09D42V  C2011 02 08.94229 12 52 13.12 +35 46 19.1          17.3 Rc~0Ts6A24
Y3098K09D42V  C2011 02 08.94324 12 52 13.16 +35 46 21.2          17.2 Rc~0Ts6A24
Y3098K09D42V  C2011 02 15.68368 12 58 39.41 +40 18 28.0          17.6 Rm~0Szg355
Y3098K09D42V  C2011 02 15.68512 12 58 39.45 +40 18 30.6          18.3 Rm~0Szg355
Y3098K09D42V  C2011 02 15.68583 12 58 39.45 +40 18 32.3          18.4 Rm~0Szg355
Y3098K09D42V  C2011 02 15.68728 12 58 39.50 +40 18 36.4          18.7 Rm~0Szg355
Y3098K09D42V  C2011 02 15.69160 12 58 39.68 +40 18 45.2          18.2 Rm~0Szg355
Y3098K09D42V KC2011 02 19.29362613 00 32.02 +42 26 16.7          18.7 Vo~0SzgH21
Y3098K09D42V KC2011 02 19.29640513 00 32.07 +42 26 22.3          18.9 Vo~0SzgH21
Y3098K09D42V KC2011 02 19.29936213 00 32.10 +42 26 28.3          18.7 Vo~0SzgH21
Y3098K09D42V KC2011 02 19.30251013 00 32.15 +42 26 34.9          18.8 Vo~0SzgH21
Y3098K09D42V  C2011 02 22.68606 13 01 17.63 +44 14 12.1          18.5 Ro~0Usg300
Y3098K09D42V  C2011 02 22.68703 13 01 17.62 +44 14 13.7          18.4 Ro~0Usg300
Y3098K09D42V  C2011 02 22.68896 13 01 17.57 +44 14 17.3          18.3 Ro~0Usg300
Y3098K09D42V  C2011 02 22.69090 13 01 17.62 +44 14 21.0          18.5 Ro~0Usg300
Y3098K09D42V  C2011 02 22.69186 13 01 17.55 +44 14 22.7          18.7 Ro~0Usg300
Y3098K09D42V  C2011 02 22.69283 13 01 17.54 +44 14 24.1          18.7 Ro~0Usg300
Y3098K09D42V  C2011 02 24.35363 13 01 19.01 +45 02 43.3          18.7  c~0Szg704
Y3098K09D42V  C2011 02 24.36593 13 01 18.83 +45 03 04.1          19.0  c~0Szg704
Y3098K09D42V  C2011 02 24.37843 13 01 18.77 +45 03 22.1          19.9  c~0Szg704
Y3098K09D42V  C2011 02 24.39063 13 01 18.34 +45 03 44.2          20.2  c~0Szg704
Y3098K09D42V KC2011 03 04.11704 12 58 34.69 +48 07 37.9          18.8 Ru~0T9kB67
Y3098K09D42V KC2011 03 04.13024 12 58 34.10 +48 07 52.9          18.8 Ru~0T9kB67
Y3098K09D42V KC2011 03 04.14369 12 58 33.49 +48 08 08.2          18.9 Ru~0T9kB67
Y3098K09D42V KC2011 03 09.03292 12 54 49.01 +49 29 07.1          18.3 Ru~0Ts6160
Y3098K09D42V KC2011 03 09.03498 12 54 48.91 +49 29 08.6          18.4 Ru~0Ts6160
Y3098K09D42V KC2011 03 09.03703 12 54 48.79 +49 29 09.9          18.3 Ru~0Ts6160
Y3098K09D42V  C2011 03 09.42256 12 54 28.655+49 34 28.08         19.8 gL~0X6aF51
Y3098K09D42V  C2011 03 09.43418 12 54 27.907+49 34 37.79         19.9 gL~0X6aF51
Y3098K09D42V  C2011 03 09.44674 12 54 27.099+49 34 48.21         19.1 rL~0X6aF51
Y3098K09D42V  C2011 03 09.45755 12 54 26.395+49 34 57.07         19.1 rL~0X6aF51
Y3098K09D42V  C2011 03 22.91898 12 39 43.98 +50 55 04.8          18.4 Rc~0U0FA24
Y3098K09D42V  C2011 03 22.91971 12 39 44.03 +50 55 04.2          18.1 Rc~0U0FA24
Y3098K09D42V  C2011 03 25.30619 12 36 59.38 +50 50 23.7          19.1  c~0U4w704
Y3098K09D42V  C2011 03 25.31884 12 36 58.42 +50 50 22.3          19.6  c~0U4w704
Y3098K09D42V  C2011 03 25.33162 12 36 57.47 +50 50 19.4          19.8  c~0U4w704
Y3098K09D42V  C2011 03 25.34432 12 36 56.46 +50 50 17.6          19.9  c~0U4w704
Y3098K09D42V  C2011 03 25.35717 12 36 55.44 +50 50 14.0          19.7  c~0U4w704
Y3098K09D42V  C2011 03 26.31034 12 35 51.47 +50 46 52.9          19.8  c~0U4w704
Y3098K09D42V  C2011 03 26.32555 12 35 50.28 +50 46 48.3          19.8  c~0U4w704
Y3098K09D42V  C2011 03 26.36643 12 35 47.18 +50 46 38.5          19.9  c~0U4x704
Y3098K09D42V  C2011 03 26.37929 12 35 46.13 +50 46 34.3          19.7  c~0U4x704
Y3098K09D42V  C2011 03 26.39243 12 35 45.37 +50 46 32.1          19.9  c~0U4x704
Y3098K09D42V  C2011 03 30.29964 12 31 33.56 +50 24 18.3          19.3 Vr~0U4x703
Y3098K09D42V  C2011 03 30.30538 12 31 33.16 +50 24 15.1          19.3 Vr~0U4x703
Y3098K09D42V  C2011 03 30.31065 12 31 32.84 +50 24 11.5          19.6 Vr~0U4x703
Y3098K09D42V  C2011 03 30.31590 12 31 32.48 +50 24 09.5          19.8 Vr~0U4x703
Y3098K09D42V KC2011 04 01.97636 12 28 54.11 +50 01 50.9          18.8 Rc~0V97A24
Y3098K09D42V KC2011 04 01.98391 12 28 53.67 +50 01 46.3          18.8 Rc~0V97A24
Y3098K09D42V KC2011 04 01.98906 12 28 53.35 +50 01 43.4          18.9 Rc~0V97A24
Y3098K09D42V KC2011 04 02.00248 12 28 52.54 +50 01 35.3          18.8 Rc~0V97A24
Y3098K09D42V KC2011 04 02.00763 12 28 52.22 +50 01 32.6          18.5 Rc~0V97A24
Y3098K09D42V KC2011 04 02.01518 12 28 51.74 +50 01 29.0          18.6 Rc~0V97A24
Y3098K09D42V KC2011 04 02.95418 12 27 59.57 +49 52 19.0          18.7 Rc~0V97A24
Y3098K09D42V KC2011 04 02.96200 12 27 59.10 +49 52 14.2          18.9 Rc~0V97A24
Y3098K09D42V KC2011 04 02.96733 12 27 58.77 +49 52 10.9          19.1 Rc~0V97A24
Y3098K09D42V KC2011 04 02.98121 12 27 57.81 +49 52 04.5          18.7 Rc~0V97A24
Y3098K09D42V KC2011 04 02.99436 12 27 57.00 +49 51 55.0          18.5 Rc~0V97A24
Y3098K09D42V  C2011 04 11.43802 12 21 35.883+48 03 11.77         20.3 rL~0UsgF51
Y3098K09D42V  C2011 04 11.43953 12 21 35.824+48 03 10.38         20.2 rL~0UsgF51
Y3098K09D42V  C2011 04 11.44104 12 21 35.766+48 03 08.89         20.3 rL~0UsgF51
Y3098K09D42V  C2011 04 11.44255 12 21 35.695+48 03 07.50         20.3 rL~0UsgF51
Y3098K09D42V  C2011 04 11.44556 12 21 35.572+48 03 04.61         20.2 rL~0UsgF51
Y3098K09D42V  C2011 04 11.44707 12 21 35.512+48 03 03.25         20.4 rL~0UsgF51
Y3098K09D42V  C2011 04 12.32995 12 21 06.813+47 49 16.12         20.5 iL~0UsgF51
Y3098K09D42V  C2011 04 12.33973 12 21 06.425+47 49 07.16         20.6 iL~0UsgF51
Y3098K09D42V  C2011 04 12.34857 12 21 06.072+47 48 58.83         20.5 iL~0UsgF51
Y3098K09D42V  C2011 04 12.35149 12 21 05.959+47 48 56.10         20.4 iL~0UsgF51
Y3098K09D42V  C2011 04 13.34653 12 20 35.140+47 32 54.96         20.0 zL~0UsgF51
Y3098K09D42V  C2011 04 13.34943 12 20 35.043+47 32 52.20         20.4 zL~0UsgF51
Y3098K09D42V  C2011 04 13.35235 12 20 34.930+47 32 49.28         20.6 zL~0UsgF51
Y3098K09D42V  C2011 04 13.35527 12 20 34.817+47 32 46.94         20.4 zL~0UsgF51
Y3098K09D42V  C2011 04 13.35827 12 20 34.719+47 32 43.75         20.4 zL~0UsgF51
Y3098K09D42V  C2011 04 13.36119 12 20 34.594+47 32 40.65         20.3 zL~0UsgF51
Y3098K09D42V  C2011 04 13.36411 12 20 34.483+47 32 37.98         20.5 zL~0UsgF51
Y3098K09D42V  C2011 04 13.36702 12 20 34.389+47 32 35.05         20.4 zL~0UsgF51
Y3098K09D42V  C2011 04 14.32363 12 20 07.495+47 16 42.39         20.3 rL~0UshF51
Y3098K09D42V  C2011 04 14.32513 12 20 07.458+47 16 40.92         20.4 rL~0UshF51
Y3098K09D42V  C2011 04 14.32814 12 20 07.355+47 16 37.81         20.3 rL~0UshF51
Y3098K09D42V  C2011 04 14.32970 12 20 07.295+47 16 36.51         20.3 rL~0UshF51
Y3098K09D42V  C2011 04 14.33122 12 20 07.224+47 16 34.85         20.4 rL~0UshF51
Y3098K09D42V  C2011 04 14.33274 12 20 07.181+47 16 33.34         20.3 rL~0UshF51
Y3098K09D42V  C2011 04 15.34280 12 19 41.009+46 59 20.93         20.4 iL~0V97F51
Y3098K09D42V  C2011 04 15.34577 12 19 40.917+46 59 17.93         20.3 iL~0V97F51
Y3098K09D42V  C2011 04 15.34874 12 19 40.830+46 59 15.08         20.3 iL~0V97F51
Y3098K09D42V  C2011 04 15.35469 12 19 40.627+46 59 08.84         20.5 iL~0V97F51
Y3098K09D42V  C2011 04 25.17771 12 17 40.88 +43 50 51.5          20.2 Vr~0VF4G96
Y3098K09D42V  C2011 04 25.17942 12 17 40.88 +43 50 49.5          20.2 Vr~0VF4G96
Y3098K09D42V  C2011 04 25.18116 12 17 40.84 +43 50 47.1          20.3 Vr~0VF4G96
Y3098K09D42V |C2012 09 26.38393 05 01 54.73 -18 30 52.8          20.0 Vu~0j6Y807
Y3098K09D42V |C2012 09 26.38699 05 01 55.14 -18 30 55.5          20.0 Vu~0j6Y807
Y3098K09D42V |C2012 09 26.39770 05 01 56.58 -18 31 04.9          20.0 Vu~0j6Y807
Y3098K09D42V |C2012 09 26.39990 05 01 56.87 -18 31 06.9          20.0 Vu~0j6Y807
Y3098K09D42V |C2012 10 20.28480 05 53 59.39 -24 25 40.0          19.4 Vu~0kIO807
Y3098K09D42V |C2012 10 20.28824 05 53 59.79 -24 25 43.0          19.4 Vu~0kIO807
Y3098K09D42V |C2012 10 20.29112 05 54 00.11 -24 25 45.5          19.5 Vu~0kIO807
Y3098K09D42V |C2012 10 20.29399 05 54 00.44 -24 25 47.9          19.5 Vu~0kIO807
Y3098K09D42V |C2012 10 20.29748 05 54 00.84 -24 25 50.8          19.5 Vu~0kIO807
