     K09D39H* C2009 02 25.47873 05 53 05.06 -23 27 09.2          18.6 Vr~04cmE12
     K09D39H  C2009 02 25.48515 05 53 02.04 -23 25 58.5          18.4 Vr~04cmE12
     K09D39H  C2009 02 25.49159 05 52 58.98 -23 24 47.5          18.5 Vr~04cmE12
     K09D39H  C2009 02 25.49801 05 52 55.92 -23 23 36.6          18.2 Vr~04cmE12
     K09D39H  C2009 02 25.52800 05 52 41.73 -23 18 04.4          17.7 Vr~04cmE12
     K09D39H  C2009 02 25.52848 05 52 41.52 -23 17 59.1          17.6 Vr~04cmE12
     K09D39H  C2009 02 25.52899 05 52 41.26 -23 17 53.6          17.7 Vr~04cmE12
     K09D39H  C2009 02 25.52946 05 52 41.05 -23 17 48.4          17.6 Vr~04cmE12
     K09D39H  C2009 02 25.52992 05 52 40.83 -23 17 42.9          17.7 Vr~04cmE12
     K09D39H  C2009 02 25.74606 05 51 02.74 -22 38 20.0          17.6 Vc~04cm595
     K09D39H  C2009 02 25.75015 05 51 00.78 -22 37 34.4                c~04cm595
     K09D39H tC2009 02 26.14170 05 47 58.04 -21 23 07.9          17.7 Vo~04cm291
     K09D39H tC2009 02 26.15077 05 47 53.69 -21 21 22.9          17.7 Vo~04cm291
     K09D39H  C2009 02 26.40707 05 45 54.09 -20 30 50.0          17.5 Rr~04cmE12
     K09D39H  C2009 02 26.40881 05 45 53.23 -20 30 29.3          17.7 Rr~04cmE12
     K09D39H  C2009 02 26.87336 05 42 14.01 -18 58 13.6                c~04cm587
     K09D39H  C2009 02 26.87481 05 42 13.39 -18 57 56.3                c~04cm587
     K09D39H  C2009 02 26.88197 05 42 09.90 -18 56 27.4          17.5 Rc~04cm587
     K09D39H  C2009 02 27.44086 05 37 44.92 -16 59 40.5          17.9 Ro~04cm474
     K09D39H  C2009 02 27.44167 05 37 44.53 -16 59 30.5          18.0 Ro~04cm474
     K09D39H  C2009 02 27.44248 05 37 44.11 -16 59 19.3          18.0 Ro~04cm474
     K09D39H  C2009 02 27.44334 05 37 43.72 -16 59 09.6          17.6 Ro~04cm474
     K09D39H  C2009 02 27.44416 05 37 43.29 -16 58 57.3          17.1 Ro~04cm474
     K09D39H  C2009 02 27.55440 05 36 50.14 -16 35 40.2          19.1 Vr~04teE12
     K09D39H  C2009 02 27.55603 05 36 49.35 -16 35 19.2          19.0 Vr~04teE12
     K09D39H  C2009 02 27.55872 05 36 48.02 -16 34 44.8          19.1 Vr~04teE12
     K09D39H  C2009 02 28.23739 05 31 23.52 -14 07 53.0          17.6 Vr~04te703
     K09D39H  C2009 02 28.23768 05 31 23.34 -14 07 48.2          17.6 Vr~04te703
     K09D39H  C2009 02 28.23797 05 31 23.19 -14 07 44.4          17.8 Vr~04te703
     K09D39H  C2009 02 28.23826 05 31 23.08 -14 07 39.5          17.3 Vr~04te703
     K09D39H  C2009 02 28.40450 05 30 04.356-13 29 58.20         18.4 Vr~04teE12
     K09D39H  C2009 02 28.40800 05 30 02.616-13 29 11.19         18.4 Vr~04teE12
     K09D39H  C2009 03 01.42339 05 21 49.659-09 35 35.97         17.6 Rr~04teE12
     K09D39H  C2009 03 01.42519 05 21 48.732-09 35 10.41         17.6 Rr~04teE12
     K09D39H  C2009 03 02.04763 05 16 44.25 -07 07 21.7          17.5 Rr~05KDH26
     K09D39H  C2009 03 02.04814 05 16 44.02 -07 07 14.3          17.8 Rr~05KDH26
     K09D39H  C2009 03 02.04863 05 16 43.76 -07 07 07.0          17.9 Rr~05KDH26
     K09D39H  C2009 03 02.04913 05 16 43.51 -07 06 59.8          17.5 Rr~05KDH26
     K09D39H  C2009 03 02.04963 05 16 43.27 -07 06 52.6          17.9 Rr~05KDH26
     K09D39H  C2009 03 02.05013 05 16 42.98 -07 06 45.0          17.8 Rr~05KDH26
     K09D39H  C2009 03 02.05113 05 16 42.49 -07 06 30.2          17.3 Rr~05KDH26
     K09D39H  C2009 03 02.05164 05 16 42.26 -07 06 23.8          17.4 Rr~05KDH26
     K09D39H  C2009 03 02.05214 05 16 41.98 -07 06 16.6          17.4 Rr~05KDH26
     K09D39H  C2009 03 03.05074105 08 27.81 -03 00 57.2          18.4 Vo~04teH55
     K09D39H  C2009 03 03.05256905 08 26.87 -03 00 29.9          18.5 Vo~04teH55
     K09D39H  C2009 03 03.05956905 08 23.29 -02 58 45.2          18.5 Vo~04teH55
     K09D39H  C2009 03 03.10726 05 07 59.61 -02 46 49.1          18.5  c~04te704
     K09D39H  C2009 03 03.11835 05 07 53.90 -02 44 02.7          18.0  c~04te704
     K09D39H  C2009 03 03.12964 05 07 48.14 -02 41 13.7          18.3  c~04te704
     K09D39H  C2009 03 03.15172 05 07 36.86 -02 35 42.5          17.6  c~04te704
     K09D39H  C2009 03 08.80657 04 19 30.26 +20 36 58.8          18.5 Rc~057p587
     K09D39H  C2009 03 08.80822 04 19 29.38 +20 37 21.8                c~057p587
     K09D39H  C2009 03 08.80972 04 19 28.62 +20 37 40.8                c~057p587
     K09D39H 5C2009 03 09.16417 04 16 23.70 +21 56 59.3          18.7 Ro~057p673
     K09D39H 5C2009 03 09.17326 04 16 18.88 +21 58 59.8                o~057p673
     K09D39H 5C2009 03 09.17681 04 16 16.98 +21 59 47.3                o~057p673
     K09D39H 5C2009 03 09.18090 04 16 14.82 +22 00 39.9                o~057p673
     K09D39H  C2009 03 14.84107 03 26 49.19 +39 01 11.4                v~05Ys204
     K09D39H  C2009 03 14.86444 03 26 36.91 +39 04 24.6          18.9 Cv~05Ys204
     K09D39H  C2009 03 17.03787803 07 48.19 +43 35 57.9          19.1 Vo~05KDH55
     K09D39H  C2009 03 17.04068803 07 46.67 +43 36 16.1          19.0 Vo~05KDH55
     K09D39H  C2009 03 17.04347803 07 45.16 +43 36 34.4          18.6 Vo~05KDH55
     K09D39H  C2009 03 20.78650 02 36 12.16 +49 18 11.1          19.6 Rc~05Ys587
     K09D39H  C2009 03 20.78968 02 36 10.58 +49 18 23.7                c~05Ys587
     K09D39H  C2009 03 20.79567 02 36 07.61 +49 18 50.9                c~05Ys587
     K09D39H  C2009 03 20.79868 02 36 05.98 +49 19 03.3                c~05Ys587
     K09D39H 1C2009 07 02.51478 00 46 48.05 +24 33 22.1                 ~07cFF65
     K09D39H 1C2009 07 02.51592 00 46 48.05 +24 33 21.3                 ~07cFF65
     K09D39H 1C2009 07 02.51810 00 46 48.18 +24 33 16.8                 ~07cFF65
     K09D39H 1C2009 07 02.51915 00 46 48.23 +24 33 13.7                 ~07cFF65
     K09D39H  C2009 07 24.33617 00 49 08.33 +10 53 44.3          19.8 Ro~07lyH01
     K09D39H  C2009 07 24.34102 00 49 08.04 +10 53 30.3          21.0 Vo~07saH55
     K09D39H  C2009 07 24.34452 00 49 08.12 +10 53 21.2          19.7 Ro~07lyH01
     K09D39H  C2009 07 24.34800 00 49 07.85 +10 53 10.9          20.8 Vo~07saH55
     K09D39H  C2009 07 24.35267 00 49 07.91 +10 52 58.7          19.8 Ro~07lyH01
     K09D39H  C2009 07 24.35582 00 49 07.65 +10 52 49.2          20.9 Vo~07saH55
     K09D39H  C2009 07 24.36321 00 49 07.44 +10 52 28.7          21.0 Vo~07saH55
     K09D39H  C2009 07 24.37055 00 49 07.26 +10 52 08.5          20.9 Vo~07saH55
     K09D39H  C2009 08 13.36660 00 30 34.78 -07 14 59.7          20.0 Vo~08GvH55
     K09D39H  C2009 08 13.36809 00 30 34.63 -07 15 05.3          19.8 Vo~08GvH55
     K09D39H  C2009 08 13.36962 00 30 34.47 -07 15 10.8          19.8 Vo~08GvH55
     K09D39H  C2009 08 13.37261 00 30 34.18 -07 15 21.7          20.1 Vo~08GvH55
     K09D39H |C2014 01 19.12391 08 00 58.28 -52 00 54.2          20.9 Vu~0zfU807
     K09D39H |C2014 01 19.13180 08 00 56.98 -52 00 53.2          20.9 Vu~0zfU807
     K09D39H |C2014 01 19.14045 08 00 55.51 -52 00 52.5          21.2 Vu~0zfU807
     K09D39H |C2014 02 05.02529 07 05 22.28 -47 47 47.5          20.3 Vu~10VU807
     K09D39H |C2014 02 05.02905 07 05 21.43 -47 47 40.6          20.1 Vu~10VU807
     K09D39H |C2014 02 05.03282 07 05 20.58 -47 47 33.6          20.3 Vu~10VU807
     K09D39H |C2014 02 09.02368 06 50 35.78 -45 21 54.3          20.1 Vu~10gy807
     K09D39H |C2014 02 09.02749 06 50 34.92 -45 21 45.0          20.4 Vu~10gy807
     K09D39H |C2014 02 09.03040 06 50 34.26 -45 21 37.8          20.5 Vu~10gy807
     K09D39H KC2014 03 07.09173305 23 13.39 -06 32 14.1          19.5 Vu~11qOH21
     K09D39H KC2014 03 07.09351905 23 13.09 -06 31 58.3          19.9 Vu~11qOH21
     K09D39H KC2014 03 07.09530505 23 12.76 -06 31 43.9          19.7 Vu~11qOH21
     K09D39H KC2014 03 07.09702205 23 12.46 -06 31 29.4          19.3 Vu~11qOH21
     K09D39H KC2014 03 07.09900405 23 12.13 -06 31 13.5          19.7 Vu~11qOH21
     K09D39H KC2014 03 07.10108805 23 11.75 -06 30 57.2          19.8 Vu~11qOH21
     K09D39H KC2014 03 19.79875 04 46 30.12 +23 11 07.6                t~1CKQ204
     K09D39H KC2014 03 19.81489 04 46 27.05 +23 13 13.9          19.1 Rt~1CKQ204
     K09D39H KC2014 03 19.82893 04 46 24.42 +23 15 03.3                t~1CKQ204
     K09D39H  C2014 08 28.50597 23 37 15.924-18 24 43.98         20.4 wL~17l2F51
     K09D39H  C2014 08 28.51668 23 37 14.350-18 25 22.99         19.8 wL~17l2F51
     K09D39H  C2014 08 28.52741 23 37 12.786-18 26 01.92         19.7 wL~17l2F51
     K09D39H  C2014 09 01.32640 23 28 17.78 -22 05 01.6          19.5 Vq~18Bt703
     K09D39H  C2014 09 01.33044 23 28 17.18 -22 05 13.8          19.3 Vq~18Bt703
     K09D39H  C2014 09 01.33847 23 28 16.03 -22 05 41.4          19.6 Vq~18Bt703
