     K09E01K  C2001 12 18.36022011 13 24.268+54 40 06.01         20.77Ve~0CK4645
     K09E01K  C2001 12 18.36369211 13 23.859+54 40 08.17         21.46 e~0CK4645
     K09E01K* C2009 03 02.34255 11 16 28.77 +13 24 31.2          21.1 Vr~04ufG96
     K09E01K  C2009 03 02.34853 11 16 27.76 +13 24 31.1          20.3 Vr~04ufG96
     K09E01K  C2009 03 02.35466 11 16 26.76 +13 24 30.6          20.9 Vr~04ufG96
     K09E01K  C2009 03 02.36080 11 16 25.78 +13 24 30.5          20.8 Vr~04ufG96
     K09E01K  C2009 03 02.41060 11 16 17.50 +13 24 27.0          21.0 Vr~04ufG96
     K09E01K  C2009 03 02.41117 11 16 17.40 +13 24 27.2          20.7 Vr~04ufG96
     K09E01K  C2009 03 02.41186 11 16 17.29 +13 24 27.3          21.0 Vr~04ufG96
     K09E01K  C2009 03 02.41258 11 16 17.18 +13 24 27.3          20.4 Vr~04ufG96
     K09E01K  C2009 03 03.24678 11 14 06.03 +13 23 37.0          20.7 Vo~04ufH55
     K09E01K  C2009 03 03.25377 11 14 04.88 +13 23 36.4          20.6 Vo~04ufH55
     K09E01K  C2009 03 03.26093 11 14 03.71 +13 23 35.9          21.0 Vo~04ufH55
     K09E01K  C2009 03 03.37591 11 13 45.15 +13 23 30.4          20.8 Vr~04ufG96
     K09E01K  C2009 03 03.38423 11 13 43.82 +13 23 29.6          21.1 Vr~04ufG96
     K09E01K  C2009 03 03.38837 11 13 43.14 +13 23 29.3          21.1 Vr~04ufG96
     K09E01K  C2009 03 03.40203 11 13 40.88 +13 23 28.6                o~04uf291
     K09E01K  C2009 03 03.40617 11 13 40.21 +13 23 28.4                o~04uf291
     K09E01K  C2009 03 03.41031 11 13 39.53 +13 23 27.9                o~04uf291
     K09E01K  C2009 03 05.94535 11 07 03.75 +13 19 35.0                r~04ufJ95
     K09E01K  C2009 03 05.95716 11 07 01.81 +13 19 33.2          20.1 Rr~04ufJ95
     K09E01K  C2009 03 15.19064 10 44 50.08 +12 50 26.8          21.6 Vo~05KPH55
     K09E01K  C2009 03 15.19863 10 44 49.02 +12 50 25.3          21.3 Vo~05KPH55
     K09E01K  C2009 03 15.20653 10 44 47.89 +12 50 23.6          21.4 Vo~05KPH55
     K09E01K  C2009 03 15.32475 10 44 32.21 +12 49 53.4          21.7 Vo~05KP291
     K09E01K  C2009 03 15.32855 10 44 31.68 +12 49 52.5          21.5 Vo~05KP291
     K09E01K  C2009 03 15.33229 10 44 31.12 +12 49 51.8          21.9 Vo~05KP291
     K09E01K  C2009 03 16.29457 10 42 28.18 +12 45 29.1          21.2 Vo~05KP291
     K09E01K  C2009 03 16.29840 10 42 27.69 +12 45 27.6          21.4 Vo~05KP291
     K09E01K  C2009 03 16.30225 10 42 27.12 +12 45 26.2          21.2 Vo~05KP291
     K09E01K  C2009 03 21.31136 10 32 45.05 +12 19 09.2          21.6 Vo~05ZM291
     K09E01K  C2009 03 21.31831 10 32 44.29 +12 19 06.5          22.1 Vo~05ZM291
     K09E01K  C2009 03 21.32382 10 32 43.70 +12 19 04.8          21.9 Vo~05ZM291
     K09E01K KC2012 11 06.08905 19 50 39.25 -11 08 51.1                o~0kif291
     K09E01K KC2012 11 06.09618 19 50 40.84 -11 08 33.5          21.3 Ro~0kif291
     K09E01K KC2012 11 06.10332 19 50 42.49 -11 08 15.3                o~0kif291
     K09E01K KC2012 12 06.17585 21 53 18.62 +12 38 57.0          19.9 Ro~0m70291
     K09E01K KC2012 12 06.18002 21 53 19.72 +12 39 09.3          20.1 Ro~0m70291
     K09E01K KC2012 12 06.18420 21 53 20.80 +12 39 21.7          19.9 Ro~0m70291
     K09E01K KC2013 01 12.21953 01 06 59.37 +35 51 58.1          20.9 Ro~0ngk291
     K09E01K KC2013 01 12.22547 01 07 01.41 +35 52 04.5          21.2 Ro~0ngk291
     K09E01K KC2013 01 12.23141 01 07 03.44 +35 52 11.2          21.2 Ro~0ngk291
     K09E01K KC2016 03 10.33791 13 14 38.38 -09 01 55.2          21.2 Ro~1nun291
     K09E01K KC2016 03 10.34391 13 14 37.71 -09 01 56.0          21.5 Ro~1nun291
     K09E01K KC2016 03 10.34992 13 14 37.08 -09 01 57.6          21.0 Ro~1nun291
     K09E01K KC2016 03 15.45564 13 05 04.31 -09 15 03.6          21.3 Ro~1oYP291
     K09E01K KC2016 03 15.46017 13 05 03.75 -09 15 03.5          21.7 Ro~1oYP291
     K09E01K KC2016 03 15.46469 13 05 03.16 -09 15 04.3          21.8 Ro~1oYP291
     K09E01K KC2016 03 18.31494812 59 06.75 -09 19 22.8          22.2 Vu~1oYPH21
     K09E01K KC2016 03 18.32143212 59 05.88 -09 19 24.0          22.3 Vu~1oYPH21
     K09E01K KC2016 03 18.33196412 59 04.47 -09 19 24.0          22.1 Vu~1oYPH21
     K09E01K 5C2016 03 29.34508 12 33 27.28 -09 15 53.0          21.8 VL~1pQ2W84
     K09E01K 5C2016 03 29.34829 12 33 26.80 -09 15 52.6                L~1pQ2W84
     K09E01K 5C2016 03 29.35152 12 33 26.33 -09 15 52.4                L~1pQ2W84
     K09E01K 5C2016 03 29.35790 12 33 25.38 -09 15 51.6                L~1pQ2W84
     K09E01K  C2016 03 31.38616 12 28 32.48 -09 12 33.4          21.7 Vq~1pQ2G96
     K09E01K  C2016 03 31.38980 12 28 31.89 -09 12 32.4          21.2 Vq~1pQ2G96
     K09E01K  C2016 03 31.39345 12 28 31.40 -09 12 32.6          21.7 Vq~1pQ2G96
     K09E01K  C2016 03 31.39709 12 28 30.80 -09 12 32.0          21.4 Vq~1pQ2G96
     K09E01K  C2016 04 02.29750 12 23 58.70 -09 08 29.4          21.6 Vq~1q8tG96
     K09E01K  C2016 04 02.30315 12 23 57.86 -09 08 28.5          21.2 Vq~1q8tG96
     K09E01K  C2016 04 02.30880 12 23 57.00 -09 08 28.1          21.4 Vq~1q8tG96
     K09E01K  C2016 04 02.31446 12 23 56.17 -09 08 27.0          21.1 Vq~1q8tG96
