     K09S17W* C2009 09 21.37881 01 59 26.41 -19 38 19.1          18.1 Vr~09N8703
     K09S17W  C2009 09 21.38491 01 59 27.42 -19 38 26.3          17.9 Vr~09N8703
     K09S17W  C2009 09 21.39108 01 59 28.42 -19 38 30.8          17.7 Vr~09N8703
     K09S17W  C2009 09 21.39706 01 59 29.36 -19 38 40.5          18.1 Vr~09N8703
     K09S17W  C2009 09 21.45486 01 59 38.66 -19 39 46.6          18.0 Vr~09N8703
     K09S17W  C2009 09 21.45571 01 59 38.79 -19 39 47.4          17.9 Vr~09N8703
     K09S17W  C2009 09 21.45646 01 59 38.91 -19 39 48.1          18.1 Vr~09N8703
     K09S17W  C2009 09 21.45730 01 59 39.09 -19 39 49.7          18.0 Vr~09N8703
     K09S17W 6C2009 09 21.53560601 59 53.49 -19 41 16.5          17.8 Rv~09N8F65
     K09S17W 6C2009 09 21.53651901 59 53.62 -19 41 17.5          17.8 Rv~09N8F65
     K09S17W 6C2009 09 21.53738801 59 53.78 -19 41 18.7          17.9 Rv~09N8F65
     K09S17W 6C2009 09 21.60543002 00 04.79 -19 42 37.0          17.9 Rv~09N8F65
     K09S17W 6C2009 09 21.60631402 00 04.95 -19 42 37.9          18.0 Rv~09N8F65
     K09S17W 6C2009 09 21.60723402 00 05.10 -19 42 38.8          18.0 Rv~09N8F65
     K09S17W 6C2009 09 21.60819602 00 05.25 -19 42 40.0          18.1 Rv~09N8F65
     K09S17W  C2009 09 21.81821 02 00 43.29 -19 46 17.3          17.1 Cg~09N8D25
     K09S17W  C2009 09 21.82070 02 00 43.74 -19 46 19.3          16.6 Cg~09N8D25
     K09S17W  C2009 09 22.07089 02 01 29.69 -19 52 02.2                v~09N8204
     K09S17W  C2009 09 22.07383 02 01 30.19 -19 52 05.7                v~09N8204
     K09S17W  C2009 09 22.12070 02 01 38.23 -19 53 01.6          17.8 Cv~09N8204
     K09S17W  C2009 09 22.12402 02 01 38.79 -19 53 05.5                v~09N8204
     K09S17W  C2009 09 22.63118 02 03 13.75 -20 02 33.0          18.0 Ro~09N8474
     K09S17W  C2009 09 22.63384 02 03 14.21 -20 02 36.5          18.1 Ro~09N8474
     K09S17W  C2009 09 22.63686 02 03 14.76 -20 02 40.2          17.9 Ro~09N8474
     K09S17W  C2009 09 23.20601 02 05 06.09 -20 14 38.7                r~09N8I21
     K09S17W  C2009 09 23.22076 02 05 08.57 -20 14 58.1                r~09N8I21
     K09S17W  C2009 09 23.41243 02 05 45.76 -20 19 42.5          18.2 Vo~09N8291
     K09S17W  C2009 09 23.41707 02 05 46.62 -20 19 48.4          18.1 Vo~09N8291
     K09S17W  C2009 09 23.42114 02 05 47.38 -20 19 53.4          18.2 Vo~09N8291
     K09S17W QC2009 09 23.70467 02 06 44.57 -20 25 19.2          17.8 Vr~09N8E12
     K09S17W QC2009 09 23.70757 02 06 45.12 -20 25 22.8          17.8 Vr~09N8E12
     K09S17W  C2009 09 26.35467 02 16 43.06 -21 26 36.2          17.5 Cr~09dSI20
     K09S17W  C2009 09 26.35971 02 16 44.27 -21 26 43.5          17.6 Cr~09dSI20
     K09S17W  C2009 09 26.36476 02 16 45.49 -21 26 50.7          17.5 Cr~09dSI20
     K09S17W QC2009 09 28.78749 02 28 04.34 -22 31 04.6          17.1 Vr~09dSE12
     K09S17W QC2009 09 28.78954 02 28 04.92 -22 31 07.7          17.2 Vr~09dSE12
     K09S17W  C2009 09 28.95402 02 28 59.81 -22 36 52.9          16.9 Rr~09dS585
     K09S17W  C2009 09 28.95603 02 29 00.47 -22 36 54.2          17.2 Rr~09dS585
     K09S17W  C2009 09 28.95789 02 29 01.03 -22 36 58.8          17.1 Rr~09dS585
     K09S17W  C2009 09 28.95891 02 29 01.20 -22 36 59.4          17.2 Rr~09dS585
     K09S17W  C2009 09 28.95991 02 29 01.70 -22 37 02.5          17.1 Rr~09dS585
     K09S17W  C2009 09 28.96112 02 29 01.94 -22 37 04.6          17.4 Rr~09dS585
     K09S17W  C2009 09 28.96212 02 29 02.12 -22 37 05.8          16.9 Rr~09dS585
     K09S17W  C2009 09 28.96312 02 29 02.63 -22 37 07.7          17.0 Rr~09dS585
     K09S17W  C2009 09 30.41087 02 37 18.30 -23 20 18.9          17.1 Vr~09qd703
     K09S17W  C2009 09 30.41702 02 37 20.42 -23 20 30.4          17.4 Vr~09qd703
     K09S17W  C2009 09 30.42917 02 37 24.63 -23 20 53.5          17.6 Vr~09qd703
     K09S17W  C2009 10 07.34848 03 44 34.81 -27 40 00.1          16.6 Rr~09qdH36
     K09S17W  C2009 10 07.35449 03 44 40.02 -27 40 15.4          16.8 Rr~09qdH36
     K09S17W  C2009 10 07.37256 03 44 55.77 -27 41 00.5          16.7 Rr~09qdH36
     K09S17W  C2009 10 08.42834 04 02 08.86 -28 23 29.4          16.2 Rc~09qd926
     K09S17W  C2009 10 08.42931 04 02 09.84 -28 23 31.7          16.2 Rc~09qd926
     K09S17W  C2009 10 08.43028 04 02 10.85 -28 23 34.0          16.1 Rc~09qd926
     K09S17W  C2009 10 08.68286 04 06 47.74 -28 31 36.3          16.5 Rc~09qdD21
     K09S17W  C2009 10 08.68375 04 06 48.70 -28 31 38.9          16.6 Rc~09qdD21
     K09S17W  C2009 10 08.68465 04 06 49.61 -28 31 40.5          16.5 Rc~09qdD21
     K09S17W  C2009 10 11.38275 05 07 33.37 -29 44 51.9          16.7 Vo~09zFH55
     K09S17W  C2009 10 11.38414 05 07 35.57 -29 44 52.6          16.8 Vo~09zGH55
     K09S17W  C2009 10 11.38553 05 07 37.77 -29 44 53.3          16.8 Vo~09zGH55
     K09S17W  C2009 10 11.38692 05 07 39.98 -29 44 54.0          16.7 Vo~09zGH55
     K09S17W  C2009 10 11.50153 05 10 45.34 -29 45 32.6          17.3 Rc~09zG926
     K09S17W  C2009 10 11.50249 05 10 46.89 -29 45 33.0          17.2 Rc~09zG926
     K09S17W  C2009 10 11.50345 05 10 48.42 -29 45 33.2          17.1 Rc~09zG926
     K09S17W  C2009 10 13.85656 06 24 29.14 -28 40 39.3          16.4 Rc~09zGD21
     K09S17W  C2009 10 13.85747 06 24 30.93 -28 40 35.6          16.0 Rc~09zGD21
     K09S17W  C2009 10 13.85838 06 24 32.81 -28 40 31.9          16.3 Rc~09zGD21
     K09S17W  C2009 10 14.85708 06 59 38.18 -27 15 33.3          16.8 Rc~09zGD21
     K09S17W  C2009 10 14.85796 06 59 39.99 -27 15 27.9          17.1 Rc~09zGD21
     K09S17W  C2009 10 14.85888 06 59 41.90 -27 15 23.6          17.2 Rc~09zGD21
     K09S17W  C2010 04 14.30198 13 45 20.85 -04 51 18.3          21.3 Rc~0GD5926
     K09S17W  C2010 04 14.30784 13 45 20.19 -04 51 16.9          21.1 Rc~0GD5926
     K09S17W  C2010 04 15.32095 13 43 25.48 -04 48 15.4          21.3 Rc~0GD5926
     K09S17W  C2010 04 15.32679 13 43 24.80 -04 48 14.9          21.3 Rc~0GD5926
     K09S17W  C2010 04 15.33264 13 43 24.11 -04 48 13.8          21.2 Rc~0GD5926
     K09S17W ^C2013 03 19.49858 15 42 58.71 -17 29 10.7          24.1 Ro~0qT5695
     K09S17W ^C2013 03 19.50098 15 42 58.66 -17 29 11.2          23.3 Ro~0qT5695
     K09S17W ^C2013 03 19.50338 15 42 58.53 -17 29 11.4          22.7 Ro~0qT5695
