     K09T07S* C2009 10 14.16257 00 21 31.17 +23 22 56.9          21.3 Vr~09zyG96
     K09T07S  C2009 10 14.16833 00 21 31.53 +23 22 44.5          21.6 Vr~09zyG96
     K09T07S  C2009 10 14.17399 00 21 31.86 +23 22 31.9          20.9 Vr~09zyG96
     K09T07S  C2009 10 14.17978 00 21 32.22 +23 22 18.8          21.5 Vr~09zyG96
     K09T07S  C2009 10 14.23503 00 21 35.36 +23 20 13.6          20.5 Ro~09zyH01
     K09T07S  C2009 10 14.23987 00 21 35.64 +23 20 02.6          20.6 Ro~09zyH01
     K09T07S  C2009 10 14.24621 00 21 36.02 +23 19 48.2          20.7 Ro~09zyH01
     K09T07S  C2009 10 14.27111 00 21 37.59 +23 18 51.7          21.3 Vr~09zyG96
     K09T07S  C2009 10 14.27746 00 21 37.98 +23 18 38.6          22.0 Vr~09zyG96
     K09T07S  C2009 10 14.28389 00 21 38.35 +23 18 22.6          21.8 Vr~09zyG96
     K09T07S  C2009 10 14.29051 00 21 38.71 +23 18 08.2          21.4 Vr~09zyG96
     K09T07S 6C2009 10 14.52757 00 21 54.20 +23 09 16.4          20.5 Ro~09zyF65
     K09T07S 6C2009 10 14.52866 00 21 54.27 +23 09 13.8          20.2 Ro~09zyF65
     K09T07S 6C2009 10 14.52966 00 21 54.29 +23 09 11.4          20.3 Ro~09zyF65
     K09T07S 6C2009 10 14.53158 00 21 54.48 +23 09 07.4          19.9 Ro~09zyF65
     K09T07S 6C2009 10 14.53253 00 21 54.54 +23 09 04.7          21.7 Ro~09zyF65
     K09T07S HC2009 10 15.17030 00 22 41.70 +22 45 37.9                o~09zy291
     K09T07S  C2009 10 15.17430 00 22 41.90 +22 45 29.5                o~09zy291
     K09T07S HC2009 10 15.17841 00 22 42.17 +22 45 20.1                o~09zy291
     K09T07S HC2009 10 16.40091 00 24 00.99 +22 02 40.4                o~09zy291
     K09T07S  C2009 10 16.40618 00 24 01.30 +22 02 29.1          21.5 Vo~09zy291
     K09T07S HC2009 10 16.41170 00 24 01.66 +22 02 18.0                o~09zy291
     K09T07S 2C2009 10 18.44635500 26 09.016+20 57 22.46         21.8 Ro~0AHi568
     K09T07S 2C2009 10 18.44821400 26 09.108+20 57 19.01         21.8 Ro~0AHi568
     K09T07S HC2009 10 19.34975 00 27 02.41 +20 30 29.7                o~0AHi291
     K09T07S  C2009 10 19.35406 00 27 02.55 +20 30 22.2          23   Vo~0AHi291
     K09T07S HC2009 10 24.27679 00 31 34.13 +18 24 24.6                o~0Acl291
     K09T07S HC2009 10 24.28548 00 31 34.59 +18 24 11.1                o~0Acl291
