     K09P01U* C2009 08 15.40656 23 55 32.75 -10 28 49.3          18.5  c~08H8704
     K09P01U  C2009 08 15.41825 23 55 37.37 -10 31 22.2          18.8  c~08H8704
     K09P01U  C2009 08 15.42991 23 55 41.98 -10 33 55.8          18.7  c~08H8704
     K09P01U  C2009 08 15.44163 23 55 46.66 -10 36 29.2          19.2  c~08H8704
     K09P01U  C2009 08 15.45332 23 55 51.28 -10 39 01.6          19.6  c~08H8704
     K09P01U  C2009 08 15.95519 23 59 37.17 -12 30 38.6          18.3 Vo~08H8198
     K09P01U  C2009 08 15.95957 23 59 39.05 -12 31 37.2          18.4 Vo~08H8198
     K09P01U  C2009 08 15.96141 23 59 39.84 -12 32 02.8          18.4 Vo~08H8198
     K09P01U  C2009 08 15.96646 23 59 42.00 -12 33 10.3          18.4 Vo~08H8198
     K09P01U  C2009 08 15.96873 23 59 42.92 -12 33 39.9          18.9 Vo~08H8151
     K09P01U  C2009 08 15.97048 23 59 43.73 -12 34 03.9          18.7 Vo~08H8151
     K09P01U  C2009 08 15.97068 23 59 43.76 -12 34 06.8          18.5 Vo~08H8198
     K09P01U  C2009 08 15.97223 23 59 44.47 -12 34 27.2          18.7 Vo~08H8151
     K09P01U  C2009 08 16.06568 00 00 24.85 -12 55 40.4                r~08H8J95
     K09P01U  C2009 08 16.06810 00 00 25.87 -12 56 13.9                r~08H8J95
     K09P01U  C2009 08 16.07225 00 00 27.60 -12 57 09.6                r~08H8J95
     K09P01U  C2009 08 16.07506 00 00 28.85 -12 57 48.0          18.3 Rr~08H8J95
     K09P01U  C2009 08 16.27594 00 02 01.91 -13 43 21.9          19.0 Vo~08H8H55
     K09P01U  C2009 08 16.27762 00 02 02.65 -13 43 45.2          18.8 Vo~08H8H55
     K09P01U  C2009 08 16.27929 00 02 03.35 -13 44 08.4          18.8 Vo~08H8H55
     K09P01U  C2009 08 16.28094 00 02 04.06 -13 44 31.3          18.9 Vo~08H8H55
     K09P01U  C2009 08 17.04368 00 08 04.19 -16 42 47.7                c~08H8587
     K09P01U  C2009 08 17.04502 00 08 04.86 -16 43 06.4                c~08H8587
     K09P01U  C2009 08 17.04681 00 08 05.68 -16 43 32.0          17.9 Rc~08H8587
     K09P01U  C2009 08 17.21127 00 09 28.06 -17 20 44.6          18.5 Cr~08H8I20
     K09P01U  C2009 08 17.21675 00 09 30.58 -17 22 03.8          18.6 Cr~08H8I20
     K09P01U  C2009 08 17.22211 00 09 33.04 -17 23 21.2          18.7 Cr~08H8I20
     K09P01U  C2009 08 23.16318 01 12 14.07 -41 43 43.8          18.6 Cr~08VEI19
     K09P01U  C2009 08 23.17039 01 12 19.52 -41 45 24.4          18.3 Cr~08VEI19
     K09P01U  C2009 08 23.17381 01 12 22.16 -41 46 12.3          18.4 Cr~08VEI19
     K09P01U  C2009 08 23.17791 01 12 25.26 -41 47 09.3          18.6 Cr~08VEI19
     K09P01U  C2009 08 28.23461 02 31 47.86 -57 10 52.8          19.1 Cr~08VEI19
     K09P01U  C2009 08 28.24039 02 31 53.91 -57 11 39.7          19.3 Cr~08VEI19
     K09P01U  C2009 08 28.25253 02 32 06.38 -57 13 18.2          19.9 Cr~08VEI19
