     K09T10E* C2009 10 15.08827 17 06 08.13 +19 42 21.0          20.7 Vr~0A01G96
     K09T10E  C2009 10 15.09409 17 06 09.64 +19 42 17.7          21.6 Vr~0A01G96
     K09T10E  C2009 10 15.10013 17 06 11.23 +19 42 14.6          20.8 Vr~0A01G96
     K09T10E  C2009 10 15.10574 17 06 12.74 +19 42 12.3          19.7 Vr~0A01G96
     K09T10E  C2009 10 15.13931 17 06 21.49 +19 41 54.5          20.8 Vr~0A01G96
     K09T10E  C2009 10 15.14005 17 06 21.69 +19 41 54.0          21.1 Vr~0A01G96
     K09T10E  C2009 10 15.14079 17 06 21.87 +19 41 53.9                r~0A01G96
     K09T10E  C2009 10 15.14152 17 06 22.06 +19 41 53.5          20.7 Vr~0A01G96
     K09T10E  C2009 10 16.08475 17 10 30.97 +19 33 49.0          21.0 Vr~0A01G96
     K09T10E  C2009 10 16.09088 17 10 32.55 +19 33 45.4          20.9 Vr~0A01G96
     K09T10E  C2009 10 16.09712 17 10 34.17 +19 33 41.8          21.3 Vr~0A01G96
     K09T10E  C2009 10 16.10333 17 10 35.83 +19 33 39.0          21.4 Vr~0A01G96
     K09T10E  C2009 10 16.12253 17 10 40.87 +19 33 28.4          20.6 Ro~0A01H01
     K09T10E  C2009 10 16.12788 17 10 42.28 +19 33 25.5          20.6 Ro~0A01H01
     K09T10E  C2009 10 16.13186 17 10 43.32 +19 33 23.5          20.5 Ro~0A01H01
     K09T10E  C2009 10 16.13898 17 10 45.19 +19 33 19.7          20.6 Ro~0A01H01
     K09T10E tC2009 10 17.08950 17 14 56.37 +19 24 53.6          22.0 Vo~0AHl291
     K09T10E tC2009 10 17.09371 17 14 57.54 +19 24 50.1          22.1 Vo~0AHl291
     K09T10E  C2009 10 19.04624217 23 34.38 +19 06 29.8          21.3 Vr~0AHlH55
     K09T10E  C2009 10 19.04983 17 23 35.30 +19 06 28.4          21.6 Vo~0AHlH55
     K09T10E  C2009 10 19.05636617 23 37.01 +19 06 24.0          20.6 Vr~0AHlH55
     K09T10E  C2009 10 19.06376617 23 38.95 +19 06 19.7          20.8 Vr~0AHlH55
     K09T10E  C2009 10 19.06720 17 23 39.91 +19 06 18.1          21.4 Vo~0AHlH55
     K09T10E HC2009 10 20.10465 17 28 15.11 +18 56 05.8                o~0AHl291
     K09T10E HC2009 10 20.11341 17 28 17.45 +18 55 59.9                o~0AHl291
     K09T10E  C2009 11 09.08528 18 56 40.83 +14 46 55.3          21.2 Rc~0CAF926
     K09T10E  C2009 11 09.09009 18 56 42.03 +14 46 51.6          20.9 Rc~0CAF926
     K09T10E  C2009 11 09.09491 18 56 43.27 +14 46 47.3          21.1 Rc~0CAF926
     K09T10E  C2009 11 10.08332 19 01 02.78 +14 32 39.7          21.3 Rc~0CAF926
     K09T10E HC2009 11 26.07227 20 09 12.11 +10 40 42.6                o~0Bji291
