     K09X06T* C2009 12 13.40560 09 41 21.97 +11 10 51.6          18.6  c~0CLn704
     K09X06T  C2009 12 13.41850 09 41 10.50 +11 11 25.8          19.0  c~0CLn704
     K09X06T  C2009 12 13.43137 09 40 59.11 +11 11 59.6          19.1  c~0CLn704
     K09X06T  C2009 12 13.44427 09 40 47.67 +11 12 32.6          19.0  c~0CLn704
     K09X06T  C2009 12 13.45714 09 40 36.25 +11 13 06.0          19.1  c~0CLn704
     K09X06T  C2009 12 14.40405 09 27 13.89 +11 52 01.0          18.4  c~0CLn704
     K09X06T  C2009 12 14.41694 09 27 02.98 +11 52 31.7          18.6  c~0CLn704
     K09X06T  C2009 12 14.42978 09 26 52.13 +11 53 01.6          18.6  c~0CLn704
     K09X06T  C2009 12 14.45550 09 26 30.41 +11 54 02.1          18.8  c~0CLn704
     K09X06T KC2009 12 15.02470 09 18 48.85 +12 15 08.2                v~0Cgk204
     K09X06T KC2009 12 15.03053 09 18 44.12 +12 15 21.0                v~0Cgk204
     K09X06T KC2009 12 15.03567 09 18 39.94 +12 15 32.3          18.2 Cv~0Cgk204
     K09X06T  C2009 12 15.39221 09 13 57.20 +12 28 18.7          18.3  c~0CLn704
     K09X06T  C2009 12 15.40506 09 13 46.93 +12 28 46.0          18.3  c~0CLn704
     K09X06T  C2009 12 15.41799 09 13 36.55 +12 29 12.6          18.3  c~0CLn704
     K09X06T  C2009 12 15.43083 09 13 26.29 +12 29 39.3          18.6  c~0CLn704
     K09X06T  C2009 12 15.44366 09 13 15.97 +12 30 06.2          18.5  c~0CLn704
     K09X06T  C2009 12 15.45665 09 13 05.58 +12 30 32.1          18.8  c~0CLn704
     K09X06T  C2009 12 15.46952 09 12 55.30 +12 30 58.8          18.8  c~0CLn704
     K09X06T  C2009 12 15.48245 09 12 44.97 +12 31 25.1          18.8  c~0CLn704
     K09X06T  C2009 12 15.49532 09 12 34.69 +12 31 51.8          18.9  c~0CLn704
     K09X06T KC2009 12 15.50209 09 12 28.90 +12 32 00.4          18.2 Rr~0CLnH36
     K09X06T KC2009 12 15.50306 09 12 28.14 +12 32 02.3          18.6 Rr~0CLnH36
     K09X06T KC2009 12 15.50499 09 12 26.59 +12 32 05.9          17.9 Rr~0CLnH36
     K09X06T  C2009 12 15.51566 09 12 18.64 +12 32 33.9          18.4 Vr~0CLnG96
     K09X06T  C2009 12 15.51615 09 12 18.25 +12 32 34.7          18.4 Vr~0CLnG96
     K09X06T  C2009 12 15.51913 09 12 15.87 +12 32 41.1          18.2 Vr~0CLnG96
     K09X06T  C2009 12 15.51970 09 12 15.48 +12 32 42.0          18.2 Vr~0CLnG96
     K09X06T  C2009 12 15.52273 09 12 13.03 +12 32 48.0          18.4 Vr~0CLnG96
     K09X06T  C2009 12 15.52323 09 12 12.67 +12 32 49.0          18.4 Vr~0CLnG96
     K09X06T  C2009 12 15.52631 09 12 10.18 +12 32 55.2          18.4 Vr~0CLnG96
     K09X06T  C2009 12 15.52682 09 12 09.79 +12 32 56.3          18.3 Vr~0CLnG96
     K09X06T tC2009 12 16.38748 09 01 18.72 +13 00 43.1                o~0CLn291
     K09X06T tC2009 12 16.39162 09 01 15.65 +13 00 51.1                o~0CLn291
     K09X06T tC2009 12 16.39663 09 01 11.70 +13 01 00.3                o~0CLn291
     K09X06T  C2009 12 16.40052009 01 07.80 +13 01 01.8          18.8 Vo~0CLnH21
     K09X06T  C2009 12 16.40257109 01 06.26 +13 01 05.3          18.7 Vo~0CLnH21
     K09X06T  C2009 12 16.40536909 01 04.14 +13 01 10.5          18.7 Vo~0CLnH21
     K09X06T  C2009 12 16.40686509 01 03.01 +13 01 13.0          18.9 Vo~0CLnH21
     K09X06T  C2009 12 16.40927109 01 01.20 +13 01 17.4          18.8 Vo~0CLnH21
     K09X06T  C2009 12 16.51522 08 59 42.36 +13 04 35.1          17.4 Rc~0CLn926
     K09X06T  C2009 12 16.51653 08 59 41.44 +13 04 37.7          18.5 Rc~0CLn926
     K09X06T  C2009 12 16.51784 08 59 40.45 +13 04 40.0          18.3 Rc~0CLn926
     K09X06T  C2009 12 16.51909 08 59 39.39 +13 04 39.9          17.8 Ro~0CLnH01
     K09X06T  C2009 12 16.52723 08 59 33.30 +13 04 54.4          17.8 Ro~0CLnH01
     K09X06T  C2009 12 16.53653 08 59 26.33 +13 05 10.7          17.6 Ro~0CLoH01
     K09X06T  C2009 12 16.54458 08 59 20.33 +13 05 24.8          17.6 Ro~0CLoH01
     K09X06T  C2009 12 17.30700 08 50 18.18 +13 27 08.0          18.0  c~0CLo704
     K09X06T  C2009 12 17.31938 08 50 09.38 +13 27 28.3          18.7  c~0CLo704
     K09X06T  C2009 12 17.33179 08 50 00.56 +13 27 48.7          18.5  c~0CLo704
     K09X06T  C2009 12 17.34408 08 49 51.82 +13 28 09.1          18.7  c~0CLo704
     K09X06T  C2009 12 17.35639 08 49 43.04 +13 28 29.2          18.4  c~0CLo704
     K09X06T  C2009 12 17.40455 08 49 08.77 +13 29 47.1          18.3 Ro~0CLoH01
     K09X06T  C2009 12 17.41185 08 49 03.58 +13 29 58.8          18.3 Ro~0CLoH01
     K09X06T  C2009 12 17.41911 08 48 58.44 +13 30 10.4          18.2 Ro~0CLoH01
     K09X06T  C2009 12 17.42598 08 48 53.55 +13 30 21.4          18.2 Ro~0CLoH01
     K09X06T  C2009 12 18.29284 08 39 10.62 +13 52 08.0          18.0 Ro~0CLoH01
     K09X06T  C2009 12 18.30021 08 39 05.70 +13 52 18.8          18.0 Ro~0CLoH01
     K09X06T  C2009 12 18.32924 08 38 46.31 +13 53 00.8          17.8 Ro~0CLoH01
     K09X06T  C2009 12 18.33586 08 38 41.89 +13 53 10.5          17.9 Ro~0CLoH01
     K09X06T  C2009 12 18.41919 08 37 45.67 +13 55 07.5          18.4 Ru~0CLoH45
     K09X06T  C2009 12 18.42037 08 37 44.86 +13 55 09.7          18.5 Ru~0CLoH45
     K09X06T  C2009 12 18.42156 08 37 44.06 +13 55 11.2          18.5 Ru~0CLoH45
     K09X06T  C2009 12 18.42292 08 37 43.18 +13 55 13.2          18.5 Ru~0CLoH45
     K09X06T  C2009 12 18.42368 08 37 42.66 +13 55 14.4          18.3 Ru~0CLoH45
     K09X06T  C2009 12 18.42653 08 37 40.78 +13 55 18.0          18.5 Ru~0CLoH45
     K09X06T  C2009 12 18.42780 08 37 39.91 +13 55 19.9          18.5 Ru~0CLoH45
     K09X06T tC2009 12 19.37234 08 27 46.45 +14 16 02.0          18.7 Vo~0Cgk291
     K09X06T tC2009 12 19.37619 08 27 44.00 +14 16 07.0          18.7 Vo~0Cgk291
     K09X06T tC2009 12 19.38005 08 27 41.59 +14 16 11.7          18.7 Vo~0Cgk291
     K09X06T tC2009 12 19.46671 08 26 47.66 +14 17 56.0          18.8 Vo~0Cgk691
     K09X06T tC2009 12 19.48436 08 26 36.77 +14 18 17.2          18.6 Vo~0Cgk691
     K09X06T tC2009 12 19.50206 08 26 25.80 +14 18 37.9          18.6 Vo~0Cgk691
     K09X06T  C2009 12 20.00237 08 21 30.35 +14 28 10.5          18.5 Vo~0CgkA74
     K09X06T  C2009 12 20.02647 08 21 15.99 +14 28 38.4          18.4 Vo~0CgkA74
     K09X06T  C2009 12 20.04861 08 21 02.82 +14 29 03.6          18.2 Vo~0CgkA74
     K09X06T  C2009 12 20.07609 08 20 46.49 +14 29 34.5          18.2 Vo~0CgkA74
     K09X06T tC2009 12 20.29676 08 18 40.72 +14 33 46.9          18.7 Vo~0Cgk291
     K09X06T tC2009 12 20.30060 08 18 38.42 +14 33 51.1          18.8 Vo~0Cgk291
     K09X06T tC2009 12 20.30444 08 18 36.21 +14 33 55.8          18.7 Vo~0Cgk291
     K09X06T  C2009 12 21.01295 08 11 59.47 +14 45 55.0          18.3 Vo~0CgkA74
     K09X06T  C2009 12 21.02236 08 11 54.26 +14 46 04.3          18.3 Vo~0CgkA74
     K09X06T  C2009 12 21.03176 08 11 49.03 +14 46 13.8          18.3 Vo~0CgkA74
     K09X06T  C2009 12 23.12846 07 54 08.40 +15 15 56.5          18.0 Rr~0Cgk932
     K09X06T  C2009 12 23.13466 07 54 05.45 +15 16 01.4          18.0 Rr~0Cgk932
     K09X06T KC2009 12 26.00089 07 33 45.53 +15 45 02.7                r~0CgkJ95
     K09X06T KC2009 12 26.00569 07 33 43.63 +15 45 05.3                r~0CgkJ95
     K09X06T KC2009 12 26.01063 07 33 41.69 +15 45 07.5          18.1 Rr~0CgkJ95
     K09X06T  C2009 12 26.29365 07 31 54.46 +15 47 35.9          18.0 Rr~0Cgk448
     K09X06T  C2009 12 26.29988 07 31 52.08 +15 47 39.2          18.0 Rr~0Cgk448
     K09X06T  C2009 12 26.30487 07 31 50.15 +15 47 42.1          17.9 Rr~0Cgk448
     K09X06T  C2009 12 26.30828 07 31 48.77 +15 47 43.5          18.6 Rr~0Cgk448
     K09X06T  C2009 12 27.96391 07 22 01.99 +15 59 38.3          19.2 Rc~0CgkA53
     K09X06T  C2009 12 27.98546 07 21 54.72 +15 59 45.4          19.0 Rc~0CgkA53
     K09X06T  C2009 12 29.25751 07 15 08.46 +16 07 32.2          18.9 Vo~0CtgH21
     K09X06T  C2009 12 29.26115 07 15 07.32 +16 07 33.6          18.7 Vo~0CtgH21
     K09X06T  C2009 12 29.26428 07 15 06.34 +16 07 34.7          18.7 Vo~0CtgH21
     K09X06T  C2010 01 03.27389406 53 34.18 +16 29 36.4          19.1 Vo~0CtgH21
     K09X06T  C2010 01 03.27751206 53 33.38 +16 29 37.1          19.6 Vo~0CtgH21
     K09X06T  C2010 01 03.28114006 53 32.56 +16 29 37.8          19.5 Vo~0CtgH21
     K09X06T tC2010 01 05.34113 06 46 37.69 +16 36 16.7                o~0Ctg291
     K09X06T tC2010 01 05.34854 06 46 36.19 +16 36 18.8                o~0Ctg291
     K09X06T  C2010 01 06.20869 06 44 00.75 +16 38 47.7          19.4 Vo~0Ctg291
     K09X06T  C2010 01 06.21260 06 44 00.03 +16 38 48.4          19.4 Vo~0Ctg291
     K09X06T  C2010 01 06.21649 06 43 59.31 +16 38 49.1          19.5 Vo~0Ctg291
     K09X06T  C2010 01 06.27083 06 43 49.25 +16 38 58.1          19.2 Ro~0CtgH01
     K09X06T  C2010 01 06.27508106 43 48.07 +16 38 56.7          19.5 Vo~0CthH21
     K09X06T  C2010 01 06.27758 06 43 48.01 +16 38 59.3          19.2 Ro~0CthH01
     K09X06T  C2010 01 06.27835006 43 47.47 +16 38 57.2          19.9 Vo~0CthH21
     K09X06T  C2010 01 06.28343606 43 46.54 +16 38 58.3          20.0 Vo~0CthH21
     K09X06T  C2010 01 06.28447 06 43 46.74 +16 39 00.5          19.4 Ro~0CthH01
     K09X06T  C2010 01 06.29282506 43 44.78 +16 39 00.0                o~0CthH21
     K09X06T  C2010 01 16.37001 06 22 38.29 +17 02 26.2          20.1 Ro~0D64H01
     K09X06T  C2010 01 16.37951 06 22 37.44 +17 02 27.2          20.3 Ro~0D64H01
     K09X06T  C2010 01 16.38648 06 22 36.83 +17 02 27.9          20.7 Ro~0D64H01
     K09X06T  C2010 01 16.39262 06 22 36.29 +17 02 28.5          20.2 Ro~0D64H01
     K09X06T  C2010 01 24.46193806 14 28.113+17 18 29.39         20.3 Rt~1Mj7F51
     K09X06T  C2010 01 24.47151306 14 27.704+17 18 30.47         20.4 Rt~1Mj7F51
