f4586K09U18V  C2004 01 09.29963 01 49 55.11 +05 43 11.1          19.3 Rc~0AdC608
f4586K09U18V  C2004 01 09.30980 01 49 55.35 +05 43 16.3          19.3 Rc~0AdC608
f4586K09U18V  C2004 01 09.32030 01 49 55.58 +05 43 21.8          19.0 Rc~0AdC608
f4586K09U18V  C2004 01 17.29403 01 54 07.84 +06 53 54.5          18.8 Rc~0AdC608
f4586K09U18V  C2004 01 17.30461 01 54 08.27 +06 54 00.0          18.9 Rc~0AdC608
f4586K09U18V  C2004 01 17.31510 01 54 08.64 +06 54 06.4          19.1 Rc~0AdC608
f4586K04C97N* C2004 02 14.11495 02 24 38.26 +12 06 33.6          19.4 Vdk0213703
f4586K04C97N  C2004 02 14.12527 02 24 39.29 +12 06 43.0          19.4 Vdk0213703
f4586K04C97N  C2004 02 14.13558 02 24 40.13 +12 06 49.7          19.1 Vdk0213703
f4586K04C97N  C2004 02 14.14590 02 24 41.04 +12 06 57.8          19.6 Vdk0213703
f4586K04C97N  C2004 02 17.10706 02 29 17.38 +12 44 53.0          19.6  ck0213704
f4586K04C97N  C2004 02 17.11874 02 29 18.46 +12 45 02.0          19.5  ck0213704
f4586K04C97N  C2004 02 17.14203 02 29 20.71 +12 45 19.2          19.7  ck0213704
f4586K09U18V |C2005 06 04.28449 20 04 44.79 -24 06 21.8                o~0b3p809
f4586K09U18V |C2005 06 04.29608 20 04 44.39 -24 06 24.0                o~0b3p809
f4586K09U18V |C2005 06 04.29859 20 04 44.31 -24 06 24.6                o~0b3p809
f4586K09U18V |C2005 06 04.31035 20 04 43.90 -24 06 27.1                o~0b3p809
f4586K09U18V |C2005 06 04.31298 20 04 43.81 -24 06 27.7                o~0b3p809
f4586K09U18V |C2005 06 04.31554 20 04 43.72 -24 06 28.3                o~0b3p809
f4586K09U18V |C2005 06 04.31815 20 04 43.64 -24 06 28.8                o~0b3p809
f4586K09U18V |C2005 06 04.32118 20 04 43.53 -24 06 29.4                o~0b3q809
f4586K09U18V |C2005 06 04.32383 20 04 43.44 -24 06 30.1                o~0b3q809
f4586K09U18V |C2005 06 04.32645 20 04 43.35 -24 06 30.5                o~0b3q809
f4586K09U18V |C2005 06 04.32903 20 04 43.26 -24 06 31.1                o~0b3q809
f4586K09U18V |C2005 06 04.33172 20 04 43.17 -24 06 31.6                o~0b3q809
f4586K09U18V |C2005 06 04.33428 20 04 43.08 -24 06 32.3                o~0b3q809
f4586K09U18V |C2005 06 04.33691 20 04 42.99 -24 06 32.7                o~0b3q809
f4586K09U18V |C2005 06 04.33954 20 04 42.89 -24 06 33.4                o~0b3q809
f4586K09U18V |C2005 06 04.34216 20 04 42.80 -24 06 33.9                o~0b3q809
f4586K09U18V |C2005 06 04.34483 20 04 42.70 -24 06 34.4                o~0b3q809
f4586K09U18V |C2005 06 04.34747 20 04 42.61 -24 06 35.0                o~0b3q809
f4586K09U18V |C2005 06 04.35012 20 04 42.52 -24 06 35.6                o~0b3q809
f4586K09U18V |C2005 06 04.35276 20 04 42.43 -24 06 36.1                o~0b3q809
f4586K09U18V |C2005 06 04.35535 20 04 42.34 -24 06 36.7                o~0b3q809
f4586K09U18V |C2005 06 04.35849 20 04 42.23 -24 06 37.3                o~0b3q809
f4586K09U18V |C2005 06 04.36128 20 04 42.14 -24 06 37.9                o~0b3q809
f4586K09U18V |C2005 06 04.36395 20 04 42.04 -24 06 38.5                o~0b3q809
f4586K09U18V |C2005 06 04.36659 20 04 41.95 -24 06 39.0                o~0b3q809
f4586K09U18V |C2005 06 04.36920 20 04 41.86 -24 06 39.6                o~0b3q809
f4586K09U18V |C2005 06 04.37191 20 04 41.77 -24 06 40.1                o~0b3q809
f4586K09U18V |C2005 06 04.37451 20 04 41.68 -24 06 40.8                o~0b3q809
f4586K09U18V |C2005 06 04.37724 20 04 41.59 -24 06 41.2                o~0b3q809
f4586K09U18V |C2005 06 04.38621 20 04 41.28 -24 06 43.2                o~0b3q809
f4586K09U18V |C2005 06 04.38885 20 04 41.18 -24 06 43.6                o~0b3q809
f4586K09U18V |C2005 06 04.39152 20 04 41.09 -24 06 44.5                o~0b3q809
f4586K09U18V |C2005 06 04.39419 20 04 41.00 -24 06 44.8                o~0b3q809
f4586K09U18V |C2005 06 04.39687 20 04 40.91 -24 06 45.4                o~0b3q809
f4586K09U18V |C2005 06 04.39962 20 04 40.81 -24 06 45.9                o~0b3q809
f4586K09U18V |C2005 06 04.40230 20 04 40.71 -24 06 46.6                o~0b3q809
f4586K09U18V |C2005 06 04.40921 20 04 40.47 -24 06 48.0                o~0b3q809
f4586K09U18V |C2005 06 04.41195 20 04 40.40 -24 06 48.6                o~0b3q809
f4586K09U18V |C2005 06 04.41465 20 04 40.30 -24 06 49.1                o~0b3q809
f4586K09U18V |C2005 06 04.41732 20 04 40.20 -24 06 49.7                o~0b3q809
f4586K09U18V |C2005 06 04.42004 20 04 40.10 -24 06 50.3                o~0b3q809
f4586K09U18V |C2005 06 04.42268 20 04 40.02 -24 06 50.8                o~0b3q809
f4586K09U18V |C2005 06 04.42539 20 04 39.93 -24 06 51.4                o~0b3q809
f4586K09U18V |C2005 06 04.42808 20 04 39.83 -24 06 51.9                o~0b3q809
f4586K09U18V |C2005 06 04.43217 20 04 39.70 -24 06 52.8                o~0b3q809
f4586K09U18V |C2005 06 04.43487 20 04 39.60 -24 06 53.4                o~0b3q809
f4586K09U18V |C2005 06 04.43919 20 04 39.46 -24 06 54.1                o~0b3q809
f4586K09U18V* C2009 10 22.39951 07 57 16.40 +19 05 35.9          18.2  c~0AdC704
f4586K09U18V  C2009 10 22.41223 07 57 18.74 +19 05 33.5          18.3  c~0AdC704
f4586K09U18V  C2009 10 22.42494 07 57 21.13 +19 05 31.3          18.3  c~0AdC704
f4586K09U18V  C2009 10 22.43771 07 57 23.49 +19 05 28.4          18.3  c~0AdC704
f4586K09U18V  C2009 10 23.08979 07 59 26.70 +19 03 18.6                r~0AdCJ95
f4586K09U18V  C2009 10 23.09690 07 59 28.01 +19 03 16.7                r~0AdCJ95
f4586K09U18V  C2009 10 23.09800 07 59 28.25 +19 03 16.7          18.2 Rr~0AdCJ95
f4586K09U18V %C2009 10 23.33559 08 00 13.48 +19 02 30.4          17.9 Rr~0AdCH06
f4586K09U18V %C2009 10 23.34540 08 00 15.34 +19 02 28.5          18.0 Rr~0AdCH06
f4586K09U18V  C2009 10 23.34782 08 00 15.80 +19 02 28.8          17.8 Rc~0AdC854
f4586K09U18V  C2009 10 23.35262 08 00 16.74 +19 02 28.3          18.0 Rc~0AdC854
f4586K09U18V %C2009 10 23.35522 08 00 17.19 +19 02 26.8          18.0 Rr~0AdCH06
f4586K09U18V  C2009 10 23.35742 08 00 17.63 +19 02 26.6          17.8 Rc~0AdC854
f4586K09U18V  C2009 10 23.37093 08 00 20.15 +19 02 24.3          18.3 Rc~0AdC926
f4586K09U18V  C2009 10 23.37293 08 00 20.54 +19 02 23.9          18.5 Rc~0AdC926
f4586K09U18V  C2009 10 23.37494 08 00 20.94 +19 02 23.7          18.5 Rc~0AdC926
f4586K09U18V  C2009 10 23.42738 08 00 30.76 +19 02 13.2          18.0 Rr~0AdCH10
f4586K09U18V  C2009 10 23.43085 08 00 31.35 +19 02 12.8          18.2 Rr~0AdCH10
f4586K09U18V  C2009 10 23.43343 08 00 31.88 +19 02 11.8          18.0 Rr~0AdCH10
f4586K09U18V  C2009 10 23.43609 08 00 32.40 +19 02 11.6          17.9 Rr~0AdCH10
f4586K09U18V  C2009 10 23.43873 08 00 32.88 +19 02 11.2          17.9 Rr~0AdCH10
f4586K09U18V  C2009 10 24.39578 08 03 35.46 +18 58 53.2          17.9 Rr~0AdCH36
f4586K09U18V  C2009 10 24.39733 08 03 35.74 +18 58 52.9          18.1 Rr~0AdCH36
f4586K09U18V  C2009 10 24.39887 08 03 36.02 +18 58 52.6          17.9 Rr~0AdCH36
f4586K09U18V  C2009 10 24.42509 08 03 41.06 +18 58 47.5          17.8 Ro~0AdCH01
f4586K09U18V  C2009 10 24.42863 08 03 41.74 +18 58 46.8          17.8 Ro~0AdCH01
f4586K09U18V  C2009 10 24.43257 08 03 42.49 +18 58 46.1          17.8 Ro~0AdCH01
f4586K09U18V  C2009 10 24.43406 08 03 42.81 +18 58 46.3          18.1 Rc~0AdC926
f4586K09U18V  C2009 10 24.43571 08 03 43.14 +18 58 46.0          18.2 Rc~0AdC926
f4586K09U18V  C2009 10 24.43733 08 03 43.39 +18 58 45.2          17.8 Ro~0AdCH01
f4586K09U18V  C2009 10 24.43737 08 03 43.46 +18 58 45.6          18.0 Rc~0AdC926
f4586K09U18V  C2009 10 24.44216 08 03 44.30 +18 58 44.2          17.8 Ro~0AdCH01
f4586K09U18V  C2009 10 24.44729 08 03 45.29 +18 58 43.5          18.0 Rw~0AdCH10
f4586K09U18V  C2009 10 24.45146 08 03 46.11 +18 58 42.2          18.2 Vr~0AdCG96
f4586K09U18V  C2009 10 24.45160 08 03 45.99 +18 58 42.5          18.1 Rw~0AdCH10
f4586K09U18V  C2009 10 24.45590 08 03 47.00 +18 58 41.5          18.2 Rw~0AdCH10
f4586K09U18V  C2009 10 24.46021 08 03 47.42 +18 58 39.8          17.1 Rw~0AdCH10
f4586K09U18V  C2009 10 24.46041 08 03 47.80 +18 58 40.4          18.2 Vr~0AdCG96
f4586K09U18V  C2009 10 24.46451 08 03 48.57 +18 58 39.6          17.6 Rw~0AdCH10
f4586K09U18V  C2009 10 24.46939 08 03 49.50 +18 58 38.6          18.2 Vr~0AdCG96
f4586K09U18V  C2009 10 24.47833 08 03 51.19 +18 58 36.8          18.2 Vr~0AdCG96
f4586K09U18V  C2009 10 25.38253 08 06 45.25 +18 55 21.5          17.5 Ro~0AdCH01
f4586K09U18V  C2009 10 25.38612 08 06 45.94 +18 55 20.8          17.5 Ro~0AdCH01
f4586K09U18V  C2009 10 25.38959 08 06 46.60 +18 55 20.1          17.6 Ro~0AdCH01
f4586K09U18V  C2009 10 25.39370 08 06 47.39 +18 55 19.2          17.6 Ro~0AdCH01
f4586K09U18V  C2009 10 25.40985 08 06 50.35 +18 55 15.9          18.2 Rr~0AdC850
f4586K09U18V  C2009 10 25.41197 08 06 50.76 +18 55 15.1          17.6 Rr~0AdC850
f4586K09U18V  C2009 10 25.41740 08 06 51.78 +18 55 14.1          17.9 Rr~0AdC850
f4586K09U18V  C2009 10 25.41952 08 06 52.20 +18 55 13.8          17.4 Rr~0AdC850
f4586K09U18V  C2009 10 25.42499 08 06 53.22 +18 55 12.6          18.0 Rr~0AdC850
f4586K09U18V  C2009 10 25.42709 08 06 53.65 +18 55 12.3          17.7 Rr~0AdC850
f4586K09U18V  C2009 10 25.43177 08 06 54.58 +18 55 11.0          18.2 Ru~0AdCH45
f4586K09U18V  C2009 10 25.43258 08 06 54.69 +18 55 11.0          17.9 Rr~0AdC850
f4586K09U18V  C2009 10 25.43335 08 06 54.89 +18 55 10.5          18.4 Ru~0AdCH45
f4586K09U18V  C2009 10 25.43435 08 06 55.06 +18 55 10.4          18.2 Ru~0AdCH45
f4586K09U18V  C2009 10 25.43472 08 06 55.08 +18 55 10.8          18.1 Rr~0AdC850
f4586K09U18V  C2009 10 25.43540 08 06 55.27 +18 55 10.2          18.1 Ru~0AdCH45
f4586K09U18V  C2009 10 25.43697 08 06 55.57 +18 55 10.0          18.5 Ru~0AdCH45
f4586K09U18V  C2009 10 25.43877 08 06 55.91 +18 55 10.0          18.5 Ru~0AdCH45
f4586K09U18V  C2009 10 25.43951 08 06 56.06 +18 55 09.9          18.7 Ru~0AdCH45
f4586K09U18V  C2009 10 25.44015 08 06 56.15 +18 55 09.3          18.3 Rr~0AdC850
f4586K09U18V  C2009 10 25.44028 08 06 56.24 +18 55 09.5          18.6 Ru~0AdCH45
f4586K09U18V  C2009 10 25.44119 08 06 56.37 +18 55 09.2          18.5 Ru~0AdCH45
f4586K09U18V  C2009 10 25.44212 08 06 56.58 +18 55 09.0          18.4 Ru~0AdCH45
f4586K09U18V  C2009 10 25.44298 08 06 56.70 +18 55 09.0          18.1 Ru~0AdCH45
f4586K09U18V  C2009 10 25.44407 08 06 56.91 +18 55 08.9          18.0 Ru~0AdCH45
f4586K09U18V  C2009 10 25.44491 08 06 57.07 +18 55 08.6          18.3 Ru~0AdCH45
f4586K09U18V  C2009 10 25.44631 08 06 57.49 +18 55 08.5          18.3 Rc~0AdC926
f4586K09U18V  C2009 10 25.44762 08 06 57.74 +18 55 08.1          18.3 Rc~0AdC926
f4586K09U18V  C2009 10 25.44891 08 06 57.99 +18 55 07.9          18.2 Rc~0AdC926
f4586K09U18V  C2009 10 26.08660 08 09 01.45 +18 52 43.4                v~0AdC204
f4586K09U18V  C2009 10 26.09195 08 09 02.49 +18 52 42.4          17.6 Cv~0AdC204
f4586K09U18V  C2009 10 26.10088 08 09 04.22 +18 52 39.3                r~0AdCJ95
f4586K09U18V  C2009 10 26.10308 08 09 04.64 +18 52 38.9                r~0AdCJ95
f4586K09U18V  C2009 10 26.10558 08 09 05.13 +18 52 38.5          18.1 Rr~0AdCJ95
f4586K09U18V  C2009 10 26.14352 08 09 12.40 +18 52 31.1                v~0AdC204
f4586K09U18V  C2009 10 26.14849 08 09 13.35 +18 52 30.0                v~0AdC204
f4586K09U18V  C2009 10 26.39479 08 10 01.44 +18 51 35.1          18.1 Vo~0AdC291
f4586K09U18V  C2009 10 26.39810 08 10 01.96 +18 51 34.2          17.5 Rr~0AdC850
f4586K09U18V  C2009 10 26.39885 08 10 02.22 +18 51 34.3          18.1 Vo~0AdC291
f4586K09U18V  C2009 10 26.40286 08 10 02.99 +18 51 33.4          18.1 Vo~0AdC291
f4586K09U18V  C2009 10 26.40736 08 10 03.74 +18 51 31.5          17.5 Rr~0AdC850
f4586K09U18V  C2009 10 26.43587 08 10 09.21 +18 51 25.8          17.9 Rr~0AdC850
f4586K09U18V  C2009 10 26.44623 08 10 11.22 +18 51 23.3          17.9 Rr~0AdC850
f4586K09U18V  C2009 10 27.10599 08 12 20.282+18 48 48.94         18.1 Vr~0AdCJ75
f4586K09U18V  C2009 10 27.11579 08 12 22.201+18 48 46.75         18.3 Vr~0AdCJ75
f4586K09U18V  C2009 10 27.12557 08 12 24.080+18 48 44.49         18.2 Vr~0AdCJ75
f4586K09U18V  C2009 10 27.13538 08 12 25.993+18 48 42.27         18.2 Vr~0AdCJ75
f4586K09U18V  C2009 10 27.44465 08 13 26.60 +18 47 30.0          18.0 Vo~0AdC291
f4586K09U18V  C2009 10 27.44866 08 13 27.37 +18 47 29.1          18.0 Vo~0AdC291
f4586K09U18V  C2009 10 27.45513 08 13 28.63 +18 47 27.6          18.0 Vo~0AdC291
f4586K09U18V  C2009 10 27.50821 08 13 38.97 +18 47 15.3          18.5 Rc~0AdC926
f4586K09U18V  C2009 10 27.50935 08 13 39.19 +18 47 15.0          18.4 Rc~0AdC926
f4586K09U18V  C2009 10 27.51050 08 13 39.41 +18 47 14.6          18.3 Rc~0AdC926
f4586K09U18V  C2009 10 30.45674 08 23 25.62 +18 34 46.0          18.0 Vr~0AdCG96
f4586K09U18V  C2009 10 30.46307 08 23 26.91 +18 34 44.4          18.0 Vr~0AdCG96
f4586K09U18V  C2009 10 30.46961 08 23 28.21 +18 34 42.7          18.0 Vr~0AdCG96
f4586K09U18V  C2009 10 30.47613 08 23 29.50 +18 34 40.9          18.0 Vr~0AdCG96
f4586K09U18V  C2009 11 01.40066 08 30 00.48 +18 25 43.7          18.2 Vo~0Av4H55
f4586K09U18V  C2009 11 01.40276 08 30 00.91 +18 25 43.3          17.9 Vo~0Av4H55
f4586K09U18V  C2009 11 01.40568 08 30 01.48 +18 25 42.4          18.1 Vo~0Av4H55
f4586K09U18V  C2009 11 01.40777 08 30 01.92 +18 25 41.8          18.2 Vo~0Av4H55
f4586K09U18V  C2009 11 02.40396 08 33 26.94 +18 20 49.0          18.5 Ru~0Av4H45
f4586K09U18V  C2009 11 02.40558 08 33 27.26 +18 20 48.5          18.4 Ru~0Av4H45
f4586K09U18V  C2009 11 02.40752 08 33 27.64 +18 20 48.3          18.1 Ru~0Av4H45
f4586K09U18V  C2009 11 02.41028 08 33 28.19 +18 20 47.3          18.2 Ru~0Av4H45
f4586K09U18V  C2009 11 02.41317 08 33 28.79 +18 20 46.3          18.2 Ru~0Av4H45
f4586K09U18V  C2009 11 02.41530 08 33 29.21 +18 20 45.6          18.2 Ru~0Av4H45
f4586K09U18V  C2009 11 06.40127 08 47 27.34 +17 59 25.2          17.5 Vr~0Av4850
f4586K09U18V  C2009 11 06.42054 08 47 31.40 +17 59 18.4          17.4 Vr~0Av4850
f4586K09U18V  C2009 11 06.43981 08 47 35.45 +17 59 11.6          17.1 Vr~0Av4850
f4586K09U18V `C2009 11 06.56175608 48 01.85 +17 58 32.0                 ~1AYw568
f4586K09U18V `C2009 11 06.60901608 48 11.85 +17 58 15.8                 ~1AYw568
f4586K09U18V  C2009 11 12.43854 09 09 33.43 +17 21 16.4          17.1 Vr~0B1L850
f4586K09U18V  C2009 11 12.44780 09 09 35.48 +17 21 12.7          17.3 Vr~0B1L850
f4586K09U18V  C2009 11 12.45706 09 09 37.53 +17 21 08.7          17.2 Vr~0B1L850
f4586K09U18V  C2009 11 14.83321 09 18 38.76 +17 04 05.5          18.1 Vr~0BIc379
f4586K09U18V  C2009 11 14.84802 09 18 42.12 +17 03 59.0                r~0BIc379
f4586K09U18V  C2009 11 14.84987 09 18 42.51 +17 03 58.1                r~0BIc379
f4586K09U18V  C2009 11 15.16371 09 19 55.22 +17 01 37.7          17.4 Rr~0BIcJ51
f4586K09U18V  C2009 11 15.19333 09 20 01.97 +17 01 24.5          17.4 Rr~0BIcJ51
f4586K09U18V  C2009 11 15.22295 09 20 08.73 +17 01 11.2          17.4 Rr~0BIcJ51
f4586K09U18V  C2009 11 16.98429 09 26 58.59 +16 47 33.2          17.2 Rr~0BIcB67
f4586K09U18V  C2009 11 16.98924 09 26 59.75 +16 47 30.6          17.3 Rr~0BIcB67
f4586K09U18V  C2009 11 16.99427 09 27 00.93 +16 47 28.8          17.4 Rr~0BIcB67
f4586K09U18V  C2009 11 17.44284 09 28 46.08 +16 43 58.7          17.2  c~0BIc704
f4586K09U18V  C2009 11 17.45527 09 28 48.95 +16 43 52.8          17.7  c~0BIc704
f4586K09U18V  C2009 11 17.46772 09 28 51.84 +16 43 46.9          17.5  c~0BIc704
f4586K09U18V  C2009 11 17.48017 09 28 54.73 +16 43 40.7          17.8  c~0BIc704
f4586K09U18V  C2009 11 17.49262 09 28 57.61 +16 43 35.1          17.6  c~0BIc704
f4586K09U18V  C2009 11 19.80612 09 38 07.04 +16 24 27.2          18.0 Vr~0BIc379
f4586K09U18V  C2009 11 19.82928 09 38 12.55 +16 24 14.9                r~0BIc379
f4586K09U18V  C2009 11 20.42243 09 40 35.42 +16 19 09.0          17.5  c~0Bjy704
f4586K09U18V  C2009 11 20.43494 09 40 38.40 +16 19 02.5          17.6  c~0Bjy704
f4586K09U18V  C2009 11 20.44744 09 40 41.38 +16 18 56.1          18.2  c~0Bjy704
f4586K09U18V  C2009 11 20.45996 09 40 44.36 +16 18 49.7          17.6  c~0Bjy704
f4586K09U18V  C2009 11 20.47246 09 40 47.33 +16 18 43.5          18.0  c~0Bjy704
f4586K09U18V  C2009 11 21.50976 09 44 58.23 +16 09 36.2          17.5 Vr~0BjyG96
f4586K09U18V  C2009 11 21.51858 09 45 00.32 +16 09 30.9          17.2 Vr~0BjyG96
f4586K09U18V  C2009 11 21.52742 09 45 02.44 +16 09 26.8          17.5 Vr~0BjyG96
f4586K09U18V  C2009 11 21.53625 09 45 04.57 +16 09 22.1          17.5 Vr~0BjyG96
f4586K09U18V  C2009 11 25.43065 10 01 05.90 +15 32 49.8          17.7 Ru~0BjyH45
f4586K09U18V  C2009 11 25.43209 10 01 06.27 +15 32 49.2          17.7 Ru~0BjyH45
f4586K09U18V  C2009 11 25.43284 10 01 06.45 +15 32 48.6          17.7 Ru~0BjyH45
f4586K09U18V  C2009 11 25.43432 10 01 06.81 +15 32 47.7          17.5 Ru~0BjyH45
f4586K09U18V  C2009 11 25.43568 10 01 07.15 +15 32 46.9          17.7 Ru~0BjyH45
f4586K09U18V  C2009 11 25.43677 10 01 07.41 +15 32 46.3          17.7 Ru~0BjyH45
f4586K09U18V  C2009 11 25.74572 10 02 25.04 +15 29 42.3          17.5 Vr~0Bjz379
f4586K09U18V  C2009 11 25.76053 10 02 28.75 +15 29 34.0                r~0Bjz379
f4586K09U18V  C2009 11 25.76238 10 02 29.20 +15 29 32.8                r~0Bjz379
f4586K09U18V  C2009 11 25.76424 10 02 29.66 +15 29 31.6                r~0Bjz379
f4586K09U18V  C2009 11 25.77071 10 02 31.21 +15 29 28.1                r~0Bjz379
f4586K09U18V  C2009 11 25.77720 10 02 32.88 +15 29 23.8                r~0Bjz379
f4586K09U18V  C2009 11 25.77905 10 02 33.34 +15 29 22.5                r~0Bjz379
f4586K09U18V  C2009 11 26.79154 10 06 48.49 +15 19 12.9          17.3 Vu~0Bjz379
f4586K09U18V  C2009 11 26.79803 10 06 50.13 +15 19 08.5          18.2 Vu~0Bjz379
f4586K09U18V  C2009 11 26.79988 10 06 50.58 +15 19 07.4          18.1 Vu~0Bjz379
f4586K09U18V  C2009 11 26.80635 10 06 52.18 +15 19 03.4          18.3 Vu~0Bjz379
f4586K09U18V  C2009 11 26.80821 10 06 52.65 +15 19 02.8          17.9 Vu~0Bjz379
f4586K09U18V  C2009 11 26.81469 10 06 54.28 +15 18 58.9          17.9 Vu~0Bjz379
f4586K09U18V  C2009 11 26.81654 10 06 54.72 +15 18 57.9          17.7 Vu~0Bjz379
f4586K09U18V  C2009 11 26.82488 10 06 56.81 +15 18 52.9          18.1 Vu~0Bjz379
f4586K09U18V  C2009 11 27.79988 10 11 04.45 +15 08 50.0          18.1 Vu~0Bjz379
f4586K09U18V  C2009 11 27.80174 10 11 04.96 +15 08 49.2          18.3 Vu~0Bjz379
f4586K09U18V  C2009 11 27.82488 10 11 10.73 +15 08 34.2          17.9 Vu~0Bjz379
f4586K09U18V  C2009 11 27.82674 10 11 11.24 +15 08 33.7          17.7 Vu~0Bjz379
f4586K09U18V  C2009 11 29.36214 10 17 44.84 +14 52 14.3          17.0 Rr~0Bjz932
f4586K09U18V  C2009 11 29.36528 10 17 45.63 +14 52 12.2          17.2 Rr~0Bjz932
f4586K09U18V  C2009 11 29.36929 10 17 46.64 +14 52 10.0          17.0 Rr~0Bjz932
f4586K09U18V  C2009 11 29.38955 10 17 51.93 +14 51 57.2          17.9 Vo~0CALH21
f4586K09U18V  C2009 11 29.39339 10 17 52.91 +14 51 54.5          17.9 Vo~0CALH21
f4586K09U18V  C2009 11 29.39564 10 17 53.48 +14 51 53.2          18.0 Vo~0CALH21
f4586K09U18V  C2009 11 29.39772 10 17 54.00 +14 51 51.7          17.9 Vo~0CALH21
f4586K09U18V  C2009 11 29.40165 10 17 55.01 +14 51 49.2          17.9 Vo~0CALH21
f4586K09U18V  C2009 12 07.80058 10 54 56.01 +13 12 30.6          17.7 Vu~0CAL379
f4586K09U18V  C2009 12 07.80706 10 54 57.73 +13 12 25.6                u~0CAL379
f4586K09U18V  C2009 12 07.80891 10 54 58.22 +13 12 24.3                u~0CAL379
f4586K09U18V  C2009 12 07.81538 10 54 59.94 +13 12 19.4                u~0CAL379
f4586K09U18V  C2009 12 07.82373 10 55 02.18 +13 12 13.6                u~0CAL379
f4586K09U18V  C2009 12 07.82558 10 55 02.68 +13 12 11.7                u~0CAL379
f4586K09U18V  C2009 12 07.82743 10 55 03.16 +13 12 10.6                u~0CAL379
f4586K09U18V  C2009 12 12.45671 11 16 07.94 +12 10 31.1          17.5  c~0CKS704
f4586K09U18V  C2009 12 12.46951 11 16 11.44 +12 10 20.7          17.6  c~0CKS704
f4586K09U18V  C2009 12 12.48229 11 16 14.88 +12 10 10.0          18.0  c~0CKS704
f4586K09U18V  C2009 12 12.49507 11 16 18.35 +12 09 59.6          17.4  c~0CKS704
f4586K09U18V  C2009 12 12.50784 11 16 21.84 +12 09 49.0          17.8  c~0CKS704
f4586K09U18V  C2009 12 13.46742 11 20 46.70 +11 56 28.1          17.2  c~0CKS704
f4586K09U18V  C2009 12 13.48024 11 20 50.18 +11 56 17.3          17.4  c~0CKS704
f4586K09U18V  C2009 12 13.49385 11 20 53.89 +11 56 05.8          17.4  c~0CKS704
f4586K09U18V  C2009 12 13.50676 11 20 57.38 +11 55 55.5          17.5  c~0CKS704
f4586K09U18V  C2009 12 13.51960 11 21 00.87 +11 55 44.5          17.5  c~0CKS704
f4586K09U18V  C2009 12 15.44621 11 29 54.61 +11 28 25.7          17.5  c~0CKS704
f4586K09U18V  C2009 12 15.45918 11 29 58.17 +11 28 15.0          17.3  c~0CKS704
f4586K09U18V  C2009 12 15.47206 11 30 01.70 +11 28 03.4          17.7  c~0CKS704
f4586K09U18V  C2009 12 15.48498 11 30 05.22 +11 27 52.6          17.8  c~0CKS704
f4586K09U18V  C2009 12 15.49788 11 30 08.75 +11 27 41.5          17.8  c~0CKS704
f4586K09U18V  C2009 12 16.11604 11 33 00.21 +11 18 44.4          17.3  o~0GWgC20
f4586K09U18V  C2009 12 16.49051711 34 44.23 +11 13 19.6          17.6 Vo~0CKSH21
f4586K09U18V  C2009 12 16.49322411 34 44.97 +11 13 17.2          17.7 Vo~0CKSH21
f4586K09U18V  C2009 12 16.49555711 34 45.61 +11 13 15.2          17.7 Vo~0CKSH21
f4586K09U18V  C2009 12 16.49825711 34 46.35 +11 13 12.8          17.8 Vo~0CKSH21
f4586K09U18V  C2009 12 16.50096611 34 47.08 +11 13 10.5          17.8 Vo~0CKSH21
f4586K09U18V  C2009 12 16.83368 11 36 19.77 +11 08 20.9          17.4 Vu~0CKS379
f4586K09U18V  C2009 12 16.83831 11 36 21.06 +11 08 16.8          17.9 Vu~0CKS379
f4586K09U18V  C2009 12 16.84016 11 36 21.55 +11 08 14.7          17.7 Vu~0CKS379
f4586K09U18V  C2009 12 16.84848 11 36 23.85 +11 08 07.8          17.7 Vu~0CKS379
f4586K09U18V  C2009 12 16.85683 11 36 26.12 +11 08 00.6          17.3 Vu~0CKS379
f4586K09U18V  C2009 12 16.86515 11 36 28.40 +11 07 52.9          17.6 Vu~0CKS379
f4586K09U18V  C2009 12 17.08697 11 37 30.25 +11 04 37.0          17.5  o~0GWgC20
f4586K09U18V  C2009 12 17.08845 11 37 30.66 +11 04 35.8          17.4  o~0GWgC20
f4586K09U18V  C2009 12 19.43815 11 48 25.31 +10 29 50.0          17.5 Ru~0Cg3H45
f4586K09U18V  C2009 12 19.43910 11 48 25.55 +10 29 49.1          17.6 Ru~0Cg3H45
f4586K09U18V  C2009 12 19.44067 11 48 25.97 +10 29 47.8          17.6 Ru~0Cg3H45
f4586K09U18V  C2009 12 19.44165 11 48 26.24 +10 29 46.9          17.6 Ru~0Cg3H45
f4586K09U18V  C2009 12 19.44267 11 48 26.53 +10 29 45.8          17.4 Ru~0Cg3H45
f4586K09U18V  C2009 12 19.44358 11 48 26.79 +10 29 45.4          17.1 Ru~0Cg3H45
f4586K09U18V  C2009 12 28.41789 12 30 00.00 +08 11 06.9          17.9 Ru~0Cg3H45
f4586K09U18V  C2009 12 28.42043 12 30 00.71 +08 11 05.4          17.7 Ru~0Cg3H45
f4586K09U18V  C2009 12 28.42149 12 30 01.00 +08 11 04.0          17.7 Ru~0Cg3H45
f4586K09U18V  C2009 12 28.42286 12 30 01.39 +08 11 02.0          17.9 Ru~0Cg3H45
f4586K09U18V  C2009 12 28.42388 12 30 01.65 +08 11 01.5          17.7 Ru~0Cg3H45
f4586K09U18V  C2009 12 28.42472 12 30 01.87 +08 11 00.2          17.8 Ru~0Cg3H45
f4586K09U18V  C2009 12 29.49694612 34 56.19 +07 54 04.5          18.2 Vo~0CtSH21
f4586K09U18V  C2009 12 29.49891112 34 56.73 +07 54 02.6          18.1 Vo~0CtSH21
f4586K09U18V  C2009 12 29.50038312 34 57.12 +07 54 01.2          18.3 Vo~0CtSH21
f4586K09U18V  C2009 12 29.50406212 34 58.12 +07 53 57.9          18.1 Vo~0CtSH21
f4586K09U18V  C2009 12 29.50774312 34 59.12 +07 53 54.3          17.6 Vo~0CtSH21
f4586K09U18V  C2010 01 03.46516512 57 25.08 +06 35 34.5          18.1 Vo~0CtSH21
f4586K09U18V  C2010 01 03.46898112 57 26.09 +06 35 31.0          18.1 Vo~0CtSH21
f4586K09U18V  C2010 01 03.47308712 57 27.17 +06 35 27.2          18.1 Vo~0CtSH21
f4586K09U18V  C2010 01 03.47718312 57 28.24 +06 35 23.5          18.1 Vo~0CtSH21
f4586K09U18V  C2010 01 08.83992 13 21 02.00 +05 11 56.8          18.9 Vu~0D5h379
f4586K09U18V  C2010 01 08.84641 13 21 03.63 +05 11 50.3                u~0D5h379
f4586K09U18V  C2010 01 08.85473 13 21 05.72 +05 11 43.1                u~0D5h379
f4586K09U18V  C2010 01 08.95194 13 21 31.37 +05 10 10.9          18.5  u~0JWkC20
f4586K09U18V  C2010 01 08.95341 13 21 31.78 +05 10 09.3          18.5  u~0JWkC20
f4586K09U18V  C2010 01 09.96524 13 25 52.12 +04 54 43.1          18.5  u~0JWkC20
f4586K09U18V  C2010 01 09.96672 13 25 52.48 +04 54 42.4          18.2  u~0JWkC20
f4586K09U18V  C2010 01 13.49037413 40 41.02 +04 02 03.7          18.8 Vo~0D5hH21
f4586K09U18V  C2010 01 13.49461513 40 42.06 +04 01 59.8          18.4 Vo~0D5hH21
f4586K09U18V  C2010 01 13.50014013 40 43.40 +04 01 55.0          18.5 Vo~0D5hH21
f4586K09U18V  C2010 01 15.47857 13 48 50.11 +03 33 12.1          17.9  c~0DKH704
f4586K09U18V  C2010 01 15.49123 13 48 53.15 +03 33 00.8          18.2  c~0DKH704
f4586K09U18V  C2010 01 15.49690 13 48 54.50 +03 32 56.1          18.3 Vr~0DKH703
f4586K09U18V  C2010 01 15.50388 13 48 56.17 +03 32 50.5          19.0  c~0DKH704
f4586K09U18V  C2010 01 15.51192 13 48 58.06 +03 32 43.4          18.2 Vr~0DKH703
f4586K09U18V  C2010 01 15.51655 13 48 59.22 +03 32 39.1          18.1  c~0DKH704
f4586K09U18V  C2010 01 15.51946 13 48 59.90 +03 32 36.7          18.0 Vr~0DKH703
f4586K09U18V  C2010 01 15.52940 13 49 02.25 +03 32 28.0          17.7  c~0DKH704
f4586K09U18V  S2010 01 19.06204 14 03 05.02 +02 43 00.8                L~0JAbC51
f4586K09U18V  s2010 01 19.06204 1 - 6181.5093 - 3049.6768 +  504.2081   ~0JAbC51
f4586K09U18V KC2010 01 19.14755 14 03 25.27 +02 41 41.3                v~0DjS204
f4586K09U18V  S2010 01 19.19434 14 03 35.93 +02 41 12.2                L~0JAbC51
f4586K09U18V  s2010 01 19.19434 1 - 6172.5327 - 3065.0999 +  520.6592   ~0JAbC51
f4586K09U18V KC2010 01 19.22335 14 03 42.69 +02 40 39.3          17.8 Cv~0DjS204
f4586K09U18V  S2010 01 19.32677 14 04 06.84 +02 39 23.8                L~0JAbC51
f4586K09U18V  s2010 01 19.32677 1 - 6173.7596 - 3073.1458 +  453.5329   ~0JAbC51
f4586K09U18V  S2010 01 19.45908 14 04 37.67 +02 37 35.6                L~0JAbC51
f4586K09U18V  s2010 01 19.45908 1 - 6164.8211 - 3088.5543 +  469.4927   ~0JAbC51
f4586K09U18V  S2010 01 19.59138 14 05 08.43 +02 35 47.9                L~0JAbC51
f4586K09U18V  s2010 01 19.59138 1 - 6155.7014 - 3103.9818 +  487.1786   ~0JAbC51
f4586K09U18V  S2010 01 19.72369 14 05 39.17 +02 34 00.0                L~0JAbC51
f4586K09U18V  s2010 01 19.72369 1 - 6146.5677 - 3119.2196 +  502.5006   ~0JAbC51
f4586K09U18V  S2010 01 19.85612 14 06 09.88 +02 32 12.1                L~0JAbC51
f4586K09U18V  s2010 01 19.85612 1 - 6147.7102 - 3127.2038 +  434.5338   ~0JAbC51
f4586K09U18V  S2010 01 19.98842 14 06 40.50 +02 30 24.6                L~0JAbC51
f4586K09U18V  s2010 01 19.98842 1 - 6138.7788 - 3142.8609 +  450.9446   ~0JAbC51
f4586K09U18V  S2010 01 20.12073 14 07 11.09 +02 28 37.7                L~0JAbC51
f4586K09U18V  s2010 01 20.12073 1 - 6129.7181 - 3158.4457 +  467.7481   ~0JAbC51
f4586K09U18V  S2010 01 20.25303 14 07 41.62 +02 26 50.7                L~0JAbC51
f4586K09U18V  s2010 01 20.25303 1 - 6120.5633 - 3173.5968 +  483.6291   ~0JAbC51
f4586K09U18V  S2010 01 20.51777 14 08 42.57 +02 23 17.0                L~0JAbC51
f4586K09U18V  s2010 01 20.51777 1 - 6112.1743 - 3196.8888 +  433.2071   ~0JAbC51
f4586K09U18V  S2010 01 20.65008 14 09 12.96 +02 21 30.7                L~0JAbC51
f4586K09U18V  s2010 01 20.65008 1 - 6102.9016 - 3212.1025 +  449.7362   ~0JAbC51
f4586K09U18V  S2010 01 20.78238 14 09 43.30 +02 19 44.5                L~0JAbC51
f4586K09U18V  s2010 01 20.78238 1 - 6093.7443 - 3227.1490 +  463.4002   ~0JAbC51
f4586K09U18V  S2010 01 20.91468 14 10 13.59 +02 17 59.0                L~0JAbC51
f4586K09U18V  s2010 01 20.91468 1 - 6084.5264 - 3242.2204 +  479.0085   ~0JAbC51
f4586K09U18V  S2010 01 20.91481 14 10 13.63 +02 17 58.3                L~0JAbC51
f4586K09U18V  s2010 01 20.91481 1 - 6094.4105 - 3235.0539 +  396.3512   ~0JAbC51
f4586K09U18V  S2010 01 20.98090 14 10 28.73 +02 17 06.0                L~0JAbC51
f4586K09U18V  s2010 01 20.98090 1 - 6085.0286 - 3246.4980 +  445.5768   ~0JAbC51
f4586K09U18V  S2010 01 21.04712 14 10 43.86 +02 16 13.0                L~0JAbC51
f4586K09U18V  s2010 01 21.04712 1 - 6085.3160 - 3250.6948 +  412.5225   ~0JAbC51
f4586K09U18V  S2010 01 21.11321 14 10 58.94 +02 15 20.2                L~0JAbC51
f4586K09U18V  s2010 01 21.11321 1 - 6075.7320 - 3261.9518 +  462.2373   ~0JAbC51
f4586K09U18V  S2010 01 21.17942 14 11 14.06 +02 14 27.3                L~0JAbC51
f4586K09U18V  s2010 01 21.17942 1 - 6076.0719 - 3265.9547 +  428.8283   ~0JAbC51
f4586K09U18V  S2010 01 21.24564 14 11 29.14 +02 13 34.8                L~0JAbC51
f4586K09U18V  s2010 01 21.24564 1 - 6076.2700 - 3269.8376 +  395.3694   ~0JAbC51
f4586K09U18V  S2010 01 21.31173 14 11 44.19 +02 12 42.2                L~0JAbC51
f4586K09U18V  s2010 01 21.31173 1 - 6066.7290 - 3280.9285 +  444.1582   ~0JAbC51
f4586K09U18V  S2010 01 21.37794 14 11 59.27 +02 11 49.7                L~0JAbC51
f4586K09U18V  s2010 01 21.37794 1 - 6066.9369 - 3284.8059 +  410.0838   ~0JAbC51
f4586K09U18V  S2010 01 21.44403 14 12 14.30 +02 10 57.1                L~0JAbC51
f4586K09U18V  s2010 01 21.44403 1 - 6057.3108 - 3295.9547 +  459.5162   ~0JAbC51
f4586K09U18V  S2010 01 21.51017 14 12 29.33 +02 10 04.5                L~0JAbC51
f4586K09U18V  s2010 01 21.51017 1 - 6051.5761 - 3304.1762 +  476.1390   ~0JAbC51
f4586K09U18V  S2010 01 21.57639 14 12 44.36 +02 09 12.2                L~0JAbC51
f4586K09U18V  s2010 01 21.57639 1 - 6051.8494 - 3308.2829 +  443.6868   ~0JAbC51
f4586K09U18V  S2010 01 21.64260 14 12 59.38 +02 08 19.8                L~0JAbC51
f4586K09U18V  s2010 01 21.64260 1 - 6052.0316 - 3312.2365 +  410.3675   ~0JAbC51
f4586K09U18V  S2010 01 21.70869 14 13 14.35 +02 07 27.8                L~0JAbC51
f4586K09U18V  s2010 01 21.70869 1 - 6042.2798 - 3323.2764 +  459.3257   ~0JAbC51
f4586K09U18V  S2010 01 21.70882 14 13 14.39 +02 07 27.6                L~0JAbC51
f4586K09U18V  s2010 01 21.70882 1 - 6052.0558 - 3316.1235 +  376.6249   ~0JAbC51
f4586K09U18V  S2010 01 21.77491 14 13 29.34 +02 06 35.3                L~0JAbC51
f4586K09U18V  s2010 01 21.77491 1 - 6042.5376 - 3327.2915 +  425.3226   ~0JAbC51
f4586K09U18V  S2010 01 21.84112 14 13 44.33 +02 05 43.3                L~0JAbC51
f4586K09U18V  s2010 01 21.84112 1 - 6042.7407 - 3331.1098 +  391.3101   ~0JAbC51
f4586K09U18V  S2010 01 21.90721 14 13 59.26 +02 04 51.1                L~0JAbC51
f4586K09U18V  s2010 01 21.90721 1 - 6033.1383 - 3342.2414 +  441.0041   ~0JAbC51
f4586K09U18V  S2010 01 21.97343 14 14 14.24 +02 03 58.9                L~0JAbC51
f4586K09U18V  s2010 01 21.97343 1 - 6033.3844 - 3346.4431 +  407.7536   ~0JAbC51
f4586K09U18V  S2010 01 22.03964 14 14 29.16 +02 03 07.0                L~0JAbC51
f4586K09U18V  s2010 01 22.03964 1 - 6033.4325 - 3350.5820 +  374.7401   ~0JAbC51
f4586K09U18V  S2010 01 22.10573 14 14 44.08 +02 02 14.9                L~0JAbC51
f4586K09U18V  s2010 01 22.10573 1 - 6023.8975 - 3361.8337 +  424.5787   ~0JAbC51
f4586K09U18V  S2010 01 22.17195 14 14 58.98 +02 01 23.2                L~0JAbC51
f4586K09U18V  s2010 01 22.17195 1 - 6023.9997 - 3365.7751 +  391.2900   ~0JAbC51
f4586K09U18V  S2010 01 22.23804 14 15 13.87 +02 00 31.2                L~0JAbC51
f4586K09U18V  s2010 01 22.23804 1 - 6014.3309 - 3376.7601 +  440.5980   ~0JAbC51
f4586K09U18V  S2010 01 22.30425 14 15 28.75 +01 59 40.0                L~0JAbC51
f4586K09U18V  s2010 01 22.30425 1 - 6014.4661 - 3380.6620 +  406.8768   ~0JAbC51
f4586K09U18V  S2010 01 22.43656 14 15 58.48 +01 57 56.6                L~0JWkC51
f4586K09U18V  s2010 01 22.43656 1 - 6004.8308 - 3395.5712 +  422.3131   ~0JWkC51
f4586K09U18V  S2010 01 22.56899 14 16 28.18 +01 56 12.8                L~0JWkC51
f4586K09U18V  s2010 01 22.56899 1 - 6004.7145 - 3403.5033 +  357.5480   ~0JWkC51
f4586K09U18V  S2010 01 22.70129 14 16 57.78 +01 54 29.8                L~0JWkC51
f4586K09U18V  s2010 01 22.70129 1 - 5995.0920 - 3418.4562 +  373.2797   ~0JWkC51
f4586K09U18V  S2010 01 22.96590 14 17 56.88 +01 51 04.8                L~0JWkC51
f4586K09U18V  s2010 01 22.96590 1 - 5975.9614 - 3448.3824 +  403.8975   ~0JWkC51
f4586K09U18V  S2010 01 23.09821 14 18 26.36 +01 49 22.1                L~0JWkC51
f4586K09U18V  s2010 01 23.09821 1 - 5966.2346 - 3463.6357 +  420.6754   ~0JWkC51
f4586K09U18V  S2010 01 23.09833 14 18 26.37 +01 49 21.9                L~0JWkC51
f4586K09U18V  s2010 01 23.09833 1 - 5975.7654 - 3456.4854 +  337.9825   ~0JWkC51
f4586K09U18V  S2010 01 23.23064 14 18 55.78 +01 47 40.1                L~0JWkC51
f4586K09U18V  s2010 01 23.23064 1 - 5966.1468 - 3471.3822 +  354.0095   ~0JWkC51
f4586K09U18V  S2010 01 23.36294 14 19 25.15 +01 45 58.2                L~0JWkC51
f4586K09U18V  s2010 01 23.36294 1 - 5956.3536 - 3486.0861 +  369.0437   ~0JWkC51
f4586K09U18V  S2010 01 23.49525 14 19 54.47 +01 44 16.5                L~0JWkC51
f4586K09U18V  s2010 01 23.49525 1 - 5946.5535 - 3501.0413 +  385.8633   ~0JWkC51
f4586K09U18V  S2010 01 23.62755 14 20 23.72 +01 42 34.7                L~0JWkC51
f4586K09U18V  s2010 01 23.62755 1 - 5936.5898 - 3515.8902 +  403.0517   ~0JWkC51
f4586K09U18V  S2010 01 23.62768 14 20 23.76 +01 42 35.5                L~0JWkC51
f4586K09U18V  s2010 01 23.62768 1 - 5945.9983 - 3508.7142 +  320.3442   ~0JWkC51
f4586K09U18V  S2010 01 23.75998 14 20 52.98 +01 40 54.2                L~0JWkC51
f4586K09U18V  s2010 01 23.75998 1 - 5936.1885 - 3523.5495 +  335.3304   ~0JWkC51
f4586K09U18V  S2010 01 23.89229 14 21 22.14 +01 39 12.9                L~0JWkC51
f4586K09U18V  s2010 01 23.89229 1 - 5926.5154 - 3538.2454 +  350.5831   ~0JWkC51
f4586K09U18V  C2010 01 24.07253 14 22 01.99 +01 36 46.2          18.2  u~0JWkC20
f4586K09U18V  C2010 01 24.07400 14 22 02.29 +01 36 45.4          18.5  u~0JWkC20
f4586K09U18V  C2010 01 24.14649 14 22 18.29 +01 35 50.3          18.5 Co~0DXgB33
f4586K09U18V  C2010 01 24.14904 14 22 18.83 +01 35 48.4          18.8 Co~0DXgB33
f4586K09U18V  C2010 01 25.43418 14 26 58.56 +01 19 45.4          18.7 Ru~0DXgH45
f4586K09U18V  C2010 01 25.43528 14 26 58.80 +01 19 44.4          18.8 Ru~0DXgH45
f4586K09U18V  C2010 01 25.43657 14 26 59.06 +01 19 43.5          18.8 Ru~0DXgH45
f4586K09U18V  C2010 01 25.43737 14 26 59.23 +01 19 43.1          18.8 Ru~0DXgH45
f4586K09U18V  C2010 01 25.43957 14 26 59.68 +01 19 41.6          18.6 Ru~0DXgH45
f4586K09U18V  C2010 01 31.42628314 47 37.32 +00 09 38.0          18.3 Vo~0DjSH21
f4586K09U18V  C2010 01 31.43068714 47 38.19 +00 09 34.8          18.5 Vo~0DjSH21
f4586K09U18V  C2010 01 31.43445014 47 38.92 +00 09 32.1          18.4 Vo~0DjSH21
f4586K09U18V  C2010 01 31.43833714 47 39.68 +00 09 29.7          18.4 Vo~0DjSH21
f4586K09U18V  C2010 01 31.44215514 47 40.43 +00 09 26.9          18.2 Vo~0DjSH21
f4586K09U18V  C2010 02 03.11231 14 56 16.85 -00 19 09.5          18.5  u~0JWkC20
f4586K09U18V  C2010 02 03.11378 14 56 17.10 -00 19 10.7          18.7  u~0JWkC20
f4586K09U18V  C2010 02 07.49753815 09 36.28 -01 02 29.8          19.0 Vo~0DwIH21
f4586K09U18V  C2010 02 07.49975615 09 36.69 -01 02 31.3          18.7 Vo~0DwIH21
f4586K09U18V  C2010 02 07.50109615 09 36.89 -01 02 32.3          18.2 Vo~0DwIH21
f4586K09U18V  C2010 02 08.09538 15 11 20.63 -01 08 04.2          19.2  u~0JWkC20
f4586K09U18V  C2010 02 08.09686 15 11 20.89 -01 08 05.2          19.2  u~0JWkC20
f4586K09U18V  C2010 02 14.19713 15 27 57.34 -02 00 14.8          18.5 Vr~0DwIJ75
f4586K09U18V  C2010 02 14.21031 15 27 59.30 -02 00 21.1          18.2 Vr~0DwIJ75
f4586K09U18V  C2010 02 14.22351 15 28 01.25 -02 00 27.4          18.0 Vr~0DwIJ75
f4586K09U18V  C2010 02 15.44704 15 31 06.19 -02 09 55.5          18.6 Ru~0DwIH45
f4586K09U18V  C2010 02 15.44983 15 31 06.65 -02 09 57.3          18.7 Ru~0DwIH45
f4586K09U18V  C2010 02 15.45058 15 31 06.72 -02 09 57.5          18.7 Ru~0DwIH45
f4586K09U18V  C2010 02 15.45241 15 31 06.98 -02 09 58.0          18.5 Ru~0DwIH45
f4586K09U18V  C2010 02 15.45561 15 31 07.45 -02 09 59.4          18.6 Ru~0DwIH45
f4586K09U18V  C2010 02 15.46902 15 31 09.62 -02 10 05.0          18.2 Vr~0DwI703
f4586K09U18V  C2010 02 15.47831 15 31 10.99 -02 10 10.0          18.1 Vr~0DwI703
f4586K09U18V  C2010 02 15.48763 15 31 12.32 -02 10 14.0          18.0 Vr~0DwI703
f4586K09U18V  C2010 02 15.49699 15 31 13.65 -02 10 18.3          18.0 Vr~0DwI703
f4586K09U18V  C2010 02 16.61673215 33 58.297-02 18 39.67         18.10yL~0K92F51
f4586K09U18V  C2010 02 16.62507015 33 59.466-02 18 43.39         18.18yL~0K92F51
f4586K09U18V  C2010 02 18.48995015 38 23.84 -02 32 12.4          19.3 Vo~0DwIH21
f4586K09U18V  C2010 02 18.49481215 38 24.38 -02 32 14.1          18.0 Vo~0DwIH21
f4586K09U18V  C2010 02 19.45610 15 40 36.51 -02 38 54.1          18.0 Ru~0DwIH45
f4586K09U18V  C2010 02 19.45727 15 40 36.66 -02 38 54.3          18.0 Ru~0DwIH45
f4586K09U18V  C2010 02 19.45884 15 40 36.86 -02 38 54.8          18.0 Ru~0DwIH45
f4586K09U18V  C2010 02 19.46005 15 40 37.00 -02 38 55.5          17.8 Ru~0DwIH45
f4586K09U18V  C2010 02 19.46128 15 40 37.17 -02 38 56.1          17.8 Ru~0DwIH45
f4586K09U18V  C2010 02 21.42539 15 44 56.98 -02 51 58.7          18.0  c~0DwI704
f4586K09U18V  C2010 02 21.43746 15 44 58.51 -02 52 02.8          17.9  c~0DwI704
f4586K09U18V  C2010 02 21.44955 15 45 00.04 -02 52 08.6          18.1  c~0DwI704
f4586K09U18V  C2010 02 21.46190 15 45 01.55 -02 52 13.2          18.2  c~0DwI704
f4586K09U18V  C2010 02 24.08587 15 50 27.27 -03 08 36.9          18.2  u~0JWkC20
f4586K09U18V  C2010 02 24.08736 15 50 27.43 -03 08 37.5          18.5  u~0JWkC20
f4586K09U18V  C2010 02 26.03808 15 54 14.69 -03 20 01.7          18.4  u~0JWkC20
f4586K09U18V  C2010 02 26.03956 15 54 14.86 -03 20 02.3          18.6  u~0JWkC20
f4586K09U18V  C2010 03 02.03370 16 01 18.93 -03 41 33.1          18.1  u~0JWkC20
f4586K09U18V  C2010 03 04.47307916 05 10.38 -03 53 31.8          17.4 Vo~0EmIH21
f4586K09U18V  C2010 03 04.47643216 05 10.64 -03 53 32.8                o~0EmIH21
f4586K09U18V  C2010 03 04.47980216 05 10.94 -03 53 33.9          18.1 Vo~0EmIH21
f4586K09U18V  C2010 03 07.42610 16 09 22.98 -04 07 01.3          18.4 Vo~0EmIH21
f4586K09U18V  C2010 03 07.42735 16 09 23.08 -04 07 01.6          18.2 Vo~0EmIH21
f4586K09U18V  C2010 03 07.43058 16 09 23.31 -04 07 02.4          18.2 Vo~0EmIH21
f4586K09U18V  C2010 03 07.43191 16 09 23.42 -04 07 02.8          18.2 Vo~0EmIH21
f4586K09U18V KC2010 03 10.14615 16 12 47.72 -04 18 33.9          17.4 Rr~0EmI113
f4586K09U18V KC2010 03 10.14791 16 12 47.87 -04 18 34.4          17.4 Rr~0EmI113
f4586K09U18V KC2010 03 10.14948 16 12 47.98 -04 18 34.6          17.4 Rr~0EmI113
f4586K09U18V KC2010 03 18.08249 16 20 10.34 -04 48 15.7          17.4 Vr~0F69B09
f4586K09U18V KC2010 03 18.08568 16 20 10.48 -04 48 16.2          17.4 Vr~0F69B09
f4586K09U18V KC2010 03 18.08887 16 20 10.61 -04 48 16.8          17.2 Vr~0F69B09
f4586K09U18V  C2010 03 19.40295316 21 01.15 -04 52 46.8          18.1 Vo~0FSWH21
f4586K09U18V  C2010 03 19.41182316 21 01.44 -04 52 48.6          18.1 Vo~0FSWH21
f4586K09U18V  C2010 03 19.41698616 21 01.61 -04 52 49.7          18.1 Vo~0FSWH21
f4586K09U18V KC2010 03 21.16501 16 21 59.20 -04 58 40.2          17.6 Ro~0FSW954
f4586K09U18V KC2010 03 21.17804 16 21 59.52 -04 58 42.7          17.6 Ro~0FSW954
f4586K09U18V KC2010 03 21.19107 16 21 59.84 -04 58 45.3          17.6 Ro~0FSW954
f4586K09U18V  C2010 03 24.04587 16 23 08.71 -05 08 10.5          17.9  u~0JWkC20
f4586K09U18V  C2010 03 24.04734 16 23 08.73 -05 08 10.9          18.0  u~0JWkC20
f4586K09U18V  C2010 03 24.89527 16 23 23.94 -05 10 55.2          17.8  u~0JWkC20
f4586K09U18V  C2010 03 24.89674 16 23 23.96 -05 10 55.4          17.9  u~0JWkC20
f4586K09U18V 1C2010 03 25.02328 16 23 25.58 -05 11 22.7          17.1  u~0JWk084
f4586K09U18V 1C2010 03 25.02619 16 23 25.58 -05 11 23.7          18.8  u~0JWk084
f4586K09U18V  C2010 03 26.30730 16 23 42.40 -05 15 30.1          16.9 Ro~0FnWH26
f4586K09U18V  C2010 03 26.30892 16 23 42.42 -05 15 30.0          17.0 Ro~0FnWH26
f4586K09U18V  C2010 03 26.31058 16 23 42.43 -05 15 30.2          16.7 Ro~0FnWH26
f4586K09U18V  C2010 03 27.37928 16 23 51.49 -05 18 53.7          17.6 Ru~0FnWH45
f4586K09U18V  C2010 03 27.38082 16 23 51.49 -05 18 53.9          17.6 Ru~0FnWH45
f4586K09U18V  C2010 03 27.38870 16 23 51.54 -05 18 55.6          17.7 Ru~0FnWH45
f4586K09U18V  C2010 03 27.91048 16 23 54.88 -05 20 37.4          17.6  u~0JWkC20
f4586K09U18V  C2010 03 27.91195 16 23 54.87 -05 20 37.6          17.9  u~0JWkC20
f4586K09U18V  C2010 03 29.07066 16 23 57.40 -05 24 20.8          17.7  u~0JWkC20
f4586K09U18V  C2010 03 29.07213 16 23 57.40 -05 24 20.9          17.7  u~0JWkC20
f4586K09U18V  C2010 03 29.33383 16 23 57.97 -05 25 09.7          17.7 Ru~0FnWH45
f4586K09U18V  C2010 03 29.33714 16 23 57.96 -05 25 10.1          17.8 Ru~0FnWH45
f4586K09U18V  C2010 03 29.33940 16 23 57.93 -05 25 11.0          17.7 Ru~0FnWH45
f4586K09U18V  C2010 03 29.34214 16 23 57.91 -05 25 11.4          17.6 Ru~0FnWH45
f4586K09U18V  C2010 03 29.34602 16 23 57.86 -05 25 12.4          17.6 Ru~0FnWH45
f4586K09U18V  C2010 03 30.40283216 23 55.18 -05 28 36.5          17.7 Vo~0FnWH21
f4586K09U18V  C2010 03 30.41410116 23 55.07 -05 28 38.7          17.8 Vo~0FnWH21
f4586K09U18V  C2010 03 30.42827916 23 54.91 -05 28 41.6          18.0 Vo~0FnWH21
f4586K09U18V KC2010 03 31.29294 16 23 50.23 -05 31 12.6          17.4 Cr~0FnWI20
f4586K09U18V KC2010 03 31.30534 16 23 50.07 -05 31 14.9          17.8 Cr~0FnWI20
f4586K09U18V KC2010 03 31.31411 16 23 49.97 -05 31 16.8          17.5 Cr~0FnWI20
f4586K09U18V  C2010 04 05.03834 16 22 35.61 -05 46 59.3          18.0  u~0JWkC20
f4586K09U18V  C2010 04 05.04159 16 22 35.52 -05 46 59.9          17.7  u~0JWkC20
f4586K09U18V  C2010 04 06.39181716 22 00.23 -05 51 30.6          17.9 Vo~0FnWH21
f4586K09U18V  C2010 04 06.39414916 22 00.14 -05 51 31.1          18.1 Vo~0FnWH21
f4586K09U18V  C2010 04 06.39894416 21 59.98 -05 51 32.0          18.0 Vo~0FnWH21
f4586K09U18V  C2010 04 06.40133916 21 59.90 -05 51 32.4          18.0 Vo~0FnWH21
f4586K09U18V  C2010 04 06.97583 16 21 43.24 -05 53 29.9          17.6  u~0JWkC20
f4586K09U18V  C2010 04 06.97730 16 21 43.19 -05 53 30.1          17.5  u~0JWkC20
f4586K09U18V |C2010 04 07.42554 16 21 29.02 -05 54 58.8                c~0FnWH06
f4586K09U18V |C2010 04 07.43798 16 21 28.63 -05 55 02.4                c~0FnWH06
f4586K09U18V |C2010 04 07.44113 16 21 28.53 -05 55 03.0          17.1  c~0FnWH06
f4586K09U18V |C2010 04 08.29373 16 21 00.73 -05 57 58.2          17.5 Cc~0FnWH06
f4586K09U18V |C2010 04 08.29937 16 21 00.52 -05 57 59.5          17.5 Cc~0FnWH06
f4586K09U18V  C2010 04 08.46085 16 20 54.20 -05 58 32.8          17.1 Vr~0FnW703
f4586K09U18V  C2010 04 08.46660 16 20 53.98 -05 58 34.4          17.0 Vr~0FnW703
f4586K09U18V  C2010 04 08.47237 16 20 53.73 -05 58 35.5          16.8 Vr~0FnW703
f4586K09U18V  C2010 04 08.47822 16 20 53.52 -05 58 36.6          16.9 Vr~0FnW703
f4586K09U18V  C2010 04 09.42935 16 20 18.50 -06 01 56.5          17.2 Ru~0FnWH45
f4586K09U18V  C2010 04 09.43045 16 20 18.44 -06 01 56.6          17.1 Ru~0FnWH45
f4586K09U18V  C2010 04 09.43164 16 20 18.42 -06 01 56.9          17.0 Ru~0FnWH45
f4586K09U18V  C2010 04 09.43296 16 20 18.34 -06 01 57.4          17.2 Ru~0FnWH45
f4586K09U18V  C2010 04 09.43389 16 20 18.30 -06 01 57.5          17.1 Ru~0FnWH45
f4586K09U18V  C2010 04 11.03744 16 19 12.89 -06 07 40.0          18.0  u~0JWkC20
f4586K09U18V 1C2010 04 13.02990 16 17 40.80 -06 14 58.0          17.9  u~0JWk084
f4586K09U18V 1C2010 04 13.03280 16 17 40.65 -06 14 59.1          17.9  u~0JWk084
f4586K09U18V  C2010 04 13.29876 16 17 27.80 -06 15 54.9          16.8 Ru~0GD5H45
f4586K09U18V  C2010 04 13.30046 16 17 27.69 -06 15 55.3          16.9 Ru~0GD5H45
f4586K09U18V  C2010 04 13.30190 16 17 27.61 -06 15 55.6          16.8 Ru~0GD5H45
f4586K09U18V  C2010 04 13.31241 16 17 27.06 -06 15 58.0          16.8 Ru~0GD5H45
f4586K09U18V  C2010 04 13.31384 16 17 26.99 -06 15 58.3          16.9 Ru~0GD5H45
f4586K09U18V 1C2010 04 15.02212 16 15 57.22 -06 22 29.7          17.6  u~0JWk084
f4586K09U18V  C2010 04 15.38891 16 15 36.82 -06 23 51.7          17.6 Vo~0GWgH21
f4586K09U18V  C2010 04 15.39264 16 15 36.61 -06 23 52.5          17.5 Vo~0GWgH21
f4586K09U18V  C2010 04 15.39526 16 15 36.45 -06 23 53.1          17.4 Vo~0GWgH21
f4586K09U18V  C2010 04 15.39790 16 15 36.29 -06 23 53.8          17.5 Vo~0GWgH21
f4586K09U18V  C2010 04 15.40055 16 15 36.13 -06 23 54.5          17.5 Vo~0GWgH21
f4586K09U18V  C2010 04 15.98189 16 15 03.52 -06 26 10.7          17.6  u~0JWkC20
f4586K09U18V  C2010 04 15.98336 16 15 03.45 -06 26 10.9          17.5  u~0JWkC20
f4586K09U18V  C2010 04 16.99299 16 14 04.32 -06 30 09.7          17.6  u~0JWkC20
f4586K09U18V  C2010 04 16.99446 16 14 04.22 -06 30 10.1          17.6  u~0JWkC20
f4586K09U18V  C2010 04 17.32008 16 13 44.82 -06 31 27.7          18.4 Ro~0GWgH26
f4586K09U18V  C2010 04 17.32097 16 13 44.72 -06 31 28.0          18.5 Ro~0GWgH26
f4586K09U18V  C2010 04 17.32184 16 13 44.69 -06 31 28.2          18.3 Ro~0GWgH26
f4586K09U18V  C2010 04 17.32270 16 13 44.64 -06 31 28.4          18.4 Ro~0GWgH26
f4586K09U18V  C2010 04 17.32354 16 13 44.59 -06 31 28.9          18.3 Ro~0GWgH26
f4586K09U18V 1C2010 04 18.93478 16 12 04.09 -06 38 03.9          18.0  u~0JWk084
f4586K09U18V 1C2010 04 18.93767 16 12 03.83 -06 38 04.2          17.8  u~0JWk084
f4586K09U18V KC2010 04 19.94959 16 10 57.93 -06 42 15.5          17.4 Vu~0GWgA13
f4586K09U18V KC2010 04 19.96748 16 10 56.70 -06 42 20.1          17.6 Vu~0GWgA13
f4586K09U18V  C2010 04 19.99111 16 10 54.68 -06 42 25.9          17.5  u~0JWkC20
f4586K09U18V  C2010 04 19.99258 16 10 54.58 -06 42 26.2          17.4  u~0JWkC20
f4586K09U18V  C2010 04 21.98148 16 08 38.31 -06 50 57.4          17.6  u~0JWkC20
f4586K09U18V  C2010 04 21.98295 16 08 38.22 -06 50 57.6          17.5  u~0JWkC20
f4586K09U18V 1C2010 04 25.95710 16 03 45.64 -07 08 56.7          18.5  u~0JWk084
f4586K09U18V 1C2010 04 25.96000 16 03 45.32 -07 08 56.6          17.4  u~0JWk084
f4586K09U18V 1C2010 04 26.99301 16 02 25.52 -07 13 49.4          18.5  u~0JWk084
f4586K09U18V KC2010 04 28.33370216 00 40.19 -07 20 13.2          16.8 Vo~0GtfH21
f4586K09U18V KC2010 04 28.33826616 00 39.81 -07 20 14.1          17.3 Vo~0GtfH21
f4586K09U18V KC2010 04 28.34282916 00 39.40 -07 20 15.2          17.0 Vo~0GtfH21
f4586K09U18V KC2010 04 28.34735816 00 39.04 -07 20 16.1          17.0 Vo~0GtfH21
f4586K09U18V  C2010 04 28.96924 15 59 49.62 -07 23 19.1          17.5  u~0JWkC20
f4586K09U18V  C2010 04 28.97071 15 59 49.52 -07 23 19.5          17.4  u~0JWkC20
f4586K09U18V 1C2010 05 01.96895 15 55 47.01 -07 38 22.2          17.5  u~0JWk084
f4586K09U18V 1C2010 05 01.97184 15 55 46.76 -07 38 23.3          17.1  u~0JWk084
f4586K09U18V  C2010 05 04.40537 15 52 26.50 -07 51 00.2          16.4 Vr~0Gtf703
f4586K09U18V  C2010 05 04.41146 15 52 25.82 -07 51 00.3          16.3 Vr~0Gtf703
f4586K09U18V  C2010 05 04.41759 15 52 25.28 -07 51 02.4          16.8 Vr~0Gtf703
f4586K09U18V  C2010 05 04.42365 15 52 24.74 -07 51 04.3          15.2 Vr~0Gtf703
f4586K09U18V  C2010 05 06.20884 15 49 57.90 -08 00 37.5          17.7 Ro~0GtfH26
f4586K09U18V  C2010 05 06.20970 15 49 57.82 -08 00 38.4          17.9 Ro~0GtfH26
f4586K09U18V  C2010 05 06.21056 15 49 57.74 -08 00 38.5          17.7 Ro~0GtfH26
f4586K09U18V  C2010 05 06.21229 15 49 57.64 -08 00 39.0          17.7 Ro~0GtfH26
f4586K09U18V  C2010 05 06.21315 15 49 57.52 -08 00 39.6          17.9 Ro~0GtfH26
f4586K09U18V  C2010 05 06.21402 15 49 57.50 -08 00 39.7          17.8 Ro~0GtfH26
f4586K09U18V  C2010 05 06.21488 15 49 57.39 -08 00 40.1          17.8 Ro~0GtfH26
f4586K09U18V  C2010 05 06.21575 15 49 57.33 -08 00 40.2          17.7 Ro~0GtfH26
f4586K09U18V  C2010 05 08.33383 15 47 02.38 -08 12 15.0          17.5 Ru~0HI4H45
f4586K09U18V  C2010 05 08.34105 15 47 01.77 -08 12 17.4          17.5 Ru~0HI4H45
f4586K09U18V  C2010 05 08.34230 15 47 01.66 -08 12 17.6          17.4 Ru~0HI4H45
f4586K09U18V  C2010 05 08.34397 15 47 01.51 -08 12 18.3          17.4 Ru~0HI4H45
f4586K09U18V  C2010 05 08.34517 15 47 01.42 -08 12 18.8          17.4 Ru~0HI4H45
f4586K09U18V  C2010 05 08.98208 15 46 09.84 -08 15 49.0          16.8 Ro~0HI4954
f4586K09U18V  C2010 05 08.99295 15 46 08.93 -08 15 53.5          17.3 Ro~0HI4954
f4586K09U18V  C2010 05 09.00438 15 46 07.89 -08 15 56.7          16.9 Ro~0HI4954
f4586K09U18V  C2010 05 10.48969115 44 06.590-08 24 17.92         16.86iL~0K92F51
f4586K09U18V  C2010 05 10.50064115 44 05.675-08 24 21.60         17.10iL~0K92F51
f4586K09U18V  C2010 05 12.38531 15 41 34.38 -08 35 11.1          17.3 Rc~0PMs926
f4586K09U18V  C2010 05 12.39998 15 41 33.17 -08 35 16.5          17.1 Rc~0PMs926
f4586K09U18V  C2010 05 12.41612 15 41 31.84 -08 35 22.0          17.0 Rc~0PMs926
f4586K09U18V  C2010 05 14.29749 15 39 04.50 -08 46 21.2          17.0  c~0HYS704
f4586K09U18V  C2010 05 14.30738 15 39 03.71 -08 46 24.9          17.2  c~0HYS704
f4586K09U18V  C2010 05 14.31839 15 39 02.80 -08 46 28.8          17.2  c~0HYS704
f4586K09U18V  C2010 05 14.32851 15 39 01.96 -08 46 32.0          17.1  c~0HYS704
f4586K09U18V  C2010 05 14.33840 15 39 01.17 -08 46 35.4          17.1  c~0HYS704
f4586K09U18V  C2010 05 14.38189 15 38 57.62 -08 46 51.6          16.9 Vr~0HI4G96
f4586K09U18V  C2010 05 14.38780 15 38 57.15 -08 46 53.6          16.9 Vr~0HI4G96
f4586K09U18V  C2010 05 14.39378 15 38 56.65 -08 46 55.7          16.9 Vr~0HI4G96
f4586K09U18V  C2010 05 14.39980 15 38 56.18 -08 46 57.9          17.0 Vr~0HI4G96
f4586K09U18V 1C2010 05 16.96448 15 35 41.77 -09 02 18.4          18.2  u~0JWk084
f4586K09U18V  C2010 05 19.35373715 32 48.977-09 16 47.38         17.11iL~0K92F51
f4586K09U18V  C2010 05 19.36639915 32 48.030-09 16 52.28         17.20iL~0K92F51
f4586K09U18V  C2010 05 22.29243 15 29 28.01 -09 35 04.5          17.3 Ru~0HrPH45
f4586K09U18V  C2010 05 22.29385 15 29 27.90 -09 35 04.9          17.6 Ru~0HrPH45
f4586K09U18V  C2010 05 22.29547 15 29 27.80 -09 35 05.9          17.5 Ru~0HrPH45
f4586K09U18V  C2010 05 22.29657 15 29 27.70 -09 35 06.3          17.7 Ru~0HrPH45
f4586K09U18V  C2010 05 22.29764 15 29 27.65 -09 35 06.4          17.6 Ru~0HrPH45
f4586K09U18V KC2010 05 23.27536 15 28 24.33 -09 41 16.1          17.8 Vo~0HrPH21
f4586K09U18V KC2010 05 23.28003 15 28 24.02 -09 41 18.0          17.7 Vo~0HrPH21
f4586K09U18V KC2010 05 23.28526 15 28 23.68 -09 41 19.7          17.8 Vo~0HrPH21
f4586K09U18V KC2010 05 23.29057 15 28 23.31 -09 41 21.7          17.9 Vo~0HrPH21
f4586K09U18V  C2010 05 28.22873815 23 31.34 -10 12 55.9          18.2 Vo~0QnkH21
f4586K09U18V  C2010 05 28.23219315 23 31.14 -10 12 56.9          17.8 Vo~0QnkH21
f4586K09U18V  C2010 05 28.23592715 23 30.93 -10 12 58.5          17.6 Vo~0QnkH21
f4586K09U18V KC2010 05 29.24544715 22 37.23 -10 19 30.6          17.8 Vo~0I1YH21
f4586K09U18V KC2010 05 29.24824415 22 37.10 -10 19 31.8          17.4 Vo~0I1YH21
f4586K09U18V KC2010 05 29.25964315 22 36.40 -10 19 36.4          17.8 Vo~0I1YH21
f4586K09U18V  C2010 05 31.28354 15 20 55.06 -10 32 47.0          17.8 Vr~0I1Y703
f4586K09U18V  C2010 05 31.29031 15 20 54.74 -10 32 50.1          17.7 Vr~0I1Y703
f4586K09U18V  C2010 05 31.29725 15 20 54.34 -10 32 52.9          17.7 Vr~0I1Y703
f4586K09U18V  C2010 05 31.30417 15 20 53.98 -10 32 55.5          17.7 Vr~0I1Y703
f4586K09U18V  C2010 06 06.26738 15 16 45.83 -11 12 18.7          18.7  c~0IQn704
f4586K09U18V  C2010 06 06.27841 15 16 45.39 -11 12 22.5          19.2  c~0IQn704
f4586K09U18V  C2010 06 06.28950 15 16 44.82 -11 12 27.3          19.1  c~0IQn704
f4586K09U18V  C2010 06 06.30040 15 16 44.51 -11 12 31.9          18.7  c~0IQn704
f4586K09U18V  C2010 06 06.31122 15 16 44.11 -11 12 37.0          18.8  c~0IQo704
f4586K09U18V  C2010 06 13.21525 15 13 32.20 -11 58 59.9          17.6  c~0IjE704
f4586K09U18V  C2010 06 13.22584 15 13 31.95 -11 59 04.3          18.5  c~0IjE704
f4586K09U18V  C2010 06 13.23635 15 13 31.75 -11 59 08.9          18.5  c~0IjE704
f4586K09U18V  C2010 06 13.24688 15 13 31.42 -11 59 13.0          19.1  c~0IjE704
f4586K09U18V  C2010 06 13.25741 15 13 31.21 -11 59 17.7          18.4  c~0IjE704
f4586K09U18V  C2010 06 15.16569 15 12 56.39 -12 12 14.5          18.6  c~0IjE704
f4586K09U18V  C2010 06 15.17688 15 12 56.08 -12 12 18.7          18.8  c~0IjE704
f4586K09U18V  C2010 06 15.18778 15 12 55.88 -12 12 22.9          19.1  c~0IjE704
f4586K09U18V  C2010 06 15.19871 15 12 55.77 -12 12 27.3          18.8  c~0IjE704
f4586K09U18V  C2010 06 15.20996 15 12 55.55 -12 12 34.2          19.3  c~0IjE704
f4586K09U18V  C2010 06 19.23755 15 12 06.04 -12 39 58.2          18.4 Vr~0JAb703
f4586K09U18V  C2010 06 19.24561 15 12 05.94 -12 40 01.7          18.4 Vr~0JAb703
f4586K09U18V  C2010 06 19.25365 15 12 05.90 -12 40 04.6          18.4 Vr~0JAb703
f4586K09U18V  C2010 06 19.26169 15 12 05.79 -12 40 07.8          18.7 Vr~0JAb703
f4586K09U18V KC2010 06 28.93520 15 12 14.59 -13 46 11.5          19.1 Ru~0JWkB67
f4586K09U18V KC2010 06 28.94358 15 12 14.64 -13 46 15.8          18.8 Ru~0JWkB67
f4586K09U18V KC2010 06 28.95180 15 12 14.73 -13 46 18.6          19.0 Ru~0JWkB67
f4586K09U18V ^C2014 06 28.44850 01 27 12.40 +00 31 05.0          23.4 Ro~16Mw695
f4586K09U18V ^C2014 06 28.45644 01 27 12.70 +00 31 06.4          23.0 Ro~16Mw695
f4586K09U18V ^C2014 06 28.46453 01 27 13.02 +00 31 07.2          22.9 Ro~16Mw695
f4586K09U18V KC2014 10 12.19428 01 15 02.85 -04 07 52.6          20.6 Ro~1AYw291
f4586K09U18V KC2014 10 12.19903 01 15 02.58 -04 07 54.0          20.5 Ro~1AYw291
f4586K09U18V KC2014 10 12.20378 01 15 02.30 -04 07 55.5          20.5 Ro~1AYw291
f4586K09U18V HC2014 10 19.33331 01 08 22.19 -04 44 32.3          21.1 Ro~1AyS291
f4586K09U18V HC2014 10 19.34654 01 08 21.44 -04 44 36.1          21.4 Ro~1AyS291
f4586K09U18V HC2014 10 19.36187 01 08 20.55 -04 44 40.5                o~1AyS291
