     K09Y06V* C2009 12 20.38323 05 22 15.38 +25 42 55.8          20.9 Vr~0Ch7G96
     K09Y06V  C2009 12 20.38958 05 22 14.52 +25 42 48.1          20.4 Vr~0Ch7G96
     K09Y06V  C2009 12 20.39586 05 22 13.62 +25 42 40.3          20.5 Vr~0Ch7G96
     K09Y06V  C2009 12 20.40223 05 22 12.79 +25 42 33.0          21.6 Vr~0Ch7G96
     K09Y06V  C2009 12 20.44102 05 22 07.56 +25 41 47.0          21.2 Vr~0Ch7G96
     K09Y06V  C2009 12 20.44175 05 22 07.50 +25 41 45.9          21.4 Vr~0Ch7G96
     K09Y06V  C2009 12 20.44248 05 22 07.44 +25 41 44.8          21.2 Vr~0Ch7G96
     K09Y06V  C2009 12 20.47346 05 22 03.23 +25 41 07.1          21.5 Vr~0Ch7G96
     K09Y06V  C2009 12 20.47463 05 22 03.08 +25 41 06.2          20.7 Vr~0Ch7G96
     K09Y06V IC2009 12 20.95114 05 21 01.95 +25 31 44.3                r~0Ch7J95
     K09Y06V KC2009 12 20.97449 05 20 58.72 +25 31 18.0          21.1 Rr~0Ch7J95
     K09Y06V  C2009 12 25.20234 05 11 58.40 +24 06 01.8                o~0Ch7291
     K09Y06V HC2009 12 25.20638 05 11 57.80 +24 05 56.7                o~0Ch7291
     K09Y06V  C2010 01 04.25451 04 53 09.09 +20 35 57.3          21.4 Vo~0Ctj291
     K09Y06V  C2010 01 04.25872 04 53 08.64 +20 35 52.1          21.5 Vo~0Ctj291
     K09Y06V  C2010 01 04.26287 04 53 08.21 +20 35 46.9          21.6 Vo~0Ctj291
     K09Y06V  C2010 01 05.17025 04 51 42.30 +20 17 06.9                o~0Ctj291
     K09Y06V HC2010 01 05.17440 04 51 41.80 +20 17 02.2                o~0Ctj291
     K09Y06V HC2010 01 05.17845 04 51 41.52 +20 16 56.6                o~0Ctj291
     K09Y06V  C2010 01 10.33688 04 44 28.05 +18 34 00.7          21.8 Vo~0D6D291
     K09Y06V  C2010 01 10.34468 04 44 27.45 +18 33 51.5                o~0D6D291
     K09Y06V  C2010 02 10.18448 04 38 07.92 +11 29 32.3          22.3 Vo~0DxN291
     K09Y06V HC2010 02 10.19323 04 38 08.28 +11 29 28.0                o~0DxN291
     K09Y06V HC2010 02 10.20214 04 38 08.53 +11 29 23.9                o~0DxN291
     K09Y06V KC2012 07 16.34369722 40 01.57 +16 28 44.2          22.3 Vu~0hneH21
     K09Y06V KC2012 07 16.36011122 40 00.64 +16 29 02.8          22.1 Vu~0hneH21
     K09Y06V KC2012 07 16.37716922 39 59.66 +16 29 21.7          22.1 Vu~0hneH21
     K09Y06V KC2012 07 17.35389022 39 06.70 +16 47 26.5          22.3 Vo~0hneH21
     K09Y06V KC2012 07 17.36787422 39 05.83 +16 47 41.7          22.1 Vo~0hneH21
     K09Y06V KC2012 07 17.38241622 39 04.95 +16 47 57.8          22.0 Vo~0hneH21
     K09Y06V KC2012 07 18.32759522 38 10.82 +17 05 00.1          22.2 Vu~0hneH21
     K09Y06V KC2012 07 18.34427622 38 09.78 +17 05 18.6          22.1 Vu~0hneH21
     K09Y06V KC2012 07 18.36116922 38 08.66 +17 05 36.5          21.9 Vu~0hneH21
     K09Y06V KC2012 09 09.19143621 17 00.92 +17 34 28.7          22.3 Vu~0iZcH21
     K09Y06V KC2012 09 09.19709621 17 00.57 +17 34 24.1          23.0 Vu~0iZcH21
     K09Y06V KC2012 09 09.20149621 17 00.27 +17 34 20.5          22.4 Vu~0iZcH21
     K09Y06V KC2012 09 09.22051421 16 59.13 +17 34 04.6                u~0iZcH21
     K09Y06V KC2012 09 12.05625521 14 30.81 +16 54 52.9          22.1 Vu~0iZcH21
     K09Y06V KC2012 09 12.07322521 14 29.91 +16 54 39.1          22.3 Vu~0iZcH21
     K09Y06V KC2012 09 12.08764221 14 29.20 +16 54 27.3                u~0iZcH21
     K09Y06V KC2014 10 30.19065101 19 06.08 +35 04 41.4          22.8 Vu~1BRJH21
     K09Y06V KC2014 10 30.21352701 19 03.83 +35 04 18.6          22.6 Vu~1BRJH21
     K09Y06V KC2014 10 30.23134201 19 02.03 +35 03 59.8          22.6 Vu~1BRJH21
