Z6100K09E27D  C2004 02 17.29978008 32 59.481+24 40 21.08         21.39Ve~0YXI645
Z6100K09E27D  C2004 02 17.30325208 32 59.315+24 40 21.03         22.29 e~0YXI645
Z6100K09E27D  C2007 11 02.35785 04 44 29.72 +29 30 43.6          20.3 Vo~0YXI691
Z6100K09E27D  C2007 11 02.37552 04 44 29.10 +29 30 46.0          20.3 Vo~0YXI691
Z6100K09E27D  C2007 11 02.39363 04 44 28.47 +29 30 48.4          20.3 Vo~0YXI691
Z6100K09E27D* C2009 03 15.26893 12 20 47.08 -02 44 40.4          21.0 Vo~071t691
Z6100K09E27D  C2009 03 15.28704 12 20 46.23 -02 44 36.5          20.9 Vo~071t691
Z6100K09E27D  C2009 03 15.30538 12 20 45.19 -02 44 31.7          20.9 Vo~071t691
Z6100K09E27D  C2009 03 18.32710 12 18 08.71 -02 32 54.1          20.9 Vr~071tG96
Z6100K09E27D  C2009 03 18.33041 12 18 08.49 -02 32 53.4          21.4 Vr~071tG96
Z6100K09E27D  C2009 03 18.33372 12 18 08.31 -02 32 52.6          21.2 Vr~071tG96
Z6100K09E27D  C2009 03 18.33702 12 18 08.13 -02 32 51.7          21.1 Vr~071tG96
Z6100K09E27D  C2009 03 19.34351 12 17 15.28 -02 28 54.1          21.1 Vr~071tG96
Z6100K09E27D  C2009 03 19.35116 12 17 14.92 -02 28 52.6          20.9 Vr~071tG96
Z6100K09E27D  C2009 03 19.35880 12 17 14.49 -02 28 51.0          21.3 Vr~071tG96
Z6100K09E27D  C2009 03 19.36638 12 17 14.10 -02 28 49.1          21.8 Vr~071tG96
Z6100K09E27D  C2009 04 03.26318 12 04 15.92 -01 29 21.2          20.8 Vr~0790G96
Z6100K09E27D  C2009 04 03.27169 12 04 15.52 -01 29 19.4          21.2 Vr~0790G96
Z6100K09E27D  C2009 04 03.28020 12 04 15.02 -01 29 17.4          21.4 Vr~0790G96
Z6100K09E27D  C2009 04 03.28873 12 04 14.66 -01 29 14.5          21.7 Vr~0790G96
Z6100K09E27D  C2011 09 09.30252 00 26 54.35 +02 56 30.2                o~0YXI691
Z6100K09E27D  C2011 09 09.32024 00 26 53.59 +02 56 28.1                o~0YXI691
Z6100K09E27D  C2011 09 09.33796 00 26 52.78 +02 56 26.0                o~0YXI691
Z6100K09E27D  C2011 09 24.37140 00 14 30.84 +02 15 12.7          20.3 Vr~0YXIG96
Z6100K09E27D  C2011 09 24.37749 00 14 30.51 +02 15 11.5          20.3 Vr~0YXIG96
Z6100K09E27D  C2011 09 24.38352 00 14 30.15 +02 15 10.2          20.4 Vr~0YXIG96
Z6100K09E27D  C2011 09 24.38965 00 14 29.83 +02 15 09.3          20.4 Vr~0YXIG96
Z6100K09E27D  C2011 09 26.17060 00 12 54.24 +02 09 25.2          19.6 Ru~0YXIH15
Z6100K09E27D  C2011 09 26.18452 00 12 53.56 +02 09 22.4          19.6 Ru~0YXIH15
Z6100K09E27D  C2011 09 26.19839 00 12 52.74 +02 09 20.1          19.6 Ru~0YXIH15
Z6100K09E27D  C2011 09 26.21240 00 12 51.98 +02 09 17.3          19.5 Ru~0YXIH15
Z6100K09E27D  C2011 09 26.34936 00 12 44.35 +02 08 51.1          19.7 Vr~0YXIG96
Z6100K09E27D  C2011 09 26.35398 00 12 44.10 +02 08 50.1          19.8 Vr~0YXIG96
Z6100K09E27D  C2011 09 26.35868 00 12 43.81 +02 08 49.3          19.8 Vr~0YXIG96
Z6100K09E27D  C2011 09 26.36333 00 12 43.56 +02 08 48.4          19.5 Vr~0YXIG96
Z6100K09E27D  C2011 10 03.27257 00 06 31.96 +01 46 20.4          19.8 Vr~0YvlG96
Z6100K09E27D  C2011 10 03.27609 00 06 31.78 +01 46 19.8          20.0 Vr~0YvlG96
Z6100K09E27D  C2011 10 03.27960 00 06 31.57 +01 46 19.0          20.1 Vr~0YvlG96
Z6100K09E27D  C2011 10 03.28304 00 06 31.39 +01 46 18.6          20.0 Vr~0YvlG96
Z6100K09E27D  C2011 10 03.36780 00 06 26.74 +01 46 02.3          20.2 Vr~0YvlG96
Z6100K09E27D  C2011 10 03.36921 00 06 26.64 +01 46 01.8          20.0 Vr~0YvlG96
Z6100K09E27D  C2011 10 03.37060 00 06 26.56 +01 46 01.7          20.1 Vr~0YvlG96
Z6100K09E27D  C2011 10 03.37201 00 06 26.49 +01 46 01.6          19.9 Vr~0YvlG96
Z6100K09E27D  C2011 10 19.26285 23 53 58.81 +01 02 17.5          20.1 Vr~0Z9DG96
Z6100K09E27D  C2011 10 19.26811 23 53 58.59 +01 02 16.6          20.4 Vr~0Z9DG96
Z6100K09E27D  C2011 10 19.27333 23 53 58.38 +01 02 16.3          19.9 Vr~0Z9DG96
Z6100K09E27D  C2011 10 19.27859 23 53 58.16 +01 02 15.5          20.2 Vr~0Z9DG96
Z6100K09E27D  C2011 10 26.13977 23 50 04.84 +00 50 48.4          20.5 Vr~0ZUOG96
Z6100K09E27D  C2011 10 26.14833 23 50 04.59 +00 50 47.8          20.4 Vr~0ZUOG96
Z6100K09E27D  C2011 10 26.15184 23 50 04.52 +00 50 47.5          20.6 Vr~0ZUOG96
Z6100K09E27D  C2011 10 26.15529 23 50 04.38 +00 50 47.4          20.4 Vr~0ZUOG96
Z6100K09E27D  C2013 01 10.40169 10 02 05.55 +17 47 55.1                o~0nLA691
Z6100K09E27D  C2013 01 10.41936 10 02 04.96 +17 47 58.3                o~0nLA691
Z6100K09E27D  C2013 01 10.43704 10 02 04.45 +17 48 01.1                o~0nLA691
Z6100K09E27D  C2013 02 01.22900 09 45 37.38 +19 00 58.7          20.8 Vo~0oGG691
Z6100K09E27D  C2013 02 01.24675 09 45 36.40 +19 01 02.4          20.7 Vo~0oGG691
Z6100K09E27D  C2013 02 01.26451 09 45 35.37 +19 01 06.1          20.4 Vo~0oGG691
Z6100K09E27D  C2013 02 05.17489 09 41 50.13 +19 14 33.0          20.5 Vo~0oPj691
Z6100K09E27D  C2013 02 05.19012 09 41 49.19 +19 14 34.6          20.4 Vo~0oPj691
Z6100K09E27D  C2013 02 05.20534 09 41 48.26 +19 14 38.0          20.5 Vo~0oPj691
Z6100K09E27D  C2013 02 05.30741 09 41 42.18 +19 14 58.8          20.5 Vr~0oPjG96
Z6100K09E27D  C2013 02 05.30954 09 41 42.00 +19 14 59.0          20.6 Vr~0oPjG96
Z6100K09E27D  C2013 02 05.31168 09 41 41.92 +19 14 59.6          20.3 Vr~0oPjG96
Z6100K09E27D  C2013 02 05.31378 09 41 41.78 +19 14 59.9          20.5 Vr~0oPjG96
Z6100K09E27D  C2013 02 08.17017 09 38 53.81 +19 24 18.4          20.3 Vo~0oPj691
Z6100K09E27D  C2013 02 08.18788 09 38 52.74 +19 24 21.7          20.5 Vo~0oPj691
Z6100K09E27D  C2013 02 08.20561 09 38 51.65 +19 24 25.5          20.4 Vo~0oPj691
