     K09S02H* C2009 09 18.76541 03 13 18.76 -32 57 05.2          18.8 Vr~09MoE12
     K09S02H  C2009 09 18.77182 03 13 19.34 -32 56 43.2          18.9 Vr~09MoE12
     K09S02H  C2009 09 18.77823 03 13 19.88 -32 56 21.1          18.9 Vr~09MoE12
     K09S02H  C2009 09 18.78465 03 13 20.49 -32 55 58.2          18.9 Vr~09MoE12
     K09S02H QC2009 09 18.79396 03 13 21.42 -32 55 24.7          18.6 Rr~09MoE12
     K09S02H  C2009 09 19.29093 03 15 20.63 -32 27 10.0          18.2 Cr~09MoI20
     K09S02H  C2009 09 19.29489 03 15 21.01 -32 26 56.2          18.3 Cr~09MoI20
     K09S02H  C2009 09 19.31646 03 15 23.09 -32 25 40.2          18.5 Cr~09MoI20
     K09S02H  C2009 09 19.33034 03 15 24.44 -32 24 50.9          18.2 Cr~09MoI20
     K09S02H 5C2009 09 19.42330 03 15 52.23 -32 23 50.3          18.7 Ro~09Mo673
     K09S02H 5C2009 09 19.43024 03 15 52.92 -32 23 27.5                o~09Mo673
     K09S02H 5C2009 09 19.44822 03 15 54.82 -32 22 24.4                o~09Mo673
     K09S02H 5C2009 09 19.45486 03 15 55.50 -32 22 00.0                o~09Mo673
     K09S02H QC2009 09 20.72486 03 21 05.88 -30 49 27.5          18.6 Vr~09MpE12
     K09S02H  C2009 09 23.25443 03 34 56.04 -26 25 27.2                r~09MpI21
     K09S02H  C2009 09 23.27955 03 35 01.65 -26 22 08.2                r~09MpI21
     K09S02H `C2009 09 23.69630 03 37 56.95 -25 20 40.3          17.6 Cv~09MpD90
     K09S02H `C2009 09 23.70090 03 37 58.15 -25 19 59.5          17.7 Cv~09MpD90
     K09S02H `C2009 09 23.70544 03 37 59.33 -25 19 19.1          17.5 Cv~09MpD90
     K09S02H `C2009 09 23.70999 03 38 00.51 -25 18 37.9          17.4 Cv~09MpD90
     K09S02H `C2009 09 23.71456 03 38 01.70 -25 17 56.7          17.7 Cv~09MpD90
     K09S02H `C2009 09 23.71913 03 38 02.87 -25 17 15.2          17.5 Cv~09MpD90
     K09S02H `C2009 09 23.72370 03 38 04.04 -25 16 33.7          17.6 Cv~09MpD90
     K09S02H `C2009 09 23.72829 03 38 05.23 -25 15 51.9          17.8 Cv~09MpD90
     K09S02H QC2009 09 23.72917 03 38 01.09 -25 16 10.3          17.9 Vr~09MpE12
     K09S02H QC2009 09 23.73208 03 38 01.80 -25 15 43.0          17.8 Vr~09MpE12
     K09S02H ]C2009 09 24.44517003 43 35.92 -23 21 39.2          18.0 Co~09qb695
     K09S02H ]C2009 09 24.45081203 43 37.59 -23 20 35.8          18.1 Co~09qb695
     K09S02H ]C2009 09 24.45636503 43 39.28 -23 19 33.6          17.9 Co~09qb695
     K09S02H  C2009 09 24.45674 03 43 36.97 -23 19 39.0          18.1 Ro~09MpH01
     K09S02H  C2009 09 24.46032 03 43 38.06 -23 18 58.1          18.2 Ro~09MpH01
     K09S02H ]C2009 09 24.46192903 43 40.94 -23 18 30.2          18.4 Co~09qb695
     K09S02H  C2009 09 24.46637 03 43 39.93 -23 17 49.0          18.3 Ro~09MpH01
     K09S02H  C2009 09 24.80019 03 46 43.05 -22 02 49.4          17.8 Rc~09MpD21
     K09S02H  C2009 09 24.80251 03 46 43.85 -22 02 21.0          17.8 Rc~09MpD21
     K09S02H  C2009 09 24.80480 03 46 44.58 -22 01 52.7          17.8 Rc~09MpD21
     K09S02H  C2009 09 25.12701 03 49 44.35 -21 02 03.7                r~09MpJ95
     K09S02H  C2009 09 25.12885 03 49 45.14 -21 01 38.7                r~09MpJ95
     K09S02H  C2009 09 25.13082 03 49 45.95 -21 01 12.1          17.7 Rr~09MpJ95
     K09S02H tC2009 09 25.43950 03 52 52.36 -19 45 52.1          17.8 Vo~09Mp291
     K09S02H tC2009 09 25.44366 03 52 54.03 -19 44 50.7          17.8 Vo~09Mp291
     K09S02H tC2009 09 25.44765 03 52 55.64 -19 43 50.9          17.9 Vo~09Mp291
     K09S02H  C2009 09 25.76366 03 56 32.40 -18 09 47.0          16.9 Rc~09dQD21
     K09S02H  C2009 09 25.76527 03 56 33.23 -18 09 22.3          17.1 Rc~09dQD21
     K09S02H  C2009 09 25.76686 03 56 33.98 -18 08 54.7          16.9 Rc~09dQD21
     K09S02H  C2009 09 26.16591 04 01 00.29 -16 23 23.9                r~09dQJ95
     K09S02H  C2009 09 26.16735 04 01 01.09 -16 22 56.6                r~09dQJ95
     K09S02H  C2009 09 26.16883 04 01 01.93 -16 22 28.6          17.2 Rr~09dQJ95
     K09S02H  C2009 09 26.37771 04 03 32.64 -15 00 14.7          17.0 Cr~09dQI20
     K09S02H  C2009 09 26.38255 04 03 35.29 -14 58 34.3          17.1 Cr~09dQI20
     K09S02H  C2009 09 26.38553 04 03 36.93 -14 57 32.4          17.3 Cr~09dQI20
     K09S02H  C2009 09 27.17667004 15 21.90 -10 04 26.1                r~09dQJ95
     K09S02H  C2009 09 27.17831604 15 23.17 -10 03 42.2                r~09dQJ95
     K09S02H  C2009 09 27.17997204 15 24.44 -10 02 58.0                r~09dQJ95
     K09S02H  C2009 09 27.18267304 15 26.54 -10 01 45.9          16.8 Rr~09dQJ95
     K09S02H  C2009 09 27.36856 04 18 47.83 -08 34 40.7          17.8 Vo~09dQH55
     K09S02H  C2009 09 27.37064 04 18 49.45 -08 33 42.0          17.6 Vo~09dQH55
     K09S02H  C2009 09 27.37271 04 18 51.07 -08 32 43.3          17.2 Vo~09dQH55
     K09S02H QC2009 09 27.78924304 26 11.02 -04 42 49.2          16.8 Vr~09dQE12
     K09S02H QC2009 09 27.79069804 26 12.28 -04 42 00.8          16.6 Vr~09dQE12
     K09S02H  C2009 09 28.00663 04 31 20.13 -02 56 52.8                r~09dQJ95
     K09S02H  C2009 09 28.00789 04 31 21.59 -02 56 07.4                r~09dQJ95
     K09S02H  C2009 09 28.00886 04 31 22.72 -02 55 33.9          16.4 Rr~09dQJ95
     K09S02H  C2009 09 28.16259 04 34 05.19 -01 21 06.3                v~09dQ204
     K09S02H  C2009 09 28.16354 04 34 06.19 -01 20 30.8                v~09dQ204
     K09S02H  C2009 09 28.16448 04 34 07.19 -01 19 55.3          16.4 Cv~09dQ204
     K09S02H  C2009 09 28.16542 04 34 08.19 -01 19 19.8                v~09dQ204
     K09S02H  C2009 09 28.16637 04 34 09.20 -01 18 44.2                v~09dQ204
     K09S02H  C2009 09 28.43488 04 40 44.29 +01 40 43.5          16.8 Rc~09dQ926
     K09S02H  C2009 09 28.43584 04 40 45.38 +01 41 23.2          16.8 Rc~09dQ926
     K09S02H  C2009 09 28.43679 04 40 46.45 +01 42 02.6          16.8 Rc~09dQ926
     K09S02H  C2009 09 28.68764 04 46 57.00 +05 01 56.0          16.8 Ro~09dQ474
     K09S02H  C2009 09 28.68811 04 46 57.60 +05 02 16.8          16.9 Ro~09dQ474
     K09S02H  C2009 09 28.68868 04 46 58.35 +05 02 42.7          16.8 Ro~09dQ474
     K09S02H  C2009 09 28.68916 04 46 58.94 +05 03 03.5          16.7 Ro~09dQ474
     K09S02H  C2009 09 28.68985 04 46 59.83 +05 03 34.5          16.7 Ro~09dQ474
     K09S02H QC2009 09 28.79413004 49 33.44 +06 20 06.0          16.7 Vr~09dQE12
     K09S02H  C2009 09 28.93328 04 54 27.29 +07 46 41.0                c~09dQ587
     K09S02H  C2009 09 28.93433 04 54 29.12 +07 47 33.2                c~09dQ587
     K09S02H  C2009 09 28.93568 04 54 31.26 +07 48 38.4                c~09dQ587
     K09S02H  C2009 09 28.93929 04 54 37.42 +07 51 34.0                c~09dQ587
     K09S02H  C2009 09 29.03251504 57 10.80 +09 06 37.0          16.4 Rr~09dQJ95
     K09S02H  C2009 09 29.03643204 57 17.24 +09 09 52.3                r~09dQJ95
     K09S02H  C2009 09 29.03975604 57 22.67 +09 12 38.6          16.3 Rr~09dQJ95
     K09S02H  C2009 09 29.04569704 57 32.40 +09 17 34.8          16.3 Rr~09dQJ95
     K09S02H  C2009 09 29.04861804 57 37.19 +09 20 01.2          16.2 Rr~09dQJ95
     K09S02H tC2009 09 29.35117 05 07 31.82 +13 45 07.8          17.0 Vo~09dQ291
     K09S02H tC2009 09 29.35615 05 07 40.72 +13 49 40.0          16.9 Vo~09dQ291
     K09S02H tC2009 09 29.36010 05 07 47.83 +13 53 18.7          16.9 Vo~09dQ291
     K09S02H  C2009 09 29.42220 05 09 35.59 +14 50 21.3          16.7 Rc~09dQ926
     K09S02H  C2009 09 29.42304 05 09 37.04 +14 51 08.0          16.7 Rc~09dQ926
     K09S02H  C2009 09 29.42389 05 09 38.49 +14 51 54.5          16.7 Rc~09dQ926
     K09S02H  C2009 09 30.49416 05 55 05.74 +32 19 26.1          17.2 Rc~09dQ926
     K09S02H  C2009 09 30.49500 05 55 07.97 +32 20 17.3          17.2 Rc~09dQ926
     K09S02H  C2009 09 30.49583 05 55 10.20 +32 21 08.1          17.3 Rc~09dQ926
     K09S02H 6C2009 09 30.56090505 59 10.96 +33 28 12.4          17.0 Rw~09qbF65
     K09S02H 6C2009 09 30.56153105 59 12.68 +33 28 51.0          16.8 Rw~09qbF65
     K09S02H 6C2009 09 30.56213305 59 14.36 +33 29 28.2          16.9 Rw~09qbF65
     K09S02H 6C2009 09 30.56269005 59 15.89 +33 30 02.7          16.9 Rw~09qbF65
     K09S02H 6C2009 09 30.56329405 59 17.56 +33 30 40.0          16.9 Rw~09qbF65
     K09S02H 6C2009 09 30.56385205 59 19.10 +33 31 14.5          16.7 Rw~09qbF65
     K09S02H 6C2009 09 30.56445905 59 20.77 +33 31 51.9          16.6 Rw~09qbF65
     K09S02H QC2009 09 30.78367306 11 03.11 +37 21 55.0          17.0 Vr~09qbE12
     K09S02H  C2009 10 01.41005 06 52 49.77 +46 24 45.0          18.4  c~09qb704
     K09S02H  C2009 10 01.42240 06 53 39.17 +46 35 28.3          18.1  c~09qb704
     K09S02H  C2009 10 01.43490 06 54 29.00 +46 46 12.0          18.9  c~09qb704
     K09S02H  C2009 10 01.44731 06 55 18.27 +46 56 44.7          17.9  c~09qb704
     K09S02H  C2009 10 02.44718 08 18 41.57 +57 12 08.3          19.0 Rc~09qb926
     K09S02H  C2009 10 02.44848 08 18 48.20 +57 12 46.6          19.2 Rc~09qb926
     K09S02H  C2009 10 02.44978 08 18 54.84 +57 13 24.8          19.5 Rc~09qb926
