     K09F30U* C2009 03 28.27632 12 44 23.10 +20 25 26.1          18.9 Vr~05vF703
     K09F30U  C2009 03 28.28183 12 44 30.37 +20 25 44.4          18.3 Vr~05vF703
     K09F30U  C2009 03 28.28723 12 44 37.50 +20 26 02.1          19.1 Vr~05vF703
     K09F30U  C2009 03 28.29266 12 44 44.77 +20 26 20.3          18.3 Vr~05vF703
     K09F30U  C2009 03 28.37100 12 46 29.64 +20 30 32.9          18.5 Vr~05vF703
     K09F30U  C2009 03 28.37161 12 46 30.46 +20 30 34.8          18.5 Vr~05vF703
     K09F30U  C2009 03 28.37221 12 46 31.33 +20 30 36.7          18.5 Vr~05vF703
     K09F30U  C2009 03 28.37282 12 46 32.12 +20 30 38.4          19.0 Vr~05vF703
     K09F30U  C2009 03 28.47713 12 48 57.34 +20 35 48.4          18.5 Vr~05vFG96
     K09F30U  C2009 03 28.47774 12 48 58.10 +20 35 51.0          18.9 Vr~05vFG96
     K09F30U  C2009 03 28.47824 12 48 58.82 +20 35 52.8          19.8 Vr~05vFG96
     K09F30U  C2009 03 28.47872 12 48 59.61 +20 35 53.7          20.2 Vr~05vFG96
     K09F30U  C2009 03 28.48303 12 49 05.73 +20 36 06.5          18.8 Vr~05vF703
     K09F30U  C2009 03 28.48376 12 49 06.74 +20 36 09.2          19.0 Vr~05vF703
     K09F30U  C2009 03 28.48449 12 49 07.82 +20 36 10.5          18.5 Vr~05vF703
     K09F30U  C2009 03 28.48521 12 49 08.79 +20 36 13.5          18.5 Vr~05vF703
     K09F30U .C2009 03 28.56552 12 51 27.63 +20 45 11.1          17.9 Rr~05vFD90
     K09F30U .C2009 03 28.57237 12 51 37.45 +20 45 34.2          17.5 Rr~05vFD90
     K09F30U .C2009 03 28.57487 12 51 41.07 +20 45 42.9          17.5 Rr~05vFD90
     K09F30U  C2009 03 29.08945 13 05 33.07 +21 07 35.5                r~05vFJ95
     K09F30U  C2009 03 29.09047 13 05 34.76 +21 07 38.7                r~05vFJ95
     K09F30U  C2009 03 29.09146 13 05 36.44 +21 07 41.8          18.3 Rr~05vFJ95
     K09F30U  C2009 03 30.25887 13 45 50.65 +22 00 46.5          19.4 Vo~05vFH55
     K09F30U  C2009 03 30.26110 13 45 55.81 +22 00 51.5          19.5 Vo~05vFH55
     K09F30U  C2009 03 30.26335 13 46 00.96 +22 00 55.9          19.2 Vo~05vFH55
     K09F30U  C2009 04 01.04597515 14 13.76 +21 41 08.9          18.9 Vo~05vF198
     K09F30U  C2009 04 01.04704215 14 17.43 +21 41 03.8          19.0 Vo~05vF198
     K09F30U  C2009 04 01.04911915 14 24.48 +21 40 55.2          18.9 Vo~05vF198
     K09F30U  C2009 04 01.05054915 14 29.37 +21 40 48.8          18.6 Vo~05vF198
     K09F30U  C2009 04 01.05199315 14 34.23 +21 40 42.8          18.5 Vo~05vF198
     K09F30U  C2009 04 01.38290 15 34 07.18 +21 12 36.8          18.8 Vo~05vFH55
     K09F30U  C2009 04 01.38515 15 34 15.08 +21 12 22.1          20.0 Vo~05vFH55
     K09F30U  C2009 04 01.38747 15 34 23.25 +21 12 08.9                o~05vFH55
     K09F30U  C2009 04 03.03978017 15 14.33 +16 24 39.1          18.8 Vo~05vF198
     K09F30U  C2009 04 03.03998217 15 15.06 +16 24 36.4          18.6 Vo~05vF198
     K09F30U  C2009 04 03.04018517 15 15.75 +16 24 33.7          18.7 Vo~05vF198
