     K09S00B* C2009 09 16.24433 23 10 38.31 +04 17 35.8          21.5 Vr~097xG96
     K09S00B  C2009 09 16.25057 23 10 37.34 +04 17 30.6          21.4 Vr~097xG96
     K09S00B  C2009 09 16.25685 23 10 36.44 +04 17 25.2          22.3 Vr~097xG96
     K09S00B  C2009 09 16.26327 23 10 35.47 +04 17 19.4          21.7 Vr~097xG96
     K09S00B  C2009 09 16.27495 23 10 33.72 +04 17 09.8          21.9 Vr~097xG96
     K09S00B  C2009 09 16.27656 23 10 33.53 +04 17 08.3          21.8 Vr~097xG96
     K09S00B  C2009 09 16.27821 23 10 33.27 +04 17 07.0          21.5 Vr~097xG96
     K09S00B  C2009 09 16.27995 23 10 33.04 +04 17 05.9          21.9 Vr~097xG96
     K09S00B  C2009 09 17.23499 23 08 14.36 +04 03 19.5          21.7 Vr~097xG96
     K09S00B  C2009 09 17.24147 23 08 13.36 +04 03 12.4          21.8 Vr~097xG96
     K09S00B  C2009 09 17.24787 23 08 12.42 +04 03 07.3          22.0 Vr~097xG96
     K09S00B  C2009 09 17.25532 23 08 11.26 +04 03 00.4          22.1 Vr~097xG96
     K09S00B  C2009 09 17.25616 23 08 11.18 +04 02 59.8          21.1 Vr~097xG96
     K09S00B  C2009 09 17.25697 23 08 11.01 +04 02 59.4          21.4 Vr~097xG96
     K09S00B  C2009 09 17.25779 23 08 10.91 +04 02 58.4          21.8 Vr~097xG96
     K09S00B  C2009 09 17.31317 23 08 02.58 +04 02 09.8                o~097x291
     K09S00B HC2009 09 17.31707 23 08 02.06 +04 02 05.6                o~097x291
     K09S00B  C2009 09 17.32080 23 08 01.40 +04 02 02.7                o~097x291
     K09S00B tC2009 09 18.41302 23 05 18.73 +03 45 40.8          21.8 Vo~097x291
     K09S00B tC2009 09 18.41670 23 05 18.27 +03 45 37.1          21.5 Vo~097x291
     K09S00B tC2009 09 18.42036 23 05 17.60 +03 45 33.6          21.6 Vo~097x291
     K09S00B  C2009 09 19.13306 23 03 30.44 +03 34 31.0          21.9 Vo~0AGqH55
     K09S00B  C2009 09 19.14832 23 03 28.07 +03 34 17.4          22.2 Vo~0AGqH55
     K09S00B  C2009 09 19.16345 23 03 25.73 +03 34 03.0          21.8 Vo~0AGqH55
     K09S00B HC2009 09 19.25743 23 03 11.33 +03 32 36.6                o~09Ml291
     K09S00B HC2009 09 19.26119 23 03 10.63 +03 32 33.5                o~09Ml291
     K09S00B HC2009 09 19.26508 23 03 10.12 +03 32 28.7                o~09Ml291
     K09S00B HC2009 09 21.13895 22 58 19.69 +03 02 13.4                o~09Ml291
     K09S00B HC2009 09 21.14306 22 58 19.06 +03 02 09.2                o~09Ml291
     K09S00B HC2009 09 21.14696 22 58 18.24 +03 02 04.6                o~09Ml291
     K09S00B  C2009 09 22.35791 22 55 04.88 +02 41 38.0          22.4 Vo~09Ml291
     K09S00B HC2009 09 22.36340 22 55 03.92 +02 41 31.3                o~09Ml291
     K09S00B HC2009 09 22.36749 22 55 03.28 +02 41 27.9                o~09Ml291
     K09S00B HC2009 09 23.21208 22 52 47.50 +02 26 47.7                o~09Ml291
     K09S00B HC2009 09 23.22732 22 52 45.01 +02 26 30.9                o~09Ml291
     K09S00B HC2009 09 27.18079 22 41 47.41 +01 13 50.0                o~09dP291
     K09S00B HC2009 10 09.12958 22 07 14.29 -02 54 44.2          21.9 Vo~09qa291
     K09S00B HC2009 10 09.13345 22 07 13.62 -02 54 49.2          21.8 Vo~09qa291
     K09S00B HC2009 10 09.13708 22 07 12.95 -02 54 54.1                o~09qa291
     K09S00B  C2009 10 10.13342222 04 21.618-03 16 39.40MPS389196       76270645
     K09S00B  C2009 10 10.13673922 04 21.046-03 16 44.00MPS389196       76270645
     K09S00B  C2009 10 14.14320 21 53 06.14 -04 44 10.6                o~09zE291
     K09S00B HC2009 10 14.14692 21 53 05.51 -04 44 16.1                o~09zE291
     K09S00B  C2009 10 14.15063 21 53 04.79 -04 44 20.3                o~09zE291
     K09S00B HC2009 10 18.09801 21 42 29.65 -06 09 22.3                o~0AGq291
     K09S00B HC2009 10 18.10183 21 42 29.11 -06 09 28.0                o~0AGq291
     K09S00B HC2009 10 18.10558 21 42 28.49 -06 09 30.5                o~0AGq291
     K09S00B HC2009 10 19.08605 21 39 56.30 -06 30 18.6                o~0AGq291
     K09S00B HC2009 10 19.09310 21 39 55.19 -06 30 28.0                o~0AGq291
     K09S00B  C2009 10 25.16293 21 25 08.90 -08 35 03.2                o~0Abx291
     K09S00B HC2009 10 25.16669 21 25 08.31 -08 35 08.2                o~0Abx291
     K09S00B HC2009 10 25.17057 21 25 07.86 -08 35 11.9                o~0Abx291
     K09S00B HC2009 11 11.07929 20 52 11.58 -13 42 20.0                o~0B0d291
     K09S00B HC2009 11 11.08308 20 52 11.26 -13 42 24.8                o~0B0d291
     K09S00B HC2009 11 11.08820 20 52 10.61 -13 42 29.4                o~0B0d291
