k2550K09C03B  C2009 02 04.49919 15 35 27.52 -16 52 47.0          20.2 Vr~03NqG96
k2550K09C03B  C2009 02 04.50472 15 35 26.66 -16 52 31.8          20.2 Vr~03NqG96
k2550K09C03B  C2009 02 04.51023 15 35 25.80 -16 52 16.2          20.4 Vr~03NqG96
k2550K09C03B  C2009 02 04.51579 15 35 24.97 -16 52 00.6          20.2 Vr~03NqG96
k2550K09C03B* C2009 02 04.54258 15 35 20.79 -16 50 46.5          20.6 Vr~03NqG96
k2550K09C03B  C2009 02 04.54319 15 35 20.72 -16 50 44.3          20.2 Vr~03NqG96
k2550K09C03B  C2009 02 04.54381 15 35 20.61 -16 50 43.2          20.6 Vr~03NqG96
k2550K09C03B  C2009 02 04.54442 15 35 20.50 -16 50 41.4          20.2 Vr~03NqG96
k2550K09C03B  C2009 02 05.48823 15 33 00.68 -16 06 26.4          20.8 Vr~03NqG96
k2550K09C03B  C2009 02 05.48884 15 33 00.54 -16 06 24.3          20.0 Vr~03NqG96
k2550K09C03B  C2009 02 05.48947 15 33 00.46 -16 06 22.8          20.3 Vr~03NqG96
k2550K09C03B  C2009 02 05.49009 15 33 00.36 -16 06 20.4          20.2 Vr~03NqG96
k2550K09C03B  C2009 02 05.49297 15 32 59.89 -16 06 12.9          20.1 Vr~03NqG96
k2550K09C03B  C2009 02 05.49359 15 32 59.78 -16 06 11.3          20.3 Vr~03NqG96
k2550K09C03B  C2009 02 05.49420 15 32 59.71 -16 06 09.1          20.4 Vr~03NqG96
k2550K09C03B  C2009 02 05.49476 15 32 59.64 -16 06 07.5          20.3 Vr~03NqG96
k2550K09C03B  C2009 02 05.53133 15 32 53.84 -16 04 24.3          19.8 Vr~03NqG96
k2550K09C03B  C2009 02 05.53186 15 32 53.80 -16 04 22.2          19.6 Vr~03NqG96
k2550K09C03B  C2009 02 05.53248 15 32 53.73 -16 04 21.2          20.0 Vr~03NqG96
k2550K09C03B  C2009 02 05.53310 15 32 53.62 -16 04 19.2          20.0 Vr~03NqG96
k2550K09C03B  C2009 02 05.54503 15 32 51.79 -16 03 45.1          20.6 Vo~03Nq291
k2550K09C03B HC2009 02 05.55225 15 32 50.63 -16 03 23.4                o~03Nq291
k2550K09C03B HC2009 02 05.55686 15 32 49.91 -16 03 11.2                o~03Nq291
k2550K09C03B  C2009 02 24.45744 14 35 47.97 +01 13 11.8          19.6 Vr~04bf703
k2550K09C03B  C2009 02 24.46289 14 35 46.71 +01 13 32.6          20.0 Vr~04bf703
k2550K09C03B  C2009 02 24.47144 14 35 44.77 +01 14 04.3          19.7 Vr~04bf703
k2550K09C03B  C2009 02 24.47694 14 35 43.47 +01 14 24.2          19.5 Vr~04bf703
k2550K09C03B  C2009 02 24.49360 14 35 39.66 +01 15 25.0          19.7 Vr~04bf703
k2550K09C03B  C2009 02 24.49433 14 35 39.45 +01 15 27.2          19.8 Vr~04bf703
k2550K09C03B  C2009 02 24.54441 14 35 27.82 +01 18 33.3          19.8 Vr~04bf703
k2550K09C03B  C2009 02 24.54524 14 35 27.64 +01 18 37.8          19.7 Vr~04bf703
k2550K09C03B  C2009 02 24.54609 14 35 27.35 +01 18 40.3          19.9 Vr~04bf703
k2550K09C03B  C2009 02 25.04997 14 33 34.81 +01 49 34.7          19.4 Cr~04bf493
k2550K09C03B  C2009 02 25.05116 14 33 34.53 +01 49 39.4          19.4 Cr~04bf493
k2550K09C03B  C2009 02 25.05235 14 33 34.25 +01 49 43.6          19.5 Cr~04bf493
k2550K09C03B  C2009 02 25.34464 14 32 27.60 +02 07 44.3          19.3 Rv~04bfH01
k2550K09C03B  C2009 02 25.35196 14 32 25.87 +02 08 11.2          19.4 Rv~04bfH01
k2550K09C03B  C2009 02 25.35760 14 32 24.56 +02 08 32.1          19.2 Rv~04bfH01
k2550K09C03B  C2009 02 25.36294 14 32 23.30 +02 08 51.8          19.0 Rv~04bfH01
k2550K09C03B  C2009 02 25.41928 14 32 10.06 +02 12 20.4          19.6 Vr~04bf703
k2550K09C03B  C2009 02 25.42073 14 32 09.63 +02 12 26.6          19.2 Vr~04bf703
k2550K09C03B  C2009 02 25.42221 14 32 09.42 +02 12 30.9          19.8 Vr~04bf703
k2550K09C03B  C2009 02 25.42440 14 32 08.77 +02 12 38.5          19.6 Vr~04bf703
k2550K09C03B  C2009 02 25.44237 14 32 04.29 +02 13 43.9          19.8 Rr~04bfH36
k2550K09C03B  C2009 02 25.45074 14 32 02.33 +02 14 14.6          19.3 Rr~04bfH36
k2550K09C03B  C2009 02 25.45444 14 32 01.49 +02 14 29.0          19.4 Rr~04bfH36
k2550K09C03B  C2009 03 02.44652 14 11 57.25 +07 22 05.1          19.0 Vo~04tFH55
k2550K09C03B  C2009 03 02.45049 14 11 56.16 +07 22 19.9          19.5 Vo~04tFH55
k2550K09C03B  C2009 03 02.45202 14 11 55.75 +07 22 25.3          19.4 Vo~04tFH55
k2550K09C03B tC2009 03 02.46503 14 11 52.82 +07 23 16.0          19.7 Vo~04tF291
k2550K09C03B tC2009 03 02.46955 14 11 51.60 +07 23 33.2          19.6 Vo~04tF291
k2550K09C03B  C2009 03 08.96090 13 43 28.98 +13 43 29.7                c~057h587
k2550K09C03B  C2009 03 08.96245 13 43 28.60 +13 43 34.5                c~057h587
k2550K09C03B  C2009 03 08.96380 13 43 28.20 +13 43 40.3                c~057h587
k2550K09C03B  C2009 03 15.34630 13 14 39.92 +19 02 49.5          19.8 Vo~05JwH55
k2550K09C03B  C2009 03 15.34812 13 14 39.45 +19 02 54.2          19.5 Vo~05JwH55
k2550K09C03B  C2009 03 15.34993 13 14 38.92 +19 02 59.4          19.6 Vo~05JwH55
k2550K09C03B  C2009 03 15.35175 13 14 38.44 +19 03 03.7          19.7 Vo~05JwH55
k2550K09C03B  C2009 03 15.35356 13 14 37.96 +19 03 08.9          19.8 Vo~05JwH55
k2550K09C03B  C2009 03 15.35540 13 14 37.44 +19 03 13.6          19.5 Vo~05JwH55
k2550K09C03B  C2009 03 15.35631 13 14 37.61 +19 03 18.9          19.7 Vo~05Jw291
k2550K09C03B  C2009 03 15.35691 13 14 37.01 +19 03 17.6          19.7 Vo~05JwH55
k2550K09C03B  C2009 03 15.35825 13 14 36.64 +19 03 21.3          19.4 Vo~05JwH55
k2550K09C03B HC2009 03 15.36316 13 14 35.72 +19 03 36.7                o~05Jw291
k2550K09C03B  C2009 03 15.36721 13 14 34.59 +19 03 47.9          19.5 Vo~05Jw291
k2550K09C03B  C2009 03 16.39771 13 09 59.17 +19 48 27.2          19.6 Vo~05Jw291
k2550K09C03B  C2009 03 16.40172 13 09 58.09 +19 48 37.2          19.5 Vo~05Jw291
k2550K09C03B  C2009 03 16.40567 13 09 57.01 +19 48 47.3          19.6 Vo~05Jw291
k2550K09C03B  C2009 03 31.38711 12 11 43.11 +26 48 21.5          20.3 Vo~05u1291
k2550K09C03B  C2009 03 31.39145 12 11 42.26 +26 48 25.2          20.3 Vo~05u1291
k2550K09C03B  C2009 03 31.39588 12 11 41.41 +26 48 29.2          20.3 Vo~05u1291
k2550K09C03B  C2009 04 17.37460 11 33 32.09 +28 24 38.4          21.5 Vo~06Ba291
k2550K09C03B  C2009 04 17.38078 11 33 31.55 +28 24 37.2          21.8 Vo~06Ba291
k2550K09C03B  C2009 04 17.38589 11 33 31.10 +28 24 37.2          21.2 Vo~06Ba291
k2550K09C03B  C2009 04 18.29527 11 32 16.56 +28 23 21.8          21.1 Vo~06N0291
k2550K09C03B  C2009 04 18.29959 11 32 16.20 +28 23 21.3          21.2 Vo~06N0291
k2550K09C03B  C2009 04 18.30419 11 32 15.82 +28 23 20.8          21.2 Vo~06N0291
k2550K09C03B  C2009 04 19.13019 11 31 12.21 +28 21 47.4          21.5 Vo~06N0291
k2550K09C03B  C2009 04 19.13604 11 31 11.73 +28 21 46.9          21.5 Vo~06N0291
k2550K09C03B  C2009 04 19.14465 11 31 11.07 +28 21 46.0          21.2 Vo~06N0291
k2550K09C03B  C2009 04 20.32502 11 29 44.34 +28 18 55.9          21.9 Vo~06N0291
k2550K09C03B  C2009 04 20.33045 11 29 43.98 +28 18 54.7          21.4 Vo~06N0291
k2550K09C03B  C2009 04 20.33562 11 29 43.57 +28 18 53.9          21.7 Vo~06N0291
k2550K09C03B  C2009 04 30.24676 11 21 45.05 +27 33 14.0          21.9 Vo~06h1291
k2550K09C03B  C2009 04 30.25284 11 21 44.87 +27 33 11.6          22.0 Vo~06h1291
k2550K09C03B  C2009 04 30.25888 11 21 44.66 +27 33 09.3          22.1 Vo~06h1291
k2550K09C03B  C2010 03 04.10928 02 13 29.49 +05 17 03.7          19.5 Rc~0EmF926
k2550K09C03B  C2010 03 04.11339 02 13 34.19 +05 17 50.6          19.7 Rc~0EmF926
k2550K09C03B  C2010 03 04.11750 02 13 38.99 +05 18 37.4          19.8 Rc~0EmF926
k2550K09C03B  C2010 03 04.12160 02 13 43.70 +05 19 24.5          19.3 Rc~0EmF926
k2550K09C03B  C2010 03 05.13751 02 34 09.34 +08 38 06.7          19.9 Rc~0EmF926
k2550K09C03B  C2010 03 05.14161 02 34 14.45 +08 38 54.9          19.2 Rc~0EmF926
k2550K09C03B  C2010 03 09.10975 04 03 09.65 +21 15 49.7          18.8  c~0EmF704
k2550K09C03B  C2010 03 09.12111 04 03 25.18 +21 17 41.8          19.2  c~0EmF704
k2550K09C03B  C2010 03 09.13247 04 03 40.69 +21 19 33.5          19.2  c~0EmF704
k2550K09C03B  C2010 03 09.14381 04 03 56.22 +21 21 25.3          19.2  c~0EmF704
k2550K09C03B  C2010 03 09.15512 04 04 11.71 +21 23 16.3          19.3  c~0EmF704
k2550K09C03B  C2010 03 09.16750 04 04 28.77 +21 25 20.4          18.4 Rc~0EmF926
k2550K09C03B  C2010 03 09.16928 04 04 31.18 +21 25 37.9          17.5 Rc~0EmF926
k2550K09C03B  C2010 03 11.10315 04 48 08.09 +26 04 43.6          20.3 Ru~0F67926
k2550K09C03B  C2010 03 11.10446 04 48 09.98 +26 04 53.7          20.2 Ru~0F67926
k2550K09C03B  C2010 03 11.10576 04 48 11.88 +26 05 04.0          20.7 Ru~0F67926
k2550K09C03B  C2010 03 12.10314 05 09 25.06 +27 56 57.5          20.4 Ru~0F67926
k2550K09C03B  C2010 03 12.10443 05 09 26.62 +27 57 04.1          20.3 Ru~0F67926
k2550K09C03B  C2010 03 12.10574 05 09 28.28 +27 57 12.2          20.4 Ru~0F67926
k2550K09C03B KC2010 03 12.82768 05 24 03.92 +29 04 52.1          18.2 Cv~0F67204
k2550K09C03B KC2010 03 12.84006 05 24 18.48 +29 05 55.2                v~0F67204
k2550K09C03B  C2010 03 17.15874 06 36 25.42 +32 55 18.0          18.5  c~0FSV704
k2550K09C03B  C2010 03 17.16975 06 36 34.36 +32 55 36.0          18.8  c~0FSV704
k2550K09C03B  C2010 03 17.18074 06 36 43.22 +32 55 52.4          18.7  c~0FSV704
k2550K09C03B  C2010 03 17.20288 06 37 01.05 +32 56 27.7          19.2  c~0FSV704
k2550K09C03B  C2010 03 30.11240908 22 48.78 +33 19 28.1          19.3 Vo~0FnRH21
k2550K09C03B  C2010 03 30.11484308 22 49.50 +33 19 26.2          19.7 Vo~0FnRH21
k2550K09C03B  C2010 03 30.12155808 22 51.42 +33 19 21.8          19.5 Vo~0FnRH21
k2550K09C03B KC2014 05 02.20660 22 11 27.468+19 07 32.21         20.6 Rt~13h5J04
k2550K09C03B KC2014 05 02.21173 22 11 29.800+19 07 41.11         20.7 Rt~13h5J04
k2550K09C03B KC2014 05 02.21623 22 11 31.853+19 07 48.29         20.7 Rt~13h5J04
k2550K09C03B "C2015 06 05.36405022 09 10.14 +73 58 59.9          19.0 Rt~1WjU705
k2550K09C03B "C2015 06 05.36534722 09 12.89 +73 59 07.5          19.7 Rt~1WjU705
k2550K09C03B "C2015 06 05.36664422 09 14.56 +73 59 11.4          19.1 Rt~1WjU705
k2550K09C03B KC2015 06 06.45404 22 42 26.67 +75 10 26.6          19.5 Ro~1T0v291
k2550K09C03B KC2015 06 06.45546 22 42 29.38 +75 10 31.5          19.8 Ro~1T0v291
k2550K09C03B KC2015 06 06.45688 22 42 32.11 +75 10 36.2          19.7 Ro~1T0v291
k2550K09C03B KC2015 06 06.45838 22 42 35.74 +75 10 41.5                o~1T0v291
k2550K09C03B KC2015 06 06.45964 22 42 38.12 +75 10 46.2                o~1T0v291
k2550K09C03B KC2016 03 17.43888 16 43 18.70 +04 51 02.6                o~1oYN291
k2550K09C03B KC2016 03 17.44756 16 43 18.96 +04 51 13.3                o~1oYN291
k2550K09C03B KC2016 03 17.45623 16 43 19.26 +04 51 23.1                o~1oYN291
