     K09W00F  C1996 12 03.48210 08 15 00.70 +22 27 30.1          19.4 Va~0F69691
     K09W00F  C1996 12 03.50182 08 14 58.13 +22 27 00.9          19.2 Va~0F69691
     K09W00F  C1996 12 03.52087 08 14 55.64 +22 26 32.8          19.9 Va~0F69691
     K09W00F* C2009 11 16.31234 07 41 04.23 +54 02 31.9          18.6 Vr~0BJm703
     K09W00F  C2009 11 16.32204 07 41 01.17 +54 02 10.7          18.8 Vr~0BJm703
     K09W00F  C2009 11 16.32692 07 40 59.66 +54 01 59.9          18.5 Vr~0BJm703
     K09W00F  C2009 11 16.37036 07 40 46.02 +54 00 24.4          18.6 Vr~0BJm703
     K09W00F  C2009 11 16.37159 07 40 45.66 +54 00 21.7          18.7 Vr~0BJm703
     K09W00F  C2009 11 16.37281 07 40 45.30 +54 00 19.1          18.6 Vr~0BJm703
     K09W00F  C2009 11 16.37405 07 40 44.86 +54 00 16.3          18.8 Vr~0BJm703
     K09W00F  C2009 11 16.40014 07 40 36.47 +53 59 17.4          18.6 Ro~0BJmH01
     K09W00F  C2009 11 16.40498 07 40 34.94 +53 59 06.6          18.6 Ro~0BJmH01
     K09W00F  C2009 11 16.40939 07 40 33.54 +53 58 56.5          18.7 Ro~0BJmH01
     K09W00F  C2009 11 16.41413 07 40 32.03 +53 58 45.9          18.7 Ro~0BJmH01
     K09W00F  C2009 11 16.47381 07 40 13.21 +53 56 29.7          19.3 Rc~0BJm926
     K09W00F  C2009 11 16.47547 07 40 12.67 +53 56 25.7          19.3 Rc~0BJm926
     K09W00F  C2009 11 16.47713 07 40 12.15 +53 56 22.0          19.2 Rc~0BJm926
     K09W00F  C2009 11 16.93442 07 37 57.03 +53 38 23.3          18.5 Ro~0BJmB18
     K09W00F  C2009 11 16.93721 07 37 56.15 +53 38 17.0          18.8 Ro~0BJmB18
     K09W00F  C2009 11 16.93999 07 37 55.28 +53 38 10.4          18.9 Ro~0BJmB18
     K09W00F 5C2009 11 17.33068 07 35 59.14 +53 22 45.5          18.8 Ro~0BJm673
     K09W00F 5C2009 11 17.33763 07 35 56.94 +53 22 29.5                o~0BJm673
     K09W00F 5C2009 11 17.35152 07 35 52.67 +53 21 58.3                o~0BJm673
     K09W00F 5C2009 11 17.35771 07 35 50.49 +53 21 42.3                o~0BJm673
     K09W00F  C2009 11 19.46641 07 25 16.57 +51 55 25.1          18.7 Rc~0BJm926
     K09W00F  C2009 11 19.46795 07 25 16.10 +51 55 21.1          18.8 Rc~0BJm926
     K09W00F  C2009 11 19.46949 07 25 15.60 +51 55 17.3          18.8 Rc~0BJm926
     K09W00F  C2009 11 20.48147 07 20 12.01 +51 11 42.6          19.0 Vo~0BlkH21
     K09W00F  C2009 11 20.48236 07 20 11.74 +51 11 40.1          19.1 Vo~0BlkH21
     K09W00F  C2009 11 20.48379 07 20 11.29 +51 11 36.3          19.2 Vo~0BlkH21
     K09W00F  C2009 11 20.48486 07 20 10.95 +51 11 33.5          19.0 Vo~0BlkH21
     K09W00F  C2009 11 20.48629 07 20 10.50 +51 11 29.7          19.0 Vo~0BlkH21
     K09W00F  C2009 11 21.42133 07 15 33.13 +50 30 16.6          18.6 Vo~0BlkH21
     K09W00F  C2009 11 21.42207 07 15 32.88 +50 30 14.5          18.5 Vo~0BlkH21
     K09W00F  C2009 11 21.42375 07 15 32.36 +50 30 10.0          18.7 Vo~0BlkH21
     K09W00F  C2009 11 21.42415 07 15 32.24 +50 30 08.9          18.8 Vo~0BlkH21
     K09W00F  C2009 11 21.42614 07 15 31.62 +50 30 03.4          18.7 Vo~0BlkH21
     K09W00F  C2009 11 21.79830 07 13 44.21 +50 12 52.8          18.2 Cv~0CAy204
     K09W00F  C2009 11 21.80599 07 13 41.98 +50 12 32.4                v~0CAy204
     K09W00F  C2009 11 21.81370 07 13 39.75 +50 12 12.7                v~0CAy204
     K09W00F  C2009 11 25.32376 06 56 32.89 +47 26 46.7          18.6  c~0Blk704
     K09W00F  C2009 11 25.33639 06 56 29.09 +47 26 10.3          18.6  c~0Blk704
     K09W00F  C2009 11 25.34895 06 56 24.55 +47 25 33.6          18.8 Ru~0BlkH45
     K09W00F  C2009 11 25.34898 06 56 25.26 +47 25 32.9          18.7  c~0Blk704
     K09W00F  C2009 11 25.34910 06 56 25.25 +47 25 33.0          19.0  c~0Blk704
     K09W00F  C2009 11 25.35341 06 56 23.22 +47 25 20.5          18.9 Ru~0BlkH45
     K09W00F  C2009 11 25.35443 06 56 22.92 +47 25 17.7          18.7 Ru~0BlkH45
     K09W00F  C2009 11 25.35581 06 56 22.50 +47 25 13.8          18.7 Ru~0BlkH45
     K09W00F  C2009 11 25.35698 06 56 22.14 +47 25 10.2          18.7 Ru~0BlkH45
     K09W00F  C2009 11 25.35890 06 56 21.62 +47 25 04.7          18.8 Ru~0BlkH45
     K09W00F  C2009 11 25.35981 06 56 21.24 +47 25 01.8          18.7 Ru~0BlkH45
     K09W00F  C2009 11 25.36168 06 56 21.40 +47 24 57.8          18.7  c~0Blk704
     K09W00F  C2009 11 25.37428 06 56 17.63 +47 24 21.4          18.8  c~0Blk704
     K09W00F  C2009 11 25.45112 06 55 54.16 +47 20 31.9          17.9 Rr~0Blk448
     K09W00F  C2009 11 25.45575 06 55 52.75 +47 20 18.2          18.2 Rr~0Blk448
     K09W00F  C2009 11 25.46129 06 55 51.10 +47 20 01.8          18.0 Rr~0Blk448
     K09W00F  C2009 11 25.46651 06 55 49.47 +47 19 45.6          17.9 Rr~0Blk448
     K09W00F  C2009 11 28.33485 06 42 23.84 +44 53 58.2          18.9 Vo~0BlkH21
     K09W00F  C2009 11 28.34023 06 42 22.28 +44 53 41.3          18.8 Vo~0BlkH21
     K09W00F  C2009 11 28.34452 06 42 21.02 +44 53 27.9                o~0BlkH21
     K09W00F  C2009 11 28.39580 06 42 06.35 +44 50 48.9          18.7 Ru~0BlkH45
     K09W00F  C2009 11 28.39668 06 42 06.08 +44 50 46.3          18.7 Ru~0BlkH45
     K09W00F  C2009 11 28.39753 06 42 05.86 +44 50 43.7          18.8 Ru~0BlkH45
     K09W00F  C2009 11 28.39873 06 42 05.45 +44 50 39.9          18.8 Ru~0BlkH45
     K09W00F  C2009 11 28.39995 06 42 05.11 +44 50 35.8          18.8 Ru~0BlkH45
     K09W00F  C2009 11 28.40127 06 42 04.75 +44 50 31.6          18.7 Ru~0BlkH45
     K09W00F  C2009 11 28.81064 06 40 15.47 +44 28 41.4          18.1 Rr~0BlkA13
     K09W00F  C2009 11 28.83149 06 40 09.93 +44 27 40.5          18.2 Rr~0BlkA13
     K09W00F  C2009 11 29.33930906 37 49.76 +44 01 12.2          18.7 Vo~0CAyH21
     K09W00F  C2009 11 29.34260306 37 48.82 +44 01 01.9          18.4 Vo~0CAyH21
     K09W00F  C2009 11 29.34934206 37 46.91 +44 00 40.3          18.9 Vo~0CAyH21
     K09W00F  C2009 12 04.35181306 16 24.32 +39 28 57.6          17.8 Vo~0CAyH21
     K09W00F  C2009 12 04.35577906 16 23.27 +39 28 44.8          17.7 Vo~0CAyH21
     K09W00F  C2009 12 04.35893506 16 22.49 +39 28 33.9          18.1 Vo~0CAyH21
     K09W00F  C2009 12 04.47913 06 15 52.54 +39 21 50.3          17.8 Ro~0CAyH36
     K09W00F  C2009 12 04.48582 06 15 50.95 +39 21 26.9                o~0CAyH36
     K09W00F  C2009 12 04.49250 06 15 49.29 +39 21 05.0                o~0CAyH36
     K09W00F  C2009 12 05.29813406 12 39.44 +38 36 40.4          18.8 Vo~0CAyH21
     K09W00F  C2009 12 05.30127806 12 38.65 +38 36 30.0          18.8 Vo~0CAyH21
     K09W00F  C2009 12 05.30442906 12 37.86 +38 36 19.8          18.9 Vo~0CAyH21
     K09W00F  C2009 12 06.36626406 08 31.16 +37 37 35.0                o~0CAyH21
     K09W00F  C2009 12 06.37151306 08 29.80 +37 37 17.3          18.1 Vo~0CAyH21
     K09W00F  C2009 12 06.37468806 08 29.03 +37 37 07.0          18.7 Vo~0CAyH21
     K09W00F  C2009 12 06.37712806 08 28.43 +37 36 57.9          18.6 Vo~0CAyH21
     K09W00F  C2009 12 08.88396 05 59 20.43 +35 18 57.3          18.3 Vu~0CAyA48
     K09W00F  C2009 12 08.88688 05 59 19.78 +35 18 47.8          18.4 Vu~0CAyA48
     K09W00F  C2009 12 08.88981 05 59 19.18 +35 18 39.2          18.3 Vu~0CAyA48
     K09W00F  C2009 12 08.89273 05 59 18.60 +35 18 28.2          18.3 Vu~0CAyA48
     K09W00F  C2009 12 09.31983 05 57 48.13 +34 55 20.2          18.6  c~0CAy704
     K09W00F  C2009 12 09.33259 05 57 45.29 +34 54 39.2          18.7  c~0CAy704
     K09W00F  C2009 12 09.34533 05 57 42.49 +34 53 56.5          18.6  c~0CAy704
     K09W00F  C2009 12 09.35829 05 57 39.62 +34 53 13.6          18.5  c~0CAy704
     K09W00F  C2009 12 09.37104 05 57 36.87 +34 52 31.0          18.3  c~0CAy704
     K09W00F  C2009 12 10.35727 05 54 15.48 +33 59 03.8          18.7 Ru~0CAyH45
     K09W00F  C2009 12 10.35848 05 54 15.16 +33 58 59.2          18.6 Ru~0CAyH45
     K09W00F  C2009 12 10.35934 05 54 14.99 +33 58 56.5          18.6 Ru~0CAyH45
     K09W00F  C2009 12 10.36087 05 54 14.67 +33 58 51.4          18.7 Ru~0CAyH45
     K09W00F  C2009 12 10.36189 05 54 14.46 +33 58 48.1          18.4 Ru~0CAyH45
     K09W00F  C2009 12 10.36302 05 54 14.24 +33 58 44.5          18.4 Ru~0CAyH45
     K09W00F  C2009 12 10.89332 05 52 30.92 +33 30 08.2          18.3 Vc~0CAyA48
     K09W00F  C2009 12 10.89915 05 52 29.69 +33 29 49.6          18.4 Vc~0CAyA48
     K09W00F  C2009 12 10.90499 05 52 28.50 +33 29 31.3          18.4 Vc~0CAyA48
     K09W00F  C2009 12 10.91083 05 52 27.28 +33 29 12.7          18.3 Vc~0CAyA48
     K09W00F  C2009 12 12.10507 05 48 38.43 +32 25 37.0          18.2 Rr~0CL4H26
     K09W00F  C2009 12 12.10667 05 48 38.11 +32 25 32.5          17.9 Rr~0CL4H26
     K09W00F  C2009 12 12.10829 05 48 37.81 +32 25 27.2          18.4 Rr~0CL4H26
     K09W00F  C2009 12 12.10990 05 48 37.46 +32 25 22.2          18.3 Rr~0CL4H26
     K09W00F  C2009 12 12.11152 05 48 37.21 +32 25 17.2          18.2 Rr~0CL4H26
     K09W00F  C2009 12 12.11473 05 48 36.59 +32 25 07.1          18.3 Rr~0CL4H26
     K09W00F  C2009 12 12.11634 05 48 36.27 +32 25 02.2          18.4 Rr~0CL4H26
     K09W00F  C2009 12 12.11795 05 48 35.94 +32 24 57.2          18.4 Rr~0CL4H26
     K09W00F  C2009 12 15.25673 05 39 21.28 +29 43 40.0          18.4  c~0CL4704
     K09W00F  C2009 12 15.26945 05 39 19.13 +29 43 01.8          19.2  c~0CL4704
     K09W00F  C2009 12 15.28237 05 39 16.79 +29 42 23.7          18.8  c~0CL4704
     K09W00F  C2009 12 15.29507 05 39 14.53 +29 41 45.4          18.7  c~0CL4704
     K09W00F  C2009 12 15.30781 05 39 12.35 +29 41 08.2          19.0  c~0CL4704
     K09W00F  C2009 12 16.03451 05 37 14.17 +29 05 03.2          17.8 Rw~0CL4B74
     K09W00F  C2009 12 16.04052 05 37 13.08 +29 04 45.6          17.6 Rw~0CL4B74
     K09W00F  C2009 12 16.04771 05 37 11.89 +29 04 24.4          17.2 Rw~0CL4B74
     K09W00F  C2009 12 16.25914 05 36 39.29 +28 54 06.7          18.3  c~0CL4704
     K09W00F  C2009 12 16.27183 05 36 37.18 +28 53 28.8          18.4  c~0CL4704
     K09W00F  C2009 12 16.29371705 36 33.01 +28 52 22.0          18.8 Vo~0CgNH21
     K09W00F  C2009 12 16.29596305 36 32.62 +28 52 15.4          18.7 Vo~0CgNH21
     K09W00F  C2009 12 16.29765 05 36 32.85 +28 52 13.8          18.7  c~0CL4704
     K09W00F  C2009 12 16.29829605 36 32.23 +28 52 08.4          18.7 Vo~0CgNH21
     K09W00F  C2009 12 16.30035005 36 31.88 +28 52 02.5          18.7 Vo~0CgNH21
     K09W00F  C2009 12 16.30240305 36 31.54 +28 51 56.4          18.7 Vo~0CgNH21
     K09W00F  C2009 12 16.31038 05 36 30.70 +28 51 36.2          18.6  c~0CL4704
     K09W00F  C2009 12 20.38265 05 26 47.18 +25 42 25.0          17.9 Vr~0CgNG96
     K09W00F  C2009 12 20.38902 05 26 46.32 +25 42 08.1          18.0 Vr~0CgNG96
     K09W00F  C2009 12 20.39532 05 26 45.45 +25 41 51.2          18.0 Vr~0CgNG96
     K09W00F  C2009 12 25.10755 05 17 54.03 +22 29 32.5                o~0CgN691
     K09W00F  C2009 12 25.11003 05 17 53.77 +22 29 26.9                o~0CgN691
     K09W00F  C2009 12 25.12525 05 17 52.21 +22 28 53.2                o~0CgN691
     K09W00F  C2009 12 25.12772 05 17 51.95 +22 28 47.6                o~0CgN691
     K09W00F  C2009 12 25.14296 05 17 50.38 +22 28 13.8                o~0CgN691
     K09W00F  C2009 12 25.14543 05 17 50.09 +22 28 08.1                o~0CgN691
     K09W00F  C2010 01 03.16017505 06 58.54 +17 42 16.3          20.2 Vo~0CtZH21
     K09W00F  C2010 01 03.16541705 06 58.28 +17 42 08.5                o~0CtZH21
     K09W00F  C2010 01 03.16921405 06 58.00 +17 42 01.9          20.0 Vo~0CtZH21
     K09W00F  C2010 01 03.17270605 06 57.80 +17 41 56.9          19.7 Vo~0CtZH21
     K09W00F  C2010 01 03.17603905 06 57.59 +17 41 51.3          19.6 Vo~0CtZH21
     K09W00F  C2010 01 04.17098005 06 11.75 +17 16 28.7                o~0CtZH21
     K09W00F  C2010 01 04.17466205 06 11.54 +17 16 23.2                o~0CtZH21
     K09W00F  C2010 01 04.17906205 06 11.30 +17 16 16.3          20.0 Vo~0CtZH21
     K09W00F KC2010 01 04.24278 05 06 08.46 +17 14 42.9          20.0 Cu~0CtZ448
     K09W00F KC2010 01 04.26229 05 06 07.47 +17 14 14.3          19.4 Cu~0CtZ448
     K09W00F KC2010 01 04.27689 05 06 06.73 +17 13 52.3          20.0 Cu~0CtZ448
     K09W00F  C2010 01 08.20366 05 03 50.94 +15 44 46.3          19.8 Vr~0D5u703
     K09W00F  C2010 01 08.20877 05 03 50.79 +15 44 39.3          19.6 Vr~0D5u703
     K09W00F  C2010 01 08.21393 05 03 50.68 +15 44 33.2          19.8 Vr~0D5u703
     K09W00F  C2010 01 08.21910 05 03 50.40 +15 44 26.7          19.8 Vr~0D5u703
     K09W00F  C2010 01 08.22861 05 03 50.07 +15 44 14.6          20.4 Vr~0D5u703
     K09W00F  C2010 01 08.23470 05 03 49.86 +15 44 06.9          19.8 Vr~0D5u703
     K09W00F  C2010 01 08.24084 05 03 49.71 +15 44 00.5          19.9 Vr~0D5u703
     K09W00F  C2010 01 08.24698 05 03 49.57 +15 43 51.9          19.4 Vr~0D5u703
     K09W00F  C2010 02 07.02023105 14 00.28 +10 40 55.2          21.8 Vo~0DwmH21
     K09W00F  C2010 02 07.03553705 14 01.09 +10 40 52.0          22.1 Vo~0DwmH21
     K09W00F  C2010 02 07.05067705 14 01.82 +10 40 48.7          21.9 Vo~0DwmH21
     K09W00F  C2010 02 08.21786 05 15 06.81 +10 37 02.9          21.4 Vo~0Dwm291
     K09W00F  C2010 02 08.22334 05 15 07.12 +10 37 01.8          21.3 Vo~0Dwm291
     K09W00F  C2010 02 08.22921 05 15 07.44 +10 37 00.9          21.6 Vo~0Dwm291
     K09W00F  C2014 11 26.54636 09 21 10.745+11 52 18.39         21.4 wL~1DN3F51
     K09W00F  C2014 11 26.56887 09 21 10.834+11 51 51.45         21.2 wL~1DN3F51
     K09W00F  C2014 11 26.58008 09 21 10.867+11 51 37.90         21.2 wL~1DN3F51
     K09W00F |C2015 01 01.22515 08 47 45.22 +01 20 42.4          20.2 Vu~1G3U807
     K09W00F |C2015 01 01.23210 08 47 44.37 +01 20 37.4          20.8 Vu~1G3U807
     K09W00F |C2015 01 01.23924 08 47 43.45 +01 20 31.8          20.8 Vu~1G3U807
