     K09Y06S* C2009 12 17.39267 08 30 33.08 +19 57 20.4          21.5 Vr~0Ch7G96
     K09Y06S  C2009 12 17.39952 08 30 32.58 +19 57 20.5          21.0 Vr~0Ch7G96
     K09Y06S  C2009 12 17.40646 08 30 32.07 +19 57 20.8          21.1 Vr~0Ch7G96
     K09Y06S  C2009 12 17.41351 08 30 31.57 +19 57 21.4          22.3 Vr~0Ch7G96
     K09Y06S  C2009 12 17.54363 08 30 22.23 +19 57 29.3          19.7 Ro~0Ch7H01
     K09Y06S  C2009 12 17.54788 08 30 21.92 +19 57 29.5          19.5 Ro~0Ch7H01
     K09Y06S  C2009 12 17.55203 08 30 21.62 +19 57 29.8          19.4 Ro~0Ch7H01
     K09Y06S  C2009 12 18.26425 08 29 30.85 +19 58 15.1          20.2 Ro~0Ch7H01
     K09Y06S  C2009 12 18.26999 08 29 30.43 +19 58 15.4          20.2 Ro~0Ch7H01
     K09Y06S  C2009 12 18.27745 08 29 29.89 +19 58 15.9          20.4 Ro~0Ch7H01
     K09Y06S  C2009 12 18.28763 08 29 29.15 +19 58 16.6          20.0 Ro~0Ch7H01
     K09Y06S  C2009 12 18.29778 08 29 28.41 +19 58 17.2          20.1 Ro~0Ch7H01
     K09Y06S  C2009 12 19.48024 08 28 01.88 +19 59 33.6          20.3 Ro~0Ch7H01
     K09Y06S  C2009 12 19.48745 08 28 01.36 +19 59 33.9          19.9 Ro~0Ch7H01
     K09Y06S  C2009 12 19.49277 08 28 00.95 +19 59 34.3          20.4 Ro~0Ch7H01
     K09Y06S  C2009 12 19.49406 08 28 00.84 +19 59 34.3          20.8 Vr~0Ch7G96
     K09Y06S  C2009 12 19.49521 08 28 00.73 +19 59 34.5          21.2 Vr~0Ch7G96
     K09Y06S  C2009 12 19.49635 08 28 00.62 +19 59 34.6          21.0 Vr~0Ch7G96
     K09Y06S  C2009 12 19.49752 08 28 00.55 +19 59 34.8          21.1 Vr~0Ch7G96
     K09Y06S  C2009 12 19.50164 08 28 00.28 +19 59 34.8          20.4 Ro~0Ch7H01
     K09Y06S  C2009 12 20.32133 08 26 59.25 +20 00 28.7          21.1 Vo~0Ch7291
     K09Y06S  C2009 12 20.32541 08 26 58.94 +20 00 29.1          21.0 Vo~0Ch7291
     K09Y06S  C2009 12 20.32932 08 26 58.65 +20 00 29.0          21.0 Vo~0Ch7291
     K09Y06S  C2009 12 20.37283 08 26 55.37 +20 00 32.0          19.8 Ro~0Ch7H01
     K09Y06S  C2009 12 20.38695 08 26 54.29 +20 00 32.9          20.0 Ro~0Ch7H01
     K09Y06S  C2009 12 20.39531 08 26 53.64 +20 00 33.5          20.4 Ro~0Ch7H01
     K09Y06S  C2009 12 20.40779 08 26 52.70 +20 00 34.3          20.2 Ro~0Ch7H01
     K09Y06S KC2009 12 21.34839 08 25 41.25 +20 01 36.4          20.6 Ru~0Ch7H36
     K09Y06S KC2009 12 21.41424 08 25 36.02 +20 01 40.6          21.0 Ru~0Ch7H36
     K09Y06S KC2009 12 21.42521 08 25 35.28 +20 01 41.2          21.1 Ru~0Ch7H36
     K09Y06S  C2009 12 21.53122 08 25 27.06 +20 01 48.5          20.2 Ro~0Ch7H01
     K09Y06S  C2009 12 21.53779 08 25 26.55 +20 01 48.7          20.4 Ro~0Ch7H01
     K09Y06S  C2009 12 21.54330 08 25 26.08 +20 01 49.2          20.5 Ro~0Ch7H01
     K09Y06S  C2009 12 21.55008 08 25 25.60 +20 01 49.7          20.4 Ro~0Ch7H01
     K09Y06S HC2009 12 25.46022 08 20 13.51 +20 06 14.3          21.2 Vo~0Ctj691
     K09Y06S HC2009 12 25.47790 08 20 12.10 +20 06 15.6                o~0Ctj691
     K09Y06S HC2009 12 25.49561 08 20 10.57 +20 06 16.7          20.9 Vo~0Ctj691
     K09Y06S 1C2010 01 04.50125 08 05 18.14 +20 17 07.6                 ~0CtjF65
     K09Y06S 1C2010 01 04.50417 08 05 17.87 +20 17 08.4                 ~0CtjF65
     K09Y06S 1C2010 01 04.50683 08 05 17.59 +20 17 08.4                 ~0CtjF65
     K09Y06S 1C2010 01 04.52783 08 05 15.58 +20 17 10.0                 ~0CtjF65
     K09Y06S 1C2010 01 04.53219 08 05 15.17 +20 17 10.2                 ~0CtjF65
     K09Y06S 1C2010 01 04.53905 08 05 14.41 +20 17 11.2                 ~0CtjF65
     K09Y06S  C2010 01 05.23863 08 04 07.66 +20 17 52.1          20.2 Vo~0Ctj291
     K09Y06S  C2010 01 05.24267 08 04 07.28 +20 17 51.1          20.5 Vo~0Ctj291
     K09Y06S  C2010 01 07.38575 08 00 38.95 +20 19 50.1          20.6 Vr~0D6DG96
     K09Y06S  C2010 01 07.40000 08 00 37.51 +20 19 50.8          20.2 Vr~0D6DG96
     K09Y06S  C2010 01 07.40718 08 00 36.79 +20 19 51.6          20.2 Vr~0D6DG96
     K09Y06S  C2010 01 15.29924 07 47 15.04 +20 25 31.8          21.2 Co~0DY0926
     K09Y06S  C2010 01 15.30131 07 47 14.84 +20 25 30.2          20.7 Co~0DY0926
     K09Y06S  C2010 01 15.30337 07 47 14.62 +20 25 28.9          21.3 Co~0DY0926
     K09Y06S 2C2010 01 19.60576707 39 41.007+20 27 08.05         20.0 Ro~0DY0568
     K09Y06S 5C2010 01 22.43469 07 34 39.85 +20 27 33.2                o~0DY0F65
     K09Y06S 5C2010 01 22.43556 07 34 39.75 +20 27 33.2                o~0DY0F65
     K09Y06S  C2010 01 25.27705 07 29 36.35 +20 27 23.7          20.6 Co~0DY0926
     K09Y06S  C2010 01 25.28087 07 29 35.92 +20 27 23.7          20.7 Co~0DY0926
     K09Y06S KC2010 02 08.80766 07 04 23.61 +20 17 20.7          20.7 Ru~0DxNB67
     K09Y06S KC2010 02 08.81467 07 04 22.90 +20 17 20.4          20.6 Ru~0DxNB67
     K09Y06S KC2010 02 08.82202 07 04 22.19 +20 17 20.1          20.2 Ru~0DxNB67
     K09Y06S  S2010 03 18.71967 06 17 22.76 +19 00 37.0                L~0K95C51
     K09Y06S  s2010 03 18.71967 1 + 1043.5683 + 6462.9186 + 2206.8958   ~0K95C51
     K09Y06S  S2010 03 18.85197 06 17 16.72 +19 00 18.5                L~0K95C51
     K09Y06S  s2010 03 18.85197 1 + 1027.9038 + 6468.8381 + 2197.1428   ~0K95C51
     K09Y06S  S2010 03 18.98427 06 17 10.49 +19 00 01.7                L~0K95C51
     K09Y06S  s2010 03 18.98427 1 + 1012.0244 + 6474.8733 + 2186.6707   ~0K95C51
     K09Y06S  S2010 03 19.05049 06 17 07.64 +18 59 49.1                L~0K95C51
     K09Y06S  s2010 03 19.05049 1 + 1007.6258 + 6464.0240 + 2219.8221   ~0K95C51
     K09Y06S  S2010 03 19.11658 06 17 04.59 +18 59 39.4                L~0K95C51
     K09Y06S  s2010 03 19.11658 1 +  996.0651 + 6481.0099 + 2174.9345   ~0K95C51
     K09Y06S  S2010 03 19.18279 06 17 01.59 +18 59 30.0                L~0K95C51
     K09Y06S  s2010 03 19.18279 1 +  992.0536 + 6470.0505 + 2208.9227   ~0K95C51
     K09Y06S  S2010 03 19.31510 06 16 55.62 +18 59 10.1                L~0K95C51
     K09Y06S  s2010 03 19.31510 1 +  976.6077 + 6475.9222 + 2198.9725   ~0K95C51
     K09Y06S  S2010 03 19.44740 06 16 49.65 +18 58 51.3                L~0K95C51
     K09Y06S  s2010 03 19.44740 1 +  960.8390 + 6482.0372 + 2188.6980   ~0K95C51
     K09Y06S |C2010 10 06.43523 06 32 36.15 -07 40 08.4                c~0NIhH06
     K09Y06S |C2010 10 06.43876 06 32 35.88 -07 40 16.2                c~0NIhH06
     K09Y06S |C2010 10 06.44229 06 32 35.61 -07 40 23.9          19.3 Vc~0NIhH06
     K09Y06S  C2010 10 06.46210 06 32 34.05 -07 41 04.8          17.8 Ro~0NIhH10
     K09Y06S  C2010 10 06.46742 06 32 33.62 -07 41 16.6          18.3 Ro~0NIhH10
     K09Y06S  C2010 10 06.47400 06 32 33.08 -07 41 29.6          17.8 Ro~0NIhH10
     K09Y06S |C2010 10 07.41616 06 31 18.90 -08 14 39.3                o~0NIhH06
     K09Y06S |C2010 10 07.41915 06 31 18.66 -08 14 45.8                o~0NIhH06
     K09Y06S |C2010 10 07.42214 06 31 18.42 -08 14 52.1          18.2 Ro~0NIhH06
     K09Y06S  C2010 10 08.48183 06 29 49.48 -08 53 16.3          18.1 Ro~0NIhH10
     K09Y06S  C2010 10 08.48759 06 29 48.87 -08 53 28.7          17.9 Ro~0NIhH10
     K09Y06S  C2010 10 09.45647 06 28 22.58 -09 29 41.6          18.9 Vo~0NmSH11
     K09Y06S  C2010 10 09.46119 06 28 22.12 -09 29 52.3          18.8 Vo~0NmSH11
     K09Y06S  C2010 10 09.46647 06 28 21.64 -09 30 04.2          18.8 Vo~0NmSH11
     K09Y06S  C2010 10 11.42707 06 25 10.57 -10 46 37.8          17.9 Ro~0NmSH10
     K09Y06S  C2010 10 11.43848 06 25 09.38 -10 47 05.0          16.9 Ro~0NmSH10
     K09Y06S  C2010 10 12.42778 06 23 24.16 -11 27 27.0          18.0 Ro~0NmSH10
     K09Y06S  C2010 10 12.43610 06 23 23.23 -11 27 47.5          18.0 Ro~0NmSH10
     K09Y06S  C2010 10 12.44501 06 23 22.24 -11 28 09.6          17.9 Ro~0NmSH10
     K09Y06S  C2010 10 14.46785 06 19 26.86 -12 54 28.9          17.9 Ro~0NmSH10
     K09Y06S  C2010 10 14.47416 06 19 26.07 -12 54 45.6          17.9 Ro~0NmSH10
     K09Y06S  C2010 10 14.48048 06 19 25.27 -12 55 02.3          17.7 Ro~0NmSH10
     K09Y06S |C2010 11 05.65177 04 49 43.37 -33 52 28.5                o~0OQTD90
     K09Y06S |C2010 11 05.65360 04 49 42.61 -33 52 35.4                o~0OQTD90
     K09Y06S |C2010 11 05.65544 04 49 41.83 -33 52 42.5          16.9 Ro~0OQTD90
     K09Y06S |C2010 11 16.66883 03 17 57.30 -43 09 24.9                c~0PMtD90
     K09Y06S |C2010 11 16.67124 03 17 55.92 -43 09 29.7          16.9 Vc~0PMtD90
     K09Y06S  S2010 12 04.72061 00 45 44.77 -43 51 13.5                L~0PnYC51
     K09Y06S  s2010 12 04.72061 1 + 4227.3637 -  755.8951 - 5415.3773   ~0PnYC51
     K09Y06S  S2010 12 04.91913 00 44 31.75 -43 47 27.8                L~0PnYC51
     K09Y06S  s2010 12 04.91913 1 + 4294.1952 -  772.1660 - 5360.2103   ~0PnYC51
     K09Y06S  S2010 12 04.98522 00 44 07.55 -43 46 11.8                L~0PnYC51
     K09Y06S  s2010 12 04.98522 1 + 4275.9992 -  758.2367 - 5376.6518   ~0PnYC51
     K09Y06S  S2010 12 05.05130 00 43 43.46 -43 44 55.2                L~0PnYC51
     K09Y06S  s2010 12 05.05130 1 + 4257.5372 -  744.1902 - 5393.2111   ~0PnYC51
     K09Y06S  S2010 12 05.05143 00 43 43.44 -43 44 55.8                L~0PnYC51
     K09Y06S  s2010 12 05.05143 1 + 4316.9687 -  772.2465 - 5341.7084   ~0PnYC51
     K09Y06S  S2010 12 05.11752 00 43 19.40 -43 43 39.3                L~0PnYC51
     K09Y06S  s2010 12 05.11752 1 + 4298.9189 -  758.3761 - 5358.0899   ~0PnYC51
     K09Y06S  S2010 12 05.18361 00 42 55.45 -43 42 22.2                L~0PnYC51
     K09Y06S  s2010 12 05.18361 1 + 4281.2590 -  744.7030 - 5374.0567   ~0PnYC51
     K09Y06S  S2010 12 05.31591 00 42 07.76 -43 39 48.1                L~0PnYC51
     K09Y06S  s2010 12 05.31591 1 + 4305.9021 -  745.6910 - 5354.1341   ~0PnYC51
     K09Y06S  C2010 12 15.41343 23 54 43.40 -39 55 46.1                u~0Qix432
     K09Y06S  C2010 12 15.42606 23 54 40.63 -39 55 28.9                u~0Qix432
     K09Y06S  C2010 12 15.43605 23 54 38.41 -39 55 14.8                u~0Qix432
     K09Y06S  C2010 12 15.46806 23 54 31.64 -39 54 29.6          18.2 Vo~0PnYE16
     K09Y06S  C2010 12 15.47349 23 54 30.42 -39 54 22.0          18.3 Vo~0PnYE16
     K09Y06S  C2010 12 16.47001 23 51 02.84 -39 31 20.5          18.3 Vo~0QixE16
     K09Y06S  C2010 12 16.48015 23 51 00.72 -39 31 07.8          18.3 Vo~0QixE16
     K09Y06S KC2010 12 20.41022 23 39 00.05 -38 01 46.0                u~0Qix432
     K09Y06S KC2010 12 20.42911 23 38 56.95 -38 01 19.9                u~0Qix432
     K09Y06S KC2010 12 20.44727 23 38 53.88 -38 00 55.3                u~0Qix432
     K09Y06S |C2011 05 12.43885 22 07 30.09 -15 33 34.7                c~0W0XH06
     K09Y06S |C2011 05 12.44455 22 07 29.54 -15 33 32.5          18.8 Rc~0W0XH06
     K09Y06S |C2011 05 13.45336 22 05 58.77 -15 31 33.4          18.4 Rc~0W0XH06
     K09Y06S |C2011 05 13.45456 22 05 58.69 -15 31 32.8          18.3 Rc~0W0XH06
     K09Y06S |C2011 05 13.45576 22 05 58.60 -15 31 32.6          18.4 Rc~0W0XH06
     K09Y06S  C2011 06 03.39924 21 21 40.89 -15 06 40.2          18.5 Vr~0WGKG96
     K09Y06S  C2011 06 03.40620 21 21 39.70 -15 06 39.9          18.5 Vr~0WGKG96
     K09Y06S  C2011 06 03.41324 21 21 38.55 -15 06 39.7          18.5 Vr~0WGKG96
     K09Y06S  C2011 06 03.42022 21 21 37.36 -15 06 39.4          18.5 Vr~0WGKG96
     K09Y06S  C2011 06 12.35291 20 54 16.95 -14 59 36.3          18.4 Vr~0WRUG96
     K09Y06S  C2011 06 12.35977 20 54 15.58 -14 59 35.9          18.3 Vr~0WRUG96
     K09Y06S  C2011 06 12.36677 20 54 14.14 -14 59 35.6          18.4 Vr~0WRUG96
     K09Y06S  C2011 06 12.37375 20 54 12.78 -14 59 35.5          18.3 Vr~0WRUG96
     K09Y06S  C2011 06 22.64638 20 17 13.70 -14 44 40.3          18.2 Vr~0Wc3E12
     K09Y06S  C2011 06 22.65832 20 17 10.93 -14 44 39.1          18.1 Vr~0Wc3E12
     K09Y06S  C2011 06 22.67059 20 17 08.01 -14 44 37.1          17.7 Vr~0Wc3E12
     K09Y06S  C2011 06 22.68254 20 17 05.35 -14 44 35.5          18.0 Vr~0Wc3E12
     K09Y06S  C2011 06 24.37591 20 10 35.70 -14 41 03.5          18.1  c~0WjF704
     K09Y06S  C2011 06 24.38614 20 10 33.32 -14 41 02.6          18.4  c~0WjF704
     K09Y06S  C2011 06 24.39643 20 10 30.88 -14 41 00.3          18.5  c~0WjF704
     K09Y06S  C2011 06 24.40668 20 10 28.47 -14 40 58.6          18.1  c~0WjF704
     K09Y06S  C2011 06 24.41726 20 10 26.05 -14 40 56.7          18.4  c~0WjF704
     K09Y06S  C2011 06 27.29819 19 59 14.71 -14 33 49.5          17.8 Vr~0WjFG96
     K09Y06S  C2011 06 27.30620 19 59 12.80 -14 33 48.2          17.8 Vr~0WjFG96
     K09Y06S  C2011 06 27.31436 19 59 10.86 -14 33 46.9          17.6 Vr~0WjFG96
     K09Y06S KC2011 07 01.34611 19 43 23.68 -14 21 47.2          17.2 Rt~0WrBH47
     K09Y06S KC2011 07 01.35121 19 43 22.43 -14 21 46.9          17.3 Rt~0WrBH47
     K09Y06S  C2011 07 02.27797 19 39 45.41 -14 18 42.4          18.0  c~0WrB704
     K09Y06S  C2011 07 02.28875 19 39 42.85 -14 18 39.3          18.1  c~0WrB704
     K09Y06S  C2011 07 02.29920 19 39 40.39 -14 18 37.6          18.2  c~0WrB704
     K09Y06S  C2012 06 15.39159 16 48 22.688+05 55 48.20         22.0 wL~0hJyF51
     K09Y06S  C2012 06 15.41886 16 48 21.010+05 55 51.13         21.8 wL~0hJyF51
     K09Y06S  C2012 06 15.43251 16 48 20.155+05 55 52.43         21.7 wL~0hJyF51
     K09Y06S ^C2013 04 08.35724 16 38 59.81 +08 12 04.2          22.7 Ro~0sw6695
     K09Y06S ^C2013 04 08.36497 16 38 59.53 +08 12 06.1          22.7 Ro~0sw6695
     K09Y06S ^C2013 04 08.37272 16 38 59.40 +08 12 07.5                o~0sw6695
     K09Y06S ^C2013 04 08.38132 16 38 59.18 +08 12 10.5          22.7 Ro~0sw6695
     K09Y06S ^C2013 04 10.45990 16 38 01.36 +08 22 01.2          22.8 Ro~0sw6695
     K09Y06S ^C2013 04 10.46751 16 38 01.08 +08 22 03.4          22.9 Ro~0sw6695
     K09Y06S ^C2013 04 10.47497 16 38 00.89 +08 22 06.0          22.9 Ro~0sw6695
     K09Y06S ^C2013 06 09.35169 16 02 00.09 +11 21 42.6                o~0sbq695
     K09Y06S ^C2013 06 09.35913 16 01 59.77 +11 21 43.2          22.8 Ro~0sbq695
     K09Y06S ^C2013 06 09.36658 16 01 59.55 +11 21 43.5          22.9 Ro~0sbq695
     K09Y06S ^C2013 06 10.32086 16 01 25.23 +11 22 23.8                o~0sbq695
     K09Y06S ^C2013 06 10.32831 16 01 24.99 +11 22 24.3                o~0sbq695
     K09Y06S ^C2013 06 10.33576 16 01 24.71 +11 22 24.7          22.8 Ro~0sbq695
