W5395K09C05Q* C2009 02 14.09547 01 14 06.93 +10 57 21.7          18.8 Vr~04M0703
W5395K09C05Q  C2009 02 14.10587 01 14 10.06 +10 57 25.3          18.6 Vr~04M0703
W5395K09C05Q  C2009 02 14.11115 01 14 11.50 +10 57 26.6          19.7 Vr~04M0703
W5395K09C05Q  C2009 02 14.13580 01 14 18.74 +10 57 31.9          19.6 Vr~04M0703
W5395K09C05Q  C2009 02 14.13675 01 14 19.10 +10 57 33.8          19.0 Vr~04M0703
W5395K09C05Q  C2009 02 14.13770 01 14 19.39 +10 57 34.3          19.5 Vr~04M0703
W5395K09C05Q  C2009 02 14.13865 01 14 19.53 +10 57 33.8          19.5 Vr~04M0703
W5395K09C05Q  C2009 02 14.76270 01 17 25.12 +11 00 28.1                v~04M0204
W5395K09C05Q  C2009 02 14.76974 01 17 27.18 +11 00 30.1                v~04M0204
W5395K09C05Q  C2009 02 14.77678 01 17 29.25 +11 00 32.4          19.0 Cv~04M0204
W5395K09C05Q  C2009 02 14.79286 01 17 34.00 +11 00 37.5          19.1 Cr~04M0493
W5395K09C05Q  C2009 02 14.79405 01 17 34.34 +11 00 37.7          19.0 Cr~04M0493
W5395K09C05Q  C2009 02 14.79526 01 17 34.70 +11 00 38.0          19.3 Cr~04M0493
W5395K09C05Q  C2009 02 15.74502 01 22 16.59 +11 04 44.0          19.6 Vc~04M0104
W5395K09C05Q  C2009 02 15.74779 01 22 17.29 +11 04 44.4          19.5 Vc~04M0104
W5395K09C05Q  C2009 02 15.75014 01 22 18.04 +11 04 45.1          19.2 Vc~04M0104
W5395K09C05Q  C2009 02 15.79869 01 22 32.40 +11 04 57.6          19.2 Cr~04M0493
W5395K09C05Q  C2009 02 15.79974 01 22 32.71 +11 04 57.9          19.2 Cr~04M0493
W5395K09C05Q  C2009 02 15.80079 01 22 33.02 +11 04 58.1          19.3 Cr~04M0493
W5395K09C05Q  C2009 02 19.08136 01 38 44.51 +11 15 58.3          19.0 Rr~04M0448
W5395K09C05Q  C2009 02 19.08917 01 38 46.81 +11 15 59.6          19.5 Rr~04M0448
W5395K09C05Q  C2009 02 19.10319 01 38 50.85 +11 16 01.7          19.5 Rr~04M0448
W5395K09C05Q  C2009 02 20.03872 01 43 27.27 +11 18 14.9          19.8 Vo~04bfH55
W5395K09C05Q  C2009 02 20.03924 01 43 27.43 +11 18 15.0          19.8 Vo~04bfH55
W5395K09C05Q  C2009 02 20.04090 01 43 27.94 +11 18 15.3          19.7 Vo~04bgH55
W5395K09C05Q  C2009 02 20.04197 01 43 28.25 +11 18 15.5          20.0 Vo~04bgH55
W5395K09C05Q  C2009 02 20.10314 01 43 46.25 +11 18 24.4          19.5 Vo~04M0291
W5395K09C05Q  C2009 02 20.10676 01 43 47.31 +11 18 24.6          19.3 Vr~04M0G96
W5395K09C05Q  C2009 02 20.10705 01 43 47.40 +11 18 24.8          19.5 Vo~04M0291
W5395K09C05Q  C2009 02 20.10853 01 43 47.82 +11 18 24.8          19.3 Vr~04M0G96
W5395K09C05Q  C2009 02 20.11037 01 43 48.39 +11 18 24.9          19.4 Vr~04M0G96
W5395K09C05Q  C2009 02 20.11105 01 43 48.57 +11 18 25.3          19.5 Vo~04M0291
W5395K09C05Q  C2009 02 20.11221 01 43 48.90 +11 18 25.2          19.4 Vr~04M0G96
W5395K09C05Q  C2009 02 26.10239 02 13 06.62 +11 23 33.8          19.3 Rr~04bg448
W5395K09C05Q  C2009 02 26.11601 02 13 10.57 +11 23 35.2          19.2 Rr~04bg448
W5395K09C05Q  C2009 03 16.13710 03 37 54.15 +10 15 22.9          19.3 Rr~05Jx448
W5395K09C05Q  C2009 03 16.14865 03 37 57.29 +10 15 17.9          19.2 Rr~05Jx448
W5395K09C05Q  C2009 03 17.04840103 42 00.82 +10 09 09.5          19.6 Vo~05JxH55
W5395K09C05Q  C2009 03 17.05080403 42 01.45 +10 09 08.6          19.7 Vo~05JxH55
W5395K09C05Q  C2009 03 17.05799803 42 03.33 +10 09 05.4          19.6 Vo~05JxH55
W5395K09C05Q FC2009 03 20.80803 03 58 46.15 +09 41 14.3                c~05Ye587
W5395K09C05Q FC2009 03 20.81472 03 58 47.92 +09 41 11.5                c~05Ye587
W5395K09C05Q  C2009 03 28.10473 04 30 24.41 +08 38 18.4          18.6 Rr~05u1448
W5395K09C05Q  C2009 03 28.11575 04 30 27.12 +08 38 12.2          19.1 Rr~05u1448
W5395K09C05Q  C2009 03 28.12225 04 30 28.85 +08 38 09.3          20.0 Vo~05u1291
W5395K09C05Q  C2009 03 28.12617 04 30 29.87 +08 38 07.0          19.9 Vo~05u1291
W5395K09C05Q  C2009 03 28.13010 04 30 30.84 +08 38 04.9          20.0 Vo~05u1291
W5395K09C05Q  C2009 04 08.04762 05 15 46.23 +06 47 25.3                o~06BaH55
W5395K09C05Q  C2009 04 08.05060 05 15 46.94 +06 47 23.3          19.1 Vo~06BaH55
W5395K09C05Q  C2009 04 08.05379 05 15 47.74 +06 47 21.3          19.4 Vo~06BaH55
W5395K09C05Q  C2009 04 09.05873 05 19 50.68 +06 36 26.7          18.8 Vo~06BaH55
W5395K09C05Q  C2009 04 09.06293 05 19 51.67 +06 36 23.7          19.4 Vo~06BaH55
W5395K09C05Q  C2009 04 09.06835 05 19 52.94 +06 36 19.5          19.6 Vo~06BaH55
W5395K09C05Q QC2009 07 20.36515 11 46 54.37 -11 02 24.9          19.2 Vr~07lvE12
W5395K09C05Q QC2009 07 20.36978 11 46 55.46 -11 02 26.1          19.3 Vr~07lvE12
W5395K09C05Q  C2009 08 23.02323 13 59 58.59 -11 45 04.7          18.9 Cr~08UsI19
W5395K09C05Q  C2009 08 23.02736 13 59 59.54 -11 45 03.7          18.7 Cr~08UsI19
W5395K09C05Q  C2009 08 23.03077 14 00 00.34 -11 45 03.1          18.3 Cr~08UsI19
W5395K09C05Q  C2009 12 01.65695 20 02 57.14 +06 44 05.3          19.3  o~0GWYC20
W5395K09C05Q  C2009 12 05.65514 20 18 40.02 +07 15 46.2          20.2  o~0GWYC20
W5395K09C05Q  C2009 12 05.65808 20 18 40.74 +07 15 47.3          18.9  o~0GWYC20
W5395K09C05Q  C2009 12 05.75987 20 19 05.11 +07 16 29.6          19.0 Cw~0C9w160
W5395K09C05Q  C2009 12 05.76283 20 19 05.86 +07 16 30.6          18.6 Cw~0C9w160
W5395K09C05Q  C2009 12 05.76538 20 19 06.46 +07 16 31.9          18.6 Cw~0C9w160
W5395K09C05Q  C2009 12 16.99153 21 06 58.03 +07 55 52.8          18.3 Rr~0CK4932
W5395K09C05Q  C2009 12 16.99752 21 06 59.63 +07 55 52.9          18.4 Rr~0CK4932
W5395K09C05Q  C2009 12 16.99985 21 07 00.27 +07 55 52.7          18.6 Rr~0CK4932
W5395K09C05Q  C2010 01 06.07377 22 51 18.50 +04 22 16.4          17.6 Vr~0D5N703
W5395K09C05Q  C2010 01 06.07919 22 51 20.37 +04 22 08.7          18.0 Vr~0D5N703
W5395K09C05Q  C2010 01 06.08470 22 51 22.28 +04 22 01.6          18.3 Vr~0D5N703
W5395K09C05Q  C2010 01 06.09014 22 51 24.12 +04 21 54.1          18.4 Vr~0D5N703
W5395K09C05Q  C2010 01 07.68517 23 00 48.64 +03 44 10.2          18.7  u~0JWSC20
W5395K09C05Q  C2010 01 07.68812 23 00 49.66 +03 44 05.7          18.5  u~0JWSC20
W5395K09C05Q  C2010 01 08.69510 23 06 50.39 +03 18 39.2          18.7  u~0JWSC20
W5395K09C05Q KC2010 01 13.09379 23 33 41.73 +01 13 11.6          18.1 Cu~0D5N448
W5395K09C05Q KC2010 01 13.09817 23 33 43.33 +01 13 03.6          18.8 Cu~0D5N448
W5395K09C05Q KC2010 01 13.10378 23 33 45.39 +01 12 53.0          18.9 Cu~0D5N448
W5395K09C05Q  C2010 02 01.72859 01 36 07.49 -11 03 02.1          17.7  u~0JWSC20
W5395K09C05Q  C2010 02 06.71743 02 04 55.48 -14 09 58.9          17.5  u~0JWSC20
W5395K09C05Q  C2010 02 06.72037 02 04 56.42 -14 10 05.8          17.6  u~0JWSC20
W5395K09C05Q  C2010 02 14.01317 02 43 48.36 -18 13 08.7          17.6 Vo~0DvmH21
W5395K09C05Q  C2010 02 14.01773 02 43 49.71 -18 13 16.7          17.8 Vo~0DvmH21
W5395K09C05Q  C2010 02 14.02015 02 43 50.42 -18 13 21.1          17.8 Vo~0DvmH21
W5395K09C05Q  C2010 02 14.02378 02 43 51.50 -18 13 27.4          17.9 Vo~0DvmH21
W5395K09C05Q  C2010 02 24.55813 03 32 52.73 -22 50 28.2          17.2 Rc~0DvmD21
W5395K09C05Q  C2010 02 24.56068 03 32 53.37 -22 50 32.1          17.1 Rc~0DvmD21
W5395K09C05Q QC2010 03 11.41324 04 29 55.60 -27 12 23.2          17.8 Rr~0F67E12
W5395K09C05Q QC2010 03 11.42037 04 29 57.05 -27 12 28.7                r~0F67E12
W5395K09C05Q QC2010 03 11.42746 04 29 58.46 -27 12 34.1                r~0F67E12
W5395K09C05Q QC2010 03 11.43462 04 29 59.91 -27 12 39.4                r~0F67E12
W5395K09C05Q  C2010 03 27.40216405 21 34.07 -29 53 33.3                r~0FnR432
W5395K09C05Q  C2010 03 27.41046705 21 35.48 -29 53 35.4                r~0FnR432
W5395K09C05Q  C2010 03 27.42134605 21 37.35 -29 53 40.5                r~0FnR432
W5395K09C05Q  C2010 03 28.37016205 24 30.69 -30 00 26.8                r~0FnR432
W5395K09C05Q  C2010 03 28.37195605 24 31.09 -30 00 27.0                r~0FnR432
W5395K09C05Q  C2010 03 28.40883105 24 37.43 -30 00 40.3                r~0FnR432
W5395K09C05Q QC2010 04 10.44314 06 03 21.18 -31 06 24.3                r~0IQhE12
W5395K09C05Q QC2010 04 10.45869 06 03 23.86 -31 06 26.4                r~0IQhE12
W5395K09C05Q KC2010 05 25.37016808 30 52.52 -28 56 30.2          17.8 Cu~0I0u432
W5395K09C05Q KC2010 05 26.34512408 34 39.16 -28 45 25.5          18.0 Cu~0I0u432
W5395K09C05Q KC2010 05 26.35756708 34 41.86 -28 45 18.2          18.2 Cu~0I0u432
W5395K09C05Q  C2010 08 07.04311 13 41 07.87 +15 01 18.6                o~0LmxI15
W5395K09C05Q  C2010 08 07.05044 13 41 09.12 +15 01 37.3                o~0LmxI15
W5395K09C05Q  C2010 08 07.05484 13 41 09.89 +15 01 49.9                o~0LmxI15
W5395K09C05Q KC2010 08 11.81405 13 55 28.45 +18 40 37.0          18.4 Vu~0LmxB38
W5395K09C05Q KC2010 08 11.81927 13 55 29.32 +18 40 50.7          18.3 Vu~0LmxB38
W5395K09C05Q KC2010 08 11.82464 13 55 30.19 +18 41 04.8          18.3 Vu~0LmxB38
W5395K09C05Q KC2010 08 11.83294 13 55 31.59 +18 41 27.3          18.2 Vu~0LmxB38
W5395K09C05Q KC2010 08 11.83894 13 55 32.59 +18 41 43.5          18.2 Vu~0LmxB38
W5395K09C05Q KC2010 08 11.84504 13 55 33.60 +18 41 59.5          18.3 Vu~0LmxB38
W5395K09C05Q KC2010 08 13.80233 14 01 00.79 +20 09 14.8          18.3 Vu~0M6mB38
W5395K09C05Q KC2010 08 13.80848 14 01 01.77 +20 09 31.7          18.5 Vu~0M6mB38
W5395K09C05Q KC2010 08 13.81248 14 01 02.40 +20 09 41.1          18.4 Vu~0M6mB38
W5395K09C05Q KC2010 08 13.81710 14 01 03.14 +20 09 53.7          18.3 Vu~0M6mB38
W5395K09C05Q KC2010 08 13.82234 14 01 03.96 +20 10 07.7          18.5 Vu~0M6mB38
W5395K09C05Q KC2010 08 13.82361 14 01 04.14 +20 10 10.7          18.3 Vu~0M6mB38
W5395K09C05Q KC2010 08 13.82758 14 01 04.77 +20 10 21.6          18.4 Vu~0M6mB38
W5395K09C05Q KC2010 08 15.82990 14 06 22.76 +21 37 50.8          18.6 Vu~0M6mB38
W5395K09C05Q KC2010 08 15.83683 14 06 23.82 +21 38 08.6          18.4 Vu~0M6mB38
W5395K09C05Q KC2010 08 15.84354 14 06 24.83 +21 38 26.3          18.5 Vu~0M6mB38
W5395K09C05Q KC2010 08 16.80695 14 08 51.94 +22 19 55.8          18.5 Vu~0M6mB38
W5395K09C05Q KC2010 08 16.81039 14 08 52.40 +22 20 04.3          18.4 Vu~0M6mB38
W5395K09C05Q KC2010 08 16.81352 14 08 52.82 +22 20 12.2          18.4 Vu~0M6mB38
W5395K09C05Q KC2010 08 17.81691 14 11 21.62 +23 02 56.7          18.5 Vu~0M6mB38
W5395K09C05Q KC2010 08 17.82023 14 11 22.02 +23 03 05.5          18.4 Vu~0M6mB38
W5395K09C05Q KC2010 08 17.82641 14 11 22.92 +23 03 20.9          18.6 Vu~0M6mB38
W5395K09C05Q KC2010 08 17.83133 14 11 23.61 +23 03 32.2          18.5 Vu~0M6mB38
W5395K09C05Q KC2010 08 17.83470 14 11 24.07 +23 03 40.3          18.5 Vu~0M6mB38
W5395K09C05Q KC2010 08 26.79746 14 30 09.44 +29 04 42.0          18.6 Vu~0MTUB38
W5395K09C05Q KC2010 08 26.80285 14 30 09.94 +29 04 53.7          18.3 Vu~0MTUB38
W5395K09C05Q KC2010 08 26.80779 14 30 10.45 +29 05 04.8          18.6 Vu~0MTUB38
W5395K09C05Q KC2010 08 26.81297 14 30 11.02 +29 05 16.1          18.7 Vu~0MTUB38
W5395K09C05Q KC2010 08 26.81859 14 30 11.53 +29 05 28.7          18.7 Vu~0MTUB38
W5395K09C05Q  C2010 08 27.03018 14 30 33.54 +29 13 33.4                u~0MTUI15
W5395K09C05Q  C2010 08 27.03756 14 30 34.22 +29 13 50.1                u~0MTUI15
W5395K09C05Q  C2010 08 27.04795 14 30 35.30 +29 14 13.0                u~0MTUI15
W5395K09C05Q KC2010 08 30.78584 14 36 25.99 +31 32 37.5          18.7 Vu~0MTUB38
W5395K09C05Q KC2010 08 30.79206 14 36 26.48 +31 32 50.6          18.7 Vu~0MTUB38
W5395K09C05Q KC2010 08 30.79754 14 36 26.90 +31 33 02.0          18.8 Vu~0MTUB38
W5395K09C05Q KC2010 08 30.80522 14 36 27.55 +31 33 18.1          18.4 Vu~0MTUB38
W5395K09C05Q KC2010 08 31.80639 14 37 49.28 +32 09 07.3          18.6 Vu~0MTUB38
W5395K09C05Q KC2010 08 31.81076 14 37 49.62 +32 09 16.3          18.6 Vu~0MTUB38
W5395K09C05Q KC2010 08 31.81489 14 37 49.92 +32 09 25.1          18.8 Vu~0MTUB38
W5395K09C05Q KC2010 08 31.81987 14 37 50.28 +32 09 35.3          18.7 Vu~0MTUB38
W5395K09C05Q KC2010 08 31.82457 14 37 50.61 +32 09 44.8          18.6 Vu~0MTUB38
W5395K09C05Q  C2010 09 15.01102 14 47 15.43 +39 35 53.1                u~0MuoI15
W5395K09C05Q  C2010 09 15.01967 14 47 15.38 +39 36 06.6                u~0MuoI15
W5395K09C05Q  C2010 09 15.02617 14 47 15.34 +39 36 16.5                u~0MuoI15
W5395K09C05Q KC2010 09 15.76463 14 47 12.12 +39 56 04.3          18.8 Vu~0MuoB38
W5395K09C05Q KC2010 09 15.77002 14 47 12.03 +39 56 12.0          18.7 Vu~0MuoB38
W5395K09C05Q KC2010 09 15.77541 14 47 11.95 +39 56 20.2          18.8 Vu~0MuoB38
W5395K09C05Q KC2010 09 15.78031 14 47 11.91 +39 56 27.7          18.9 Vu~0MuoB38
W5395K09C05Q KC2010 09 15.78517 14 47 11.85 +39 56 35.6          18.8 Vu~0MuoB38
W5395K09C05Q  C2010 12 05.50045 12 53 12.12 +01 09 26.0          18.2 Vr~0Pn3703
W5395K09C05Q  C2010 12 05.50717 12 53 12.37 +01 08 56.0          18.1 Vr~0Pn3703
W5395K09C05Q  C2010 12 05.51395 12 53 12.58 +01 08 25.4          18.1 Vr~0Pn3703
W5395K09C05Q  C2010 12 05.52070 12 53 12.84 +01 07 54.8          18.1 Vr~0Pn3703
W5395K09C05Q |C2011 05 18.36957 23 21 39.59 -25 57 53.4          18.6 Vo~0W0U807
W5395K09C05Q |C2011 05 18.37158 23 21 39.95 -25 57 45.2          18.7 Vo~0W0U807
W5395K09C05Q |C2011 05 18.37360 23 21 40.34 -25 57 37.1          18.8 Vo~0W0U807
W5395K09C05Q |C2011 05 18.37412 23 21 40.43 -25 57 34.9          18.9 Vo~0W0U807
W5395K09C05Q  C2011 06 28.37654 01 26 21.27 +25 29 01.2          19.1 Vo~0WjD691
W5395K09C05Q  C2011 06 28.38925 01 26 24.22 +25 29 55.2          19.1 Vo~0WjD691
W5395K09C05Q  C2011 06 28.40196 01 26 27.15 +25 30 49.2          19.1 Vo~0WjD691
W5395K09C05Q  C2011 07 01.42344 01 38 28.49 +28 56 50.3          18.9 Vo~0WjD691
W5395K09C05Q  C2011 07 01.43614 01 38 31.56 +28 57 41.6          18.9 Vo~0WjD691
W5395K09C05Q  C2011 07 01.44885 01 38 34.60 +28 58 32.5          18.9 Vo~0WjD691
W5395K09C05Q KC2011 08 11.08950 05 21 44.24 +51 18 01.1                t~0XP9204
W5395K09C05Q KC2011 08 11.09587 05 21 46.59 +51 18 01.4                t~0XP9204
W5395K09C05Q KC2011 08 11.10227 05 21 48.98 +51 18 01.6          18.6 Rt~0XP9204
W5395K09C05Q |C2012 01 13.34966 15 06 45.38 -35 54 08.3          19.8 Vo~0cRK807
W5395K09C05Q |C2012 01 13.35315 15 06 46.23 -35 54 12.6          19.5 Vo~0cRK807
W5395K09C05Q |C2012 01 13.36187 15 06 48.50 -35 54 24.1          20.6 Vo~0cRK807
W5395K09C05Q |C2012 01 13.36878 15 06 50.24 -35 54 33.4          20.7 Vo~0cRK807
W5395K09C05Q |C2012 01 13.37295 15 06 51.33 -35 54 38.8          20.0 Vo~0cRK807
W5395K09C05Q |C2012 03 09.34586 19 29 19.50 -37 33 46.6          19.1 Vo~0ecr807
W5395K09C05Q |C2012 03 09.35120 19 29 20.89 -37 33 40.7          20.1 Vo~0ecr807
W5395K09C05Q |C2012 03 09.36467 19 29 24.44 -37 33 26.2          19.9 Vo~0ecr807
W5395K09C05Q |C2012 03 09.37194 19 29 26.33 -37 33 18.3          19.8 Vo~0ecr807
