     K09F04U  C2002 11 04.22105 03 08 04.66 +19 16 24.1          20.5 Rc~05Zn644
     K09F04U  C2002 11 04.28898 03 07 58.26 +19 16 16.8          20.2 Rc~05Zn644
     K09F04U  C2002 11 04.35178 03 07 52.27 +19 16 10.2          20.2 Rc~05Zn644
     K09F04U  C2009 02 05.32410 11 51 39.13 +23 07 07.2          21.2 Vr~05ZnG96
     K09F04U  C2009 02 05.33000 11 51 38.95 +23 07 11.5          21.3 Vr~05ZnG96
     K09F04U  C2009 02 05.33603 11 51 38.77 +23 07 15.2          20.9 Vr~05ZnG96
     K09F04U  C2009 02 05.34205 11 51 38.59 +23 07 19.4          20.7 Vr~05ZnG96
     K09F04U  C2009 02 05.50168 11 51 34.05 +23 08 59.0          21.0 Vr~05ZnG96
     K09F04U  C2009 02 05.50787 11 51 33.94 +23 09 02.9          20.3 Vr~05ZnG96
     K09F04U  C2009 02 05.51389 11 51 33.80 +23 09 06.6          20.8 Vr~05ZnG96
     K09F04U  C2009 02 05.52006 11 51 33.58 +23 09 10.4          21.4 Vr~05ZnG96
     K09F04U* C2009 03 19.27440 10 56 40.81 +30 20 24.0          20.2 Vr~05Ka703
     K09F04U  C2009 03 19.28193 10 56 39.80 +30 20 25.9          19.5 Vr~05Ka703
     K09F04U  C2009 03 19.28950 10 56 38.83 +30 20 28.0          19.5 Vr~05Ka703
     K09F04U  C2009 03 19.29709 10 56 38.11 +30 20 29.6          19.5 Vr~05Ka703
     K09F04U  C2009 03 19.35479 10 56 30.98 +30 20 46.4          20.1 Vr~05Ka703
     K09F04U  C2009 03 19.36857 10 56 29.40 +30 20 50.5          20.3 Vr~05Ka703
     K09F04U  C2009 03 19.38235 10 56 27.78 +30 20 53.5          19.8 Vr~05Ka703
     K09F04U  C2009 03 19.39612 10 56 26.23 +30 20 57.5          20.4 Vr~05Ka703
     K09F04U  C2009 03 19.81648 10 55 38.18 +30 22 54.2          20.2  r~05KaA17
     K09F04U  C2009 03 19.83216 10 55 36.37 +30 22 58.5          19.7  r~05KaA17
     K09F04U  C2009 03 19.84787 10 55 34.47 +30 23 02.5          20.1  r~05KaA17
     K09F04U  C2009 03 20.16024 10 54 58.38 +30 24 29.4          19.3 Vr~05KaG96
     K09F04U  C2009 03 20.16076 10 54 58.32 +30 24 29.7          19.6 Vr~05KaG96
     K09F04U  C2009 03 20.16127 10 54 58.28 +30 24 29.7          19.8 Vr~05KaG96
     K09F04U  C2009 03 20.16179 10 54 58.26 +30 24 29.9                r~05KaG96
     K09F04U 5C2009 03 20.33715 10 54 37.39 +30 25 16.5          19.7 Ro~05Ka673
     K09F04U 5C2009 03 20.34097 10 54 36.92 +30 25 17.4                o~05Ka673
     K09F04U 5C2009 03 20.34792 10 54 36.08 +30 25 19.1                o~05Ka673
     K09F04U 5C2009 03 20.35197 10 54 35.57 +30 25 20.5                o~05Ka673
     K09F04U 5C2009 03 20.36505 10 54 33.98 +30 25 23.5                o~05Ka673
     K09F04U 5C2009 03 20.37477 10 54 32.79 +30 25 26.0                o~05Ka673
     K09F04U  C2009 03 22.21448 10 50 59.90 +30 32 27.9          20.5 Vo~05ZnH55
     K09F04U  C2009 03 22.21793 10 50 59.48 +30 32 28.5          20.8 Vo~05ZnH55
     K09F04U  C2009 03 22.22206 10 50 58.97 +30 32 29.4          20.5 Vo~05ZnH55
     K09F04U  C2009 03 24.37816 10 46 50.60 +30 38 22.8          20.5 Vo~05Zn291
     K09F04U  C2009 03 24.38342 10 46 49.98 +30 38 23.4          20.3 Vo~05Zn291
     K09F04U  C2009 03 24.38820 10 46 49.42 +30 38 24.0          20.4 Vo~05Zn291
     K09F04U  C2009 03 28.16193 10 39 45.68 +30 42 28.5          19.2 Vr~05v0703
     K09F04U  C2009 03 28.16743 10 39 45.14 +30 42 28.3          19.7 Vr~05v0703
     K09F04U  C2009 03 28.17293 10 39 44.53 +30 42 28.4          19.7 Vr~05v0703
     K09F04U  C2009 04 19.11863 10 08 48.74 +28 35 49.4          20.1 Rr~06NN448
     K09F04U  C2009 04 19.13837 10 08 47.59 +28 35 35.9          20.7 Rr~06NN448
     K09F04U  C2009 04 19.15812 10 08 46.53 +28 35 23.1          19.8 Rr~06NN448
     K09F04U  C2009 04 20.12434 10 07 57.82 +28 24 42.1          19.4 Rr~06NN448
     K09F04U  C2009 04 20.14407 10 07 56.78 +28 24 28.5          19.7 Rr~06NN448
     K09F04U  C2009 04 20.16380 10 07 55.69 +28 24 15.1          20.6 Rr~06NN448
     K09F04U  C2009 05 09.12120 10 02 14.35 +23 50 15.2          20.3 Vo~06scH55
     K09F04U  C2009 05 09.12394 10 02 14.34 +23 50 12.5          19.8 Vo~06scH55
     K09F04U  C2009 05 09.12607 10 02 14.33 +23 50 09.9          19.9 Vo~06scH55
     K09F04U  C2009 05 09.12802 10 02 14.53 +23 50 09.3          20.0 Ro~06sc448
     K09F04U  C2009 05 09.14557 10 02 14.56 +23 49 50.0          19.4 Ro~06sc448
     K09F04U  C2009 05 09.16373 10 02 14.81 +23 49 33.0          20.4 Ro~06sc448
     K09F04U  C2009 05 10.09744 10 02 26.48 +23 33 18.2          21.1 Vo~06scH55
     K09F04U  C2009 05 10.10247 10 02 26.55 +23 33 12.8          20.9 Vo~06scH55
     K09F04U  C2009 05 10.11142 10 02 26.65 +23 33 03.3          21.3 Vo~06scH55
     K09F04U  C2009 05 10.12773 10 02 27.03 +23 32 48.8          20.5 Rr~06sc448
     K09F04U  C2009 05 10.14970 10 02 27.21 +23 32 24.0          19.5 Rr~06sc448
     K09F04U  C2009 05 10.17203 10 02 27.44 +23 32 01.2          19.5 Rr~06sc448
     K09F04U QC2009 08 14.37570 12 52 25.04 -33 36 07.4          18.7 Vr~08UwE12
     K09F04U  C2009 08 26.49892 13 59 03.44 -47 01 26.7          18.4 Rc~08UwD21
     K09F04U  C2009 09 10.97615 16 53 08.54 -58 55 05.9          17.9 Cr~08xnI19
     K09F04U  C2009 09 10.98844 16 53 19.11 -58 55 14.0          17.7 Cr~08xnI19
     K09F04U  C2009 09 11.00144 16 53 30.42 -58 55 21.4          17.5 Cr~08xnI19
     K09F04U  C2009 09 24.52650 19 47 00.23 -53 13 04.8          18.3 Rc~09LZD21
     K09F04U  C2009 09 24.52903 19 47 01.61 -53 12 56.9          18.6 Rc~09LZD21
     K09F04U  C2009 09 24.53156 19 47 03.10 -53 12 48.9          18.5 Rc~09LZD21
     K09F04U  C2009 09 25.14611 19 52 47.84 -52 41 20.9          17.8 Rr~09LZI19
     K09F04U  C2009 09 25.15048 19 52 50.24 -52 41 06.2          18.1 Rr~09LZI19
     K09F04U  C2009 09 25.15559 19 52 53.09 -52 40 50.3          18.4 Rr~09LZI19
     K09F04U  C2009 10 01.54184 20 42 20.01 -46 50 57.2          18.0 Rc~09pfD21
     K09F04U  C2009 10 01.54495 20 42 21.14 -46 50 45.3          18.2 Rc~09pfD21
     K09F04U  C2009 10 14.56404 21 44 13.48 -35 20 42.5          18.6 Rc~09yvD21
     K09F04U  C2009 10 14.56840 21 44 14.29 -35 20 30.8          18.7 Rc~09yvD21
     K09F04U  C2009 10 14.57277 21 44 15.17 -35 20 17.4          18.8 Rc~09yvD21
     K09F04U  C2009 10 17.44656 21 53 53.41 -33 05 55.7          19.6 Vr~0AGVE12
     K09F04U  C2009 10 17.45443 21 53 54.96 -33 05 33.6          19.5 Vr~0AGVE12
     K09F04U  C2009 10 17.46228 21 53 56.40 -33 05 11.8          19.3 Vr~0AGVE12
     K09F04U  C2013 10 04.42730 03 49 42.81 +19 22 16.8          21.3 Vo~0uvO691
     K09F04U  C2013 10 04.44245 03 49 41.90 +19 22 18.1          21.0 Vo~0uvO691
     K09F04U  C2013 10 04.45760 03 49 40.99 +19 22 20.0          21.1 Vo~0uvO691
     K09F04U  C2013 10 14.44190 03 38 24.11 +19 33 11.1          20.5 Vq~0vHEG96
     K09F04U  C2013 10 14.44801 03 38 23.65 +19 33 11.9          20.2 Vq~0vHEG96
     K09F04U  C2013 10 14.45388 03 38 23.19 +19 33 11.8          20.6 Vq~0vHEG96
     K09F04U  C2013 10 14.45976 03 38 22.73 +19 33 11.9          20.5 Vq~0vHEG96
     K09F04U HC2013 10 15.43861 03 37 06.52 +19 33 37.7                o~0vqy691
     K09F04U HC2013 10 15.45635 03 37 05.05 +19 33 39.1                o~0vqy691
     K09F04U HC2013 10 15.47408 03 37 03.67 +19 33 38.4                o~0vqy691
     K09F04U  C2013 10 30.35326 03 15 23.119+19 26 05.10         21.0 wL~0wBvF51
     K09F04U  C2013 10 30.36757 03 15 21.755+19 26 03.96         21.0 wL~0wBvF51
     K09F04U  C2013 10 30.48871 03 15 10.236+19 25 54.41         20.9 wL~0wBvF51
     K09F04U  C2013 10 30.50303 03 15 08.868+19 25 53.14         20.9 wL~0wBvF51
     K09F04U HC2013 10 31.18070 03 14 06.26 +19 24 54.4          21.0 Vo~0wBv691
     K09F04U HC2013 10 31.19843 03 14 04.63 +19 24 53.9          21.1 Vo~0wBv691
     K09F04U HC2013 10 31.22308 03 14 02.30 +19 24 50.6                o~0wBv691
     K09F04U  C2013 11 08.13568 03 01 51.04 +19 10 48.3          20.7 Vo~0wcB691
     K09F04U  C2013 11 08.15338 03 01 49.43 +19 10 46.3          21.1 Vo~0wcB691
     K09F04U  C2013 11 08.17107 03 01 47.81 +19 10 44.3          20.7 Vo~0wcB691
     K09F04U  C2013 11 09.22693 03 00 12.25 +19 08 31.9          20.2 Vq~0x7LG96
     K09F04U  C2013 11 09.23668 03 00 11.39 +19 08 30.7          20.3 Vq~0x7LG96
     K09F04U  C2013 11 09.24483 03 00 10.62 +19 08 29.8          20.1 Vq~0x7LG96
     K09F04U  C2013 11 09.25298 03 00 09.82 +19 08 29.0          18.4 Vq~0x7LG96
     K09F04U  C2013 11 10.20195 02 58 44.92 +19 06 26.4          20.1 Vq~0x7LG96
     K09F04U  C2013 11 10.20886 02 58 44.29 +19 06 25.4          20.6 Vq~0x7LG96
     K09F04U  C2013 11 10.21578 02 58 43.66 +19 06 24.6          20.1 Vq~0x7LG96
     K09F04U  C2013 11 10.22269 02 58 43.04 +19 06 23.8          20.5 Vq~0x7LG96
     K09F04U HC2013 11 12.16958 02 55 51.14 +19 02 04.5          20.8 Vo~0x7L691
     K09F04U HC2013 11 12.18232 02 55 50.00 +19 02 02.7          20.8 Vo~0x7L691
