     K09SH1P .C2007 05 29.21875 19 12 53.38 +20 51 59.6                o~0b3p950
     K09SH1P .C2007 05 29.22031 19 12 53.23 +20 52 02.5                o~0b3p950
     K09SH1P* C2009 09 28.20541 23 33 51.12 +37 46 38.1          20.7 Vr~09eqG96
     K09SH1P  C2009 09 28.21134 23 33 50.43 +37 46 30.7          20.8 Vr~09eqG96
     K09SH1P  C2009 09 28.21765 23 33 49.86 +37 46 22.2          20.0 Vr~09eqG96
     K09SH1P  C2009 09 28.22392 23 33 49.06 +37 46 13.6          20.4 Vr~09eqG96
     K09SH1P  C2009 09 28.32801 23 33 37.36 +37 43 53.9          20.1 Vr~09eqG96
     K09SH1P  C2009 09 28.32870 23 33 37.26 +37 43 52.8          20.5 Vr~09eqG96
     K09SH1P  C2009 09 28.32940 23 33 37.18 +37 43 51.6          20.2 Vr~09eqG96
     K09SH1P  C2009 09 28.32995 23 33 37.11 +37 43 51.0          20.4 Vr~09eqG96
     K09SH1P  C2009 09 28.33334 23 33 36.53 +37 43 45.1          20.7 Rr~09eqH36
     K09SH1P  C2009 09 28.33432 23 33 36.57 +37 43 44.7          19.9 Ro~09eqH01
     K09SH1P  C2009 09 28.33755 23 33 36.21 +37 43 40.3          19.9 Ro~09eqH01
     K09SH1P  C2009 09 28.33951 23 33 35.93 +37 43 36.1          20.3 Rr~09eqH36
     K09SH1P  C2009 09 28.34183 23 33 35.74 +37 43 34.5          19.8 Ro~09eqH01
     K09SH1P  C2009 09 28.34569 23 33 35.27 +37 43 26.4          20.1 Rr~09eqH36
     K09SH1P  C2009 09 28.79223 23 32 48.49 +37 33 16.3          19.5 Rc~09eq587
     K09SH1P  C2009 09 28.79617 23 32 48.04 +37 33 11.9                c~09eq587
     K09SH1P  C2009 09 29.18130 23 32 06.90 +37 24 20.9          20.5 Vr~09eqG96
     K09SH1P  C2009 09 29.18767 23 32 06.14 +37 24 11.9          20.3 Vr~09eqG96
     K09SH1P  C2009 09 29.19425 23 32 05.42 +37 24 02.9          20.9 Vr~09eqG96
     K09SH1P  C2009 09 29.20068 23 32 04.74 +37 23 53.9          20.4 Vr~09eqG96
     K09SH1P  C2009 09 29.28756 23 31 55.02 +37 21 52.8          21.0 Rc~09eq926
     K09SH1P  C2009 09 29.29167 23 31 54.56 +37 21 47.5          20.8 Rc~09eq926
     K09SH1P  C2009 09 29.29576 23 31 54.15 +37 21 41.8          20.9 Rc~09eq926
     K09SH1P  C2009 09 30.06792023 30 32.86 +37 03 13.7          20.5 Vo~09eqH55
     K09SH1P  C2009 09 30.06994623 30 32.65 +37 03 10.8          20.7 Vo~09eqH55
     K09SH1P  C2009 09 30.07163523 30 32.48 +37 03 08.7          20.9 Vo~09eqH55
     K09SH1P  C2009 10 01.09765223 28 44.54 +36 37 46.8                o~09r8H55
     K09SH1P  C2009 10 01.10356223 28 43.87 +36 37 38.0          20.5 Vo~09r8H55
     K09SH1P  C2009 10 01.10738323 28 43.46 +36 37 32.2          20.2 Vo~09r8H55
     K09SH1P  C2009 10 01.10906923 28 43.26 +36 37 29.6          20.2 Vo~09r8H55
     K09SH1P  C2009 10 05.15245 23 21 52.25 +34 47 32.6          20.7 Vo~09r8H55
     K09SH1P  C2009 10 05.16366 23 21 50.99 +34 47 13.1          20.5 Vo~09r8H55
     K09SH1P  C2009 10 05.17275 23 21 49.98 +34 46 57.8          20.9 Vo~09r8H55
     K09SH1P  C2009 10 08.82177 23 16 06.64 +32 54 54.2                r~09r8J95
     K09SH1P  C2009 10 08.83713 23 16 05.29 +32 54 25.7                r~09r8J95
     K09SH1P  C2009 10 08.84718 23 16 04.33 +32 54 05.8          20.2 Rr~09r8J95
     K09SH1P  C2009 10 09.32587 23 15 20.76 +32 38 38.5          21.0 Rc~09r8926
     K09SH1P  C2009 10 09.33270 23 15 20.13 +32 38 25.7          21.3 Rc~09r8926
     K09SH1P  C2009 10 15.29867 23 07 22.32 +29 11 25.6          20.2 Vo~09zX291
     K09SH1P  C2009 10 15.30295 23 07 21.99 +29 11 16.0          20.2 Vo~09zX291
     K09SH1P  C2009 10 15.30721 23 07 21.71 +29 11 07.8          20.3 Vo~09zX291
     K09SH1P  C2009 10 18.21001623 04 10.775+27 23 06.71         20.18rn~0gaP645
     K09SH1P  C2009 10 18.21084623 04 10.707+27 23 04.81         20.69in~0gaP645
     K09SH1P  C2009 10 18.21250423 04 10.603+27 23 00.89         20.63zn~0gaP645
     K09SH1P  C2009 10 18.21333423 04 10.555+27 22 58.80         21.13gn~0gaP645
     K09SH1P  C2009 10 27.09878 22 57 35.55 +21 37 39.4          19.7 Rr~0AcK448
     K09SH1P  C2009 10 27.13356 22 57 34.39 +21 36 18.1          19.7 Rr~0AcK448
     K09SH1P  C2009 10 27.16715 22 57 33.35 +21 34 59.5          20.1 Rr~0AcK448
     K09SH1P  C2009 11 06.04540622 55 58.92 +15 16 17.6          20.4 Vo~0B0kH21
     K09SH1P  C2009 11 06.04695622 55 58.93 +15 16 14.1          20.3 Vo~0B0kH21
     K09SH1P  C2009 11 06.05392922 55 58.98 +15 15 58.9          20.0 Vo~0B0kH21
     K09SH1P  C2010 06 03.15072 10 54 40.39 +11 23 45.9          19.8 Rc~0I1H926
     K09SH1P  C2010 06 03.15411 10 54 41.67 +11 23 49.3          19.5 Rc~0I1H926
     K09SH1P  C2010 06 03.15750 10 54 42.96 +11 23 52.4          19.7 Rc~0I1H926
     K09SH1P  C2010 06 04.15172 11 01 04.63 +11 38 59.8          20.4 Rc~0I1H926
     K09SH1P  C2010 06 04.16132 11 01 08.26 +11 39 07.6          20.5 Rc~0I1H926
     K09SH1P  C2010 07 04.24922 13 24 33.65 +12 57 39.7          20.8 Vo~0K92291
     K09SH1P  C2010 07 04.25325 13 24 34.47 +12 57 38.5          21.0 Vo~0K92291
     K09SH1P  C2010 07 04.25728 13 24 35.36 +12 57 37.3          21.0 Vo~0K92291
     K09SH1P KC2012 07 23.28332822 15 06.97 +36 23 41.8          21.9 Vu~0hsBH21
     K09SH1P KC2012 07 23.30424022 15 05.67 +36 23 54.9          22.3 Vu~0hsBH21
     K09SH1P KC2012 07 23.31672722 15 04.84 +36 24 01.8          22.2 Vu~0hsBH21
     K09SH1P "C2015 08 09.31987819 17 17.37 +29 40 00.1          20.9 Rt~1WjY705
     K09SH1P "C2015 08 09.32117019 17 17.26 +29 39 59.1          21.0 Rt~1WjY705
     K09SH1P "C2015 08 09.32246619 17 17.17 +29 39 57.9          20.9 Rt~1WjY705
