     K09L00X*QC2009 06 11.69171 20 47 21.30 -61 13 48.5          18.7 Vr~07TEE12
     K09L00X QC2009 06 11.69867 20 47 24.18 -61 13 42.3          18.4 Vr~07TEE12
     K09L00X QC2009 06 11.70565 20 47 26.94 -61 13 36.0          19.0 Vr~07TEE12
     K09L00X QC2009 06 11.71265 20 47 29.87 -61 13 28.9          19.0 Vr~07TEE12
     K09L00X QC2009 06 11.76454 20 47 51.00 -61 12 39.3                r~07TEE12
     K09L00X QC2009 06 11.80932 20 48 09.12 -61 11 54.0          19.0 Vr~07TEE12
     K09L00X QC2009 06 11.82777 20 48 16.73 -61 11 34.8          18.9 Vr~07TEE12
     K09L00X QC2009 06 11.83140 20 48 18.21 -61 11 31.1          19.2 Vr~07TEE12
     K09L00X QC2009 06 13.55545 21 00 41.60 -60 39 49.7          18.6 Vr~07TEE12
     K09L00X QC2009 06 13.56172 21 00 44.24 -60 39 42.9          18.9 Vr~07TEE12
     K09L00X QC2009 06 13.56741 21 00 46.62 -60 39 36.5          18.8 Vr~07TEE12
     K09L00X QC2009 06 15.53919 21 14 45.28 -59 53 56.8          18.3 Vr~07TEE12
     K09L00X QC2009 06 15.77362 21 16 19.88 -59 48 05.6          18.8 Vr~07TEE12
     K09L00X QC2009 06 17.72737 21 29 55.90 -58 51 08.8          17.9 Rr~07TEE12
     K09L00X QC2009 06 17.73172 21 29 57.61 -58 51 00.8          18.0 Rr~07TEE12
     K09L00X QC2009 06 22.78831 22 03 08.54 -55 31 17.4          18.1 Rr~07YLE12
     K09L00X QC2009 06 24.62731 22 14 21.022-53 58 53.34         18.0 Rr~07YLE12
     K09L00X QC2009 06 24.63021 22 14 22.00 -53 58 44.4          18.1 Rr~07YLE12
     K09L00X  C2009 07 03.29961 22 58 47.80 -44 17 05.6                r~07cpI19
     K09L00X  C2009 07 03.30145 22 58 48.21 -44 16 56.9                r~07cpI19
     K09L00X  C2009 07 03.30330 22 58 48.68 -44 16 47.9                r~07cpI19
     K09L00X  C2009 07 06.80290 23 12 51.55 -39 15 47.7          17.5 Cr~07fOE16
     K09L00X  C2009 07 06.80640 23 12 52.32 -39 15 29.6                r~07fOE16
     K09L00X  C2009 07 06.80903 23 12 52.76 -39 15 15.0                r~07fOE16
     K09L00X  C2009 07 07.31483 23 14 46.13 -38 28 54.7          17.9 Cr~07fOI20
     K09L00X  C2009 07 07.32029 23 14 47.25 -38 28 24.7          17.9 Cr~07fOI20
     K09L00X  C2009 07 07.32594 23 14 48.40 -38 27 53.7          17.8 Cr~07fOI20
     K09L00X  C2009 07 17.37864 23 43 26.27 -21 20 54.7          17.7 Cr~07fOI20
     K09L00X  C2009 07 17.38198 23 43 26.64 -21 20 32.8          17.8 Cr~07fOI20
     K09L00X  C2009 07 17.38648 23 43 27.13 -21 20 03.3          17.8 Cr~07fOI20
     K09L00X QC2009 07 19.60658 23 47 55.46 -17 19 32.9          17.9 Vr~07mKE12
     K09L00X QC2009 07 19.61530 23 47 56.32 -17 18 36.9                r~07mKE12
     K09L00X QC2009 07 19.62416 23 47 57.21 -17 17 40.0                r~07mKE12
     K09L00X QC2009 07 19.63302 23 47 58.06 -17 16 43.0                r~07mKE12
     K09L00X  C2009 07 27.43161 23 58 55.66 -03 41 57.6          17.9 Vr~07sh703
     K09L00X  C2009 07 27.44032 23 58 56.02 -03 41 06.0          18.0 Vr~07sh703
     K09L00X  C2009 07 29.02527 00 00 25.26 -01 07 24.0          17.6 Cw~07sh160
     K09L00X  C2009 07 29.02682 00 00 25.31 -01 07 15.2          17.5 Cw~07sh160
     K09L00X  C2009 07 29.02840 00 00 25.37 -01 07 05.9          17.5 Cw~07sh160
     K09L00X  C2009 07 30.01695 00 01 13.57 +00 26 01.3                v~07sh204
     K09L00X  C2009 07 30.01905 00 01 13.62 +00 26 13.0                v~07sh204
     K09L00X  C2009 07 30.02112 00 01 13.72 +00 26 24.4                v~07sh204
     K09L00X  C2009 07 30.06338 00 01 15.12 +00 30 20.5                v~07sh204
     K09L00X  C2009 07 30.06652 00 01 15.22 +00 30 38.0          17.8 Cv~07sh204
     K09L00X  C2009 07 31.24662 00 02 06.72 +02 18 41.9          17.6 Rr~07shH26
     K09L00X  C2009 07 31.24825 00 02 06.68 +02 18 51.4          17.9 Rr~07shH26
     K09L00X  C2009 07 31.25148 00 02 06.72 +02 19 09.5          17.6 Rr~07shH26
     K09L00X  C2009 07 31.90612 00 02 28.37 +03 18 35.2          17.7 Rc~07shD21
     K09L00X  C2009 07 31.90840 00 02 28.47 +03 18 46.7          17.6 Rc~07shD21
     K09L00X  C2009 08 01.33219 00 02 46.38 +03 55 12.4          17.7  c~07sh704
     K09L00X  C2009 08 01.33228 00 02 46.38 +03 55 13.2          17.9  c~07sh704
     K09L00X  C2009 08 01.34315 00 02 46.57 +03 56 10.1          18.3  c~07sh704
     K09L00X  C2009 08 01.34324 00 02 46.59 +03 56 09.6          18.0  c~07sh704
     K09L00X  C2009 08 01.35417 00 02 46.77 +03 57 07.3          18.0  c~07sh704
     K09L00X  C2009 08 01.35426 00 02 46.81 +03 57 07.7          17.9  c~07sh704
     K09L00X  C2009 08 01.37616 00 02 47.27 +03 59 03.1          18.2  c~07sh704
     K09L00X  C2009 08 01.37625 00 02 47.25 +03 59 03.1          18.3  c~07sh704
     K09L00X  C2009 08 03.08378 00 03 38.64 +06 24 28.4          17.6 Rr~07shJ51
     K09L00X  C2009 08 03.11137 00 03 38.94 +06 26 45.8          17.6 Rr~07shJ51
     K09L00X  C2009 08 03.13923 00 03 39.21 +06 29 03.8          17.9 Rr~07shJ51
     K09L00X  C2009 08 05.91746 00 04 33.10 +10 08 34.7          17.2 Rr~08CWA13
     K09L00X  C2009 08 05.91909 00 04 33.10 +10 08 42.6          17.4 Rr~08CWA13
     K09L00X  C2009 08 05.92072 00 04 33.11 +10 08 50.4          17.3 Rr~08CWA13
     K09L00X  C2009 08 05.94547 00 04 33.27 +10 10 43.2          18.1 Rr~08CWA13
     K09L00X  C2009 08 11.99818 00 04 31.96 +16 58 20.1          17.6 Cw~08CW160
     K09L00X  C2009 08 12.00019 00 04 31.92 +16 58 27.3          17.7 Cw~08CW160
     K09L00X  C2009 08 12.00251 00 04 31.88 +16 58 35.8          17.9 Cw~08CW160
     K09L00X  C2009 08 13.98477 00 04 00.64 +18 51 33.0          17.7 Cw~08CW160
     K09L00X  C2009 08 13.98682 00 04 00.59 +18 51 39.8          17.6 Cw~08CW160
     K09L00X  C2009 08 13.98888 00 04 00.52 +18 51 46.5          17.7 Cw~08CW160
     K09L00X  C2009 08 15.02380 00 03 37.86 +19 46 52.2          17.7 Rr~08Gw118
     K09L00X  C2009 08 15.02558 00 03 37.80 +19 46 57.6          17.6 Rr~08Gw118
     K09L00X  C2009 08 15.02737 00 03 37.74 +19 47 03.3          17.6 Rr~08Gw118
     K09L00X  C2009 08 15.02915 00 03 37.67 +19 47 09.0          17.5 Rr~08Gw118
     K09L00X  C2009 08 17.30366 00 02 36.97 +21 39 25.5          18.0 Rr~08GwH45
     K09L00X  C2009 08 17.30499 00 02 36.92 +21 39 28.9          18.2 Rr~08GwH45
     K09L00X  C2009 08 17.30569 00 02 36.91 +21 39 31.3          18.0 Rr~08GwH45
     K09L00X  C2009 08 17.30796 00 02 36.82 +21 39 37.4          18.1 Rr~08GwH45
     K09L00X  C2009 08 17.30900 00 02 36.76 +21 39 40.1          18.0 Rr~08GwH45
     K09L00X  C2009 08 17.31022 00 02 36.71 +21 39 43.8          18.1 Rr~08GwH45
     K09L00X  C2009 08 18.96156 00 01 42.64 +22 53 32.5          17.9 Cw~08Gw160
     K09L00X  C2009 08 18.96345 00 01 42.56 +22 53 37.5          17.8 Cw~08Gw160
     K09L00X  C2009 08 18.96475 00 01 42.48 +22 53 41.0          17.9 Cw~08Gw160
     K09L00X  C2009 08 18.96620 00 01 42.43 +22 53 44.8          17.9 Cw~08Gw160
     K09L00X  C2009 08 19.40223 00 01 25.53 +23 12 23.3          18.0 Vr~08Gw703
     K09L00X  C2009 08 19.40905 00 01 25.17 +23 12 40.5          18.1 Vr~08Gw703
     K09L00X  C2009 08 19.41581 00 01 24.85 +23 12 57.8          18.1 Vr~08Gw703
     K09L00X  C2009 08 19.42267 00 01 24.45 +23 13 14.9          18.0 Vr~08Gw703
     K09L00X  C2009 08 20.84035 00 00 31.63 +24 10 14.0          18.3 Vo~08Gw151
     K09L00X  C2009 08 20.84181 00 00 31.60 +24 10 17.3          18.2 Vo~08Gw151
     K09L00X  C2009 08 20.84471 00 00 31.54 +24 10 24.5          18.4 Vo~08Gw151
     K09L00X  C2009 08 20.97056 00 00 25.65 +24 15 24.7          17.8 Co~08GwB88
     K09L00X  C2009 08 20.97560 00 00 25.38 +24 15 36.2          17.1 Co~08GwB88
     K09L00X  C2009 08 20.98063 00 00 25.15 +24 15 48.0          17.0 Co~08GwB88
     K09L00X  C2009 08 21.94612 23 59 45.15 +24 52 01.2          17.5 Cw~08V6J05
     K09L00X  C2009 08 21.95006 23 59 44.93 +24 52 10.5          17.4 Cw~08V6J05
     K09L00X  C2009 08 21.95448 23 59 44.71 +24 52 20.5          17.6 Cw~08V6J05
     K09L00X  C2009 08 23.28916 23 58 44.01 +25 39 26.3          17.9 Rr~08V6H45
     K09L00X  C2009 08 23.29038 23 58 43.95 +25 39 28.6          17.9 Rr~08V6H45
     K09L00X  C2009 08 23.29170 23 58 43.85 +25 39 31.3          17.9 Rr~08V6H45
     K09L00X  C2009 08 23.29284 23 58 43.79 +25 39 33.8          17.9 Rr~08V6H45
     K09L00X  C2009 08 23.29395 23 58 43.73 +25 39 36.2          18.0 Rr~08V6H45
     K09L00X  C2009 08 23.29484 23 58 43.69 +25 39 38.1          18.1 Rr~08V6H45
     K09L00X  C2009 08 23.84309 23 58 19.17 +25 57 42.1          18.2 Vr~08V6A78
     K09L00X  C2009 08 23.84984 23 58 18.84 +25 57 56.2          18.2 Vr~08V6A78
     K09L00X  C2009 08 23.85785 23 58 18.36 +25 58 13.2          18.3 Vr~08V6A78
     K09L00X  C2009 08 27.95871 23 54 48.22 +27 56 47.8          17.0 Co~08V6B88
     K09L00X  C2009 08 27.96405 23 54 47.90 +27 56 55.5          17.3 Co~08V6B88
     K09L00X  C2009 08 27.96510 23 54 47.70 +27 56 56.3          17.2 Rr~08V6106
     K09L00X  C2009 08 27.96938 23 54 47.56 +27 57 04.1          17.3 Co~08V6B88
     K09L00X  C2009 08 27.97396 23 54 47.13 +27 57 09.7          17.3 Rr~08V6106
     K09L00X  C2009 08 27.98281 23 54 46.56 +27 57 23.5          17.3 Rr~08V6106
     K09L00X  C2009 08 27.99166 23 54 46.00 +27 57 36.8          17.2 Rr~08V6106
     K09L00X  C2009 08 28.28213 23 54 30.83 +28 04 56.2          18.6  c~08eG704
     K09L00X  C2009 08 28.29505 23 54 29.95 +28 05 15.7          18.6  c~08eG704
     K09L00X  C2009 08 28.30776 23 54 29.09 +28 05 34.9          18.5  c~08eG704
     K09L00X  C2009 08 28.32051 23 54 28.27 +28 05 54.0          18.2  c~08eG704
     K09L00X  C2009 08 31.26279 23 51 43.09 +29 10 57.3          18.3 Rr~08eGH45
     K09L00X  C2009 08 31.27157 23 51 42.53 +29 11 07.2          18.4 Rr~08eGH45
     K09L00X  C2009 08 31.27319 23 51 42.40 +29 11 10.1          18.3 Rr~08eGH45
     K09L00X  C2009 08 31.27541 23 51 42.22 +29 11 13.0          18.4 Rr~08eGH45
     K09L00X  C2009 08 31.27837 23 51 42.06 +29 11 16.5          18.4 Rr~08eGH45
     K09L00X  C2009 08 31.27943 23 51 41.96 +29 11 17.5          18.5 Rr~08eGH45
     K09L00X  C2009 08 31.85935 23 51 09.51 +29 22 18.6          18.3 Vr~08eGA78
     K09L00X  C2009 08 31.86609 23 51 09.09 +29 22 26.5          18.5 Vr~08eGA78
     K09L00X  C2009 08 31.87005 23 51 08.85 +29 22 30.9          18.5 Vr~08eGA78
     K09L00X  C2009 09 02.24508 23 49 48.09 +29 47 02.4          18.4 Rr~08xoH45
     K09L00X  C2009 09 02.24606 23 49 47.99 +29 47 03.6          18.5 Rr~08xoH45
     K09L00X  C2009 09 02.24712 23 49 47.96 +29 47 04.7          18.5 Rr~08xoH45
     K09L00X  C2009 09 02.24811 23 49 47.88 +29 47 05.4          18.6 Rr~08xoH45
     K09L00X  C2009 09 02.24940 23 49 47.79 +29 47 06.8          18.4 Rr~08xoH45
     K09L00X  C2009 09 10.20841 23 42 01.00 +31 16 53.5          19.2 Vo~08xoH55
     K09L00X  C2009 09 10.21725 23 42 00.41 +31 16 57.1          19.0 Vo~08xoH55
     K09L00X  C2009 09 10.22655 23 41 59.79 +31 17 00.6          19.0 Vo~08xoH55
     K09L00X  C2009 09 11.14558 23 41 08.20 +31 22 15.8          18.5 Rr~08xoH26
     K09L00X  C2009 09 11.14802 23 41 08.04 +31 22 16.3          18.8 Rr~08xoH26
     K09L00X  C2009 09 11.15037 23 41 07.93 +31 22 17.6          18.7 Rr~08xoH26
     K09L00X  C2009 09 11.15273 23 41 07.79 +31 22 18.0          18.6 Rr~08xoH26
     K09L00X  C2009 09 11.15508 23 41 07.65 +31 22 18.9          18.6 Rr~08xoH26
     K09L00X  C2009 09 15.22289 23 37 26.61 +31 35 09.4          18.2 Vr~097b703
     K09L00X  C2009 09 15.22962 23 37 26.18 +31 35 11.4          18.3 Vr~097b703
     K09L00X  C2009 09 15.23639 23 37 25.75 +31 35 11.7          18.5 Vr~097b703
     K09L00X  C2009 09 15.24304 23 37 25.35 +31 35 12.1          18.4 Vr~097b703
     K09L00X  C2009 09 22.82219 23 31 41.10 +31 19 45.7          18.6 Rr~09LZA13
     K09L00X  C2009 09 22.84614 23 31 40.06 +31 19 39.8          18.9 Rr~09LZA13
     K09L00X  C2009 09 23.25375 23 31 24.27 +31 17 46.5          18.9 Vr~09LZG96
     K09L00X  C2009 09 23.26500 23 31 23.73 +31 17 43.2          18.9 Vr~09LZG96
     K09L00X  C2009 09 23.27626 23 31 23.23 +31 17 40.0          18.9 Vr~09LZG96
     K09L00X  C2009 09 23.28742 23 31 22.72 +31 17 36.6          19.0 Vr~09LZG96
     K09L00X  C2009 09 28.22947 23 28 46.99 +30 46 05.1          19.3  c~09ct704
     K09L00X  C2009 09 28.24168 23 28 46.56 +30 45 59.0          19.7  c~09ct704
     K09L00X  C2009 09 28.25390 23 28 46.13 +30 45 53.5          19.5  c~09ct704
     K09L00X  C2009 09 28.26611 23 28 45.73 +30 45 48.0          20.0  c~09ct704
     K09L00X  C2009 09 28.27831 23 28 45.23 +30 45 42.2          19.5  c~09ct704
     K09L00X  C2009 10 16.35117423 27 20.734+27 47 20.76                ~0d5C645
     K09L00X  C2009 10 16.35200323 27 20.741+27 47 20.11                ~0d5C645
     K09L00X  C2009 10 16.35366223 27 20.760+27 47 19.07                ~0d5C645
     K09L00X  C2009 10 16.35449123 27 20.774+27 47 18.31                ~0d5C645
     K09L00X  C2009 10 17.32619523 27 37.102+27 36 47.20                ~0d5C645
     K09L00X  C2009 10 17.32702423 27 37.116+27 36 46.58                ~0d5C645
     K09L00X  C2009 10 17.32868323 27 37.140+27 36 45.43                ~0d5C645
     K09L00X  C2009 10 17.32951223 27 37.154+27 36 44.82                ~0d5C645
     K09L00X .C2014 08 01.16675 03 31 33.43 +30 39 09.2          21.7 Rt~16c5950
     K09L00X .C2014 08 01.16867 03 31 33.62 +30 39 10.6          21.6 Rt~16c5950
     K09L00X .C2014 08 01.17253 03 31 34.09 +30 39 13.6          21.9 Rt~16c5950
     K09L00X .C2014 08 01.17446 03 31 34.32 +30 39 15.4          21.6 Rt~16c5950
