     K09X02F* C2009 12 12.26504 05 03 35.93 +14 47 34.2          19.7  c~0CLh704
     K09X02F  C2009 12 12.29044 05 03 31.60 +14 48 05.7          19.7  c~0CLh704
     K09X02F  C2009 12 12.30313 05 03 29.46 +14 48 22.0          19.6  c~0CLh704
     K09X02F  C2009 12 12.31586 05 03 27.39 +14 48 37.9          19.1  c~0CLh704
     K09X02F  C2009 12 12.90492 05 01 52.41 +15 01 03.5                r~0CLhJ95
     K09X02F  C2009 12 12.90779 05 01 51.90 +15 01 07.6                r~0CLhJ95
     K09X02F  C2009 12 12.91065 05 01 51.39 +15 01 10.5                r~0CLhJ95
     K09X02F  C2009 12 12.91148 05 01 51.06 +15 01 14.1          19.2 Cr~0CLh235
     K09X02F  C2009 12 12.91476 05 01 50.69 +15 01 16.2          18.7 Rr~0CLhJ95
     K09X02F  C2009 12 12.92315 05 01 49.08 +15 01 29.1          19.3 Cr~0CLh235
     K09X02F  C2009 12 14.86315704 56 28.95 +15 43 42.3          18.9 Vv~0CLhB03
     K09X02F  C2009 12 14.87428504 56 26.97 +15 43 57.1          19.3 Vv~0CLhB03
     K09X02F  C2009 12 14.88541404 56 24.94 +15 44 12.9          18.8 Vv~0CLhB03
     K09X02F  C2009 12 14.91508304 56 19.91 +15 44 51.4          19.1 Vv~0CLhB03
     K09X02F KC2009 12 14.98961 04 56 07.04 +15 46 31.2                v~0Cgj204
     K09X02F KC2009 12 15.04362 04 55 57.72 +15 47 42.5          19.0 Cv~0Cgj204
     K09X02F KC2009 12 15.04957 04 55 56.68 +15 47 50.9                v~0Cgj204
     K09X02F  C2009 12 16.10428 04 53 01.31 +16 11 28.6          20.1 Rc~0CLh926
     K09X02F  C2009 12 16.10618 04 53 00.92 +16 11 31.1          19.7 Rc~0CLh926
     K09X02F  C2009 12 16.10807 04 53 00.54 +16 11 33.2          19.8 Rc~0CLh926
     K09X02F  C2009 12 17.19770 04 49 55.49 +16 36 18.0          19.5  c~0CLh704
     K09X02F  C2009 12 17.20996 04 49 53.35 +16 36 35.4          19.3  c~0CLh704
     K09X02F  C2009 12 17.22222 04 49 51.15 +16 36 51.4          19.7  c~0CLh704
     K09X02F  C2009 12 17.23445 04 49 49.02 +16 37 08.3          19.7  c~0CLh704
     K09X02F  C2009 12 20.26279 04 41 12.48 +17 47 22.2          19.1 Rr~0Cgj448
     K09X02F  C2009 12 20.27160 04 41 10.91 +17 47 34.5          18.9 Rr~0Cgj448
     K09X02F  C2009 12 20.28068 04 41 09.30 +17 47 47.2          19.2 Rr~0Cgj448
     K09X02F  C2009 12 20.28923 04 41 07.76 +17 47 59.3          19.2 Rr~0Cgj448
     K09X02F KC2009 12 25.95954 04 25 16.80 +20 02 46.9                r~0CgjJ95
     K09X02F KC2009 12 25.98019 04 25 13.34 +20 03 16.5                r~0CgjJ95
     K09X02F KC2009 12 25.98816 04 25 11.98 +20 03 27.7          19.2 Rr~0CgjJ95
     K09X02F  C2009 12 26.23584 04 24 31.87 +20 09 30.1          19.4 Rr~0Cgj448
     K09X02F  C2009 12 26.25225 04 24 29.05 +20 09 54.0          19.5 Rr~0Cgj448
     K09X02F  C2009 12 26.26723 04 24 26.50 +20 10 14.8          19.8 Rr~0Cgj448
     K09X02F KC2010 01 01.25874 04 09 05.38 +22 32 37.1          19.4 Rr~0Ctg448
     K09X02F KC2010 01 01.28146 04 09 01.96 +22 33 07.8          19.5 Rr~0Ctg448
     K09X02F KC2010 01 01.30072 04 08 59.05 +22 33 34.7          19.7 Rr~0Ctg448
     K09X02F  C2010 01 03.18381704 04 36.74 +23 17 31.6          19.1 Vo~0CtgH21
     K09X02F  C2010 01 03.18899604 04 35.96 +23 17 38.9          19.8 Vo~0CtgH21
     K09X02F  C2010 01 03.19470704 04 35.15 +23 17 47.2          19.6 Vo~0CtgH21
     K09X02F  C2010 01 04.13625004 02 29.73 +23 39 35.0          20.0 Vo~0CtgH21
     K09X02F  C2010 01 04.14011304 02 29.20 +23 39 40.2          20.1 Vo~0CtgH21
     K09X02F  C2010 01 04.14458504 02 28.59 +23 39 46.2          20.0 Vo~0CtgH21
     K09X02F  C2010 01 10.11738603 50 46.87 +25 54 37.6          20.5 Vo~0D64H21
     K09X02F  C2010 01 10.12249903 50 46.30 +25 54 44.2          20.2 Vo~0D64H21
     K09X02F  C2010 01 10.12701803 50 45.81 +25 54 50.2          20.3 Vo~0D64H21
     K09X02F KC2010 01 10.25229 03 50 32.45 +25 57 37.2          19.9 Cu~0D64448
     K09X02F KC2010 01 10.26397 03 50 31.18 +25 57 52.2          19.8 Cu~0D64448
     K09X02F IC2010 01 10.27627 03 50 29.83 +25 58 08.6          19.8 Cu~0D64448
     K09X02F  C2010 02 08.06142003 37 09.23 +35 39 58.9          20.9 Vo~0DxHH21
     K09X02F  C2010 02 08.06318803 37 09.29 +35 40 00.9          20.9 Vo~0DxHH21
     K09X02F  C2010 02 08.06672303 37 09.42 +35 40 04.9          21.0 Vo~0DxHH21
     K09X02F  C2010 02 08.07143803 37 09.55 +35 40 10.3          20.9 Vo~0DxHH21
     K09X02F  S2010 06 29.98683 12 53 05.54 +00 24 22.0                L~0JX5C51
     K09X02F  s2010 06 29.98683 1 - 6880.6720 -  560.2379 +  319.9537   ~0JX5C51
     K09X02F  S2010 06 30.11913 12 53 39.91 +00 13 23.2                L~0JX5C51
     K09X02F  s2010 06 30.11913 1 - 6879.1916 -  576.3033 +  317.3211   ~0JX5C51
     K09X02F  S2010 06 30.25144 12 54 14.21 +00 02 24.5                L~0JX5C51
     K09X02F  s2010 06 30.25144 1 - 6877.9321 -  591.9249 +  316.1740   ~0JX5C51
     K09X02F  S2010 06 30.38374 12 54 48.52 -00 08 33.6                L~0JX5C51
     K09X02F  s2010 06 30.38374 1 - 6876.8500 -  607.6068 +  315.6180   ~0JX5C51
     K09X02F  S2010 06 30.51592 12 55 22.83 -00 19 30.7                L~0JX5C51
     K09X02F  s2010 06 30.51592 1 - 6877.9665 -  634.5182 +  230.8262   ~0JX5C51
     K09X02F  S2010 06 30.64822 12 55 57.09 -00 30 26.8                L~0JX5C51
     K09X02F  s2010 06 30.64822 1 - 6876.4437 -  650.4716 +  228.2907   ~0JX5C51
     K09X02F  S2010 06 30.78052 12 56 31.46 -00 41 22.2                L~0JX5C51
     K09X02F  s2010 06 30.78052 1 - 6875.0152 -  666.3712 +  227.5234   ~0JX5C51
     K09X02F  S2010 06 30.84661 12 56 48.44 -00 46 48.5                L~0JX5C51
     K09X02F  s2010 06 30.84661 1 - 6875.0630 -  679.7598 +  185.8896   ~0JX5C51
     K09X02F  S2010 06 30.91283 12 57 05.55 -00 52 19.2                L~0JX5C51
     K09X02F  s2010 06 30.91283 1 - 6873.6172 -  681.9730 +  226.9457   ~0JX5C51
     K09X02F  S2010 06 30.97891 12 57 22.72 -00 57 43.0                L~0JX5C51
     K09X02F  s2010 06 30.97891 1 - 6873.4684 -  695.6209 +  184.5915   ~0JX5C51
     K09X02F  S2010 07 01.11122 12 57 56.95 -01 08 36.7                L~0JX5C51
     K09X02F  s2010 07 01.11122 1 - 6871.6130 -  711.6993 +  181.8843   ~0JX5C51
     K09X02F  S2010 07 01.17731 12 58 14.04 -01 14 02.9                L~0JX5C51
     K09X02F  s2010 07 01.17731 1 - 6871.2223 -  725.0591 +  139.8010   ~0JX5C51
     K09X02F  S2010 07 01.24352 12 58 31.19 -01 19 29.3                L~0JX5C51
     K09X02F  s2010 07 01.24352 1 - 6870.0021 -  727.2583 +  181.0896   ~0JX5C51
     K09X02F  S2010 07 01.37570 12 59 05.38 -01 30 19.6                L~0JX5C51
     K09X02F  s2010 07 01.37570 1 - 6869.1547 -  753.9295 +   97.7367   ~0JX5C51
     K09X02F  S2010 07 01.64030 13 00 13.68 -01 51 58.5                L~0K94C51
     K09X02F  s2010 07 01.64030 1 - 6865.6477 -  785.9906 +   90.1038   ~0K94C51
     K09X02F  S2010 07 01.77261 13 00 47.92 -02 02 49.2                L~0K94C51
     K09X02F  s2010 07 01.77261 1 - 6863.8843 -  801.8699 +   89.2824   ~0K94C51
     K09X02F  S2010 07 01.90478 13 01 22.01 -02 13 35.8                L~0K94C51
     K09X02F  s2010 07 01.90478 1 - 6861.5427 -  828.3529 +    5.9139   ~0K94C51
     K09X02F  S2010 07 01.90491 13 01 22.07 -02 13 36.6                L~0K94C51
     K09X02F  s2010 07 01.90491 1 - 6862.1745 -  817.4476 +   88.7741   ~0K94C51
     K09X02F  S2010 07 02.03709 13 01 56.06 -02 24 23.4                L~0K94C51
     K09X02F  s2010 07 02.03709 1 - 6859.3334 -  844.5093 +    3.6081   ~0K94C51
     K09X02F  S2010 07 02.16939 13 02 30.19 -02 35 10.8                L~0K94C51
     K09X02F  s2010 07 02.16939 1 - 6857.1959 -  860.2683 +    1.6915   ~0K94C51
     K09X02F  S2010 07 02.30169 13 03 04.27 -02 45 54.3                L~0K94C51
     K09X02F  s2010 07 02.30169 1 - 6855.3081 -  875.7842 +    0.9721   ~0K94C51
     K09X02F KC2012 10 24.41721007 31 58.68 +14 20 10.3                u~0kISH21
     K09X02F KC2012 10 24.42776607 32 00.05 +14 20 11.7                u~0kISH21
     K09X02F KC2012 10 24.44148507 32 01.76 +14 20 13.3          22.1 Vu~0kISH21
     K09X02F KC2012 10 25.40196607 34 05.82 +14 22 17.8          22.2 Vu~0kISH21
     K09X02F KC2012 10 25.41735207 34 07.77 +14 22 19.9          21.9 Vu~0kISH21
     K09X02F KC2012 10 25.43005807 34 09.34 +14 22 22.0                u~0kISH21
     K09X02F KC2012 12 08.44113 09 12 46.33 +20 26 34.3          20.5 Rq~0mP3448
     K09X02F KC2012 12 08.48389 09 12 52.42 +20 27 23.9          20.4 Rq~0mP3448
     K09X02F KC2012 12 08.52631 09 12 58.51 +20 28 12.9          20.9 Rq~0mP3448
     K09X02F  C2013 01 05.35028 10 40 56.13 +36 09 25.1          18.8 Vu~0nLD703
     K09X02F  C2013 01 05.35763 10 40 57.93 +36 09 46.4          18.5 Vu~0nLD703
     K09X02F  C2013 01 05.36507 10 40 59.88 +36 10 11.3          18.9 Vu~0nLD703
     K09X02F KC2013 01 05.41763610 41 11.96 +36 12 46.3          19.2 Vq~0nLDH21
     K09X02F KC2013 01 05.42407810 41 13.52 +36 13 05.8          19.2 Vq~0nLDH21
     K09X02F KC2013 01 05.43055010 41 15.15 +36 13 25.0          19.0 Vq~0nLDH21
     K09X02F KC2013 01 05.43698310 41 16.73 +36 13 44.0          19.0 Vq~0nLDH21
     K09X02F  C2013 01 10.39990 11 04 29.53 +40 33 08.5          19.0 Vr~0nLD703
     K09X02F  C2013 01 10.40493 11 04 30.97 +40 33 25.4          18.4 Vr~0nLD703
     K09X02F  C2013 01 10.41007 11 04 32.52 +40 33 41.6          18.8 Vr~0nLD703
     K09X02F  C2013 01 10.41520 11 04 34.06 +40 33 59.0          18.8 Vr~0nLD703
     K09X02F  C2013 01 11.59365 11 10 38.917+41 38 23.39         19.4 gL~0ngpF51
     K09X02F  C2013 01 11.60638 11 10 42.728+41 39 05.15         19.4 gL~0ngpF51
     K09X02F  C2013 01 18.42968 11 51 33.08 +47 56 37.6          18.3 Vr~0ngp703
     K09X02F  C2013 01 18.43477 11 51 34.99 +47 56 55.1          18.5 Vr~0ngp703
     K09X02F  C2013 01 18.43985 11 51 37.08 +47 57 11.6          18.7 Vr~0ngp703
     K09X02F  C2013 01 18.44494 11 51 39.06 +47 57 29.4          18.2 Vr~0ngp703
     K09X02F KC2013 01 26.40437712 53 48.80 +54 34 21.5          18.6 Vu~0oGHH21
     K09X02F KC2013 01 26.40849512 53 50.92 +54 34 32.5          18.9 Vu~0oGHH21
     K09X02F KC2013 01 26.41261712 53 53.01 +54 34 43.5          18.5 Vu~0oGHH21
     K09X02F KC2013 01 26.41648512 53 54.99 +54 34 53.8          18.5 Vu~0oGHH21
     K09X02F KC2013 01 26.42022612 53 56.88 +54 35 04.1                u~0oGHH21
     K09X02F |C2013 05 05.41760 21 08 42.35 +13 48 12.9          20.2 Vu~0roi807
     K09X02F |C2013 05 05.42066 21 08 42.78 +13 48 05.1          20.3 Vu~0roi807
     K09X02F |C2013 05 05.42371 21 08 43.20 +13 47 57.2          19.9 Vu~0roi807
     K09X02F |C2013 05 05.42676 21 08 43.63 +13 47 49.3          19.7 Vu~0roi807
     K09X02F |C2013 05 05.42981 21 08 44.05 +13 47 41.4          20.2 Vu~0roi807
     K09X02F HC2013 05 07.45597 21 13 46.90 +12 19 50.4          18.8 Ro~0roi291
     K09X02F HC2013 05 07.45674 21 13 47.00 +12 19 48.3          19.4 Ro~0roi291
     K09X02F HC2013 05 07.45750 21 13 47.12 +12 19 46.6          19.2 Ro~0roi291
     K09X02F  C2013 06 03.42615 22 14 02.83 -08 18 22.6          19.6 Vu~0sPU703
     K09X02F  C2013 06 03.43247 22 14 03.51 -08 18 40.9          19.3 Vu~0sPU703
     K09X02F  C2013 06 03.43876 22 14 04.02 -08 19 00.0          19.2 Vu~0sPU703
     K09X02F  C2013 06 03.44505 22 14 04.70 -08 19 17.8          19.0 Vu~0sPU703
     K09X02F |C2013 07 04.42740 22 45 59.01 -34 49 02.9          19.0 Vu~0t6B807
     K09X02F |C2013 07 04.42987 22 45 58.96 -34 49 10.1          19.2 Vu~0t6B807
     K09X02F |C2013 07 04.43233 22 45 58.91 -34 49 17.3          19.1 Vu~0t6B807
     K09X02F |C2013 07 04.43479 22 45 58.87 -34 49 24.6          19.1 Vu~0t6B807
     K09X02F |C2013 07 04.43724 22 45 58.83 -34 49 31.8          19.1 Vu~0t6B807
     K09X02F KC2016 04 14.47874 21 01 47.77 -10 01 44.5                o~1qmP291
     K09X02F KC2016 04 14.48098 21 01 48.24 -10 01 45.0                o~1qmP291
     K09X02F KC2016 04 14.48322 21 01 48.66 -10 01 45.5                o~1qmP291
