     K09U00B* C2009 10 16.17815 00 18 55.76 +01 55 48.2          20.9 Vr~0AIEG96
     K09U00B  C2009 10 16.18552 00 18 57.16 +01 56 23.6          20.6 Vr~0AIEG96
     K09U00B  C2009 10 16.19294 00 18 58.53 +01 56 59.7          21.2 Vr~0AIEG96
     K09U00B  C2009 10 16.20050 00 18 59.97 +01 57 35.9          21.2 Vr~0AIEG96
     K09U00B  C2009 10 16.20729 00 19 01.23 +01 58 09.4          20.9 Vr~0AIEG96
     K09U00B  C2009 10 16.20802 00 19 01.38 +01 58 12.7          20.6 Vr~0AIEG96
     K09U00B  C2009 10 16.20876 00 19 01.52 +01 58 16.5          21.4 Vr~0AIEG96
     K09U00B  C2009 10 16.20950 00 19 01.66 +01 58 19.9          21.2 Vr~0AIEG96
     K09U00B  C2009 10 16.23361 00 19 05.69 +02 00 13.4          20.5 Ro~0AIEH01
     K09U00B  C2009 10 16.23757 00 19 06.42 +02 00 32.7          20.4 Ro~0AIEH01
     K09U00B  C2009 10 16.24166 00 19 07.18 +02 00 52.3          20.3 Ro~0AIEH01
     K09U00B  C2009 10 16.24667 00 19 08.11 +02 01 16.3          20.6 Ro~0AIEH01
     K09U00B 2C2009 10 18.45610900 26 35.969+04 39 06.43         20.6 Ro~0AIE568
     K09U00B 2C2009 10 18.45777500 26 36.219+04 39 12.70         20.8 Ro~0AIE568
