a9264K09M00S* C2009 06 19.22249 17 36 04.96 +01 05 47.1          20.1 Vr~07YOG96
a9264K09M00S  C2009 06 19.22821 17 36 04.46 +01 05 49.7          19.9 Vr~07YOG96
a9264K09M00S  C2009 06 19.23422 17 36 03.96 +01 05 52.7          20.0 Vr~07YOG96
a9264K09M00S  C2009 06 19.23973 17 36 03.45 +01 05 55.7          19.9 Vr~07YOG96
a9264K09M00S 5C2009 06 19.27697 17 36 00.21 +01 06 15.7          20.5 Ro~07YO673
a9264K09M00S 5C2009 06 19.28426 17 35 59.57 +01 06 19.6                o~07YO673
a9264K09M00S 5C2009 06 19.28889 17 35 59.20 +01 06 21.6                o~07YO673
a9264K09M00S 5C2009 06 19.29525 17 35 58.66 +01 06 24.8                o~07YO673
a9264K09M00S  C2009 06 21.30726 17 33 07.95 +01 23 02.5          20.4 Vr~07YOG96
a9264K09M00S  C2009 06 21.31154 17 33 07.59 +01 23 04.5          20.3 Vr~07YOG96
a9264K09M00S  C2009 06 21.31586 17 33 07.23 +01 23 06.8          20.9 Vr~07YOG96
a9264K09M00S  C2009 06 21.39393 17 33 00.56 +01 23 44.5          20.8 Vo~07YO291
a9264K09M00S HC2009 06 21.39817 17 33 00.09 +01 23 46.7                o~07YO291
a9264K09M00S  C2009 06 21.40231 17 32 59.84 +01 23 48.3          21.0 Vo~07YO291
a9264K09M00S  C2009 06 22.34808 17 31 40.61 +01 31 15.4          21.1 Vo~07YO291
a9264K09M00S HC2009 06 22.35175 17 31 40.29 +01 31 16.8                o~07YO291
a9264K09M00S  C2009 06 22.35544 17 31 39.94 +01 31 18.9          20.2 Vo~07YO291
a9264K09M00S  C2009 06 23.24161 17 30 26.27 +01 38 06.1          20.5 Vo~07YOH55
a9264K09M00S  C2009 06 23.25406 17 30 25.25 +01 38 11.7          20.5 Vo~07YOH55
a9264K09M00S  C2009 06 23.26029 17 30 24.74 +01 38 14.1          20.6 Vo~07YOH55
a9264K09M00S  C2009 06 24.02988 17 29 21.15 +01 43 58.0                r~07YOJ95
a9264K09M00S  C2009 06 24.03593 17 29 20.62 +01 44 00.1          20.4 Rr~07YOJ95
a9264K09M00S  C2009 06 24.18903 17 29 08.18 +01 45 08.6          20.7 Vo~07YOH55
a9264K09M00S  C2009 06 24.19716 17 29 07.53 +01 45 11.9          20.9 Vo~07YOH55
a9264K09M00S  C2009 06 24.20616 17 29 06.76 +01 45 16.0          20.5 Vo~07YOH55
a9264K09M00S  C2009 06 24.25354 17 29 02.87 +01 45 37.1          20.9 Vo~07YO291
a9264K09M00S  C2009 06 24.25925 17 29 02.40 +01 45 39.5          20.8 Vo~07YO291
a9264K09M00S  C2009 06 24.26298 17 29 02.09 +01 45 41.1          20.7 Vo~07YO291
a9264K09M00S  C2009 06 28.90519 17 22 50.66 +02 16 51.3                c~07fP587
a9264K09M00S  C2009 06 28.91236 17 22 50.09 +02 16 53.9          20.2 Rc~07fP587
a9264K09M00S  C2009 06 28.91657 17 22 49.76 +02 16 55.1                c~07fP587
a9264K09M00S  C2009 06 28.92412 17 22 49.10 +02 16 57.6                c~07fP587
a9264K09M00S  C2009 07 06.18037 17 13 56.18 +02 55 05.0          20.7 Vo~07fPH55
a9264K09M00S  C2009 07 06.19514 17 13 55.17 +02 55 08.4          20.5 Vo~07fPH55
a9264K09M00S  C2009 07 06.21065 17 13 54.08 +02 55 11.3          20.4 Vo~07fPH55
a9264K09M00S  C2009 07 11.30861 17 08 21.38 +03 14 32.4          20.6 Ro~07fPH01
a9264K09M00S  C2009 07 11.31662 17 08 20.88 +03 14 34.1          20.5 Ro~07fPH01
a9264K09M00S  C2009 07 11.32322 17 08 20.47 +03 14 35.5          20.5 Ro~07fPH01
a9264K09M00S  C2009 07 17.28103 17 02 41.06 +03 29 58.5          20.6 Ro~07fPH01
a9264K09M00S  C2009 07 17.28709 17 02 40.73 +03 29 59.3          20.7 Ro~07fPH01
a9264K09M00S  C2009 07 17.29496 17 02 40.31 +03 30 00.2          20.5 Ro~07fPH01
a9264K09M00S HC2009 07 27.24742 16 55 20.44 +03 40 33.9                o~07sh291
a9264K09M00S HC2009 07 27.25511 16 55 20.13 +03 40 34.0                o~07sh291
a9264K09M00S HC2009 07 27.26203 16 55 19.86 +03 40 33.1                o~07sh291
a9264K09M00S HC2009 07 28.18085 16 54 47.55 +03 40 42.2                o~07sh291
a9264K09M00S HC2009 07 28.18793 16 54 47.38 +03 40 40.9                o~07sh291
a9264K09M00S HC2009 07 28.19498 16 54 47.09 +03 40 42.2                o~07sh291
a9264K09M00S HC2009 07 29.26485 16 54 10.99 +03 40 43.1                o~07sh291
a9264K09M00S HC2009 07 29.27316 16 54 10.77 +03 40 42.3                o~07sh291
a9264K09M00S HC2009 07 29.28041 16 54 10.53 +03 40 42.6                o~07sh291
a9264K09M00S HC2009 07 30.19170 16 53 41.46 +03 40 34.3                o~07sh691
a9264K09M00S HC2009 07 30.20772 16 53 40.96 +03 40 33.8                o~07sh691
a9264K09M00S tC2009 08 18.16360 16 48 28.30 +03 16 54.2          21.1 Vo~08Gw291
a9264K09M00S tC2009 08 18.16894 16 48 28.27 +03 16 52.9          20.4 Vo~08Gw291
a9264K09M00S tC2009 08 18.17702 16 48 28.26 +03 16 52.0          21.5 Vo~08Gw291
a9264K09M00S HC2009 08 19.16203 16 48 26.43 +03 14 48.1                o~08Gw291
a9264K09M00S HC2009 08 19.17160 16 48 26.41 +03 14 45.9                o~08Gw291
a9264K09M00S HC2009 08 19.18256 16 48 26.45 +03 14 45.5                o~08Gw291
a9264K09M00S tC2009 09 15.15747 16 55 20.58 +02 05 38.0          21.9 Vo~097b291
a9264K09M00S tC2009 09 15.16601 16 55 20.82 +02 05 37.1          22.0 Vo~097b291
a9264K09M00S HC2009 09 28.11117 17 03 02.11 +01 32 21.6                o~09ct291
a9264K09M00S HC2009 09 28.11812 17 03 02.35 +01 32 21.3                o~09ct291
a9264K09M00S KC2010 07 04.26823520 33 27.98 +47 34 11.5          21.2 Vc~0K92H21
a9264K09M00S KC2010 07 04.28400720 33 26.71 +47 34 26.8          21.3 Vc~0K92H21
a9264K09M00S KC2010 07 04.30371220 33 25.17 +47 34 45.0          21.0 Vc~0K92H21
a9264K09M00S cC2010 07 06.26499120 30 47.77 +48 04 22.3                c~0K92H21
a9264K09M00S cC2010 07 06.27777920 30 46.70 +48 04 33.8                c~0K92H21
a9264K09M00S cC2010 07 06.30288120 30 44.53 +48 04 55.4                c~0K92H21
a9264K09M00S ]C2010 10 08.21882 18 43 35.91 +41 27 59.9          20.7 Vo~0NIe695
a9264K09M00S ]C2010 10 08.22354 18 43 36.07 +41 27 55.7          20.2 Vo~0NIe695
a9264K09M00S KC2012 05 17.34444 18 43 06.74 +02 23 01.1                o~0geg291
a9264K09M00S KC2012 05 17.34670 18 43 06.60 +02 23 02.3                o~0geg291
a9264K09M00S KC2012 05 17.34895 18 43 06.49 +02 23 04.3          20.4 Ro~0geg291
a9264K09M00S KC2013 06 17.41351 21 50 13.01 +48 58 44.5          21.1 Ro~0so5291
a9264K09M00S KC2013 06 17.41683 21 50 13.03 +48 58 49.0          19.3 Ro~0so5291
a9264K09M00S KC2013 06 17.42014 21 50 13.03 +48 58 53.5          21.0 Ro~0so5291
a9264K09M00S KC2013 08 02.99513 21 00 40.19 +64 09 18.5                q~0tQ3204
a9264K09M00S KC2013 08 03.00924 21 00 38.06 +64 09 28.6                q~0tQ3204
a9264K09M00S KC2013 08 03.02335 21 00 35.97 +64 09 38.9          20.4 Rq~0tQ3204
