     K09H73M* C2009 04 28.37383 14 14 56.76 +10 30 55.6          20.9 Vr~06hxG96
     K09H73M  C2009 04 28.37931 14 14 57.15 +10 30 47.3          21.4 Vr~06hxG96
     K09H73M  C2009 04 28.38474 14 14 57.55 +10 30 38.6          22.2 Vr~06hxG96
     K09H73M  C2009 04 28.38999 14 14 57.87 +10 30 30.9          21.0 Vr~06hxG96
     K09H73M  C2009 04 28.40433 14 14 58.92 +10 30 09.4          20.6 Vr~06hxG96
     K09H73M  C2009 04 28.40670 14 14 59.10 +10 30 05.8          20.8 Vr~06hxG96
     K09H73M  C2009 04 28.40912 14 14 59.28 +10 30 02.0          20.6 Vr~06hxG96
     K09H73M  C2009 04 28.41153 14 14 59.42 +10 29 58.2          20.8 Vr~06hxG96
     K09H73M  C2009 04 28.43701 14 15 01.30 +10 29 19.4          20.4 Vr~06hxG96
     K09H73M  C2009 04 28.43909 14 15 01.43 +10 29 15.9                r~06hxG96
     K09H73M  C2009 04 29.29860 14 16 16.40 +10 07 17.3          21.1 Vo~06hx291
     K09H73M  C2009 04 29.30249 14 16 16.68 +10 07 11.4          21.2 Vo~06hy291
     K09H73M  C2009 04 29.30638 14 16 16.94 +10 07 05.5          21.1 Vo~06hy291
     K09H73M  C2009 04 29.31184 14 16 17.29 +10 06 56.2          20.7 Vr~06hyG96
     K09H73M  C2009 04 29.31951 14 16 17.86 +10 06 43.7          21.0 Vr~06hyG96
     K09H73M  C2009 04 29.32720 14 16 18.37 +10 06 31.9          21.2 Vr~06hyG96
     K09H73M  C2009 04 29.33485 14 16 18.94 +10 06 19.9          20.8 Vr~06hyG96
     K09H73M  C2009 04 30.20804 14 17 36.77 +09 42 47.1          21.0 Vo~06hy291
     K09H73M  C2009 04 30.21183 14 17 37.06 +09 42 40.9          20.9 Vo~06hy291
     K09H73M  C2009 04 30.21564 14 17 37.34 +09 42 34.6          20.9 Vo~06hy291
     K09H73M  C2009 05 01.17128 14 19 03.04 +09 15 28.8          21.1 Vo~06hy291
     K09H73M  C2009 05 01.17504 14 19 03.32 +09 15 22.7          21.4 Vo~06hy291
     K09H73M  C2009 05 01.17898 14 19 03.63 +09 15 15.6          20.8 Vo~06hy291
     K09H73M  C2009 05 05.37442 14 25 40.80 +07 00 11.0                o~06sd291
     K09H73M HC2009 05 05.37819 14 25 41.00 +07 00 04.8                o~06sd291
     K09H73M HC2009 05 05.38188 14 25 41.42 +06 59 55.8                o~06sd291
     K09H73M  C2009 05 15.23542314 44 18.27 +00 03 44.8                o~072DH55
     K09H73M  C2009 05 15.24228914 44 19.05 +00 03 24.8          20.7 Vo~072DH55
     K09H73M  C2009 05 15.25597714 44 20.55 +00 02 44.7          20.6 Vo~072DH55
     K09H73M  C2009 05 15.38013 14 44 35.18 -00 03 11.3          20.6 Vo~06sq291
     K09H73M HC2009 05 15.38379 14 44 35.81 -00 03 23.1                o~06sq291
     K09H73M  C2009 05 15.38752 14 44 36.03 -00 03 32.8          20.7 Vo~06sq291
     K09H73M HC2009 05 29.32005 15 17 31.81 -12 22 52.5          21.6 Vo~07JI691
     K09H73M HC2009 05 29.33534 15 17 33.88 -12 23 40.8          20.9 Vo~07JI691
     K09H73M HC2009 05 29.35061 15 17 36.09 -12 24 31.4          20.9 Vo~07JI691
     K09H73M  C2009 05 30.26854 15 20 01.02 -13 13 59.7          20.6 Vo~07JI291
     K09H73M  C2009 05 30.27776 15 20 02.32 -13 14 30.7          20.8 Vo~07JI291
     K09H73M  C2009 05 30.28221 15 20 02.94 -13 14 45.1          20.7 Vo~07JI291
     K09H73M HC2009 05 31.34555 15 22 49.91 -14 11 33.4                o~07JI291
     K09H73M HC2009 05 31.34947 15 22 50.43 -14 11 45.4                o~07JI291
     K09H73M HC2009 05 31.35326 15 22 50.98 -14 11 56.5                o~07JI291
