     K09S01W* C2009 09 18.30955 01 29 11.86 +27 18 15.4          20.1 Vr~09Mn703
     K09S01W  C2009 09 18.31806 01 29 09.96 +27 17 42.8          20.0 Vr~09Mn703
     K09S01W  C2009 09 18.32641 01 29 08.26 +27 17 11.3          20.1 Vr~09Mn703
     K09S01W  C2009 09 18.33485 01 29 06.43 +27 16 39.5          19.6 Vr~09Mn703
     K09S01W  C2009 09 18.45762 01 28 40.22 +27 08 49.5          19.6 Vr~09Mn703
     K09S01W  C2009 09 18.49890 01 28 31.68 +27 06 08.7          19.6 Vr~09Mn703
     K09S01W  C2009 09 18.49943 01 28 31.68 +27 06 07.4          20.1 Vr~09Mn703
     K09S01W  C2009 09 18.50004 01 28 31.52 +27 06 04.7                r~09Mn703
     K09S01W  C2009 09 18.50065 01 28 31.35 +27 06 01.5          20.6 Vr~09Mn703
     K09S01W SC2009 09 18.93163 01 27 26.66 +26 39 16.9          20.0 Rr~09MnJ95
     K09S01W SC2009 09 18.94836 01 27 23.62 +26 38 21.1                r~09MnJ95
     K09S01W SC2009 09 18.95276 01 27 22.72 +26 38 05.6                r~09MnJ95
     K09S01W SC2009 09 18.95543 01 27 22.17 +26 37 55.8          19.3 Rr~09MnJ95
     K09S01W  C2009 09 19.26752 01 26 30.74 +26 20 11.0          20.6 Vo~09MnH55
     K09S01W  C2009 09 19.27390 01 26 29.63 +26 19 49.5          19.9 Vo~09MnH55
     K09S01W  C2009 09 19.28028 01 26 28.26 +26 19 29.0          19.9 Vo~09MnH55
     K09S01W  C2009 09 19.42278 01 26 02.25 +26 11 20.6          19.9 Rr~09MnH36
     K09S01W  C2009 09 19.43204 01 26 00.57 +26 10 47.5          19.8 Rr~09MnH36
     K09S01W  C2009 09 19.43513 01 26 00.11 +26 10 38.5          19.8 Rr~09MnH36
     K09S01W  C2009 09 20.34457 01 23 51.13 +25 22 14.7          20.4 Vo~09Mn291
     K09S01W  C2009 09 20.34890 01 23 50.36 +25 22 02.0          20.2 Vo~09Mn291
     K09S01W  C2009 09 20.35345 01 23 49.67 +25 21 49.0          20.4 Vo~09Mn291
     K09S01W  C2009 09 22.44966 01 19 25.54 +23 45 22.4          20.4 Vo~09Mn291
     K09S01W  C2009 09 22.45424 01 19 24.89 +23 45 10.5          20.4 Vo~09Mn291
     K09S01W  C2009 09 22.46170 01 19 23.90 +23 44 51.3          20.5 Vo~09Mn291
     K09S01W  C2009 09 23.47115 01 17 35.70 +23 04 39.5          21.4 Vo~09Mn291
     K09S01W  C2009 09 23.47520 01 17 35.24 +23 04 32.0          21.0 Vo~09Mn291
     K09S01W  C2009 09 23.47946 01 17 34.70 +23 04 21.5          21.0 Vo~09Mn291
     K09S01W  C2009 09 24.41411 01 16 04.41 +22 30 12.4          20.6 Vo~09Mn291
     K09S01W  C2009 09 24.41955 01 16 03.78 +22 30 00.8          20.8 Vo~09Mn291
     K09S01W  C2009 09 24.42528 01 16 03.05 +22 29 48.1          20.8 Vo~09Mn291
     K09S01W  C2009 09 25.47705 01 14 26.80 +21 54 07.7          20.7 Vo~09Mn291
     K09S01W  C2009 09 25.48115 01 14 26.40 +21 53 59.6          20.3 Vo~09Mn291
     K09S01W  C2009 09 25.49500 01 14 24.94 +21 53 30.8          20.6 Vo~09Mn291
     K09S01W  C2009 09 26.41510 01 13 09.36 +21 24 42.4          20.6 Vo~09dQ291
     K09S01W  C2009 09 26.41994 01 13 08.85 +21 24 33.4          20.7 Vo~09dQ291
     K09S01W  C2009 09 26.42443 01 13 08.39 +21 24 24.8          20.7 Vo~09dQ291
     K09S01W tC2009 09 27.49775 01 11 43.52 +20 52 52.0          21.7 Vo~09dQ291
     K09S01W tC2009 09 27.50167 01 11 43.18 +20 52 45.4                o~09dQ291
     K09S01W tC2009 09 27.50586 01 11 42.80 +20 52 37.9                o~09dQ291
     K09S01W  C2009 09 28.39902 01 10 39.67 +20 28 14.5          20.9 Vo~09dQ291
     K09S01W HC2009 09 28.40295 01 10 39.28 +20 28 09.3                o~09dQ291
     K09S01W  C2009 10 01.22630 01 07 40.27 +19 18 49.5          21.4 Vo~09qa291
     K09S01W HC2009 10 01.23033 01 07 39.97 +19 18 43.3                o~09qb291
     K09S01W HC2009 10 01.23436 01 07 39.67 +19 18 38.2                o~09qb291
     K09S01W  C2009 10 11.18549 01 00 17.52 +16 19 55.0          21.2 Vo~09zEH55
     K09S01W  C2009 10 11.19320 01 00 17.21 +16 19 48.6          21.0 Vo~09zEH55
     K09S01W  C2009 10 11.20135 01 00 16.87 +16 19 42.0          20.9 Vo~09zEH55
     K09S01W  C2009 10 16.35260 00 58 00.56 +15 13 08.2          22.2 Vo~09zE291
     K09S01W  C2009 10 16.36041 00 58 00.26 +15 13 02.5          22.4 Vo~09zE291
     K09S01W HC2009 10 16.36643 00 58 00.18 +15 12 57.9                o~09zE291
