     K09C00S* C2009 02 02.41199 11 11 02.25 -10 53 10.8          17.8 Vr~03Nm703
     K09C00S  C2009 02 02.41995 11 11 00.63 -10 52 54.9          18.2 Vr~03Nm703
     K09C00S  C2009 02 02.42807 11 10 58.90 -10 52 39.8          18.2 Vr~03Nm703
     K09C00S [C2009 02 03.42037 11 07 43.46 -10 22 45.2          18.0 Co~03NmH06
     K09C00S  C2009 02 03.42140 11 07 43.46 -10 22 43.5          18.2 Vr~03NmG96
     K09C00S  C2009 02 03.42625 11 07 42.49 -10 22 34.8          18.1 Vr~03NmG96
     K09C00S [C2009 02 03.42659 11 07 42.24 -10 22 35.9          18.0 Co~03NmH06
     K09C00S  C2009 02 03.43109 11 07 41.48 -10 22 26.0          18.1 Vr~03NmG96
     K09C00S  C2009 02 03.43589 11 07 40.47 -10 22 17.4          18.2 Vr~03NmG96
     K09C00S 5C2009 02 03.45920 11 07 35.97 -10 21 36.3          18.3 Ro~03Nm673
     K09C00S 5C2009 02 03.46522 11 07 34.74 -10 21 25.6                o~03Nm673
     K09C00S 5C2009 02 03.47025 11 07 33.68 -10 21 16.9                o~03Nm673
     K09C00S 5C2009 02 03.47407 11 07 32.91 -10 21 09.7                o~03Nm673
     K09C00S  C2009 02 05.29433 11 01 51.03 -09 27 19.5          18.6 Vo~03Nm291
     K09C00S  C2009 02 05.29847 11 01 50.23 -09 27 12.4          18.6 Vo~03Nm291
     K09C00S  C2009 02 05.30223 11 01 49.50 -09 27 05.7          18.5 Vo~03Nm291
     K09C00S  C2009 02 05.33157311 01 43.01 -09 26 18.3          18.5 Vo~03NmH55
     K09C00S  C2009 02 05.33414611 01 42.51 -09 26 14.2          18.6 Vo~03NmH55
     K09C00S  C2009 02 05.33699311 01 41.96 -09 26 08.9          18.9 Vo~03NmH55
     K09C00S  C2009 02 06.33864 10 58 41.21 -08 57 05.8          18.1  c~04G3704
     K09C00S  C2009 02 06.35109 10 58 38.85 -08 56 44.1          18.8  c~04G3704
     K09C00S  C2009 02 06.36320 10 58 36.53 -08 56 23.7          18.7  c~04G3704
     K09C00S  C2009 02 06.37568 10 58 34.16 -08 56 02.2          18.8  c~04G3704
     K09C00S  C2009 02 06.38800 10 58 31.82 -08 55 40.4          18.7  c~04G3704
     K09C00S  C2009 02 14.34611 10 37 34.20 -05 21 11.7          18.4 Rr~04Lw448
     K09C00S  C2009 02 14.35065 10 37 33.53 -05 21 04.5          18.5 Rr~04Lw448
     K09C00S  C2009 02 14.35586 10 37 32.77 -05 20 56.7          18.1 Rr~04Lw448
     K09C00S  C2009 02 16.32137310 33 09.50 -04 32 38.9          18.6 Vo~04LwH55
     K09C00S  C2009 02 16.32312210 33 09.25 -04 32 36.4          18.6 Vo~04LwH55
     K09C00S  C2009 02 16.32657410 33 08.78 -04 32 31.1          18.7 Vo~04LwH55
     K09C00S  C2009 02 17.34122 10 30 59.97 -04 08 19.7          19.1 Vo~04LwH55
     K09C00S  C2009 02 17.34400 10 30 59.61 -04 08 15.7          19.2 Vo~04LwH55
     K09C00S  C2009 02 17.34678 10 30 59.25 -04 08 11.8          19.4 Vo~04LwH55
     K09C00S  C2009 02 18.90495 10 27 52.16 -03 32 06.7          18.1 Rr~04Lw106
     K09C00S  C2009 02 18.91381 10 27 51.08 -03 31 54.4          18.1 Rr~04Lw106
     K09C00S  C2009 02 18.92267 10 27 49.97 -03 31 42.8          18.2 Rr~04Lw106
     K09C00S  C2009 02 18.93157 10 27 48.89 -03 31 30.5          18.2 Rr~04Lw106
     K09C00S  C2009 02 19.02668 10 27 37.16 -03 29 20.8                v~057h204
     K09C00S  C2009 02 19.03289 10 27 36.39 -03 29 12.1                v~057h204
     K09C00S  C2009 02 19.15245 10 27 21.77 -03 26 29.1          18.3 Cv~057h204
     K09C00S  C2009 02 19.20745 10 27 16.18 -03 24 42.5          18.6  r~04LwI36
     K09C00S  C2009 02 19.21320 10 27 15.49 -03 24 34.0          18.2  r~04LwI36
     K09C00S  C2009 02 19.21799 10 27 14.84 -03 24 27.6          18.8  r~04LwI36
     K09C00S  C2009 02 19.27570 10 27 08.92 -03 23 37.7          19.0  c~04Lw704
     K09C00S  C2009 02 19.28728 10 27 07.39 -03 23 21.9          19.1  c~04Lw704
     K09C00S  C2009 02 19.30013 10 27 05.88 -03 23 05.3          19.5  c~04Lw704
     K09C00S  C2009 02 19.31192 10 27 04.34 -03 22 48.7          19.6  c~04Lw704
     K09C00S  C2009 02 19.32351 10 27 02.98 -03 22 33.4          19.7  c~04Lw704
     K09C00S  C2009 02 20.32722 10 25 09.08 -03 00 12.9          19.5 Vo~04beH55
     K09C00S  C2009 02 20.33036 10 25 08.71 -03 00 08.6          19.7 Vo~04beH55
     K09C00S  C2009 02 20.33365 10 25 08.33 -03 00 04.3          19.5 Vo~04beH55
     K09C00S  C2009 02 21.35313 10 23 17.71 -02 37 52.1          18.5 Rr~04beH45
     K09C00S  C2009 02 21.35519 10 23 17.54 -02 37 49.6          18.5 Rr~04beH45
     K09C00S  C2009 02 21.35623 10 23 17.43 -02 37 48.3          18.5 Rr~04beH45
     K09C00S  C2009 02 21.35734 10 23 17.32 -02 37 46.4          18.8 Rr~04beH45
     K09C00S  C2009 02 21.35858 10 23 17.17 -02 37 44.6          18.8 Rr~04beH45
     K09C00S  C2009 02 21.35967 10 23 17.07 -02 37 43.8          18.9 Rr~04beH45
     K09C00S  C2009 02 21.36123 10 23 16.88 -02 37 41.5          18.9 Rr~04beH45
     K09C00S  C2009 02 21.36212 10 23 16.77 -02 37 40.5          18.8 Rr~04beH45
     K09C00S  C2009 02 23.35632 10 19 54.41 -01 55 54.3          18.7 Rr~04beH45
     K09C00S  C2009 02 23.35831 10 19 54.21 -01 55 51.8          18.8 Rr~04beH45
     K09C00S  C2009 02 23.36019 10 19 54.03 -01 55 48.9          18.9 Rr~04beH45
     K09C00S  C2009 02 23.36167 10 19 53.85 -01 55 47.5          18.9 Rr~04beH45
     K09C00S  C2009 02 23.36328 10 19 53.71 -01 55 45.9          18.9 Rr~04beH45
     K09C00S  C2009 02 23.36620 10 19 53.48 -01 55 41.9          19.0 Rr~04beH45
     K09C00S  C2009 02 27.26234 10 14 09.84 -00 40 17.8          19.2  c~04tE704
     K09C00S  C2009 02 27.27355 10 14 08.87 -00 40 05.5          19.3  c~04tE704
     K09C00S  C2009 02 27.28513 10 14 07.84 -00 39 52.4          19.5  c~04tE704
     K09C00S  C2009 02 27.29687 10 14 06.79 -00 39 40.2          19.4  c~04tE704
     K09C00S  C2009 02 27.30840 10 14 05.77 -00 39 26.0          19.6  c~04tE704
     K09C00S  C2009 03 13.17549 10 01 56.88 +02 43 51.9          20.6 Vo~05JwH55
     K09C00S  C2009 03 13.17951 10 01 56.74 +02 43 54.7          20.7 Vo~05JwH55
     K09C00S  C2009 03 13.18363 10 01 56.58 +02 43 57.6          20.3 Vo~05JwH55
     K09C00S  C2009 03 15.27091 10 01 04.93 +03 06 33.9          20.3 Vo~05Jw291
     K09C00S  C2009 03 15.27468 10 01 04.81 +03 06 36.3          20.3 Vo~05Jw291
     K09C00S  C2009 03 15.27836 10 01 04.73 +03 06 38.6          20.3 Vo~05Jw291
     K09C00S  C2009 03 16.21906 10 00 46.15 +03 16 11.7          20.4 Vo~05Jw291
     K09C00S HC2009 03 16.22440 10 00 46.10 +03 16 15.8                o~05Jw291
     K09C00S HC2009 03 16.22979 10 00 45.82 +03 16 17.9                o~05Jw291
     K09C00S  C2009 03 17.15935 10 00 30.17 +03 25 22.6          20.4 Vo~05Jw291
     K09C00S  C2009 03 17.16487 10 00 30.05 +03 25 26.1          20.4 Vo~05Jw291
     K09C00S  C2009 03 17.17027 10 00 29.93 +03 25 28.9          20.4 Vo~05Jw291
     K09C00S  C2009 04 01.14854 10 01 16.33 +05 06 44.0          21.2 Vo~05u1291
     K09C00S  C2009 04 01.15883 10 01 16.50 +05 06 46.3          21.3 Vo~05u1291
     K09C00S  C2009 04 01.16920 10 01 16.69 +05 06 49.1          21.3 Vo~05u1291
     K09C00S  C2009 04 27.17390 10 18 19.44 +05 33 50.1          22.3 Vo~06h1291
     K09C00S HC2009 04 27.17766 10 18 19.58 +05 33 50.0                o~06h1291
     K09C00S HC2009 04 27.18141 10 18 19.89 +05 33 49.5                o~06h1291
     K09C00S .C2011 09 12.22722 07 16 22.51 +26 24 48.9          20.1 Ro~0Y8X950
     K09C00S .C2011 09 12.23128 07 16 24.18 +26 24 43.3          20.0 Ro~0Y8X950
     K09C00S .C2011 09 12.23263 07 16 24.84 +26 24 42.3          20.0 Ro~0Y8X950
     K09C00S .C2011 09 12.23397 07 16 25.25 +26 24 39.9          20.0 Ro~0Y8X950
     K09C00S .C2011 09 12.23531 07 16 25.91 +26 24 38.1          20.0 Ro~0Y8X950
     K09C00S .C2011 09 12.23667 07 16 26.45 +26 24 36.8          19.9 Ro~0Y8X950
     K09C00S KC2012 03 02.39273 13 17 45.98 -14 00 53.3                o~0e86291
     K09C00S KC2012 03 02.39896 13 17 45.46 -14 00 51.0                o~0e86291
     K09C00S KC2012 03 02.40517 13 17 45.03 -14 00 48.8                o~0e86291
