     K09H21L* C2009 04 20.92262 13 45 03.98 +04 21 49.2                r~06OE621
     K09H21L  C2009 04 20.92809 13 45 05.54 +04 21 19.7                r~06OE621
     K09H21L  C2009 04 20.93084 13 45 06.29 +04 21 05.8                r~06OE621
     K09H21L  C2009 04 20.93358 13 45 07.07 +04 20 51.0                r~06OE621
     K09H21L  C2009 04 20.93632 13 45 07.79 +04 20 38.0                r~06OE621
     K09H21L  C2009 04 20.93907 13 45 08.60 +04 20 22.9                r~06OE621
     K09H21L  C2009 04 20.94180 13 45 09.38 +04 20 08.2                r~06OE621
     K09H21L  C2009 04 20.94455 13 45 10.09 +04 19 54.8          17.4 Cr~06OE621
     K09H21L  C2009 04 21.86230 13 49 38.17 +03 05 25.1          17.5 Rr~06OE113
     K09H21L  C2009 04 21.86376 13 49 38.51 +03 05 18.3          17.7 Rr~06OE113
     K09H21L  C2009 04 21.86521 13 49 38.87 +03 05 11.5          17.6 Rr~06OE113
     K09H21L  C2009 04 21.86667 13 49 39.22 +03 05 05.0          17.4 Rr~06OE113
     K09H21L  C2009 04 21.87129 13 49 40.76 +03 04 45.4          17.4 Vr~06OEA17
     K09H21L  C2009 04 21.87325 13 49 41.25 +03 04 36.5          17.3 Vr~06OEA17
     K09H21L  C2009 04 21.87751 13 49 42.28 +03 04 16.8          17.7 Vr~06OEA17
     K09H21L  C2009 04 21.88182 13 49 43.33 +03 03 57.4          17.6 Vr~06OEA17
     K09H21L  C2009 04 21.88619 13 49 44.39 +03 03 37.5          17.7 Vr~06OEA17
     K09H21L  C2009 04 21.88650 13 49 41.59 +03 03 45.4          17.7  r~06OE114
     K09H21L  C2009 04 21.88741 13 49 41.85 +03 03 41.3          17.9  r~06OE114
     K09H21L  C2009 04 21.89047513 49 44.83 +03 03 20.2          17.5 Vv~06OEB03
     K09H21L  C2009 04 21.89226 13 49 46.47 +03 03 07.1                r~06OEJ95
     K09H21L  C2009 04 21.89404 13 49 46.90 +03 02 58.7                r~06OEJ95
     K09H21L  C2009 04 21.89439013 49 45.78 +03 03 02.7          17.5 Vv~06OEB03
     K09H21L  C2009 04 21.89582 13 49 47.33 +03 02 51.2          17.9 Rr~06OEJ95
     K09H21L  C2009 04 21.89830613 49 46.73 +03 02 44.5          17.3 Vv~06OEB03
     K09H21L  C2009 04 21.89863 13 49 47.03 +03 02 43.1          18.0 Vo~06OEB36
     K09H21L  C2009 04 21.90168 13 49 47.76 +03 02 28.9          18.1 Vo~06OEB36
     K09H21L  C2009 04 21.90222413 49 47.65 +03 02 26.9          17.6 Vv~06OEB03
     K09H21L  C2009 04 21.90473 13 49 48.47 +03 02 15.3          18.0 Vo~06OEB36
     K09H21L  C2009 04 21.90974 13 49 50.96 +03 01 44.6                o~06OEJ41
     K09H21L  C2009 04 21.90983 13 49 50.06 +03 01 49.8          18.2 Vo~06OE611
     K09H21L  C2009 04 21.91145 13 49 50.46 +03 01 42.8          18.0 Vo~06OE611
     K09H21L  C2009 04 21.91307 13 49 50.84 +03 01 35.3          18.0 Vo~06OE611
     K09H21L  C2009 04 21.91371 13 49 51.90 +03 01 26.9          17.2 Co~06OEJ41
     K09H21L  C2009 04 21.92140 13 49 53.82 +03 00 51.9                o~06OEJ41
     K09H21L  C2009 04 21.92445 13 49 53.59 +03 00 41.7          18.2 Vo~06OE510
     K09H21L  C2009 04 21.94157 13 49 57.67 +02 59 24.1          18.0 Vo~06OE510
     K09H21L  C2009 04 21.95845 13 50 01.64 +02 58 07.8          17.9 Vo~06OE510
     K09H21L  C2009 04 21.98073 13 50 06.97 +02 56 26.6                r~06OE621
     K09H21L  C2009 04 21.98271 13 50 07.46 +02 56 18.0                r~06OE621
     K09H21L  C2009 04 21.98469 13 50 07.91 +02 56 09.7                r~06OE621
     K09H21L  C2009 04 22.00042 13 50 11.63 +02 54 58.3                r~06OE621
     K09H21L  C2009 04 22.00240 13 50 12.09 +02 54 49.0          18.0 Cr~06OE621
     K09H21L  C2009 04 22.03291 13 50 19.00 +02 52 39.0          17.4 Cv~06hT204
     K09H21L  C2009 04 22.03427 13 50 19.32 +02 52 32.9                v~06hT204
     K09H21L  C2009 04 22.03729 13 50 20.05 +02 52 19.3                v~06hT204
     K09H21L  C2009 04 22.04120 13 50 20.94 +02 52 01.6                v~06hT204
     K09H21L  C2009 04 22.28257613 51 24.53 +02 34 27.1          18.1 Vo~06OEH55
     K09H21L  C2009 04 22.28462713 51 24.99 +02 34 18.3          17.9 Vo~06OEH55
     K09H21L  C2009 04 22.28667913 51 25.44 +02 34 09.3          18.0 Vo~06OEH55
     K09H21L  C2009 04 22.82738 13 53 44.53 +01 56 08.1          17.6 Ro~06OEA99
     K09H21L  C2009 04 22.83142 13 53 45.43 +01 55 51.7          17.7 Ro~06OEA99
     K09H21L  C2009 04 22.83955 13 53 47.16 +01 55 19.2          17.9 Ro~06OEA99
     K09H21L  C2009 04 22.84213 13 53 47.53 +01 55 03.4          18.0 Vo~06OEA74
     K09H21L  C2009 04 22.84356 13 53 48.01 +01 55 02.9          17.9 Ro~06OEA99
     K09H21L  C2009 04 22.84740 13 53 48.68 +01 54 41.7          17.9 Vo~06OEA74
     K09H21L  C2009 04 22.85238 13 53 49.75 +01 54 21.9          17.5 Vo~06OEA74
     K09H21L  C2009 04 22.86133 13 53 51.67 +01 53 45.4          17.6 Vo~06OEA74
     K09H21L  C2009 04 22.93550 13 54 07.09 +01 48 55.9          17.9 Cw~06OE160
     K09H21L  C2009 04 22.93797 13 54 07.59 +01 48 45.9          18.1 Cw~06OE160
     K09H21L  C2009 04 22.94041 13 54 08.09 +01 48 36.1          17.9 Cw~06OE160
     K09H21L  C2009 04 22.95914 13 54 12.12 +01 47 11.0                r~06OE621
     K09H21L  C2009 04 22.96178 13 54 12.64 +01 47 01.1                r~06OE621
     K09H21L  C2009 04 22.96236 13 54 12.49 +01 47 06.3          17.2 Rc~06OEA53
     K09H21L  C2009 04 22.96442 13 54 13.17 +01 46 50.2          17.7 Cr~06OE621
     K09H21L  C2009 04 22.96601 13 54 13.29 +01 46 50.9          17.8 Rc~06OEA53
     K09H21L  C2009 04 23.29094 13 55 26.20 +01 25 54.3          17.8 Rr~06OEH45
     K09H21L  C2009 04 23.29208 13 55 26.41 +01 25 50.1          18.0 Rr~06OEH45
     K09H21L  C2009 04 23.29288 13 55 26.57 +01 25 47.0          18.0 Rr~06OEH45
     K09H21L  C2009 04 23.29344 13 55 26.68 +01 25 44.7          17.8 Rr~06OEH45
     K09H21L  C2009 04 23.29465 13 55 26.92 +01 25 40.5          18.1 Rr~06OEH45
     K09H21L  C2009 04 23.29575 13 55 27.11 +01 25 36.1          17.9 Rr~06OEH45
     K09H21L  C2009 04 23.29709 13 55 27.37 +01 25 30.9          17.9 Rr~06OEH45
     K09H21L  C2009 04 23.29826 13 55 27.58 +01 25 26.1          18.0 Rr~06OEH45
     K09H21L  C2009 04 23.29928 13 55 27.79 +01 25 22.5          17.9 Rr~06OEH45
     K09H21L  C2009 04 23.33772613 55 34.87 +01 22 48.6          18.1 Vo~06OEH55
     K09H21L  C2009 04 23.34107413 55 35.52 +01 22 35.9          18.1 Vo~06OEH55
     K09H21L  C2009 04 23.34274913 55 35.85 +01 22 29.4          17.9 Vo~06OEH55
     K09H21L  C2009 04 23.34442213 55 36.19 +01 22 23.0          17.7 Vo~06OEH55
     K09H21L  C2009 04 24.92220 14 00 58.89 -00 09 30.0                o~06hT046
     K09H21L  C2009 04 24.92345 14 00 59.11 -00 09 34.7                o~06hT046
     K09H21L  C2009 04 24.92459 14 00 59.28 -00 09 38.6                o~06hT046
     K09H21L  C2009 04 24.92578 14 00 59.45 -00 09 41.7                o~06hT046
     K09H21L  C2009 04 24.92684 14 00 59.61 -00 09 45.6                o~06hT046
     K09H21L  C2009 04 24.92792 14 00 59.84 -00 09 49.6                o~06hT046
     K09H21L  C2009 04 24.92903 14 01 00.00 -00 09 52.7                o~06hT046
     K09H21L  C2009 04 24.93013 14 01 00.11 -00 09 54.7                o~06hT046
     K09H21L  C2009 04 24.93119 14 01 00.31 -00 09 59.4                o~06hT046
     K09H21L  C2009 04 24.93228 14 01 00.47 -00 10 03.4                o~06hT046
     K09H21L  C2009 04 25.01777 14 01 14.23 -00 14 35.8          18.2 Vr~06hTB01
     K09H21L  C2009 04 25.02239 14 01 14.95 -00 14 50.3          18.3 Vr~06hTB01
     K09H21L  C2009 04 25.02392 14 01 15.20 -00 14 55.0          18.2 Vr~06hTB01
     K09H21L  C2009 04 25.03008 14 01 16.14 -00 15 14.5          18.1 Vr~06hTB01
     K09H21L  C2009 04 25.03315 14 01 16.63 -00 15 24.2          18.2 Vr~06hTB01
     K09H21L  C2009 04 25.03623 14 01 17.12 -00 15 34.0          18.2 Vr~06hTB01
     K09H21L  C2009 04 25.10825 14 01 28.63 -00 19 19.4          18.2 Vr~06hTB01
     K09H21L  C2009 04 25.11439 14 01 29.63 -00 19 38.6          18.2 Vr~06hTB01
     K09H21L  C2009 04 26.29433 14 04 50.40 -01 17 02.0          18.3  c~06hT704
     K09H21L  C2009 04 26.30569 14 04 51.81 -01 17 33.3          18.6  c~06hT704
     K09H21L  C2009 04 26.31707 14 04 53.26 -01 18 04.5          18.5  c~06hT704
     K09H21L  C2009 04 26.32852 14 04 54.69 -01 18 36.2          18.5  c~06hT704
     K09H21L  C2009 04 26.34065 14 04 56.23 -01 19 09.4          18.5  c~06hT704
     K09H21L  C2009 04 27.32976 14 07 23.19 -02 02 16.0          18.4 Vr~06hT703
     K09H21L  C2009 04 27.33778 14 07 24.13 -02 02 35.3          18.4 Vr~06hT703
     K09H21L  C2009 04 27.34584 14 07 24.99 -02 02 55.5          18.3 Vr~06hT703
     K09H21L  C2009 04 27.35388 14 07 25.89 -02 03 16.1          18.4 Vr~06hT703
     K09H21L  C2009 04 29.14004 14 11 20.34 -03 11 25.7          18.7 Vo~06hT691
     K09H21L  C2009 04 29.15768 14 11 22.16 -03 12 03.5          19.0 Vo~06hT691
     K09H21L  C2009 04 29.17530 14 11 23.89 -03 12 40.7          19.0 Vo~06hT691
     K09H21L  C2009 04 29.97231 14 12 51.46 -03 39 49.6          18.7 Vr~06sYJ75
     K09H21L  C2009 04 29.98520 14 12 52.59 -03 40 14.6          18.9 Vr~06sYJ75
     K09H21L  C2009 04 29.99806 14 12 53.64 -03 40 39.4          18.3 Vr~06sYJ75
     K09H21L  C2009 04 30.25193 14 13 21.81 -03 48 48.6          18.8  c~06hT704
     K09H21L  C2009 04 30.26198 14 13 22.65 -03 49 07.7          19.0  c~06hT704
     K09H21L  C2009 04 30.27202 14 13 23.56 -03 49 26.8          19.2  c~06hT704
     K09H21L  C2009 04 30.28207 14 13 24.28 -03 49 45.3          19.1  c~06hT704
     K09H21L  C2009 04 30.29211 14 13 25.10 -03 50 06.2          19.0  c~06hT704
     K09H21L  C2009 05 11.33858 14 26 52.18 -07 55 13.8          19.3 Rr~06sg448
     K09H21L  C2009 05 11.35961 14 26 52.98 -07 55 35.1          19.8 Rr~06sg448
     K09H21L  C2009 05 11.38032 14 26 53.81 -07 55 53.5          20.6 Rr~06sg448
     K09H21L  C2009 05 16.27590 14 30 53.35 -09 05 06.5          20.3 Vr~0728G96
     K09H21L  C2009 05 16.29112 14 30 53.83 -09 05 18.2          20.1 Vr~0728G96
     K09H21L  C2009 05 16.29875 14 30 54.09 -09 05 24.0          20.1 Vr~0728G96
     K09H21L  C2009 05 30.18698 14 41 00.15 -11 31 24.3          21.6 Vo~07JA291
     K09H21L  C2009 05 30.19244 14 41 00.34 -11 31 27.7          21.4 Vo~07JA291
     K09H21L  C2009 05 30.25686 14 41 02.66 -11 32 02.9          22.0 Vo~07JA291
     K09H21L  C2009 05 31.25713 14 41 48.23 -11 40 59.3          21.9 Vo~07JA291
     K09H21L HC2009 05 31.27075 14 41 48.68 -11 41 07.6                o~07JA291
