     K09U87Z* C2009 10 27.43652 03 41 18.92 +30 45 25.9          18.6 Vr~0AePG96
     K09U87Z  C2009 10 27.44387 03 41 08.44 +30 43 27.2          18.5 Vr~0AePG96
     K09U87Z  C2009 10 27.45111 03 40 58.11 +30 41 29.9          18.6 Vr~0AePG96
     K09U87Z  C2009 10 27.46729 03 40 34.48 +30 36 52.9          18.7 Ro~0AePH01
     K09U87Z  C2009 10 27.47044 03 40 30.06 +30 36 01.8          18.7 Ro~0AePH01
     K09U87Z  C2009 10 27.47410 03 40 24.98 +30 35 01.9          18.5 Ro~0AePH01
     K09U87Z  C2009 10 27.47913 03 40 18.01 +30 33 40.0          18.8 Ro~0AePH01
     K09U87Z  C2009 10 27.48225 03 40 14.48 +30 33 05.4          19.3 Vr~0AeP703
     K09U87Z  C2009 10 27.48287 03 40 13.56 +30 32 54.8          18.8 Vr~0AeP703
     K09U87Z  C2009 10 27.48473 03 40 10.29 +30 32 08.9          18.9 Ro~0AePH01
     K09U87Z  C2009 10 27.49141 03 40 01.74 +30 30 35.1          18.8 Vr~0AePG96
     K09U87Z  C2009 10 27.49182 03 40 01.12 +30 30 28.2          18.8 Vr~0AePG96
     K09U87Z  C2009 10 27.49222 03 40 00.58 +30 30 21.8          19.0 Vr~0AePG96
     K09U87Z  C2009 10 27.49263 03 40 00.01 +30 30 15.1          18.8 Vr~0AePG96
     K09U87Z  C2009 10 27.51933 03 39 23.54 +30 22 58.6          18.9 Vr~0AePG96
     K09U87Z  C2009 10 27.51975 03 39 22.96 +30 22 51.6          18.6 Vr~0AePG96
     K09U87Z  C2009 10 27.52016 03 39 22.42 +30 22 44.7          18.8 Vr~0AePG96
     K09U87Z  C2009 10 27.52058 03 39 21.81 +30 22 38.3          18.4 Vr~0AePG96
     K09U87Z tC2009 10 29.20516 03 09 52.95 +23 40 00.0          19.3 Vo~0AeP291
     K09U87Z tC2009 10 29.20917 03 09 49.08 +23 39 10.4          19.4 Vo~0AeP291
     K09U87Z tC2009 10 29.21316 03 09 45.13 +23 38 19.5          19.5 Vo~0AeP291
     K09U87Z  C2009 10 30.33463 02 54 33.33 +19 51 45.5          19.6 Rc~0AeP926
     K09U87Z  C2009 10 30.33627 02 54 31.92 +19 51 27.1          19.9 Rc~0AeP926
     K09U87Z  C2009 10 30.33794 02 54 30.53 +19 51 09.0          20.2 Rc~0AeP926
     K09U87Z  C2009 10 30.37784 02 53 54.61 +19 42 49.2          18.7 Rr~0AePH36
     K09U87Z  C2009 10 30.38089 02 53 52.26 +19 42 15.8          19.0 Rr~0AePH36
     K09U87Z  C2009 10 30.38360 02 53 50.11 +19 41 43.5          18.8 Rr~0AePH36
     K09U87Z  C2009 10 30.38642 02 53 47.90 +19 41 11.7          18.6 Rr~0AePH36
     K09U87Z  C2009 10 30.38881 02 53 46.05 +19 40 44.8          18.7 Rr~0AePH36
     K09U87Z  C2009 11 09.34618 01 55 33.87 +02 45 04.6          21.9 Vo~0B1a291
     K09U87Z tC2009 11 09.36503 01 55 29.95 +02 44 05.7          21.5 Vo~0B1a291
     K09U87Z tC2009 11 09.36987 01 55 29.02 +02 43 52.7          21.4 Vo~0B1a291
