     K09F10Y* C2009 03 21.22287 09 37 24.45 +15 29 19.3          21.3 Vr~05ZuG96
     K09F10Y  C2009 03 21.23383 09 37 21.97 +15 29 07.7          21.5 Vr~05ZuG96
     K09F10Y  C2009 03 21.23931 09 37 20.78 +15 29 02.1          21.1 Vr~05ZuG96
     K09F10Y  C2009 03 21.26986 09 37 13.98 +15 28 30.3          21.6 Vr~05ZuG96
     K09F10Y  C2009 03 21.27057 09 37 13.83 +15 28 29.9          21.2 Vr~05ZuG96
     K09F10Y  C2009 03 21.27125 09 37 13.65 +15 28 29.1          22.1 Vr~05ZuG96
     K09F10Y  C2009 03 21.27194 09 37 13.51 +15 28 28.2          20.7 Vr~05ZuG96
     K09F10Y  C2009 03 21.37215 09 36 51.36 +15 26 43.6          20.5 Vr~05ZuG96
     K09F10Y  C2009 03 21.37284 09 36 51.20 +15 26 42.6          20.5 Vr~05ZuG96
     K09F10Y  C2009 03 21.37352 09 36 51.08 +15 26 42.6          20.4 Vr~05ZuG96
     K09F10Y  C2009 03 21.37421 09 36 50.94 +15 26 41.1          21.1 Vr~05ZuG96
     K09F10Y  C2009 03 21.82416909 35 14.63 +15 18 52.2          20.6 Cr~05Zu493
     K09F10Y  C2009 03 21.82650609 35 14.14 +15 18 49.7          20.9 Cr~05Zu493
     K09F10Y  C2009 03 21.82883909 35 13.61 +15 18 47.1          20.4 Cr~05Zu493
     K09F10Y  C2009 03 22.08951 09 34 17.71 +15 14 14.2          21.6 Vo~05ZuH55
     K09F10Y  C2009 03 22.10044 09 34 15.32 +15 14 02.6          21.6 Vo~05ZuH55
     K09F10Y  C2009 03 22.11099 09 34 13.04 +15 13 50.8                o~05ZuH55
     K09F10Y  C2009 03 27.23547 09 17 09.24 +13 40 41.8          22.2 Vo~05Zu291
     K09F10Y  C2009 03 27.23984 09 17 08.41 +13 40 37.0          21.4 Vo~05Zu291
     K09F10Y HC2009 03 27.24410 09 17 07.62 +13 40 33.0                o~05Zu291
     K09F10Y HC2009 04 17.19158 08 32 58.87 +07 07 01.8                o~06Bj291
     K09F10Y HC2009 04 17.19527 08 32 58.59 +07 06 56.7                o~06Bk291
     K09F10Y HC2009 04 17.19905 08 32 58.23 +07 06 51.0                o~06Bk291
     K09F10Y HC2009 04 27.13235 08 23 57.12 +04 12 25.1                o~06h9291
     K09F10Y HC2009 04 27.13614 08 23 56.97 +04 12 20.7                o~06h9291
     K09F10Y HC2009 04 27.14000 08 23 56.90 +04 12 16.4                o~06h9291
     K09F10Y  C2016 02 13.46412 12 45 41.47 -03 55 42.3          20.9 Ro~1lvj926
     K09F10Y  C2016 02 13.47306 12 45 40.67 -03 55 54.9          21.8 Ro~1lvj926
     K09F10Y  C2016 02 13.48199 12 45 39.87 -03 56 07.1          21.8 Ro~1lvj926
     K09F10Y  C2016 02 15.44236 12 42 39.69 -04 42 00.3          21.7 Ro~1lvj926
     K09F10Y  C2016 02 15.46977 12 42 36.85 -04 42 39.7          21.6 Ro~1lvj926
     K09F10Y  C2016 02 15.47875 12 42 36.01 -04 42 52.6          22.2 Ro~1lvj926
     K09F10Y  C2016 02 15.48791 12 42 35.01 -04 43 06.8          21.3 Ro~1lvj926
     K09F10Y |C2016 02 28.33170 12 10 07.83 -10 50 29.2          20.7 Vu~1n0f807
     K09F10Y |C2016 02 28.33605 12 10 06.89 -10 50 37.8          20.7 Vu~1n0f807
     K09F10Y |C2016 02 28.34040 12 10 05.93 -10 50 46.8          20.7 Vu~1n0f807
     K09F10Y |C2016 03 20.02342 10 13 03.47 -23 23 18.4          19.8 Vu~1oYP807
     K09F10Y |C2016 03 20.02632 10 13 02.19 -23 23 23.9          19.9 Vu~1oYP807
     K09F10Y |C2016 03 20.02936 10 13 00.83 -23 23 29.6          20.1 Vu~1oYP807
     K09F10Y |C2016 03 20.03210 10 12 59.59 -23 23 34.8          20.2 Vu~1oYP807
     K09F10Y |C2016 03 20.03513 10 12 58.22 -23 23 40.3          20.1 Vu~1oYP807
     K09F10Y |C2016 03 25.01793 09 35 37.78 -25 34 44.0          20.3 Vu~1pQ3807
     K09F10Y |C2016 03 25.02039 09 35 36.64 -25 34 47.1          20.4 Vu~1pQ3807
     K09F10Y |C2016 03 25.02262 09 35 35.63 -25 34 50.1          20.6 Vu~1pQ3807
     K09F10Y |C2016 03 25.02509 09 35 34.50 -25 34 53.7          20.4 Vu~1pQ3807
     K09F10Y |C2016 03 28.13132 09 12 35.13 -26 33 13.0          20.7 Vu~1pQ3807
     K09F10Y |C2016 03 28.13394 09 12 33.97 -26 33 15.2          20.8 Vu~1pQ3807
     K09F10Y |C2016 03 28.13674 09 12 32.73 -26 33 17.9          20.6 Vu~1pQ3807
     K09F10Y |C2016 03 28.13953 09 12 31.49 -26 33 20.4          20.5 Vu~1pQ3807
     K09F10Y |C2016 03 28.14196 09 12 30.42 -26 33 22.8          20.4 Vu~1pQ3807
