     K09V00T* C2009 11 08.30784 02 40 44.94 +13 12 52.1          20.4 Vr~0B1rG96
     K09V00T  C2009 11 08.31346 02 40 44.11 +13 12 45.0          20.9 Vr~0B1rG96
     K09V00T  C2009 11 08.31911 02 40 43.32 +13 12 37.8          20.9 Vr~0B1rG96
     K09V00T  C2009 11 08.32476 02 40 42.45 +13 12 31.1          20.5 Vr~0B1rG96
     K09V00T  C2009 11 08.39267 02 40 32.59 +13 11 06.6          21.0 Rc~0B1r926
     K09V00T  C2009 11 08.39644 02 40 32.02 +13 11 01.2          20.9 Rc~0B1r926
     K09V00T  C2009 11 08.40019 02 40 31.46 +13 10 55.9          20.7 Rc~0B1r926
     K09V00T  C2009 11 08.43499 02 40 26.47 +13 10 11.8          21.9 Vr~0B1rG96
     K09V00T  C2009 11 08.44164 02 40 25.50 +13 10 03.4          21.4 Vr~0B1rG96
     K09V00T  C2009 11 08.44490 02 40 25.03 +13 09 59.1          21.9 Vr~0B1rG96
     K09V00T  C2009 11 09.31258 02 38 25.08 +12 51 43.4          20.4 Vr~0B1rG96
     K09V00T  C2009 11 09.31966 02 38 24.00 +12 51 34.3          20.0 Vr~0B1rG96
     K09V00T  C2009 11 09.32684 02 38 22.92 +12 51 25.2          20.2 Vr~0B1rG96
     K09V00T  C2009 11 09.33385 02 38 21.87 +12 51 15.8          20.7 Vr~0B1rG96
     K09V00T  C2009 11 09.37229 02 38 16.11 +12 50 26.1          20.3 Vr~0B1rG96
     K09V00T  C2009 11 09.37879 02 38 15.18 +12 50 17.6          20.0 Vr~0B1rG96
     K09V00T  C2009 11 09.38116 02 38 14.78 +12 50 15.0          21.1 Rc~0B1r926
     K09V00T  C2009 11 09.38535 02 38 14.17 +12 50 09.1          20.6 Vr~0B1rG96
     K09V00T  C2009 11 09.38596 02 38 14.02 +12 50 08.8          21.3 Rc~0B1r926
     K09V00T  C2009 11 09.39076 02 38 13.34 +12 50 02.4          21.0 Rc~0B1r926
     K09V00T  C2009 11 09.39310 02 38 13.09 +12 49 59.4          19.8 Vr~0B1rG96
     K09V00T  C2009 11 10.22564 02 36 15.89 +12 31 59.3                o~0B1r291
     K09V00T  C2009 11 10.22945 02 36 15.32 +12 31 53.9                o~0B1r291
     K09V00T  C2009 11 10.23331 02 36 14.70 +12 31 48.9                o~0B1r291
     K09V00T tC2009 11 11.23294 02 33 49.40 +12 09 38.5          21.4 Vo~0B1r291
     K09V00T tC2009 11 11.23904 02 33 48.41 +12 09 31.1          21.5 Vo~0B1r291
     K09V00T tC2009 11 11.24351 02 33 47.76 +12 09 24.8          21.4 Vo~0B1r291
     K09V00T  C2009 11 11.43370 02 33 18.17 +12 05 04.6          20.2 Ro~0B1rH01
     K09V00T  C2009 11 11.43769 02 33 17.58 +12 04 59.3          20.1 Ro~0B1rH01
     K09V00T  C2009 11 11.44244 02 33 16.85 +12 04 52.5          20.0 Ro~0B1rH01
     K09V00T  C2009 11 16.27538 02 20 56.86 +10 09 46.8          20.4 Vr~0BJ3G96
     K09V00T  C2009 11 16.28121 02 20 55.89 +10 09 38.3          19.8 Vr~0BJ3G96
     K09V00T tC2009 11 16.28122 02 20 55.90 +10 09 38.1          20.9 Vo~0BJ3291
     K09V00T tC2009 11 16.28501 02 20 55.31 +10 09 32.1          21.0 Vo~0BJ3291
     K09V00T  C2009 11 16.28705 02 20 54.92 +10 09 29.4          21.0 Vr~0BJ3G96
     K09V00T tC2009 11 16.28892 02 20 54.60 +10 09 26.9          21.4 Vo~0BJ3291
     K09V00T  C2009 11 16.29299 02 20 53.91 +10 09 20.5          20.8 Vr~0BJ3G96
     K09V00T  C2009 11 16.32211 02 20 49.02 +10 08 36.6          21.4 Vr~0BJ3G96
     K09V00T  C2009 11 16.32974 02 20 47.76 +10 08 24.7          21.1 Vr~0BJ3G96
     K09V00T  C2009 11 16.33732 02 20 46.46 +10 08 13.5          20.9 Vr~0BJ3G96
     K09V00T  C2009 11 16.34502 02 20 45.20 +10 08 02.2          21.0 Vr~0BJ3G96
     K09V00T  C2009 11 16.35601 02 20 43.36 +10 07 45.1          20.9 Vr~0BJ3G96
     K09V00T  C2009 11 16.36503 02 20 41.82 +10 07 31.4          21.4 Vr~0BJ3G96
     K09V00T  C2009 11 16.37409 02 20 40.34 +10 07 17.5          20.7 Vr~0BJ3G96
     K09V00T  C2009 11 16.38490 02 20 38.58 +10 07 01.3          20.6 Vr~0BJ3G96
     K09V00T  C2009 11 17.20575 02 18 29.72 +09 46 23.3          21.1 Vo~0BJ3291
     K09V00T  C2009 11 17.20959 02 18 29.10 +09 46 18.0          21.1 Vo~0BJ3291
     K09V00T  C2009 11 17.21371 02 18 28.38 +09 46 11.4          21.2 Vo~0BJ3291
     K09V00T  C2009 11 20.25649 02 10 17.83 +08 27 33.8          20.9 Vr~0BJ3G96
     K09V00T  C2009 11 20.26244 02 10 16.82 +08 27 24.1          21.5 Vr~0BJ3G96
     K09V00T  C2009 11 20.26821 02 10 15.81 +08 27 15.0          21.0 Vr~0BJ3G96
     K09V00T HC2009 11 25.10666 01 57 14.61 +06 17 46.6                o~0Bkl291
     K09V00T  C2009 11 25.11044 01 57 14.12 +06 17 42.2                o~0Bkl291
     K09V00T HC2009 11 25.11418 01 57 13.38 +06 17 34.2                o~0Bkl291
     K09V00T  C2009 11 26.17290 01 54 23.65 +05 48 54.5          21.4 Vr~0BklG96
     K09V00T  C2009 11 26.17545 01 54 23.18 +05 48 50.7          21.4 Vr~0BklG96
     K09V00T  C2009 11 26.17807 01 54 22.86 +05 48 47.6          21.3 Vr~0BklG96
     K09V00T  C2009 11 26.18069 01 54 22.35 +05 48 42.2          21.4 Vr~0BklG96
     K09V00T  C2009 12 06.10615901 29 38.69 +01 24 48.1          21.3 Vo~0CAZH21
     K09V00T  C2009 12 06.11435901 29 37.45 +01 24 35.6          21.5 Vo~0CAZH21
     K09V00T  C2009 12 06.12314601 29 36.15 +01 24 21.9          21.6 Vo~0CAZH21
     K09V00T  C2009 12 20.15381 01 02 32.91 -04 04 18.9          21.5 Vo~0CgA291
     K09V00T  C2009 12 20.15804 01 02 32.50 -04 04 24.4          21.6 Vo~0CgA291
     K09V00T  C2009 12 20.16177 01 02 32.07 -04 04 29.0          21.3 Vo~0CgA291
     K09V00T HC2010 01 06.09634 00 38 15.50 -10 05 00.5                o~0CtU291
     K09V00T HC2010 01 06.10006 00 38 15.03 -10 05 06.3                o~0CtU291
     K09V00T HC2010 01 06.10469 00 38 14.59 -10 05 12.4                o~0CtU291
     K09V00T HC2010 01 06.10882 00 38 14.08 -10 05 18.2                o~0CtU291
     K09V00T  C2010 01 06.11296 00 38 13.67 -10 05 24.9                o~0CtU291
