     K10X73A* C2010 12 15.54058 11 57 29.31 +11 50 13.8          21.2 rL~0QlBF51
     K10X73A  C2010 12 15.54616 11 57 29.82 +11 50 16.3          21.3 rL~0QlBF51
     K10X73A  C2010 12 15.55619 11 57 30.75 +11 50 21.0          21.3 rL~0QlBF51
     K10X73A  C2010 12 15.56180 11 57 31.24 +11 50 23.8          21.0 rL~0QlBF51
     K10X73A  C2010 12 15.57082 11 57 32.06 +11 50 28.0          21.5 wL~0QlBF51
     K10X73A  C2010 12 15.57643 11 57 32.58 +11 50 30.8          21.7 wL~0QlBF51
     K10X73A  C2010 12 15.58602 11 57 33.45 +11 50 35.3          21.7 wL~0QlBF51
     K10X73A  C2010 12 15.59164 11 57 33.97 +11 50 38.0          21.4 wL~0QlBF51
     K10X73A 2C2010 12 16.61397611 59 08.341+11 58 44.85               o~0QlB568
     K10X73A 2C2010 12 16.61618711 59 08.531+11 58 45.91         20.9 Ro~0QlB568
     K10X73A 2C2010 12 16.61848711 59 08.742+11 58 47.07         20.9 Ro~0QlB568
     K10X73A 2C2010 12 16.62073811 59 08.940+11 58 48.09         21.2 Ro~0QlB568
     K14W70H* C2014 11 18.56070 09 53 11.234+03 49 00.11         20.9 wL~1Cv4F51
     K14W70H  C2014 11 18.57319 09 53 12.194+03 49 02.16         20.9 wL~1Cv4F51
     K14W70H  C2014 11 18.59826 09 53 14.091+03 49 06.04         20.8 wL~1Cv4F51
     K14W70H  C2014 11 19.32408309 54 10.58 +03 51 08.0          20.5 Rt~1Cv4W86
     K14W70H  C2014 11 19.32692009 54 10.80 +03 51 08.6          20.4 Rt~1Cv4W86
     K14W70H  C2014 11 19.32972909 54 11.01 +03 51 08.9          20.7 Rt~1Cv4W86
     K14W70H  C2014 11 19.33253109 54 11.22 +03 51 09.5          20.7 Rt~1Cv4W86
     K14W70H 2C2014 11 21.64675809 57 08.221+03 58 04.01         20.9 Rt~1Cv4568
     K14W70H 2C2014 11 21.64976309 57 08.444+03 58 04.59         20.8 Rt~1Cv4568
     K14W70H 2C2014 11 21.65096809 57 08.535+03 58 04.85         20.9 Rt~1Cv4568
     K14W70H  C2014 11 25.60505 10 02 00.771+04 12 34.53         21.0 wL~1Cv4F51
     K14W70H  C2014 11 25.61606 10 02 01.548+04 12 37.47         20.9 wL~1Cv4F51
     K14W70H  C2014 11 25.62706 10 02 02.390+04 12 40.69         21.0 wL~1Cv4F51
     K14W70H  C2015 01 15.43742 10 36 44.08 +14 47 46.5          20.1 Vq~1GNUG96
     K14W70H  C2015 01 15.44264 10 36 44.09 +14 47 54.0          19.7 Vq~1GNUG96
     K14W70H  C2015 01 15.44789 10 36 44.09 +14 48 00.6          19.7 Vq~1GNUG96
     K14W70H  C2015 01 15.45313 10 36 44.08 +14 48 08.2          19.8 Vq~1GNUG96
     K14W70H  C2015 01 28.41981 10 34 09.08 +20 11 38.4          19.9 rR~1M7mG45
     K14W70H  C2015 01 28.42395 10 34 08.99 +20 11 45.0          20.2 rR~1M7mG45
     K14W70H  C2015 01 28.42803 10 34 08.87 +20 11 51.1          19.9 rR~1M7mG45
     K14W70H  C2015 01 28.43251 10 34 08.78 +20 11 58.5          20.0 rR~1M7mG45
     K14W70H  C2015 01 28.43672 10 34 08.64 +20 12 05.2          19.9 rR~1M7mG45
     K14W70H  C2015 01 28.45124 10 34 08.23 +20 12 29.3          20.5 rR~1M7mG45
     K14W70H  C2015 02 08.77738 10 27 50.27 +25 21 04.7          19.7 Rq~1IvED29
     K14W70H  C2015 02 08.79590 10 27 49.45 +25 21 34.0          20.0 Rq~1IvED29
     K14W70H  C2015 02 08.82713 10 27 48.11 +25 22 24.5          20.3 Rq~1IvED29
     K14W70H  C2015 02 08.84477 10 27 47.32 +25 22 52.7          19.8 Rq~1IvED29
     K14W70H  C2015 02 08.86241 10 27 46.57 +25 23 22.1          20.4 Rq~1IvED29
     K14W70H  C2015 02 09.47028 10 27 20.91 +25 39 54.1          19.7 Vq~1IvE703
     K14W70H  C2015 02 09.47929 10 27 20.43 +25 40 09.4          20.1 Vq~1IvE703
     K14W70H  C2015 02 11.78047 10 25 39.48 +26 42 16.4          19.8 Rq~1IvED29
     K14W70H  C2015 02 11.79810 10 25 38.66 +26 42 45.1          19.9 Rq~1IvED29
     K14W70H  C2015 02 11.81574 10 25 37.80 +26 43 13.4          19.3 Rq~1IvED29
     K14W70H  C2015 02 19.31681 10 19 34.65 +29 57 11.6          19.5 Vq~1LMA703
     K14W70H  C2015 02 19.32088 10 19 34.49 +29 57 18.3          19.5 Vq~1LMA703
     K14W70H  C2015 02 19.32904 10 19 34.01 +29 57 29.8          19.9 Vq~1LMA703
     K14W70H  C2015 02 26.33990 10 13 34.18 +32 40 20.3          19.2 rR~1N88G45
     K14W70H  C2015 02 26.34404 10 13 33.93 +32 40 26.2          19.7 rR~1N88G45
     K14W70H  C2015 02 26.34812 10 13 33.70 +32 40 31.0          19.7 rR~1N88G45
     K14W70H  C2015 02 26.35226 10 13 33.43 +32 40 37.3          19.2 rR~1N88G45
     K14W70H  C2015 02 27.23921 10 12 48.75 +32 59 36.7          19.4 Vq~1M7mG96
     K14W70H  C2015 02 27.24760 10 12 48.29 +32 59 47.3          19.2 Vq~1M7mG96
     K14W70H  C2015 02 27.25600 10 12 47.87 +32 59 58.4          19.4 Vq~1M7mG96
     K14W70H  C2015 02 27.26440 10 12 47.40 +33 00 08.9          19.4 Vq~1M7mG96
     K14W70H  C2015 02 27.33729 10 12 43.53 +33 01 42.4          19.7 Vq~1M7m703
     K14W70H  C2015 02 27.34183 10 12 43.31 +33 01 47.3          19.4 Vq~1M7m703
     K14W70H  C2015 02 27.35090 10 12 42.85 +33 01 57.7          20.0 Vq~1M7m703
     K14W70H  C2015 03 14.31038 10 01 41.57 +37 18 58.2          20.3 Vq~1N88G96
     K14W70H  C2015 03 14.31654 10 01 41.34 +37 19 03.1          20.4 Vq~1N88G96
     K14W70H  C2015 03 14.32269 10 01 41.11 +37 19 07.9          20.4 Vq~1N88G96
     K14W70H  C2015 03 14.32884 10 01 40.89 +37 19 12.5          20.2 Vq~1N88G96
     K14W70H  C2015 03 20.30194 09 58 44.277+38 28 09.21         20.4 wL~1OUpF51
     K14W70H  C2015 03 20.31410 09 58 43.948+38 28 16.70         20.3 wL~1OUpF51
     K14W70H  C2015 03 20.32627 09 58 43.618+38 28 23.97         20.5 wL~1OUpF51
     K14W70H  C2015 03 20.33856 09 58 43.282+38 28 31.42         20.4 wL~1OUpF51
