     K10V75W* C2010 11 08.13675 23 01 03.50 -02 06 36.9          21.2 Vr~0OttG96
     K10V75W  C2010 11 08.14369 23 01 05.91 -02 06 23.4          21.5 Vr~0OttG96
     K10V75W  C2010 11 08.15064 23 01 08.25 -02 06 09.8          21.2 Vr~0OttG96
     K10V75W  C2010 11 08.15758 23 01 10.74 -02 05 56.1          21.2 Vr~0OttG96
     K10V75W  C2010 11 08.17267 23 01 15.96 -02 05 26.6          20.8 Vr~0OttG96
     K10V75W  C2010 11 08.18037 23 01 18.62 -02 05 11.4          21.0 Vr~0OttG96
     K10V75W  C2010 11 08.18806 23 01 21.28 -02 04 56.3          20.9 Vr~0OttG96
     K10V75W  C2010 11 08.19582 23 01 23.95 -02 04 40.8          21.3 Vr~0OttG96
     K10V75W  C2010 11 08.24511 23 01 41.04 -02 03 05.4          20.7 Ro~0OttH01
     K10V75W  C2010 11 08.25242 23 01 43.60 -02 02 50.9          21.2 Ro~0OttH01
     K10V75W  C2010 11 08.26648 23 01 48.51 -02 02 23.4          21.2 Ro~0OttH01
     K10V75W  C2010 11 08.27602 23 01 51.87 -02 02 04.9          21.2 Ro~0OttH01
     K10V75W KC2010 11 09.10949423 06 47.47 -01 35 10.5          20.7 Vr~0OttH21
     K10V75W KC2010 11 09.12110523 06 51.51 -01 34 47.8          20.8 Vr~0OttH21
     K10V75W KC2010 11 09.13261623 06 55.38 -01 34 25.4          21.0 Vr~0OttH21
     K10V75W KC2010 11 09.14384623 06 59.22 -01 34 03.8          20.7 Vr~0OttH21
     K10V75W KC2010 11 09.15635223 07 03.49 -01 33 39.8          20.4 Vr~0OttH21
     K10V75W tC2010 11 10.07416 23 12 23.78 -01 04 21.5          21.4 Vo~0Ott291
     K10V75W tC2010 11 10.07796 23 12 24.94 -01 04 15.2          21.2 Vo~0Ott291
     K10V75W tC2010 11 10.08167 23 12 26.29 -01 04 08.9          21.6 Vo~0Ott291
     K10V75W HC2010 11 11.08547 23 18 08.39 -00 32 41.1                o~0Ott291
     K10V75W HC2010 11 11.08921 23 18 09.76 -00 32 33.5                o~0Ott291
     K10V75W HC2010 11 11.09291 23 18 10.75 -00 32 29.2                o~0Ott291
     K10V75W KC2010 11 12.08280823 23 40.88 -00 02 05.6          21.4 Vo~0POLH21
     K10V75W KC2010 11 12.09288723 23 44.13 -00 01 46.9          21.4 Vo~0POLH21
     K10V75W KC2010 11 12.10285323 23 47.33 -00 01 28.6          21.5 Vo~0POLH21
     K10V75W tC2010 11 12.22119 23 24 25.87 +00 02 09.3          21.6 Vo~0Ott291
     K10V75W tC2010 11 12.22847 23 24 28.27 +00 02 22.5          21.3 Vo~0Ott291
     K10V75W KC2010 11 28.10344100 38 13.66 +06 43 23.5          21.9 Vo~0PowH21
     K10V75W KC2010 11 28.13265200 38 20.28 +06 43 59.0          22.2 Vo~0PowH21
     K10V75W KC2010 12 01.20769 00 49 53.70 +07 44 23.0                o~0Pow291
     K10V75W KC2010 12 01.21945 00 49 56.10 +07 44 35.0                o~0Pow291
     K10V75W KC2010 12 01.23153 00 49 58.61 +07 44 49.5                o~0Pow291
     K10V75W KC2010 12 02.08952700 53 04.95 +08 00 45.6          22.1 Vo~0PowH21
     K10V75W KC2010 12 02.10819600 53 08.83 +08 01 06.5          22.4 Vo~0PowH21
     K10V75W KC2010 12 02.12994800 53 13.40 +08 01 30.4          22.5 Vo~0PowH21
     K10V75W KC2010 12 02.16679 00 53 21.59 +08 02 13.7                o~0Pow291
     K10V75W KC2010 12 02.17816 00 53 23.79 +08 02 25.0                o~0Pow291
     K10V75W KC2010 12 02.18941 00 53 26.15 +08 02 38.3                o~0Pow291
     K10V75W  C2010 12 08.19161 01 13 42.55 +09 45 16.2                o~0Pow291
     K10V75W  C2010 12 08.19570 01 13 43.30 +09 45 18.7                o~0Pow291
     K10V75W  C2010 12 08.19952 01 13 44.02 +09 45 23.3                o~0Pow291
