     K10K10U* C2010 05 21.14942 12 41 41.67 -04 39 35.9          21.7 Vr~0Hs3G96
     K10K10U  C2010 05 21.15707 12 41 41.24 -04 39 05.9          20.8 Vr~0Hs3G96
     K10K10U  C2010 05 21.16486 12 41 40.81 -04 38 35.5          20.5 Vr~0Hs3G96
     K10K10U  C2010 05 21.17263 12 41 40.38 -04 38 05.3          20.6 Vr~0Hs3G96
     K10K10U  C2010 05 21.24258 12 41 36.45 -04 33 33.8          20.2 Ro~0Hs3H01
     K10K10U  C2010 05 21.24955 12 41 36.06 -04 33 06.6          20.5 Ro~0Hs3H01
     K10K10U  C2010 05 21.25812 12 41 35.59 -04 32 33.4          20.5 Ro~0Hs3H01
     K10K10U  C2010 05 21.26785 12 41 35.07 -04 31 55.6          20.0 Ro~0Hs3H01
     K10K10U  C2010 05 21.27082 12 41 34.91 -04 31 43.5          20.1 Vr~0Hs3G96
     K10K10U  C2010 05 21.27801 12 41 34.50 -04 31 16.0          20.7 Vr~0Hs3G96
     K10K10U  C2010 05 21.28528 12 41 34.14 -04 30 47.4          20.1 Vr~0Hs3G96
     K10K10U  C2010 05 21.29256 12 41 33.71 -04 30 19.1          20.2 Vr~0Hs3G96
     K10K10U KC2010 05 22.14342 12 40 52.62 -03 35 38.7                u~0Hs3H36
     K10K10U KC2010 05 22.18311 12 40 50.59 -03 33 06.2          20.6 Ru~0Hs3H36
     K10K10U HC2010 05 22.20020 12 40 49.85 -03 31 59.5                o~0Hs3291
     K10K10U HC2010 05 22.20386 12 40 49.66 -03 31 44.9                o~0Hs3291
     K10K10U HC2010 05 22.21190 12 40 49.27 -03 31 14.3                o~0Hs3291
     K10K10U KC2010 05 29.10701712 36 49.80 +03 23 26.9          20.8 Vo~0I3qH21
     K10K10U KC2010 05 29.12023512 36 49.42 +03 24 10.7          20.6 Vo~0I3qH21
     K10K10U KC2010 05 29.13202712 36 49.11 +03 24 49.6          20.7 Vo~0I3qH21
     K10K10U KC2010 05 30.17358012 36 27.19 +04 22 39.5          20.8 Vo~0I3qH21
     K10K10U KC2010 05 30.18770112 36 26.91 +04 23 25.3          20.5 Vo~0I3qH21
     K10K10U KC2010 05 30.20291012 36 26.48 +04 24 15.7          21.2 Vo~0I3qH21
     K10K10U KC2010 05 31.13966412 36 10.32 +05 15 06.3          21.3 Vo~0I3qH21
     K10K10U KC2010 05 31.14533212 36 10.16 +05 15 23.9          21.4 Vo~0I3rH21
     K10K10U KC2010 05 31.15236412 36 10.02 +05 15 46.0          20.6 Vo~0I3rH21
     K10K10U tC2010 06 04.23919 12 35 31.40 +08 44 47.7                o~0I3r291
     K10K10U tC2010 06 04.24313 12 35 31.32 +08 44 59.5                o~0I3r291
     K10K10U tC2010 06 04.24683 12 35 31.34 +08 45 11.4                o~0I3r291
     K10K10U  C2010 06 05.26861 12 35 29.78 +09 34 12.0          22.1 Vo~0IRz291
     K10K10U HC2010 06 05.27615 12 35 29.84 +09 34 32.5                o~0IRz291
     K10K10U  C2010 06 15.20909 12 37 50.33 +16 28 41.0          21.5 Vo~0Inf291
     K10K10U  C2010 06 15.21301 12 37 50.40 +16 28 49.8          21.2 Vo~0Inf291
     K10K10U  C2010 06 15.21687 12 37 50.50 +16 28 58.3          21.3 Vo~0Inf291
     K10K10U 2C2014 06 27.31195311 01 04.171-12 00 16.41         22.7 Rt~16WM568
     K10K10U 2C2014 06 27.31322211 01 04.300-12 00 15.38         23.0 Rt~16WM568
     K10K10U 2C2014 06 27.31456311 01 04.440-12 00 14.26         22.9 Rt~16WM568
     K10K10U 2C2014 07 01.26410811 08 01.272-11 08 49.35         23.4 Rt~16WM568
     K10K10U 2C2014 07 01.27177111 08 02.082-11 08 43.56         23.0 Rt~16WM568
     K10K10U 2C2014 07 01.27914111 08 02.868-11 08 37.89         23.2 Rt~16WM568
