i2037K10P66R  S2010 07 22.41199 14 22 44.23 -01 16 29.3                L~0PnqC51
i2037K10P66R  s2010 07 22.41199 1 - 6152.0009 - 3146.8037 -   18.1436   ~0PnqC51
i2037K10P66R* C2010 08 15.26480 20 20 09.78 +18 10 33.8          17.5  c~0M7t704
i2037K10P66R  C2010 08 15.27732 20 20 10.62 +18 10 28.3          17.8  c~0M7t704
i2037K10P66R  C2010 08 15.30229 20 20 12.40 +18 10 15.9          18.0  c~0M7t704
i2037K10P66R  C2010 08 15.31479 20 20 13.28 +18 10 10.4          18.8  c~0M7t704
i2037K10P66R IC2010 08 15.89531 20 21 01.58 +18 05 27.9                u~0M7tJ95
i2037K10P66R IC2010 08 15.89788 20 21 01.75 +18 05 26.4                u~0M7tJ95
i2037K10P66R IC2010 08 15.90049 20 21 01.91 +18 05 25.4          17.9 Ru~0M7tJ95
i2037K10P66R KC2010 08 15.90441 20 21 01.92 +18 05 26.9          18.0 Ru~0M7t473
i2037K10P66R KC2010 08 15.90859 20 21 02.15 +18 05 25.9          18.2 Ru~0M7t473
i2037K10P66R  C2010 08 15.93330 20 21 03.82 +18 05 14.7          17.8 Rr~0M7t107
i2037K10P66R  C2010 08 15.93644 20 21 03.67 +18 05 07.4          17.5 Cu~0M7tB42
i2037K10P66R  C2010 08 15.93763 20 21 03.74 +18 05 06.7          17.3 Cu~0M7tB42
i2037K10P66R IC2010 08 15.94313 20 21 04.48 +18 05 08.8                r~0M7t107
i2037K10P66R  C2010 08 15.95371 20 21 04.90 +18 04 58.6          17.1 Cu~0M7tB42
i2037K10P66R  C2010 08 15.96161 20 21 06.28 +18 04 56.5          18.2 Co~0M7tJ16
i2037K10P66R  C2010 08 15.97262 20 21 07.10 +18 04 51.5          18.1 Co~0M7tJ16
i2037K10P66R  C2010 08 15.98063 20 21 07.60 +18 04 47.5          18.0 Co~0M7tJ16
i2037K10P66R KC2010 08 16.00030 20 21 08.58 +18 04 41.5                v~0M7t204
i2037K10P66R IC2010 08 16.00499 20 21 08.88 +18 04 39.3                v~0M7t204
i2037K10P66R KC2010 08 16.01368 20 21 09.50 +18 04 35.1          17.4 Cv~0M7t204
i2037K10P66R KC2010 08 16.01555 20 21 09.61 +18 04 34.2                v~0M7t204
i2037K10P66R KC2010 08 16.05616 20 21 14.43 +18 04 59.2          17.3 Cr~0M7tI36
i2037K10P66R KC2010 08 16.06698 20 21 15.14 +18 04 55.4          17.8 Cr~0M7tI36
i2037K10P66R  C2010 08 16.10432 20 21 18.81 +18 03 55.0                u~0M7tH36
i2037K10P66R  C2010 08 16.10581 20 21 18.89 +18 03 54.4                u~0M7tH36
i2037K10P66R  C2010 08 16.11389 20 21 19.41 +18 03 50.7                u~0M7tH36
i2037K10P66R  C2010 08 16.26533820 21 29.28 +18 02 39.4          17.9 Vo~0M7tH21
i2037K10P66R  C2010 08 16.26902620 21 29.56 +18 02 37.5          17.9 Vo~0M7tH21
i2037K10P66R  C2010 08 16.27313120 21 29.83 +18 02 35.4          17.9 Vo~0M7tH21
i2037K10P66R  C2010 08 16.27733120 21 30.11 +18 02 33.3          17.8 Vo~0M7tH21
i2037K10P66R  C2010 08 16.46923 20 21 47.25 +18 01 04.4          18.2 Ro~0M7t300
i2037K10P66R  C2010 08 16.47100 20 21 47.35 +18 01 03.6          18.2 Ro~0M7t300
i2037K10P66R  C2010 08 16.47277 20 21 47.52 +18 01 02.8          18.3 Ro~0M7t300
i2037K10P66R  C2010 08 16.47454 20 21 47.65 +18 01 02.2          18.4 Ro~0M7t300
i2037K10P66R  C2010 08 16.47631 20 21 47.78 +18 01 01.7          18.3 Ro~0M7t300
i2037K10P66R  C2010 08 16.47809 20 21 47.83 +18 00 59.5          18.3 Ro~0M7t300
i2037K10P66R  C2010 08 16.82359 20 22 13.82 +17 58 07.6          18.0 Cr~0MgT235
i2037K10P66R  C2010 08 16.82943 20 22 13.61 +17 58 01.5          17.8 Cu~0M7tB42
i2037K10P66R  C2010 08 16.83181 20 22 13.89 +17 58 00.7          17.5 Cu~0M7tB42
i2037K10P66R  C2010 08 16.83418 20 22 13.99 +17 57 58.7          17.8 Cu~0M7tB42
i2037K10P66R  C2010 08 16.84013 20 22 14.34 +17 57 54.6          17.8 Cu~0M7tB42
i2037K10P66R  C2010 08 16.84584 20 22 15.31 +17 57 57.5          18.1 Cr~0MgT235
i2037K10P66R KC2010 08 17.13177 20 22 36.75 +17 55 42.2          18.5 Vo~0M7tH21
i2037K10P66R  C2010 08 17.13293120 22 36.82 +17 55 41.7          18.4 Vo~0M7tH21
i2037K10P66R KC2010 08 17.13563 20 22 37.00 +17 55 40.4          18.5 Vo~0M7tH21
i2037K10P66R  C2010 08 17.13929620 22 37.21 +17 55 38.7          18.4 Vo~0M7tH21
i2037K10P66R KC2010 08 17.13964 20 22 37.25 +17 55 38.5          18.6 Vo~0M7tH21
i2037K10P66R  C2010 08 17.14758820 22 37.74 +17 55 34.4          18.2 Vo~0M7tH21
i2037K10P66R KC2010 08 17.14952 20 22 37.87 +17 55 33.9          18.6 Vo~0M7tH21
i2037K10P66R KC2010 08 19.16249 20 25 00.59 +17 38 49.8          18.5 Vo~0M7tH21
i2037K10P66R KC2010 08 19.16729 20 25 00.87 +17 38 47.3          18.5 Vo~0M7tH21
i2037K10P66R KC2010 08 19.17193 20 25 01.12 +17 38 45.0          18.5 Vo~0M7tH21
i2037K10P66R KC2010 08 19.17656 20 25 01.39 +17 38 42.7          18.7 Vo~0M7tH21
i2037K10P66R KC2010 08 19.18118 20 25 01.66 +17 38 40.3          18.8 Vo~0M7tH21
i2037K10P66R KC2010 08 19.86746 20 25 47.96 +17 32 43.0          18.5 Vu~0M7tA74
i2037K10P66R KC2010 08 19.87815 20 25 48.60 +17 32 37.7          18.3 Vu~0M7tA74
i2037K10P66R KC2010 08 19.89169 20 25 49.37 +17 32 30.9          18.2 Vu~0M7tA74
i2037K10P66R KC2010 08 19.89953 20 25 49.82 +17 32 26.7          18.3 Vu~0M7tA74
i2037K10P66R KC2010 08 19.91401 20 25 50.59 +17 32 22.0          18.0 Cw~0M7t160
i2037K10P66R KC2010 08 19.91560 20 25 50.68 +17 32 21.2          18.0 Cw~0M7t160
i2037K10P66R KC2010 08 19.91728 20 25 50.79 +17 32 20.7          18.2 Cw~0M7t160
i2037K10P66R KC2010 08 20.23076 20 26 11.83 +17 29 41.5          17.1 Co~0M7tG56
i2037K10P66R KC2010 08 20.24970 20 26 13.02 +17 29 31.0          17.7 Co~0M7tG56
i2037K10P66R KC2010 08 20.26075 20 26 13.58 +17 29 26.5          17.7 Co~0M7tG56
i2037K10P66R KC2010 08 20.85590 20 26 52.23 +17 24 09.0          18.2 Cr~0M7tA17
i2037K10P66R KC2010 08 20.86779 20 26 52.87 +17 24 02.9          18.2 Cr~0M7tA17
i2037K10P66R KC2010 08 20.87929 20 26 53.53 +17 23 57.4          17.8 Cr~0M7tA17
i2037K10P66R KC2010 08 20.91130 20 26 55.66 +17 23 44.4          17.7 Rr~0M7tJ27
i2037K10P66R KC2010 08 20.93619 20 26 57.01 +17 23 31.1          18.1 Rr~0M7tJ27
i2037K10P66R KC2010 08 20.95426 20 26 57.94 +17 23 22.0          18.0 Rr~0M7tJ27
i2037K10P66R  C2010 08 20.96112 20 26 58.14 +17 23 18.8          17.8 Rr~0M7t176
i2037K10P66R  C2010 08 20.96331 20 26 58.26 +17 23 17.5          17.8 Rr~0M7t176
i2037K10P66R  C2010 08 20.96488 20 26 58.36 +17 23 16.6          17.8 Rr~0M7t176
i2037K10P66R  C2010 08 20.96633 20 26 58.41 +17 23 15.9          17.9 Rr~0M7t176
i2037K10P66R KC2010 08 21.05923 20 27 03.56 +17 22 21.8          18.1 Cu~0M7tB88
i2037K10P66R KC2010 08 21.06922 20 27 04.10 +17 22 16.5          18.4 Cu~0M7tB88
i2037K10P66R KC2010 08 21.07922 20 27 04.71 +17 22 10.6          19.0 Cu~0M7tB88
i2037K10P66R KC2010 08 21.83835 20 27 54.13 +17 15 31.8          18.4 Cu~0MU4B88
i2037K10P66R KC2010 08 21.84906 20 27 54.63 +17 15 24.1          18.3 Vu~0MU4A74
i2037K10P66R KC2010 08 21.85263 20 27 54.89 +17 15 24.4          18.5 Cu~0MU4B88
i2037K10P66R KC2010 08 21.85619 20 27 55.00 +17 15 20.6          18.4 Vu~0MU4A74
i2037K10P66R KC2010 08 21.86331 20 27 55.40 +17 15 16.7          18.5 Vu~0MU4A74
i2037K10P66R KC2010 08 21.86691 20 27 55.65 +17 15 16.4          19.0 Cu~0MU4B88
i2037K10P66R KC2010 08 21.87757 20 27 56.16 +17 15 09.4          18.0 Vu~0MU4A74
i2037K10P66R KC2010 08 21.89182 20 27 56.93 +17 15 02.0          18.6 Vu~0MU4A74
i2037K10P66R KC2010 08 21.90022 20 27 57.39 +17 14 59.0                r~0MU4203
i2037K10P66R KC2010 08 21.99853 20 28 02.65 +17 14 06.1                r~0MU4203
i2037K10P66R KC2010 08 22.01714 20 28 03.62 +17 13 55.9                r~0MU4203
i2037K10P66R IC2010 08 22.19255620 28 15.12 +17 12 26.3          18.4 Vo~0MU4H21
i2037K10P66R  C2010 08 22.20181020 28 15.64 +17 12 21.1          18.3 Vo~0MU4H21
i2037K10P66R IC2010 08 22.21081020 28 16.13 +17 12 16.3          18.3 Vo~0MU4H21
i2037K10P66R KC2010 08 22.86665 20 28 56.49 +17 06 22.6          18.8 Cu~0MU4160
i2037K10P66R KC2010 08 22.86872 20 28 56.60 +17 06 20.9          18.5 Cu~0MU4160
i2037K10P66R KC2010 08 22.87091 20 28 56.73 +17 06 19.6                u~0MU4160
i2037K10P66R KC2010 08 23.13783820 29 12.80 +17 03 57.8          18.4 Vo~0PnqH21
i2037K10P66R KC2010 08 23.14845920 29 13.33 +17 03 52.3          18.3 Vo~0PnqH21
i2037K10P66R KC2010 08 23.82645 20 29 53.80 +16 57 39.4          18.7 Cu~0MU4B88
i2037K10P66R KC2010 08 23.85072 20 29 55.07 +16 57 28.2          19.4 Cu~0MU4B88
i2037K10P66R KC2010 08 23.87460 20 29 56.45 +16 57 11.9                u~0MU4J95
i2037K10P66R KC2010 08 23.87500 20 29 56.37 +16 57 14.6          18.6 Cu~0MU4B88
i2037K10P66R KC2010 08 23.88029 20 29 56.77 +16 57 09.4          18.7 Ru~0MU4J95
i2037K10P66R  C2010 08 24.14713120 30 12.19 +16 54 48.5          18.3 Vo~0MU4H21
i2037K10P66R  C2010 08 24.15663420 30 12.66 +16 54 43.6          18.4 Vo~0MU4H21
i2037K10P66R  C2010 08 24.16297220 30 12.98 +16 54 40.0          18.1 Vo~0MU4H21
i2037K10P66R KC2010 08 25.01613 20 31 01.32 +16 46 47.3                v~0MU4204
i2037K10P66R KC2010 08 25.02237 20 31 01.69 +16 46 44.1                v~0MU4204
i2037K10P66R KC2010 08 25.03000 20 31 02.05 +16 46 39.8          18.4 Cv~0MU4204
i2037K10P66R KC2010 08 25.83404 20 31 49.21 +16 39 16.2          18.7 Cu~0MU4B88
i2037K10P66R  C2010 08 25.85687 20 31 50.30 +16 39 03.9          18.8 Rr~0MU4147
i2037K10P66R  C2010 08 25.86202 20 31 50.57 +16 39 00.6          19.0 Rr~0MU4147
i2037K10P66R  C2010 08 25.86915 20 31 50.93 +16 38 56.3          18.9 Rr~0MU4147
i2037K10P66R KC2010 08 25.86973 20 31 50.98 +16 38 56.0          19.0 Cu~0MU4B88
i2037K10P66R KC2010 08 25.90543 20 31 52.70 +16 38 36.7          18.9 Cu~0MU4B88
i2037K10P66R  C2010 08 26.12591920 32 05.47 +16 36 36.4          18.5 Vo~0MU4H21
i2037K10P66R  C2010 08 26.13218120 32 05.80 +16 36 33.2                o~0MU4H21
i2037K10P66R  C2010 08 26.13844220 32 06.11 +16 36 29.8          18.4 Vo~0MU4H21
i2037K10P66R  C2010 08 26.15717120 32 06.94 +16 36 19.3          18.0 Vo~0MU4H21
i2037K10P66R  C2010 08 26.15903 20 32 07.04 +16 36 16.5          18.5 Ro~0MU4H26
i2037K10P66R  C2010 08 26.16156 20 32 07.15 +16 36 15.1          18.5 Ro~0MU4H26
i2037K10P66R  C2010 08 26.16416 20 32 07.32 +16 36 13.5          18.6 Ro~0MU4H26
i2037K10P66R  C2010 08 26.50457 20 32 26.72 +16 33 07.1          19.1 Ro~0NJ7300
i2037K10P66R  C2010 08 26.51196 20 32 27.03 +16 33 02.6          18.9 Ro~0NJ7300
i2037K10P66R  C2010 08 26.51944 20 32 27.46 +16 32 59.1          19.1 Ro~0NJ7300
i2037K10P66R  C2010 08 26.52696 20 32 27.88 +16 32 54.5          19.3 Ro~0NJ7300
i2037K10P66R KC2010 08 26.82700 20 32 44.81 +16 30 02.4          18.8 Cu~0MU4B88
i2037K10P66R KC2010 08 26.86273 20 32 46.53 +16 29 42.5          18.4 Cu~0MU4B88
i2037K10P66R KC2010 08 26.89845 20 32 48.27 +16 29 23.7          18.6 Cu~0MU4B88
i2037K10P66R IC2010 08 27.13767520 33 01.74 +16 27 11.1          18.4 Vo~0MU4H21
i2037K10P66R  C2010 08 27.14729220 33 02.17 +16 27 05.8          18.6 Vo~0MU4H21
i2037K10P66R  C2010 08 27.15942020 33 02.74 +16 26 59.1          18.4 Vo~0MU4H21
i2037K10P66R  C2010 08 27.16402020 33 02.96 +16 26 56.5          18.4 Vo~0MU4H21
i2037K10P66R  C2010 08 28.08788 20 33 54.34 +16 18 14.9          18.5 Vo~0MU4H26
i2037K10P66R  C2010 08 28.09289 20 33 54.64 +16 18 13.2                o~0MU4H26
i2037K10P66R  C2010 08 28.09788 20 33 54.88 +16 18 11.0          18.1 Vo~0MU4H26
i2037K10P66R KC2010 08 28.13022720 33 56.33 +16 17 53.4          19.3 Vo~0MU4H21
i2037K10P66R KC2010 08 28.13659420 33 56.64 +16 17 49.9          19.2 Vo~0MU4H21
i2037K10P66R KC2010 08 28.17708720 33 58.53 +16 17 27.2          19.6 Vo~0MU4H21
i2037K10P66R KC2010 08 28.18362620 33 58.84 +16 17 23.5          19.5 Vo~0MU4H21
i2037K10P66R  C2010 08 28.62326 20 34 22.32 +16 13 16.9          18.4 Ro~0NJ7300
i2037K10P66R  C2010 08 28.62469 20 34 22.47 +16 13 16.1          18.7 Ro~0NJ7300
i2037K10P66R  C2010 08 28.62614 20 34 22.58 +16 13 15.0          18.8 Ro~0NJ7300
i2037K10P66R  C2010 08 28.62757 20 34 22.62 +16 13 14.0          18.6 Ro~0NJ7300
i2037K10P66R  C2010 08 28.62900 20 34 22.70 +16 13 12.7          18.5 Ro~0NJ7300
i2037K10P66R IC2010 08 29.90302 20 35 32.25 +16 01 05.4                u~0MU4J95
i2037K10P66R IC2010 08 29.90632 20 35 32.41 +16 01 04.1                u~0MU4J95
i2037K10P66R KC2010 08 30.87556 20 36 24.46 +15 51 54.1                r~0MU4203
i2037K10P66R KC2010 08 30.93440 20 36 27.16 +15 51 21.1                r~0MU4203
i2037K10P66R  C2010 09 01.86905 20 38 10.70 +15 32 56.7          19.3 Ru~0MU4587
i2037K10P66R  C2010 09 01.87377 20 38 10.90 +15 32 54.9                u~0MU5587
i2037K10P66R IC2010 09 01.87750 20 38 11.10 +15 32 52.2                u~0MU5587
i2037K10P66R KC2010 09 05.82232 20 41 41.18 +14 55 24.2          19.5 Ru~0MgT157
i2037K10P66R KC2010 09 05.82967 20 41 41.52 +14 55 20.2          19.2 Ru~0MgT157
i2037K10P66R KC2010 09 12.15406 20 47 25.90 +13 56 36.8          20.5 Vo~0Mw2H21
i2037K10P66R KC2010 09 12.15773 20 47 26.10 +13 56 34.7          20.7 Vo~0Mw2H21
i2037K10P66R KC2010 09 12.16527 20 47 26.48 +13 56 30.6          20.9 Vo~0Mw2H21
i2037K10P66R KC2010 09 12.17368 20 47 26.91 +13 56 25.9          20.6 Vo~0Mw2H21
i2037K10P66R KC2010 09 12.17627 20 47 27.04 +13 56 24.6          20.6 Vo~0Mw2H21
i2037K10P66R KC2010 09 27.12308821 02 19.63 +11 53 51.2                o~0NJ7H21
i2037K10P66R KC2010 09 27.14431521 02 20.89 +11 53 42.1          21.0 Vo~0NJ7H21
i2037K10P66R  C2010 09 27.14711 21 02 21.28 +11 53 41.4          21.2 Vo~0NJ7291
i2037K10P66R  C2010 09 27.15230 21 02 21.61 +11 53 39.3          21.0 Vo~0NJ7291
i2037K10P66R  C2010 09 27.15746 21 02 21.92 +11 53 37.0          21.1 Vo~0NJ7291
i2037K10P66R KC2010 09 27.15824121 02 21.74 +11 53 35.6          20.9 Vo~0NJ7H21
i2037K10P66R KC2010 10 06.10533 21 12 12.63 +10 55 05.9          21.3 Vo~0NJ7H21
i2037K10P66R KC2010 10 06.11160 21 12 13.07 +10 55 03.6          21.6 Vo~0NJ7H21
i2037K10P66R KC2010 10 06.12192 21 12 13.76 +10 54 59.6          21.4 Vo~0NJ7H21
i2037K10P66R HC2010 11 02.10133 21 45 39.57 +09 17 01.6                o~0OQj291
i2037K10P66R HC2010 11 02.10620 21 45 40.09 +09 17 01.3                o~0OQj291
i2037K10P66R HC2010 11 02.10997 21 45 40.21 +09 17 01.2                o~0OQj291
i2037K10P66R .C2015 01 15.18366 10 10 32.78 -02 04 14.2          20.9 Rt~1GMA950
i2037K10P66R .C2015 01 15.18559 10 10 32.66 -02 04 15.7          20.8 Rt~1GMA950
i2037K10P66R .C2015 01 15.18752 10 10 32.59 -02 04 16.7          21.1 Rt~1GMA950
i2037K10P66R .C2015 01 15.18944 10 10 32.50 -02 04 18.6          20.9 Rt~1GMA950
i2037K10P66R .C2015 01 15.19137 10 10 32.39 -02 04 19.6          21.1 Rt~1GMA950
i2037K10P66R .C2015 01 15.19330 10 10 32.38 -02 04 21.1          21.1 Rt~1GMA950
i2037K10P66R KC2015 02 11.27049 09 39 47.16 -07 10 12.3                o~1IuM291
i2037K10P66R KC2015 02 11.27292 09 39 46.92 -07 10 14.0                o~1IuM291
i2037K10P66R KC2015 02 11.27534 09 39 46.66 -07 10 15.6          21.2 Ro~1IuM291
i2037K10P66R KC2015 03 11.14449 08 43 17.73 -10 29 15.8          20.8 Ro~1Mj9291
i2037K10P66R KC2015 03 11.14668 08 43 17.47 -10 29 16.6          20.7 Ro~1Mj9291
i2037K10P66R KC2015 03 11.14888 08 43 17.15 -10 29 17.0          20.7 Ro~1Mj9291
i2037K10P66R KC2015 03 22.12191 08 23 26.42 -10 57 48.8          20.3 Ro~1OTk291
i2037K10P66R KC2015 03 22.12469 08 23 26.15 -10 57 48.9          19.6 Ro~1OTk291
i2037K10P66R KC2015 03 22.12747 08 23 25.85 -10 57 49.1          20.1 Ro~1OTk291
i2037K10P66R KC2015 03 28.14087 08 14 52.04 -11 06 07.2                o~1PEw291
i2037K10P66R KC2015 03 28.14448 08 14 51.72 -11 06 07.3                o~1PEw291
i2037K10P66R KC2015 03 28.14809 08 14 51.44 -11 06 07.2          20.2 Ro~1PEw291
i2037K10P66R KC2015 04 16.13516 08 00 38.21 -11 30 18.9          20.9 Ro~1Q41291
i2037K10P66R KC2015 04 16.13740 08 00 38.20 -11 30 19.5          20.9 Ro~1Q41291
i2037K10P66R KC2015 04 16.13965 08 00 38.16 -11 30 19.8          21.0 Ro~1Q41291
i2037K10P66R |C2015 04 30.00665 08 01 56.32 -12 11 46.8          20.8 Vu~1RIC807
i2037K10P66R |C2015 04 30.01405 08 01 56.46 -12 11 47.8          20.7 Vu~1RIC807
i2037K10P66R |C2015 04 30.02115 08 01 56.61 -12 11 49.7          20.5 Vu~1RIC807
i2037K10P66R  C2015 07 21.05576014 24 59.96 -06 10 35.8          16.1 Vq~1Ub8W89
i2037K10P66R  C2015 07 21.05600014 25 00.47 -06 10 33.0          16.4 Vq~1Ub8W89
i2037K10P66R  C2015 07 21.05620314 25 00.87 -06 10 30.7          16.2 Vq~1Ub8W89
i2037K10P66R  C2015 07 21.05642914 25 01.33 -06 10 28.1          16.3 Vq~1Ub8W89
i2037K10P66R  C2015 07 21.05665114 25 01.79 -06 10 25.2          16.1 Vq~1Ub8W89
i2037K10P66R  C2015 07 21.05685814 25 02.23 -06 10 23.1          16.1 Vq~1Ub8W89
i2037K10P66R  C2015 07 21.05708214 25 02.68 -06 10 20.4          16.2 Vq~1Ub8W89
i2037K10P66R  C2015 07 21.05728314 25 03.09 -06 10 18.1          16.1 Vq~1Ub8W89
i2037K10P66R  C2015 07 21.05750114 25 03.54 -06 10 15.4          16.0 Vq~1Ub8W89
i2037K10P66R  C2015 07 21.05770014 25 03.95 -06 10 13.0          16.0 Vq~1Ub8W89
i2037K10P66R KC2015 07 21.15267 14 28 23.41 -05 53 59.7          15.9 Ro~1Ub8291
i2037K10P66R KC2015 07 21.15319 14 28 24.48 -05 53 53.5          16.0 Ro~1Ub8291
i2037K10P66R KC2015 07 21.15370 14 28 25.53 -05 53 47.5          16.0 Ro~1Ub8291
i2037K10P66R KC2015 07 21.83929 14 52 14.73 -03 37 54.6          15.4 Rt~1V2E130
i2037K10P66R KC2015 07 21.84064 14 52 17.49 -03 37 37.7          15.6 Rt~1V2E130
i2037K10P66R KC2015 07 21.84139 14 52 19.01 -03 37 29.4          15.4 Rt~1V2E130
i2037K10P66R  C2015 07 21.87112 14 53 19.77 -03 31 39.3          15.7 Vq~1Ub8G34
i2037K10P66R  C2015 07 21.87407 14 53 25.76 -03 31 03.7          16.5 Vq~1Ub8G34
i2037K10P66R  C2015 07 21.87998 14 53 37.86 -03 29 52.4          15.8 Vq~1Ub8G34
i2037K10P66R  C2015 07 22.04537914 59 20.44 -02 53 56.5          16.5 Vq~1Ub8W89
i2037K10P66R  C2015 07 22.04681614 59 23.31 -02 53 39.3          15.8 Vq~1Ub8W89
i2037K10P66R  C2015 07 22.07685015 00 23.70 -02 47 39.2          16.4 Vq~1Ub8W89
i2037K10P66R  C2015 07 22.07796715 00 25.95 -02 47 25.8          16.1 Vq~1Ub8W89
i2037K10P66R  C2015 07 22.08005315 00 30.15 -02 47 01.0          16.2 Vq~1Ub8W89
i2037K10P66R  C2015 07 22.08151615 00 33.09 -02 46 43.3          15.7 Vq~1Ub8W89
i2037K10P66R  C2015 07 22.08352915 00 37.14 -02 46 19.2          15.9 Vq~1Ub8W89
i2037K10P66R  C2015 07 22.08496415 00 40.03 -02 46 01.9          16.0 Vq~1Ub8W89
i2037K10P66R  C2015 07 22.08700515 00 44.14 -02 45 37.1          15.6 Vq~1Ub8W89
i2037K10P66R  C2015 07 22.08818115 00 46.50 -02 45 23.3          15.8 Vq~1Ub8W89
i2037K10P66R  C2015 07 22.11832615 01 47.23 -02 39 21.9          16.4 Vq~1Ub8W89
i2037K10P66R  C2015 07 22.11978915 01 50.20 -02 39 04.0          16.3 Vq~1Ub8W89
i2037K10P66R  C2015 07 22.12172315 01 54.10 -02 38 41.0          16.7 Vq~1Ub8W89
i2037K10P66R IC2015 07 22.12314515 01 56.96 -02 38 24.0          16.2 Vq~1Ub8W89
i2037K10P66R KC2015 07 22.13022 15 02 13.39 -02 39 42.0          15.6 Vq~1Ub8W19
i2037K10P66R KC2015 07 22.13446 15 02 21.93 -02 38 51.2          15.7 Vq~1Ub8W19
i2037K10P66R  C2015 07 22.13567215 02 22.23 -02 35 54.0          16.5 Vq~1Ub8W89
i2037K10P66R  C2015 07 22.13710415 02 25.12 -02 35 36.7          17.2 Vq~1Ub8W89
i2037K10P66R KC2015 07 22.13906 15 02 31.21 -02 37 56.1          15.6 Vq~1Ub8W19
i2037K10P66R KC2015 07 22.14326 15 02 39.67 -02 37 05.6          15.8 Vq~1Ub8W19
i2037K10P66R KC2015 07 22.14727 15 02 47.79 -02 36 17.4          16.1 Vq~1Ub8W19
i2037K10P66R 2C2015 07 22.82070015 25 24.17 -00 23 56.3          14.5  q~1V2E089
i2037K10P66R 2C2015 07 22.82231315 25 27.29 -00 23 37.7          14.4  q~1V2E089
i2037K10P66R 2C2015 07 22.82393415 25 30.46 -00 23 18.9          14.3  q~1V2E089
i2037K10P66R 2C2015 07 22.82555515 25 33.62 -00 23 00.4          14.4  q~1V2E089
i2037K10P66R 2C2015 07 22.83203615 25 46.18 -00 21 45.2          14.5  q~1V2E089
i2037K10P66R  C2015 07 22.94443 15 29 26.27 -00 00 15.1          15.4 Rq~1Ub8C23
i2037K10P66R  C2015 07 22.94528 15 29 27.90 -00 00 05.4          15.3 Rq~1Ub8C23
i2037K10P66R  C2015 07 22.94614 15 29 29.55 +00 00 04.4          15.1 Rq~1Ub8C23
i2037K10P66R  C2015 07 22.94699 15 29 31.24 +00 00 14.4          15.2 Rq~1Ub8C23
i2037K10P66R  C2015 07 22.94784 15 29 32.85 +00 00 23.9          15.3 Rq~1Ub8C23
i2037K10P66R  C2015 07 22.94870 15 29 34.52 +00 00 34.0          15.3 Rq~1Ub8C23
i2037K10P66R  C2015 07 22.94955 15 29 36.18 +00 00 43.7          15.3 Rq~1Ub8C23
i2037K10P66R  C2015 07 22.95040 15 29 37.83 +00 00 53.2          15.3 Rq~1Ub8C23
i2037K10P66R  C2015 07 22.95126 15 29 39.46 +00 01 03.4          15.3 Rq~1Ub8C23
i2037K10P66R  C2015 07 22.95211 15 29 41.10 +00 01 13.0          15.2 Rq~1Ub8C23
i2037K10P66R 2C2015 07 23.84384115 57 40.23 +02 44 47.8          16.2  q~1V2E089
i2037K10P66R 2C2015 07 23.84546115 57 43.11 +02 45 04.1          16.4  q~1V2E089
i2037K10P66R 2C2015 07 23.84708215 57 45.99 +02 45 21.4          15.1  q~1V2E089
i2037K10P66R 2C2015 07 23.85032315 57 51.74 +02 45 54.9          15.1  q~1V2E089
i2037K10P66R 2C2015 07 23.85194315 57 54.61 +02 46 11.4          15.3  q~1V2E089
i2037K10P66R 2C2015 07 23.85356315 57 57.50 +02 46 29.0          15.8  q~1V2E089
i2037K10P66R 2C2015 07 23.85518415 58 00.36 +02 46 45.6          15.1  q~1V2E089
i2037K10P66R 2C2015 07 23.85680415 58 03.24 +02 47 02.6          15.1  q~1V2E089
i2037K10P66R  C2015 07 25.91444 16 52 52.81 +07 52 43.3          15.6 Rq~1V2EC23
i2037K10P66R  C2015 07 25.91564 16 52 54.45 +07 52 52.5          15.5 Rq~1V2EC23
i2037K10P66R  C2015 07 25.91700 16 52 56.32 +07 53 02.3          15.5 Rq~1V2EC23
i2037K10P66R  C2015 07 25.91871 16 52 58.64 +07 53 14.6          15.4 Rq~1V2EC23
i2037K10P66R  C2015 07 25.92041 16 53 00.96 +07 53 27.5          15.4 Rq~1V2EC23
i2037K10P66R  C2015 07 25.92212 16 53 03.28 +07 53 39.8          15.5 Rq~1V2EC23
i2037K10P66R  C2015 07 25.93962 16 53 26.59 +07 55 54.8                t~1Vaz204
i2037K10P66R  C2015 07 25.94130 16 53 28.86 +07 56 07.1                t~1Vb0204
i2037K10P66R  C2015 07 25.94329 16 53 31.57 +07 56 21.4                t~1Vb0204
i2037K10P66R  C2015 07 25.94513 16 53 34.07 +07 56 35.1          15.4 Rt~1Vb0204
i2037K10P66R  C2015 07 25.94743 16 53 37.19 +07 56 51.7                t~1Vb0204
i2037K10P66R KC2015 07 26.90363 17 14 16.02 +09 42 53.8          16.2 Vq~1V2EC77
i2037K10P66R KC2015 07 26.90483 17 14 17.44 +09 43 01.0          16.3 Vq~1V2EC77
i2037K10P66R KC2015 07 26.90608 17 14 18.90 +09 43 08.5          16.4 Vq~1V2EC77
i2037K10P66R KC2015 07 26.90733 17 14 20.37 +09 43 16.1          16.5 Vq~1V2EC77
i2037K10P66R 2C2015 07 27.96842417 34 01.18 +11 18 05.9          15.2  q~1V2E089
i2037K10P66R 2C2015 07 27.97039217 34 03.18 +11 18 14.4          15.2  q~1V2E089
i2037K10P66R 2C2015 07 27.97236017 34 05.15 +11 18 23.1          14.8  q~1V2E089
i2037K10P66R 2C2015 07 27.97432817 34 07.18 +11 18 33.2          15.2  q~1V2E089
i2037K10P66R 2C2015 07 27.97629517 34 09.15 +11 18 41.9          14.8  q~1V2E089
i2037K10P66R 2C2015 07 27.97826217 34 11.15 +11 18 51.3          15.3  q~1V2E089
i2037K10P66R 2C2015 07 27.98053417 34 13.47 +11 19 01.9          15.0  q~1V2E089
i2037K10P66R 2C2015 07 27.98249817 34 15.49 +11 19 11.3          15.4  q~1V2E089
i2037K10P66R KC2015 07 28.89244 17 48 53.06 +12 24 53.3          16.2 Rq~1V2E160
i2037K10P66R KC2015 07 28.89443 17 48 54.80 +12 25 01.0          16.4 Rq~1V2E160
i2037K10P66R KC2015 07 28.89640 17 48 56.51 +12 25 08.7          16.3 Rq~1V2E160
i2037K10P66R  C2015 07 28.99725 17 50 24.74 +12 31 26.1          15.1 Rq~1V2EC23
i2037K10P66R  C2015 07 28.99862 17 50 25.94 +12 31 30.6          15.4 Rq~1V2EC23
i2037K10P66R  C2015 07 29.00032 17 50 27.40 +12 31 37.6          15.3 Rq~1V2EC23
i2037K10P66R  C2015 07 29.00203 17 50 28.87 +12 31 44.0          15.5 Rq~1V2EC23
i2037K10P66R  C2015 07 29.00356 17 50 30.19 +12 31 49.5          15.3 Rq~1V2EC23
i2037K10P66R  C2015 07 29.00475 17 50 31.23 +12 31 53.9          15.4 Rq~1V2EC23
i2037K10P66R KC2015 07 29.02181217 50 46.28 +12 32 59.1          15.9 Rq~1V2EJ69
i2037K10P66R KC2015 07 29.02320417 50 47.47 +12 33 04.2          16.2 Rq~1V2EJ69
i2037K10P66R KC2015 07 29.02459317 50 48.69 +12 33 09.5          16.3 Rq~1V2EJ69
i2037K10P66R KC2015 07 29.15101417 52 41.35 +12 41 20.3          16.6 Vu~1VxtH21
i2037K10P66R KC2015 07 29.15237517 52 42.47 +12 41 25.5          16.9 Vu~1VxtH21
i2037K10P66R KC2015 07 29.15373417 52 43.61 +12 41 30.3          16.9 Vu~1VxtH21
i2037K10P66R KC2015 07 29.15509217 52 44.75 +12 41 35.4          16.7 Vu~1VxtH21
i2037K10P66R KC2015 07 29.15917517 52 48.17 +12 41 50.3          16.9 Vu~1VxtH21
i2037K10P66R KC2015 07 29.16053517 52 49.31 +12 41 55.5          17.0 Vu~1VxtH21
i2037K10P66R KC2015 07 29.16189417 52 50.44 +12 42 00.5          16.6 Vu~1VxtH21
i2037K10P66R KC2015 07 29.16325517 52 51.58 +12 42 05.6          16.8 Vu~1VxtH21
i2037K10P66R KC2015 07 29.16461617 52 52.70 +12 42 10.4          16.6 Vu~1WVnH21
i2037K10P66R KC2015 07 29.16597717 52 53.84 +12 42 15.4          16.4 Vu~1WVnH21
i2037K10P66R KC2015 07 29.16733517 52 54.97 +12 42 20.4          16.4 Vu~1WVnH21
i2037K10P66R KC2015 07 29.16869617 52 56.10 +12 42 25.2          16.4 Vu~1WVnH21
i2037K10P66R KC2015 07 29.16998717 52 57.17 +12 42 30.0          16.4 Vu~1WVnH21
i2037K10P66R KC2015 07 29.17148317 52 58.43 +12 42 35.7          16.2 Vu~1WVnH21
i2037K10P66R KC2015 07 29.17263817 52 59.38 +12 42 39.9          16.2 Vu~1WVnH21
i2037K10P66R  C2015 07 30.03650 18 04 41.74 +13 30 45.2                q~1V2EI15
i2037K10P66R  C2015 07 30.03770 18 04 42.60 +13 30 48.9                q~1V2EI15
i2037K10P66R  C2015 07 30.03889 18 04 43.49 +13 30 52.5                q~1V2EI15
i2037K10P66R KC2015 07 30.09429118 05 25.23 +13 33 42.7          17.1 Vu~1V2EH21
i2037K10P66R KC2015 07 30.09807518 05 28.01 +13 33 54.6          16.6 Vu~1V2EH21
i2037K10P66R KC2015 07 30.10996318 05 36.69 +13 34 30.5          16.7 Vu~1V2EH21
i2037K10P66R  C2015 07 30.13680 18 05 55.97 +13 35 46.8          16.6 Vq~1VH4W19
i2037K10P66R  C2015 07 30.13766 18 05 56.59 +13 35 49.5          16.4 Vq~1VH4W19
i2037K10P66R  C2015 07 30.13853 18 05 57.23 +13 35 52.1          16.2 Vq~1VH4W19
i2037K10P66R  C2015 07 30.13939 18 05 57.84 +13 35 54.2          16.7 Vq~1VH4W19
i2037K10P66R  C2015 07 31.02800 18 16 22.08 +14 15 43.4          15.4 Rq~1V2EC23
i2037K10P66R  C2015 07 31.02902 18 16 22.76 +14 15 45.7          15.5 Rq~1V2EC23
i2037K10P66R  C2015 07 31.03055 18 16 23.74 +14 15 49.3          15.4 Rq~1V2EC23
i2037K10P66R  C2015 07 31.03209 18 16 24.73 +14 15 52.9          15.5 Rq~1V2EC23
i2037K10P66R  C2015 07 31.03362 18 16 25.73 +14 15 57.2          15.5 Rq~1V2EC23
i2037K10P66R  C2015 07 31.03516 18 16 26.74 +14 16 00.0          15.4 Rq~1V2EC23
i2037K10P66R  C2015 07 31.12700318 17 30.28 +14 20 00.0          16.4 Vu~1VH4H21
i2037K10P66R  C2015 07 31.12889518 17 31.48 +14 20 04.7          16.2 Vu~1VH4H21
i2037K10P66R  C2015 07 31.13078618 17 32.66 +14 20 09.2          16.6 Vu~1VH4H21
i2037K10P66R  C2015 07 31.13267318 17 33.84 +14 20 13.7          16.5 Vu~1VH4H21
i2037K10P66R  C2015 07 31.13456918 17 35.04 +14 20 18.3          16.6 Vu~1VH4H21
i2037K10P66R  C2015 07 31.13646818 17 36.23 +14 20 22.8          16.6 Vu~1VH4H21
i2037K10P66R  C2015 07 31.13836218 17 37.42 +14 20 27.4          16.8 Vu~1VH4H21
i2037K10P66R  C2015 07 31.14158018 17 39.45 +14 20 35.1          16.7 Vu~1VH4H21
i2037K10P66R  C2015 07 31.28996 18 19 12.13 +14 26 25.6          16.6 Rq~1V2EH45
i2037K10P66R  C2015 07 31.29144 18 19 13.08 +14 26 28.5          16.5 Rq~1V2EH45
i2037K10P66R  C2015 07 31.29376 18 19 14.51 +14 26 33.9          16.5 Rq~1V2EH45
i2037K10P66R  C2015 07 31.29572 18 19 15.70 +14 26 38.1          16.6 Rq~1V2EH45
i2037K10P66R  C2015 07 31.29714 18 19 16.61 +14 26 41.3          16.4 Rq~1V2EH45
i2037K10P66R  C2015 07 31.29856 18 19 17.47 +14 26 44.6          16.5 Rq~1V2EH45
i2037K10P66R  C2015 07 31.30002 18 19 18.39 +14 26 47.8          16.4 Rq~1V2EH45
i2037K10P66R  C2015 08 01.10507118 27 30.19 +14 55 15.5          16.7 Vu~1VH4H21
i2037K10P66R  C2015 08 01.10697218 27 31.23 +14 55 19.4          16.7 Vu~1VH4H21
i2037K10P66R  C2015 08 01.10887318 27 32.28 +14 55 23.2          16.5 Vu~1VH4H21
i2037K10P66R  C2015 08 01.11077718 27 33.34 +14 55 26.9          16.5 Vu~1VH4H21
i2037K10P66R  C2015 08 01.11267518 27 34.37 +14 55 30.5          16.5 Vu~1VH4H21
i2037K10P66R  C2015 08 01.11457218 27 35.43 +14 55 34.3          16.5 Vu~1VH4H21
i2037K10P66R KC2015 08 01.15811018 27 59.31 +14 56 58.9          16.5 Vu~1VH4H21
i2037K10P66R KC2015 08 01.15947818 28 00.06 +14 57 01.4          16.6 Vu~1VH4H21
i2037K10P66R KC2015 08 01.16084018 28 00.81 +14 57 04.1          16.6 Vu~1VH4H21
i2037K10P66R KC2015 08 01.16227418 28 01.59 +14 57 06.8          16.5 Vu~1VH4H21
i2037K10P66R KC2015 08 01.16370618 28 02.38 +14 57 09.7          16.5 Vu~1VH4H21
i2037K10P66R KC2015 08 01.16513918 28 03.16 +14 57 12.4          16.6 Vu~1VH4H21
i2037K10P66R KC2015 08 01.16657218 28 03.94 +14 57 15.1          16.6 Vu~1VH4H21
i2037K10P66R KC2015 08 01.16800418 28 04.72 +14 57 17.9          16.7 Vu~1VH4H21
i2037K10P66R KC2015 08 01.16943718 28 05.51 +14 57 20.6          16.7 Vu~1VH4H21
i2037K10P66R KC2015 08 01.17087018 28 06.29 +14 57 23.4          16.7 Vu~1VH4H21
i2037K10P66R KC2015 08 01.17230318 28 07.07 +14 57 26.1          16.8 Vu~1VH4H21
i2037K10P66R KC2015 08 01.17373618 28 07.85 +14 57 28.8          16.8 Vu~1VH4H21
i2037K10P66R KC2015 08 01.17517318 28 08.64 +14 57 31.6          16.9 Vu~1VH4H21
i2037K10P66R KC2015 08 01.17660718 28 09.41 +14 57 34.2          16.9 Vu~1VH4H21
i2037K10P66R KC2015 08 01.17803818 28 10.20 +14 57 37.0          16.9 Vu~1VH4H21
i2037K10P66R KC2015 08 01.17967418 28 11.09 +14 57 40.2          17.1 Vu~1VH4H21
i2037K10P66R  C2015 08 01.89806 18 34 41.81 +15 18 42.6          15.5 Rq~1VH4C23
i2037K10P66R  C2015 08 01.89925 18 34 42.38 +15 18 44.7          15.7 Rq~1VH4C23
i2037K10P66R  C2015 08 01.90061 18 34 43.10 +15 18 46.1          15.6 Rq~1VH4C23
i2037K10P66R  C2015 08 01.90368 18 34 44.60 +15 18 52.1          15.5 Rq~1VH4C23
i2037K10P66R  C2015 08 01.90522 18 34 45.40 +15 18 53.5          15.7 Rq~1VH4C23
i2037K10P66R KC2015 08 02.10260418 36 27.70 +15 24 21.2          17.0 Vu~1VH4H21
i2037K10P66R KC2015 08 02.10389718 36 28.33 +15 24 23.4          16.9 Vu~1VH4H21
i2037K10P66R KC2015 08 02.10525818 36 28.99 +15 24 25.6          16.8 Vu~1VH4H21
i2037K10P66R KC2015 08 02.10662018 36 29.64 +15 24 27.8          16.8 Vu~1VH4H21
i2037K10P66R KC2015 08 02.11070418 36 31.62 +15 24 34.2          16.9 Vu~1VH4H21
i2037K10P66R KC2015 08 02.11206518 36 32.29 +15 24 36.5          16.9 Vu~1VH4H21
i2037K10P66R KC2015 08 02.11778218 36 35.05 +15 24 45.5          16.8 Vu~1VH4H21
i2037K10P66R KC2015 08 02.18341418 37 06.63 +15 26 27.7          16.9 Vu~1VH4H21
i2037K10P66R KC2015 08 02.18484918 37 07.31 +15 26 29.9          17.1 Vu~1VH4H21
i2037K10P66R KC2015 08 02.18771618 37 08.68 +15 26 34.3          16.9 Vu~1VH4H21
i2037K10P66R KC2015 08 02.18915118 37 09.38 +15 26 36.7          16.8 Vu~1VH4H21
i2037K10P66R KC2015 08 02.19058818 37 10.08 +15 26 38.7          16.8 Vu~1VH4H21
i2037K10P66R KC2015 08 02.19202318 37 10.75 +15 26 40.8          16.7 Vu~1VxtH21
i2037K10P66R KC2015 08 02.19345818 37 11.45 +15 26 43.1          16.8 Vu~1VxtH21
i2037K10P66R KC2015 08 02.19489418 37 12.13 +15 26 45.2          16.8 Vu~1VxtH21
i2037K10P66R KC2015 08 02.19633018 37 12.82 +15 26 47.4          16.8 Vu~1VxtH21
i2037K10P66R KC2015 08 02.19768718 37 13.47 +15 26 49.4          16.9 Vu~1VxtH21
i2037K10P66R KC2015 08 02.97130 18 43 22.21 +15 45 00.1          16.8 Vq~1VH4I93
i2037K10P66R KC2015 08 02.97925 18 43 25.69 +15 45 10.3          16.8 Vq~1VH4I93
i2037K10P66R KC2015 08 02.98513 18 43 28.26 +15 45 17.8          16.8 Vq~1VH4I93
i2037K10P66R KC2015 08 02.99430 18 43 32.26 +15 45 29.3          17.1 Vq~1VH4I93
i2037K10P66R KC2015 08 03.83360 18 49 37.39 +16 02 00.2          16.9 V ~1VH4151
i2037K10P66R KC2015 08 03.83479 18 49 37.90 +16 02 01.4          17.0 V ~1VH4151
i2037K10P66R KC2015 08 03.83597 18 49 38.36 +16 02 03.7          16.9 V ~1VH4151
i2037K10P66R KC2015 08 03.83835 18 49 39.29 +16 02 06.0          16.9 V ~1VH4151
i2037K10P66R KC2015 08 03.84069 18 49 40.22 +16 02 08.8          16.9 V ~1VH4151
i2037K10P66R  C2015 08 04.90241 18 56 30.35 +16 19 07.9          17.3 Vt~1VH4L04
i2037K10P66R  C2015 08 04.90343 18 56 30.73 +16 19 08.4          17.5 Vt~1VH4L04
i2037K10P66R  C2015 08 04.90801 18 56 32.32 +16 19 12.2          17.6 Vt~1VH4L04
i2037K10P66R KC2015 08 05.83730 19 01 57.61 +16 30 59.6          17.3 V ~1VH4151
i2037K10P66R KC2015 08 05.83926 19 01 58.23 +16 31 01.1          17.4 V ~1VH4151
i2037K10P66R KC2015 08 05.84123 19 01 58.85 +16 31 02.7          17.3 V ~1VH4151
i2037K10P66R KC2015 08 05.87656 19 02 10.03 +16 31 28.8          17.0 Rq~1VH4203
i2037K10P66R KC2015 08 05.91108 19 02 20.88 +16 31 51.8                q~1VH4203
i2037K10P66R  C2015 08 05.94631 19 02 32.15 +16 32 10.7          16.9 Rq~1VH4C23
i2037K10P66R  C2015 08 05.94856 19 02 32.85 +16 32 12.2          16.5 Rq~1VH4C23
i2037K10P66R  C2015 08 05.95081 19 02 33.55 +16 32 14.1          16.7 Rq~1VH4C23
i2037K10P66R  C2015 08 05.95380 19 02 34.50 +16 32 16.0          15.9 Rq~1VH4C23
i2037K10P66R KC2015 08 06.88114 19 07 25.58 +16 41 29.8          16.9 Rq~1VH4160
i2037K10P66R KC2015 08 06.88305 19 07 26.14 +16 41 31.0          17.1 Rq~1VH4160
i2037K10P66R KC2015 08 06.88504 19 07 26.72 +16 41 32.1          17.2 Rq~1VH4160
i2037K10P66R KC2015 08 07.97885 19 12 36.01 +16 49 45.5          17.3 Rq~1Vb0160
i2037K10P66R KC2015 08 07.98085 19 12 36.53 +16 49 46.3          17.3 Rq~1Vb0160
i2037K10P66R KC2015 08 07.98283 19 12 37.04 +16 49 47.0          17.2 Rq~1Vb0160
i2037K10P66R  C2015 08 09.84493 19 20 21.11 +16 58 43.4          17.5  v~1Vb0B18
i2037K10P66R  C2015 08 09.84685 19 20 21.55 +16 58 43.7          17.2  v~1Vb0B18
i2037K10P66R  C2015 08 09.84780 19 20 21.73 +16 58 44.0          17.1  v~1Vb0B18
i2037K10P66R  C2015 08 09.84876 19 20 21.94 +16 58 44.2          17.3  v~1Vb0B18
i2037K10P66R  C2015 08 09.84972 19 20 22.15 +16 58 44.3          17.3  v~1Vb0B18
i2037K10P66R  C2015 08 09.85547 19 20 23.39 +16 58 45.3          17.2  v~1Vb0B18
i2037K10P66R  C2015 08 09.85644 19 20 23.62 +16 58 45.4          17.2  v~1Vb0B18
i2037K10P66R  C2015 08 09.85740 19 20 23.83 +16 58 45.6          17.2  v~1Vb0B18
i2037K10P66R  C2015 08 09.85836 19 20 24.03 +16 58 45.8          17.3  v~1Vb0B18
i2037K10P66R  C2015 08 09.85932 19 20 24.24 +16 58 46.0          17.3  v~1Vb0B18
i2037K10P66R KC2015 08 11.92594 19 27 42.30 +17 02 43.3          17.8 Rq~1Vb0160
i2037K10P66R KC2015 08 11.92842 19 27 42.77 +17 02 43.4          17.7 Rq~1Vb0160
i2037K10P66R KC2015 08 11.93076 19 27 43.20 +17 02 43.5          17.7 Rq~1Vb0160
i2037K10P66R  C2015 08 12.25558 19 28 45.56 +17 02 57.8          18.0 Rq~1Vb0H45
i2037K10P66R  C2015 08 12.25700 19 28 45.71 +17 02 57.8          18.0 Rq~1Vb0H45
i2037K10P66R  C2015 08 12.25986 19 28 46.26 +17 02 57.8          17.9 Rq~1Vb0H45
i2037K10P66R  C2015 08 12.26237 19 28 46.72 +17 02 57.8          17.7 Rq~1Vb0H45
i2037K10P66R  C2015 08 12.26407 19 28 47.04 +17 02 57.7          17.7 Rq~1Vb0H45
i2037K10P66R  C2015 08 12.26555 19 28 47.30 +17 02 57.7          17.5 Rq~1Vb0H45
i2037K10P66R KC2015 08 12.87148 19 30 41.93 +17 02 48.3          16.7 Rq~1Vb0C23
i2037K10P66R KC2015 08 12.87432 19 30 42.41 +17 02 48.8          16.8 Rq~1Vb0C23
i2037K10P66R KC2015 08 12.87771 19 30 42.98 +17 02 50.4          16.7 Rq~1Vb0C23
i2037K10P66R  C2015 08 14.20584 19 34 35.23 +17 01 46.1          17.9 Rq~1Vb0H45
i2037K10P66R  C2015 08 14.21108 19 34 36.02 +17 01 45.6          17.9 Rq~1Vb0H45
i2037K10P66R  C2015 08 14.21314 19 34 36.34 +17 01 45.6          17.7 Rq~1Vb0H45
i2037K10P66R  C2015 08 14.21492 19 34 36.65 +17 01 45.3          17.6 Rq~1Vb0H45
i2037K10P66R  C2015 08 14.21636 19 34 36.87 +17 01 45.1          17.6 Rq~1Vb0H45
i2037K10P66R  C2015 08 14.21839 19 34 37.16 +17 01 44.9          17.9 Rq~1Vb0H45
i2037K10P66R  C2015 08 15.85322 19 38 58.80 +16 58 09.1          18.4 Vq~1VxtG34
i2037K10P66R  C2015 08 15.85617 19 38 59.16 +16 58 09.1          17.8 Vq~1VxtG34
