     K10A01R* C2010 01 07.27712 08 29 01.93 +03 35 05.8          19.3 Vr~0Ctp703
     K10A01R  C2010 01 07.28164 08 29 02.97 +03 35 24.2          19.9 Vr~0Ctp703
     K10A01R  C2010 01 07.28619 08 29 04.05 +03 35 41.4          19.9 Vr~0Ctp703
     K10A01R  C2010 01 07.29073 08 29 05.10 +03 35 59.0          20.2 Vr~0Ctp703
     K10A01R  C2010 01 07.33168 08 29 14.24 +03 38 35.4          20.1 Vr~0D6I703
     K10A01R  C2010 01 07.33720 08 29 15.43 +03 38 56.9          19.9 Vr~0D6I703
     K10A01R  C2010 01 07.34273 08 29 16.62 +03 39 17.6          19.6 Vr~0D6I703
     K10A01R  C2010 01 07.34829 08 29 17.84 +03 39 38.7          20.0 Vr~0D6I703
     K10A01R tC2010 01 07.37043 08 29 22.86 +03 41 04.5          19.9 Vo~0Ctp291
     K10A01R  C2010 01 07.37328 08 29 22.51 +03 41 07.9          19.3 Ro~0CtpH01
     K10A01R tC2010 01 07.37453 08 29 23.75 +03 41 19.9                o~0Ctp291
     K10A01R tC2010 01 07.37838 08 29 24.59 +03 41 34.1          19.8 Vo~0Ctp291
     K10A01R  C2010 01 07.38029 08 29 24.04 +03 41 34.2          19.5 Ro~0CtpH01
     K10A01R  C2010 01 07.39042 08 29 26.25 +03 42 11.9          19.3 Ro~0CtpH01
     K10A01R  C2010 01 07.40525 08 29 29.50 +03 43 07.2          19.2 Ro~0CtpH01
     K10A01R `C2010 01 07.63288 08 30 41.90 +04 01 11.5          20.7 Cu~0CtpD90
     K10A01R `C2010 01 07.64264 08 30 43.96 +04 01 46.5          20.0 Cu~0CtpD90
     K10A01R `C2010 01 07.65254 08 30 45.92 +04 02 23.2          19.8 Cu~0CtpD90
     K10A01R tC2010 01 08.25797 08 33 33.56 +04 32 44.8          20.2 Vo~0Ctq291
     K10A01R tC2010 01 08.26288 08 33 34.50 +04 33 00.8          20.1 Vo~0Ctq291
     K10A01R tC2010 01 08.26769 08 33 35.46 +04 33 17.2                o~0Ctq291
     K10A01R  C2010 01 09.37518 08 37 38.87 +05 28 21.9          19.2 Ro~0D6IH01
     K10A01R  C2010 01 09.38332 08 37 40.00 +05 28 44.2          19.3 Ro~0D6IH01
     K10A01R  C2010 01 09.39246 08 37 41.28 +05 29 09.0          19.5 Ro~0D6IH01
     K10A01R tC2010 01 10.25698 08 40 35.22 +06 06 28.5          20.5 Vo~0D6I291
     K10A01R tC2010 01 10.26074 08 40 35.67 +06 06 38.4          20.6 Vo~0D6I291
     K10A01R tC2010 01 10.26457 08 40 36.21 +06 06 47.1          20.7 Vo~0D6I291
     K10A01R  C2010 01 10.30608108 40 37.04 +06 08 10.7          20.5 Vo~0D6IH21
     K10A01R  C2010 01 10.31108208 40 37.62 +06 08 22.7          20.5 Vo~0D6IH21
     K10A01R  C2010 01 10.31684708 40 38.27 +06 08 35.9                o~0D6IH21
     K10A01R  C2010 01 14.33125 08 49 16.95 +08 17 40.7                o~0D6IH21
     K10A01R  C2010 01 14.33707 08 49 17.25 +08 17 49.7                o~0D6IH21
     K10A01R  C2010 01 14.34870 08 49 17.84 +08 18 07.3          21.3 Vo~0D6IH21
     K10A01R  C2010 01 14.35613 08 49 18.22 +08 18 18.9          21.3 Vo~0D6IH21
     K10A01R HC2010 01 14.43773 08 49 24.83 +08 20 38.8                o~0D6I291
     K10A01R HC2010 01 14.44212 08 49 25.06 +08 20 44.3                o~0D6I291
     K10A01R HC2010 01 14.44598 08 49 25.19 +08 20 51.2                o~0D6I291
     K10A01R  C2010 01 15.26345 08 50 44.24 +08 40 56.7                o~0D6I291
     K10A01R  C2010 01 15.26779 08 50 44.39 +08 41 03.0                o~0D6I291
     K10A01R HC2010 01 15.27165 08 50 44.65 +08 41 07.0                o~0D6I291
