     K10K10Q* C2010 05 20.41696 20 09 03.34 -16 57 40.3          20.7 Vr~0Hs3G96
     K10K10Q  C2010 05 20.42282 20 09 01.83 -16 57 36.6          19.7 Vr~0Hs3G96
     K10K10Q  C2010 05 20.42882 20 09 00.39 -16 57 33.2          20.4 Vr~0Hs3G96
     K10K10Q  C2010 05 20.43484 20 08 58.95 -16 57 29.7          20.5 Vr~0Hs3G96
     K10K10Q  C2010 05 20.44039 20 08 57.58 -16 57 26.2          21.0 Vr~0Hs3G96
     K10K10Q  C2010 05 20.44446 20 08 56.58 -16 57 23.6          21.0 Vr~0Hs3G96
     K10K10Q  C2010 05 20.44858 20 08 55.53 -16 57 21.9          20.7 Vr~0Hs3G96
     K10K10Q  C2010 05 20.45271 20 08 54.56 -16 57 19.0          21.2 Vr~0Hs3G96
     K10K10Q  C2010 05 21.40050 20 05 13.14 -16 47 54.2          20.7 Ro~0Hs3H01
     K10K10Q  C2010 05 21.40765 20 05 11.42 -16 47 50.2          20.7 Ro~0Hs3H01
     K10K10Q  C2010 05 21.42191 20 05 07.95 -16 47 42.0          20.4 Ro~0Hs3H01
     K10K10Q  C2010 05 21.43226 20 05 05.43 -16 47 36.0          20.5 Ro~0Hs3H01
     K10K10Q  C2010 05 21.44581 20 05 02.29 -16 47 27.5          20.6 Vr~0Hs3G96
     K10K10Q  C2010 05 21.44980 20 05 01.32 -16 47 25.1          20.7 Vr~0Hs3G96
     K10K10Q  C2010 05 21.45382 20 05 00.31 -16 47 22.8          21.0 Vr~0Hs3G96
     K10K10Q tC2010 05 22.41582 20 01 17.91 -16 38 03.9          21.3 Vo~0Hs3291
     K10K10Q tC2010 05 22.42691 20 01 15.23 -16 37 58.4          22.0 Vo~0Hs3291
     K10K10Q tC2010 05 22.43171 20 01 14.12 -16 37 56.3          21.4 Vo~0Hs3291
     K10K10Q tC2010 05 23.45146 19 57 20.32 -16 28 20.4          20.9 Vo~0Hs3291
     K10K10Q tC2010 05 23.45529 19 57 19.28 -16 28 18.9          20.2 Vo~0Hs3291
     K10K10Q KC2010 05 24.35799719 53 55.04 -16 20 06.9          21.1 Vo~0Hs3H21
     K10K10Q KC2010 05 24.36775819 53 52.76 -16 20 02.5          21.2 Vo~0Hs3H21
     K10K10Q tC2010 05 24.42581 19 53 39.82 -16 19 29.1          22.4 Vo~0Hs3291
     K10K10Q tC2010 05 24.42957 19 53 38.83 -16 19 27.3          21.8 Vo~0Hs3291
     K10K10Q tC2010 05 24.44081 19 53 36.20 -16 19 21.1          21.9 Vo~0Hs3291
     K10K10Q tC2010 05 24.44572 19 53 35.07 -16 19 17.8          21.7 Vo~0Hs3291
     K10K10Q tC2010 06 04.41204 19 14 53.77 -14 57 46.5                o~0I3q291
     K10K10Q  C2010 06 12.27018 18 50 48.89 -14 20 01.1          20.8 Ro~0InfH01
     K10K10Q  C2010 06 12.27929 18 50 47.28 -14 19 59.1          20.8 Ro~0InfH01
     K10K10Q  C2010 06 12.28382 18 50 46.46 -14 19 57.9          20.8 Ro~0InfH01
     K10K10Q  C2010 06 12.29320 18 50 44.81 -14 19 56.2          20.8 Ro~0InfH01
