     K10P09M* C2010 08 05.39539 23 22 49.07 +10 01 24.6          19.4  c~0LrG704
     K10P09M  C2010 08 05.41959 23 22 52.40 +10 02 28.3          20.1  c~0LrG704
     K10P09M  C2010 08 05.43139 23 22 54.00 +10 02 58.0          20.0  c~0LrG704
     K10P09M  C2010 08 05.44323 23 22 55.62 +10 03 29.0          19.9  c~0LrG704
     K10P09M  C2010 08 06.71220 23 26 06.02 +11 00 20.1          19.8 Vu~0LrG900
     K10P09M  C2010 08 06.71933 23 26 07.15 +11 00 39.9          20.0 Vu~0LrG900
     K10P09M  C2010 08 06.72646 23 26 08.13 +11 00 59.5          19.5 Vu~0LrG900
     K10P09M KC2010 08 06.87306 23 26 30.23 +11 08 16.7          19.2 Rc~0LrGD21
     K10P09M KC2010 08 06.88042 23 26 31.36 +11 08 36.9          19.3 Rc~0LrGD21
     K10P09M KC2010 08 06.88778 23 26 32.42 +11 08 57.7          19.0 Rc~0LrGD21
     K10P09M KC2010 08 07.25450823 27 32.05 +11 25 52.7          19.6 Vo~0LrGH21
     K10P09M KC2010 08 07.26090023 27 33.03 +11 26 11.4          19.6 Vo~0LrGH21
     K10P09M KC2010 08 07.26728823 27 34.01 +11 26 29.8          19.6 Vo~0LrGH21
     K10P09M KC2010 08 07.27389123 27 35.01 +11 26 48.8          19.4 Vo~0LrGH21
     K10P09M KC2010 08 07.83485 23 29 05.17 +11 54 40.4          18.3 Rc~0LrGD21
     K10P09M KC2010 08 07.85031 23 29 07.58 +11 55 26.3          19.4 Rc~0LrGD21
     K10P09M KC2010 08 07.86576 23 29 10.06 +11 56 13.0          18.6 Rc~0LrGD21
     K10P09M KC2010 08 08.03708 23 29 39.69 +12 04 12.9                v~0LrG204
     K10P09M KC2010 08 08.04526 23 29 41.00 +12 04 37.5                v~0LrG204
     K10P09M KC2010 08 08.05351 23 29 42.32 +12 05 02.3          19.1 Cv~0LrG204
     K10P09M KC2010 08 08.30289 23 30 24.65 +12 17 42.2          19.4 Vo~0LrGH21
     K10P09M KC2010 08 08.30928 23 30 25.69 +12 18 01.8          19.6 Vo~0LrGH21
     K10P09M KC2010 08 08.31533 23 30 26.67 +12 18 20.4          19.5 Vo~0LrGH21
     K10P09M KC2010 08 08.32112 23 30 27.60 +12 18 38.1          19.5 Vo~0LrGH21
     K10P09M  C2010 08 08.38352 23 30 38.13 +12 21 51.2          19.9  c~0LrG704
     K10P09M  C2010 08 08.39521 23 30 40.07 +12 22 29.2          19.4  c~0LrG704
     K10P09M  C2010 08 08.40690 23 30 41.95 +12 23 03.8          19.9  c~0LrG704
     K10P09M  C2010 08 08.41871 23 30 43.93 +12 23 40.2          20.3  c~0LrG704
     K10P09M KC2010 08 08.95625 23 32 18.70 +12 51 38.4          19.3 Cu~0LrG157
     K10P09M KC2010 08 08.96133 23 32 19.62 +12 51 55.2          19.1 Cu~0LrG157
     K10P09M KC2010 08 09.21316023 33 04.89 +13 05 23.4          20.0 Vo~0LrGH21
     K10P09M KC2010 08 09.21802523 33 05.73 +13 05 39.4          20.0 Vo~0LrGH21
     K10P09M KC2010 08 09.22266123 33 06.55 +13 05 54.5          20.1 Vo~0LrGH21
     K10P09M  C2010 08 09.35379 23 33 29.76 +13 13 04.9          19.5  c~0LrG704
     K10P09M  C2010 08 09.36551 23 33 31.81 +13 13 43.5          19.7  c~0LrG704
     K10P09M  C2010 08 09.37724 23 33 33.80 +13 14 21.3          20.2  c~0LrG704
     K10P09M 4C2010 08 09.37815 23 33 35.25 +13 14 27.4          18.9 Rv~0LrGF65
     K10P09M 4C2010 08 09.37972 23 33 35.53 +13 14 33.0          18.9 Rv~0LrGF65
     K10P09M  C2010 08 09.38920 23 33 35.85 +13 15 01.0          19.6  c~0LrG704
     K10P09M 4C2010 08 09.39367 23 33 37.97 +13 15 18.7          18.8 Rv~0LrGF65
     K10P09M  C2010 08 09.47281 23 33 50.42 +13 19 32.4          19.5 Vo~0LrG291
     K10P09M  C2010 08 09.47657 23 33 51.04 +13 19 45.0          19.5 Vo~0LrG291
     K10P09M  C2010 08 09.48053 23 33 51.78 +13 19 59.7          19.5 Vo~0LrG291
     K10P09M KC2010 08 10.20588723 36 10.21 +14 00 35.7          19.8 Vo~0PnnH21
     K10P09M KC2010 08 10.21045523 36 11.05 +14 00 51.6          19.8 Vo~0PnnH21
     K10P09M KC2010 08 10.21538723 36 11.97 +14 01 08.4          20.1 Vo~0PnnH21
     K10P09M KC2010 08 10.22384423 36 13.56 +14 01 38.0          19.1 Vo~0PnnH21
     K10P09M KC2010 08 10.22806223 36 14.34 +14 01 52.6          19.8 Vo~0PnnH21
     K10P09M tC2010 08 10.28509 23 36 25.55 +14 05 12.6          19.3 Vo~0LrG291
     K10P09M tC2010 08 10.28912 23 36 26.32 +14 05 27.3          19.3 Vo~0LrG291
     K10P09M tC2010 08 10.29311 23 36 27.07 +14 05 40.9          19.3 Vo~0LrG291
     K10P09M KC2010 08 10.40248 23 36 47.13 +14 12 01.8          19.4 Cu~0LrGH15
     K10P09M KC2010 08 10.41030 23 36 48.60 +14 12 28.7          19.3 Cu~0LrGH15
     K10P09M KC2010 08 10.41854 23 36 50.13 +14 12 57.5          19.1 Cu~0LrGH15
     K10P09M KC2010 08 11.05086323 38 57.08 +14 50 23.1          18.8 Vv~0LrGB03
     K10P09M KC2010 08 11.05828123 38 58.55 +14 50 50.1          19.0 Vv~0LrGB03
     K10P09M KC2010 08 11.06940823 39 00.72 +14 51 30.3          18.9 Vv~0LrGB03
     K10P09M KC2010 08 11.08424423 39 03.64 +14 52 24.6          18.9 Vv~0LrGB03
     K10P09M  C2010 08 11.27631 23 39 44.89 +15 04 14.4          19.3 Vo~0LrG291
     K10P09M  C2010 08 11.28024 23 39 45.68 +15 04 28.9          19.2 Vo~0LrG291
     K10P09M  C2010 08 11.28423 23 39 46.47 +15 04 43.7          19.2 Vo~0LrG291
     K10P09M KC2010 08 12.11611 23 42 44.09 +15 57 14.5                u~0LrGJ95
     K10P09M KC2010 08 12.12068 23 42 45.08 +15 57 32.2                u~0LrGJ95
     K10P09M KC2010 08 12.12526 23 42 46.04 +15 57 49.8          19.4 Ru~0LrGJ95
     K10P09M KC2010 08 12.27120 23 43 19.56 +16 07 28.0          19.7 Vo~0LrGH21
     K10P09M KC2010 08 12.27546 23 43 20.47 +16 07 44.9          19.8 Vo~0LrGH21
     K10P09M KC2010 08 12.27971 23 43 21.40 +16 08 01.7          19.8 Vo~0LrGH21
     K10P09M KC2010 08 12.28418 23 43 22.35 +16 08 19.4          19.8 Vo~0LrGH21
     K10P09M tC2010 08 12.31350 23 43 29.37 +16 10 18.3          19.3 Vo~0LrG291
     K10P09M tC2010 08 12.31822 23 43 30.35 +16 10 37.7          19.1 Vo~0LrG291
     K10P09M tC2010 08 12.32220 23 43 31.27 +16 10 53.5          19.0 Vo~0LrG291
     K10P09M KC2010 08 13.90126 23 49 51.71 +18 00 45.2          18.8 Rv~0M7hA99
     K10P09M KC2010 08 13.90446 23 49 52.53 +18 00 59.9          18.8 Rv~0M7hA99
     K10P09M KC2010 08 13.90686 23 49 53.10 +18 01 10.3          18.8 Rv~0M7hA99
     K10P09M  C2010 08 15.25837223 56 01.43 +19 45 41.4          19.3 Vo~0M7hH21
     K10P09M  C2010 08 15.26050023 56 02.04 +19 45 51.5          19.2 Vo~0M7hH21
     K10P09M  C2010 08 15.26628023 56 03.65 +19 46 20.3          19.2 Vo~0M7hH21
     K10P09M  C2010 08 15.26841623 56 04.25 +19 46 30.6          19.5 Vo~0M7hH21
     K10P09M  C2010 08 15.27085323 56 04.87 +19 46 42.5          18.6 Vo~0M7hH21
     K10P09M  C2010 08 15.33192 23 56 22.70 +19 51 44.9          18.9  c~0M7h704
     K10P09M  C2010 08 15.34432 23 56 26.19 +19 52 45.0          19.5  c~0M7h704
     K10P09M  C2010 08 15.35671 23 56 29.62 +19 53 46.6          19.0  c~0M7h704
     K10P09M  C2010 08 15.36910 23 56 33.07 +19 54 46.7          19.6  c~0M7h704
     K10P09M  C2010 08 15.38156 23 56 36.59 +19 55 47.9          19.0  c~0M7h704
     K10P09M KC2010 08 17.26310500 06 42.40 +22 40 46.0          18.6 Vo~0M7hH21
     K10P09M KC2010 08 17.26715700 06 43.78 +22 41 09.1          18.6 Vo~0M7hH21
     K10P09M KC2010 08 17.27120500 06 45.16 +22 41 32.0          18.6 Vo~0M7hH21
     K10P09M KC2010 08 17.27525900 06 46.54 +22 41 55.0          18.9 Vo~0M7hH21
     K10P09M KC2010 08 17.27929800 06 47.92 +22 42 18.0          18.7 Vo~0M7hH21
     K10P09M KC2010 08 17.28335000 06 49.30 +22 42 40.9          18.9 Vo~0M7hH21
     K10P09M KC2010 08 18.01438 00 11 18.93 +23 53 25.6          18.3 Ro~0M7hJ04
     K10P09M KC2010 08 18.01701 00 11 19.96 +23 53 40.5          18.3 Ro~0M7hJ04
     K10P09M KC2010 08 18.01965 00 11 20.92 +23 53 56.3          18.3 Ro~0M7hJ04
     K10P09M KC2010 08 18.19434 00 12 25.71 +24 11 28.3          18.5 Ro~0M7hJ04
     K10P09M KC2010 08 18.19698 00 12 26.69 +24 11 44.0          18.5 Ro~0M7hJ04
     K10P09M KC2010 08 18.19961 00 12 27.67 +24 11 59.9          18.5 Ro~0M7hJ04
     K10P09M  C2010 08 19.03512 00 18 09.36 +25 38 35.6          18.8 Ri~0MU1071
     K10P09M  C2010 08 19.03818 00 18 11.03 +25 39 00.6          18.7 Ri~0MU1071
     K10P09M  C2010 08 19.04119 00 18 11.41 +25 39 07.8          18.7 Ri~0MU1071
     K10P09M KC2010 08 19.99030 00 25 22.59 +27 24 26.2          18.3 Cw~0M7h160
     K10P09M KC2010 08 19.99209 00 25 23.43 +27 24 38.7          18.2 Cw~0M7h160
     K10P09M KC2010 08 19.99388 00 25 24.27 +27 24 51.3          18.0 Cw~0M7h160
     K10P09M KC2010 08 21.85490 00 42 06.28 +31 12 28.1          18.2 Vu~0MU1A13
     K10P09M KC2010 08 21.85651 00 42 07.26 +31 12 40.8          18.3 Vu~0MU1A13
     K10P09M KC2010 08 21.85811 00 42 08.23 +31 12 53.5          18.4 Vu~0MU1A13
     K10P09M KC2010 08 21.87742 00 42 19.86 +31 15 26.9          18.5 Vu~0MU1A13
     K10P09M KC2010 08 21.88055 00 42 21.74 +31 15 52.2          18.2 Vu~0MU1A13
     K10P09M KC2010 08 21.90036 00 42 33.68 +31 18 28.7          18.4 Vu~0MU1A13
     K10P09M KC2010 08 21.96136 00 43 10.37 +31 26 34.1          17.9 Cv~0MU1204
     K10P09M KC2010 08 21.96619 00 43 13.28 +31 27 12.4                v~0MU1204
     K10P09M KC2010 08 21.97060 00 43 15.94 +31 27 47.5                v~0MU1204
     K10P09M KC2010 08 22.09470 00 44 30.69 +31 44 14.1          18.2 Cu~0MU1160
     K10P09M KC2010 08 22.09688 00 44 32.03 +31 44 31.3          18.5 Cu~0MU1160
     K10P09M KC2010 08 22.09905 00 44 33.31 +31 44 48.3          18.7 Cu~0MU1160
     K10P09M KC2010 08 22.28996 00 46 35.47 +32 10 13.6          18.4 Vo~0MU1H21
     K10P09M KC2010 08 22.29275 00 46 37.20 +32 10 36.1          18.4 Vo~0MU1H21
     K10P09M KC2010 08 22.29555 00 46 38.93 +32 10 58.7          18.4 Vo~0MU1H21
     K10P09M KC2010 08 22.29833 00 46 40.68 +32 11 21.3          18.4 Vo~0MU1H21
     K10P09M KC2010 08 22.98131 00 54 19.69 +33 44 29.0          18.6 Cu~0MU1160
     K10P09M KC2010 08 22.98363 00 54 21.26 +33 44 49.0          18.6 Cu~0MU1160
     K10P09M KC2010 08 22.98594 00 54 22.89 +33 45 08.1          18.7 Cu~0MU1160
     K10P09M  C2010 08 23.26719600 57 44.66 +34 24 39.4          18.3 Vo~0MU1H21
     K10P09M  C2010 08 23.27063700 57 47.08 +34 25 08.2          18.8 Vo~0MU1H21
     K10P09M  C2010 08 23.27432900 57 49.74 +34 25 39.9          18.6 Vo~0MU1H21
     K10P09M  C2010 08 23.28047100 57 54.14 +34 26 33.0          18.6 Vo~0MU1H21
     K10P09M  C2010 08 23.28218400 57 55.36 +34 26 47.5          18.5 Vo~0MU1H21
     K10P09M  C2010 08 23.28363200 57 56.39 +34 26 59.6          18.5 Vo~0MU1H21
     K10P09M KC2010 08 23.86742 01 05 23.90 +35 50 26.2          18.2 Vu~0MU1A78
     K10P09M KC2010 08 23.87598 01 05 30.64 +35 51 41.4          18.4 Vu~0MU1A78
     K10P09M KC2010 08 23.88369 01 05 36.75 +35 52 49.4          18.5 Vu~0MU1A78
     K10P09M KC2010 08 24.29712301 11 14.95 +36 53 48.2          18.9 Vo~0MU1H21
     K10P09M KC2010 08 24.30297901 11 19.78 +36 54 40.4          18.8 Vo~0MU1H21
     K10P09M KC2010 08 24.31031501 11 25.85 +36 55 46.1          18.9 Vo~0MU1H21
     K10P09M KC2010 08 25.06157 01 22 38.50 +38 48 20.5          18.4 Cu~0MU1160
     K10P09M KC2010 08 25.06363 01 22 40.42 +38 48 39.6          18.4 Cu~0MU1160
     K10P09M KC2010 08 25.06568 01 22 42.34 +38 48 58.2          18.7 Cu~0MU1160
     K10P09M  C2010 08 26.17451 01 41 45.54 +41 38 06.3                o~0MU1H26
     K10P09M  C2010 08 26.17512 01 41 46.14 +41 38 11.8                o~0MU1H26
     K10P09M  C2010 08 26.17572 01 41 46.81 +41 38 17.2                o~0MU1H26
     K10P09M KC2010 08 26.31065 01 44 17.00 +41 59 19.5          18.0 Vo~0MU1H21
     K10P09M KC2010 08 26.31350 01 44 20.17 +41 59 45.8          18.1 Vo~0MU1H21
     K10P09M KC2010 08 26.32203 01 44 29.69 +42 01 05.1          18.0 Vo~0MU1H21
     K10P09M KC2010 08 26.32335 01 44 31.19 +42 01 17.2          18.1 Vo~0MU1H21
     K10P09M  C2010 08 27.19505 02 02 13.42 +44 13 17.3          17.9 Ro~0MU1H26
     K10P09M  C2010 08 27.19567 02 02 14.22 +44 13 23.2          18.5 Ro~0MU1H26
     K10P09M  C2010 08 27.19628 02 02 15.06 +44 13 28.4          18.5 Ro~0MU1H26
     K10P09M  C2010 08 27.19689 02 02 15.84 +44 13 34.0          17.8 Ro~0MU1H26
     K10P09M  C2010 08 27.19746 02 02 16.53 +44 13 40.0          18.3 Ro~0MU1H26
     K10P09M  C2010 08 27.19805 02 02 17.30 +44 13 45.0          18.2 Ro~0MU1H26
     K10P09M  C2010 08 27.19923 02 02 18.84 +44 13 55.7          18.3 Ro~0MU1H26
     K10P09M  C2010 08 27.19982 02 02 19.58 +44 14 01.3          18.6 Ro~0MU1H26
     K10P09M  C2010 08 27.31013402 04 42.02 +44 30 50.6          18.3 Vo~0MU1H21
     K10P09M  C2010 08 27.31303102 04 45.77 +44 31 16.9          18.4 Vo~0MU1H21
     K10P09M  C2010 08 27.31592502 04 49.52 +44 31 43.1          18.4 Vo~0MU1H21
     K10P09M  C2010 08 27.31859302 04 52.97 +44 32 07.2          18.5 Vo~0MU1H21
     K10P09M KC2010 08 30.14125 03 19 58.94 +50 36 47.3                u~0MU1J95
     K10P09M KC2010 08 30.14507 03 20 05.99 +50 37 10.2                u~0MU1J95
     K10P09M KC2010 08 30.14864 03 20 12.55 +50 37 31.4          18.9 Ru~0MU1J95
