     K10T55K* C2010 10 11.36290 03 10 13.43 -06 37 51.1          19.6  c~0Npw704
     K10T55K  C2010 10 11.37658 03 10 15.63 -06 43 02.1          19.7  c~0Npw704
     K10T55K  C2010 10 11.40381 03 10 20.15 -06 53 22.2          20.0  c~0Npw704
     K10T55K  C2010 10 11.41740 03 10 22.36 -06 58 29.9          19.9  c~0Npw704
     K10T55K KC2010 10 12.29992103 13 30.18 -12 27 40.3          19.0 Vr~0NpwH21
     K10T55K KC2010 10 12.30276203 13 30.65 -12 28 42.6          19.3 Vr~0NpwH21
     K10T55K KC2010 10 12.30560103 13 31.10 -12 29 44.4          19.2 Vr~0NpwH21
     K10T55K KC2010 10 12.30910803 13 31.65 -12 31 01.3          19.3 Vr~0NpwH21
     K10T55K  C2010 10 13.28499 03 16 55.62 -18 17 30.6          19.5 Rc~0Npw854
     K10T55K  C2010 10 13.29006 03 16 56.38 -18 19 18.3          20.0 Rc~0Npw854
     K10T55K  C2010 10 13.29510 03 16 57.22 -18 21 00.4          19.5 Rc~0Npw854
