     K10J34T* C2010 05 07.41610 16 34 57.10 -20 06 45.7          20.6 Vr~0HJeG96
     K10J34T  C2010 05 07.42148 16 34 56.35 -20 06 53.1          20.5 Vr~0HJeG96
     K10J34T  C2010 05 07.42686 16 34 55.56 -20 07 00.0          20.4 Vr~0HJeG96
     K10J34T  C2010 05 07.43230 16 34 54.80 -20 07 06.8          20.9 Vr~0HJeG96
     K10J34T  C2010 05 07.44377 16 34 53.18 -20 07 21.0          20.8 Vr~0HJeG96
     K10J34T  C2010 05 07.46127 16 34 50.70 -20 07 43.3          20.4 Vr~0HJeG96
     K10J34T  C2010 05 08.58784 16 32 11.82 -20 31 44.0          20.3 Ro~0HJe474
     K10J34T  C2010 05 08.59375 16 32 10.97 -20 31 53.6          20.2 Ro~0HJe474
     K10J34T  C2010 05 08.59699 16 32 10.44 -20 31 56.4          19.9 Ro~0HJe474
     K10J34T  C2010 05 08.59977 16 32 10.08 -20 31 59.9          20.3 Ro~0HJe474
     K10J34T  C2010 05 09.28898316 30 29.68 -20 47 11.0          19.7 Vr~0HJeH21
     K10J34T  C2010 05 09.29534 16 30 28.84 -20 47 18.3          20.3 Ro~0HJeH01
     K10J34T  C2010 05 09.29545816 30 28.65 -20 47 18.1          19.7 Vr~0HJfH21
     K10J34T  C2010 05 09.30022 16 30 28.12 -20 47 24.8          20.2 Ro~0HJfH01
     K10J34T  C2010 05 09.30980 16 30 26.67 -20 47 37.4          20.3 Ro~0HJfH01
     K10J34T  C2010 05 09.32488 16 30 24.40 -20 47 57.1          20.3 Ro~0HJfH01
     K10J34T  C2010 05 09.33050 16 30 23.56 -20 48 04.1                o~0HJf291
     K10J34T HC2010 05 09.34058 16 30 21.99 -20 48 17.2                o~0HJf291
     K10J34T  C2010 05 09.55022 16 29 50.99 -20 52 40.4          20.4 Ro~0HJf474
     K10J34T  C2010 05 09.55219 16 29 50.71 -20 52 43.2          20.3 Ro~0HJf474
     K10J34T  C2010 05 09.55404 16 29 50.42 -20 52 45.6          20.3 Ro~0HJf474
     K10J34T  C2010 05 09.55624 16 29 50.07 -20 52 48.4          20.2 Ro~0HJf474
     K10J34T  C2010 05 12.33117 16 22 38.75 -21 54 28.4                c~0HJf926
     K10J34T  C2010 05 12.33457 16 22 38.18 -21 54 32.1          19.5 Rc~0HJf926
     K10J34T  C2010 05 12.33797 16 22 37.64 -21 54 37.7          20.3 Rc~0HJf926
     K10J34T tC2010 05 12.34796 16 22 35.94 -21 54 50.2          20.7 Vo~0HJf291
     K10J34T tC2010 05 12.35197 16 22 35.30 -21 54 55.4          20.9 Vo~0HJf291
     K10J34T tC2010 05 12.35586 16 22 34.63 -21 55 00.1                o~0HJf291
     K10J34T HC2010 05 14.30686 16 17 09.72 -22 38 57.0                o~0HJf291
     K10J34T  C2010 05 14.31090 16 17 09.05 -22 39 04.3                o~0HJf291
     K10J34T  C2010 05 14.31484 16 17 08.39 -22 39 08.8                o~0HJf291
     K10J34T tC2010 05 17.39064 16 08 01.22 -23 49 06.4          20.5 Vo~0HZk291
     K10J34T tC2010 05 17.39492 16 08 00.61 -23 49 12.1          19.9 Vo~0HZk291
     K10J34T tC2010 05 17.39901 16 07 59.66 -23 49 18.4          19.8 Vo~0HZk291
     K10J34T KC2010 05 21.30890 15 55 30.95 -25 18 02.1          20.9 Cu~0Hrd448
     K10J34T KC2010 05 21.33043 15 55 26.61 -25 18 30.9          20.4 Cu~0Hrd448
     K10J34T KC2010 05 21.35115 15 55 22.45 -25 18 59.2          21.0 Cu~0Hrd448
     K10J34T  C2010 06 08.63037 14 50 57.14 -31 14 20.5          19.8 Ro~0IRtE10
     K10J34T  C2010 06 08.63164 14 50 56.86 -31 14 21.8          19.9 Ro~0IRtE10
     K10J34T  C2010 06 08.63317 14 50 56.55 -31 14 23.0          20.0 Ro~0IRtE10
     K10J34T  C2010 06 09.39051 14 48 21.65 -31 25 48.0          19.9 Ro~0IRt474
     K10J34T  C2010 06 09.39317 14 48 21.08 -31 25 50.6          19.9 Ro~0IRt474
     K10J34T  C2010 06 09.39583 14 48 20.59 -31 25 52.5          19.3 Ro~0IRt474
     K10J34T  C2010 06 09.39839 14 48 19.95 -31 25 55.6          19.7 Ro~0IRt474
     K10J34T  C2010 07 14.34468 13 32 29.80 -37 04 33.1          20.8 Ro~0KZi474
     K10J34T  C2010 07 14.34769 13 32 29.62 -37 04 34.4          20.5 Ro~0KZi474
     K10J34T  C2010 07 14.35069 13 32 29.51 -37 04 35.9          20.9 Ro~0KZi474
     K10J34T  C2010 07 14.35370 13 32 29.35 -37 04 37.5          20.8 Ro~0KZi474
     K10J34T  C2010 07 14.35660 13 32 29.12 -37 04 39.0                o~0KZi474
     K10J34T  C2011 01 02.22948 23 09 25.23 +00 12 42.0          21.2 wL~0QtiF51
     K10J34T  C2011 01 02.23513 23 09 26.07 +00 13 15.1          21.3 wL~0QtiF51
     K10J34T  C2011 01 02.24042 23 09 26.84 +00 13 45.9          21.2 wL~0QtiF51
     K10J34T  C2011 01 03.04149423 11 28.11 +01 31 09.6          21.7 Vo~0QtiH21
     K10J34T  C2011 01 03.05187623 11 29.63 +01 32 09.5          21.5 Vo~0QtiH21
     K10J34T  C2011 01 03.06333623 11 31.28 +01 33 15.0          21.2 Vo~0QtiH21
     K10J34T  C2011 01 03.09233 23 11 35.70 +01 36 03.9          20.8 Vo~0Qti291
     K10J34T  C2011 01 03.09613 23 11 36.26 +01 36 24.7          20.6 Vo~0Qti291
     K10J34T  C2011 01 03.09977 23 11 36.78 +01 36 46.5          21.0 Vo~0Qti291
     K10J34T KC2012 10 24.15480 09 46 37.07 +20 23 27.8                t~0kj4204
     K10J34T KC2012 10 24.16868 09 46 40.94 +20 24 30.9          19.9 Rt~0kj4204
     K10J34T KC2012 10 24.18256 09 46 44.75 +20 25 34.3                t~0kj4204
     K10J34T KC2015 04 24.27262414 09 09.41 +43 51 02.4          22.7 Vu~1RIBH21
     K10J34T KC2015 04 24.28858714 09 06.84 +43 50 52.0          22.7 Vu~1RIBH21
     K10J34T KC2015 04 24.30546214 09 04.11 +43 50 40.2          22.5 Vu~1RIBH21
