     K10W00S* C2010 11 25.23546 03 36 31.89 +21 27 45.4          19.1 Vr~0PQ8G96
     K10W00S  C2010 11 25.24182 03 36 28.00 +21 27 58.8          18.9 Vr~0PQ8G96
     K10W00S  C2010 11 25.24814 03 36 24.26 +21 28 12.0          19.0 Vr~0PQ8G96
     K10W00S  C2010 11 25.25444 03 36 20.41 +21 28 25.3          19.1 Vr~0PQ8G96
     K10W00S  C2010 11 25.27260 03 36 09.46 +21 29 02.7          18.6 Vr~0PQ8G96
     K10W00S  C2010 11 25.27306 03 36 09.18 +21 29 02.6          18.8 Vr~0PQ8G96
     K10W00S  C2010 11 25.27352 03 36 08.92 +21 29 04.5          18.9 Vr~0PQ8G96
     K10W00S  C2010 11 25.27398 03 36 08.64 +21 29 05.5          19.1 Vr~0PQ8G96
     K10W00S  C2010 11 25.28941 03 35 59.38 +21 29 36.4          19.2 Vr~0PQ8G96
     K10W00S  C2010 11 25.28988 03 35 59.10 +21 29 37.3          19.2 Vr~0PQ8G96
     K10W00S  C2010 11 25.29035 03 35 58.81 +21 29 38.5          19.2 Vr~0PQ8G96
     K10W00S  C2010 11 25.29081 03 35 58.52 +21 29 39.2          19.2 Vr~0PQ8G96
     K10W00S EC2010 11 25.95747 03 30 19.10 +21 49 36.4                u~0PQ8J95
     K10W00S EC2010 11 25.96056 03 30 17.57 +21 49 41.4                u~0PQ8J95
     K10W00S KC2010 11 25.96370 03 30 15.90 +21 49 46.9          19.6 Ru~0PQ8J95
     K10W00S KC2010 11 26.17559 03 28 38.11 +21 56 10.1          19.2 Ru~0PQ8H36
     K10W00S KC2010 11 26.17874 03 28 36.48 +21 56 16.0          19.1 Ru~0PQ8H36
     K10W00S  C2010 11 26.17940 03 28 38.48 +21 56 28.2          20.1 Rc~0PQ8854
     K10W00S KC2010 11 26.18187 03 28 34.80 +21 56 21.8          19.1 Ru~0PQ8H36
     K10W00S  C2010 11 26.18419 03 28 35.94 +21 56 37.9          19.9 Rc~0PQ8854
     K10W00S  C2010 11 26.18899 03 28 33.46 +21 56 45.2          19.7 Rc~0PQ8854
     K10W00S KC2010 11 26.27514803 27 46.22 +21 58 49.6          19.5 Vr~0PQ8H21
     K10W00S KC2010 11 26.28190403 27 42.80 +21 58 59.7          19.8 Vr~0PQ8H21
     K10W00S IC2010 11 26.28773303 27 39.88 +21 59 07.6          19.7 Vr~0PQ8H21
     K10W00S KC2010 11 26.86239 03 23 36.48 +22 13 21.8                v~0Ppc204
     K10W00S KC2010 11 26.87534 03 23 30.63 +22 13 41.4                v~0Ppc204
     K10W00S KC2010 11 26.88864 03 23 24.54 +22 14 00.8          19.2 Rv~0Ppc204
     K10W00S tC2010 11 30.29434 03 05 05.10 +23 12 43.3          20.0 Vo~0Ppc291
     K10W00S tC2010 11 30.29859 03 05 03.92 +23 12 46.2          21.0 Vo~0Ppc291
     K10W00S tC2010 11 30.30258 03 05 02.76 +23 12 49.1          20.8 Vo~0Ppc291
     K10W00S  C2010 12 01.31204 03 01 09.96 +23 24 15.2          20.8 Vo~0Ppc291
     K10W00S  C2010 12 01.31620 03 01 08.91 +23 24 17.0          20.6 Vo~0Ppc291
     K10W00S  C2010 12 01.32016 03 01 07.98 +23 24 19.2          20.8 Vo~0Ppc291
     K10W00S  C2010 12 03.35177 02 54 48.45 +23 42 33.6          20.9 Vo~0Ppc291
     K10W00S  C2010 12 03.35632 02 54 47.59 +23 42 34.7          21.3 Vo~0Ppc291
     K10W00S  C2010 12 03.36153 02 54 46.65 +23 42 36.2          21.5 Vo~0Ppc291
     K10W00S  C2010 12 04.31280 02 52 24.22 +23 49 38.6                o~0Ppc291
     K10W00S HC2010 12 04.31687 02 52 23.74 +23 49 40.4                o~0Ppc291
     K10W00S  C2010 12 04.32090 02 52 22.88 +23 49 41.1                o~0Ppc291
     K10W00S  C2010 12 09.12252 02 44 18.00 +24 15 26.8          22.1 Vo~0Ppc291
     K10W00S  C2010 12 09.12720 02 44 17.55 +24 15 28.7          21.9 Vo~0Ppc291
     K10W00S  C2010 12 09.13134 02 44 17.17 +24 15 29.9          21.9 Vo~0Ppc291
