     K10U08E* C2010 10 31.36356 03 15 15.55 +33 09 13.8          21.1 Vr~0ORGG96
     K10U08E  C2010 10 31.36416 03 15 15.58 +33 09 14.6          21.0 Vr~0ORHG96
     K10U08E  C2010 10 31.36473 03 15 15.73 +33 09 17.3          21.3 Vr~0ORHG96
     K10U08E  C2010 10 31.36532 03 15 15.84 +33 09 20.0          21.1 Vr~0ORHG96
     K10U08E  C2010 10 31.39270 03 15 20.34 +33 10 38.6          21.4 Vr~0ORHG96
     K10U08E  C2010 10 31.39340 03 15 20.44 +33 10 40.2          20.8 Vr~0ORHG96
     K10U08E  C2010 10 31.39410 03 15 20.55 +33 10 42.9          21.4 Vr~0ORHG96
     K10U08E  C2010 10 31.39480 03 15 20.66 +33 10 45.1          21.4 Vr~0ORHG96
     K10U08E  C2010 11 01.41630 03 18 48.42 +34 01 35.0          20.9 Vr~0ORHG96
     K10U08E  C2010 11 01.42678 03 18 50.25 +34 02 04.7          21.2 Vr~0ORHG96
     K10U08E  C2010 11 01.43201 03 18 51.19 +34 02 19.4          20.9 Vr~0ORHG96
     K10U08E  C2010 11 01.43719 03 18 52.09 +34 02 34.6          20.9 Vr~0ORHG96
     K10U08E  C2010 11 03.44272 03 26 00.29 +35 42 28.4          20.8 Ro~0ORHH01
     K10U08E  C2010 11 03.45029 03 26 01.75 +35 42 49.4          20.9 Ro~0ORHH01
     K10U08E  C2010 11 03.47223 03 26 06.02 +35 43 50.3          20.4 Ro~0ORHH01
     K10U08E  C2010 11 03.48255 03 26 08.06 +35 44 18.6          21.1 Ro~0ORHH01
