     K10VE0C  C2010 11 15.37115 07 52 16.45 +25 00 59.0          18.4 Vr~0PP9G96
     K10VE0C* C2010 11 15.37470 07 52 21.18 +24 59 13.2          18.8 Vr~0PP9703
     K10VE0C  C2010 11 15.37852 07 52 26.39 +24 57 14.4          18.6 Vr~0PP9G96
     K10VE0C  C2010 11 15.38048 07 52 28.74 +24 56 20.8          18.1 Vr~0PP9703
     K10VE0C  C2010 11 15.38631 07 52 36.58 +24 53 23.9          18.5 Vr~0PP9703
     K10VE0C  C2010 11 15.39212 07 52 44.14 +24 50 26.1          18.9 Vr~0PP9703
     K10VE0C KC2010 11 15.42746607 52 47.54 +24 29 56.2          18.5 Vr~0PP9H21
     K10VE0C  C2010 11 15.42801 07 53 28.02 +24 32 24.1                r~0PP9703
     K10VE0C  C2010 11 15.42861 07 53 28.83 +24 32 05.9          17.8 Vr~0PP9703
     K10VE0C  C2010 11 15.42919 07 53 29.53 +24 31 46.6          18.7 Vr~0PP9703
     K10VE0C  C2010 11 15.42973 07 53 30.21 +24 31 31.2          18.8 Vr~0PP9703
     K10VE0C KC2010 11 15.43042307 52 51.13 +24 28 23.5          18.9 Vr~0PP9H21
     K10VE0C KC2010 11 15.43364207 52 54.99 +24 26 41.8          18.2 Vr~0PP9H21
     K10VE0C KC2010 11 15.43863207 53 01.03 +24 24 06.8          18.9 Vr~0PP9H21
     K10VE0C  C2010 11 15.49927 07 54 46.40 +23 56 54.4                r~0PP9703
     K10VE0C  C2010 11 15.49985 07 54 47.16 +23 56 37.7          18.7 Vr~0PP9703
     K10VE0C  C2010 11 15.50043 07 54 47.71 +23 56 21.6          18.8 Vr~0PP9703
     K10VE0C  C2010 11 15.51214 07 54 59.97 +23 50 33.7          19.2 Vr~0PP9703
     K10VE0C  C2010 11 15.51272 07 55 00.58 +23 50 16.2          18.6 Vr~0PP9703
     K10VE0C  C2010 11 15.51330 07 55 01.16 +23 49 58.4          19.1 Vr~0PP9703
     K10VE0C  C2010 11 15.51389 07 55 01.63 +23 49 43.0          18.3 Vr~0PP9703
     K10VE0C KC2010 11 16.34175408 11 39.84 +18 53 59.7          19.9 Vo~0PP9H21
     K10VE0C KC2010 11 16.34721408 11 42.30 +18 52 40.8          19.9 Vo~0PP9H21
     K10VE0C KC2010 11 16.35267508 11 44.71 +18 51 22.3          19.7 Vo~0PP9H21
     K10VE0C KC2010 11 16.35812808 11 47.10 +18 50 03.6          19.9 Vo~0PP9H21
     K10VE0C KC2010 11 17.38189708 21 23.92 +15 36 34.5          20.4 Vo~0PP9H21
     K10VE0C KC2010 11 17.38924308 21 24.98 +15 35 35.2          20.4 Vo~0PP9H21
     K10VE0C KC2010 11 17.39695408 21 26.03 +15 34 32.5          20.2 Vo~0PP9H21
     K10VE0C KC2010 11 19.36938308 30 23.74 +12 29 58.1          21.5 Vo~0PP9H21
     K10VE0C KC2010 11 19.38023508 30 23.82 +12 29 20.2          21.2 Vo~0PP9H21
     K10VE0C KC2010 11 19.39154908 30 23.80 +12 28 39.5          20.9 Vo~0PP9H21
     K10VE0C KC2010 11 19.41875408 30 23.50 +12 27 02.6          21.6 Vo~0PP9H21
     K10VE0C KC2010 11 19.43148008 30 23.28 +12 26 16.6          21.4 Vo~0PP9H21
