     K10J33L  C1997 06 04.39551 15 52 43.60 -22 56 54.8          18.1 Rc~0Ina566
     K10J33L  C1997 06 04.40396 15 52 42.31 -22 56 53.9          18.3 Rc~0Ina566
     K10J33L  C1997 06 04.41248 15 52 41.09 -22 56 53.0          18.3 Rc~0Ina566
     K10J33L  C1997 12 29.57325 08 58 10.94 +27 19 32.3          18.4 Rc~0Ina566
     K10J33L  C1997 12 29.58332 08 58 09.40 +27 19 39.8          18.6 Rc~0Ina566
     K10J33L  C1997 12 29.59284 08 58 07.96 +27 19 46.8          18.7 Rc~0Ina566
     K10J33L  C1998 01 26.31073 07 54 49.25 +30 30 42.6          19.1 Rc~0Ina566
     K10J33L  C1998 01 26.32082 07 54 48.16 +30 30 43.3          19.1 Rc~0Ina566
     K10J33L  C1998 01 26.33058 07 54 47.08 +30 30 44.8          19.2 Rc~0Ina566
     K10J33L  C2010 05 06.36978 15 22 39.44 -17 54 30.3          20.6 Vr~0HJcG96
     K10J33L  C2010 05 06.37458 15 22 38.99 -17 54 29.2          20.3 Vr~0HJcG96
     K10J33L  C2010 05 06.37939 15 22 38.52 -17 54 28.0          20.6 Vr~0HJcG96
     K10J33L  C2010 05 06.38419 15 22 38.11 -17 54 27.0          20.1 Vr~0HJcG96
     K10J33L* C2010 05 06.40191 15 22 36.62 -17 54 22.6          20.4 Vr~0HJcG96
     K10J33L  C2010 05 06.40552 15 22 36.15 -17 54 21.8          20.4 Vr~0HJcG96
     K10J33L  C2010 05 06.40919 15 22 35.83 -17 54 20.8          20.7 Vr~0HJcG96
     K10J33L  C2010 05 06.41280 15 22 35.54 -17 54 20.1          20.4 Vr~0HJcG96
     K10J33L KC2010 05 06.93593 15 21 49.35 -17 52 21.8                o~0HJcJ04
     K10J33L KC2010 05 06.93918 15 21 48.98 -17 52 20.3          19.5 Ro~0HJcJ04
     K10J33L KC2010 05 06.94244 15 21 48.71 -17 52 18.9          19.8 Ro~0HJcJ04
     K10J33L  C2010 05 07.31182 15 21 15.22 -17 50 54.0          20.3 Vo~0HJc291
     K10J33L  C2010 05 07.31522 15 21 14.94 -17 50 53.3          20.1 Vr~0HJcG96
     K10J33L  C2010 05 07.31578 15 21 14.87 -17 50 53.1          20.4 Vo~0HJc291
     K10J33L  C2010 05 07.31756 15 21 14.68 -17 50 52.8          20.5 Vr~0HJcG96
     K10J33L  C2010 05 07.31987 15 21 14.47 -17 50 52.3          20.4 Vo~0HJc291
     K10J33L  C2010 05 07.31996 15 21 14.47 -17 50 52.0          19.8 Vr~0HJcG96
     K10J33L  C2010 05 07.32047 15 21 14.45 -17 50 51.8          21.2 Rc~0HJc926
     K10J33L  C2010 05 07.32234 15 21 14.25 -17 50 51.6          20.0 Vr~0HJcG96
     K10J33L  C2010 05 07.32458 15 21 14.05 -17 50 51.7          20.7 Rc~0HJc926
     K10J33L  C2010 05 07.32868 15 21 13.66 -17 50 50.7          20.5 Rc~0HJc926
     K10J33L  C2010 05 08.55567 15 19 21.65 -17 45 51.9          20.2 Ro~0HJc474
     K10J33L  C2010 05 08.55868 15 19 21.38 -17 45 51.3          20.2 Ro~0HJc474
     K10J33L  C2010 05 08.56157 15 19 21.10 -17 45 50.6          19.8 Ro~0HJc474
     K10J33L  C2010 05 08.56458 15 19 20.88 -17 45 49.8          20.0 Ro~0HJc474
     K10J33L  C2010 05 08.56816 15 19 20.49 -17 45 49.1          19.7 Ro~0HJc474
     K10J33L  C2010 05 09.34910 15 18 07.97 -17 42 46.4          20.5 Vo~0HJc291
     K10J33L  C2010 05 09.35293 15 18 07.59 -17 42 45.4                o~0HJc291
     K10J33L  C2010 05 09.35781 15 18 07.14 -17 42 44.0                o~0HJc291
     K10J33L  C2010 05 10.24983 15 16 43.44 -17 39 01.7          19.6 Ro~0HJcH01
     K10J33L  C2010 05 10.27497 15 16 41.02 -17 38 55.5          19.7 Ro~0HJcH01
     K10J33L  C2010 05 11.23387 15 15 09.68 -17 34 49.6                o~0HJc291
     K10J33L  C2010 05 11.23771 15 15 09.28 -17 34 48.9                o~0HJc291
     K10J33L HC2010 05 11.24168 15 15 08.87 -17 34 48.5                o~0HJc291
     K10J33L HC2010 05 12.33055 15 13 23.26 -17 30 04.5                o~0HJc291
     K10J33L HC2010 05 12.33853 15 13 22.59 -17 30 00.2                o~0HJc291
     K10J33L  C2010 05 13.28026 15 11 50.43 -17 25 48.2          20.3 Vo~0HJc291
     K10J33L  C2010 05 13.28411 15 11 50.03 -17 25 47.1          20.2 Vo~0HJc291
     K10J33L  C2010 05 13.28790 15 11 49.66 -17 25 46.1          20.2 Vo~0HJc291
     K10J33L  C2010 05 15.31912 15 08 27.29 -17 16 23.8                o~0HZk291
     K10J33L  C2010 05 15.32801 15 08 26.36 -17 16 21.1                o~0HZk291
     K10J33L  C2010 05 16.27933 15 06 50.41 -17 11 49.8          20.1 Vo~0HZk291
     K10J33L  C2010 05 16.28319 15 06 50.03 -17 11 48.6          20.1 Vo~0HZk291
     K10J33L  C2010 05 16.28703 15 06 49.62 -17 11 47.7          20.2 Vo~0HZk291
     K10J33L  C2010 05 17.26288 15 05 10.41 -17 07 05.2          20.9 Vo~0HZk691
     K10J33L  C2010 05 17.27556 15 05 09.03 -17 07 01.2          20.2 Vo~0HZk691
     K10J33L  C2010 05 17.28569 15 05 07.95 -17 06 58.5          20.4 Vo~0HZk691
     K10J33L ]C2010 05 18.31986 15 03 21.84 -17 01 53.1          20.6 Co~0HZk695
     K10J33L ]C2010 05 18.34156 15 03 19.55 -17 01 46.3          20.2 Co~0HZk695
     K10J33L ]C2010 05 18.35193 15 03 18.47 -17 01 43.4          20.2 Co~0HZk695
     K10J33L  C2010 05 21.25934 14 58 17.50 -16 47 01.5          20.4 Vo~0HZk691
     K10J33L  C2010 05 21.27710 14 58 15.63 -16 46 55.7          20.7 Vo~0HZk691
     K10J33L  C2010 05 21.29486 14 58 13.73 -16 46 50.2          20.3 Vo~0HZk691
     K10J33L KC2010 05 23.21769 14 54 53.15 -16 36 49.9          21.1 Cu~0Hrd448
     K10J33L KC2010 05 23.24743 14 54 50.06 -16 36 41.0          21.0 Cu~0Hrd448
     K10J33L KC2010 05 23.27652 14 54 46.92 -16 36 31.6          19.8 Cu~0Hrd448
     K10J33L KC2010 06 02.13192514 37 52.56 -15 43 47.2          20.9 Vo~0I3gH21
     K10J33L KC2010 06 02.13789214 37 51.92 -15 43 45.6          20.8 Vo~0I3gH21
     K10J33L KC2010 06 02.14428714 37 51.27 -15 43 43.5          20.7 Vo~0I3gH21
     K10J33L tC2010 06 03.28836 14 35 57.70 -15 37 39.2                o~0I3g291
     K10J33L  C2010 06 03.29221 14 35 57.30 -15 37 37.7                o~0I3g291
     K10J33L  C2010 06 11.17118 14 23 44.66 -14 58 04.9          20.1 Vr~0IRtG96
     K10J33L  C2010 06 11.17503 14 23 44.30 -14 58 03.8          19.9 Vr~0IRtG96
     K10J33L  C2010 06 11.17888 14 23 43.98 -14 58 02.6          20.4 Vr~0IRtG96
     K10J33L  C2010 06 11.18275 14 23 43.62 -14 58 01.2          20.6 Vr~0IRtG96
     K10J33L  C2010 06 17.15865 14 15 41.61 -14 32 20.7          20.3 Vr~0InaG96
     K10J33L  C2010 06 17.16538 14 15 41.07 -14 32 18.8          20.3 Vr~0InaG96
     K10J33L  C2010 06 17.17214 14 15 40.57 -14 32 17.5          20.6 Vr~0InaG96
     K10J33L  C2010 06 17.17887 14 15 40.10 -14 32 15.8          20.4 Vr~0InaG96
     K10J33L  C2010 06 19.16096 14 13 17.25 -14 24 52.9          20.3 Vr~0JB4G96
     K10J33L  C2010 06 19.16858 14 13 16.71 -14 24 51.1          20.4 Vr~0JB4G96
     K10J33L  C2010 06 19.18389 14 13 15.60 -14 24 48.1          20.9 Vr~0JB4G96
     K10J33L  C2010 07 05.15407 13 59 53.19 -13 51 21.4          20.5 Vr~0KAkG96
     K10J33L  C2010 07 05.16127 13 59 52.94 -13 51 21.7          20.8 Vr~0KAkG96
     K10J33L  C2010 07 05.16853 13 59 52.72 -13 51 21.2          20.6 Vr~0KAkG96
     K10J33L  C2010 07 05.17589 13 59 52.47 -13 51 20.8          20.6 Vr~0KAkG96
     K10J33L  S2010 07 20.68949 13 57 09.42 -14 09 16.5                L~0Kn2C51
     K10J33L  s2010 07 20.68949 1 - 5966.0268 - 3071.1184 - 1660.1865   ~0Kn2C51
     K10J33L  S2010 07 20.68962 13 57 09.38 -14 09 16.4                L~0Kn2C51
     K10J33L  s2010 07 20.68962 1 - 5988.3074 - 3069.9909 - 1579.6941   ~0Kn2C51
     K10J33L  S2010 07 20.95410 13 57 11.72 -14 10 02.3                L~0Kn2C51
     K10J33L  s2010 07 20.95410 1 - 5952.4811 - 3098.2726 - 1658.7168   ~0Kn2C51
     K10J33L  S2010 07 21.08641 13 57 12.93 -14 10 23.6                L~0Kn2C51
     K10J33L  s2010 07 21.08641 1 - 5944.7174 - 3111.8676 - 1660.0497   ~0Kn2C51
     K10J33L  S2010 07 21.15262 13 57 13.59 -14 10 35.1                L~0Kn2C51
     K10J33L  s2010 07 21.15262 1 - 5952.2904 - 3118.1614 - 1620.0624   ~0Kn2C51
     K10J33L  S2010 07 21.21871 13 57 14.18 -14 10 47.6                L~0Kn2C51
     K10J33L  s2010 07 21.21871 1 - 5937.5574 - 3125.2899 - 1660.1047   ~0Kn2C51
     K10J33L  S2010 07 21.28492 13 57 14.88 -14 10 58.4                L~0Kn2C51
     K10J33L  s2010 07 21.28492 1 - 5945.4146 - 3131.5838 - 1619.4773   ~0Kn2C51
     K10J33L  S2010 07 21.35101 13 57 15.49 -14 11 09.7                L~0Kn2C51
     K10J33L  s2010 07 21.35101 1 - 5930.8532 - 3138.7297 - 1659.2390   ~0Kn2C51
     K10J33L  S2010 07 21.41723 13 57 16.18 -14 11 21.6                L~0Kn2C51
     K10J33L  s2010 07 21.41723 1 - 5938.7341 - 3145.1280 - 1618.8598   ~0Kn2C51
     K10J33L  S2010 07 21.54941 13 57 17.55 -14 11 44.7                L~0Kn2C51
     K10J33L  s2010 07 21.54941 1 - 5908.5678 - 3158.9395 - 1700.4330   ~0Kn2C51
     K10J33L  S2010 07 21.54953 13 57 17.56 -14 11 45.2                L~0Kn2C51
     K10J33L  s2010 07 21.54953 1 - 5931.2941 - 3158.3776 - 1620.0601   ~0Kn2C51
     K10J33L  S2010 07 21.68171 13 57 18.96 -14 12 06.5                L~0Kn2C51
     K10J33L  s2010 07 21.68171 1 - 5901.0973 - 3172.4852 - 1701.0033   ~0Kn2C51
     K10J33L 4C2010 12 07.09050919 47 08.29 +16 39 13.3          16.9 Ru~0PnZ673
     K10J33L 4C2010 12 07.09097219 47 09.03 +16 39 29.5          16.8 Ru~0PnZ673
     K10J33L 4C2010 12 07.09143519 47 09.81 +16 39 46.4          16.9 Ru~0PnZ673
     K10J33L  C2010 12 08.93709 21 00 58.31 +37 49 25.0          14.1 Vv~0PnZJ93
     K10J33L  C2010 12 08.93736 21 00 59.16 +37 49 36.4          13.9 Vv~0PnZJ93
     K10J33L  C2010 12 08.93789 21 01 00.92 +37 49 58.9          14.1 Vv~0PnZJ93
     K10J33L  C2010 12 08.97271921 03 01.81 +38 16 45.7          14.6 Vo~0PnZH20
     K10J33L  C2010 12 08.97594021 03 12.35 +38 19 02.3          14.3 Vo~0PnZH20
     K10J33L  C2010 12 08.97638121 03 13.80 +38 19 21.0          13.9 Vo~0PnZH20
     K10J33L  C2010 12 08.98088021 03 28.50 +38 22 31.0          14.1 Vo~0PnZH20
     K10J33L  C2010 12 08.98345221 03 36.88 +38 24 19.1          14.3 Vo~0PnZH20
     K10J33L 4C2010 12 09.10913521 10 43.96 +39 52 34.9          14.9 Ru~0Pna673
     K10J33L 4C2010 12 09.10967021 10 45.79 +39 52 57.0          15.0 Ru~0Pna673
     K10J33L  C2010 12 09.94756 22 06 51.82 +48 40 32.7          13.9 Ru~0PnaI15
     K10J33L  C2010 12 09.95173 22 07 10.26 +48 42 47.9          13.9 Ru~0PnaI15
     K10J33L  C2010 12 09.95589 22 07 28.63 +48 45 02.1          13.9 Ru~0PnaI15
     K10J33L KC2010 12 10.72086 23 09 19.23 +54 19 41.7          13.5 Ru~0Pna160
     K10J33L KC2010 12 10.72189 23 09 24.35 +54 20 02.0                u~0Pna160
     K10J33L KC2010 12 10.72394 23 09 34.59 +54 20 42.3          13.5 Ru~0Pna160
     K10J33L KC2010 12 10.72473 23 09 38.52 +54 20 57.7          13.6 Ru~0Pna160
     K10J33L KC2010 12 10.72550 23 09 42.38 +54 21 12.9          13.5 Ru~0Pna160
     K10J33L KC2010 12 10.72651 23 09 47.41 +54 21 32.6                u~0Pna160
     K10J33L KC2010 12 10.72794 23 09 54.55 +54 22 00.4                u~0Pna160
     K10J33L  C2010 12 10.74440 23 11 12.13 +54 26 58.8          13.4  c~0Pna583
     K10J33L  C2010 12 10.74497 23 11 14.92 +54 27 09.5          13.3  c~0Pna583
     K10J33L  C2010 12 10.74566 23 11 18.38 +54 27 22.5          13.4  c~0Pna583
     K10J33L  C2010 12 10.74635 23 11 21.87 +54 27 35.7          13.4  c~0Pna583
     K10J33L  C2010 12 10.74691 23 11 24.68 +54 27 46.3          13.3  c~0Pna583
     K10J33L  C2010 12 10.74710 23 11 25.62 +54 27 49.9          13.5  c~0Pna583
     K10J33L  C2010 12 10.74766 23 11 28.41 +54 28 00.4          13.6  c~0Pna583
     K10J33L  C2010 12 10.74999 23 11 40.10 +54 28 44.4          13.2  c~0Pna583
     K10J33L  C2010 12 10.75126 23 11 46.47 +54 29 08.4          13.2  c~0Pna583
     K10J33L  C2010 12 10.75175 23 11 48.94 +54 29 17.7          13.3  c~0Pna583
     K10J33L  C2010 12 10.75260 23 11 53.17 +54 29 33.6          13.2  c~0Pna583
     K10J33L  C2010 12 10.75297 23 11 55.07 +54 29 40.7          13.2  c~0Pna583
     K10J33L  C2010 12 10.75640 23 12 12.25 +54 30 45.1          13.0  c~0Pna583
     K10J33L  C2010 12 10.75715 23 12 16.01 +54 30 59.0          13.2  c~0Pna583
     K10J33L  C2010 12 10.75752 23 12 17.87 +54 31 06.0          13.1  c~0Pna583
     K10J33L  C2010 12 10.75822 23 12 21.37 +54 31 19.0          13.0  c~0Pna583
     K10J33L  C2010 12 10.75871 23 12 23.83 +54 31 28.3          13.1  c~0Pna583
     K10J33L  C2010 12 10.75933 23 12 26.92 +54 31 39.7          13.1  c~0Pna583
     K10J33L  C2010 12 10.76004 23 12 30.48 +54 31 53.1          13.1  c~0Pna583
     K10J33L  C2010 12 10.76092 23 12 34.91 +54 32 09.5          13.0  c~0Pna583
     K10J33L  C2010 12 10.76191 23 12 39.86 +54 32 27.8          13.1  c~0Pna583
     K10J33L  C2010 12 10.76228 23 12 41.69 +54 32 34.6          13.2  c~0Pna583
     K10J33L  C2010 12 10.76302 23 12 45.43 +54 32 48.4          13.1  c~0Pna583
     K10J33L  C2010 12 10.76364 23 12 48.53 +54 32 59.9          12.9  c~0Pna583
     K10J33L  C2010 12 10.76462 23 12 53.48 +54 33 18.2          13.1  c~0Pna583
     K10J33L  C2010 12 10.76500 23 12 55.37 +54 33 25.3          13.1  c~0Pna583
     K10J33L  C2010 12 10.76587 23 12 59.74 +54 33 41.4          13.1  c~0Pna583
     K10J33L  C2010 12 10.76926 23 13 16.73 +54 34 44.0          13.1  c~0Pna583
     K10J33L  C2010 12 10.76974 23 13 19.17 +54 34 53.0          13.5  c~0Pna583
     K10J33L  C2010 12 10.77068 23 13 23.87 +54 35 10.4          13.5  c~0Pna583
     K10J33L  C2010 12 10.77142 23 13 27.60 +54 35 23.9          13.6  c~0Pna583
     K10J33L  C2010 12 10.77227 23 13 31.86 +54 35 39.5          13.3  c~0Pna583
     K10J33L  C2010 12 10.77289 23 13 34.97 +54 35 51.1          13.3  c~0Pna583
     K10J33L  C2010 12 10.77372 23 13 39.11 +54 36 06.3          13.5  c~0Pna583
     K10J33L  C2010 12 10.77421 23 13 41.61 +54 36 15.2          13.5  c~0Pna583
     K10J33L  C2010 12 10.77526 23 13 46.89 +54 36 34.6          13.4  c~0Pna583
     K10J33L  C2010 12 10.77576 23 13 49.41 +54 36 43.9          13.4  c~0Pna583
     K10J33L  C2010 12 10.77696 23 13 55.45 +54 37 05.8          13.5  c~0Pna583
     K10J33L  C2010 12 10.77745 23 13 57.90 +54 37 14.7          13.4  c~0Pna583
     K10J33L  C2010 12 10.77807 23 14 01.02 +54 37 26.0          13.4  c~0Pna583
     K10J33L  C2010 12 10.77840 23 14 02.68 +54 37 32.1          13.5  c~0Pna583
     K10J33L  C2010 12 10.77890 23 14 05.19 +54 37 41.2          13.4  c~0Pna583
     K10J33L  C2010 12 10.77952 23 14 08.28 +54 37 52.4          13.4  c~0Pna583
     K10J33L  C2010 12 10.90027 23 24 21.27 +55 12 55.3                v~0QjD204
     K10J33L  C2010 12 10.90165 23 24 28.30 +55 13 17.6                v~0QjD204
     K10J33L  C2010 12 10.90304 23 24 35.34 +55 13 39.9                v~0QjD204
     K10J33L  C2010 12 10.90443 23 24 42.40 +55 14 02.1                v~0QjD204
     K10J33L  C2010 12 10.90651 23 24 52.96 +55 14 35.4          13.2 Rv~0QjD204
     K10J33L  C2010 12 10.96453 23 29 51.01 +55 28 45.1          13.5 Ru~0PnaC36
     K10J33L  C2010 12 10.96671 23 30 02.13 +55 29 17.8          13.4 Ru~0PnaC36
     K10J33L  C2010 12 10.96739 23 30 05.53 +55 29 27.4          13.9 Ru~0PnaC36
     K10J33L  C2010 12 10.96804 23 30 08.84 +55 29 37.2          13.6 Ru~0PnaC36
     K10J33L  C2010 12 10.96888 23 30 13.10 +55 29 50.0          13.2 Ru~0PnaC36
     K10J33L  C2010 12 10.96910 23 30 14.23 +55 29 53.1          13.3 Ru~0PnaC36
     K10J33L  C2010 12 10.96978 23 30 17.73 +55 30 03.2          13.6 Ru~0PnaC36
     K10J33L  C2010 12 10.97196 23 30 28.81 +55 30 35.6          13.5 Ru~0PnaC36
     K10J33L KC2010 12 11.71424 00 32 16.12 +57 31 58.8          13.3 Ru~0Qny160
     K10J33L KC2010 12 11.71515 00 32 20.35 +57 32 03.0          13.4 Ru~0Qny160
     K10J33L KC2010 12 11.71607 00 32 24.60 +57 32 07.2          13.3 Ru~0Qny160
     K10J33L KC2010 12 11.71852 00 32 35.94 +57 32 18.4          13.3 Ru~0Qny160
     K10J33L KC2010 12 11.71952 00 32 40.58 +57 32 23.0          13.3 Ru~0Qny160
     K10J33L KC2010 12 11.72053 00 32 45.22 +57 32 27.6          13.3 Ru~0Qny160
     K10J33L  C2010 12 11.74490 00 34 37.813+57 34 10.03         13.52Ro~0Pna560
     K10J33L  C2010 12 11.74509 00 34 38.664+57 34 10.27         13.42Ro~0Pna560
     K10J33L  C2010 12 11.74520 00 34 39.163+57 34 11.14         13.50Ro~0Pna560
     K10J33L  C2010 12 11.74529 00 34 39.577+57 34 11.15         13.55Ro~0Pna560
     K10J33L  C2010 12 11.74555 00 34 40.08 +57 34 10.9          13.1 Ro~0PnaB90
     K10J33L  C2010 12 11.74688 00 34 46.24 +57 34 16.4          13.1 Ro~0PnaB90
     K10J33L  C2010 12 11.74822 00 34 52.41 +57 34 22.1          13.1 Ro~0PnaB90
     K10J33L  C2010 12 11.74955 00 34 58.54 +57 34 27.6          12.9 Ro~0PnaB90
     K10J33L  C2010 12 11.75088 00 35 04.66 +57 34 32.7          13.0 Ro~0PnaB90
     K10J33L  C2010 12 11.76289 00 35 56.24 +57 34 51.8          13.6 Ru~0PnaC36
     K10J33L  C2010 12 11.76311 00 35 57.24 +57 34 52.5          13.4 Ru~0PnaC36
     K10J33L  C2010 12 11.76399 00 36 01.31 +57 34 56.0          13.6 Ru~0PnaC36
     K10J33L  C2010 12 11.76422 00 36 02.41 +57 34 56.8          13.5 Ru~0PnaC36
     K10J33L  C2010 12 11.76470 00 36 04.59 +57 34 58.7          13.5 Ru~0PnaC36
     K10J33L  C2010 12 11.76590 00 36 10.11 +57 35 03.3          13.5 Ru~0PnaC36
     K10J33L  C2010 12 11.76637 00 36 12.34 +57 35 05.1          13.4 Ru~0PnaC36
     K10J33L  C2010 12 11.76661 00 36 13.43 +57 35 05.5          13.6 Ru~0PnaC36
     K10J33L  C2010 12 11.76733 00 36 16.75 +57 35 08.7          13.6 Ru~0PnaC36
     K10J33L  C2010 12 11.76877 00 36 23.39 +57 35 13.7          13.4 Ru~0PnaC36
     K10J33L  C2010 12 11.76942 00 36 30.35 +57 35 47.2          13.4 Vc~0PnaA48
     K10J33L  C2010 12 11.77036 00 36 34.67 +57 35 50.7          13.5 Vc~0PnaA48
     K10J33L  C2010 12 11.77131 00 36 39.05 +57 35 53.9          13.5 Vc~0PnaA48
     K10J33L  C2010 12 11.77225 00 36 43.35 +57 35 58.1          13.5 Vc~0PnaA48
     K10J33L  C2010 12 11.78351 00 37 34.85 +57 36 38.8          13.4 Rc~0PnaA53
     K10J33L  C2010 12 11.78488 00 37 41.13 +57 36 43.6          13.4 Rc~0PnaA53
     K10J33L  C2010 12 11.78639 00 37 48.09 +57 36 48.9          13.2 Rc~0PnaA53
     K10J33L  C2010 12 11.78791 00 37 54.98 +57 36 54.4          13.4 Rc~0PnaA53
     K10J33L  C2010 12 11.78942 00 38 01.88 +57 36 59.4          13.3 Rc~0PnaA53
     K10J33L  C2010 12 11.79084 00 38 10.57 +57 37 15.9          13.5 Ru~0PnaA06
     K10J33L  C2010 12 11.79094 00 38 08.83 +57 37 04.6          13.4 Rc~0PnaA53
     K10J33L  C2010 12 11.79397 00 38 22.60 +57 37 15.3          13.5 Rc~0PnaA53
     K10J33L  C2010 12 11.79549 00 38 29.53 +57 37 20.4          13.4 Rc~0PnaA53
     K10J33L  C2010 12 11.79873 00 38 46.49 +57 37 43.4          13.1 Ru~0PnaA06
     K10J33L  C2010 12 11.80641 00 39 21.36 +57 38 09.5          12.6 Ru~0PnaA06
     K10J33L  C2010 12 11.81429 00 39 57.10 +57 38 35.4          13.1 Ru~0PnaA06
     K10J33L  C2010 12 11.82207 00 40 32.37 +57 38 58.9          13.5 Ru~0PnaA06
     K10J33L  C2010 12 11.85328 00 42 47.79 +57 39 49.4          14.1  c~0Pna583
     K10J33L  C2010 12 11.85384 00 42 50.35 +57 39 50.9          13.9  c~0Pna583
     K10J33L  C2010 12 11.85430 00 42 52.44 +57 39 52.0          13.7  c~0Pna583
     K10J33L  C2010 12 11.85465 00 42 54.01 +57 39 52.8          14.0  c~0Pna583
     K10J33L  C2010 12 11.85510 00 42 56.07 +57 39 53.8          14.0  c~0Pna583
     K10J33L  C2010 12 11.85545 00 42 57.63 +57 39 54.7          13.7  c~0Pna583
     K10J33L  C2010 12 11.85610 00 43 00.59 +57 39 56.3          14.0  c~0Pna583
     K10J33L  C2010 12 11.85654 00 43 02.60 +57 39 57.4          13.7  c~0Pna583
     K10J33L  C2010 12 11.85700 00 43 04.64 +57 39 58.3          13.8  c~0Pna583
     K10J33L  C2010 12 11.85815 00 43 09.86 +57 40 01.1          13.8  c~0Pna583
     K10J33L  C2010 12 11.85872 00 43 12.46 +57 40 02.4          13.9  c~0Pna583
     K10J33L  C2010 12 11.85906 00 43 14.01 +57 40 03.3          13.9  c~0Pna583
     K10J33L  C2010 12 11.85940 00 43 15.51 +57 40 03.9          13.7  c~0Pna583
     K10J33L  C2010 12 11.85995 00 43 18.02 +57 40 05.3          14.1  c~0Pna583
     K10J33L  C2010 12 11.86039 00 43 20.01 +57 40 06.3          13.9  c~0Pna583
     K10J33L  C2010 12 11.86093 00 43 22.41 +57 40 07.5          13.8  c~0Pna583
     K10J33L  C2010 12 11.86138 00 43 24.50 +57 40 08.6          13.7  c~0Pna583
     K10J33L  C2010 12 11.86184 00 43 26.56 +57 40 09.6          13.8  c~0Pna583
     K10J33L  C2010 12 11.86445 00 43 38.34 +57 40 15.4          13.6  c~0Pna583
     K10J33L  C2010 12 11.86515 00 43 41.51 +57 40 17.2          13.6  c~0Pna583
     K10J33L  C2010 12 11.86549 00 43 43.09 +57 40 18.0          13.6  c~0Pna583
     K10J33L  C2010 12 11.86594 00 43 45.09 +57 40 18.7          13.6  c~0Pna583
     K10J33L  C2010 12 11.86642 00 43 47.29 +57 40 20.0          13.7  c~0Pna583
     K10J33L  C2010 12 11.86677 00 43 48.83 +57 40 20.7          13.8  c~0Pna583
     K10J33L  C2010 12 11.86722 00 43 50.88 +57 40 21.9          13.7  c~0Pna583
     K10J33L  C2010 12 11.86760 00 43 52.60 +57 40 22.7          13.6  c~0Pna583
     K10J33L  C2010 12 11.86804 00 43 54.58 +57 40 23.4          13.5  c~0Pna583
     K10J33L  C2010 12 11.86862 00 43 57.19 +57 40 24.9          13.5  c~0Pna583
     K10J33L KC2010 12 12.75666 01 44 13.14 +57 22 09.5          13.6 Ru~0Pna160
     K10J33L KC2010 12 12.75741 01 44 15.72 +57 22 06.3          13.7 Ru~0Pna160
     K10J33L KC2010 12 12.75907 01 44 21.42 +57 21 59.4          13.6 Ru~0Pna160
     K10J33L  C2010 12 12.76207 01 44 31.67 +57 21 43.1          13.2 Rc~0PnaA53
     K10J33L  C2010 12 12.76291 01 44 34.56 +57 21 39.6          13.3 Rc~0PnaA53
     K10J33L  C2010 12 12.76385 01 44 37.83 +57 21 35.2          13.3 Rc~0PnaA53
     K10J33L  C2010 12 12.76479 01 44 41.00 +57 21 31.8          13.1 Rc~0PnaA53
     K10J33L  C2010 12 12.76572 01 44 44.24 +57 21 27.7          13.2 Rc~0PnaA53
     K10J33L  C2010 12 12.76666 01 44 47.45 +57 21 23.9          13.3 Rc~0PnaA53
     K10J33L  C2010 12 12.76760 01 44 50.66 +57 21 20.3          13.2 Rc~0PnaA53
     K10J33L  C2010 12 12.76853 01 44 53.85 +57 21 16.0          13.2 Rc~0PnaA53
     K10J33L KC2010 12 12.84454 01 49 10.81 +57 15 38.9          13.7 Ru~0Pna160
     K10J33L KC2010 12 12.84597 01 49 15.53 +57 15 31.9          13.7 Ru~0Pna160
     K10J33L KC2010 12 12.84676 01 49 18.18 +57 15 27.8          13.7 Ru~0Pna160
     K10J33L KC2010 12 12.84751 01 49 20.70 +57 15 24.8          13.7 Ru~0Pna160
     K10J33L  C2010 12 12.87671 01 51 01.22 +57 12 40.5          13.2 Ro~0PnaJ16
     K10J33L  C2010 12 12.88209 01 51 19.02 +57 12 14.2          13.1 Ro~0PnaJ16
     K10J33L  C2010 12 12.88748 01 51 36.79 +57 11 47.7          13.1 Ro~0PnaJ16
     K10J33L  C2010 12 12.88784 01 51 38.01 +57 11 45.9          13.2 Ro~0PnaJ16
     K10J33L  C2010 12 12.89498 01 52 01.52 +57 11 10.4          13.1 Ro~0PnaJ16
     K10J33L  C2010 12 12.90230 01 52 25.60 +57 10 33.8          13.1 Ro~0PnaJ16
     K10J33L  C2010 12 12.90979 01 52 50.16 +57 09 55.8          13.0 Ro~0PnaJ16
     K10J33L  C2010 12 12.92776 01 53 42.40 +57 08 09.5          13.3  c~0Pna583
     K10J33L  C2010 12 12.92822 01 53 43.91 +57 08 06.9          13.2  c~0Pna583
     K10J33L  C2010 12 12.92879 01 53 45.76 +57 08 03.8          13.1  c~0Pna583
     K10J33L  C2010 12 12.92973 01 53 48.86 +57 07 58.6          13.2  c~0Pna583
     K10J33L  C2010 12 12.93018 01 53 50.31 +57 07 56.2          13.2  c~0Pna583
     K10J33L  C2010 12 12.93075 01 53 52.22 +57 07 53.1          13.2  c~0Pna583
     K10J33L  C2010 12 12.93260 01 53 58.25 +57 07 43.0          13.2  c~0Pna583
     K10J33L  C2010 12 12.93306 01 53 59.76 +57 07 40.3          13.2  c~0Pna583
     K10J33L  C2010 12 12.93362 01 54 01.60 +57 07 37.4          13.4  c~0Pna583
     K10J33L  C2010 12 12.93537 01 54 07.31 +57 07 27.6          13.4  c~0Pna583
     K10J33L  C2010 12 12.93640 01 54 10.66 +57 07 22.0          13.4  c~0Pna583
     K10J33L  C2010 12 12.93990 01 54 22.11 +57 07 02.7          13.5  c~0Pna583
     K10J33L  C2010 12 12.94059 01 54 24.36 +57 06 58.9          13.4  c~0Pna583
     K10J33L  C2010 12 12.94125 01 54 26.54 +57 06 55.1          13.5  c~0Pna583
     K10J33L  C2010 12 12.94205 01 54 29.11 +57 06 50.9          13.4  c~0Pna583
     K10J33L  C2010 12 12.94293 01 54 31.98 +57 06 45.9          13.5  c~0Pna583
     K10J33L  C2010 12 12.94363 01 54 34.26 +57 06 42.0          13.3  c~0Pna583
     K10J33L  C2010 12 12.94469 01 54 37.71 +57 06 36.2          13.4  c~0Pna583
     K10J33L  C2010 12 12.94536 01 54 39.92 +57 06 32.4          13.6  c~0Pna583
     K10J33L KC2010 12 13.79500 02 35 00.45 +55 37 39.5          14.2 Ru~0Pna160
     K10J33L KC2010 12 13.79624 02 35 03.36 +55 37 31.1          14.2 Ru~0Pna160
     K10J33L KC2010 12 13.79748 02 35 06.26 +55 37 22.3          14.2 Ru~0Pna160
     K10J33L KC2010 12 13.79923 02 35 10.37 +55 37 10.2          14.2 Ru~0Pna160
     K10J33L KC2010 12 13.82759 02 36 16.50 +55 33 50.6          14.0 Ru~0Pna160
     K10J33L KC2010 12 13.82831 02 36 18.20 +55 33 45.4          13.8 Ru~0Pna160
     K10J33L KC2010 12 13.82949 02 36 20.91 +55 33 36.9          14.0 Ru~0Pna160
     K10J33L KC2010 12 13.83027 02 36 22.71 +55 33 31.5          14.0 Ru~0Pna160
     K10J33L  C2010 12 14.06323902 45 17.55 +55 05 24.5          14.2 Vo~0PnaH20
     K10J33L  C2010 12 14.06727602 45 26.11 +55 04 55.6          14.2 Vo~0PnaH20
     K10J33L  C2010 12 14.07079602 45 33.57 +55 04 30.4          14.1 Vo~0PnaH20
     K10J33L  C2010 12 14.07349302 45 39.26 +55 04 11.1          14.1 Vo~0PnaH20
     K10J33L  C2010 12 14.15704 02 48 25.29 +54 52 22.0                v~0Qny204
     K10J33L  C2010 12 14.15773 02 48 26.79 +54 52 16.5                v~0Qny204
     K10J33L  C2010 12 14.15843 02 48 28.27 +54 52 11.2          13.8 Rv~0Qny204
     K10J33L  C2010 12 14.15912 02 48 29.75 +54 52 05.7                v~0Qny204
     K10J33L  C2010 12 14.15981 02 48 31.24 +54 52 00.4                v~0Qny204
     K10J33L  C2010 12 14.38821 02 56 30.47 +54 25 18.0          13.9 Vu~0Pna379
     K10J33L  C2010 12 14.38858 02 56 31.18 +54 25 15.3          14.0 Vu~0Pna379
     K10J33L  C2010 12 14.38970 02 56 33.35 +54 25 06.7          13.8 Vu~0Pna379
     K10J33L  C2010 12 14.44727 02 58 20.71 +54 18 14.5          13.5 Vu~0Pna379
     K10J33L  C2010 12 14.45589 02 58 36.54 +54 17 12.6          13.3 Vu~0Pna379
     K10J33L  C2010 12 14.45661 02 58 37.85 +54 17 07.2          13.4 Vu~0Pna379
     K10J33L  C2010 12 14.45807 02 58 40.52 +54 16 56.8          13.3 Vu~0Pna379
     K10J33L  C2010 12 14.45950 02 58 43.14 +54 16 46.3          13.3 Vu~0Pna379
     K10J33L  C2010 12 14.46023 02 58 44.46 +54 16 41.0          13.4 Vu~0Pna379
     K10J33L KC2010 12 14.75730 03 07 40.88 +53 39 33.8          14.1 Ru~0QjD160
     K10J33L KC2010 12 14.75880 03 07 43.34 +53 39 22.8          14.1 Ru~0QjD160
     K10J33L KC2010 12 14.76018 03 07 45.66 +53 39 13.3          14.1 Ru~0QjD160
     K10J33L KC2010 12 14.76184 03 07 48.41 +53 39 01.4          14.1 Ru~0QjD160
     K10J33L KC2010 12 14.83600 03 09 51.89 +53 30 14.2          13.6 Ru~0PnaJ28
     K10J33L KC2010 12 14.83877 03 09 56.34 +53 29 54.3          13.6 Ru~0PnaJ28
     K10J33L KC2010 12 14.84155 03 10 00.81 +53 29 34.4          13.5 Ru~0PnaJ28
     K10J33L  C2010 12 15.08124303 16 21.66 +53 00 26.1          13.9 Vo~0PnaH20
     K10J33L  C2010 12 15.08499703 16 27.18 +52 59 59.8          13.8 Vo~0PnaH20
     K10J33L  C2010 12 15.08874903 16 32.71 +52 59 33.2          13.8 Vo~0PnaH20
     K10J33L  C2010 12 15.09247503 16 38.18 +52 59 06.8          14.0 Vo~0PnaH20
     K10J33L KC2010 12 15.77298 03 32 06.80 +51 39 24.8          14.4 Ru~0Pna160
     K10J33L KC2010 12 15.77449 03 32 08.58 +51 39 15.1          14.4 Ru~0Pna160
     K10J33L KC2010 12 15.77596 03 32 10.32 +51 39 05.4          14.4 Ru~0Pna160
     K10J33L KC2010 12 15.86421 03 33 52.49 +51 29 23.4          14.1 Ru~0Pna160
     K10J33L KC2010 12 15.86524 03 33 53.73 +51 29 16.5          14.0 Ru~0Pna160
     K10J33L KC2010 12 15.86812 03 33 56.97 +51 28 57.6          14.0 Ru~0Pna160
     K10J33L KC2010 12 15.86969 03 33 58.76 +51 28 47.0          14.0 Ru~0Pna160
     K10J33L  C2010 12 16.45810 03 44 39.58 +50 25 33.4          14.0 Ro~0RWD300
     K10J33L  C2010 12 16.45878 03 44 40.21 +50 25 29.2          14.0 Ro~0RWD300
     K10J33L  C2010 12 16.45945 03 44 40.82 +50 25 25.3          14.0 Ro~0RWD300
     K10J33L  C2010 12 16.46012 03 44 41.49 +50 25 20.9          14.0 Ro~0RWD300
     K10J33L  C2010 12 16.46077 03 44 42.11 +50 25 17.4          14.1 Ro~0RWD300
     K10J33L  C2010 12 16.46143 03 44 42.73 +50 25 13.1          14.1 Ro~0RWD300
     K10J33L  C2010 12 16.46209 03 44 43.36 +50 25 09.4          14.1 Ro~0RWD300
     K10J33L  C2010 12 16.46275 03 44 43.99 +50 25 05.1          14.1 Ro~0RWD300
     K10J33L  C2010 12 16.53380 03 45 49.82 +50 17 54.2          14.3 Vu~0Pna379
     K10J33L  C2010 12 16.53968 03 45 55.19 +50 17 17.6          14.4 Vu~0Pna379
     K10J33L  C2010 12 16.54534 03 46 00.42 +50 16 42.9          14.3 Vu~0Pna379
     K10J33L  C2010 12 16.54791 03 46 02.82 +50 16 26.8          14.3 Vu~0Pna379
     K10J33L  C2010 12 16.55742 03 46 11.52 +50 15 28.2          14.2 Vu~0Pna379
     K10J33L  C2010 12 16.56002 03 46 13.87 +50 15 12.4          14.2 Vu~0Pna379
     K10J33L  C2010 12 16.60910 03 46 58.60 +50 10 07.1          13.8 Vu~0Pna379
     K10J33L  C2010 12 16.61037 03 46 59.75 +50 09 59.0          13.9 Vu~0Pna379
     K10J33L  C2010 12 16.61164 03 47 00.90 +50 09 51.1          13.9 Vu~0Pna379
     K10J33L  C2010 12 16.62020 03 47 08.65 +50 08 57.7          13.9 Vu~0Pnb379
     K10J33L  C2010 12 16.62147 03 47 09.79 +50 08 49.5          13.9 Vu~0Pnb379
     K10J33L  C2010 12 16.62274 03 47 10.93 +50 08 41.8          13.9 Vu~0Pnb379
     K10J33L  C2010 12 17.38844 03 58 12.90 +48 54 41.0          14.1 Vu~0QjD379
     K10J33L  C2010 12 17.39397 03 58 17.03 +48 54 12.1          14.1 Vu~0QjD379
     K10J33L  C2010 12 17.39524 03 58 17.98 +48 54 05.4          14.0 Vu~0QjD379
     K10J33L  C2010 12 17.39653 03 58 18.91 +48 53 58.8          14.1 Vu~0QjD379
     K10J33L  C2010 12 17.40705 03 58 26.70 +48 53 04.1          14.1 Vu~0QjD379
     K10J33L  C2010 12 17.40836 03 58 27.65 +48 52 57.5          14.1 Vu~0QjD379
     K10J33L  C2010 12 17.40964 03 58 28.59 +48 52 50.4          14.0 Vu~0QjD379
     K10J33L  C2010 12 17.41248 03 58 30.66 +48 52 35.2          14.0 Vu~0QjD379
     K10J33L  C2010 12 17.41378 03 58 31.60 +48 52 28.6          14.1 Vu~0QjD379
     K10J33L  C2010 12 17.43455 03 58 46.75 +48 50 39.9          14.0 Vu~0QjD379
     K10J33L  C2010 12 17.43716 03 58 48.66 +48 50 26.2          14.3 Vu~0QjD379
     K10J33L  C2010 12 17.44839 03 58 56.78 +48 49 27.1          14.1 Vu~0QjD379
     K10J33L  C2010 12 17.44970 03 58 57.71 +48 49 20.3          14.2 Vu~0QjD379
     K10J33L  C2010 12 17.45102 03 58 58.70 +48 49 13.8          14.1 Vu~0QjD379
     K10J33L  C2010 12 17.45766 03 59 03.45 +48 48 38.9          14.2 Vu~0QjD379
     K10J33L  C2010 12 17.45897 03 59 04.39 +48 48 31.6          14.2 Vu~0QjD379
     K10J33L  C2010 12 17.46029 03 59 05.30 +48 48 25.0          14.2 Vu~0QjD379
     K10J33L  C2010 12 18.44686 04 10 04.86 +47 25 03.5          14.1 Ro~0RWD300
     K10J33L  C2010 12 18.44754 04 10 05.25 +47 25 00.8          14.2 Ro~0RWD300
     K10J33L  C2010 12 18.44889 04 10 05.96 +47 24 54.4          14.4 Ro~0RWD300
     K10J33L  C2010 12 18.44955 04 10 06.33 +47 24 51.4          14.3 Ro~0RWD300
     K10J33L  C2010 12 18.45021 04 10 06.74 +47 24 48.6          14.2 Ro~0RWD300
     K10J33L  C2010 12 18.45155 04 10 07.49 +47 24 42.3          14.2 Ro~0RWD300
     K10J33L KC2010 12 18.88199 04 14 09.54 +46 52 00.2          14.7 Ru~0QjDJ51
     K10J33L KC2010 12 18.88947 04 14 13.31 +46 51 28.1          14.7 Ru~0QjDJ51
     K10J33L KC2010 12 18.89694 04 14 17.06 +46 50 56.0          14.7 Ru~0QjDJ51
     K10J33L KC2010 12 19.18625 04 16 43.72 +46 29 51.4          14.6 Vo~0QjDH21
     K10J33L KC2010 12 19.19010 04 16 45.54 +46 29 34.9          14.7 Vo~0QjDH21
     K10J33L KC2010 12 19.19197 04 16 46.41 +46 29 26.9          14.6 Vo~0QjDH21
     K10J33L KC2010 12 19.19384 04 16 47.29 +46 29 18.9          14.7 Vo~0QjDH21
     K10J33L KC2010 12 19.19570 04 16 48.16 +46 29 10.9          14.6 Vo~0QjDH21
     K10J33L  C2010 12 19.49818 04 19 17.24 +46 08 12.7          15.1 Vu~0QjD379
     K10J33L  C2010 12 19.50196 04 19 18.90 +46 07 57.8          15.0 Vu~0QjD379
     K10J33L  C2010 12 19.51096 04 19 22.83 +46 07 21.6          14.9 Vu~0QjD379
     K10J33L  C2010 12 19.51282 04 19 23.66 +46 07 14.2          14.8 Vu~0QjD379
     K10J33L  C2010 12 19.52079 04 19 27.15 +46 06 42.3          14.8 Vu~0QjD379
     K10J33L  C2010 12 19.52269 04 19 27.97 +46 06 34.8          14.9 Vu~0QjD379
     K10J33L  C2010 12 19.53238 04 19 32.16 +46 05 55.5          14.6 Vu~0QjD379
     K10J33L  C2010 12 19.53847 04 19 34.83 +46 05 31.0          14.4 Vu~0QjD379
     K10J33L  C2010 12 19.54034 04 19 35.60 +46 05 23.5          14.6 Vu~0QjD379
     K10J33L  C2010 12 20.48991 04 26 20.10 +45 04 58.3          14.9 Vu~0QjD379
     K10J33L  C2010 12 20.49178 04 26 20.77 +45 04 51.7          14.9 Vu~0QjD379
     K10J33L  C2010 12 20.50177 04 26 24.34 +45 04 16.8          14.9 Vu~0QjD379
     K10J33L  C2010 12 20.50870 04 26 26.82 +45 03 52.4          14.1 Vu~0QjD379
     K10J33L  C2010 12 20.51059 04 26 27.47 +45 03 45.8          14.5 Vu~0QjD379
     K10J33L  C2010 12 20.51691 04 26 29.72 +45 03 23.5          14.5 Vu~0QjD379
     K10J33L  C2010 12 20.51877 04 26 30.39 +45 03 16.8          14.3 Vu~0QjD379
     K10J33L  C2010 12 20.57980 04 26 51.96 +44 59 40.9          14.8 Vu~0QjD379
     K10J33L  C2010 12 20.58454 04 26 53.61 +44 59 23.6          14.6 Vu~0QjD379
     K10J33L  C2010 12 20.58641 04 26 54.24 +44 59 17.0          14.5 Vu~0QjD379
     K10J33L  C2010 12 20.58830 04 26 54.90 +44 59 10.1          14.7 Vu~0QjD379
     K10J33L  C2010 12 20.59353 04 26 56.76 +44 58 51.5          14.7 Vu~0QjD379
     K10J33L  C2010 12 20.59539 04 26 57.40 +44 58 44.6          14.5 Vu~0QjD379
     K10J33L KC2010 12 20.77719 04 28 08.85 +44 47 49.1          14.9 Ru~0QjD118
     K10J33L KC2010 12 20.77996 04 28 09.82 +44 47 39.8          14.5 Ru~0QjD118
     K10J33L KC2010 12 20.78179 04 28 10.46 +44 47 33.9          15.0 Ru~0QjD118
     K10J33L  C2010 12 20.80385 04 28 17.23 +44 46 21.0          15.1 Ru~0Qny585
     K10J33L  C2010 12 20.80666 04 28 18.20 +44 46 11.5          14.9 Ru~0Qny585
     K10J33L  C2010 12 20.81304 04 28 20.33 +44 45 50.2          15.3 Ru~0Qny585
     K10J33L  C2010 12 20.81444 04 28 20.85 +44 45 44.8          15.3 Ru~0Qny585
     K10J33L  C2010 12 20.81752 04 28 21.89 +44 45 35.1          15.3 Ru~0Qny585
     K10J33L  C2010 12 20.82016 04 28 22.82 +44 45 26.1          15.3 Ru~0Qny585
     K10J33L  C2010 12 20.82300 04 28 23.74 +44 45 16.4          15.3 Ru~0Qny585
     K10J33L  C2010 12 20.82583 04 28 24.72 +44 45 06.9          15.2 Ru~0Qny585
     K10J33L  C2010 12 20.82867 04 28 25.71 +44 44 57.1          15.2 Ru~0Qny585
     K10J33L  C2010 12 20.83718 04 28 28.62 +44 44 27.5          15.3 Ru~0Qny585
     K10J33L  C2010 12 20.84001 04 28 29.52 +44 44 18.6          15.2 Ru~0Qny585
     K10J33L  C2010 12 20.84285 04 28 30.55 +44 44 08.5          15.2 Ru~0Qny585
     K10J33L  C2010 12 20.84568 04 28 31.50 +44 43 58.7          15.2 Ru~0Qny585
     K10J33L  C2010 12 20.84852 04 28 32.48 +44 43 49.2          15.3 Ru~0Qny585
     K10J33L  C2010 12 20.85135 04 28 33.39 +44 43 40.0          15.3 Ru~0Qny585
     K10J33L  C2010 12 20.86270 04 28 37.25 +44 43 01.0          15.2 Ru~0Qny585
     K10J33L  C2010 12 20.86838 04 28 39.22 +44 42 40.9          15.3 Ru~0Qny585
     K10J33L  C2010 12 20.87122 04 28 40.09 +44 42 31.9          15.3 Ru~0Qny585
     K10J33L  C2010 12 20.87405 04 28 41.14 +44 42 21.7          15.2 Ru~0Qny585
     K10J33L  C2010 12 20.87689 04 28 42.08 +44 42 12.1          15.3 Ru~0Qny585
     K10J33L KC2010 12 20.89696 04 28 52.33 +44 41 21.0          14.7 Ru~0QjDJ51
     K10J33L KC2010 12 20.90567 04 28 55.21 +44 40 52.5          14.6 Ru~0QjDJ51
     K10J33L KC2010 12 20.92005 04 28 59.95 +44 40 05.1          14.6 Ru~0QjDJ51
     K10J33L  C2010 12 20.99827 04 29 25.45 +44 35 43.8          14.6 Rw~0QjDJ24
     K10J33L  C2010 12 20.99976 04 29 25.91 +44 35 39.0          14.7 Rw~0QjDJ24
     K10J33L  C2010 12 21.00350 04 29 27.11 +44 35 26.0          14.7 Rw~0QjDJ24
     K10J33L  C2010 12 22.55193 04 37 26.75 +43 16 27.2          15.6 Vu~0QjD379
     K10J33L  C2010 12 22.55384 04 37 27.21 +43 16 21.6          15.5 Vu~0QjD379
     K10J33L  C2010 12 22.59044 04 37 36.23 +43 14 39.1          15.2 Vu~0QjD379
     K10J33L  C2010 12 22.64508 04 37 49.72 +43 12 04.5          15.5 Vu~0QjD379
     K10J33L  C2010 12 22.64693 04 37 50.18 +43 11 59.5          15.5 Vu~0QjD379
     K10J33L  C2010 12 22.64878 04 37 50.65 +43 11 54.3          15.4 Vu~0QjD379
     K10J33L  C2010 12 22.65271 04 37 51.61 +43 11 43.0          15.5 Vu~0QjD379
     K10J33L  C2010 12 22.65456 04 37 52.06 +43 11 37.9          15.4 Vu~0QjD379
     K10J33L  C2010 12 22.65641 04 37 52.50 +43 11 32.7          15.4 Vu~0QjD379
     K10J33L  C2010 12 22.66221 04 37 53.97 +43 11 15.7          15.1 Vu~0QjD379
     K10J33L  C2010 12 23.48255 04 41 24.58 +42 35 24.0          15.0 Vu~0QjD379
     K10J33L  C2010 12 23.50266 04 41 28.88 +42 34 34.6          15.1 Vu~0QjD379
     K10J33L  C2010 12 23.50454 04 41 29.33 +42 34 29.9          15.1 Vu~0QjD379
     K10J33L  C2010 12 23.52993 04 41 34.73 +42 33 27.8          15.2 Vu~0QjD379
     K10J33L  C2010 12 23.53405 04 41 35.61 +42 33 17.6          15.3 Vu~0QjD379
     K10J33L  C2010 12 23.53593 04 41 35.98 +42 33 13.1          15.3 Vu~0QjD379
     K10J33L  C2010 12 23.53781 04 41 36.38 +42 33 08.4          15.4 Vu~0QjD379
     K10J33L  C2010 12 23.54428 04 41 37.76 +42 32 52.3          15.5 Vu~0QjD379
     K10J33L  C2010 12 23.54615 04 41 38.15 +42 32 47.8          15.2 Vu~0QjD379
     K10J33L  C2010 12 23.54801 04 41 38.54 +42 32 43.2          15.3 Vu~0QjD379
     K10J33L  C2010 12 23.55752 04 41 40.59 +42 32 19.2          15.6 Vu~0QjD379
     K10J33L  C2010 12 23.55938 04 41 40.97 +42 32 14.7          15.7 Vu~0QjD379
     K10J33L  C2010 12 26.50223 04 51 15.41 +40 46 48.5          16.2 Vu~0Qny379
     K10J33L  C2010 12 26.50978 04 51 16.49 +40 46 35.0          16.7 Vu~0Qny379
     K10J33L  C2010 12 26.52442 04 51 18.60 +40 46 08.7          15.8 Vu~0Qny379
     K10J33L  C2010 12 26.53588 04 51 20.23 +40 45 47.1          16.1 Vu~0Qny379
     K10J33L  C2010 12 26.53743 04 51 20.47 +40 45 44.6          16.3 Vu~0Qny379
     K10J33L  C2010 12 27.38123 04 53 33.36 +40 20 27.3          15.7 Vu~0Qny379
     K10J33L  C2010 12 27.38310 04 53 33.65 +40 20 24.4          15.7 Vu~0Qny379
     K10J33L  C2010 12 27.38498 04 53 33.89 +40 20 21.3          15.6 Vu~0Qny379
     K10J33L  C2010 12 27.38910 04 53 34.51 +40 20 15.0          15.6 Vu~0Qny379
     K10J33L  C2010 12 27.39096 04 53 34.74 +40 20 11.9          15.7 Vu~0Qny379
     K10J33L  C2010 12 27.39282 04 53 34.98 +40 20 09.1          15.3 Vu~0Qny379
     K10J33L  C2010 12 27.39704 04 53 35.58 +40 20 02.3          15.7 Vu~0Qny379
     K10J33L  C2010 12 27.39889 04 53 35.84 +40 19 59.3          15.6 Vu~0Qny379
     K10J33L  C2010 12 27.40543 04 53 36.77 +40 19 48.4          15.8 Vu~0Qny379
     K10J33L  C2010 12 27.40917 04 53 37.23 +40 19 42.7          15.8 Vu~0Qny379
     K10J33L  C2010 12 27.44360 04 53 41.95 +40 18 46.8          15.9 Vu~0Qny379
     K10J33L  C2010 12 27.44549 04 53 42.18 +40 18 43.8          16.0 Vu~0Qny379
     K10J33L  C2010 12 27.44737 04 53 42.44 +40 18 41.1          16.0 Vu~0Qny379
     K10J33L  C2010 12 27.46310 04 53 44.55 +40 18 15.4          16.0 Vu~0Qny379
     K10J33L  C2010 12 27.46690 04 53 45.04 +40 18 08.9          16.3 Vu~0Qny379
     K10J33L KC2010 12 27.79520 04 54 32.61 +40 08 49.1          15.6 Ru~0Qny160
     K10J33L KC2010 12 27.79708 04 54 32.88 +40 08 46.1          15.7 Ru~0Qny160
     K10J33L KC2010 12 27.79880 04 54 33.14 +40 08 43.6          15.6 Ru~0Qny160
     K10J33L  C2010 12 27.86127 04 54 41.14 +40 07 02.3          16.1 Vc~0QnyA48
     K10J33L  C2010 12 27.86260 04 54 41.34 +40 07 00.4          16.2 Vc~0QnyA48
     K10J33L  C2010 12 27.86394 04 54 41.50 +40 06 58.3          16.3 Vc~0QnyA48
     K10J33L  C2010 12 27.86514 04 54 41.63 +40 06 56.0          16.2 Vc~0QnyA48
     K10J33L KC2010 12 28.01685 04 55 00.83 +40 02 45.0          15.9 Ru~0Qny160
     K10J33L KC2010 12 28.01937 04 55 01.16 +40 02 40.7          15.9 Ru~0Qny160
     K10J33L KC2010 12 28.02257 04 55 01.57 +40 02 35.3          15.8 Ru~0Qny160
     K10J33L  C2010 12 29.47877 04 58 14.24 +39 25 26.4          16.4 Vu~0Qny379
     K10J33L  C2010 12 29.48065 04 58 14.41 +39 25 23.9                u~0Qny379
     K10J33L  C2010 12 29.48846 04 58 15.24 +39 25 13.2                u~0Qny379
     K10J33L  C2010 12 29.50451 04 58 17.02 +39 24 50.7                u~0Qny379
     K10J33L  C2010 12 29.50854 04 58 17.40 +39 24 45.1                u~0Qny379
     K10J33L  C2010 12 29.51228 04 58 17.83 +39 24 39.4                u~0Qny379
     K10J33L  C2010 12 29.51619 04 58 18.24 +39 24 34.0                u~0Qny379
     K10J33L  C2010 12 29.51808 04 58 18.44 +39 24 31.2                u~0Qny379
     K10J33L  C2010 12 30.99868 05 01 07.40 +38 50 37.0          16.6 Vc~0QnyA48
     K10J33L  C2010 12 31.00003 05 01 07.50 +38 50 35.0          16.9 Vc~0QnyA48
     K10J33L  C2010 12 31.00137 05 01 07.65 +38 50 33.4          16.7 Vc~0QnyA48
     K10J33L  C2010 12 31.00285 05 01 07.81 +38 50 31.4          16.8 Vc~0QnyA48
     K10J33L  C2010 12 31.46975 05 01 59.86 +38 40 42.9          16.3 Rm~0Qth355
     K10J33L  C2010 12 31.47081 05 01 59.95 +38 40 42.1          16.2 Rm~0Qth355
     K10J33L  C2010 12 31.47188 05 02 00.06 +38 40 40.6          16.1 Rm~0Qth355
     K10J33L  C2010 12 31.47294 05 02 00.16 +38 40 39.1          16.4 Rm~0Qth355
     K10J33L  C2010 12 31.47402 05 02 00.26 +38 40 37.7          16.2 Rm~0Qth355
     K10J33L  C2010 12 31.47508 05 02 00.38 +38 40 36.5          16.2 Rm~0Qth355
     K10J33L  C2010 12 31.47615 05 02 00.46 +38 40 35.2          16.3 Rm~0Qth355
     K10J33L  C2010 12 31.57152 05 02 09.30 +38 38 37.8          16.4 Vu~0Qth379
     K10J33L  C2010 12 31.57338 05 02 09.43 +38 38 35.8          16.7 Vu~0Qth379
     K10J33L  C2010 12 31.58602 05 02 10.56 +38 38 20.0          16.5 Vu~0Qth379
     K10J33L  C2010 12 31.59788 05 02 11.67 +38 38 04.1          16.5 Vu~0Qth379
     K10J33L  C2010 12 31.60185 05 02 12.03 +38 37 59.3          16.7 Vu~0Qth379
     K10J33L  C2010 12 31.61175 05 02 12.91 +38 37 47.2          17.2 Vu~0Qth379
     K10J33L  C2010 12 31.61362 05 02 13.09 +38 37 44.6          17.5 Vu~0Qth379
     K10J33L KC2010 12 31.97537 05 02 50.43 +38 30 15.5          16.7 Ru~0Qth160
     K10J33L KC2010 12 31.97614 05 02 50.49 +38 30 14.4          16.6 Ru~0Qth160
     K10J33L KC2010 12 31.97691 05 02 50.55 +38 30 13.9          16.5 Ru~0Qth160
     K10J33L  C2011 01 01.02059 05 02 54.67 +38 29 18.0                v~0Qth204
     K10J33L  C2011 01 01.02218 05 02 54.82 +38 29 16.0                v~0Qth204
     K10J33L  C2011 01 01.02414 05 02 55.01 +38 29 13.5                v~0Qth204
     K10J33L  C2011 01 01.02609 05 02 55.20 +38 29 11.1                v~0Qth204
     K10J33L  C2011 01 01.02806 05 02 55.38 +38 29 08.6          16.3 Rv~0Qth204
     K10J33L  C2011 01 01.48181 05 03 42.90 +38 20 17.1          16.7 Vu~0Qth379
     K10J33L  C2011 01 01.48560 05 03 43.20 +38 20 13.2          17.0 Vu~0Qth379
     K10J33L  C2011 01 01.51125 05 03 45.40 +38 19 43.6          16.4 Vu~0Qth379
     K10J33L  C2011 01 01.51315 05 03 45.56 +38 19 41.4          16.4 Vu~0Qth379
     K10J33L  C2011 01 01.52811 05 03 46.84 +38 19 24.1          16.4 Vu~0Qth379
     K10J33L  C2011 01 01.52999 05 03 47.00 +38 19 21.9          16.6 Vu~0Qti379
     K10J33L  C2011 01 01.53581 05 03 47.51 +38 19 15.4          16.8 Vu~0Qti379
     K10J33L  C2011 01 01.53767 05 03 47.67 +38 19 13.4          16.9 Vu~0Qti379
     K10J33L  C2011 01 01.54534 05 03 48.31 +38 19 04.2          16.6 Vu~0Qti379
     K10J33L KC2011 01 01.85055 05 04 18.57 +38 13 06.2          16.4 Ru~0Qti160
     K10J33L KC2011 01 01.85212 05 04 18.70 +38 13 04.5          16.4 Ru~0Qti160
     K10J33L KC2011 01 01.85368 05 04 18.83 +38 13 02.7          16.5 Ru~0Qti160
     K10J33L KC2011 01 02.15353805 04 47.30 +38 07 25.0                o~0QtiH20
     K10J33L KC2011 01 02.15572605 04 47.44 +38 07 23.4          16.9 Vo~0QtiH20
     K10J33L KC2011 01 02.15775405 04 47.64 +38 07 20.8          17.1 Vo~0QtiH20
     K10J33L KC2011 01 02.15979105 04 47.80 +38 07 18.8          17.1 Vo~0QtiH20
     K10J33L  C2011 01 02.45951 05 05 16.81 +38 01 46.1          16.7 Vu~0Qti379
     K10J33L  C2011 01 02.46769 05 05 17.46 +38 01 37.7          16.3 Vu~0Qti379
     K10J33L  C2011 01 02.48392 05 05 18.80 +38 01 20.5          16.5 Vu~0Qti379
     K10J33L  C2011 01 02.48579 05 05 18.98 +38 01 18.2          16.5 Vu~0Qti379
     K10J33L  C2011 01 02.48765 05 05 19.11 +38 01 16.5          16.6 Vu~0Qti379
     K10J33L  C2011 01 02.49471 05 05 19.67 +38 01 08.6          16.6 Vu~0Qti379
     K10J33L  C2011 01 02.49657 05 05 19.82 +38 01 06.7          16.6 Vu~0Qti379
     K10J33L  C2011 01 02.50448 05 05 20.48 +38 00 58.6          16.6 Vu~0Qti379
     K10J33L  C2011 01 02.50635 05 05 20.63 +38 00 56.5          16.6 Vu~0Qti379
     K10J33L  C2011 01 02.50824 05 05 20.76 +38 00 54.5          16.6 Vu~0Qti379
     K10J33L KC2011 01 02.77070 05 05 45.99 +37 56 00.4          16.2 Ru~0QtiA06
     K10J33L  C2011 01 02.83171 05 05 51.03 +37 54 58.0          15.8 Ru~0QtiA06
     K10J33L  C2011 01 03.14412 05 06 19.42 +37 49 29.6          16.8  c~0Qti704
     K10J33L  C2011 01 03.17085 05 06 21.52 +37 49 02.7          17.0  c~0Qti704
     K10J33L  C2011 01 03.18417 05 06 22.54 +37 48 48.5          16.7  c~0Qti704
     K10J33L KC2011 01 03.19479805 06 22.78 +37 48 34.8          17.3 Vo~0QtiH20
     K10J33L KC2011 01 03.19683705 06 22.93 +37 48 32.7          17.1 Vo~0QtiH20
     K10J33L  C2011 01 03.19756 05 06 23.57 +37 48 34.2          17.1  c~0Qti704
     K10J33L KC2011 01 03.19879005 06 23.08 +37 48 30.6          17.3 Vo~0QtiH20
     K10J33L KC2011 01 03.20076405 06 23.24 +37 48 28.4          17.2 Vo~0QtiH20
     K10J33L  C2011 01 03.47682 05 06 48.93 +37 43 42.1          16.9 Vu~0Qti379
     K10J33L  C2011 01 03.47868 05 06 49.07 +37 43 40.1          16.9 Vu~0Qti379
     K10J33L  C2011 01 03.48057 05 06 49.15 +37 43 38.4          16.9 Vu~0Qti379
     K10J33L KC2011 01 03.73512 05 07 12.12 +37 39 06.1          17.4 Vo~0Qti151
     K10J33L KC2011 01 03.73612 05 07 12.22 +37 39 05.2          17.7 Vo~0Qti151
     K10J33L KC2011 01 03.73711 05 07 12.32 +37 39 04.3          17.7 Vo~0Qti151
     K10J33L KC2011 01 03.73810 05 07 12.38 +37 39 03.3          17.7 Vo~0Qti151
     K10J33L KC2011 01 03.73909 05 07 12.47 +37 39 02.2          17.6 Vo~0Qti151
     K10J33L KC2011 01 03.74008 05 07 12.55 +37 39 01.3          17.6 Vo~0Qti151
     K10J33L KC2011 01 03.74108 05 07 12.64 +37 39 00.5          17.6 Vo~0Qti151
     K10J33L KC2011 01 03.99027 05 07 32.06 +37 34 53.6          16.9 Ru~0Qti160
     K10J33L KC2011 01 03.99183 05 07 32.19 +37 34 51.9          16.8 Ru~0Qti160
     K10J33L KC2011 01 03.99339 05 07 32.32 +37 34 50.2          16.7 Ru~0Qti160
     K10J33L  C2011 01 04.20168 05 07 51.41 +37 31 29.5          16.5  c~0Qti704
     K10J33L  C2011 01 04.21500 05 07 52.40 +37 31 16.1          16.6  c~0Qti704
     K10J33L  C2011 01 04.22825 05 07 53.36 +37 31 03.3          16.8  c~0Qti704
     K10J33L  C2011 01 04.24183 05 07 54.42 +37 30 50.1          17.4  c~0Qti704
     K10J33L  C2011 01 04.47447 05 08 15.08 +37 26 59.2          17.2 Vu~0Qti379
     K10J33L  C2011 01 04.48240 05 08 15.63 +37 26 51.9          17.3 Vu~0Qti379
     K10J33L  C2011 01 04.48394 05 08 15.77 +37 26 50.7          17.2 Vu~0Qti379
     K10J33L  C2011 01 04.48549 05 08 15.87 +37 26 49.2          17.4 Vu~0Qti379
     K10J33L  C2011 01 04.49348 05 08 16.46 +37 26 41.7          17.0 Vu~0Qti379
     K10J33L  C2011 01 04.49705 05 08 16.72 +37 26 38.3          16.9 Vu~0Qti379
     K10J33L  C2011 01 04.49860 05 08 16.82 +37 26 36.9          17.1 Vu~0Qti379
     K10J33L  C2011 01 04.52731 05 08 18.93 +37 26 09.1          17.7 Vu~0Qti379
     K10J33L  C2011 01 05.20182 05 09 15.03 +37 15 25.4          16.9  c~0Qti704
     K10J33L  C2011 01 05.21497 05 09 15.94 +37 15 13.0          17.0  c~0Qti704
     K10J33L  C2011 01 05.22806 05 09 16.89 +37 15 00.9          17.1  c~0Qti704
     K10J33L  C2011 01 05.25466 05 09 18.78 +37 14 36.1          17.2  c~0Qti704
     K10J33L  C2011 01 06.46499 05 10 56.68 +36 56 19.9          17.6 Vu~0Qti379
     K10J33L  C2011 01 06.46653 05 10 56.76 +36 56 18.3                u~0Qti379
     K10J33L  C2011 01 06.47944 05 10 57.69 +36 56 07.5                u~0Qti379
     K10J33L  C2011 01 06.49411 05 10 58.65 +36 55 54.7                u~0Qti379
     K10J33L  C2011 01 06.50240 05 10 59.22 +36 55 47.9                u~0Qti379
     K10J33L KC2011 01 06.96016 05 11 34.43 +36 49 15.1          16.6 Ru~0QtiJ51
     K10J33L KC2011 01 06.96914 05 11 35.02 +36 49 07.6          16.6 Ru~0QtiJ51
     K10J33L KC2011 01 06.97812 05 11 35.61 +36 48 59.7          16.6 Ru~0QtiJ51
     K10J33L  C2011 01 07.41227 05 12 10.07 +36 42 47.5          18.1 Vu~0RWD379
     K10J33L  C2011 01 07.45005 05 12 12.59 +36 42 17.9                u~0RWD379
     K10J33L  C2011 01 08.06406 05 12 57.05 +36 33 55.9          16.6 Rw~0RWDJ24
     K10J33L  C2011 01 08.07646 05 12 57.88 +36 33 45.4          16.8 Rw~0RWDJ24
     K10J33L  C2011 01 08.07872 05 12 58.03 +36 33 43.4          16.9 Rw~0RWDJ24
     K10J33L  C2011 01 10.51630 05 15 55.72 +36 02 45.4          17.7 Vu~0RWD379
     K10J33L  C2011 01 10.52431 05 15 56.25 +36 02 39.0                u~0RWD379
     K10J33L KC2011 01 15.90417 05 22 02.03 +35 04 43.3          18.4 Ru~0Rt4160
     K10J33L KC2011 01 15.90624 05 22 02.18 +35 04 42.1          18.4 Ru~0Rt4160
     K10J33L KC2011 01 15.90807 05 22 02.29 +35 04 40.8          18.5 Ru~0Rt4160
     K10J33L KC2011 01 23.90458 05 30 47.11 +33 57 00.8          19.0 Ru~0Rt4160
     K10J33L KC2011 01 23.90728 05 30 47.28 +33 56 59.7          18.9 Ru~0Rt4160
     K10J33L KC2011 01 23.91000 05 30 47.48 +33 56 58.5          19.0 Ru~0Rt4160
     K10J33L KC2011 01 24.88426 05 31 51.67 +33 49 48.7          19.1 Ru~0Rt4560
     K10J33L KC2011 01 24.88642 05 31 51.81 +33 49 47.7          19.1 Ru~0Rt4560
     K10J33L KC2011 01 24.88920 05 31 51.99 +33 49 46.5          19.2 Ru~0Rt4560
     K10J33L KC2011 01 24.92591 05 31 54.22 +33 49 30.9          18.8 Ru~0Rt4160
     K10J33L KC2011 01 24.92796 05 31 54.34 +33 49 29.9          18.8 Ru~0Rt4160
     K10J33L KC2011 01 24.93000 05 31 54.46 +33 49 28.7          18.9 Ru~0Rt4160
     K10J33L HC2011 04 08.19138 07 08 54.50 +28 13 20.8                o~0UVN291
     K10J33L HC2011 04 08.19947 07 08 55.30 +28 13 16.9                o~0UVN291
     K10J33L ^C2012 03 14.38370 11 12 44.25 +12 01 40.0          23.4 Ro~0jJh695
     K10J33L ^C2012 03 14.38749 11 12 44.05 +12 01 41.0                o~0jJh695
     K10J33L ^C2012 03 14.39127 11 12 43.87 +12 01 42.4          23.6 Ro~0jJh695
     K10J33L KC2016 03 02.45149 10 38 55.94 +16 11 18.9                o~1n0l291
     K10J33L KC2016 03 02.49781 10 38 53.11 +16 11 32.9          22.2 Ro~1n0l291
