     K10V01B* C2010 11 02.27134 02 42 19.29 +05 55 26.9          21.5 Vr~0OSFG96
     K10V01B  C2010 11 02.27860 02 42 18.07 +05 55 20.9          22.2 Vr~0OSFG96
     K10V01B  C2010 11 02.28584 02 42 16.95 +05 55 15.6          22.5 Vr~0OSFG96
     K10V01B  C2010 11 02.29315 02 42 15.66 +05 55 09.4          22.8 Vr~0OSFG96
     K10V01B  C2010 11 02.39532 02 41 58.84 +05 53 46.8          21.9 Vr~0OSFG96
     K10V01B  C2010 11 02.39856 02 41 58.33 +05 53 44.5                r~0OSFG96
     K10V01B  C2010 11 02.40181 02 41 57.90 +05 53 41.7          22.3 Vr~0OSFG96
     K10V01B  C2010 11 02.40503 02 41 57.29 +05 53 39.6                r~0OSFG96
     K10V01B tC2010 11 03.34983 02 39 29.07 +05 41 08.6          21.9 Vo~0OSF291
     K10V01B tC2010 11 03.35358 02 39 28.51 +05 41 05.2          21.7 Vo~0OSF291
     K10V01B tC2010 11 03.35726 02 39 27.97 +05 41 03.4          21.9 Vo~0OSF291
     K10V01B  C2010 11 03.38244 02 39 23.63 +05 40 42.3          21.5 Ro~0OSFH01
     K10V01B  C2010 11 03.39001 02 39 22.37 +05 40 36.2          21.5 Ro~0OSFH01
     K10V01B  C2010 11 03.40218 02 39 20.36 +05 40 26.4          21.2 Ro~0OSFH01
     K10V01B HC2010 11 03.40487 02 39 19.94 +05 40 25.2                o~0OSF291
     K10V01B  C2010 11 03.40842 02 39 19.31 +05 40 21.4          22.2 Ro~0OSFH01
     K10V01B HC2010 11 03.40855 02 39 19.36 +05 40 22.2                o~0OSF291
     K10V01B  C2010 11 04.18165 02 37 17.89 +05 30 08.8          21.9 Ro~0OSFH01
     K10V01B  C2010 11 04.19342 02 37 15.91 +05 29 59.8          22.3 Ro~0OSFH01
     K10V01B  C2010 11 04.19716 02 37 15.29 +05 29 56.6          21.6 Ro~0OSFH01
     K10V01B  C2010 11 04.20617 02 37 13.77 +05 29 49.6          21.5 Ro~0OSFH01
     K10V01B HC2010 11 05.20550 02 34 32.80 +05 16 45.9                o~0OSF291
     K10V01B HC2010 11 05.20925 02 34 31.95 +05 16 40.4                o~0OSF291
     K10V01B HC2010 11 05.21295 02 34 31.28 +05 16 36.9                o~0OSF291
     K10V01B HC2010 11 05.26326 02 34 22.63 +05 15 57.1                o~0OSF291
     K10V01B HC2010 11 05.26701 02 34 22.05 +05 15 54.8                o~0OSF291
     K10V01B  C2010 11 05.27095 02 34 21.29 +05 15 51.8                o~0OSF291
     K10V01B  C2010 11 05.27613 02 34 20.44 +05 15 47.4                o~0OSF291
     K10V01B  C2010 11 05.27995 02 34 19.91 +05 15 45.4                o~0OSF291
     K10V01B HC2010 11 05.28444 02 34 18.99 +05 15 41.5                o~0OSF291
     K10V01B KC2010 11 06.23327002 31 43.97 +05 03 16.9          23.0 Vo~0OspH21
     K10V01B KC2010 11 06.25295902 31 40.56 +05 03 01.4          22.3 Vo~0OspH21
     K10V01B KC2010 11 06.27231902 31 37.25 +05 02 46.4          22.4 Vo~0OspH21
     K10V01B KC2010 11 08.25873402 26 09.01 +04 37 23.3          22.5 Vo~0OspH21
     K10V01B KC2010 11 08.27270502 26 06.56 +04 37 13.1          22.3 Vo~0OspH21
     K10V01B KC2010 11 08.28923002 26 03.71 +04 37 00.3          22.1 Vo~0OspH21
     K10V01B KC2010 11 09.23738802 23 26.28 +04 25 10.6          22.2 Vo~0PNyH21
     K10V01B KC2010 11 09.26557802 23 21.32 +04 24 49.8          22.4 Vo~0PNyH21
     K10V01B KC2010 11 10.25760102 20 35.96 +04 12 41.9          22.4 Vo~0OspH21
     K10V01B KC2010 11 10.27890102 20 32.23 +04 12 26.1          22.6 Vo~0OspH21
     K10V01B KC2010 11 10.30074702 20 28.42 +04 12 09.8                o~0OspH21
     K10V01B  C2010 11 10.35383 02 20 19.51 +04 11 34.3          21.4 Ro~0OspH01
     K10V01B  C2010 11 10.36483 02 20 17.62 +04 11 26.4          21.4 Ro~0OspH01
     K10V01B  C2010 11 10.37280 02 20 16.21 +04 11 20.2          20.8 Ro~0OspH01
     K10V01B  C2010 11 10.38174 02 20 14.68 +04 11 13.8          21.2 Ro~0OspH01
     K10V01B KC2010 11 11.22228802 17 55.40 +04 01 10.0          22.4 Vo~0OspH21
     K10V01B KC2010 11 11.23924402 17 52.44 +04 00 58.1          22.1 Vo~0OspH21
     K10V01B KC2010 11 11.25597402 17 49.53 +04 00 46.0          22.3 Vo~0OspH21
     K10V01B KC2010 11 12.19239802 15 14.37 +03 49 51.3          22.5 Vo~0PNyH21
     K10V01B KC2010 11 12.21085102 15 11.13 +03 49 38.8          22.5 Vo~0PNyH21
     K10V01B KC2010 11 12.23049002 15 07.68 +03 49 25.2          22.4 Vo~0PNyH21
     K10V01B HC2010 11 12.23354 02 15 07.75 +03 49 27.1                o~0Osp291
     K10V01B HC2010 11 12.23721 02 15 07.11 +03 49 23.0                o~0Osp291
     K10V01B HC2010 11 12.24125 02 15 06.47 +03 49 19.7                o~0Osq291
     K10V01B  C2010 11 13.33388 02 12 04.69 +03 36 59.8          22.2 Vo~0PNy291
     K10V01B HC2010 11 13.33778 02 12 04.07 +03 36 57.5                o~0PNy291
     K10V01B HC2010 11 13.34147 02 12 03.40 +03 36 54.2                o~0PNy291
     K10V01B HC2010 11 14.17382 02 09 48.11 +03 27 48.5                o~0PNy291
     K10V01B HC2010 11 14.17762 02 09 47.57 +03 27 46.3                o~0PNy291
     K10V01B HC2010 11 14.18137 02 09 46.88 +03 27 42.9                o~0PNy291
     K10V01B HC2010 11 14.18723 02 09 45.88 +03 27 40.2                o~0PNy291
     K10V01B HC2010 11 14.19101 02 09 45.17 +03 27 37.5                o~0PNy291
     K10V01B  C2010 11 14.19471 02 09 44.54 +03 27 35.2          22.2 Vo~0PNy291
     K10V01B  C2010 12 06.23352 01 22 56.41 +01 31 37.9          21.9 Vo~0Pod291
     K10V01B HC2010 12 06.24058 01 22 55.76 +01 31 39.0                o~0Pod291
     K10V01B HC2010 12 06.24747 01 22 55.18 +01 31 36.8                o~0Pod291
     K10V01B  C2011 07 27.47169 21 57 53.212-17 28 23.78         21.8 wL~0X6vF51
     K10V01B  C2011 07 27.48640 21 57 50.480-17 28 43.74         21.7 wL~0X6vF51
     K10V01B  C2011 07 27.51578 21 57 45.021-17 29 23.62         21.8 wL~0X6vF51
