     K10G06A* C2010 04 05.16553 10 00 54.25 -16 24 38.5          18.8 Vr~0Fpg703
     K10G06A  C2010 04 05.17125 10 00 52.99 -16 24 08.8          19.2 Vr~0Fpg703
     K10G06A  C2010 04 05.17698 10 00 51.94 -16 23 38.9          19.5 Vr~0Fpg703
     K10G06A  C2010 04 05.18275 10 00 50.76 -16 23 08.3          19.6 Vr~0Fpg703
     K10G06A  C2010 04 05.24175 10 00 38.80 -16 17 39.4          18.8 Vr~0Fpg703
     K10G06A  C2010 04 05.24255 10 00 38.70 -16 17 35.5          18.6 Vr~0Fpg703
     K10G06A  C2010 04 05.24333 10 00 38.59 -16 17 30.0          19.1 Vr~0Fpg703
     K10G06A  C2010 04 05.24413 10 00 38.44 -16 17 25.0          19.5 Vr~0Fpg703
     K10G06A  C2010 04 05.27848 10 00 31.66 -16 13 59.2          20.3 Rc~0Fpg651
     K10G06A  C2010 04 05.28175 10 00 31.06 -16 13 40.9          20.5 Rc~0Fpg651
     K10G06A  C2010 04 05.30206 10 00 27.34 -16 11 36.6          18.8 Rc~0Fpg926
     K10G06A  C2010 04 05.30383 10 00 27.01 -16 11 25.2          19.8 Rc~0Fpg926
     K10G06A  C2010 04 05.30560 10 00 26.71 -16 11 15.0          19.2 Rc~0Fpg926
     K10G06A  C2010 04 06.13623 09 59 10.27 -14 29 44.8          19.5 Vo~0FpgH21
     K10G06A  C2010 04 06.14143 09 59 08.84 -14 28 55.8          19.4 Vo~0FpgH21
     K10G06A  C2010 04 06.14788 09 59 07.04 -14 27 54.3          19.6 Vo~0FpgH21
     K10G06A  C2010 04 06.24179 09 58 48.99 -14 11 46.1          19.1 Rc~0Fpg926
     K10G06A  C2010 04 06.24345 09 58 48.49 -14 11 29.0          19.2 Rc~0Fpg926
     K10G06A  C2010 04 06.24509 09 58 48.01 -14 11 12.2          19.1 Rc~0Fpg926
     K10G06A tC2010 04 07.14919 09 56 07.19 -10 28 25.5                o~0Fpg291
     K10G06A tC2010 04 07.15295 09 56 05.30 -10 27 06.6                o~0Fpg291
     K10G06A tC2010 04 07.15719 09 56 03.09 -10 25 34.3                o~0Fpg291
     K10G06A KC2010 04 07.79902 09 51 49.50 -04 49 21.1          17.2 Cu~0FpgA81
     K10G06A KC2010 04 07.80341 09 51 45.77 -04 45 58.2          17.6 Cu~0FpgA81
     K10G06A  C2010 04 07.80576 09 51 41.57 -04 45 24.8                o~0Fpg046
     K10G06A  C2010 04 07.80638 09 51 41.01 -04 44 56.6                o~0Fpg046
     K10G06A  C2010 04 07.80681 09 51 40.61 -04 44 37.7                o~0Fpg046
     K10G06A  C2010 04 07.80725 09 51 40.27 -04 44 16.0                o~0Fpg046
     K10G06A KC2010 04 07.80814 09 51 41.65 -04 42 19.0          17.3 Cu~0FpgA81
     K10G06A  C2010 04 07.81355 09 51 34.92 -04 39 21.4                o~0Fpg046
     K10G06A  C2010 04 07.81403 09 51 34.49 -04 38 58.4                o~0Fpg046
     K10G06A  C2010 04 07.81451 09 51 34.16 -04 38 35.4                o~0Fpg046
     K10G06A  C2010 04 07.81590 09 51 32.93 -04 37 32.5                o~0Fpg046
     K10G06A KC2010 04 07.86237 09 51 07.66 -03 58 37.7          17.0  w~0FpgJ01
     K10G06A KC2010 04 07.86517 09 51 05.08 -03 56 16.5          16.8  w~0FpgJ01
     K10G06A KC2010 04 07.86818 09 51 02.26 -03 53 43.9          17.0  w~0FpgJ01
     K10G06A KC2010 04 07.87747 09 50 53.48 -03 45 49.0          16.9 Cw~0FpgJ01
     K10G06A KC2010 04 07.87930 09 50 51.71 -03 44 14.6          16.8 Cw~0FpgJ01
     K10G06A KC2010 04 07.88111 09 50 50.00 -03 42 40.5          16.9 Cw~0FpgJ01
     K10G06A KC2010 04 07.92569009 50 05.26 -03 04 37.2                u~0FpgJ95
     K10G06A KC2010 04 07.92710509 50 03.92 -03 03 19.3                u~0FpgJ95
     K10G06A KC2010 04 07.92848509 50 02.60 -03 02 02.6          17.5 Ru~0FpgJ95
     K10G06A  C2010 04 08.13384 09 47 46.04 +00 48 13.5          15.8 Rc~0Fpg854
     K10G06A  C2010 04 08.13411 09 47 45.64 +00 48 33.8          15.7 Rc~0Fpg854
     K10G06A  C2010 04 08.13440 09 47 45.27 +00 48 56.3          16.0 Rc~0Fpg854
     K10G06A  C2010 04 08.13468 09 47 44.90 +00 49 18.1          15.8 Rc~0Fpg854
     K10G06A  C2010 04 08.13496 09 47 44.57 +00 49 39.1          15.8 Rc~0Fpg854
     K10G06A  C2010 04 08.13522 09 47 44.12 +00 50 01.6          16.2 Rc~0Fpg854
     K10G06A  C2010 04 08.14633 09 47 28.82 +01 04 53.7          16.5 Rc~0Fpg926
     K10G06A  C2010 04 08.14727 09 47 27.45 +01 06 09.6          16.5 Rc~0Fpg926
     K10G06A  C2010 04 08.14823 09 47 26.09 +01 07 26.4          16.7 Rc~0Fpg926
     K10G06A  C2010 04 08.14919 09 47 24.71 +01 08 43.2          16.6 Rc~0Fpg926
     K10G06A  C2010 04 08.15014 09 47 23.36 +01 09 59.7          16.4 Rc~0Fpg926
     K10G06A  C2010 04 08.15109 09 47 21.98 +01 11 16.8          16.5 Rc~0Fpg926
     K10G06A  C2010 04 08.20294 09 45 43.85 +02 23 07.1          17.3 Ru~0FpgH45
     K10G06A  C2010 04 08.20370 09 45 42.64 +02 24 14.8          17.0 Ru~0FpgH45
     K10G06A  C2010 04 08.20407 09 45 42.08 +02 24 47.7          17.0 Ru~0FpgH45
     K10G06A tC2010 04 08.20471 09 46 02.07 +02 26 50.9          17.1 Vo~0Fpg291
     K10G06A  C2010 04 08.20479 09 45 40.98 +02 25 50.5          17.2 Ru~0FpgH45
     K10G06A  C2010 04 08.20531 09 45 40.21 +02 26 35.5          17.2 Ru~0FpgH45
     K10G06A  C2010 04 08.20598 09 45 39.16 +02 27 35.8          17.1 Ru~0FpgH45
     K10G06A  C2010 04 08.20689 09 45 37.78 +02 28 56.1          17.2 Ru~0FpgH45
     K10G06A  C2010 04 08.20755 09 45 36.80 +02 29 54.2          16.8 Ru~0FpgH45
     K10G06A  C2010 04 08.20821 09 45 35.78 +02 30 53.9          16.8 Ru~0FpgH45
     K10G06A tC2010 04 08.20839 09 45 56.30 +02 32 19.0          17.2 Vo~0Fpg291
     K10G06A  C2010 04 08.20918 09 45 34.35 +02 32 20.0          17.0 Ru~0FpgH45
     K10G06A tC2010 04 08.21204 09 45 50.51 +02 37 46.3          17.1 Vo~0Fpg291
     K10G06A 5C2010 04 08.28026 09 44 05.24 +04 26 15.4          16.5 Ro~0Fpg673
     K10G06A 5C2010 04 08.30317 09 43 25.05 +05 06 16.9                o~0Fpg673
     K10G06A |C2010 04 08.31454 09 42 53.40 +05 26 53.1          16.7 Cc~0FpgH06
     K10G06A |C2010 04 08.31622 09 42 50.53 +05 29 55.6          16.9 Cc~0FpgH06
     K10G06A |C2010 04 08.31734 09 42 48.64 +05 31 58.1          16.7 Cc~0FpgH06
     K10G06A |C2010 04 08.31928 09 42 45.29 +05 35 33.2          16.7 Cc~0FpgH06
     K10G06A  C2010 04 08.51584 09 38 20.01 +13 08 20.5                r~0FpgD29
     K10G06A  C2010 04 08.51654 09 38 17.98 +13 10 16.4                r~0FpgD29
     K10G06A  C2010 04 08.53945 09 37 10.21 +14 17 05.1                r~0FpgD29
     K10G06A  C2010 04 08.54014 09 37 07.95 +14 19 10.1                r~0FpgD29
     K10G06A  C2010 04 08.56156 09 36 00.81 +15 24 49.4                r~0FpgD29
     K10G06A  C2010 04 08.56226 09 35 58.35 +15 27 04.1                r~0FpgD29
     K10G06A  C2010 04 08.58191 09 34 53.33 +16 30 12.9                r~0FpgD29
     K10G06A  C2010 04 08.58260 09 34 50.78 +16 32 33.6                r~0FpgD29
     K10G06A  C2010 04 08.60385 09 33 36.82 +17 44 11.5                r~0FpgD29
     K10G06A  C2010 04 08.60454 09 33 34.09 +17 46 37.7                r~0FpgD29
     K10G06A KC2010 04 08.78701609 22 47.44 +30 55 22.6          15.8 Vv~0FpgB03
     K10G06A KC2010 04 08.78858809 22 37.69 +31 03 49.7          15.2 Vv~0FpgB03
     K10G06A tC2010 04 08.80316 09 21 07.86 +32 23 18.2                o~0Fpg046
     K10G06A KC2010 04 08.80478409 20 52.39 +32 32 42.5          15.5 Vv~0FpgB03
     K10G06A KC2010 04 08.80591109 20 44.85 +32 38 58.9          15.7 Vv~0FpgB03
     K10G06A KC2010 04 08.80716309 20 36.34 +32 46 00.8          16.0 Vv~0FpgB03
     K10G06A tC2010 04 08.81006 09 20 21.16 +33 01 55.7                o~0Fpg046
     K10G06A KC2010 04 08.82186 09 19 36.24 +34 16 08.6          16.7 Vu~0Fpg941
     K10G06A KC2010 04 08.82228 09 19 33.19 +34 18 34.6          15.7 Vu~0Fpg941
     K10G06A KC2010 04 08.82261 09 19 30.79 +34 20 29.0          16.3 Vu~0Fpg941
     K10G06A KC2010 04 08.82278 09 19 29.56 +34 21 27.1          16.0 Vu~0Fpg941
     K10G06A KC2010 04 08.83987 09 16 49.19 +35 58 15.4          15.4 Vc~0FpgA48
     K10G06A KC2010 04 08.84002 09 16 48.00 +35 59 09.4          15.4 Vc~0FpgA48
     K10G06A KC2010 04 08.84003609 17 20.23 +35 54 59.9                u~0FpgJ95
     K10G06A KC2010 04 08.84017 09 16 46.83 +36 00 02.9          15.3 Vc~0FpgA48
     K10G06A KC2010 04 08.84032 09 16 45.66 +36 00 56.6          15.4 Vc~0FpgA48
     K10G06A KC2010 04 08.84047 09 16 44.42 +36 01 51.1          15.4 Vc~0FpgA48
     K10G06A KC2010 04 08.84261909 17 00.19 +36 10 35.9                u~0FpgJ95
     K10G06A KC2010 04 08.84431509 16 46.89 +36 20 53.4          15.9 Ru~0FpgJ95
     K10G06A KC2010 04 08.87667 09 12 00.17 +39 52 41.0          16.7 Vu~0Fpg941
     K10G06A KC2010 04 08.87694 09 11 57.61 +39 54 25.2          15.7 Vu~0Fpg941
     K10G06A KC2010 04 08.87722 09 11 54.95 +39 56 11.2          16.2 Vu~0Fpg941
     K10G06A KC2010 04 08.90225 09 07 25.230+42 34 27.25               w~0GE2204
     K10G06A KC2010 04 08.90248 09 07 22.805+42 35 57.92               w~0GE2204
     K10G06A KC2010 04 08.90268 09 07 20.629+42 37 19.03         15.0 Cw~0GE2204
     K10G06A KC2010 04 08.91206909 05 26.66 +43 36 55.4          15.5 Vv~0FpgB03
     K10G06A KC2010 04 08.91319509 05 14.29 +43 44 33.0          15.4 Vv~0FpgB03
     K10G06A KC2010 04 08.91444609 05 00.40 +43 53 01.6          15.1 Vv~0FpgB03
     K10G06A KC2010 04 09.05438108 25 17.71 +60 55 58.2                u~0FpgJ95
     K10G06A KC2010 04 09.05480108 25 06.39 +60 59 06.2                u~0FpgJ95
     K10G06A KC2010 04 09.05518908 24 55.92 +61 01 59.1          16.0 Ru~0FpgJ95
     K10G06A  C2010 04 09.08270 08 14 14.08 +65 09 05.2          17.3 Vo~0FpgH21
     K10G06A  C2010 04 09.08315 08 13 57.65 +65 12 23.4          17.6 Vo~0FpgH21
     K10G06A  C2010 04 09.08336 08 13 49.70 +65 14 01.8          17.7 Vo~0FpgH21
     K10G06A  C2010 04 09.08377 08 13 34.43 +65 17 07.0          17.8 Vo~0FpgH21
     K10G06A  C2010 04 09.08399 08 13 26.24 +65 18 44.6          17.5 Vo~0FpgH21
     K10G06A  C2010 04 09.08432 08 13 14.01 +65 21 12.2          17.4 Vo~0FpgH21
     K10G06A  C2010 04 09.08679 08 11 40.77 +65 39 40.0          17.5 Vo~0FpgH21
     K10G06A  C2010 04 09.08747 08 11 14.68 +65 44 42.7          17.4 Vo~0FpgH21
     K10G06A  C2010 04 09.08853 08 10 33.77 +65 52 35.5          17.5 Vo~0FpgH21
     K10G06A  C2010 04 09.08874 08 10 25.59 +65 54 09.9          17.5 Vo~0FpgH21
     K10G06A  C2010 04 09.08920 08 10 07.81 +65 57 34.8          17.6 Vo~0FpgH21
     K10G06A  C2010 04 09.15424 07 12 27.51 +73 36 57.8          16.3 Rc~0Fpg926
     K10G06A  C2010 04 09.15567 07 10 35.87 +73 45 36.4          16.6 Rc~0Fpg926
     K10G06A  C2010 04 09.15639 07 09 38.56 +73 49 58.1          16.4 Rc~0Fpg926
     K10G06A  C2010 04 09.15711 07 08 41.29 +73 54 16.2          16.7 Rc~0Fpg926
     K10G06A  C2010 04 09.15855 07 06 45.42 +74 02 48.6          16.5 Rc~0Fpg926
     K10G06A  C2010 04 09.15927 07 05 46.50 +74 07 04.8          16.5 Rc~0Fph926
     K10G06A  C2010 04 09.16000 07 04 46.91 +74 11 20.1          16.6 Rc~0Fph926
