     K10D00J* C2010 02 16.28522 09 12 31.89 +18 03 35.0          21.8 Vr~0E1eG96
     K10D00J  C2010 02 16.29200 09 12 32.00 +18 03 31.0          22.0 Vr~0E1eG96
     K10D00J  C2010 02 16.29879 09 12 32.11 +18 03 28.0          21.0 Vr~0E1eG96
     K10D00J  C2010 02 16.30556 09 12 32.25 +18 03 24.4          21.5 Vr~0E1eG96
     K10D00J  C2010 02 16.35073 09 12 33.19 +18 02 59.4          21.7 Vr~0E1eG96
     K10D00J  C2010 02 16.35237 09 12 33.26 +18 02 58.1          22.2 Vr~0E1eG96
     K10D00J  C2010 02 16.35403 09 12 33.30 +18 02 56.9          22.1 Vr~0E1eG96
     K10D00J  C2010 02 16.35566 09 12 33.30 +18 02 56.2          21.8 Vr~0E1eG96
     K10D00J  C2010 02 16.35729 09 12 33.33 +18 02 55.4          21.9 Vr~0E1eG96
     K10D00J  C2010 02 17.37743 09 13 33.42 +17 54 04.6          22.6 Vr~0E1eG96
     K10D00J  C2010 02 17.38193 09 13 33.60 +17 54 01.9          22.3 Vr~0E1eG96
     K10D00J  C2010 02 17.38652 09 13 33.67 +17 53 59.4          22.0 Vr~0E1eG96
     K10D00J  C2010 02 17.39107 09 13 33.81 +17 53 56.7          22.3 Vr~0E1eG96
     K10D00J  C2010 02 18.25748 09 14 30.73 +17 46 34.0          22.2 Vo~0E1e291
     K10D00J  C2010 02 18.26139 09 14 30.80 +17 46 31.6          21.9 Vo~0E1e291
     K10D00J  C2010 02 18.26857 09 14 30.96 +17 46 28.3          21.9 Vo~0E1e291
