     K10V39X* C2010 11 05.43330 09 06 56.61 +11 46 32.3          20.1  c~0OtL704
     K10V39X  C2010 11 05.44584 09 07 00.78 +11 46 37.0          19.5  c~0OtL704
     K10V39X  C2010 11 05.45840 09 07 04.89 +11 46 40.8          19.6  c~0OtL704
     K10V39X  C2010 11 05.47096 09 07 09.04 +11 46 45.0          19.5  c~0OtL704
     K10V39X KC2010 11 06.43913 09 12 32.30 +11 52 08.2          19.3 Ru~0OtLH36
     K10V39X KC2010 11 06.44360 09 12 33.80 +11 52 09.5          19.1 Ru~0OtLH36
     K10V39X KC2010 11 06.44808 09 12 35.24 +11 52 10.6          19.2 Ru~0OtLH36
     K10V39X  C2010 11 06.48169 09 12 46.47 +11 52 23.6          19.5 Ro~0OtLH01
     K10V39X  C2010 11 06.48801 09 12 48.52 +11 52 25.8          19.2 Ro~0OtLH01
     K10V39X  C2010 11 06.49581 09 12 51.08 +11 52 28.4          19.7 Ro~0OtLH01
     K10V39X  C2010 11 06.50242 09 12 53.25 +11 52 30.6          19.2 Ro~0OtLH01
     K10V39X KC2010 11 07.36674409 17 41.67 +11 57 04.2          20.3 Vo~0OtLH21
     K10V39X KC2010 11 07.37171009 17 43.31 +11 57 06.0          20.3 Vo~0OtLH21
     K10V39X KC2010 11 07.37638509 17 44.84 +11 57 07.3          20.1 Vo~0OtLH21
     K10V39X KC2010 11 07.38088509 17 46.31 +11 57 09.1          20.4 Vo~0OtLH21
     K10V39X  C2010 11 07.42360 09 18 00.65 +11 57 23.8          19.9 Ro~0OtLH01
     K10V39X  C2010 11 07.43101 09 18 03.07 +11 57 26.3          20.2 Ro~0OtLH01
     K10V39X  C2010 11 07.47864 09 18 18.67 +11 57 41.7          19.9 Ro~0OtLH01
     K10V39X  C2010 11 07.48781 09 18 21.67 +11 57 44.6          20.1 Ro~0OtLH01
     K10V39X KC2010 11 08.41553009 23 30.08 +12 02 24.8                o~0OtLH21
     K10V39X KC2010 11 08.41926609 23 31.29 +12 02 25.7          20.4 Vo~0OtLH21
     K10V39X KC2010 11 08.42298309 23 32.48 +12 02 26.9          21.1 Vo~0OtLH21
     K10V39X KC2010 11 08.42626309 23 33.60 +12 02 27.6          21.1 Vo~0OtLH21
     K10V39X  C2010 11 08.50757 09 24 00.42 +12 02 53.7          20.4 Ro~0OtLH01
     K10V39X HC2010 11 08.51397 09 24 02.70 +12 02 55.5                o~0OtL691
     K10V39X  C2010 11 08.51456 09 24 02.70 +12 02 55.6          20.4 Ro~0OtLH01
     K10V39X HC2010 11 08.51669 09 24 03.62 +12 02 56.9                o~0OtL691
     K10V39X HC2010 11 08.52045 09 24 04.75 +12 02 58.1                o~0OtL691
     K10V39X  C2010 11 08.52167 09 24 05.02 +12 02 57.8          20.6 Ro~0OtLH01
     K10V39X  C2010 11 08.52731 09 24 06.86 +12 02 59.7          20.1 Ro~0OtLH01
     K10V39X KC2010 11 09.41096709 28 59.98 +12 07 11.6          21.0 Vo~0POBH21
     K10V39X KC2010 11 09.41767209 29 02.17 +12 07 13.2          20.6 Vo~0POBH21
     K10V39X KC2010 11 09.42399809 29 04.21 +12 07 15.3          21.0 Vo~0POBH21
     K10V39X  C2010 11 10.48132 09 34 53.25 +12 12 03.9          20.0 Ro~0OtLH01
     K10V39X  C2010 11 10.49063 09 34 56.27 +12 12 06.4          19.7 Ro~0OtLH01
     K10V39X  C2010 11 10.50014 09 34 59.34 +12 12 08.9          19.6 Ro~0OtLH01
     K10V39X  C2010 11 10.51559 09 35 04.32 +12 12 13.2          19.4 Ro~0OtLH01
     K10V39X  C2010 11 13.47679 09 51 13.28 +12 23 56.3          19.8 Vr~0POBG96
     K10V39X  C2010 11 13.48306 09 51 15.26 +12 23 57.8          19.9 Vr~0POBG96
     K10V39X  C2010 11 13.48947 09 51 17.31 +12 23 59.4          19.9 Vr~0POBG96
     K10V39X  C2010 11 13.49583 09 51 19.29 +12 24 00.8          19.9 Vr~0POBG96
     K10V39X  C2010 11 18.47111 10 17 48.80 +12 38 11.2          20.7 Vo~0POB291
     K10V39X  C2010 11 18.47500 10 17 50.16 +12 38 12.0          20.9 Vo~0POB291
     K10V39X  C2010 11 18.47881 10 17 51.34 +12 38 12.5          20.6 Vo~0POB291
     K10V39X tC2010 11 29.48887 11 12 36.56 +12 47 05.0          19.9 Vo~0Poo291
     K10V39X tC2010 11 29.49370 11 12 37.84 +12 47 05.2          20.1 Vo~0Poo291
     K10V39X tC2010 11 29.49744 11 12 38.95 +12 47 04.6          20.1 Vo~0Poo291
     K10V39X  C2010 12 07.53580 11 48 28.73 +12 39 18.6                o~0Poo291
     K10V39X  C2010 12 07.53962 11 48 29.76 +12 39 18.3                o~0Poo291
     K10V39X  C2010 12 07.54341 11 48 30.68 +12 39 18.1                o~0Poo291
     K10V39X HC2010 12 15.41774 12 19 56.78 +12 25 55.6                o~0Poo691
     K10V39X HC2010 12 15.42093 12 19 57.60 +12 25 55.7                o~0Poo691
     K10V39X HC2010 12 15.42432 12 19 58.29 +12 25 54.9                o~0Poo691
     K10V39X  C2010 12 25.43310 12 54 46.28 +12 08 16.9          20.0 Vo~0Qo2291
     K10V39X  C2010 12 25.43694 12 54 47.01 +12 08 16.6          20.2 Vo~0Qo2291
     K10V39X  C2010 12 25.44078 12 54 47.74 +12 08 16.3          20.1 Vo~0Qo2291
     K10V39X KC2011 01 02.48164213 18 44.63 +11 59 22.5          20.1 Vo~0QtoH21
     K10V39X KC2011 01 02.48989513 18 45.94 +11 59 22.1          19.6 Vo~0QtoH21
     K10V39X KC2011 01 02.49794513 18 47.21 +11 59 22.2          20.3 Vo~0QtoH21
     K10V39X KC2011 01 21.45120914 01 25.28 +12 18 32.1          20.2 Vo~0RtIH21
     K10V39X KC2011 01 21.46116014 01 26.27 +12 18 33.4          20.1 Vo~0RtIH21
     K10V39X KC2011 01 21.47215914 01 27.38 +12 18 35.5          20.4 Vo~0RtIH21
     K10V39X KC2011 02 28.16889 14 23 39.94 +16 21 10.9                u~0TAV118
     K10V39X KC2011 02 28.17532 14 23 39.64 +16 21 14.5                u~0TAV118
     K10V39X KC2011 03 01.45284914 22 46.51 +16 32 05.1          20.6 Vo~0TAVH21
     K10V39X KC2011 03 01.45914814 22 46.20 +16 32 08.4          20.6 Vo~0TAVH21
     K10V39X KC2011 03 01.46544414 22 45.89 +16 32 11.5          20.5 Vo~0TAVH21
     K10V39X KC2011 03 01.47174414 22 45.59 +16 32 14.6          20.4 Vo~0TAVH21
     K10V39X  C2011 03 02.11127 14 22 17.10 +16 37 37.6          19.3 Vr~0TAVJ75
     K10V39X  C2011 03 02.12247 14 22 16.53 +16 37 44.2          19.6 Vr~0TAVJ75
     K10V39X  C2011 03 02.13373 14 22 15.93 +16 37 49.3          19.6 Vr~0TAVJ75
     K10V39X  C2011 03 15.41826 14 06 28.58 +18 14 13.3          19.6 Vr~0TsHG96
     K10V39X  C2011 03 15.42229 14 06 28.18 +18 14 14.8          19.7 Vr~0TsHG96
     K10V39X  C2011 03 15.42637 14 06 27.79 +18 14 16.1          19.8 Vr~0TsHG96
     K10V39X  C2011 03 15.43045 14 06 27.39 +18 14 17.5          19.8 Vr~0TsHG96
     K10V39X KC2011 03 28.83492 13 42 55.23 +18 50 50.5          20.4 Ru~0U5gB67
     K10V39X KC2011 03 28.84623 13 42 53.93 +18 50 50.5          20.1 Ru~0U5gB67
     K10V39X KC2011 03 28.85701 13 42 52.70 +18 50 51.5          20.5 Ru~0U5gB67
     K10V39X .C2016 03 11.24611 16 16 19.41 -09 54 58.9          21.3 Rt~1oYg950
     K10V39X .C2016 03 11.24663 16 16 19.43 -09 54 59.1          21.3 Rt~1oYg950
     K10V39X .C2016 03 11.24714 16 16 19.44 -09 54 59.0          21.4 Rt~1oYg950
     K10V39X .C2016 03 11.24868 16 16 19.46 -09 54 58.9          21.6 Rt~1oYg950
     K10V39X .C2016 03 11.25021 16 16 19.51 -09 54 59.0          21.3 Rt~1oYg950
     K10V39X .C2016 03 11.25073 16 16 19.50 -09 54 58.9          21.6 Rt~1oYg950
     K10V39X  C2016 04 14.54009 16 03 34.291-09 19 24.19         21.7 wL~1qmVF51
     K10V39X  C2016 04 14.55199 16 03 33.482-09 19 22.93         21.6 wL~1qmVF51
     K10V39X  C2016 04 14.56388 16 03 32.661-09 19 21.80         21.5 wL~1qmVF51
     K10V39X  C2016 04 14.57575 16 03 31.833-09 19 20.96         21.6 wL~1qmVF51
     K10V39X  C2016 04 16.54662 16 01 17.799-09 16 32.76         21.5 wLEH015F51
     K10V39X  C2016 04 16.55634 16 01 17.081-09 16 31.58         21.5 wLEH015F51
     K10V39X  C2016 04 16.56609 16 01 16.382-09 16 30.82         21.8 wLEH015F51
