     K10S00D  C2010 09 03.28889 23 08 43.83 -02 46 07.5          21.3 Vr~0NJyG96
     K10S00D  C2010 09 03.29540 23 08 43.18 -02 45 56.1          21.1 Vr~0NJyG96
     K10S00D  C2010 09 03.30191 23 08 42.61 -02 45 44.8          21.2 Vr~0NJyG96
     K10S00D  C2010 09 03.30841 23 08 41.96 -02 45 33.5          21.3 Vr~0NJyG96
     K10S00D  C2010 09 04.29954 23 07 27.87 -02 14 59.2          21.1 Vr~0NJyG96
     K10S00D  C2010 09 04.30537 23 07 27.26 -02 14 48.1          21.3 Vr~0NJyG96
     K10S00D  C2010 09 04.31125 23 07 26.65 -02 14 36.2          21.1 Vr~0NJyG96
     K10S00D  C2010 09 04.31706 23 07 26.07 -02 14 25.2          20.8 Vr~0NJyG96
     K10S00D  C2010 09 04.41971 23 07 15.38 -02 11 04.5          21.2 Vr~0NJyG96
     K10S00D  C2010 09 04.42029 23 07 15.31 -02 11 03.3          21.3 Vr~0NJyG96
     K10S00D  C2010 09 04.42087 23 07 15.24 -02 11 01.9          20.9 Vr~0NJyG96
     K10S00D  C2010 09 04.42145 23 07 15.20 -02 11 00.9          21.3 Vr~0NJyG96
     K10S00D* C2010 09 16.38875 22 27 40.17 +13 10 24.3          19.3 Vr~0MyHG96
     K10S00D  C2010 09 16.39126 22 27 38.91 +13 10 50.2          19.5 Vr~0MyHG96
     K10S00D  C2010 09 16.39374 22 27 37.65 +13 11 15.8          19.4 Vr~0MyHG96
     K10S00D  C2010 09 16.39623 22 27 36.39 +13 11 41.4          19.4 Vr~0MyHG96
     K10S00D KC2010 09 16.88985 22 23 44.37 +14 41 19.1                u~0MyHJ95
     K10S00D KC2010 09 16.89205 22 23 43.16 +14 41 44.2                u~0MyHJ95
     K10S00D KC2010 09 16.89646 22 23 40.61 +14 42 35.7          19.4 Ru~0MyHJ95
     K10S00D  C2010 09 17.14812422 21 25.57 +15 32 50.3          19.2 Vo~0MyHH21
     K10S00D  C2010 09 17.15848122 21 19.21 +15 34 57.3          19.5 Vo~0MyHH21
     K10S00D  C2010 09 17.16669922 21 14.15 +15 36 37.5          19.6 Vo~0MyHH21
     K10S00D  C2010 09 17.21946 22 20 45.49 +15 47 44.3          19.4 Vr~0MyH703
     K10S00D  C2010 09 17.22610 22 20 41.24 +15 49 07.6          18.8 Vr~0MyH703
     K10S00D  C2010 09 17.23282 22 20 37.03 +15 50 31.4          19.3 Vr~0MyH703
     K10S00D  C2010 09 17.23955 22 20 32.67 +15 51 54.9          19.4 Vr~0MyH703
     K10S00D  C2010 09 17.29231 22 19 58.49 +16 02 44.6          19.1  c~0MyH704
     K10S00D  C2010 09 17.30455 22 19 50.60 +16 05 16.6          19.7  c~0MyH704
     K10S00D  C2010 09 17.31681 22 19 42.87 +16 07 48.8          19.6  c~0MyH704
     K10S00D  C2010 09 17.32906 22 19 34.99 +16 10 21.8          19.1  c~0MyH704
     K10S00D  C2010 09 17.34133 22 19 27.18 +16 12 55.0          19.3  c~0MyH704
     K10S00D KC2010 09 18.05950 22 12 05.89 +18 55 35.9          19.5 Vo~0MyHH21
     K10S00D KC2010 09 18.06230 22 12 03.80 +18 56 17.7          19.6 Vo~0MyHH21
     K10S00D KC2010 09 18.06509 22 12 01.71 +18 56 59.3          19.8 Vo~0MyHH21
     K10S00D KC2010 09 18.06656 22 12 00.61 +18 57 21.0          19.8 Vo~0MyHH21
     K10S00D tC2010 09 18.13543 22 11 12.72 +19 14 46.4          19.4 Vo~0MyH291
     K10S00D tC2010 09 18.13984 22 11 09.31 +19 15 53.7          19.7 Vo~0MyH291
     K10S00D tC2010 09 18.14379 22 11 06.24 +19 16 53.4          19.4 Vo~0MyH291
     K10S00D KC2010 09 21.11631021 13 17.40 +36 11 57.0          18.5 Vo~0NJyH21
     K10S00D KC2010 09 21.12189321 13 06.23 +36 14 25.4          18.9 Vo~0NJyH21
     K10S00D KC2010 09 21.12464321 13 00.86 +36 15 36.6          20.3 Vo~0NJyH21
     K10S00D KC2010 09 21.91276 20 43 50.75 +42 17 23.0                v~0NJy204
     K10S00D KC2010 09 21.92211 20 43 25.54 +42 21 44.2                v~0NJy204
     K10S00D KC2010 09 22.00056 20 39 51.57 +42 58 01.9          18.5 Rv~0NJy204
