     K10A03D* C2010 01 08.21126 06 09 55.32 +18 18 39.4          20.6 Vr~0D6KG96
     K10A03D  C2010 01 08.21713 06 09 56.62 +18 18 22.9          21.1 Vr~0D6KG96
     K10A03D  C2010 01 08.22301 06 09 57.88 +18 18 06.9          20.9 Vr~0D6KG96
     K10A03D  C2010 01 08.22890 06 09 59.19 +18 17 50.4          20.7 Vr~0D6KG96
     K10A03D  C2010 01 08.23479 06 10 00.47 +18 17 34.1          20.6 Vr~0D6KG96
     K10A03D  C2010 01 08.28216 06 10 10.74 +18 15 20.9          20.0 Vr~0D6KG96
     K10A03D  C2010 01 08.28348 06 10 11.02 +18 15 17.6          19.8 Vr~0D6KG96
     K10A03D  C2010 01 08.28479 06 10 11.31 +18 15 13.9          20.1 Vr~0D6KG96
     K10A03D ]C2010 01 08.33259706 10 21.80 +18 12 58.6          20.6 Cr~0D6K695
     K10A03D ]C2010 01 08.33339706 10 21.98 +18 12 56.4          20.8 Cr~0D6K695
     K10A03D ]C2010 01 08.33407106 10 22.14 +18 12 54.4          20.6 Cr~0D6K695
     K10A03D  C2010 01 09.19771 06 13 58.15 +17 31 30.2          20.6 Vr~0D6KG96
     K10A03D  C2010 01 09.19843 06 13 58.32 +17 31 28.4          21.1 Vr~0D6KG96
     K10A03D  C2010 01 09.19914 06 13 58.40 +17 31 27.0          20.7 Vr~0D6KG96
     K10A03D  C2010 01 09.19985 06 13 58.56 +17 31 25.0          20.9 Vr~0D6KG96
     K10A03D  C2010 01 09.20057 06 13 58.79 +17 31 22.7          21.1 Vr~0D6KG96
     K10A03D  C2010 01 09.20738 06 14 00.06 +17 31 02.1          19.7 Ro~0D6KH01
     K10A03D  C2010 01 09.21644 06 14 02.11 +17 30 35.7          19.8 Ro~0D6KH01
     K10A03D  C2010 01 09.22630 06 14 04.36 +17 30 06.9          20.4 Ro~0D6KH01
     K10A03D  C2010 01 09.23292 06 14 05.88 +17 29 47.4          20.3 Ro~0D6LH01
     K10A03D  C2010 01 09.25929 06 14 12.15 +17 28 32.0          20.4 Vr~0D6LG96
     K10A03D  C2010 01 09.26216 06 14 12.84 +17 28 23.2          20.2 Vr~0D6LG96
     K10A03D  C2010 01 09.26361 06 14 13.12 +17 28 19.2          20.2 Vr~0D6LG96
     K10A03D  C2010 01 09.26505 06 14 13.45 +17 28 14.9          19.8 Vr~0D6LG96
     K10A03D tC2010 01 10.21301 06 18 18.44 +16 40 49.7                o~0D6L291
     K10A03D tC2010 01 10.21704 06 18 19.40 +16 40 36.7                o~0D6L291
     K10A03D tC2010 01 10.22095 06 18 20.36 +16 40 25.5                o~0D6L291
     K10A03D  C2010 01 13.21543706 32 14.00 +13 57 39.5          21.0 Vo~0D6LH21
     K10A03D  C2010 01 13.21744206 32 14.56 +13 57 32.4          21.3 Vo~0D6LH21
     K10A03D  C2010 01 13.21881106 32 14.94 +13 57 27.4          21.1 Vo~0D6LH21
     K10A03D  C2010 01 14.19453806 37 09.02 +13 00 19.5          20.5 Vo~0D6LH21
     K10A03D  C2010 01 14.20311706 37 11.39 +12 59 47.6          20.7 Vo~0D6LH21
     K10A03D  C2010 01 14.21482806 37 14.76 +12 59 06.4          20.4 Vo~0D6LH21
     K10A03D  C2010 01 26.25389 07 49 42.83 -00 41 20.4          20.7 Rc~0DY3926
     K10A03D  C2010 01 26.25802 07 49 44.36 -00 41 38.5          20.8 Rc~0DY3926
     K10A03D tC2010 02 06.42052 09 02 02.42 -11 59 00.3                o~0DxR291
     K10A03D tC2010 02 06.42483 09 02 03.76 -11 59 11.5                o~0DxR291
     K10A03D tC2010 02 06.42866 09 02 05.51 -11 59 24.8                o~0DxR291
