     K10H20S* C2010 04 20.41913 15 37 13.29 +00 05 56.7          20.3 Vr~0GaNG96
     K10H20S  C2010 04 20.42502 15 37 15.99 +00 05 59.3          19.9 Vr~0GaNG96
     K10H20S  C2010 04 20.43093 15 37 18.69 +00 06 01.6          20.4 Vr~0GaNG96
     K10H20S  C2010 04 20.43684 15 37 21.39 +00 06 04.0          20.1 Vr~0GaNG96
     K10H20S  C2010 04 20.47238 15 37 37.84 +00 06 18.8          20.2 Vr~0GaNG96
     K10H20S  C2010 04 20.47297 15 37 38.13 +00 06 19.0          20.2 Vr~0GaNG96
     K10H20S  C2010 04 20.47358 15 37 38.38 +00 06 19.4          19.9 Vr~0GaNG96
     K10H20S  C2010 04 20.47418 15 37 38.67 +00 06 20.4          19.4 Vr~0GaNG96
     K10H20S  C2010 04 25.40650 16 26 26.62 +00 41 11.7          19.9 Vr~0GaNG96
     K10H20S  C2010 04 25.41267 16 26 30.84 +00 41 14.2          19.7 Vr~0GaNG96
     K10H20S  C2010 04 25.41888 16 26 35.08 +00 41 16.9          19.9 Vr~0GaNG96
     K10H20S  C2010 04 25.42515 16 26 39.37 +00 41 19.5          19.8 Vr~0GaNG96
     K10H20S  C2010 04 25.45621 16 27 00.44 +00 41 31.2          18.8 Ro~0GaNH01
     K10H20S  C2010 04 25.45829 16 27 02.16 +00 41 33.5          19.6 Vr~0GaNG96
     K10H20S  C2010 04 25.45883 16 27 02.52 +00 41 34.1          19.8 Vr~0GaNG96
     K10H20S  C2010 04 25.45935 16 27 02.88 +00 41 34.4          19.9 Vr~0GaNG96
     K10H20S  C2010 04 25.45985 16 27 03.20 +00 41 34.5          20.1 Vr~0GaNG96
     K10H20S  C2010 04 25.46471 16 27 06.30 +00 41 35.0          19.0 Ro~0GaNH01
     K10H20S  C2010 04 25.47237 16 27 11.60 +00 41 38.2          19.7 Ro~0GaNH01
     K10H20S  C2010 04 25.48270 16 27 18.74 +00 41 42.7          19.2 Ro~0GaNH01
     K10H20S  C2010 04 25.48435 16 27 20.11 +00 41 46.8          19.3 Rc~0GaN926
     K10H20S  C2010 04 25.48587 16 27 21.16 +00 41 45.9          19.7 Vr~0GaNG96
     K10H20S  C2010 04 25.48634 16 27 21.45 +00 41 45.9          20.0 Vr~0GaNG96
     K10H20S  C2010 04 25.48670 16 27 21.77 +00 41 48.1          20.0 Rc~0GaN926
     K10H20S  C2010 04 25.48683 16 27 21.81 +00 41 46.0          20.5 Vr~0GaNG96
     K10H20S  C2010 04 25.48733 16 27 22.17 +00 41 46.7          20.3 Vr~0GaNG96
     K10H20S  C2010 04 26.48788 16 39 49.10 +00 48 55.8          19.9 Vr~0GaNG96
     K10H20S  C2010 04 26.48848 16 39 49.57 +00 48 56.4          19.8 Vr~0GaNG96
     K10H20S  C2010 04 26.48906 16 39 49.96 +00 48 56.1          19.6 Vr~0GaNG96
     K10H20S  C2010 04 26.48965 16 39 50.43 +00 48 56.3          19.7 Vr~0GaNG96
     K10H20S KC2010 04 28.34549017 05 28.32 +01 01 43.7          19.5 Vo~0GuCH21
     K10H20S KC2010 04 28.35275817 05 34.53 +01 01 47.3          19.7 Vo~0GuCH21
     K10H20S KC2010 04 28.36012217 05 40.76 +01 01 49.8          19.3 Vo~0GuCH21
     K10H20S KC2010 04 29.26863717 19 26.88 +01 07 52.0          19.9 Vo~0GuCH21
     K10H20S KC2010 04 29.27688617 19 34.29 +01 07 55.1                o~0GuCH21
     K10H20S KC2010 04 29.28584617 19 42.39 +01 07 58.7          20.1 Vo~0GuCH21
     K10H20S KC2010 05 04.36314318 47 39.87 +01 33 15.1          20.2 Vo~0GuCH21
     K10H20S KC2010 05 04.37009918 47 47.31 +01 33 15.9          20.0 Vo~0GuCH21
     K10H20S KC2010 05 04.37732618 47 55.04 +01 33 16.6                o~0GuCH21
     K10H20S HC2010 05 08.38247 20 00 07.12 +01 37 47.1                o~0HIf291
     K10H20S HC2010 05 08.38635 20 00 11.08 +01 37 47.5                o~0HIf291
     K10H20S HC2010 05 08.39080 20 00 15.44 +01 37 47.0                o~0HIf291
     K10H20S KC2010 05 09.37386920 16 38.55 +01 36 35.7          21.3 Vo~0HIgH21
     K10H20S KC2010 05 09.38248820 16 46.72 +01 36 35.0          21.2 Vo~0HIgH21
     K10H20S KC2010 05 09.39139320 16 55.10 +01 36 35.0                o~0HIgH21
     K10H20S KC2010 05 16.43326 21 49 32.77 +01 18 50.1          21.2 Ro~0HZgH01
     K10H20S KC2010 05 16.44390 21 49 38.99 +01 18 48.5          20.9 Ro~0HZgH01
     K10H20S KC2010 05 16.45490 21 49 45.41 +01 18 46.6          21.5 Ro~0HZgH01
     K10H20S KC2010 05 16.46216 21 49 49.64 +01 18 45.3          21.6 Ro~0HZgH01
     K10H20S HC2010 05 19.43099 22 16 44.84 +01 10 38.3                o~0HZg291
     K10H20S HC2010 05 19.43490 22 16 46.58 +01 10 39.1                o~0HZg291
     K10H20S  C2010 05 19.43929 22 16 48.50 +01 10 37.7                o~0HZg291
