     K10G07T  S2010 03 19.99979 17 58 45.30 +35 22 22.0                L~0KAiC51
     K10G07T  s2010 03 19.99979 1 +    0.4135 - 5651.6266 + 3963.0266   ~0KAiC51
     K10G07T  S2010 03 20.06601 17 58 11.71 +35 18 23.3                L~0KAiC51
     K10G07T  s2010 03 20.06601 1 +    1.1352 - 5671.9424 + 3934.0850   ~0KAiC51
     K10G07T  S2010 03 20.13223 17 57 38.18 +35 14 25.2                L~0KAiC51
     K10G07T  s2010 03 20.13223 1 +    1.9487 - 5692.1929 + 3904.9177   ~0KAiC51
     K10G07T  S2010 03 20.19831 17 57 04.90 +35 10 27.3                L~0KAiC51
     K10G07T  s2010 03 20.19831 1 +   15.9814 - 5665.5282 + 3943.3432   ~0KAiC51
     K10G07T  S2010 03 20.26453 17 56 31.60 +35 06 28.8                L~0KAiC51
     K10G07T  s2010 03 20.26453 1 +   16.6851 - 5685.9662 + 3913.8617   ~0KAiC51
     K10G07T  S2010 03 20.33075 17 55 58.40 +35 02 30.2                L~0TAPC51
     K10G07T  s2010 03 20.33075 1 +   17.3601 - 5706.3681 + 3883.9791   ~0TAPC51
     K10G07T* C2010 04 07.44183 16 08 40.81 +17 48 01.0          18.8 Vr~0Fpl703
     K10G07T  C2010 04 07.44822 16 08 39.01 +17 47 42.0          18.7 Vr~0Fpl703
     K10G07T  C2010 04 07.45455 16 08 37.35 +17 47 22.9          18.7 Vr~0Fpl703
     K10G07T  C2010 04 07.46094 16 08 35.62 +17 47 05.2          18.6 Vr~0Fpl703
     K10G07T  C2010 04 07.50424 16 08 23.96 +17 44 56.2          18.9 Vr~0Fpl703
     K10G07T  C2010 04 07.50479 16 08 23.89 +17 44 55.2          18.5 Vr~0Fpl703
     K10G07T  C2010 04 07.50536 16 08 23.76 +17 44 53.1          18.9 Vr~0Fpl703
     K10G07T  C2010 04 07.50594 16 08 23.55 +17 44 50.8          18.5 Vr~0Fpl703
     K10G07T KC2010 04 07.91181 16 06 43.02 +17 24 51.3          19.0 Ro~0FplA99
     K10G07T KC2010 04 07.91580 16 06 42.03 +17 24 40.0          19.0 Ro~0FplA99
     K10G07T KC2010 04 07.91980 16 06 41.01 +17 24 28.9          19.0 Ro~0FplA99
     K10G07T KC2010 04 07.92379 16 06 39.95 +17 24 17.6          19.0 Ro~0FplA99
     K10G07T  C2010 04 07.96017 16 06 30.46 +17 22 33.0                o~0Fpl046
     K10G07T  C2010 04 07.96603 16 06 28.99 +17 22 15.5                o~0Fpl046
     K10G07T  C2010 04 07.96705 16 06 28.62 +17 22 10.0                o~0Fpl046
     K10G07T  C2010 04 07.96812 16 06 28.37 +17 22 09.3                o~0Fpl046
     K10G07T  C2010 04 08.00763 16 06 18.15 +17 20 15.1          18.9 Rr~0Fpl473
     K10G07T  C2010 04 08.01041 16 06 17.43 +17 20 07.1          18.9 Rr~0Fpl473
     K10G07T KC2010 04 08.06248 16 06 04.92 +17 17 45.7          18.9 Ro~0FplJ04
     K10G07T KC2010 04 08.06452 16 06 04.39 +17 17 39.8          18.9 Ro~0FplJ04
     K10G07T KC2010 04 08.06656 16 06 03.86 +17 17 34.0          18.9 Ro~0FplJ04
     K10G07T  C2010 04 08.08662 16 05 57.20 +17 16 24.3          19.0 Cu~0Fpl118
     K10G07T  C2010 04 08.08809 16 05 56.86 +17 16 19.9          19.0 Cu~0Fpl118
     K10G07T  C2010 04 08.08957 16 05 56.46 +17 16 15.8          18.8 Cu~0Fpl118
     K10G07T  C2010 04 08.09104 16 05 56.09 +17 16 11.6          18.9 Cu~0Fpl118
     K10G07T  C2010 04 08.09251 16 05 55.68 +17 16 06.9          19.0 Cu~0Fpl118
     K10G07T  C2010 04 08.09399 16 05 55.33 +17 16 03.1          18.8 Cu~0Fpl118
     K10G07T  C2010 04 08.28132 16 05 10.34 +17 07 06.7          18.3 Ro~0FplH01
     K10G07T  C2010 04 08.28840 16 05 08.51 +17 06 46.7          18.4 Ro~0FplH01
     K10G07T  C2010 04 08.29846 16 05 06.11 +17 06 18.2          18.8 Rc~0Fpl854
     K10G07T  C2010 04 08.29861 16 05 05.88 +17 06 17.6          18.5 Ro~0FplH01
     K10G07T  C2010 04 08.30425 16 05 04.59 +17 06 02.1          18.9 Rc~0Fpl854
     K10G07T  C2010 04 08.31001 16 05 03.06 +17 05 45.8          19.0 Rc~0Fpl854
     K10G07T  C2010 04 08.31050 16 05 02.80 +17 05 43.6          18.4 Ro~0FplH01
     K10G07T  C2010 04 08.36931 16 04 47.65 +17 02 56.5          19.2 Rc~0Fpl926
     K10G07T  C2010 04 08.37628 16 04 45.83 +17 02 36.8          19.3 Rc~0Fpl926
     K10G07T  C2010 04 08.38331 16 04 43.99 +17 02 16.5          19.3 Rc~0Fpl926
     K10G07T KC2010 04 08.43719 16 04 29.36 +16 59 36.9          19.0 Ru~0FplH36
     K10G07T KC2010 04 08.44571 16 04 27.11 +16 59 11.7          19.0 Ru~0FplH36
     K10G07T 5C2010 04 08.44648 16 04 27.72 +16 59 13.3          19.0 Ro~0Fpl673
     K10G07T KC2010 04 08.44997 16 04 26.03 +16 58 59.6          18.5 Ru~0FplH36
     K10G07T 5C2010 04 08.45208 16 04 26.27 +16 58 57.4                o~0Fpl673
     K10G07T 5C2010 04 08.46054 16 04 24.03 +16 58 32.8                o~0Fpl673
     K10G07T 5C2010 04 08.46697 16 04 22.38 +16 58 13.9                o~0Fpl673
     K10G07T  C2010 04 09.30292 16 00 58.99 +16 18 27.6          18.9 Rc~0Fpl926
     K10G07T  C2010 04 09.30468 16 00 58.55 +16 18 22.5          18.9 Rc~0Fpl926
     K10G07T  C2010 04 09.30645 16 00 58.09 +16 18 17.9          18.9 Rc~0Fpl926
     K10G07T tC2010 04 09.37798 16 00 39.99 +16 14 57.4          18.9 Vo~0Fpl291
     K10G07T tC2010 04 09.38252 16 00 38.84 +16 14 44.8          19.1 Vo~0Fpl291
     K10G07T tC2010 04 09.38657 16 00 37.79 +16 14 33.5          19.1 Vo~0Fpl291
     K10G07T  C2010 04 09.42116716 00 28.26 +16 12 51.2          19.7 Vo~0FplH21
     K10G07T  C2010 04 09.42352816 00 27.66 +16 12 44.4          19.5 Vo~0FplH21
     K10G07T  C2010 04 09.42588216 00 27.08 +16 12 38.0          19.8 Vo~0FplH21
     K10G07T  C2010 04 10.38603715 56 38.83 +15 28 00.3          19.8 Vo~0GE4H21
     K10G07T  C2010 04 10.39086415 56 37.65 +15 27 47.0          20.0 Vo~0GE4H21
     K10G07T  C2010 04 10.39437815 56 36.79 +15 27 37.1          20.0 Vo~0GE4H21
     K10G07T  C2010 04 10.40239 15 56 35.56 +15 27 19.3          19.3 Vo~0GE4291
     K10G07T KC2010 04 10.40470 15 56 34.82 +15 27 12.4          19.3 Cu~0GE4448
     K10G07T  C2010 04 10.40625 15 56 34.60 +15 27 08.6          19.2 Vo~0GE4291
     K10G07T  C2010 04 10.41017 15 56 33.69 +15 26 58.3          19.6 Vo~0GE4291
     K10G07T KC2010 04 10.41111 15 56 33.26 +15 26 54.9          19.1 Cu~0GE4448
     K10G07T KC2010 04 10.41796 15 56 31.55 +15 26 35.8          19.7 Cu~0GE4448
     K10G07T KC2010 04 10.42579 15 56 29.63 +15 26 14.2          19.5 Cu~0GE4448
     K10G07T  C2010 04 11.35774 15 52 54.73 +14 43 52.5          19.1  c~0GE4704
     K10G07T  C2010 04 11.36959 15 52 51.84 +14 43 21.1          19.3  c~0GE4704
     K10G07T  C2010 04 11.38161 15 52 48.98 +14 42 47.8          19.2  c~0GE4704
     K10G07T  C2010 04 11.39334 15 52 46.11 +14 42 16.7          19.6  c~0GE4704
     K10G07T  C2010 04 11.40523 15 52 43.28 +14 41 45.0          19.2  c~0GE4704
     K10G07T  C2010 04 11.47392 15 52 26.85 +14 38 39.3          19.1 Vo~0GE4291
     K10G07T  C2010 04 11.47782 15 52 26.01 +14 38 28.9          18.9 Vo~0GE4291
     K10G07T  C2010 04 11.48470 15 52 24.37 +14 38 10.3          18.9 Vo~0GE4291
     K10G07T  C2010 04 12.14829 15 49 57.17 +14 08 30.1          18.2 Vo~0GE4H26
     K10G07T  C2010 04 12.14992 15 49 56.85 +14 08 25.7          18.3 Vo~0GE4H26
     K10G07T  C2010 04 12.15156 15 49 56.64 +14 08 21.6          18.5 Vo~0GE4H26
     K10G07T  C2010 04 12.35817415 49 08.78 +13 59 20.9          19.3 Vo~0GE4H21
     K10G07T  C2010 04 12.36045615 49 08.24 +13 59 14.8          19.2 Vo~0GE4H21
     K10G07T  C2010 04 12.36258115 49 07.75 +13 59 09.2          19.3 Vo~0GE4H21
     K10G07T  C2010 04 12.36485915 49 07.22 +13 59 03.1          19.2 Vo~0GE4H21
     K10G07T  C2010 04 12.36698215 49 06.73 +13 58 57.7          19.4 Vo~0GE4H21
     K10G07T  C2010 04 12.36938815 49 06.16 +13 58 50.9          19.1 Vo~0GE4H21
     K10G07T  C2010 04 13.35550215 45 30.58 +13 16 01.7          19.3 Vo~0GE4H21
     K10G07T  C2010 04 13.35996515 45 29.56 +13 15 50.3          19.3 Vo~0GE4H21
     K10G07T  C2010 04 13.36519615 45 28.38 +13 15 36.5          19.2 Vo~0GE4H21
     K10G07T  C2010 04 13.37269515 45 26.68 +13 15 17.3          19.1 Vo~0GE4H21
     K10G07T  C2010 04 14.34875615 41 59.49 +12 33 53.4          19.2 Vo~0GE4H21
     K10G07T  C2010 04 14.35161815 41 58.86 +12 33 46.3          19.2 Vo~0GE4H21
     K10G07T  C2010 04 14.35460615 41 58.20 +12 33 38.6          19.6 Vo~0GE4H21
     K10G07T  C2010 04 15.31966 15 38 39.19 +11 53 39.2          19.1 Vo~0GXSH21
     K10G07T  C2010 04 15.32574 15 38 37.88 +11 53 23.9          19.3 Vo~0GXSH21
     K10G07T  C2010 04 15.33174 15 38 36.59 +11 53 09.3          19.3 Vo~0GXSH21
     K10G07T  C2010 04 17.34591815 31 58.33 +10 32 38.3          19.1 Vo~0GXSH21
     K10G07T  C2010 04 17.34879715 31 57.75 +10 32 31.8          19.3 Vo~0GXSH21
     K10G07T  C2010 04 17.35146715 31 57.21 +10 32 25.3          19.1 Vo~0GXSH21
     K10G07T KC2010 04 19.30864415 25 53.32 +09 17 53.5          19.5 Vo~0GXSH21
     K10G07T KC2010 04 19.31418815 25 52.26 +09 17 41.5          19.3 Vo~0GXSH21
     K10G07T KC2010 04 19.32053115 25 51.05 +09 17 27.6          19.6 Vo~0GXSH21
     K10G07T KC2010 04 19.90794 15 24 07.09 +08 55 43.3          19.4 Vu~0GXSA13
     K10G07T KC2010 04 19.93085 15 24 02.78 +08 54 51.4          19.4 Vu~0GXSA13
     K10G07T KC2010 04 21.06219 15 20 45.07 +08 14 05.2                v~0GXS204
     K10G07T KC2010 04 21.06977 15 20 43.71 +08 13 49.3                v~0GXS204
     K10G07T KC2010 04 21.07748 15 20 42.33 +08 13 32.7          18.8 Cv~0GXS204
     K10G07T  C2010 04 21.99409 15 18 08.93 +07 41 21.0          18.5 Ro~0Gu3511
     K10G07T  C2010 04 21.99818 15 18 08.20 +07 41 12.3          18.5 Ro~0Gu3511
     K10G07T  C2010 04 22.00019 15 18 07.88 +07 41 08.5          18.4 Ro~0Gu3511
     K10G07T  C2010 04 22.00220 15 18 07.52 +07 41 04.2          18.4 Ro~0Gu3511
     K10G07T  C2010 04 22.00420 15 18 07.20 +07 41 00.3          18.4 Ro~0Gu3511
     K10G07T  C2010 04 22.00620 15 18 06.84 +07 40 55.8          18.3 Ro~0Gu3511
     K10G07T  C2010 04 22.00821 15 18 06.52 +07 40 51.7          18.5 Ro~0Gu3511
     K10G07T  C2010 04 22.01022 15 18 06.12 +07 40 47.4          18.3 Ro~0Gu3511
     K10G07T  C2010 04 22.01222 15 18 05.77 +07 40 42.9          18.4 Ro~0Gu3511
     K10G07T  C2010 04 22.01422 15 18 05.41 +07 40 38.9          18.6 Ro~0Gu3511
     K10G07T  C2010 04 22.01624 15 18 05.07 +07 40 34.7          18.6 Ro~0Gu3511
     K10G07T KC2010 04 25.25251 15 09 37.70 +05 52 48.0          17.1 Cu~0GXS448
     K10G07T KC2010 04 25.26632 15 09 35.53 +05 52 21.9          18.0 Cu~0GXS448
     K10G07T KC2010 04 25.27548 15 09 34.16 +05 52 02.8          16.4 Cu~0GXS448
     K10G07T  C2010 04 25.45565 15 09 06.06 +05 46 19.2          19.5 Vo~0GXSH11
     K10G07T  C2010 04 25.45705 15 09 05.83 +05 46 16.9          18.5 Vo~0GXSH11
     K10G07T  C2010 04 25.45840 15 09 05.64 +05 46 14.4          19.3 Vo~0GXSH11
     K10G07T  C2010 04 25.45979 15 09 05.40 +05 46 11.3          18.9 Vo~0GXSH11
     K10G07T  C2010 04 25.46120 15 09 05.20 +05 46 08.8          19.3 Vo~0GXTH11
     K10G07T  C2010 04 26.35556 15 06 56.34 +05 18 02.8          19.3 Vr~0GXTG96
     K10G07T  C2010 04 26.35737 15 06 56.05 +05 17 59.4          19.2 Vr~0GXTG96
     K10G07T  C2010 04 26.35918 15 06 55.76 +05 17 55.9          19.3 Vr~0GXTG96
     K10G07T  C2010 04 26.36101 15 06 55.47 +05 17 52.7          19.2 Vr~0GXTG96
     K10G07T  C2010 05 02.29681 14 54 14.74 +02 27 05.3          19.3 Rc~0Gu3926
     K10G07T  C2010 05 02.29951 14 54 14.43 +02 27 00.2          20.2 Rc~0Gu3926
     K10G07T  C2010 05 02.30221 14 54 14.12 +02 26 56.4          20.4 Rc~0Gu3926
     K10G07T KC2010 05 03.29929414 52 22.08 +02 00 42.1          19.7 Vo~0Gu3H21
     K10G07T KC2010 05 03.30258814 52 21.69 +02 00 37.1          20.2 Vo~0Gu3H21
     K10G07T KC2010 05 03.32523714 52 19.03 +02 00 02.0          19.4 Vo~0Gu3H21
     K10G07T KC2010 05 04.28523 14 50 36.25 +01 35 27.0                o~0Gu3H21
     K10G07T KC2010 05 04.28706 14 50 36.04 +01 35 24.0          20.0 Vo~0Gu3H21
     K10G07T KC2010 05 04.28949 14 50 35.75 +01 35 20.1          20.0 Vo~0Gu3H21
     K10G07T KC2010 05 04.29086 14 50 35.61 +01 35 18.0          19.9 Vo~0Gu3H21
     K10G07T KC2010 05 05.29898414 48 51.65 +01 10 08.5          19.6 Vo~0Gu3H21
     K10G07T KC2010 05 05.30291514 48 51.23 +01 10 02.3          20.1 Vo~0Gu3H21
     K10G07T KC2010 05 05.30715314 48 50.79 +01 09 56.3          19.7 Vo~0Gu3H21
     K10G07T  C2010 05 06.63804 14 46 40.96 +00 37 41.9          19.7 Rr~0Gu3D29
     K10G07T  C2010 05 06.65122 14 46 39.68 +00 37 23.4          19.7 Rr~0Gu3D29
     K10G07T  C2010 05 06.66437 14 46 38.32 +00 37 04.5          20.0 Rr~0Gu3D29
     K10G07T  C2010 05 06.67871 14 46 36.83 +00 36 44.4          19.9 Rr~0Gu3D29
     K10G07T  C2010 05 16.23559 14 34 33.42 -02 46 23.8          20.6 Vr~0HZWG96
     K10G07T  C2010 05 16.24265 14 34 32.98 -02 46 32.1          20.5 Vr~0HZWG96
     K10G07T  C2010 05 16.24973 14 34 32.48 -02 46 40.5          20.7 Vr~0HZWG96
     K10G07T  C2010 05 16.25691 14 34 32.08 -02 46 47.8          20.5 Vr~0HZWG96
     K10G07T  C2010 05 22.28577 14 29 47.35 -04 34 00.9          21.7 Vo~0HrY291
     K10G07T  C2010 05 22.28943 14 29 47.21 -04 34 04.9          21.5 Vo~0HrY291
     K10G07T  C2010 05 22.29317 14 29 47.01 -04 34 08.7          20.9 Vo~0HrY291
     K10G07T HC2010 05 23.34880 14 29 09.11 -04 51 33.4                o~0HrY291
     K10G07T HC2010 05 23.35279 14 29 08.99 -04 51 37.5                o~0HrY291
     K10G07T HC2010 05 23.35712 14 29 08.82 -04 51 41.4                o~0HrY291
     K10G07T KC2010 06 02.16151114 25 49.09 -07 17 43.9          21.9 Vo~0I3cH21
     K10G07T KC2010 06 02.17993114 25 48.86 -07 17 58.2          22.0 Vo~0I3cH21
     K10G07T KC2010 06 02.19707614 25 48.67 -07 18 12.3          22.1 Vo~0I3cH21
     K10G07T  C2010 06 03.30013 14 25 41.24 -07 33 05.1          22.0 Vo~0I3c291
     K10G07T HC2010 06 03.30549 14 25 41.14 -07 33 09.6                o~0I3c291
     K10G07T HC2010 06 03.31107 14 25 41.12 -07 33 14.9                o~0I3c291
