k2775K10G06Y* C2010 04 06.21573 10 17 37.96 -12 27 22.7          20.2 Vr~0Fpi703
k2775K10G06Y  C2010 04 06.22204 10 17 37.64 -12 27 07.9          19.2 Vr~0Fpi703
k2775K10G06Y  C2010 04 06.22837 10 17 37.46 -12 26 52.7          20.0 Vr~0Fpi703
k2775K10G06Y  C2010 04 06.23472 10 17 37.10 -12 26 35.4          19.4 Vr~0Fpi703
k2775K10G06Y  C2010 04 06.26395 10 17 36.02 -12 25 23.3          20.1 Rc~0Fpi854
k2775K10G06Y  C2010 04 06.26875 10 17 35.74 -12 25 11.7          20.6 Vr~0Fpi703
k2775K10G06Y  C2010 04 06.26956 10 17 35.71 -12 25 10.3          20.5 Vr~0Fpi703
k2775K10G06Y  C2010 04 06.27038 10 17 35.65 -12 25 07.6          20.1 Vr~0Fpi703
k2775K10G06Y  C2010 04 06.27547 10 17 35.56 -12 24 53.8          20.2 Rc~0Fpi854
k2775K10G06Y  C2010 04 06.28698 10 17 35.10 -12 24 26.9          20.0 Rc~0Fpi854
k2775K10G06Y  C2010 04 06.76975 10 17 19.32 -12 04 37.1          19.0 Rr~0FpiB18
k2775K10G06Y  C2010 04 06.77600 10 17 19.05 -12 04 21.2          19.0 Rr~0FpiB18
k2775K10G06Y  C2010 04 06.77810 10 17 19.01 -12 04 15.4          18.7 Rr~0FpiB18
k2775K10G06Y KC2010 04 06.93059 10 17 13.80 -11 57 58.7          19.6 Cv~0Fpi204
k2775K10G06Y KC2010 04 06.94302 10 17 13.34 -11 57 28.3                v~0Fpi204
k2775K10G06Y KC2010 04 07.05367 10 17 09.52 -11 52 51.1          19.6 Ro~0FpiJ04
k2775K10G06Y KC2010 04 07.05610 10 17 09.43 -11 52 45.0          19.7 Ro~0FpiJ04
k2775K10G06Y KC2010 04 07.05853 10 17 09.34 -11 52 39.0          19.5 Ro~0FpiJ04
k2775K10G06Y  C2010 04 07.16226 10 17 06.91 -11 48 24.8          20.0 Vo~0Fpi291
k2775K10G06Y  C2010 04 07.16612 10 17 06.77 -11 48 14.9          20.2 Vo~0Fpi291
k2775K10G06Y  C2010 04 07.16993 10 17 06.63 -11 48 05.7          20.0 Vo~0Fpi291
k2775K10G06Y  C2010 04 07.28273 10 17 02.51 -11 43 27.1          20.0 Rc~0Fpi926
k2775K10G06Y  C2010 04 07.28566 10 17 02.42 -11 43 19.9          19.7 Rc~0Fpi926
k2775K10G06Y  C2010 04 07.28860 10 17 02.32 -11 43 12.5          20.0 Rc~0Fpi926
k2775K10G06Y KC2010 04 08.21367 10 16 35.59 -11 05 16.3          20.3 Cu~0Fpi448
k2775K10G06Y  C2010 04 08.21746 10 16 35.51 -11 05 07.5          19.9 Vo~0Fpi291
k2775K10G06Y  C2010 04 08.21877 10 16 35.49 -11 05 04.8          20.1 Rc~0Fpi926
k2775K10G06Y  C2010 04 08.22123 10 16 35.38 -11 04 58.1          20.0 Vo~0Fpi291
k2775K10G06Y  C2010 04 08.22171 10 16 35.34 -11 04 56.7          20.1 Rc~0Fpi926
k2775K10G06Y  C2010 04 08.22465 10 16 35.30 -11 04 49.8          20.1 Rc~0Fpi926
k2775K10G06Y  C2010 04 08.22496 10 16 35.25 -11 04 48.8          19.8 Vo~0Fpi291
k2775K10G06Y KC2010 04 08.23120 10 16 34.96 -11 04 33.6          20.1 Cu~0Fpi448
k2775K10G06Y KC2010 04 08.25184 10 16 34.28 -11 03 43.1          19.6 Cu~0Fpi448
k2775K10G06Y KC2010 04 10.11436 10 15 50.32 -09 47 54.9          19.8 Cu~0GE3448
k2775K10G06Y KC2010 04 10.13836 10 15 49.69 -09 46 56.6          20.2 Cu~0GE3448
k2775K10G06Y KC2010 04 10.16538 10 15 48.96 -09 45 50.6          20.3 Cu~0GE3448
k2775K10G06Y  C2010 04 10.21211 10 15 47.85 -09 43 57.1          19.5 Rc~0GE3926
k2775K10G06Y  C2010 04 10.21528 10 15 47.77 -09 43 49.6          19.7 Rc~0GE3926
k2775K10G06Y  C2010 04 10.21846 10 15 47.70 -09 43 41.8          19.5 Rc~0GE3926
k2775K10G06Y KC2010 04 12.11214 10 15 16.40 -08 27 42.5          19.8 Cu~0GE3448
k2775K10G06Y KC2010 04 12.13790 10 15 15.93 -08 26 41.5          20.0 Cu~0GE3448
k2775K10G06Y KC2010 04 12.16264 10 15 15.41 -08 25 43.0          20.2 Cu~0GE3448
k2775K10G06Y  C2010 04 13.15170410 15 04.04 -07 46 34.5          20.0 Vo~0GE3H21
k2775K10G06Y  C2010 04 13.15457310 15 04.00 -07 46 27.7          20.2 Vo~0GE3H21
k2775K10G06Y  C2010 04 13.15979810 15 03.91 -07 46 15.3          20.3 Vo~0GE3H21
k2775K10G06Y  C2010 04 13.16242110 15 03.88 -07 46 09.1          20.3 Vo~0GE3H21
k2775K10G06Y  C2010 04 15.21225 10 14 52.01 -06 26 18.5          20.3 Vo~0GE3291
k2775K10G06Y  C2010 04 15.21668 10 14 51.99 -06 26 06.9          19.7 Vo~0GE3291
k2775K10G06Y  C2010 04 15.22049 10 14 52.01 -06 25 59.3          19.6 Vo~0GE3291
k2775K10G06Y  C2010 04 17.17681 10 14 54.94 -05 11 40.5          20.3 Vo~0GXS291
k2775K10G06Y  C2010 04 17.18299 10 14 54.95 -05 11 26.3          20.1 Vo~0GXS291
k2775K10G06Y  C2010 04 17.18707 10 14 54.94 -05 11 17.3          20.2 Vo~0GXS291
k2775K10G06Y KC2010 05 05.10592510 24 58.31 +04 20 33.9                o~0Gu3H21
k2775K10G06Y KC2010 05 05.10932910 24 58.51 +04 20 39.0          20.3 Vo~0Gu3H21
k2775K10G06Y KC2010 05 05.11815710 24 58.97 +04 20 52.2          20.1 Vo~0Gu3H21
k2775K10G06Y KC2010 05 05.11941410 24 59.04 +04 20 54.0          20.4 Vo~0Gu3H21
k2775K10G06Y KC2010 05 05.17314 10 25 02.25 +04 22 19.2          20.9 Cu~0Gu3448
k2775K10G06Y KC2010 05 05.21687 10 25 04.63 +04 23 27.5          21.1 Cu~0Gu3448
k2775K10G06Y KC2010 05 05.23535 10 25 05.89 +04 23 54.8          20.2 Co~0Gu3G58
k2775K10G06Y KC2010 05 05.23959 10 25 06.13 +04 24 02.2          20.3 Co~0Gu3G58
k2775K10G06Y KC2010 05 05.24382 10 25 06.33 +04 24 08.8          19.8 Co~0Gu3G58
k2775K10G06Y KC2010 05 05.26235 10 25 07.08 +04 24 37.0          21.1 Cu~0Gu3448
k2775K10G06Y  S2010 05 27.58159 10 56 27.78 +11 31 30.8                L~0I3cC51
k2775K10G06Y  s2010 05 27.58159 1 - 5745.0265 + 3323.4207 + 1910.7175   ~0I3cC51
k2775K10G06Y  S2010 05 27.71389 10 56 41.63 +11 33 13.7                L~0I3cC51
k2775K10G06Y  s2010 05 27.71389 1 - 5753.8244 + 3310.4024 + 1906.6570   ~0I3cC51
k2775K10G06Y  S2010 05 27.84619 10 56 55.55 +11 34 57.2                L~0I3cC51
k2775K10G06Y  s2010 05 27.84619 1 - 5762.3729 + 3297.3298 + 1903.7913   ~0I3cC51
k2775K10G06Y  S2010 05 27.97850 10 57 09.46 +11 36 39.7                L~0I3cC51
k2775K10G06Y  s2010 05 27.97850 1 - 5771.0739 + 3284.1536 + 1900.2506   ~0I3cC51
k2775K10G06Y  S2010 05 28.11080 10 57 23.39 +11 38 21.7                L~0I3cC51
k2775K10G06Y  s2010 05 28.11080 1 - 5779.9216 + 3270.8682 + 1895.2763   ~0I3cC51
k2775K10G06Y  S2010 05 28.17702 10 57 30.45 +11 39 11.9                L~0I3cC51
k2775K10G06Y  s2010 05 28.17702 1 - 5771.3252 + 3263.7135 + 1933.1967   ~0I3cC51
k2775K10G06Y  S2010 05 28.24310 10 57 37.38 +11 40 02.9                L~0I3cC51
k2775K10G06Y  s2010 05 28.24310 1 - 5788.3865 + 3257.9991 + 1891.7082   ~0I3cC51
k2775K10G06Y  S2010 05 28.30932 10 57 44.41 +11 40 53.5                L~0I3cC51
k2775K10G06Y  s2010 05 28.30932 1 - 5779.7515 + 3250.8791 + 1930.0778   ~0I3cC51
k2775K10G06Y  S2010 05 28.37541 10 57 51.39 +11 41 44.2                L~0I3cC51
k2775K10G06Y  s2010 05 28.37541 1 - 5796.8930 + 3245.0301 + 1888.8219   ~0I3cC51
k2775K10G06Y  S2010 05 28.44162 10 57 58.41 +11 42 34.1                L~0I3cC51
k2775K10G06Y  s2010 05 28.44162 1 - 5788.4867 + 3237.8588 + 1926.7338   ~0I3cC51
k2775K10G06Y  S2010 05 28.50771 10 58 05.42 +11 43 24.8                L~0I3cC51
k2775K10G06Y  s2010 05 28.50771 1 - 5805.8030 + 3232.0120 + 1884.2708   ~0I3cC51
k2775K10G06Y  S2010 05 28.57393 10 58 12.42 +11 44 15.3                L~0I3cC51
k2775K10G06Y  s2010 05 28.57393 1 - 5797.4012 + 3224.8953 + 1921.5650   ~0I3cC51
k2775K10G06Y  S2010 05 28.70623 10 58 26.53 +11 45 54.0                L~0I3cC51
k2775K10G06Y  s2010 05 28.70623 1 - 5805.9690 + 3211.7510 + 1917.4812   ~0I3cC51
k2775K10G06Y  S2010 05 28.83854 10 58 40.61 +11 47 33.7                L~0I3cC51
k2775K10G06Y  s2010 05 28.83854 1 - 5814.2681 + 3198.5241 + 1914.7178   ~0I3cC51
k2775K10G06Y  S2010 05 28.97084 10 58 54.73 +11 49 12.4                L~0I3cC51
k2775K10G06Y  s2010 05 28.97084 1 - 5822.6845 + 3185.2486 + 1911.4293   ~0I3cC51
k2775K10G06Y  S2010 05 29.10314 10 59 08.85 +11 50 50.7                L~0I3cC51
k2775K10G06Y  s2010 05 29.10314 1 - 5831.3106 + 3171.7899 + 1906.5048   ~0I3cC51
k2775K10G06Y HC2010 06 11.19612 11 24 25.01 +13 56 09.9                o~0IRq291
k2775K10G06Y HC2010 06 11.20383 11 24 25.92 +13 56 12.1                o~0IRq291
k2775K10G06Y  C2010 12 02.14784 22 05 53.75 -14 05 06.4          20.9 Vo~0PnZ291
k2775K10G06Y  C2010 12 02.15171 22 05 54.76 -14 05 07.3          21.4 Vo~0PnZ291
k2775K10G06Y  C2010 12 02.15544 22 05 55.80 -14 05 08.5          22.2 Vo~0PnZ291
k2775K10G06Y |C2013 02 08.34870 13 20 16.25 -31 13 23.8          21.6 Vu~0oPv807
k2775K10G06Y |C2013 02 08.35416 13 20 16.62 -31 13 25.9          21.4 Vu~0oPv807
k2775K10G06Y |C2013 02 08.35963 13 20 16.97 -31 13 27.2          21.5 Vu~0oPv807
k2775K10G06Y KC2013 02 08.65350 13 20 38.29 -31 14 56.8          21.0 Ro~0oPv474
k2775K10G06Y KC2013 02 08.66759 13 20 39.23 -31 15 01.3          20.8 Ro~0oPv474
k2775K10G06Y KC2013 02 08.67112 13 20 39.47 -31 15 02.5          21.5 Ro~0oPv474
k2775K10G06Y KC2013 02 08.67503 13 20 39.74 -31 15 03.4          21.2 Ro~0oPv474
k2775K10G06Y KC2013 02 08.67856 13 20 39.97 -31 15 04.5          21.5 Ro~0oPv474
k2775K10G06Y KC2013 02 14.35882113 27 02.63 -31 38 49.3          20.8 Rt~0oPvW85
k2775K10G06Y KC2013 02 14.36765513 27 03.17 -31 38 51.1          20.8 Rt~0oPvW85
k2775K10G06Y KC2013 02 14.37648413 27 03.68 -31 38 53.0                t~0oPvW85
k2775K10G06Y |C2013 03 14.39694 13 42 26.89 -29 24 31.3          19.8 Vu~0prM807
k2775K10G06Y |C2013 03 14.40054 13 42 26.84 -29 24 28.0          19.9 Vu~0prM807
k2775K10G06Y |C2013 03 14.40413 13 42 26.81 -29 24 24.4          19.8 Vu~0prM807
k2775K10G06Y |C2013 03 14.40772 13 42 26.78 -29 24 20.8          20.3 Vu~0prM807
k2775K10G06Y |C2013 03 14.41078 13 42 26.76 -29 24 17.8          20.1 Vu~0prM807
k2775K10G06Y  C2013 03 16.73317 13 42 09.07 -28 44 29.9          20.3 Vr~0qBVE12
k2775K10G06Y  C2013 03 16.74831 13 42 08.78 -28 44 12.5          19.6 Vr~0qBVE12
k2775K10G06Y  C2013 03 16.76343 13 42 08.53 -28 43 55.7          20.6 Vr~0qBVE12
k2775K10G06Y  C2013 03 16.77855 13 42 08.24 -28 43 39.3          20.0 Vr~0qBVE12
k2775K10G06Y  C2013 03 20.49560 13 41 04.554-27 26 40.67         19.8 gL~0qBVF51
k2775K10G06Y  C2013 03 20.50599 13 41 04.234-27 26 26.28         19.7 gL~0qBVF51
k2775K10G06Y KC2013 04 08.37651 13 25 00.44 -15 39 29.5          18.1 Rq~0qkP448
k2775K10G06Y KC2013 04 08.38122 13 25 00.06 -15 39 14.0          18.1 Rq~0qkP448
k2775K10G06Y KC2013 04 08.38666 13 24 59.62 -15 38 56.9          18.0 Rq~0qkP448
k2775K10G06Y KC2013 04 08.39208 13 24 59.16 -15 38 39.7          18.4 Rq~0qkP448
k2775K10G06Y KC2013 04 14.05142 13 17 34.32 -10 15 46.8                t~0rTd204
k2775K10G06Y KC2013 04 14.05337 13 17 34.14 -10 15 39.6          17.5 Rt~0rTd204
k2775K10G06Y KC2013 04 14.05535 13 17 33.97 -10 15 32.7                t~0rTd204
k2775K10G06Y  C2013 04 14.33134 13 17 11.39 -09 58 39.8          18.2 Rq~0r5oH45
k2775K10G06Y  C2013 04 14.33293 13 17 11.28 -09 58 33.5          18.4 Rq~0r5oH45
k2775K10G06Y  C2013 04 14.33385 13 17 11.18 -09 58 30.1          18.0 Rq~0r5oH45
k2775K10G06Y  C2013 04 14.33699 13 17 10.96 -09 58 18.6          18.0 Rq~0r5oH45
k2775K10G06Y  C2013 04 14.33799 13 17 10.84 -09 58 14.4          18.0 Rq~0r5oH45
k2775K10G06Y  C2013 04 14.33918 13 17 10.74 -09 58 10.7          18.0 Rq~0r5oH45
k2775K10G06Y  C2013 04 15.24652 13 15 57.60 -09 02 11.3          17.7 Vu~0r5oG96
k2775K10G06Y  C2013 04 15.25177 13 15 57.13 -09 01 51.6          17.7 Vu~0r5oG96
k2775K10G06Y  C2013 04 15.25703 13 15 56.66 -09 01 32.0          17.7 Vu~0r5oG96
k2775K10G06Y  C2013 04 15.26228 13 15 56.19 -09 01 12.5          17.6 Vu~0r5oG96
k2775K10G06Y 1C2013 04 16.30298 13 14 29.35 -07 55 29.2          18.8 rL~0sbrW84
k2775K10G06Y 1C2013 04 16.30713 13 14 28.98 -07 55 13.4          18.8 rL~0sbrW84
k2775K10G06Y 1C2013 04 16.31150 13 14 28.59 -07 54 56.7          18.7 rL~0sbrW84
k2775K10G06Y 1C2013 04 16.31564 13 14 28.23 -07 54 41.1          18.7 rL~0sbrW84
k2775K10G06Y 2C2013 04 16.90170213 13 41.00 -07 17 58.9          18.0  u~0r5o089
k2775K10G06Y 2C2013 04 16.90402413 13 40.82 -07 17 49.9          17.8  u~0r5o089
k2775K10G06Y 2C2013 04 16.90635113 13 40.57 -07 17 41.4          18.7  u~0r5o089
k2775K10G06Y 2C2013 04 16.90867613 13 40.37 -07 17 32.7          18.1  u~0r5o089
k2775K10G06Y 2C2013 04 16.91100313 13 40.16 -07 17 22.8          18.2  u~0r5o089
k2775K10G06Y 2C2013 04 16.91332913 13 39.95 -07 17 14.0          18.5  u~0r5o089
k2775K10G06Y 2C2013 04 16.91565613 13 39.71 -07 17 05.3          18.3  u~0r5o089
k2775K10G06Y 2C2013 04 16.91798213 13 39.58 -07 16 55.9          18.8  u~0r5o089
k2775K10G06Y 2C2013 04 16.92030813 13 39.36 -07 16 47.9          18.2  u~0r5o089
k2775K10G06Y 1C2013 04 17.22287 13 13 14.21 -06 56 56.9          18.6 rL~0sbrW84
k2775K10G06Y 1C2013 04 17.22702 13 13 13.83 -06 56 40.9          18.6 rL~0sbrW84
k2775K10G06Y 1C2013 04 17.23116 13 13 13.45 -06 56 24.9          18.6 rL~0sbrW84
k2775K10G06Y 1C2013 04 17.23530 13 13 13.14 -06 56 09.6          20.0 rL~0sbrW84
k2775K10G06Y 1C2013 04 18.21877 13 11 52.28 -05 52 46.6          18.7 rL~0sbrW84
k2775K10G06Y 1C2013 04 18.22119 13 11 52.06 -05 52 37.1          18.7 rL~0sbrW84
k2775K10G06Y 1C2013 04 18.22322 13 11 51.88 -05 52 29.3          18.8 rL~0sbrW84
k2775K10G06Y 1C2013 04 18.22527 13 11 51.69 -05 52 21.3          18.7 rL~0sbrW84
k2775K10G06Y 1C2013 04 18.22731 13 11 51.50 -05 52 13.3          18.8 rL~0sbrW84
k2775K10G06Y 1C2013 04 18.22937 13 11 51.32 -05 52 05.3          18.8 rL~0sbrW84
k2775K10G06Y 1C2013 04 18.23143 13 11 51.13 -05 51 57.4          18.8 rL~0sbrW84
k2775K10G06Y 1C2013 04 18.23708 13 11 50.62 -05 51 35.3          18.7 rL~0sbrW84
k2775K10G06Y  C2013 04 19.41945 13 10 14.164-04 34 52.06         18.1 iL~0r5oF51
k2775K10G06Y  C2013 04 19.43173 13 10 13.036-04 34 03.65         18.1 iL~0r5oF51
k2775K10G06Y  C2013 04 19.44307 13 10 12.001-04 33 19.06         18.0 rL~0r5oF51
k2775K10G06Y  C2013 04 19.45396 13 10 11.005-04 32 36.16         18.0 rL~0r5oF51
k2775K10G06Y  C2013 04 20.33499 13 08 58.86 -03 34 44.0          18.2 Rq~0rKlH45
k2775K10G06Y  C2013 04 20.33653 13 08 58.72 -03 34 38.2          18.2 Rq~0rKlH45
k2775K10G06Y  C2013 04 20.33791 13 08 58.61 -03 34 32.4          18.4 Rq~0rKlH45
k2775K10G06Y  C2013 04 20.33970 13 08 58.51 -03 34 25.1          18.2 Rq~0rKlH45
k2775K10G06Y  C2013 04 20.34049 13 08 58.38 -03 34 21.9          18.3 Rq~0rKlH45
k2775K10G06Y  C2013 04 20.34303 13 08 58.09 -03 34 12.6          18.4 Rq~0rKlH45
k2775K10G06Y  C2013 04 30.30720 12 56 35.48 +07 21 32.5          18.2 Vu~0rTd703
k2775K10G06Y  C2013 04 30.31518 12 56 34.87 +07 22 03.1          18.1 Vu~0rTd703
k2775K10G06Y  C2013 04 30.32319 12 56 34.36 +07 22 34.6          17.8 Vu~0rTd703
k2775K10G06Y  C2013 04 30.33128 12 56 33.68 +07 23 03.8          18.4 Vu~0rTd703
k2775K10G06Y KC2013 04 30.95031 12 55 53.92 +08 02 06.3          19.0 Vq~0rTdC73
k2775K10G06Y KC2013 04 30.95112 12 55 53.86 +08 02 09.3          18.8 Vq~0rTdC73
k2775K10G06Y KC2013 04 30.95192 12 55 53.79 +08 02 12.4          18.7 Vq~0rTdC73
k2775K10G06Y KC2013 04 30.95273 12 55 53.74 +08 02 15.3          18.8 Vq~0rTdC73
k2775K10G06Y KC2013 04 30.95353 12 55 53.68 +08 02 18.3          18.8 Vq~0rTdC73
k2775K10G06Y KC2013 04 30.95433 12 55 53.63 +08 02 21.5          18.7 Vq~0rTdC73
k2775K10G06Y KC2013 04 30.95514 12 55 53.56 +08 02 24.4          18.8 Vq~0rTdC73
k2775K10G06Y KC2013 04 30.95594 12 55 53.51 +08 02 27.3          18.8 Vq~0rTdC73
k2775K10G06Y KC2013 04 30.95675 12 55 53.45 +08 02 30.5          18.6 Vq~0rTdC73
k2775K10G06Y KC2013 04 30.95715 12 55 53.42 +08 02 31.8          18.5 Vq~0rTdC73
k2775K10G06Y KC2013 04 30.95755 12 55 53.39 +08 02 33.1          18.7 Vq~0rTdC73
k2775K10G06Y KC2013 04 30.95795 12 55 53.36 +08 02 34.7          18.8 Vq~0rTdC73
k2775K10G06Y KC2013 04 30.95836 12 55 53.34 +08 02 36.3          18.9 Vq~0rTdC73
k2775K10G06Y KC2013 04 30.95876 12 55 53.32 +08 02 37.7          18.9 Vq~0rTdC73
k2775K10G06Y KC2013 04 30.95916 12 55 53.29 +08 02 39.1          18.8 Vq~0rTdC73
k2775K10G06Y KC2013 04 30.95956 12 55 53.26 +08 02 40.5          19.0 Vq~0rTdC73
k2775K10G06Y KC2013 04 30.95997 12 55 53.25 +08 02 42.1          18.8 Vq~0rTdC73
k2775K10G06Y  C2013 05 03.22456 12 53 36.34 +10 22 43.7          18.3 Vu~0rTd703
k2775K10G06Y  C2013 05 03.23140 12 53 35.91 +10 23 08.3          18.4 Vu~0rTd703
k2775K10G06Y  C2013 05 03.23829 12 53 35.48 +10 23 33.6          18.5 Vu~0rTd703
k2775K10G06Y  C2013 05 03.24516 12 53 34.98 +10 23 58.4          18.4 Vu~0rTd703
k2775K10G06Y  C2013 05 03.25199 12 53 34.54 +10 24 23.5          18.4 Vu~0rTd703
k2775K10G06Y  C2013 05 03.25877 12 53 34.04 +10 24 48.4          18.5 Vu~0rTd703
k2775K10G06Y KC2013 05 04.90890 12 52 02.90 +12 03 03.1          18.0 Rc~0rokA53
k2775K10G06Y KC2013 05 04.92009 12 52 02.26 +12 03 41.8          17.3 Rc~0rokA53
k2775K10G06Y KC2013 05 04.93057 12 52 01.58 +12 04 19.1          17.7 Rc~0rokA53
k2775K10G06Y KC2013 05 04.94104 12 52 00.93 +12 04 56.4          18.0 Rc~0rokA53
k2775K10G06Y KC2013 06 01.14989 12 48 46.72 +30 19 47.8          19.7 Rq~0sPU448
k2775K10G06Y KC2013 06 01.16754 12 48 47.22 +30 20 13.6          19.6 Rq~0sPU448
k2775K10G06Y KC2013 06 01.18298 12 48 47.67 +30 20 36.1          19.6 Rq~0sPU448
k2775K10G06Y KC2013 08 04.93479 14 37 41.55 +40 01 10.2          19.1 Ro~0tQCB67
k2775K10G06Y KC2013 08 04.94192 14 37 42.53 +40 01 10.9          18.9 Ro~0tQCB67
k2775K10G06Y KC2013 08 04.94906 14 37 43.51 +40 01 11.7          19.3 Ro~0tQCB67
k2775K10G06Y KC2013 08 20.91957 15 19 32.00 +39 59 46.3                t~0tm0204
k2775K10G06Y KC2013 08 20.94559 15 19 36.43 +39 59 41.3          20.1 Rt~0tm0204
k2775K10G06Y KC2013 09 26.04501017 48 53.29 +31 24 12.3          19.6 Vu~0vHiH21
k2775K10G06Y KC2013 09 26.05669517 48 57.51 +31 23 43.7          19.3 Vu~0vHiH21
k2775K10G06Y KC2013 09 27.03621317 55 12.03 +30 42 43.0          18.9 Vu~0uvfH21
k2775K10G06Y KC2013 09 27.03928917 55 13.22 +30 42 34.0          18.9 Vu~0uvfH21
k2775K10G06Y KC2013 10 17.79850 20 41 09.79 +03 56 50.3          18.2 Vq~0vrB560
k2775K10G06Y KC2013 10 17.80090 20 41 11.02 +03 56 36.1          18.2 Vq~0vrB560
k2775K10G06Y KC2013 10 17.80330 20 41 12.25 +03 56 21.8          18.3 Vq~0vrB560
k2775K10G06Y KC2013 10 20.06080621 00 40.42 +00 14 54.6          18.3 Vu~0vrBH21
k2775K10G06Y KC2013 10 20.06460921 00 42.32 +00 14 32.7          18.3 Vu~0vrBH21
k2775K10G06Y KC2013 10 20.06857321 00 44.29 +00 14 09.7          18.2 Vu~0vrBH21
k2775K10G06Y KC2013 10 20.09011 21 00 55.77 +00 12 10.3          17.7 Rq~0vrB448
k2775K10G06Y KC2013 10 20.09290 21 00 57.17 +00 11 54.0          18.5 Rq~0vrB448
k2775K10G06Y KC2013 10 20.09657 21 00 58.99 +00 11 33.0          18.1 Rq~0vrB448
k2775K10G06Y KC2013 10 20.10158 21 01 01.47 +00 11 03.6          18.4 Rq~0vrB448
k2775K10G06Y KC2013 10 20.10565 21 01 03.46 +00 10 40.1          18.4 Rq~0vrB448
k2775K10G06Y  C2013 10 20.11723 21 01 09.28 +00 09 34.4          18.3 Ro~0vrBG48
k2775K10G06Y  C2013 10 20.11778 21 01 09.55 +00 09 31.3          18.7 Ro~0vrBG48
k2775K10G06Y  C2013 10 20.11882 21 01 10.09 +00 09 24.8          18.9 Ro~0vrBG48
k2775K10G06Y  C2013 10 21.08589 21 09 21.76 -01 22 39.5          18.0 Rq~0vrBH45
k2775K10G06Y  C2013 10 21.08716 21 09 22.41 -01 22 47.1          18.0 Rq~0vrBH45
k2775K10G06Y  C2013 10 21.08777 21 09 22.70 -01 22 50.9          17.7 Rq~0vrBH45
k2775K10G06Y  C2013 10 21.08847 21 09 23.02 -01 22 55.2          17.8 Rq~0vrBH45
k2775K10G06Y  C2013 10 21.08951 21 09 23.53 -01 23 00.5          18.0 Rq~0vrBH45
k2775K10G06Y  C2013 10 21.09078 21 09 24.19 -01 23 07.9          18.0 Rq~0vrBH45
k2775K10G06Y  C2013 10 21.09160 21 09 24.54 -01 23 11.8          17.9 Rq~0vrBH45
k2775K10G06Y  C2013 10 21.09266 21 09 25.08 -01 23 17.9          18.0 Rq~0vrBH45
k2775K10G06Y  C2013 10 22.07167 21 17 37.59 -02 54 05.8          18.6 Ro~0vrBG48
k2775K10G06Y  C2013 10 22.07270 21 17 38.09 -02 54 11.6          18.5 Ro~0vrBG48
k2775K10G06Y  C2013 10 22.07373 21 17 38.59 -02 54 16.8          18.3 Ro~0vrBG48
k2775K10G06Y  C2013 10 24.11100 21 34 16.04 -05 54 08.4          18.1 Rq~0vrBH45
k2775K10G06Y  C2013 10 24.11168 21 34 16.33 -05 54 11.5          17.9 Rq~0vrBH45
k2775K10G06Y  C2013 10 24.11256 21 34 16.77 -05 54 16.3          18.1 Rq~0vrBH45
k2775K10G06Y  C2013 10 24.11371 21 34 17.28 -05 54 22.2          18.2 Rq~0vrBH45
k2775K10G06Y  C2013 10 24.11477 21 34 17.78 -05 54 27.4          18.1 Rq~0vrBH45
k2775K10G06Y  C2013 10 24.11565 21 34 18.16 -05 54 31.7          18.3 Rq~0vrBH45
k2775K10G06Y  C2013 10 25.08648 21 42 01.64 -07 15 15.1          18.2 Rq~0vrBH45
k2775K10G06Y  C2013 10 25.08828 21 42 02.40 -07 15 23.4          18.2 Rq~0vrBH45
k2775K10G06Y  C2013 10 25.08892 21 42 02.78 -07 15 26.9          18.0 Rq~0vrBH45
k2775K10G06Y  C2013 10 25.09065 21 42 03.53 -07 15 35.1          18.3 Rq~0vrBH45
k2775K10G06Y  C2013 10 25.09150 21 42 03.94 -07 15 39.5          18.3 Rq~0vrBH45
k2775K10G06Y  C2013 10 25.09220 21 42 04.23 -07 15 42.6          18.1 Rq~0vrBH45
k2775K10G06Y  C2013 10 25.14510 21 42 29.13 -07 19 58.8          18.0 Vq~0vrBG96
k2775K10G06Y  C2013 10 25.14980 21 42 31.28 -07 20 21.6          18.0 Vq~0vrBG96
k2775K10G06Y  C2013 10 25.15447 21 42 33.42 -07 20 44.3          18.0 Vq~0vrBG96
k2775K10G06Y  C2013 10 25.15918 21 42 35.56 -07 21 07.2          18.0 Vq~0vrBG96
k2775K10G06Y KC2013 10 28.09762 22 04 58.65 -11 02 45.8          18.2 Rq~0wCE448
k2775K10G06Y KC2013 10 28.10205 22 05 00.55 -11 03 04.4          17.8 Rq~0wCE448
k2775K10G06Y KC2013 10 28.10678 22 05 02.58 -11 03 23.9          18.1 Rq~0wCE448
k2775K10G06Y KC2013 10 28.11214 22 05 04.85 -11 03 46.5          18.3 Rq~0wCE448
k2775K10G06Y  C2013 11 01.11535 22 33 04.01 -15 10 28.4          18.2 Vq~0wCE703
k2775K10G06Y  C2013 11 01.12253 22 33 06.72 -15 10 52.0          18.0 Vq~0wCE703
k2775K10G06Y  C2013 11 01.12972 22 33 09.47 -15 11 15.1          18.1 Vq~0wCE703
k2775K10G06Y  C2013 11 01.13690 22 33 12.28 -15 11 37.7          18.1 Vq~0wCE703
k2775K10G06Y  C2013 11 09.09470 23 20 17.36 -20 32 08.1          18.7 Vq~0x7X703
k2775K10G06Y  C2013 11 09.10376 23 20 20.07 -20 32 23.9          18.7 Vq~0x7X703
k2775K10G06Y  C2013 11 09.10829 23 20 21.52 -20 32 32.8          18.2 Vq~0x7X703
k2775K10G06Y KC2013 11 09.12929 23 20 27.77 -20 33 07.8          18.8 Rq~0x7X448
k2775K10G06Y KC2013 11 09.13562 23 20 29.66 -20 33 18.9          18.1 Rq~0x7X448
k2775K10G06Y  C2013 11 09.13692 23 20 30.13 -20 33 20.7          18.6 Vq~0x7X703
k2775K10G06Y  C2013 11 09.14319 23 20 32.01 -20 33 31.3          18.9 Vq~0x7X703
k2775K10G06Y KC2013 11 09.14459 23 20 32.36 -20 33 33.6          18.5 Rq~0x7X448
k2775K10G06Y  C2013 11 09.14946 23 20 33.94 -20 33 41.4          18.4 Vq~0x7X703
k2775K10G06Y  C2013 11 09.15576 23 20 35.84 -20 33 53.2          18.8 Vq~0x7X703
k2775K10G06Y  C2013 11 19.23076 00 06 28.821-23 31 03.28         19.4 rL~0xRcF51
k2775K10G06Y  C2013 11 19.24216 00 06 31.412-23 31 09.55         19.3 rL~0xRcF51
k2775K10G06Y  C2013 11 19.25408 00 06 34.112-23 31 15.93         19.3 iL~0xRcF51
k2775K10G06Y  C2013 11 19.26684 00 06 37.000-23 31 22.81         19.3 iL~0xRcF51
k2775K10G06Y KC2013 12 14.18377 01 22 59.22 -22 30 49.7          20.3 Rq~0yN1448
k2775K10G06Y KC2013 12 14.22393 01 23 04.87 -22 30 24.6          19.7 Rq~0yN1448
k2775K10G06Y KC2013 12 14.27663 01 23 12.53 -22 29 51.0          18.2 Rq~0yN1448
k2775K10G06Y KC2016 02 06.54322 14 44 31.39 -27 09 24.7                o~1l24291
k2775K10G06Y KC2016 02 06.54751 14 44 32.11 -27 09 25.3                o~1l24291
k2775K10G06Y KC2016 02 06.55181 14 44 32.74 -27 09 26.6                o~1l24291
k2775K10G06Y  C2016 03 18.57814 16 31 30.434-21 24 33.97         20.7 wL~1oYbF51
k2775K10G06Y  C2016 03 18.58721 16 31 31.844-21 24 21.77         20.6 wL~1oYbF51
k2775K10G06Y  C2016 03 18.60527 16 31 34.660-21 23 56.99         20.5 wL~1oYbF51
