     K10R30X* C2010 09 05.43059 00 22 55.59 +19 44 10.3          19.5 Vr~0Mh7G96
     K10R30X  C2010 09 05.43705 00 22 51.67 +19 44 27.7          19.5 Vr~0Mh7G96
     K10R30X  C2010 09 05.44353 00 22 47.71 +19 44 45.0          19.6 Vr~0Mh7G96
     K10R30X  C2010 09 05.44995 00 22 43.86 +19 45 02.0          19.4 Vr~0Mh7G96
     K10R30X  C2010 09 05.46316 00 22 34.60 +19 45 17.9          19.3 Ro~0Mh7H01
     K10R30X  C2010 09 05.46942 00 22 30.90 +19 45 33.9          19.6 Ro~0Mh7H01
     K10R30X  C2010 09 05.47500 00 22 27.59 +19 45 47.9          20.1 Ro~0Mh7H01
     K10R30X  C2010 09 05.48181 00 22 23.61 +19 46 04.8          19.8 Ro~0Mh7H01
     K10R30X  C2010 09 05.49155 00 22 18.87 +19 46 48.4          19.6 Vr~0Mh7G96
     K10R30X  C2010 09 05.49220 00 22 18.51 +19 46 49.9          19.6 Vr~0Mh7G96
     K10R30X  C2010 09 05.49285 00 22 18.12 +19 46 51.5          19.7 Vr~0Mh7G96
     K10R30X  C2010 09 05.50389 00 22 11.63 +19 47 18.8          19.3 Vr~0Mh7G96
     K10R30X  C2010 09 05.50440 00 22 11.30 +19 47 20.2          19.3 Vr~0Mh7G96
     K10R30X  C2010 09 05.50488 00 22 11.03 +19 47 21.2          19.5 Vr~0Mh7G96
     K10R30X  C2010 09 05.50537 00 22 10.74 +19 47 22.4          19.5 Vr~0Mh7G96
     K10R30X  C2010 09 05.65616 00 21 30.19 +19 56 22.0          19.8 Ro~0Mh7300
     K10R30X  C2010 09 05.65866 00 21 28.48 +19 56 30.6          19.8 Ro~0Mh7300
     K10R30X  C2010 09 05.66112 00 21 26.76 +19 56 40.2          19.3 Ro~0Mh7300
     K10R30X  C2010 09 05.66357 00 21 24.95 +19 56 48.6          19.7 Ro~0Mh7300
     K10R30X QC2010 09 05.68920 00 20 57.50 +20 07 55.2          19.1 Vr~0Mh7E12
     K10R30X QC2010 09 05.69267 00 20 55.00 +20 08 07.6          19.0 Vr~0Mh7E12
     K10R30X KC2010 09 05.81222 00 20 27.05 +20 02 00.0          18.7 Rr~0Mh7113
     K10R30X KC2010 09 05.81826 00 20 23.48 +20 02 28.0          19.0 Rr~0Mh7113
     K10R30X KC2010 09 05.82429 00 20 19.84 +20 02 55.7          19.3 Rr~0Mh7113
     K10R30X KC2010 09 05.83522 00 20 12.06 +20 03 35.0          19.5 Rv~0Mh7B15
     K10R30X KC2010 09 05.83641 00 20 11.32 +20 03 40.7          19.4 Rv~0Mh7B15
     K10R30X KC2010 09 05.83760 00 20 10.57 +20 03 46.4          19.5 Rv~0Mh7B15
     K10R30X KC2010 09 05.83880 00 20 09.80 +20 03 52.0          19.1 Rv~0Mh7B15
     K10R30X KC2010 09 05.83999 00 20 09.04 +20 03 57.7          18.9 Rv~0Mh7B15
     K10R30X KC2010 09 05.84119 00 20 08.28 +20 04 02.9          18.8 Rv~0Mh8B15
     K10R30X KC2010 09 05.85852 00 19 58.92 +20 05 20.2          19.1 Vu~0Mh8B86
     K10R30X KC2010 09 05.86422 00 19 55.19 +20 05 46.6          18.9 Vu~0Mh8B86
     K10R30X KC2010 09 05.86907 00 19 51.98 +20 06 09.6          19.0 Vu~0Mh8B86
     K10R30X KC2010 09 05.87393 00 19 48.75 +20 06 32.7          18.8 Vu~0Mh8B86
     K10R30X  C2010 09 05.89735 00 19 36.53 +20 09 21.6          18.4 Rd~0MwFA77
     K10R30X  C2010 09 05.89901 00 19 35.37 +20 09 32.6          18.6 Rd~0MwFA77
     K10R30X  C2010 09 05.90061 00 19 34.16 +20 09 37.9          18.4 Rd~0MwFA77
     K10R30X  C2010 09 05.90226 00 19 32.84 +20 09 48.0          18.9 Rd~0MwFA77
     K10R30X  C2010 09 05.90386 00 19 31.53 +20 09 55.8          18.5 Rd~0MwFA77
     K10R30X KC2010 09 05.93104 00 19 06.21 +20 11 16.4          18.8 Rr~0Mh8113
     K10R30X KC2010 09 05.93598 00 19 02.44 +20 11 40.0          19.1 Rr~0Mh8113
     K10R30X KC2010 09 05.94066 00 19 04.22 +20 11 35.0                u~0Mh8J95
     K10R30X KC2010 09 05.94096 00 18 58.60 +20 12 03.6          19.0 Rr~0Mh8113
     K10R30X KC2010 09 05.94486 00 19 01.06 +20 11 55.2                u~0Mh8J95
     K10R30X KC2010 09 05.94982 00 18 57.33 +20 12 20.0          19.6 Ru~0Mh8J95
     K10R30X KC2010 09 06.08090 00 17 01.54 +20 22 38.4          19.0 Rr~0Mh8113
     K10R30X KC2010 09 06.08753 00 16 55.74 +20 23 07.3          18.4 Rr~0Mh8113
     K10R30X KC2010 09 06.09416 00 16 49.89 +20 23 36.1          19.0 Rr~0Mh8113
     K10R30X KC2010 09 06.10435 00 16 38.03 +20 24 37.5                u~0NnQ118
     K10R30X KC2010 09 06.11033 00 16 32.74 +20 25 03.1                u~0NnQ118
     K10R30X KC2010 09 06.11597 00 16 27.72 +20 25 26.9                u~0NnQ118
     K10R30X  C2010 09 06.35486 00 13 33.23 +20 50 35.0          18.9  c~0Mh8704
     K10R30X  C2010 09 06.36654 00 13 19.38 +20 51 44.5          19.3  c~0Mh8704
     K10R30X  C2010 09 06.37817 00 13 05.38 +20 52 54.0          19.3  c~0Mh8704
     K10R30X  C2010 09 06.38993 00 12 51.15 +20 54 03.4          18.8  c~0Mh8704
     K10R30X  C2010 09 06.40156 00 12 36.99 +20 55 11.4          19.0  c~0Mh8704
     K10R30X KC2010 09 06.41275 00 12 23.00 +20 56 34.5          18.8 Ru~0Mh8448
     K10R30X KC2010 09 06.41819 00 12 16.29 +20 57 06.4          18.9 Ru~0Mh8448
     K10R30X KC2010 09 06.42351 00 12 09.69 +20 57 37.0          18.7 Ru~0Mh8448
     K10R30X KC2010 09 06.42878 00 12 03.20 +20 58 07.8          18.8 Ru~0Mh8448
     K10R30X KC2010 09 06.43395 00 11 56.75 +20 58 37.6          18.9 Ru~0Mh8448
     K10R30X KC2010 09 06.93605 00 01 48.24 +22 06 50.8          18.5 Ru~0Mh8160
     K10R30X KC2010 09 06.93819 00 01 43.78 +22 07 15.7          18.3 Ru~0Mh8160
     K10R30X KC2010 09 06.93989600 01 45.64 +22 05 08.3                u~0Mh8J95
     K10R30X KC2010 09 06.94049 00 01 39.15 +22 07 43.0          18.2 Ru~0Mh8160
     K10R30X KC2010 09 06.94215100 01 41.17 +22 05 35.0                u~0Mh8J95
     K10R30X KC2010 09 06.94458300 01 36.32 +22 06 03.8          18.1 Ru~0Mh8J95
     K10R30X  C2010 09 07.32730123 45 26.59 +23 41 46.2          17.3 Vo~0Mh8H21
     K10R30X  C2010 09 07.33035823 45 15.17 +23 42 40.3          17.4 Vo~0Mh8H21
     K10R30X  C2010 09 07.33322323 45 04.46 +23 43 30.9          17.4 Vo~0Mh8H21
     K10R30X  C2010 09 07.33608023 44 53.62 +23 44 21.8          17.7 Vo~0Mh8H21
     K10R30X  C2010 09 07.34180623 44 31.96 +23 46 03.3          17.4 Vo~0Mh8H21
     K10R30X  C2010 09 07.34466323 44 21.14 +23 46 54.0          17.9 Vo~0Mh8H21
     K10R30X  C2010 09 07.34639123 44 14.44 +23 47 24.7          17.2 Vo~0Mh8H21
     K10R30X  C2010 09 07.46992 23 35 47.65 +24 30 25.6          16.9 Ro~0Mh8H01
     K10R30X  C2010 09 07.47479 23 35 24.70 +24 32 04.4          16.8 Ro~0Mh8H01
     K10R30X  C2010 09 07.47997 23 35 00.21 +24 33 49.7          16.4 Ro~0Mh8H01
     K10R30X  C2010 09 07.48457 23 34 38.25 +24 35 24.0          16.5 Ro~0Mh8H01
     K10R30X  C2010 09 07.49040 23 34 10.31 +24 37 23.8          16.1 Ro~0Mh8H01
     K10R30X KC2010 09 07.83522422 57 53.78 +27 35 22.4          16.5 Ru~0Mh8J95
     K10R30X KC2010 09 07.83692322 57 35.47 +27 36 41.7          16.4 Ru~0Mh8J95
     K10R30X KC2010 09 07.83875222 57 15.63 +27 38 07.2          16.4 Ru~0Mh8J95
     K10R30X KC2010 09 07.96830722 27 32.55 +29 26 26.6          16.6 Ru~0Mh8J95
     K10R30X KC2010 09 07.96932722 27 15.00 +29 27 19.3          15.9 Ru~0Mh8J95
     K10R30X KC2010 09 07.97041822 26 56.18 +29 28 15.7          16.1 Ru~0Mh8J95
     K10R30X  C2010 09 08.12306221 33 09.84 +31 47 57.4          17.3 Vo~0Mh8H21
     K10R30X  C2010 09 08.12381321 32 47.31 +31 48 34.0          17.3 Vo~0Mh8H21
     K10R30X  C2010 09 08.12843821 30 26.97 +31 52 12.2          16.5 Vo~0Mh8H21
     K10R30X  C2010 09 08.12907821 30 07.30 +31 52 41.1          16.5 Vo~0Mh8H21
     K10R30X  C2010 09 08.13036021 29 28.00 +31 53 39.2          16.7 Vo~0Mh8H21
     K10R30X  C2010 09 08.13100121 29 08.10 +31 54 08.0          16.4 Vo~0Mh8H21
     K10R30X  C2010 09 08.13164121 28 48.38 +31 54 37.2          16.4 Vo~0Mh8H21
     K10R30X 6C2010 09 08.38609818 19 38.93 +27 54 27.5          14.5 Ro~0Mh8F65
     K10R30X 6C2010 09 08.38750518 18 23.61 +27 48 51.6          15.3 Ro~0Mh8F65
     K10R30X 6C2010 09 08.38876118 17 16.54 +27 43 49.3          14.5 Ro~0Mh8F65
     K10R30X 2C2013 07 14.56990322 51 16.738+12 37 25.31         25.2 Rt~0yN2568
     K10R30X 2C2013 07 14.57446622 51 16.235+12 37 25.51         24.7 Rt~0yN2568
     K10R30X 2C2013 08 08.35928221 17 06.387+06 38 53.32         23.9 Rt~0yN2568
     K10R30X 2C2013 08 08.36650821 17 03.398+06 38 36.67         23.9 Rt~0yN2568
     K10R30X 2C2013 08 08.37375321 17 00.417+06 38 20.05         23.9 Rt~0yN2568
     K10R30X 2C2013 08 13.53812620 41 08.348+02 47 28.67         23.7 Rt~0yN2568
     K10R30X 2C2013 08 13.54884020 41 03.463+02 46 56.00         23.4 Rt~0yN2568
