j8122K10E45W FC1999 03 21.27371711 24 52.165+00 58 34.67         20.3 Rt~1UFd645
j8122K10E45W  C1999 03 22.26870511 23 49.721+01 05 38.74         20.9 Rt~1UFd645
j8122K10E45W  C1999 03 22.26953411 23 49.673+01 05 39.06         21.4 Rt~1UFd645
j8122K10E45W  C1999 03 22.27202211 23 49.525+01 05 40.13         20.7 Rt~1UFd645
j8122K10E45W* C2010 03 15.10972 03 53 48.87 +18 35 16.7          19.9 Vr~0F7JG96
j8122K10E45W  C2010 03 15.11313 03 53 49.81 +18 35 19.6          20.0 Vr~0F7JG96
j8122K10E45W  C2010 03 15.11653 03 53 50.71 +18 35 22.1          20.3 Vr~0F7JG96
j8122K10E45W  C2010 03 15.14047 03 53 57.26 +18 35 40.6          20.0 Vr~0F7JG96
j8122K10E45W  C2010 03 15.14319 03 53 58.02 +18 35 42.9          19.9 Vr~0F7JG96
j8122K10E45W  C2010 03 15.14596 03 53 58.77 +18 35 45.3          19.7 Vr~0F7JG96
j8122K10E45W  C2010 03 15.14872 03 53 59.49 +18 35 47.1          20.1 Vr~0F7JG96
j8122K10E45W  C2010 03 15.81631 03 57 02.23 +18 44 22.9          19.9 Rc~0F7J587
j8122K10E45W FC2010 03 15.82014 03 57 03.23 +18 44 25.0                c~0F7J587
j8122K10E45W KC2010 03 15.83703 03 57 08.00 +18 44 38.2                u~0F7JJ95
j8122K10E45W KC2010 03 15.84598 03 57 10.38 +18 44 45.3                u~0F7JJ95
j8122K10E45W KC2010 03 15.85656 03 57 13.20 +18 44 53.1          20.7 Ru~0F7JJ95
j8122K10E45W  C2010 03 16.10801 03 58 21.66 +18 48 05.9          20.2 Rc~0F7J926
j8122K10E45W  C2010 03 16.10825 03 58 21.64 +18 48 05.6          20.1 Vr~0F7JG96
j8122K10E45W  C2010 03 16.10833 03 58 21.66 +18 48 05.8                o~0F7J291
j8122K10E45W  C2010 03 16.11214 03 58 22.71 +18 48 08.3                o~0F7J291
j8122K10E45W  C2010 03 16.11322 03 58 22.98 +18 48 09.2          20.3 Vr~0F7JG96
j8122K10E45W  C2010 03 16.11568 03 58 23.64 +18 48 11.0          21.0 Rc~0F7J926
j8122K10E45W HC2010 03 16.11691 03 58 23.95 +18 48 12.6                o~0F7J291
j8122K10E45W  C2010 03 16.11814 03 58 24.31 +18 48 13.0          20.0 Vr~0F7JG96
j8122K10E45W  C2010 03 16.12313 03 58 25.68 +18 48 16.5          20.4 Vr~0F7JG96
j8122K10E45W  C2010 03 16.12334 03 58 25.74 +18 48 17.5          19.6 Rc~0F7J926
j8122K10E45W  C2010 03 17.11297 04 02 52.90 +19 00 22.6          20.3 Vr~0F7JG96
j8122K10E45W  C2010 03 17.11730 04 02 53.95 +19 00 23.7          18.6 Vr~0F7JG96
j8122K10E45W  C2010 03 17.12171 04 02 55.21 +19 00 29.3          19.9 Vr~0F7JG96
j8122K10E45W  C2010 03 17.12610 04 02 56.36 +19 00 32.1          20.4 Vr~0F7JG96
j8122K10E45W  C2010 03 17.13079 04 02 57.64 +19 00 35.6                o~0F7J291
j8122K10E45W  C2010 03 17.13486 04 02 58.67 +19 00 38.4                o~0F7J291
j8122K10E45W HC2010 03 17.13867 04 02 59.68 +19 00 41.3                o~0F7J291
j8122K10E45W tC2010 03 18.12220 04 07 22.02 +19 12 08.9          20.6 Vo~0F7J291
j8122K10E45W tC2010 03 18.12611 04 07 23.07 +19 12 11.7          20.7 Vo~0F7J291
j8122K10E45W tC2010 03 18.13190 04 07 24.65 +19 12 15.5          20.3 Vo~0F7J291
j8122K10E45W  C2010 03 19.13301 04 11 48.34 +19 23 21.6          20.8 Vo~0F7J291
j8122K10E45W  C2010 03 19.13706 04 11 49.42 +19 23 24.4          20.7 Vo~0F7J291
j8122K10E45W  C2010 03 19.14097 04 11 50.49 +19 23 26.7          21.0 Vo~0F7J291
j8122K10E45W  C2010 03 20.12596 04 16 06.86 +19 33 49.3          21.8 Vo~0FTB291
j8122K10E45W  C2010 03 20.13114 04 16 08.31 +19 33 53.2          21.5 Vo~0FTB291
j8122K10E45W HC2010 03 20.13796 04 16 10.04 +19 33 54.9                o~0FTB291
j8122K10E45W HC2010 03 21.16958 04 20 35.18 +19 44 13.7                o~0FTB291
j8122K10E45W HC2010 03 21.17364 04 20 36.23 +19 44 18.1                o~0FTB291
j8122K10E45W HC2010 03 21.17795 04 20 37.39 +19 44 20.3                o~0FTB291
j8122K10E45W 2C2010 03 24.24893504 33 27.569+20 11 51.01         20.9 Ro~0Fo2568
j8122K10E45W 2C2010 03 24.25006704 33 27.847+20 11 51.55         21.1 Ro~0Fo2568
j8122K10E45W 2C2010 03 24.25112004 33 28.102+20 11 52.06         21.0 Ro~0Fo2568
j8122K10E45W 2C2010 03 24.25224304 33 28.377+20 11 52.62         21.1 Ro~0Fo2568
j8122K10E45W 2C2010 03 24.25332104 33 28.639+20 11 53.11         21.1 Ro~0Fo2568
j8122K10E45W 2C2010 03 30.23870604 57 09.742+20 52 57.16         20.8 Ro~0Fo2568
j8122K10E45W 2C2010 03 30.24054504 57 10.159+20 52 57.80         20.6 Ro~0Fo2568
j8122K10E45W 2C2010 03 30.24209704 57 10.519+20 52 58.30         20.7 Ro~0Fo2568
j8122K10E45W 2C2010 04 04.22537505 15 38.480+21 16 13.39         20.5 Ro~0GDb568
j8122K10E45W 2C2010 04 04.22704505 15 38.837+21 16 13.78         20.4 Ro~0GDb568
j8122K10E45W HC2010 04 08.14148 05 29 25.29 +21 28 28.8                o~0Fo2291
j8122K10E45W HC2010 04 08.14569 05 29 26.17 +21 28 30.5                o~0Fo2291
j8122K10E45W 2C2010 04 08.30434705 29 58.815+21 28 55.21         20.6 Ro~0GDb568
j8122K10E45W 2C2010 04 08.30577905 29 59.114+21 28 55.43         20.7 Ro~0GDb568
j8122K10E45W  C2012 05 01.24706 14 32 27.85 -15 46 06.0          20.8 Vr~0gN8G96
j8122K10E45W  C2012 05 01.25237 14 32 27.38 -15 46 03.6          20.9 Vr~0gN8G96
j8122K10E45W  C2012 05 01.25767 14 32 26.95 -15 46 01.4          20.5 Vr~0gN8G96
j8122K10E45W  C2012 05 01.26294 14 32 26.48 -15 45 59.3          20.6 Vr~0gN8G96
j8122K10E45W |C2012 05 01.28653 14 32 24.23 -15 45 43.2          21.2 Vo~0gN8807
j8122K10E45W |C2012 05 01.29059 14 32 23.88 -15 45 41.8          21.1 Vo~0gN8807
j8122K10E45W  C2012 05 01.29110 14 32 24.04 -15 45 47.1          20.9 Vr~0gN8G96
j8122K10E45W |C2012 05 01.29465 14 32 23.53 -15 45 39.8          21.1 Vo~0gN8807
j8122K10E45W  C2012 05 01.30947 14 32 22.40 -15 45 39.1          20.7 Ro~0gN8H01
j8122K10E45W  C2012 05 01.31082 14 32 22.34 -15 45 38.1          20.8 Vr~0gN8G96
j8122K10E45W  C2012 05 01.31660 14 32 21.80 -15 45 36.0          20.7 Ro~0gN8H01
j8122K10E45W  C2012 05 01.32532 14 32 21.03 -15 45 32.0          20.4 Ro~0gN8H01
j8122K10E45W  C2012 05 01.33759 14 32 19.98 -15 45 27.0          20.5 Ro~0gN8H01
j8122K10E45W HC2012 05 12.22928 14 16 48.60 -14 22 59.4                o~0ger291
j8122K10E45W HC2012 05 12.23359 14 16 48.29 -14 22 58.4                o~0ger291
j8122K10E45W KC2012 05 16.29047 14 11 07.85 -13 51 18.1                o~0ger291
j8122K10E45W KC2012 05 16.29299 14 11 07.66 -13 51 17.4          20.4 Ro~0ger291
j8122K10E45W KC2012 05 16.29551 14 11 07.44 -13 51 16.3          20.4 Ro~0ger291
j8122K10E45W KC2012 05 17.31437 14 09 43.65 -13 43 20.4          20.5 Ro~0ger291
j8122K10E45W KC2012 05 17.31639 14 09 43.50 -13 43 19.9          20.4 Ro~0ger291
j8122K10E45W KC2012 05 17.31842 14 09 43.35 -13 43 18.9          20.2 Ro~0ger291
j8122K10E45W  C2012 05 17.36096 14 09 40.065-13 42 58.90         20.8 wL~0gerF51
j8122K10E45W  C2012 05 17.38919 14 09 37.648-13 42 45.13         21.0 wL~0gerF51
j8122K10E45W  C2012 05 17.40330 14 09 36.460-13 42 38.64         21.0 wL~0gerF51
j8122K10E45W KC2012 06 09.19534 13 44 21.52 -11 08 52.5                o~0hJz291
j8122K10E45W KC2012 06 09.19890 13 44 21.31 -11 08 52.3          20.8 Ro~0hJz291
j8122K10E45W KC2012 06 09.20245 13 44 21.17 -11 08 49.9          20.6 Ro~0hJz291
j8122K10E45W KC2013 01 30.78779 00 45 24.30 +03 45 55.7          19.3 Rt~0p5u204
j8122K10E45W KC2013 01 30.79998 00 45 28.98 +03 46 23.7                t~0p5u204
j8122K10E45W HC2013 02 05.13395 01 19 43.51 +07 00 40.6          19.0 Ro~0oPu291
j8122K10E45W HC2013 02 05.13451 01 19 43.73 +07 00 41.7          19.1 Ro~0oPu291
j8122K10E45W HC2013 02 05.13506 01 19 43.92 +07 00 42.7          18.8 Ro~0oPu291
j8122K10E45W  C2013 02 06.23604 01 26 40.878+07 38 52.44         19.7 wL~0oPuF51
j8122K10E45W  C2013 02 06.24132 01 26 42.870+07 39 03.33         19.8 wL~0oPuF51
j8122K10E45W  C2013 02 06.24658 01 26 44.838+07 39 14.11         19.7 wL~0oPuF51
j8122K10E45W  C2013 02 06.25183 01 26 46.784+07 39 24.83         19.6 wL~0oPuF51
j8122K10E45W  C2015 04 24.31398 14 57 11.12 -17 34 00.7          21.2 Ro~1ReYG37
j8122K10E45W  C2015 04 24.42509 14 57 02.34 -17 33 21.2                o~1ReYG37
j8122K10E45W  C2016 01 10.08192 23 18 26.92 -05 17 53.0          19.5 Ru~1iG9926
j8122K10E45W  C2016 01 10.08391 23 18 27.77 -05 17 48.2          19.2 Ru~1iG9926
j8122K10E45W  C2016 01 10.08589 23 18 28.61 -05 17 43.6          19.4 Ru~1iG9926
j8122K10E45W  C2016 01 13.06735 23 40 25.94 -03 12 45.8          18.8 Vq~1iG9703
j8122K10E45W  C2016 01 13.07136 23 40 27.67 -03 12 35.3          19.0 Vq~1iG9703
j8122K10E45W  C2016 01 13.07537 23 40 29.37 -03 12 25.5          19.1 Vq~1iG9703
j8122K10E45W  C2016 01 13.07938 23 40 31.15 -03 12 15.7          19.1 Vq~1iG9703
j8122K10E45W  C2016 01 18.07432 00 17 43.73 +00 23 35.9          19.3 Vq~1j8t703
j8122K10E45W  C2016 01 18.08635 00 17 49.03 +00 24 07.2          18.7 Vq~1j8t703
j8122K10E45W KC2016 01 21.80077 00 45 23.52 +03 03 49.5                t~1jhm204
j8122K10E45W IC2016 01 21.80770 00 45 26.56 +03 04 06.9                t~1jhm204
j8122K10E45W KC2016 01 21.81502 00 45 29.78 +03 04 25.5          19.0 Rt~1jhm204
j8122K10E45W KC2016 01 26.80409 01 21 41.12 +06 28 22.0          17.8 Ro~1jhmB67
j8122K10E45W KC2016 01 26.80868 01 21 43.07 +06 28 33.0          17.6 Ro~1jhmB67
j8122K10E45W KC2016 01 26.81329 01 21 45.03 +06 28 43.6          17.9 Ro~1jhmB67
j8122K10E45W  C2016 01 28.05291 01 30 30.39 +07 16 30.0          19.0 Rq~1jhmH45
j8122K10E45W  C2016 01 28.05384 01 30 30.82 +07 16 33.0          18.9 Rq~1jhmH45
j8122K10E45W  C2016 01 28.05467 01 30 31.12 +07 16 34.4          18.9 Rq~1jhmH45
j8122K10E45W  C2016 01 28.06204 01 30 34.24 +07 16 50.7          18.9 Rq~1jhmH45
j8122K10E45W  C2016 01 28.06329 01 30 34.71 +07 16 54.3          18.9 Rq~1jhmH45
j8122K10E45W  C2016 01 28.06414 01 30 35.09 +07 16 55.8          19.0 Rq~1jhmH45
j8122K10E45W  C2016 01 28.06554 01 30 35.72 +07 16 58.8          18.9 Rq~1jhmH45
j8122K10E45W  C2016 01 28.06646 01 30 36.10 +07 17 01.8          19.2 Rq~1jhmH45
j8122K10E45W  C2016 01 28.12676 01 31 01.37 +07 19 19.9          18.5 Vq~1jhm703
j8122K10E45W  C2016 01 28.13126 01 31 03.27 +07 19 29.9          19.1 Vq~1jhm703
j8122K10E45W  C2016 01 28.13577 01 31 05.12 +07 19 39.3          19.0 Vq~1jhm703
j8122K10E45W  C2016 01 28.14031 01 31 06.96 +07 19 50.8          19.1 Vq~1jhm703
j8122K10E45W  C2016 01 29.07220 01 37 37.12 +07 54 43.5          19.1 Rq~1jhmH45
j8122K10E45W  C2016 01 29.07385 01 37 37.73 +07 54 46.2          19.1 Rq~1jhmH45
j8122K10E45W  C2016 01 29.07488 01 37 38.21 +07 54 49.1          19.1 Rq~1jhmH45
j8122K10E45W  C2016 01 29.07580 01 37 38.62 +07 54 51.5          19.0 Rq~1jhmH45
j8122K10E45W  C2016 01 29.07724 01 37 39.12 +07 54 53.6          19.0 Rq~1jhmH45
j8122K10E45W  C2016 01 29.07834 01 37 39.67 +07 54 56.5          19.1 Rq~1jhmH45
j8122K10E45W  C2016 01 31.05950 01 51 14.67 +09 06 18.3          19.0 Rq~1k2eH45
j8122K10E45W  C2016 01 31.06048 01 51 15.02 +09 06 19.8          18.8 Rq~1k2eH45
j8122K10E45W  C2016 01 31.06142 01 51 15.44 +09 06 22.0          18.8 Rq~1k2eH45
j8122K10E45W  C2016 01 31.06281 01 51 16.01 +09 06 25.5          19.1 Rq~1k2eH45
j8122K10E45W  C2016 01 31.06379 01 51 16.35 +09 06 27.3          19.1 Rq~1k2eH45
j8122K10E45W  C2016 01 31.06475 01 51 16.74 +09 06 29.3          19.2 Rq~1k2eH45
j8122K10E45W  C2016 02 05.06006 02 23 55.93 +11 48 04.4          19.5 Rq~1k2eH45
j8122K10E45W  C2016 02 05.06185 02 23 56.64 +11 48 07.3          19.6 Rq~1k2eH45
j8122K10E45W  C2016 02 05.06286 02 23 56.98 +11 48 09.1          19.1 Rq~1k2eH45
j8122K10E45W  C2016 02 05.06446 02 23 57.58 +11 48 12.0          19.3 Rq~1k2eH45
j8122K10E45W  C2016 02 05.06555 02 23 57.99 +11 48 13.9          19.3 Rq~1k2eH45
j8122K10E45W  C2016 02 05.06642 02 23 58.35 +11 48 14.8          19.4 Rq~1k2eH45
j8122K10E45W  C2016 02 05.06747 02 23 58.69 +11 48 17.2          19.5 Rq~1k2eH45
j8122K10E45W  C2016 02 05.06907 02 23 59.35 +11 48 20.1          19.3 Rq~1k2eH45
j8122K10E45W  C2016 02 06.08435 02 30 19.70 +12 17 52.3          19.4 Vq~1l24703
j8122K10E45W  C2016 02 06.08985 02 30 21.72 +12 18 00.6          18.8 Vq~1l24703
j8122K10E45W  C2016 02 06.09536 02 30 23.68 +12 18 10.8          19.5 Vq~1l24703
j8122K10E45W  C2016 02 06.10086 02 30 25.73 +12 18 19.5          19.1 Vq~1l24703
