     K10W09D* C2010 11 30.47272 10 13 09.55 +17 47 42.6          19.2 Vr~0Ppr703
     K10W09D  C2010 11 30.47855 10 13 05.80 +17 48 18.4          19.4 Vr~0Ppr703
     K10W09D  C2010 11 30.48439 10 13 02.10 +17 48 53.7          19.2 Vr~0Ppr703
     K10W09D  C2010 11 30.49014 10 12 58.42 +17 49 28.0          18.8 Vr~0Ppr703
     K10W09D  C2010 11 30.51625 10 12 41.61 +17 52 03.7          18.4 Vr~0Ppr703
     K10W09D  C2010 11 30.51696 10 12 41.22 +17 52 05.4          18.2 Vr~0Ppr703
     K10W09D  C2010 11 30.51765 10 12 40.81 +17 52 12.0          18.6 Vr~0Ppr703
     K10W09D  C2010 11 30.51835 10 12 40.34 +17 52 16.1          18.6 Vr~0Ppr703
     K10W09D  C2010 11 30.53828 10 12 27.68 +17 54 13.5          19.3 Vr~0Ppr703
     K10W09D  C2010 11 30.53898 10 12 27.28 +17 54 17.6          18.9 Vr~0Ppr703
     K10W09D  C2010 11 30.53969 10 12 26.74 +17 54 21.3          18.5 Vr~0Ppr703
     K10W09D  C2010 11 30.54376 10 12 24.15 +17 54 44.8          19.0 Vr~0PprG96
     K10W09D  C2010 11 30.54422 10 12 23.86 +17 54 47.5          18.9 Vr~0PprG96
     K10W09D  C2010 11 30.54466 10 12 23.58 +17 54 50.1          18.9 Vr~0PprG96
     K10W09D  C2010 11 30.54512 10 12 23.32 +17 54 52.5          19.0 Vr~0PprG96
     K10W09D  C2010 12 01.42631 10 04 50.88 +19 15 15.0          19.1 Vr~0Ppr703
     K10W09D  C2010 12 01.43206 10 04 47.53 +19 15 46.2          19.6 Vr~0Ppr703
     K10W09D  C2010 12 01.43789 10 04 44.25 +19 16 16.8          19.8 Vr~0Ppr703
     K10W09D  C2010 12 01.44374 10 04 40.90 +19 16 48.1          19.1 Vr~0Ppr703
     K10W09D KC2010 12 01.46725 10 04 23.78 +19 18 34.9          19.4 Ru~0PprH36
     K10W09D KC2010 12 01.46960 10 04 22.43 +19 18 46.7          19.1 Ru~0PprH36
     K10W09D KC2010 12 01.47195 10 04 21.13 +19 18 58.2          19.3 Ru~0PprH36
     K10W09D KC2010 12 01.47456 10 04 19.60 +19 19 12.2          19.4 Ru~0PprH36
     K10W09D  C2010 12 01.49387 10 04 12.03 +19 21 13.7          18.8 Rc~0Ppr854
     K10W09D  C2010 12 01.49867 10 04 09.26 +19 21 39.8          18.8 Rc~0Ppr854
     K10W09D  C2010 12 01.50343 10 04 06.47 +19 22 03.8          18.7 Rc~0Ppr854
     K10W09D tC2010 12 02.48648 09 56 22.45 +20 40 16.5          19.3 Vo~0Ppr291
     K10W09D tC2010 12 02.49039 09 56 20.36 +20 40 34.9          19.4 Vo~0Ppr291
     K10W09D tC2010 12 02.49438 09 56 18.23 +20 40 52.9          19.4 Vo~0Ppr291
     K10W09D  C2010 12 03.52996 09 48 49.42 +21 52 46.3          18.8 Ro~0PprH01
     K10W09D tC2010 12 03.53537 09 48 47.65 +21 53 15.1          20.6 Vo~0Ppr291
     K10W09D  C2010 12 03.53686 09 48 46.08 +21 53 12.7          19.0 Ro~0PprH01
     K10W09D  C2010 12 03.54328 09 48 42.98 +21 53 37.4          19.2 Ro~0PprH01
     K10W09D tC2010 12 03.54331 09 48 43.81 +21 53 45.8          20.6 Vo~0Ppr291
     K10W09D  C2010 12 03.54680 09 48 41.28 +21 53 50.8          19.1 Ro~0PprH01
     K10W09D KC2010 12 04.14251 09 44 49.31 +22 30 28.1                v~0Ppr204
     K10W09D KC2010 12 04.14698 09 44 47.31 +22 30 44.8                v~0Ppr204
     K10W09D KC2010 12 04.15100 09 44 45.50 +22 30 59.4                v~0Ppr204
     K10W09D KC2010 12 04.15488 09 44 43.76 +22 31 13.7                v~0Ppr204
     K10W09D KC2010 12 04.15899 09 44 41.93 +22 31 28.6          18.7 Rv~0Ppr204
     K10W09D KC2010 12 08.47132809 20 55.33 +25 56 08.5          19.8 Vo~0PprH21
     K10W09D KC2010 12 08.47589609 20 53.77 +25 56 18.3          19.7 Vo~0PprH21
     K10W09D KC2010 12 08.48046109 20 52.25 +25 56 27.8          19.8 Vo~0PprH21
     K10W09D KC2010 12 08.48502309 20 50.72 +25 56 37.6          19.7 Vo~0PprH21
     K10W09D KC2010 12 14.41851 08 56 56.03 +28 44 27.3          19.7 Vo~0QksH21
     K10W09D KC2010 12 14.42319 08 56 54.86 +28 44 33.1          19.7 Vo~0QksH21
     K10W09D KC2010 12 14.42787 08 56 53.66 +28 44 38.6          19.6 Vo~0QksH21
     K10W09D KC2010 12 19.35129808 41 05.28 +30 10 10.1          19.7 Vo~0QksH21
     K10W09D KC2010 12 19.35849208 41 03.74 +30 10 16.2          19.7 Vo~0QksH21
     K10W09D KC2010 12 19.36578208 41 02.16 +30 10 22.1          19.8 Vo~0QksH21
     K10W09D KC2010 12 19.37318208 41 00.58 +30 10 28.6          20.2 Vo~0QksH21
     K10W09D KC2010 12 26.34508 08 22 01.96 +31 23 06.0          19.9 Ru~0Qo7448
     K10W09D KC2010 12 26.38718 08 21 54.21 +31 23 25.6          19.8 Ru~0Qo7448
     K10W09D KC2010 12 26.42671 08 21 46.88 +31 23 43.0          20.0 Ru~0Qo8448
     K10W09D KC2011 01 02.34629508 05 40.62 +31 57 02.4          21.2 Vo~0QtvH21
     K10W09D KC2011 01 02.35050508 05 39.96 +31 57 02.9          21.3 Vo~0QtvH21
     K10W09D KC2011 01 02.35551608 05 39.21 +31 57 03.5          21.1 Vo~0QtvH21
     K10W09D KC2011 01 09.23384507 52 24.19 +32 02 12.3          20.9 Vo~0RWNH21
     K10W09D KC2011 01 09.24760707 52 22.50 +32 02 12.1          20.5 Vo~0RWNH21
     K10W09D KC2011 01 09.26061907 52 20.92 +32 02 11.8          20.3 Vo~0RWNH21
     K10W09D  C2011 01 30.29870 07 31 35.876+30 36 21.26         22.6 wL~0UtfF51
     K10W09D  C2011 01 30.31395 07 31 35.433+30 36 16.36         22.7 wL~0UtfF51
     K10W09D  C2011 01 30.32826 07 31 34.970+30 36 11.85         22.3 wL~0UtfF51
