     K10V01G* C2010 11 03.08127 20 35 14.72 -03 39 37.1          20.9 Vo~0OSF691
     K10V01G  C2010 11 03.10528 20 35 12.96 -03 39 03.5          21.4 Vo~0OSF691
     K10V01G  C2010 11 03.13035 20 35 11.09 -03 38 28.4          20.7 Vo~0OSF691
     K10V01G KC2010 11 04.03261420 34 11.49 -03 17 24.3          21.0 Vo~0OSFH21
     K10V01G KC2010 11 04.04225020 34 10.80 -03 17 11.1          20.8 Vo~0OSFH21
     K10V01G KC2010 11 04.05321020 34 10.04 -03 16 55.4          20.9 Vo~0OSFH21
     K10V01G  C2010 11 04.07680 20 34 08.63 -03 16 20.7          20.5 Ro~0OSFH01
     K10V01G HC2010 11 04.08099 20 34 08.44 -03 16 15.1                o~0OSF691
     K10V01G  C2010 11 04.08159 20 34 08.28 -03 16 13.8          20.6 Ro~0OSFH01
     K10V01G HC2010 11 04.08637 20 34 08.03 -03 16 07.5                o~0OSF691
     K10V01G  C2010 11 04.08965 20 34 07.69 -03 16 02.6          20.5 Ro~0OSFH01
     K10V01G  C2010 11 04.09815 20 34 07.08 -03 15 50.6          20.8 Ro~0OSFH01
     K10V01G HC2010 11 05.12960 20 32 59.96 -02 51 27.5                o~0OSF291
     K10V01G HC2010 11 05.13361 20 32 59.75 -02 51 20.9                o~0OSF291
     K10V01G HC2010 11 05.13980 20 32 59.39 -02 51 11.1                o~0OSG291
     K10V01G HC2010 11 05.14362 20 32 59.10 -02 51 06.1                o~0OSG291
     K10V01G HC2010 11 05.14742 20 32 58.92 -02 50 57.8                o~0OSG291
     K10V01G  C2010 11 06.10403 20 31 58.32 -02 28 04.7          20.7 Vo~0Osq291
     K10V01G  C2010 11 06.10775 20 31 58.06 -02 27 59.5          20.7 Vo~0Osq291
     K10V01G  C2010 11 06.11153 20 31 57.79 -02 27 53.8          20.7 Vo~0Osq291
     K10V01G KC2010 11 07.00118620 31 02.54 -02 06 23.6          20.9 Vo~0OsqH21
     K10V01G KC2010 11 07.00967820 31 01.97 -02 06 11.3          20.7 Vo~0OsqH21
     K10V01G KC2010 11 07.01809220 31 01.38 -02 05 58.9          20.8 Vo~0OsqH21
     K10V01G HC2010 11 07.16719 20 30 51.50 -02 02 18.7                o~0Osq291
     K10V01G HC2010 11 07.17086 20 30 51.29 -02 02 12.4                o~0Osq291
     K10V01G HC2010 11 07.17466 20 30 51.12 -02 02 08.1                o~0Osq291
     K10V01G  C2010 11 08.13028 20 29 52.50 -01 38 41.4          21.6 Vo~0Osq291
     K10V01G HC2010 11 08.13480 20 29 52.13 -01 38 35.4                o~0Osq291
     K10V01G HC2010 11 08.13856 20 29 51.86 -01 38 31.4                o~0Osq291
     K10V01G KC2010 11 09.03113 20 28 57.87 -01 16 23.2          20.2 Vo~0OsqH21
     K10V01G KC2010 11 09.03870 20 28 57.37 -01 16 12.4          20.7 Vo~0OsqH21
     K10V01G KC2010 11 09.05358 20 28 56.36 -01 15 50.8          20.2 Vo~0OsqH21
     K10V01G KC2010 11 10.02011520 27 58.03 -00 51 37.5          20.9 Vo~0PNyH21
     K10V01G KC2010 11 10.02962420 27 57.38 -00 51 22.9          21.0 Vo~0PNyH21
     K10V01G KC2010 11 10.03995920 27 56.69 -00 51 07.4          21.1 Vo~0PNyH21
     K10V01G KC2010 11 11.03008120 26 56.95 -00 26 02.3          21.5 Vo~0OsqH21
     K10V01G KC2010 11 11.04398820 26 56.02 -00 25 41.3          21.3 Vo~0OsqH21
     K10V01G KC2010 11 11.05428820 26 55.35 -00 25 25.2          21.0 Vo~0OsqH21
     K10V01G HC2010 11 11.07489 20 26 54.35 -00 24 52.1                o~0Osq291
     K10V01G HC2010 11 11.07856 20 26 54.14 -00 24 45.9                o~0Osq291
     K10V01G  C2010 11 16.13478 20 21 40.96 +01 47 41.1                o~0PNy291
     K10V01G  C2010 11 16.14281 20 21 40.35 +01 47 55.0                o~0PNy291
     K10V01G HC2010 11 18.11801 20 19 29.68 +02 41 29.3                o~0PNy291
     K10V01G HC2010 11 18.12538 20 19 29.10 +02 41 40.1                o~0PNy291
     K10V01G tC2010 12 02.08120 19 57 27.16 +09 18 53.4          22.2 Vo~0Pod291
     K10V01G tC2010 12 02.08484 19 57 26.70 +09 18 58.6          21.0 Vo~0Pod291
     K10V01G tC2010 12 02.08854 19 57 26.13 +09 19 06.6          22.1 Vo~0Pod291
     K10V01G |C2011 03 27.23047 14 08 48.22 -28 51 30.1          20.9 Vo~0U5f807
     K10V01G |C2011 03 27.24437 14 08 45.36 -28 51 34.6          20.8 Vo~0U5f807
     K10V01G |C2011 03 28.26200 14 05 21.61 -28 56 30.1          20.4 Vo~0U5f807
     K10V01G |C2011 03 28.27692 14 05 18.50 -28 56 34.0          20.5 Vo~0U5f807
     K10V01G |C2011 03 28.28355 14 05 17.15 -28 56 36.1                o~0U5f807
     K10V01G 2C2013 07 06.25880711 15 47.670-02 25 03.37         24.2 Rt~16WM568
     K10V01G 2C2013 07 06.26032211 15 47.907-02 25 05.12         24.4 Rt~16WM568
     K10V01G 2C2013 07 06.26182811 15 48.134-02 25 06.93         24.2 Rt~16WM568
     K10V01G 2C2014 07 03.47499219 42 30.909-40 25 47.07         23.3 Rt~16WM568
     K10V01G 2C2014 07 03.50149019 42 28.093-40 25 53.89         24.2 Rt~16WM568
