     K10A00K* C2010 01 06.31146 08 41 34.51 +17 45 08.1          20.2 Vo~0Cto291
     K10A00K  C2010 01 06.33556 08 41 31.15 +17 45 02.4          20.4 Vo~0Cto291
     K10A00K  C2010 01 06.35973 08 41 27.71 +17 44 56.6          20.4 Vo~0Cto291
     K10A00K  C2010 01 06.43708 08 41 16.80 +17 44 37.1          20.4 Vo~0Cto291
     K10A00K  C2010 01 06.44103 08 41 16.22 +17 44 36.2          20.2 Vo~0Cto291
     K10A00K  C2010 01 06.44507 08 41 15.67 +17 44 35.2          20.7 Vo~0Cto291
     K10A00K  C2010 01 06.46132808 41 13.22 +17 44 28.0          20.0 Vo~0CtoH21
     K10A00K  C2010 01 06.46598008 41 12.59 +17 44 27.2          20.5 Vo~0CtoH21
     K10A00K  C2010 01 06.47101708 41 11.86 +17 44 26.3          20.1 Vo~0CtoH21
     K10A00K HC2010 01 06.51802 08 41 05.44 +17 44 17.1                o~0Cto291
     K10A00K HC2010 01 06.52319 08 41 04.76 +17 44 15.1                o~0Cto291
     K10A00K KC2010 01 07.09514 08 39 46.93 +17 41 52.5                r~0CtoJ95
     K10A00K KC2010 01 07.10089 08 39 46.07 +17 41 50.2                r~0CtoJ95
     K10A00K KC2010 01 07.10664 08 39 45.22 +17 41 49.0          20.0 Rr~0CtoJ95
     K10A00K  C2010 01 07.19380 08 39 34.11 +17 41 31.0          20.4 Vo~0Cto291
     K10A00K  C2010 01 07.20007 08 39 33.25 +17 41 29.6          20.3 Vo~0Cto291
     K10A00K  C2010 01 07.20451 08 39 32.66 +17 41 28.4          20.2 Vo~0Cto291
     K10A00K  C2010 01 07.25415 08 39 25.65 +17 41 16.9          19.6 Ro~0CtoH01
     K10A00K  C2010 01 07.26024 08 39 24.79 +17 41 15.5          19.9 Ro~0CtoH01
     K10A00K  C2010 01 07.26819 08 39 23.67 +17 41 13.7          19.6 Ro~0CtoH01
     K10A00K  C2010 01 07.27437 08 39 22.79 +17 41 12.3          19.5 Ro~0CtoH01
     K10A00K  C2010 01 08.23673 08 37 10.57 +17 37 20.8          20.6 Vo~0Cto291
     K10A00K  C2010 01 08.24084 08 37 10.00 +17 37 19.7                o~0Cto291
     K10A00K  C2010 01 08.24482 08 37 09.44 +17 37 19.1          20.3 Vo~0Cto291
     K10A00K  C2010 01 09.37754 08 34 32.58 +17 32 51.2          19.6 Ro~0D6HH01
     K10A00K  C2010 01 09.38422 08 34 31.64 +17 32 49.6          19.3 Ro~0D6HH01
     K10A00K  C2010 01 09.39365 08 34 30.28 +17 32 47.4          19.5 Ro~0D6HH01
     K10A00K  C2010 01 10.23002 08 32 35.54 +17 29 32.0          20.3 Vo~0D6H291
     K10A00K  C2010 01 10.23415 08 32 34.98 +17 29 31.2          20.3 Vo~0D6H291
     K10A00K  C2010 01 10.23817 08 32 34.41 +17 29 30.3          20.4 Vo~0D6H291
     K10A00K KC2010 01 10.30697 08 32 24.63 +17 29 14.4                u~0D6H448
     K10A00K KC2010 01 10.33228 08 32 20.92 +17 29 07.5                u~0D6H448
     K10A00K KC2010 01 10.35775 08 32 17.37 +17 29 00.7          19.4 Cu~0D6I448
     K10A00K  C2010 01 13.36629 08 25 23.38 +17 17 38.1          19.6 Vo~0D6IH21
     K10A00K  C2010 01 13.36943 08 25 22.92 +17 17 37.4          20.1 Vo~0D6IH21
     K10A00K  C2010 01 13.37228 08 25 22.53 +17 17 36.8          20.0 Vo~0D6IH21
     K10A00K tC2010 01 14.19577 08 23 31.24 +17 14 35.4          19.9 Vo~0D6I291
     K10A00K tC2010 01 14.19985 08 23 30.62 +17 14 33.7          20.2 Vo~0D6I291
     K10A00K tC2010 01 14.20384 08 23 30.08 +17 14 33.1          20.4 Vo~0D6I291
     K10A00K  C2010 01 14.31400 08 23 14.44 +17 14 08.4          19.9 Vo~0D6IH21
     K10A00K  C2010 01 14.31872 08 23 13.76 +17 14 07.2          19.9 Vo~0D6IH21
     K10A00K  C2010 01 14.32105 08 23 13.43 +17 14 06.7          20.1 Vo~0D6IH21
     K10A00K  C2010 01 15.22159 08 21 12.24 +17 10 50.3          19.9 Vo~0D6I291
     K10A00K  C2010 01 15.22577 08 21 11.65 +17 10 49.7          20.7 Vo~0D6I291
     K10A00K HC2010 01 15.22963 08 21 11.17 +17 10 49.6                o~0D6I291
     K10A00K KC2010 01 16.26270 08 18 52.39 +17 07 05.6          20.0 Cu~0D6I448
     K10A00K KC2010 01 16.28606 08 18 49.16 +17 07 00.5          20.7 Cu~0D6I448
     K10A00K KC2010 01 16.30889 08 18 46.01 +17 06 56.3          20.3 Cu~0D6I448
     K10A00K  C2010 01 16.35928 08 18 39.09 +17 06 45.0                o~0DKk291
     K10A00K  C2010 01 16.36722 08 18 38.01 +17 06 43.7                o~0DKk291
     K10A00K  C2010 01 17.21912 08 16 45.60 +17 03 40.8          20.3 Vo~0DKk291
     K10A00K  C2010 01 17.22300 08 16 45.06 +17 03 40.1          20.4 Vo~0DKk291
     K10A00K  C2010 01 17.22792 08 16 44.43 +17 03 39.3          20.8 Vo~0DKk291
     K10A00K KC2010 01 25.15436 08 00 23.63 +16 36 52.7          20.6 Cu~0DY2448
     K10A00K KC2010 01 25.17921 08 00 20.69 +16 36 48.9          20.6 Cu~0DY2448
     K10A00K KC2010 01 25.20388 08 00 17.78 +16 36 44.3          20.0 Cu~0DY2448
     K10A00K  C2010 02 01.13309807 48 22.83 +16 15 41.0          20.5 Vo~0DkCH21
     K10A00K  C2010 02 01.14978707 48 21.30 +16 15 38.6                o~0DkCH21
     K10A00K  C2010 02 01.16601907 48 19.85 +16 15 36.4                o~0DkCH21
     K10A00K  C2010 02 08.20101307 38 56.79 +15 56 50.2          22.2 Vo~0DxRH21
     K10A00K  C2010 02 08.20761007 38 56.34 +15 56 49.0          21.6 Vo~0DxRH21
     K10A00K  C2010 02 08.21489407 38 55.84 +15 56 47.3          21.8 Vo~0DxRH21
     K10A00K  C2010 02 08.30124 07 38 49.86 +15 56 36.7          21.3 Vo~0DxR291
     K10A00K  C2010 02 08.32206 07 38 48.38 +15 56 33.6          21.2 Vo~0DxR291
     K10A00K  C2010 02 08.32598 07 38 48.11 +15 56 33.0          21.2 Vo~0DxR291
     K10A00K  C2010 02 14.17298607 33 12.34 +15 42 54.8          21.2 Vo~0DxRH21
     K10A00K  C2010 02 14.18649907 33 11.68 +15 42 53.1          21.5 Vo~0DxRH21
     K10A00K  C2010 02 14.20000807 33 10.98 +15 42 51.1          21.6 Vo~0DxRH21
     K10A00K tC2010 02 15.15007 07 32 27.76 +15 40 48.7          21.2 Vo~0DxR291
     K10A00K tC2010 02 15.15600 07 32 27.44 +15 40 48.0          21.5 Vo~0DxR291
     K10A00K tC2010 02 15.16164 07 32 27.16 +15 40 46.7          21.3 Vo~0DxR291
     K10A00K  C2010 03 12.06020907 28 54.60 +14 55 01.5          22.8 Vo~0F6CH21
     K10A00K  C2010 03 12.07465007 28 54.84 +14 54 59.4          22.8 Vo~0F6CH21
     K10A00K  C2010 03 12.09132907 28 55.09 +14 54 56.6          22.7 Vo~0F6CH21
     K10A00K |C2011 05 10.09945 14 08 25.64 -33 47 37.6          22.2 Vo~0VoJ807
     K10A00K |C2011 05 10.11582 14 08 23.90 -33 47 28.0                o~0VoJ807
     K10A00K |C2011 05 10.12807 14 08 22.58 -33 47 21.3          22.3 Vo~0VoJ807
     K10A00K |C2011 05 10.13215 14 08 22.14 -33 47 19.1          22.4 Vo~0VoJ807
     K10A00K |C2011 05 11.13365 14 06 38.31 -33 37 32.9          21.9 Vo~0VoJ807
     K10A00K |C2011 05 11.16247 14 06 35.22 -33 37 15.8          22.3 Vo~0VoJ807
     K10A00K |C2011 05 11.17876 14 06 33.46 -33 37 06.2          22.5 Vo~0VoJ807
