     K10M01Z* C2010 06 24.23481 17 17 33.34 +08 33 12.0                r~0JbvG96
     K10M01Z  C2010 06 24.23614 17 17 33.54 +08 32 02.0                r~0JbvG96
     K10M01Z  C2010 06 24.23748 17 17 33.69 +08 30 50.7                r~0JbvG96
     K10M01Z  C2010 06 24.23886 17 17 33.93 +08 29 35.7                r~0JbvG96
     K10M01Z  C2010 06 24.27428 17 17 39.15 +07 57 49.3          18.9 Vr~0JbvG96
     K10M01Z  C2010 06 24.27459 17 17 39.18 +07 57 32.3          18.8 Vr~0JbvG96
     K10M01Z  C2010 06 24.27487 17 17 39.22 +07 57 17.5          19.1 Vr~0JbvG96
     K10M01Z  C2010 06 24.32925 17 17 47.43 +07 07 40.6          18.8 Vr~0JbvG96
     K10M01Z  C2010 06 24.32957 17 17 47.43 +07 07 22.8          18.6 Vr~0JbvG96
     K10M01Z  C2010 06 24.32988 17 17 47.50 +07 07 05.5          19.2 Vr~0JbvG96
     K10M01Z  C2010 06 24.33019 17 17 47.54 +07 06 49.6          19.9 Vr~0JbvG96
     K10M01Z  C2010 06 24.35813 17 17 52.10 +06 40 56.4          18.7 Vr~0JbvG96
     K10M01Z  C2010 06 24.35844 17 17 52.16 +06 40 39.3          18.6 Vr~0JbvG96
     K10M01Z  C2010 06 24.35873 17 17 52.22 +06 40 22.9          18.7 Vr~0JbvG96
     K10M01Z KC2010 06 24.96475517 21 12.68 -03 37 33.8          18.4 Ru~0JbvJ95
     K10M01Z KC2010 06 24.98171217 21 16.59 -03 56 17.7          17.0 Ru~0JbvJ95
     K10M01Z KC2010 06 24.98928817 21 18.33 -04 04 41.8          16.9 Ru~0JbvJ95
     K10M01Z FC2010 06 25.00429417 21 21.86 -04 21 19.2          17.9 Ru~0JbvJ95
