     K10T19G* C2010 10 07.14238 22 51 05.43 +18 13 45.6          20.8 Vr~0NKm703
     K10T19G  C2010 10 07.14920 22 51 04.89 +18 13 45.5          20.5 Vr~0NKm703
     K10T19G  C2010 10 07.15727 22 51 04.28 +18 13 44.1          20.6 Vr~0NKm703
     K10T19G  C2010 10 07.16409 22 51 03.63 +18 13 42.6          20.4 Vr~0NKm703
     K10T19G KC2010 10 07.18835 22 51 00.25 +18 13 30.7          20.5 Ru~0NKmH36
     K10T19G  C2010 10 07.18997 22 51 01.14 +18 13 38.2          19.7 Ro~0NKmH01
     K10T19G  C2010 10 07.19861 22 51 00.40 +18 13 37.0          19.8 Ro~0NKmH01
     K10T19G KC2010 10 07.20069822 50 58.59 +18 13 27.2          19.2 Vr~0NKmH21
     K10T19G KC2010 10 07.20176 22 50 59.12 +18 13 28.4          20.3 Ru~0NKmH36
     K10T19G  C2010 10 07.20519 22 50 59.86 +18 13 36.0          19.6 Ro~0NKmH01
     K10T19G  C2010 10 07.21232 22 50 59.25 +18 13 34.8          19.6 Ro~0NKmH01
     K10T19G KC2010 10 07.21434922 50 57.53 +18 13 23.9          20.3 Vr~0NKmH21
     K10T19G KC2010 10 07.21517 22 50 58.07 +18 13 25.8          20.4 Ru~0NKmH36
     K10T19G KC2010 10 07.22785422 50 56.41 +18 13 21.9          19.9 Vr~0NKmH21
     K10T19G KC2010 10 07.22859 22 50 56.96 +18 13 23.2          20.5 Ru~0NKmH36
     K10T19G KC2010 10 07.24088222 50 55.39 +18 13 18.8          19.9 Vr~0NKmH21
     K10T19G  C2010 10 07.50286 22 50 45.77 +18 12 45.2          20.4 Ro~0NKm300
     K10T19G  C2010 10 07.51081 22 50 45.17 +18 12 44.3          20.5 Ro~0NKm300
     K10T19G  C2010 10 07.51878 22 50 44.64 +18 12 43.1          20.8 Ro~0NKm300
     K10T19G KC2010 10 08.16594222 50 09.77 +18 10 30.8          20.0 Vr~0Np6H21
     K10T19G KC2010 10 08.17768022 50 08.79 +18 10 28.0          19.9 Vr~0Np6H21
     K10T19G KC2010 10 08.18061022 50 08.53 +18 10 27.5          20.1 Vr~0Np6H21
     K10T19G  C2010 10 08.18278 22 50 10.15 +18 10 36.3          19.5 Ro~0NKmH01
     K10T19G  C2010 10 08.19061 22 50 09.46 +18 10 34.9          19.6 Ro~0NKmH01
     K10T19G  C2010 10 08.19815 22 50 08.79 +18 10 33.4          19.4 Ro~0NKmH01
     K10T19G  C2010 10 08.20464 22 50 08.21 +18 10 31.9          19.5 Ro~0NKmH01
     K10T19G KC2010 10 09.06424922 49 24.83 +18 06 57.6          20.1 Vo~0Np6H21
     K10T19G KC2010 10 09.07549822 49 23.92 +18 06 55.9          19.7 Vo~0Np6H21
     K10T19G KC2010 10 09.08414722 49 23.16 +18 06 54.1          19.8 Vo~0Np6H21
     K10T19G  C2010 10 09.14667 22 49 20.04 +18 06 50.6          20.1 Vo~0Np6291
     K10T19G  C2010 10 09.15054 22 49 19.69 +18 06 49.8          20.2 Vo~0Np6291
     K10T19G  C2010 10 09.15446 22 49 19.32 +18 06 49.0          20.2 Vo~0Np6291
     K10T19G  C2010 10 09.15821 22 49 18.49 +18 06 45.4          19.3 Ro~0Np6H01
     K10T19G  C2010 10 09.16460 22 49 17.88 +18 06 43.8          19.3 Ro~0Np6H01
     K10T19G  C2010 10 09.17181 22 49 17.21 +18 06 42.3          19.3 Ro~0Np6H01
     K10T19G  C2010 10 09.17920 22 49 16.52 +18 06 40.5          19.3 Ro~0Np6H01
     K10T19G  C2010 10 09.18708 22 49 14.04 +18 06 22.5          19.3 Vr~0Np6H26
     K10T19G  C2010 10 09.18966 22 49 13.78 +18 06 21.7          19.4 Vr~0Np6H26
     K10T19G  C2010 10 09.19222 22 49 13.57 +18 06 20.7          19.6 Vr~0Np6H26
     K10T19G  C2010 10 09.19473 22 49 13.36 +18 06 20.4          19.1 Vr~0Np6H26
     K10T19G  C2010 10 10.12334 22 48 25.52 +18 01 59.2          20.1 Vo~0Np6291
     K10T19G  C2010 10 10.12760 22 48 25.12 +18 01 58.2          20.1 Vo~0Np6291
     K10T19G  C2010 10 10.13148 22 48 24.74 +18 01 57.4          20.1 Vo~0Np6291
     K10T19G KC2010 10 10.15820 22 48 19.42 +18 01 37.2          20.1 Vo~0Np6H21
     K10T19G KC2010 10 10.19881 22 48 15.46 +18 01 22.6          20.3 Vo~0Np6H21
     K10T19G KC2010 10 10.20436 22 48 14.94 +18 01 20.6          20.3 Vo~0Np6H21
     K10T19G KC2010 10 10.76799 22 47 46.78 +17 57 35.5          19.4 Rr~0Np6A17
     K10T19G KC2010 10 10.79698 22 47 44.15 +17 57 26.7          19.4 Rr~0Np6A17
     K10T19G KC2010 10 10.81771 22 47 42.21 +17 57 20.1          19.5 Rr~0Np6A17
     K10T19G KC2010 10 12.10128122 46 18.30 +17 48 06.6          19.8 Vo~0Np6H21
     K10T19G KC2010 10 12.11050022 46 17.24 +17 48 02.3          19.8 Vo~0Np6H21
     K10T19G  C2010 10 12.11264 22 46 20.02 +17 48 12.4          19.5 Vr~0Np6703
     K10T19G KC2010 10 12.12010922 46 16.14 +17 47 57.6          19.8 Vo~0Np6H21
     K10T19G  C2010 10 12.12748 22 46 18.40 +17 48 05.7          19.2 Vr~0Np6703
     K10T19G  C2010 10 12.13493 22 46 17.58 +17 48 02.5          19.5 Vr~0Np6703
     K10T19G HC2010 10 12.38719 22 45 48.87 +17 45 30.2                o~0Np6291
     K10T19G HC2010 10 12.39103 22 45 48.53 +17 45 27.4                o~0Np6291
     K10T19G  C2010 10 12.79197 22 45 29.97 +17 41 26.5          19.4 Vc~0Np6587
     K10T19G  C2010 10 12.79396 22 45 29.77 +17 41 25.2                c~0Np6587
     K10T19G  C2010 10 12.79602 22 45 29.61 +17 41 23.9                c~0Np6587
     K10T19G  C2010 10 14.16833522 43 31.14 +17 25 26.6          19.0 Vo~0Np6H21
     K10T19G  C2010 10 14.17312822 43 30.44 +17 25 22.1          19.1 Vo~0Np6H21
     K10T19G  C2010 10 14.17791822 43 29.73 +17 25 18.0          19.1 Vo~0Np6H21
     K10T19G  C2010 10 14.22122 22 43 26.00 +17 24 58.7          19.2  c~0Np6704
     K10T19G  C2010 10 14.23495 22 43 23.92 +17 24 46.6          20.0  c~0Np6704
     K10T19G  C2010 10 14.24869 22 43 21.83 +17 24 33.0          19.7  c~0Np6704
     K10T19G  C2010 10 14.26244 22 43 19.80 +17 24 18.9          19.6  c~0Np6704
     K10T19G  C2010 10 14.27621 22 43 17.76 +17 24 05.4          19.4  c~0Np6704
     K10T19G KC2010 10 14.86463 22 42 25.19 +17 14 33.3                r~0Np6203
     K10T19G  C2010 10 14.90242 22 42 23.52 +17 14 46.8          18.8 Ro~0Np6J04
     K10T19G  C2010 10 14.90418 22 42 23.20 +17 14 45.2          18.7 Ro~0Np6J04
     K10T19G  C2010 10 14.90595 22 42 22.90 +17 14 43.5          18.9 Ro~0Np6J04
     K10T19G KC2010 10 14.91114 22 42 17.77 +17 13 44.0                r~0Np6203
     K10T19G  C2010 10 15.11094 22 41 48.77 +17 10 41.8          18.4 Ro~0Np6J04
     K10T19G  C2010 10 15.11218 22 41 48.53 +17 10 39.6          18.5 Ro~0Np6J04
     K10T19G  C2010 10 15.11342 22 41 48.39 +17 10 38.4          18.8 Ro~0Np6J04
     K10T19G KC2010 10 15.14017022 41 55.35 +17 10 03.9          18.8 Vo~0Np6H21
     K10T19G KC2010 10 15.14290322 41 54.89 +17 10 01.4          19.1 Vo~0Np6H21
     K10T19G KC2010 10 15.14682322 41 54.23 +17 09 56.7          19.9 Vo~0Np6H21
     K10T19G  C2010 10 15.20925 22 41 46.37 +17 09 06.8          18.8  c~0Np6704
     K10T19G  C2010 10 15.22302 22 41 43.91 +17 08 50.8          19.3  c~0Np6704
     K10T19G  C2010 10 15.23676 22 41 41.47 +17 08 34.3          19.6  c~0Np6704
     K10T19G  C2010 10 15.25053 22 41 38.98 +17 08 16.5          19.0  c~0Np6704
     K10T19G  C2010 10 15.26429 22 41 36.56 +17 07 59.8          18.9  c~0Np6704
     K10T19G KC2010 10 18.85743 22 29 48.62 +14 54 48.0                r~0Np6203
     K10T19G KC2010 10 18.87996 22 29 37.74 +14 53 07.5                r~0Np6203
     K10T19G KC2010 10 18.89399 22 29 31.07 +14 52 02.5          16.7 Rt~0Np6B75
     K10T19G KC2010 10 18.89845 22 29 28.97 +14 51 42.5          16.4 Rt~0Np6B75
     K10T19G KC2010 10 20.78938 22 07 04.78 +10 10 02.8          16.0 Rc~0Np6A53
     K10T19G KC2010 10 20.79112 22 07 01.92 +10 09 31.4          15.8 Rc~0Np6A53
     K10T19G KC2010 10 20.79294 22 06 58.99 +10 08 58.9          15.5 Rc~0Np6A53
     K10T19G KC2010 10 20.79468 22 06 56.17 +10 08 27.8          15.6 Rc~0Np6A53
     K10T19G KC2010 10 20.79643 22 06 53.35 +10 07 56.6          15.9 Rc~0Np6A53
     K10T19G KC2010 10 20.79931 22 06 48.66 +10 07 04.4          15.5 Rc~0Np6A53
     K10T19G KC2010 10 20.82895 22 06 07.16 +09 56 54.8          15.9 Vv~0Np6951
     K10T19G KC2010 10 20.83255 22 06 01.25 +09 55 47.7          15.7 Vv~0Np6951
     K10T19G KC2010 10 20.83736 22 05 53.25 +09 54 17.2          15.8 Vv~0Np6951
     K10T19G KC2010 10 20.84369 22 05 42.69 +09 52 18.1          15.9 Vv~0Np6951
     K10T19G KC2010 10 20.85142 22 05 21.22 +09 51 11.9          16.2 Ru~0Np6160
     K10T19G KC2010 10 20.85220 22 05 19.87 +09 50 56.6          16.2 Ru~0Np6160
     K10T19G KC2010 10 20.85297 22 05 18.54 +09 50 41.9          16.2 Ru~0Np6160
     K10T19G KC2010 10 20.85375 22 05 17.21 +09 50 27.0          16.2 Ru~0Np6160
     K10T19G KC2010 10 20.85452 22 05 15.87 +09 50 12.0          16.2 Ru~0Np6160
     K10T19G  C2010 10 20.86544 22 04 58.47 +09 46 13.7          15.6 Rt~0Np6B75
     K10T19G KC2010 10 20.86623 22 05 14.55 +09 49 37.5          16.1 Rw~0Np6J51
     K10T19G  C2010 10 20.86633 22 04 57.23 +09 46 05.8          15.3 Rt~0Np6B75
     K10T19G  C2010 10 20.86866 22 04 53.10 +09 45 18.3          15.3 Rt~0Np6B75
     K10T19G  C2010 10 20.86944 22 04 51.73 +09 45 02.8          15.0 Rt~0Np6B75
     K10T19G  C2010 10 20.87101 22 04 49.00 +09 44 30.7          15.3 Rt~0Np6B75
     K10T19G  C2010 10 20.87200 22 04 47.26 +09 44 11.3          15.0 Rt~0Np6B75
     K10T19G  C2010 10 20.87251 22 04 46.07 +09 44 00.5          15.3 Rt~0Np6B75
     K10T19G  C2010 10 20.87301 22 04 45.81 +09 43 53.7          15.5 Rt~0Np6B75
     K10T19G  C2010 10 20.87352 22 04 44.55 +09 43 42.5          15.1 Rt~0Np6B75
     K10T19G KC2010 10 20.87353 22 05 01.42 +09 47 16.7          16.1 Rw~0Np6J51
     K10T19G  C2010 10 20.87428 22 04 43.52 +09 43 29.3          15.6 Rt~0Np6B75
     K10T19G  C2010 10 20.87478 22 04 42.41 +09 43 16.3          15.0 Rt~0Np6B75
     K10T19G  C2010 10 20.87528 22 04 41.58 +09 43 07.2          15.0 Rt~0Np6B75
     K10T19G  C2010 10 20.87578 22 04 40.78 +09 42 58.3          15.2 Rt~0Np6B75
     K10T19G KC2010 10 20.87582 22 04 40.51 +09 42 56.6                r~0Np6203
     K10T19G  C2010 10 20.87626 22 04 39.87 +09 42 48.0          15.4 Rt~0Np6B75
     K10T19G  C2010 10 20.87676 22 04 38.94 +09 42 37.8          15.1 Rt~0Np6B75
     K10T19G  C2010 10 20.87775 22 04 37.05 +09 42 15.9          15.5 Rt~0Np6B75
     K10T19G  C2010 10 20.87825 22 04 36.24 +09 42 09.3          15.5 Rt~0Np6B75
     K10T19G  C2010 10 20.87875 22 04 35.64 +09 41 57.9          15.4 Rt~0Np6B75
     K10T19G  C2010 10 20.87925 22 04 34.70 +09 41 49.9          15.2 Rt~0Np6B75
     K10T19G  C2010 10 20.87975 22 04 33.53 +09 41 36.2          15.4 Rt~0Np6B75
     K10T19G  C2010 10 20.88023 22 04 32.87 +09 41 27.3          15.0 Rt~0Np6B75
     K10T19G  C2010 10 20.88117 22 04 31.28 +09 41 09.7          15.3 Rt~0Np6B75
     K10T19G  C2010 10 20.88167 22 04 30.37 +09 40 58.5          15.4 Rt~0Np6B75
     K10T19G  C2010 10 20.88215 22 04 29.66 +09 40 50.7          15.0 Rt~0Np6B75
     K10T19G KC2010 10 20.88228 22 04 45.54 +09 44 26.3          15.9 Rw~0Np6J51
     K10T19G  C2010 10 20.88315 22 04 27.78 +09 40 27.4          15.6 Rt~0Np6B75
     K10T19G  C2010 10 20.88502 22 04 24.73 +09 39 50.6          15.3 Rt~0Np6B75
     K10T19G  C2010 10 20.88552 22 04 23.85 +09 39 41.5          15.6 Rt~0Np6B75
     K10T19G  C2010 10 20.88951 22 04 16.89 +09 38 23.8          15.3 Rt~0Np6B75
     K10T19G  C2010 10 20.89001 22 04 15.75 +09 38 10.5          15.2 Rt~0Np6B75
     K10T19G  C2010 10 20.89052 22 04 14.70 +09 38 00.4          15.0 Rt~0Np6B75
     K10T19G  C2010 10 20.89102 22 04 13.98 +09 37 51.4          15.1 Rt~0Np7B75
     K10T19G  C2010 10 20.89152 22 04 13.28 +09 37 42.8          15.4 Rt~0Np7B75
     K10T19G  C2010 10 20.89201 22 04 12.33 +09 37 33.9          15.4 Rt~0Np7B75
     K10T19G KC2010 10 20.91403 22 03 33.10 +09 30 00.2                r~0Np7203
     K10T19G KC2010 10 20.92054822 03 29.35 +09 26 49.6                u~0Np7J95
     K10T19G KC2010 10 20.92439222 03 22.48 +09 25 29.2                u~0Np7J95
     K10T19G KC2010 10 20.92824522 03 15.58 +09 24 08.3          16.2 Ru~0Np7J95
     K10T19G KC2010 10 20.94075 22 02 50.97 +09 22 29.3          15.8 Vr~0Np7J37
     K10T19G KC2010 10 20.97019 22 01 55.34 +09 11 49.3          15.7 Vr~0Np7J37
     K10T19G KC2010 10 20.97858 22 01 39.36 +09 08 42.0          15.5 Vr~0Np7J37
     K10T19G  C2010 10 21.74823 21 25 30.06 +00 51 08.4          15.1 Vo~0Np7639
     K10T19G  C2010 10 21.75005 21 25 20.58 +00 49 08.4          15.3 Vo~0Np7639
     K10T19G  C2010 10 21.75096 21 25 15.74 +00 48 07.5          15.7 Vo~0Np7639
     K10T19G  C2010 10 21.75141 21 25 13.23 +00 47 35.5          15.7 Vo~0Np7639
     K10T19G  C2010 10 21.75245 21 25 07.84 +00 46 27.0          15.8 Vo~0Np7639
     K10T19G  C2010 10 21.75293 21 25 05.33 +00 45 55.3          15.3 Vo~0Np7639
     K10T19G KC2010 10 21.77617 21 23 02.98 +00 21 34.9          15.8 Ru~0Np7160
     K10T19G KC2010 10 21.77676 21 22 59.77 +00 20 53.1          15.4 Ru~0Np7160
     K10T19G KC2010 10 21.77730 21 22 56.78 +00 20 17.4          15.6 Ru~0Np7160
     K10T19G KC2010 10 21.77821 21 22 51.74 +00 19 12.7          15.7 Ru~0Np7160
     K10T19G KC2010 10 21.77900 21 22 47.23 +00 18 17.6          15.8 Ru~0Np7160
     K10T19G KC2010 10 21.79168 21 21 35.69 +00 02 48.4          14.5 Rc~0Np7A53
     K10T19G KC2010 10 21.79257 21 21 30.61 +00 01 44.4          15.2 Rc~0Np7A53
     K10T19G KC2010 10 21.79346 21 21 25.50 +00 00 40.9          15.2 Rc~0Np7A53
     K10T19G KC2010 10 21.79444 21 21 19.90 -00 00 29.7          14.7 Rc~0Np7A53
     K10T19G KC2010 10 21.79538 21 21 14.49 -00 01 37.6          15.2 Rc~0Np7A53
     K10T19G KC2010 10 21.79632 21 21 09.07 -00 02 45.6          15.0 Rc~0Np7A53
     K10T19G KC2010 10 21.79726 21 21 03.65 -00 03 54.1          15.0 Rc~0Np7A53
     K10T19G KC2010 10 21.80340 21 20 32.08 -00 12 58.7          15.4 Vu~0Np7510
     K10T19G KC2010 10 21.80467 21 20 24.70 -00 14 31.9          15.5 Vu~0Np7510
     K10T19G KC2010 10 21.80594 21 20 17.33 -00 16 05.5          15.5 Vu~0Np7510
     K10T19G KC2010 10 21.80721 21 20 09.91 -00 17 39.2          15.4 Vu~0Np7510
     K10T19G KC2010 10 21.80848 21 20 02.52 -00 19 13.1          15.6 Vu~0Np7510
     K10T19G KC2010 10 21.81102 21 19 47.62 -00 22 21.9          15.4 Vu~0Np7510
     K10T19G KC2010 10 21.88094421 12 41.31 -01 55 05.8                u~0Np7J95
     K10T19G KC2010 10 21.88205921 12 33.92 -01 56 39.8          15.5 Ru~0Np7J95
     K10T19G KC2010 10 21.89403821 11 13.34 -02 13 48.2                u~0Np7J95
     K10T19G KC2010 10 21.89521821 11 05.33 -02 15 30.7          15.4 Ru~0Np7J95
     K10T19G QC2010 10 22.50462218 47 13.48 -28 14 41.6          14.8 Rr~0Np7E12
     K10T19G QC2010 10 22.50517018 46 58.47 -28 16 37.2          14.6 Rr~0Np7E12
     K10T19G QC2010 10 22.50603118 46 34.98 -28 19 37.8          14.6 Rr~0Np7E12
     K10T19G QC2010 10 22.50632218 46 27.06 -28 20 40.4          14.6 Rr~0Np7E12
     K10T19G QC2010 10 22.50687518 46 11.88 -28 22 35.4          14.6 Rr~0Np7E12
     K10T19G QC2010 10 22.50869018 45 22.21 -28 28 57.2          14.6 Rr~0Np7E12
     K10T19G QC2010 10 22.51438118 42 45.27 -28 48 50.5          14.5 Rr~0Np7E12
