     K10P65S* C2010 08 13.29423 22 11 29.05 -07 08 37.6          19.0  c~0M7r704
     K10P65S  C2010 08 13.30664 22 11 41.52 -07 07 40.4          19.2  c~0M7r704
     K10P65S  C2010 08 13.31904 22 11 54.00 -07 06 41.9          19.2  c~0M7r704
     K10P65S  C2010 08 13.33144 22 12 06.48 -07 05 43.7          19.4  c~0M7r704
     K10P65S  C2010 08 14.31579 22 28 52.95 -05 50 57.3          19.3  c~0M7r704
     K10P65S  C2010 08 14.32798 22 29 04.13 -05 50 03.7          19.7  c~0M7r704
     K10P65S  C2010 08 14.35227 22 29 26.44 -05 48 16.2          19.7  c~0M7r704
     K10P65S  C2010 08 14.36444 22 29 37.58 -05 47 22.0          19.2  c~0M7r704
     K10P65S KC2010 08 14.97380 22 39 19.30 -05 03 59.4                u~0M7rJ95
     K10P65S KC2010 08 14.98634 22 39 30.36 -05 03 07.7                u~0M7rJ95
     K10P65S KC2010 08 14.99354 22 39 36.68 -05 02 36.8          19.5 Ru~0M7rJ95
     K10P65S KC2010 08 15.19037 22 42 35.58 -04 45 25.4          19.9 Ru~0M7rI19
     K10P65S KC2010 08 15.19588 22 42 40.23 -04 45 03.2          19.6 Ru~0M7rI19
     K10P65S KC2010 08 15.20582 22 42 48.60 -04 44 22.2          19.6 Ru~0M7rI19
     K10P65S  C2010 08 15.34114722 44 45.87 -04 38 06.5          19.1 Vo~0M7rH21
     K10P65S  C2010 08 15.34343322 44 47.80 -04 37 56.6          19.3 Vo~0M7rH21
     K10P65S  C2010 08 15.34571922 44 49.71 -04 37 47.4          19.2 Vo~0M7rH21
     K10P65S  C2010 08 15.34800322 44 51.63 -04 37 37.9          19.2 Vo~0M7rH21
     K10P65S  C2010 08 15.35050522 44 53.74 -04 37 27.6          19.4 Vo~0M7rH21
     K10P65S  C2010 08 16.26191522 57 52.34 -03 37 20.8          19.5 Vo~0M7rH21
     K10P65S  C2010 08 16.26473522 57 54.44 -03 37 10.4          19.6 Vo~0M7rH21
     K10P65S  C2010 08 16.26753122 57 56.62 -03 36 59.7          19.7 Vo~0M7rH21
     K10P65S  C2010 08 16.27007022 57 58.55 -03 36 50.0          19.4 Vo~0M7rH21
     K10P65S  C2010 08 17.17773923 09 44.99 -02 41 40.3          19.7 Vo~0M7rH21
     K10P65S  C2010 08 17.18634423 09 51.03 -02 41 10.4          19.9 Vo~0M7rH21
     K10P65S  C2010 08 17.19512623 09 57.18 -02 40 39.5          19.3 Vo~0M7rH21
     K10P65S  C2010 08 17.20419623 10 03.55 -02 40 08.0          18.9 Vo~0M7rH21
     K10P65S  C2010 08 17.21044923 10 07.91 -02 39 46.6          19.2 Vo~0M7rH21
     K10P65S KC2010 08 17.24136123 10 29.33 -02 37 59.5          20.6 Vo~0M7rH21
     K10P65S KC2010 08 17.24419623 10 31.29 -02 37 49.7          20.4 Vo~0M7rH21
     K10P65S KC2010 08 17.25288823 10 37.26 -02 37 19.5          20.7 Vo~0M7rH21
     K10P65S KC2010 08 17.25562223 10 39.16 -02 37 10.3                o~0M7rH21
     K10P65S KC2010 08 19.18756723 32 02.11 -00 55 54.4          20.3 Vo~0PnqH21
     K10P65S KC2010 08 19.19376223 32 05.63 -00 55 37.3          20.1 Vo~0PnqH21
     K10P65S KC2010 08 19.20016223 32 09.26 -00 55 19.0                o~0PnqH21
     K10P65S KC2010 08 22.24463023 57 58.42 +01 06 49.1          20.7 Vo~0PnqH21
     K10P65S KC2010 08 22.25360223 58 01.99 +01 07 07.5          20.5 Vo~0PnqH21
     K10P65S KC2010 08 22.26448623 58 06.34 +01 07 29.7                o~0PnqH21
     K10P65S  C2010 08 23.29457500 05 05.73 +01 40 10.6          20.3 Vo~0MU4H21
     K10P65S  C2010 08 23.30548200 05 09.56 +01 40 30.2          20.4 Vo~0MU4H21
     K10P65S  C2010 08 23.31639000 05 13.41 +01 40 50.2          20.4 Vo~0MU4H21
     K10P65S KC2010 08 31.27191900 40 11.02 +04 16 54.1          22.1 Vo~0MU4H21
     K10P65S KC2010 08 31.30018900 40 15.16 +04 17 15.0          21.7 Vo~0MU4H21
     K10P65S KC2010 08 31.32742900 40 19.08 +04 17 35.0          21.9 Vo~0MU4H21
     K10P65S KC2010 09 01.24516400 42 50.21 +04 27 53.2                o~0MU4H21
     K10P65S KC2010 09 01.27208300 42 53.78 +04 28 10.1          21.1 Vo~0MU4H21
     K10P65S  C2010 09 01.27594 00 42 55.94 +04 28 21.6          22.3 Vo~0MU4291
     K10P65S  C2010 09 01.27988 00 42 56.39 +04 28 23.7          22.0 Vo~0MU4291
     K10P65S  C2010 09 01.28368 00 42 56.92 +04 28 26.2          21.9 Vo~0MU4291
     K10P65S KC2010 09 01.30229700 42 57.70 +04 28 31.0          21.3 Vo~0MU4H21
     K10P65S  C2010 09 05.38546 00 51 30.20 +05 02 23.7          21.9 Vo~0MgT291
     K10P65S KC2010 09 05.38718100 51 29.02 +05 02 17.0          21.9 Vo~0MgTH21
     K10P65S  C2010 09 05.39081 00 51 30.63 +05 02 25.4          21.9 Vo~0MgT291
     K10P65S  C2010 09 05.39469 00 51 30.93 +05 02 27.2          22.4 Vo~0MgT291
     K10P65S KC2010 09 05.39952500 51 30.03 +05 02 21.0          21.9 Vo~0MgTH21
     K10P65S KC2010 09 05.41264100 51 31.08 +05 02 25.1          22.2 Vo~0MgTH21
     K10P65S KC2010 09 08.31451900 55 41.11 +05 17 14.5          22.4 Vo~0MgTH21
     K10P65S KC2010 09 08.33130200 55 42.00 +05 17 18.3                o~0MgTH21
     K10P65S KC2010 09 08.34808900 55 42.86 +05 17 22.3          22.0 Vo~0MgTH21
     K10P65S KC2010 09 09.27803900 56 47.44 +05 20 51.1                o~0MgTH21
     K10P65S KC2010 09 09.33005000 56 49.81 +05 21 01.9          22.2 Vo~0MgTH21
     K10P65S  C2010 09 10.36379 00 57 52.21 +05 24 21.2          22.3 Ro~0MgTH01
     K10P65S  C2010 09 10.37098 00 57 52.49 +05 24 22.3          21.9 Ro~0MgTH01
     K10P65S  C2010 09 10.38045 00 57 52.82 +05 24 24.2          21.6 Ro~0MgTH01
     K10P65S KC2010 09 12.35284100 59 30.20 +05 28 58.9          22.1 Vo~0Mw2H21
     K10P65S KC2010 09 12.36892500 59 30.62 +05 29 00.5          22.4 Vo~0Mw2H21
     K10P65S KC2010 09 12.38615900 59 31.11 +05 29 02.8          22.3 Vo~0Mw2H21
     K10P65S ]C2010 09 14.31958 01 00 46.24 +05 32 01.3          22.1 Vo~0Mw2695
     K10P65S ]C2010 09 14.35047 01 00 46.70 +05 32 03.3          22.2 Vo~0Mw2695
     K10P65S ]C2010 09 14.38901 01 00 47.28 +05 32 06.1          22.3 Vo~0Mw2695
     K10P65S KC2010 09 15.25625601 01 14.50 +05 32 49.7          22.3 Vo~0Mw2H21
     K10P65S KC2010 09 15.27576901 01 14.74 +05 32 51.0          22.4 Vo~0Mw2H21
     K10P65S KC2010 09 15.29526401 01 14.97 +05 32 51.7          22.1 Vo~0Mw2H21
