     K10C19J* C2010 02 14.33234 11 11 25.44 +17 23 04.3          20.2 Vr~0DyZ703
     K10C19J  C2010 02 14.33933 11 11 24.39 +17 22 57.8          20.0 Vr~0DyZ703
     K10C19J  C2010 02 14.34635 11 11 23.42 +17 22 52.3          19.6 Vr~0DyZ703
     K10C19J  C2010 02 14.35335 11 11 22.34 +17 22 45.3          20.7 Vr~0DyZ703
     K10C19J  C2010 02 14.40295 11 11 15.25 +17 22 02.9          19.9 Vr~0DyZ703
     K10C19J  C2010 02 14.41091 11 11 14.05 +17 21 55.4          19.7 Ro~0DyZH01
     K10C19J  C2010 02 14.41098 11 11 14.06 +17 21 55.1          19.8 Vr~0DyZ703
     K10C19J  C2010 02 14.41807 11 11 13.02 +17 21 49.2          20.1 Ro~0DyZH01
     K10C19J  C2010 02 14.41911 11 11 12.87 +17 21 49.3          20.2 Vr~0DyZ703
     K10C19J  C2010 02 14.42722 11 11 11.69 +17 21 41.4          19.8 Ro~0DyZH01
     K10C19J  C2010 02 14.42731 11 11 12.04 +17 21 42.5          19.1 Vr~0DyZ703
     K10C19J  C2010 02 14.43086 11 11 11.23 +17 21 39.3          20.4 Rc~0DyZ926
     K10C19J  C2010 02 14.43380 11 11 10.81 +17 21 36.9          20.4 Rc~0DyZ926
     K10C19J  C2010 02 14.43437 11 11 10.66 +17 21 35.0          19.8 Ro~0DyZH01
     K10C19J  C2010 02 14.43675 11 11 10.37 +17 21 34.5          20.3 Rc~0DyZ926
     K10C19J  C2010 02 15.10763 11 09 35.49 +17 11 36.7          19.3 Rr~0DyZ473
     K10C19J  C2010 02 15.11041 11 09 35.07 +17 11 34.5          19.3 Rr~0DyZ473
     K10C19J  C2010 02 15.37966 11 08 56.78 +17 07 35.3          20.2 Ro~0DyZH01
     K10C19J  C2010 02 15.38671 11 08 55.72 +17 07 29.4          19.8 Ro~0DyZH01
     K10C19J  C2010 02 15.39660 11 08 54.27 +17 07 20.1          19.5 Ro~0DyZH01
     K10C19J  C2010 02 15.40314 11 08 53.30 +17 07 14.2          19.6 Ro~0DyZH01
     K10C19J  C2010 02 15.47772 11 08 42.35 +17 06 07.2          19.9 Rc~0DyZ926
     K10C19J  C2010 02 15.48124 11 08 41.82 +17 06 03.6          20.2 Rc~0DyZ926
     K10C19J  C2010 02 15.48475 11 08 41.28 +17 06 00.8          20.3 Rc~0DyZ926
     K10C19J HC2010 02 16.37567 11 06 33.10 +16 52 32.2                o~0DyZ291
     K10C19J  C2010 02 16.38143 11 06 32.27 +16 52 27.3                o~0DyZ291
     K10C19J KC2010 02 19.36340 10 59 09.74 +16 05 32.4          20.5 Cu~0DyZ448
     K10C19J KC2010 02 19.38293 10 59 06.70 +16 05 13.6          20.2 Cu~0DyZ448
     K10C19J KC2010 02 19.39770 10 59 04.40 +16 04 58.7          20.7 Cu~0DyZ448
     K10C19J KC2010 02 24.37149 10 46 20.22 +14 40 51.9          20.4 Cu~0DyZ448
     K10C19J KC2010 02 24.38395 10 46 18.24 +14 40 38.4          20.1 Cu~0DyZ448
     K10C19J KC2010 02 24.39414 10 46 16.56 +14 40 27.7          20.0 Cu~0DyZ448
     K10C19J KC2010 03 04.17181 10 26 26.97 +12 17 37.2          19.4 Cu~0EmZ448
     K10C19J KC2010 03 04.18189 10 26 25.47 +12 17 26.0          20.0 Cu~0EmZ448
     K10C19J KC2010 03 04.18974 10 26 24.35 +12 17 17.1          19.7 Cu~0EmZ448
     K10C19J KC2010 03 04.28080 10 26 10.19 +12 15 32.5          20.1 Ru~0EmZH36
     K10C19J KC2010 03 04.28498 10 26 09.61 +12 15 27.8          19.8 Ru~0EmZH36
     K10C19J KC2010 03 04.29334 10 26 08.31 +12 15 18.1          19.7 Ru~0EmZH36
     K10C19J  C2010 03 04.82579 10 24 50.24 +12 05 09.1          19.5 Vr~0EmZA17
     K10C19J  C2010 03 04.84144 10 24 47.90 +12 04 51.6          19.5 Vr~0EmZA17
     K10C19J  C2010 03 04.85709 10 24 45.56 +12 04 33.7          19.8 Vr~0EmZA17
     K10C19J KC2010 03 11.22928 10 09 57.05 +10 02 34.3          19.4 Co~0EmZG58
     K10C19J KC2010 03 11.23352 10 09 56.48 +10 02 29.2          19.7 Co~0EmZG58
     K10C19J KC2010 03 11.23775 10 09 55.92 +10 02 24.3          19.8 Co~0EmZG58
     K10C19J  C2010 03 14.15099 10 03 50.33 +09 06 51.0          20.3 Vo~0F6H691
     K10C19J  C2010 03 14.16171 10 03 49.09 +09 06 38.2          20.4 Vo~0F6H691
     K10C19J  C2010 03 14.17243 10 03 47.66 +09 06 26.2          20.4 Vo~0F6H691
