     K10G33R* C2010 04 11.47552 17 28 25.50 +09 30 30.2          20.4 Vr~0GELG96
     K10G33R  C2010 04 11.48083 17 28 24.49 +09 30 33.1          21.6 Vr~0GELG96
     K10G33R  C2010 04 11.48622 17 28 23.41 +09 30 35.0          21.0 Vr~0GELG96
     K10G33R  C2010 04 11.49162 17 28 22.36 +09 30 37.1          21.3 Vr~0GELG96
     K10G33R  C2010 04 12.33011 17 25 51.65 +09 35 51.8          20.8 Ro~0GELH01
     K10G33R  C2010 04 12.33664 17 25 50.39 +09 35 54.5          21.1 Ro~0GELH01
     K10G33R  C2010 04 12.34264 17 25 49.23 +09 35 56.9          21.2 Ro~0GELH01
     K10G33R  C2010 04 12.35121 17 25 47.59 +09 36 00.2          21.6 Ro~0GELH01
     K10G33R IC2010 04 12.37032317 25 43.11 +09 36 04.3                r~0GELH21
     K10G33R IC2010 04 12.38695317 25 39.90 +09 36 10.4          20.7 Vr~0GELH21
     K10G33R KC2010 04 12.40452 17 25 36.68 +09 36 16.6          21.3 Ru~0GELH36
     K10G33R KC2010 04 12.43429 17 25 30.92 +09 36 26.5          21.1 Ru~0GELH36
     K10G33R  C2010 04 13.38574717 22 39.25 +09 41 54.6                o~0GELH21
     K10G33R  C2010 04 13.40197017 22 36.07 +09 41 59.2          21.0 Vo~0GELH21
     K10G33R  C2010 04 13.41818317 22 32.96 +09 42 03.9          21.3 Vo~0GELH21
     K10G33R  C2010 04 14.34954717 19 46.65 +09 46 50.1          21.4 Vo~0GELH21
     K10G33R  C2010 04 14.35980817 19 44.70 +09 46 53.4          21.5 Vo~0GELH21
     K10G33R  C2010 04 14.36950517 19 42.85 +09 46 56.0          20.9 Vo~0GELH21
     K10G33R tC2010 04 14.37849 17 19 42.00 +09 47 02.9          22.8 Vo~0GEL291
     K10G33R tC2010 04 14.38718 17 19 40.37 +09 47 05.7          22.9 Vo~0GEL291
     K10G33R  C2010 04 17.32991717 10 58.69 +09 58 30.6          21.2 Vo~0GXWH21
     K10G33R  C2010 04 17.33918517 10 56.90 +09 58 32.9                o~0GXWH21
     K10G33R  C2010 04 17.34917917 10 55.06 +09 58 35.2                o~0GXWH21
     K10G33R HC2010 04 18.36929 17 07 57.19 +10 01 18.9                o~0GXW291
     K10G33R HC2010 04 18.37315 17 07 56.43 +10 01 21.1                o~0GXW291
     K10G33R HC2010 05 04.32636 16 24 31.45 +09 21 51.9                o~0Gu6291
     K10G33R  C2010 05 04.33556 16 24 30.00 +09 21 48.5          21.7 Vo~0Gu6291
     K10G33R HC2010 05 05.42571 16 21 48.28 +09 13 54.3                o~0Gu6291
     K10G33R HC2010 05 05.42985 16 21 47.63 +09 13 52.0                o~0Gu6291
     K10G33R HC2010 05 05.43516 16 21 46.80 +09 13 50.5                o~0Gu6291
     K10G33R HC2010 05 19.25225 15 52 47.79 +06 48 56.3                o~0HZY291
     K10G33R HC2010 05 19.25598 15 52 47.54 +06 48 52.6                o~0HZY291
     K10G33R HC2010 05 19.25969 15 52 47.11 +06 48 49.4                o~0HZY291
