     K10X25C* C2010 12 08.37716 08 45 39.60 +23 33 41.4          20.8 Vr~0PrYG96
     K10X25C  C2010 12 08.38302 08 45 40.82 +23 33 36.8          20.8 Vr~0PrYG96
     K10X25C  C2010 12 08.38883 08 45 42.08 +23 33 32.4          20.9 Vr~0PrYG96
     K10X25C KC2010 12 08.42992208 45 50.32 +23 32 59.2          19.6 Vr~0PrYH21
     K10X25C  C2010 12 08.43783 08 45 52.48 +23 32 55.7          20.4 Vr~0PrYG96
     K10X25C KC2010 12 08.44074708 45 52.60 +23 32 50.4          20.2 Vr~0PrYH21
     K10X25C  C2010 12 08.44518 08 45 54.03 +23 32 50.2          20.7 Vr~0PrYG96
     K10X25C KC2010 12 08.45148808 45 54.88 +23 32 42.2          20.1 Vr~0PrYH21
     K10X25C  C2010 12 08.45258 08 45 55.62 +23 32 44.4          20.4 Vr~0PrYG96
     K10X25C KC2010 12 08.45945 08 45 56.73 +23 32 36.5          19.8 Ru~0PrYH36
     K10X25C KC2010 12 08.46616 08 45 58.14 +23 32 31.0          19.7 Ru~0PrYH36
     K10X25C KC2010 12 08.99558 08 47 57.10 +23 25 30.5                u~0PrYJ95
     K10X25C KC2010 12 09.00206 08 47 58.59 +23 25 25.5                u~0PrYJ95
     K10X25C KC2010 12 09.00845 08 48 00.01 +23 25 21.4          20.5 Ru~0PrYJ95
     K10X25C  C2010 12 09.45864 08 49 40.81 +23 19 26.7          19.9 Ro~0PrYH01
     K10X25C  C2010 12 09.46588 08 49 42.40 +23 19 20.8          20.0 Ro~0PrYH01
     K10X25C  C2010 12 09.47324 08 49 44.02 +23 19 14.7          19.9 Ro~0PrYH01
     K10X25C  C2010 12 09.48013 08 49 45.52 +23 19 09.1          20.1 Ro~0PrYH01
     K10X25C tC2010 12 10.43533 08 53 26.67 +23 05 42.5          20.8 Vo~0PrY291
     K10X25C tC2010 12 10.44139 08 53 28.04 +23 05 37.6          20.8 Vo~0PrY291
     K10X25C tC2010 12 10.44557 08 53 28.98 +23 05 34.3          20.9 Vo~0PrY291
     K10X25C  C2010 12 10.52465 08 53 46.85 +23 04 22.5          20.0 Ro~0PrYH01
     K10X25C  C2010 12 10.53169 08 53 48.45 +23 04 16.2          20.0 Ro~0PrYH01
     K10X25C  C2010 12 10.54133 08 53 50.64 +23 04 07.5          20.5 Ro~0PrYH01
     K10X25C  C2010 12 10.54411 08 53 51.27 +23 04 04.9          20.6 Ro~0PrYH01
     K10X25C  C2010 12 11.43174 08 57 24.32 +22 50 44.1          20.8 Vo~0PrY291
     K10X25C  C2010 12 11.43864 08 57 25.93 +22 50 37.7          20.6 Vo~0PrY291
     K10X25C  C2010 12 11.44347 08 57 27.09 +22 50 33.3          20.6 Vo~0PrY291
     K10X25C  C2010 12 12.38716 09 01 20.02 +22 35 25.9                o~0PrY291
     K10X25C  C2010 12 12.39124 09 01 21.04 +22 35 20.8                o~0PrY291
     K10X25C  C2010 12 12.39530 09 01 22.20 +22 35 16.1                o~0PrY291
     K10X25C  C2010 12 13.34527 09 05 24.56 +22 18 59.0          20.6 Vo~0PrY291
     K10X25C  C2010 12 13.34971 09 05 25.70 +22 18 54.1          20.5 Vo~0PrY291
     K10X25C  C2010 12 13.35418 09 05 26.81 +22 18 49.5          20.5 Vo~0PrY291
     K10X25C HC2010 12 14.31551 09 09 40.63 +22 01 12.0                o~0PrY291
     K10X25C  C2010 12 14.32008 09 09 41.87 +22 01 07.0                o~0PrY291
     K10X25C  C2010 12 14.32478 09 09 43.06 +22 01 02.3                o~0PrY291
     K10X25C KC2010 12 14.43373909 10 10.85 +21 58 57.5          20.6 Vo~0PrYH21
     K10X25C KC2010 12 14.43849709 10 12.13 +21 58 52.3          20.3 Vo~0PrYH21
     K10X25C KC2010 12 14.44207109 10 13.03 +21 58 47.9          20.1 Vo~0PrYH21
     K10X25C  C2010 12 14.48980 09 10 26.00 +21 57 58.2          18.8 Vr~0Ql4703
     K10X25C  C2010 12 14.49675 09 10 27.73 +21 57 47.9          20.1 Vr~0Ql4703
     K10X25C  C2010 12 14.50376 09 10 29.67 +21 57 40.2          20.2 Vr~0Ql4703
     K10X25C  C2010 12 14.51069 09 10 31.40 +21 57 31.9          19.7 Vr~0Ql4703
     K10X25C HC2010 12 15.28655 09 14 06.28 +21 42 09.3                o~0PrY691
     K10X25C HC2010 12 15.28987 09 14 07.26 +21 42 04.7                o~0PrY691
     K10X25C HC2010 12 15.29353 09 14 08.21 +21 42 00.0                o~0PrY691
     K10X25C KC2010 12 19.40904809 34 51.48 +20 04 39.7          20.4 Vo~0Ql4H21
     K10X25C KC2010 12 19.41254609 34 52.57 +20 04 34.3          20.3 Vo~0Ql4H21
     K10X25C KC2010 12 19.41603209 34 53.69 +20 04 28.2          20.4 Vo~0Ql4H21
     K10X25C KC2010 12 27.27349 10 26 34.64 +15 07 08.2          19.7 Ru~0QoEH36
     K10X25C KC2010 12 27.27838 10 26 36.93 +15 06 53.6          19.6 Ru~0QoEH36
     K10X25C KC2010 12 27.28327 10 26 39.26 +15 06 38.9          19.5 Ru~0QoEH36
     K10X25C KC2010 12 29.17688 10 42 09.28 +13 23 20.5                v~0QoE204
     K10X25C KC2010 12 29.18587 10 42 13.80 +13 22 49.0                v~0QoE204
     K10X25C KC2010 12 29.19462 10 42 18.21 +13 22 17.9          19.5 Rv~0QoE204
     K10X25C  C2011 01 01.95694 11 17 32.16 +09 08 32.8                c~0Qtz587
     K10X25C  C2011 01 01.95838 11 17 32.99 +09 08 26.6                c~0Qtz587
     K10X25C  C2011 01 01.95986 11 17 33.91 +09 08 18.8          19.5 Rc~0Qtz587
     K10X25C  C2011 01 01.96509 11 17 37.02 +09 07 56.7                u~0Qtz587
     K10X25C  C2011 01 01.96706 11 17 38.25 +09 07 47.3                u~0Qtz587
     K10X25C KC2011 01 02.48213 11 22 52.34 +08 27 49.2          19.7 Vo~0QtzH21
     K10X25C KC2011 01 02.48466 11 22 53.86 +08 27 37.1          20.0 Vo~0QtzH21
     K10X25C KC2011 01 02.48718 11 22 55.38 +08 27 25.2          19.7 Vo~0QtzH21
     K10X25C KC2011 01 02.48981 11 22 56.99 +08 27 12.6          19.7 Vo~0QtzH21
     K10X25C KC2011 01 03.11038 11 29 29.56 +07 37 03.9          19.3 Rv~0RWR204
     K10X25C KC2011 01 03.11806 11 29 34.33 +07 36 26.2                v~0RWR204
     K10X25C KC2011 01 03.44356411 33 02.51 +07 09 29.2          19.9 Vo~0QtzH21
     K10X25C KC2011 01 03.44737811 33 04.93 +07 09 10.1          20.2 Vo~0QtzH21
     K10X25C KC2011 01 03.45074111 33 07.04 +07 08 53.1          20.1 Vo~0QtzH21
     K10X25C KC2011 01 03.45412911 33 09.15 +07 08 35.9          19.6 Vo~0QtzH21
     K10X25C tC2011 01 04.48250 11 44 27.53 +05 39 56.8          19.6 Vo~0Qtz291
     K10X25C tC2011 01 04.48629 11 44 29.97 +05 39 36.7          19.6 Vo~0Qtz291
     K10X25C tC2011 01 04.49009 11 44 32.49 +05 39 16.5          19.6 Vo~0Qtz291
     K10X25C tC2011 01 07.48606 12 19 45.31 +00 55 06.4                o~0Qtz291
     K10X25C tC2011 01 07.48980 12 19 48.01 +00 54 43.7                o~0Qtz291
     K10X25C tC2011 01 07.49375 12 19 50.74 +00 54 20.7                o~0Qtz291
     K10X25C  C2011 01 07.83877 12 24 05.37 +00 19 35.6          20.5 Ro~0SWe300
     K10X25C  C2011 01 07.84611 12 24 10.67 +00 18 50.6          20.1 Ro~0SWe300
     K10X25C  C2011 01 07.85684 12 24 18.28 +00 17 46.9          20.3 Ro~0SWe300
     K10X25C  C2011 01 08.63987 12 34 06.33 -01 00 56.9          19.3 Ro~0RWR474
     K10X25C  C2011 01 08.64196 12 34 07.95 -01 01 10.2          18.7 Ro~0RWR474
     K10X25C  C2011 01 08.64334 12 34 08.97 -01 01 18.6          18.5 Ro~0RWR474
     K10X25C  C2011 01 08.64439 12 34 09.74 -01 01 24.7          19.2 Ro~0RWR474
     K10X25C  C2011 01 08.64693 12 34 11.61 -01 01 41.1          18.1 Ro~0RWR474
     K10X25C  C2011 01 08.64797 12 34 12.41 -01 01 48.3          18.2 Ro~0RWR474
     K10X25C  C2011 01 08.64902 12 34 13.24 -01 01 56.8          19.0 Ro~0RWR474
     K10X25C KC2011 01 09.44482512 44 17.20 -02 25 24.0                o~0RWRH21
     K10X25C KC2011 01 09.45057212 44 21.53 -02 25 59.9          20.2 Vo~0RWRH21
     K10X25C KC2011 01 09.45631712 44 25.81 -02 26 36.1          20.3 Vo~0RWRH21
     K10X25C KC2011 01 09.46208512 44 30.11 -02 27 11.9          20.0 Vo~0RWRH21
     K10X25C KC2011 01 09.46776212 44 34.38 -02 27 47.5          20.1 Vo~0RWRH21
     K10X25C KC2011 01 09.47406812 44 39.09 -02 28 26.5          20.2 Vo~0RWRH21
     K10X25C KC2011 01 09.48333312 44 46.03 -02 29 24.2          20.3 Vo~0RWRH21
     K10X25C KC2011 01 13.25175 13 33 45.10 -08 57 12.8          19.4 Ru~0RWRI19
     K10X25C KC2011 01 13.25823 13 33 49.99 -08 57 49.7          19.3 Ru~0RWRI19
     K10X25C KC2011 01 13.26662 13 33 56.46 -08 58 40.4          18.8 Ru~0RWRI19
     K10X25C tC2011 01 13.52504 13 37 16.74 -09 25 24.6          19.9 Vo~0RWR291
     K10X25C tC2011 01 13.52881 13 37 19.54 -09 25 45.6          20.0 Vo~0RWR291
     K10X25C tC2011 01 13.53254 13 37 22.55 -09 26 09.0          19.9 Vo~0RWR291
     K10X25C tC2011 01 14.51124 13 50 05.46 -11 01 21.7          20.5 Vo~0RWR291
     K10X25C tC2011 01 14.51498 13 50 08.13 -11 01 41.2          20.7 Vo~0RWR291
     K10X25C ,C2011 06 04.31343 22 06 00.54 -13 24 17.8          22.1 Ro~0WRa807
     K10X25C ,C2011 06 04.31499 22 06 00.54 -13 24 17.4          22.3 Ro~0WRa807
     K10X25C ,C2011 06 04.31793 22 06 00.55 -13 24 17.0          22.8 Ro~0WRa807
     K10X25C ,C2011 06 04.32019 22 06 00.54 -13 24 16.9          22.3 Ro~0WRa807
     K10X25C ,C2011 06 04.32244 22 06 00.54 -13 24 16.3          22.5 Ro~0WRa807
     K10X25C ,C2011 06 04.32470 22 06 00.53 -13 24 16.0          22.5 Ro~0WRa807
     K10X25C ,C2011 06 04.32626 22 06 00.53 -13 24 15.9          22.8 Ro~0WRa807
     K10X25C ,C2011 06 04.32921 22 06 00.53 -13 24 15.6          22.5 Ro~0WRa807
     K10X25C 2C2014 10 03.55314400 30 28.858+08 04 24.79         23.4 Rt~1C6I568
     K10X25C 2C2014 10 03.56436000 30 27.967+08 04 19.43         23.6 Rt~1C6I568
     K10X25C 2C2014 10 21.42594800 08 36.994+05 41 10.38         24.2 Rt~1C6I568
     K10X25C 2C2014 10 21.43756600 08 36.228+05 41 04.73         24.0 Rt~1C6I568
     K10X25C 2C2014 10 21.44917500 08 35.437+05 40 59.60         24.6 Rt~1C6I568
     K10X25C 2C2014 10 21.46077700 08 34.655+05 40 54.18         24.1 Rt~1C6I568
     K10X25C 2C2014 10 21.47253500 08 33.862+05 40 48.76         24.4 Rt~1C6I568
