     K10A30E* C2010 01 10.20528 05 23 44.75 +11 03 06.5          18.6  c~0D6n704
     K10A30E  C2010 01 10.21851 05 23 35.64 +11 01 17.6          19.3  c~0D6n704
     K10A30E  C2010 01 10.23127 05 23 26.80 +10 59 31.9          19.6  c~0D6n704
     K10A30E  C2010 01 10.24403 05 23 17.96 +10 57 46.5          19.8  c~0D6n704
     K10A30E  C2010 01 10.25680 05 23 09.15 +10 56 01.3          19.4  c~0D6n704
     K10A30E  C2010 01 11.28449 05 11 17.55 +08 23 14.4          19.4 Vr~0D6nG96
     K10A30E  C2010 01 11.28497 05 11 17.23 +08 23 10.2          18.8 Vr~0D6nG96
     K10A30E  C2010 01 11.28545 05 11 16.83 +08 23 05.4          19.9 Vr~0D6nG96
     K10A30E  C2010 01 11.28591 05 11 16.47 +08 23 00.8          19.0 Vr~0D6nG96
     K10A30E  C2010 01 11.28639 05 11 16.11 +08 22 56.3          18.6 Vr~0D6nG96
     K10A30E  C2010 01 12.06203205 01 29.14 +06 12 03.9          19.1 Vo~0D6nH21
     K10A30E  C2010 01 12.06591805 01 25.91 +06 11 22.9          19.2 Vo~0D6nH21
     K10A30E  C2010 01 12.06719805 01 24.84 +06 11 09.1          19.1 Vo~0D6nH21
     K10A30E  C2010 01 12.06806605 01 24.12 +06 11 00.0          19.2 Vo~0D6nH21
     K10A30E  C2010 01 12.19104 04 59 42.58 +05 49 15.6          19.3 Rc~0D6n926
     K10A30E  C2010 01 12.19270 04 59 41.18 +05 48 57.8          19.4 Rc~0D6n926
     K10A30E  C2010 01 12.19436 04 59 39.73 +05 48 39.8          19.0 Rc~0D6n926
     K10A30E  C2010 01 13.13226804 46 16.00 +02 48 04.2          19.4 Vo~0D6nH21
     K10A30E  C2010 01 13.13435104 46 14.02 +02 47 38.5          19.5 Vo~0D6nH21
     K10A30E  C2010 01 13.13617904 46 12.28 +02 47 16.1          19.5 Vo~0D6nH21
     K10A30E  C2010 01 13.13811304 46 10.44 +02 46 52.5          19.6 Vo~0D6nH21
     K10A30E  C2010 01 14.11957004 30 33.23 -00 45 54.3          18.9 Vo~0D6nH21
     K10A30E  C2010 01 14.12405904 30 28.47 -00 46 56.1          18.7 Vo~0D6nH21
     K10A30E  C2010 01 14.12632504 30 26.07 -00 47 27.5          19.1 Vo~0D6nH21
     K10A30E  C2010 01 14.12854804 30 23.72 -00 47 58.1          19.1 Vo~0D6nH21
     K10A30E  C2010 01 15.19348 04 11 22.27 -05 06 03.5          19.4 Rc~0D6n926
     K10A30E  C2010 01 15.19584 04 11 19.45 -05 06 39.9          19.3 Rc~0D6n926
     K10A30E  C2010 01 15.19821 04 11 16.63 -05 07 16.2          19.4 Rc~0D6n926
     K10A30E  C2010 01 16.24199 03 50 23.49 -09 44 24.2          19.4 Rc~0D6n926
     K10A30E  C2010 01 16.24471 03 50 19.91 -09 45 08.0          19.8 Rc~0D6n926
     K10A30E  C2010 01 16.24742 03 50 16.40 -09 45 53.7          19.4 Rc~0D6n926
     K10A30E  C2010 01 17.15566 03 30 25.03 -14 00 16.3          18.9 Rc~0DKn926
     K10A30E  C2010 01 17.15837 03 30 21.13 -14 01 02.5          18.8 Rc~0DKn926
     K10A30E  C2010 01 17.16108 03 30 17.23 -14 01 48.6          18.7 Rc~0DKn926
