     K10F07E  S2010 02 14.26177 15 56 49.40 +09 22 00.1                L~0SFjC51
     K10F07E  s2010 02 14.26177 1 - 4091.5011 - 5414.4258 + 1298.6842   ~0SFjC51
     K10F07E  S2010 02 14.32798 15 55 25.93 +09 21 03.4                L~0SFjC51
     K10F07E  s2010 02 14.32798 1 - 4092.9132 - 5421.3137 + 1264.6344   ~0SFjC51
     K10F07E* C2010 03 19.33039 12 26 56.18 +04 32 04.5          21.7 Vr~0FTyG96
     K10F07E  C2010 03 19.33522 12 26 55.60 +04 32 03.9          21.3 Vr~0FTyG96
     K10F07E  C2010 03 19.34012 12 26 54.99 +04 32 02.6          22.5 Vr~0FTyG96
     K10F07E  C2010 03 19.34506 12 26 54.38 +04 32 01.8          21.4 Vr~0FTzG96
     K10F07E  C2010 03 19.37649 12 26 50.64 +04 31 55.7          21.9 Vr~0FTzG96
     K10F07E  C2010 03 19.38355 12 26 49.77 +04 31 54.7          22.0 Vr~0FTzG96
     K10F07E  C2010 03 19.39062 12 26 48.98 +04 31 53.6          22.0 Vr~0FTzG96
     K10F07E  C2010 03 19.39781 12 26 48.12 +04 31 52.0          21.5 Vr~0FTzG96
     K10F07E  C2010 03 19.43687 12 26 43.43 +04 31 44.3          21.0 Ro~0FTzH01
     K10F07E  C2010 03 19.44352 12 26 42.65 +04 31 42.8          21.1 Ro~0FTzH01
     K10F07E  C2010 03 19.45381 12 26 41.48 +04 31 40.9          21.3 Ro~0FTzH01
     K10F07E  C2010 03 19.46568 12 26 40.13 +04 31 38.3          21.3 Ro~0FTzH01
     K10F07E  C2010 03 20.29838 12 25 15.67 +04 29 11.4          21.6 Rc~0FTz926
     K10F07E  C2010 03 20.31976 12 25 13.24 +04 29 06.4          21.2 Rc~0FTz926
     K10F07E  C2010 03 20.38968 12 25 05.19 +04 28 54.1          22.0 Vr~0FTzG96
     K10F07E  C2010 03 20.39794 12 25 04.26 +04 28 52.4          21.6 Vr~0FTzG96
     K10F07E KC2010 03 23.16803 12 20 43.03 +04 20 37.4          21.3 Ro~0FTzJ04
     K10F07E KC2010 03 23.17535 12 20 42.35 +04 20 35.7          21.1 Ro~0FTzJ04
     K10F07E HC2010 03 25.34836 12 17 44.27 +04 13 56.6                o~0FTz291
     K10F07E HC2010 03 25.35258 12 17 43.89 +04 13 55.8                o~0FTz291
     K10F07E HC2010 03 25.35711 12 17 43.45 +04 13 56.0                o~0FTz291
     K10F07E KC2010 04 08.29394 12 05 54.26 +03 25 13.5          22.9 Ro~0FoFH01
     K10F07E KC2010 04 08.30598 12 05 53.85 +03 25 10.3          22.4 Ro~0FoFH01
     K10F07E KC2010 04 08.31633 12 05 53.49 +03 25 08.1          22.2 Ro~0FoFH01
     K10F07E KC2010 04 08.32729 12 05 53.10 +03 25 05.4          22.4 Ro~0FoFH01
     K10F07E KC2010 04 09.25428 12 05 29.24 +03 21 20.0          22.6 Ro~0FoFH01
     K10F07E KC2010 04 09.26593 12 05 28.87 +03 21 17.0          22.2 Ro~0FoFH01
     K10F07E KC2010 04 09.27550 12 05 28.56 +03 21 14.7          22.9 Ro~0FoFH01
