     K10B02U* C2010 01 21.14812 05 51 27.32 +16 42 49.8          18.4  c~0DLE704
     K10B02U  C2010 01 21.16067 05 51 37.87 +16 43 51.7          18.5  c~0DLE704
     K10B02U  C2010 01 21.17317 05 51 48.44 +16 44 52.5          18.8  c~0DLE704
     K10B02U  C2010 01 21.18568 05 51 58.96 +16 45 53.7          18.7  c~0DLE704
     K10B02U  C2010 01 21.91142 06 04 25.81 +17 47 30.1          18.6 Cw~0DLEB33
     K10B02U  C2010 01 21.91318 06 04 27.62 +17 47 39.6          18.8 Cw~0DLEB33
     K10B02U  C2010 01 21.92555 06 04 40.63 +17 48 46.9          18.3 Cw~0DLEB33
     K10B02U  C2010 01 21.92731 06 04 42.48 +17 48 56.3          18.5 Cw~0DLEB33
     K10B02U  C2010 01 21.93065 06 04 46.02 +17 49 14.3          18.5 Cw~0DLEB33
     K10B02U KC2010 01 22.01532 06 06 18.35 +17 56 40.4                v~0DYA204
     K10B02U KC2010 01 22.01826 06 06 21.61 +17 56 55.7                v~0DYA204
     K10B02U KC2010 01 22.02101 06 06 24.67 +17 57 10.4                v~0DYA204
     K10B02U KC2010 01 22.02359 06 06 27.53 +17 57 24.1          17.5 Cv~0DYA204
     K10B02U KC2010 01 22.02729 06 06 31.66 +17 57 43.7                v~0DYA204
     K10B02U KC2010 01 22.73452 06 22 17.81 +19 07 42.0                u~0DYA185
     K10B02U KC2010 01 22.76836 06 23 05.13 +19 11 26.8          17.2 Ru~0DYA185
     K10B02U  C2010 01 22.84725 06 24 49.95 +19 19 40.4          17.6 Rr~0DYA152
     K10B02U  C2010 01 22.85350 06 24 58.61 +19 20 22.7          17.8 Rr~0DYA152
     K10B02U  C2010 01 22.85899 06 25 06.56 +19 20 56.4          17.5 Rr~0DYA152
     K10B02U  C2010 01 22.87509 06 25 29.33 +19 22 40.2          17.1 Rr~0DYA152
     K10B02U KC2010 01 23.85722 06 54 10.19 +21 16 18.1          17.0 Cu~0DkI160
     K10B02U KC2010 01 23.85771 06 54 11.15 +21 16 21.8          16.6 Cu~0DkI160
     K10B02U  C2010 01 23.86098 06 54 17.34 +21 16 45.7          16.3 Cu~0DkI160
     K10B02U  C2010 01 23.91451 06 56 00.26 +21 23 08.1          15.7 Rc~0DYA587
     K10B02U IC2010 01 23.91699 06 56 05.10 +21 23 26.0                c~0DYA587
     K10B02U  C2010 01 23.91974 06 56 10.33 +21 23 45.1          16.1 Rc~0DYA587
     K10B02U  C2010 01 24.11106 07 03 13.94 +21 47 45.0          17.0 Rc~0DYA926
     K10B02U  C2010 01 24.11213 07 03 16.18 +21 47 53.4          16.9 Rc~0DYA926
     K10B02U  C2010 01 24.11321 07 03 18.43 +21 48 01.9          16.9 Rc~0DYA926
     K10B02U  C2010 01 24.42292 07 14 24.90 +22 25 46.0          16.1 Rc~0DYA926
     K10B02U  C2010 01 24.42387 07 14 27.10 +22 25 52.7          15.7 Rc~0DYA926
     K10B02U  C2010 01 24.42481 07 14 29.27 +22 25 58.3          15.1 Rc~0DYA926
     K10B02U  C2010 01 25.19353 07 48 59.79 +24 04 19.6          16.2 Ro~0DYA844
     K10B02U  C2010 01 25.19381 07 49 00.67 +24 04 21.6          16.3 Ro~0DYA844
     K10B02U  C2010 01 25.19469 07 49 03.37 +24 04 27.6          16.0 Ro~0DYA844
     K10B02U  C2010 01 25.19672 07 49 09.00 +24 04 40.2          16.0 Ro~0DYA844
     K10B02U  C2010 01 25.19710 07 49 10.09 +24 04 42.2          16.0 Ro~0DYA844
     K10B02U  C2010 01 25.20093 07 49 20.87 +24 05 05.7          16.0 Ro~0DYA844
     K10B02U  C2010 01 25.20244 07 49 25.11 +24 05 15.7          16.1 Ro~0DYA844
     K10B02U  C2010 01 25.30469 07 54 43.52 +24 08 57.9          16.1 Rc~0DYA926
     K10B02U  C2010 01 25.30565 07 54 46.28 +24 09 03.8          16.0 Rc~0DYA926
     K10B02U  C2010 01 25.30661 07 54 49.05 +24 09 09.8          16.0 Rc~0DYA926
     K10B02U  C2010 01 25.34581 07 56 43.39 +24 13 05.3          16.2 Rc~0DYA926
     K10B02U  C2010 01 25.34677 07 56 46.19 +24 13 10.8          16.2 Rc~0DYA926
     K10B02U  C2010 01 25.34773 07 56 48.99 +24 13 16.4          16.4 Rc~0DYA926
     K10B02U  C2010 01 26.17105 08 44 16.18 +25 17 12.5          16.3 Ru~0DYAH45
     K10B02U  C2010 01 26.17166 08 44 18.34 +25 17 14.6          16.4 Ru~0DYAH45
     K10B02U  C2010 01 26.17258 08 44 21.61 +25 17 17.8          16.3 Ru~0DYAH45
     K10B02U  C2010 01 26.17326 08 44 24.06 +25 17 20.3          16.4 Ru~0DYAH45
     K10B02U  C2010 01 26.17380 08 44 25.96 +25 17 22.3          16.5 Ru~0DYAH45
     K10B02U  C2010 01 26.17424 08 44 27.52 +25 17 23.6          16.6 Ru~0DYAH45
     K10B02U  C2010 01 26.17476 08 44 29.40 +25 17 25.5          16.3 Ru~0DYAH45
     K10B02U  C2010 01 26.17524 08 44 31.14 +25 17 27.1          16.0 Ru~0DYAH45
     K10B02U  C2010 01 26.17569 08 44 32.78 +25 17 28.7          16.2 Ru~0DYAH45
     K10B02U  C2010 01 26.17625 08 44 34.75 +25 17 30.7          16.2 Ru~0DYAH45
     K10B02U  C2010 01 26.17690 08 44 37.07 +25 17 33.0          16.4 Ru~0DYAH45
     K10B02U  C2010 01 26.17743 08 44 38.95 +25 17 34.9          16.2 Ru~0DYAH45
     K10B02U  C2010 01 26.19348 08 45 44.82 +25 18 24.5          15.9 Rc~0DYA926
     K10B02U  C2010 01 26.19456 08 45 48.70 +25 18 28.4          15.9 Rc~0DYA926
     K10B02U  C2010 01 26.19564 08 45 52.55 +25 18 32.1          15.9 Rc~0DYA926
     K10B02U KC2010 01 26.91024909 32 37.47 +25 22 16.4                u~0DYAJ95
     K10B02U KC2010 01 26.91210909 32 44.88 +25 22 14.0                u~0DYAJ95
     K10B02U KC2010 01 26.91399209 32 52.37 +25 22 11.8          16.6 Ru~0DYAJ95
     K10B02U  C2010 01 27.33504 10 01 17.14 +25 00 39.6          16.1 Vo~0DkIH21
     K10B02U  C2010 01 27.33747 10 01 26.71 +25 00 27.1          16.2 Vo~0DkIH21
     K10B02U  C2010 01 27.33820 10 01 29.57 +25 00 23.4          16.3 Vo~0DkIH21
     K10B02U  C2010 01 27.33966 10 01 35.33 +25 00 15.8          16.2 Vo~0DkIH21
     K10B02U  C2010 01 27.34039 10 01 38.20 +25 00 12.0          16.2 Vo~0DkIH21
     K10B02U KC2010 01 30.00250 12 33 25.66 +17 03 11.6                u~0DkIJ95
     K10B02U KC2010 01 30.00753 12 33 37.63 +17 02 12.4                u~0DkIJ95
     K10B02U KC2010 01 30.01249 12 33 49.39 +17 01 14.0                u~0DkIJ95
     K10B02U KC2010 01 30.01750 12 34 01.25 +17 00 14.8          17.9 Ru~0DkIJ95
     K10B02U  C2010 01 30.50192 12 52 00.24 +15 27 28.1          17.6 Rc~0DkI926
     K10B02U  C2010 01 30.50523 12 52 06.70 +15 26 50.9          17.3 Rc~0DkI926
     K10B02U KC2010 01 31.00408 13 08 38.24 +13 53 23.2                u~0DkIJ95
     K10B02U KC2010 01 31.01035 13 08 49.33 +13 52 20.6                u~0DkIJ95
     K10B02U KC2010 01 31.01664 13 09 00.35 +13 51 17.2          19.1 Ru~0DkIJ95
     K10B02U  C2010 01 31.34842413 18 25.67 +12 57 00.3          18.8 Vo~0DkIH21
     K10B02U  C2010 01 31.35411913 18 34.43 +12 56 05.8          18.8 Vo~0DkIH21
     K10B02U  C2010 01 31.35950613 18 42.63 +12 55 14.6          18.5 Vo~0DkIH21
     K10B02U  C2010 01 31.49015 13 22 04.23 +12 35 13.5          17.9 Rc~0DkI926
     K10B02U  C2010 01 31.49181 13 22 06.58 +12 34 58.3          17.9 Rc~0DkI926
     K10B02U  C2010 01 31.49346 13 22 08.95 +12 34 42.7          18.2 Rc~0DkI926
     K10B02U  C2010 02 19.45613515 19 10.88 -00 50 16.0                o~0DxpH21
     K10B02U  C2010 02 19.46766015 19 11.36 -00 50 21.9          22.3 Vo~0DxpH21
     K10B02U  C2010 02 19.47868415 19 11.78 -00 50 27.8          22.2 Vo~0DxpH21
