     K10M00R* C2010 06 16.23145 16 02 11.11 -24 36 43.8          20.6 Vr~0JB9G96
     K10M00R  C2010 06 16.23726 16 02 10.60 -24 36 42.1          20.8 Vr~0JB9G96
     K10M00R  C2010 06 16.24314 16 02 10.14 -24 36 40.0          20.6 Vr~0JB9G96
     K10M00R  C2010 06 16.24901 16 02 09.60 -24 36 38.1          20.4 Vr~0JB9G96
     K10M00R  C2010 06 16.28514 16 02 06.57 -24 36 25.7          21.0 Vr~0JB9G96
     K10M00R  C2010 06 16.29229 16 02 06.00 -24 36 23.2          21.1 Vr~0JB9G96
     K10M00R  C2010 06 16.29957 16 02 05.35 -24 36 20.9          21.2 Vr~0JB9G96
     K10M00R  C2010 06 16.30631 16 02 04.79 -24 36 18.2          20.4 Ro~0JB9H01
     K10M00R  C2010 06 16.30684 16 02 04.77 -24 36 18.6          20.8 Vr~0JB9G96
     K10M00R  C2010 06 16.31290 16 02 04.24 -24 36 16.0          20.3 Ro~0JB9H01
     K10M00R  C2010 06 16.31409 16 02 04.12 -24 36 15.9          20.8 Vr~0JBAG96
     K10M00R  C2010 06 16.31987 16 02 03.66 -24 36 13.7          20.3 Ro~0JBAH01
     K10M00R  C2010 06 16.33544 16 02 02.36 -24 36 08.2          20.3 Ro~0JBAH01
     K10M00R  C2010 06 17.22115516 00 50.94 -24 31 09.1                r~0JBAH21
     K10M00R  C2010 06 17.22322 16 00 51.02 -24 31 07.3          20.3 Rc~0JBA926
     K10M00R  C2010 06 17.22368 16 00 50.92 -24 31 07.9          21.0 Vr~0JBAG96
     K10M00R  C2010 06 17.23032 16 00 50.36 -24 31 05.9          20.8 Vr~0JBAG96
     K10M00R  C2010 06 17.23080616 00 50.18 -24 31 05.6          20.6 Vr~0JBAH21
     K10M00R  C2010 06 17.23262 16 00 50.10 -24 31 05.0          20.4 Rc~0JBA926
     K10M00R  C2010 06 17.23701 16 00 49.76 -24 31 03.3          21.0 Vr~0JBAG96
     K10M00R  C2010 06 17.24199 16 00 49.43 -24 31 01.5          20.4 Rc~0JBA926
     K10M00R tC2010 06 17.26900 16 00 47.14 -24 30 51.9                o~0JBA291
     K10M00R tC2010 06 17.27330 16 00 46.84 -24 30 50.8          21.2 Vo~0JBA291
     K10M00R tC2010 06 17.27773 16 00 46.40 -24 30 48.6          21.1 Vo~0JBA291
     K10M00R  C2010 06 18.18275 15 59 34.60 -24 25 39.9          20.6 Ro~0JBAH01
     K10M00R  C2010 06 18.19087 15 59 33.94 -24 25 37.2          20.5 Ro~0JBAH01
     K10M00R  C2010 06 18.20015 15 59 33.16 -24 25 34.0          20.2 Ro~0JBAH01
     K10M00R  C2010 06 18.20807 15 59 32.52 -24 25 31.3          20.3 Ro~0JBAH01
     K10M00R tC2010 06 18.27046 15 59 27.45 -24 25 10.0                o~0JBA291
     K10M00R tC2010 06 18.27441 15 59 27.09 -24 25 08.9                o~0JBA291
     K10M00R HC2010 06 19.22434 15 58 12.85 -24 19 40.9                o~0JBA291
     K10M00R HC2010 06 19.22829 15 58 12.54 -24 19 39.9                o~0JBA291
     K10M00R HC2010 06 19.23227 15 58 12.17 -24 19 38.2                o~0JBA291
     K10M00R  C2010 07 13.45100 15 36 42.29 -22 09 02.2          21.1 Ro~0KZq474
     K10M00R  C2010 07 13.45930 15 36 42.10 -22 09 00.0          20.9 Ro~0KZq474
     K10M00R  C2010 07 13.46744 15 36 41.89 -22 08 57.7          20.9 Ro~0KZq474
     K10M00R  C2010 08 12.15937 15 44 48.50 -21 07 33.7          21.7 Vo~0LpB291
     K10M00R  C2010 08 12.16349 15 44 48.65 -21 07 33.8          22.2 Vo~0LpB291
     K10M00R HC2010 08 12.16736 15 44 48.89 -21 07 34.3                o~0LpB291
     K10M00R 2C2010 12 06.19009521 03 26.558-13 45 24.44         20.8 Ro~0Pnd568
     K10M00R 2C2010 12 06.19105421 03 26.780-13 45 23.30         21.2 Ro~0Pnd568
     K10M00R 2C2010 12 06.19200621 03 27.008-13 45 22.35         21.1 Ro~0Pnd568
     K10M00R 2C2010 12 07.18786921 07 23.296-13 27 07.15         20.8 Ro~0Pnd568
     K10M00R 2C2010 12 07.18882621 07 23.518-13 27 06.12         21.1 Ro~0Pnd568
     K10M00R 2C2010 12 07.18978521 07 23.739-13 27 05.00         20.9 Ro~0Pnd568
     K10M00R ~C2014 05 29.42793 19 39 35.22 -23 56 26.7          19.9 Rt~156L675
     K10M00R ~C2014 05 29.43129 19 39 35.33 -23 56 26.1          19.8 Rt~156L675
     K10M00R ~C2014 05 29.43634 19 39 35.52 -23 56 25.2          19.8 Rt~156L675
     K10M00R ~C2014 06 05.39244 19 43 42.05 -23 37 22.7          19.9 Rt~156L675
     K10M00R ~C2014 06 05.39755 19 43 42.14 -23 37 22.5          19.6 Rt~156L675
     K10M00R  C2014 07 03.45259 19 44 25.962-22 08 43.23         18.7 wL~15zcF51
     K10M00R  C2014 07 03.46673 19 44 25.464-22 08 39.98         18.7 wL~15zcF51
     K10M00R  C2014 07 03.48090 19 44 24.963-22 08 36.67         18.6 wL~15zcF51
     K10M00R KC2014 07 17.96110 19 34 27.58 -20 59 56.5                q~16cM204
     K10M00R KC2014 07 17.96877 19 34 27.13 -20 59 53.8                q~16cM204
     K10M00R KC2014 07 17.97644 19 34 26.67 -20 59 51.2          17.9 Rq~16cM204
     K10M00R  C2014 08 01.01380 19 21 50.84 -19 20 55.7          18.2 Rr~16cMY00
     K10M00R  C2014 08 01.02810 19 21 49.98 -19 20 49.3          18.4 Rr~16cMY00
     K10M00R  C2014 08 01.03795 19 21 49.39 -19 20 44.4          18.0 Rr~16cMY00
     K10M00R  C2014 08 06.28134 19 17 46.49 -18 34 43.3          17.7 Rq~175SH45
     K10M00R  C2014 08 06.28265 19 17 46.42 -18 34 42.4          17.8 Rq~175SH45
     K10M00R  C2014 08 06.28336 19 17 46.38 -18 34 42.0          17.8 Rq~175SH45
     K10M00R  C2014 08 06.28458 19 17 46.32 -18 34 41.2          17.8 Rq~175SH45
     K10M00R  C2014 08 06.28569 19 17 46.25 -18 34 40.5          17.9 Rq~175SH45
     K10M00R  C2014 08 06.28646 19 17 46.23 -18 34 40.1          18.0 Rq~175SH45
     K10M00R KC2014 08 12.23368 19 14 27.98 -17 36 13.9          18.4 Vq~17L6H21
     K10M00R KC2014 08 12.23978 19 14 27.82 -17 36 10.3          17.5 Vq~17L7H21
     K10M00R  C2014 08 14.31911 19 13 43.943-17 14 17.24         17.6 iL~17L7F51
     K10M00R  C2014 08 14.33045 19 13 43.614-17 14 10.06         17.5 iL~17L7F51
     K10M00R  C2014 08 14.34183 19 13 43.282-17 14 02.78         17.4 iL~17L7F51
     K10M00R  C2014 08 15.32258 19 13 27.412-17 03 32.07         17.4 iL~17TwF51
     K10M00R  C2014 08 15.33390 19 13 27.122-17 03 24.75         17.5 iL~17TwF51
     K10M00R  C2014 08 15.34528 19 13 26.828-17 03 17.37         17.5 iL~17TwF51
     K10M00R  C2014 08 22.25653 19 13 16.85 -15 45 21.3          18.1 Rq~17TwH45
     K10M00R  C2014 08 22.25749 19 13 16.87 -15 45 20.5          18.1 Rq~17TwH45
     K10M00R  C2014 08 22.26233 19 13 16.90 -15 45 17.5          18.2 Rq~17TwH45
     K10M00R  C2014 08 29.23048 19 16 39.58 -14 20 06.0          17.8 Rq~17lNH45
     K10M00R  C2014 08 29.23209 19 16 39.60 -14 20 04.8          17.7 Rq~17lNH45
     K10M00R  C2014 08 29.23365 19 16 39.66 -14 20 03.8          17.8 Rq~17lNH45
     K10M00R  C2014 08 29.23516 19 16 39.70 -14 20 02.5          17.8 Rq~17lNH45
     K10M00R  C2014 08 29.23670 19 16 39.76 -14 20 01.7          17.7 Rq~17lNH45
     K10M00R  C2014 08 29.23797 19 16 39.82 -14 20 00.8          17.8 Rq~17lNH45
     K10M00R  C2014 09 08.47613 19 28 56.62 -12 01 50.8                o~195vQ63
     K10M00R  C2014 09 08.47696 19 28 56.66 -12 01 50.5                o~195vQ63
     K10M00R  C2014 09 08.47780 19 28 56.76 -12 01 49.8                o~195vQ63
     K10M00R KC2014 09 14.80423 19 41 01.13 -10 28 46.4          17.5 Rq~18dS157
     K10M00R KC2014 09 14.80576 19 41 01.34 -10 28 45.2          17.4 Rq~18dS157
     K10M00R KC2014 09 14.80729 19 41 01.53 -10 28 43.7          17.4 Rq~18dS157
     K10M00R KC2014 09 14.80881 19 41 01.68 -10 28 42.0          17.4 Rq~18dS157
     K10M00R  C2014 09 20.13737 19 53 49.64 -09 03 52.7          17.8 Rq~195vH45
     K10M00R  C2014 09 20.13881 19 53 49.87 -09 03 51.1          17.8 Rq~195vH45
     K10M00R  C2014 09 20.13988 19 53 50.02 -09 03 50.2          17.9 Rq~195vH45
     K10M00R  C2014 09 20.14102 19 53 50.19 -09 03 48.9          17.9 Rq~195vH45
     K10M00R  C2014 09 20.14202 19 53 50.34 -09 03 47.9          17.7 Rq~195vH45
     K10M00R  C2014 09 20.14314 19 53 50.50 -09 03 46.7          17.9 Rq~195vH45
     K10M00R KC2014 09 23.84983 20 04 09.28 -08 01 20.6          17.8 Rq~195v160
     K10M00R KC2014 09 23.85188 20 04 09.59 -08 01 18.4          17.5 Rq~195v160
     K10M00R KC2014 09 23.85392 20 04 09.94 -08 01 16.6          17.6 Rq~195v160
     K10M00R 2C2014 09 25.73288620 09 49.82 -07 28 28.9          18.5 Rq~195v089
     K10M00R 2C2014 09 25.73465720 09 50.16 -07 28 26.9          16.6 Rq~195v089
     K10M00R 2C2014 09 25.74186120 09 51.39 -07 28 19.2          17.1 Rq~195v089
     K10M00R KC2014 09 25.92408 20 10 24.08 -07 25 03.7          17.6 Rq~195v160
     K10M00R KC2014 09 25.92613 20 10 24.44 -07 25 01.5          17.6 Rq~195v160
     K10M00R KC2014 09 25.92803 20 10 24.76 -07 24 59.6          17.7 Rq~195v160
     K10M00R KC2014 09 26.84044 20 13 17.16 -07 08 45.1          17.9 Rq~19yr160
     K10M00R KC2014 09 26.84251 20 13 17.54 -07 08 42.8          18.1 Rq~19yr160
     K10M00R KC2014 09 26.84457 20 13 17.93 -07 08 40.6          18.0 Rq~19yr160
     K10M00R KC2014 09 27.80540 20 16 23.22 -06 51 21.9          17.7 Rq~1AyX160
     K10M00R KC2014 09 27.80713 20 16 23.54 -06 51 20.1          17.9 Rq~1AyX160
     K10M00R KC2014 09 27.80887 20 16 23.86 -06 51 18.0          18.1 Rq~1AyX160
     K10M00R  C2014 09 27.81775 20 16 25.46 -06 51 10.6                q~19yr246
     K10M00R  C2014 09 27.81821 20 16 25.56 -06 51 09.5                q~19yr246
     K10M00R  C2014 09 27.81843 20 16 25.57 -06 51 09.5                q~19yr246
     K10M00R  C2014 09 27.81866 20 16 25.64 -06 51 09.2                q~19yr246
     K10M00R  C2014 09 27.81889 20 16 25.64 -06 51 08.9                q~19ys246
     K10M00R  C2014 09 27.81911 20 16 25.69 -06 51 08.3                q~19ys246
     K10M00R  C2014 09 27.81934 20 16 25.74 -06 51 08.2                q~19ys246
     K10M00R  C2014 09 27.82616 20 16 27.02 -06 51 00.1                q~19ys246
     K10M00R  C2014 09 27.82649 20 16 27.03 -06 51 00.4                q~19ys246
     K10M00R  C2014 09 27.82671 20 16 27.11 -06 51 00.2                q~19ys246
     K10M00R  C2014 09 27.82791 20 16 27.36 -06 50 58.1                q~19ys246
     K10M00R  C2014 09 27.82821 20 16 27.39 -06 50 59.1                q~19ys246
     K10M00R  C2014 09 27.82850 20 16 27.47 -06 50 58.3                q~19ys246
     K10M00R  C2014 09 27.82919 20 16 27.60 -06 50 57.6                q~19ys246
     K10M00R  C2014 09 27.82949 20 16 27.63 -06 50 56.6                q~19ys246
     K10M00R  C2014 09 27.82987 20 16 27.70 -06 50 56.9                q~19ys246
     K10M00R  C2014 09 27.83069 20 16 27.83 -06 50 56.2                q~19ys246
     K10M00R 2C2014 09 28.73063820 19 25.43 -06 34 31.0          17.6 Rq~19ys089
     K10M00R 2C2014 09 28.73689320 19 26.61 -06 34 24.6          17.3 Rq~19ys089
     K10M00R 2C2014 09 28.73866220 19 26.97 -06 34 22.8          17.3 Rq~19ys089
     K10M00R 2C2014 09 28.74043220 19 27.29 -06 34 20.5          17.7 Rq~19ys089
     K10M00R 2C2014 09 28.74219220 19 27.63 -06 34 18.3          17.4 Rq~19ys089
     K10M00R 2C2014 09 28.74396220 19 27.96 -06 34 16.7          17.5 Rq~19ys089
     K10M00R 2C2014 09 28.74572120 19 28.30 -06 34 14.6          17.2 Rq~19ys089
     K10M00R 2C2014 09 28.74748120 19 28.64 -06 34 12.6          17.7 Rq~19ys089
     K10M00R KC2014 09 28.85526 20 19 49.64 -06 32 12.6          17.9 Rq~19ys160
     K10M00R KC2014 09 28.85731 20 19 50.04 -06 32 10.5          17.7 Rq~19ys160
     K10M00R KC2014 09 28.85937 20 19 50.43 -06 32 08.3          17.4 Rq~19ys160
     K10M00R KC2014 09 29.86877 20 23 13.91 -06 13 29.8                q~1AZ2160
     K10M00R KC2014 09 29.87162 20 23 14.48 -06 13 26.6          17.5 Rq~1AZ2160
     K10M00R KC2014 09 29.87390 20 23 14.94 -06 13 24.0                q~1AZ2160
     K10M00R KC2014 10 01.08187 20 27 25.03 -05 50 48.0          18.2 Vq~19ysH21
     K10M00R KC2014 10 01.08620 20 27 25.89 -05 50 43.1          18.2 Vq~19ysH21
     K10M00R KC2014 10 01.09039 20 27 26.73 -05 50 38.4          18.2 Vq~19ysH21
     K10M00R KC2014 10 01.09459 20 27 27.57 -05 50 33.5          18.3 Vq~19ysH21
     K10M00R KC2014 10 01.09879 20 27 28.40 -05 50 28.7          18.3 Vq~19ysH21
     K10M00R  C2014 10 02.09552 20 30 59.64 -05 31 33.8          18.1 Ro~19ysG48
     K10M00R  C2014 10 02.09606 20 30 59.72 -05 31 33.3          18.1 Ro~19ysG48
     K10M00R  C2014 10 02.09713 20 30 59.96 -05 31 32.3          18.3 Ro~19ysG48
     K10M00R  C2014 10 02.09766 20 31 00.10 -05 31 31.2          18.6 Ro~19ysG48
     K10M00R  C2014 10 02.09818 20 31 00.21 -05 31 30.6          18.2 Ro~19ysG48
     K10M00R  C2014 10 06.14328 20 45 54.68 -04 13 02.0          17.9 Vq~1AZ2703
     K10M00R  C2014 10 06.14880 20 45 55.88 -04 12 55.5          17.6 Vq~1AZ2703
     K10M00R  C2014 10 06.15432 20 45 57.09 -04 12 48.6          17.6 Vq~1AZ2703
     K10M00R  C2014 10 07.49240 20 51 06.10 -03 46 15.1          17.9 Ro~1I15300
     K10M00R  C2014 10 07.49466 20 51 06.63 -03 46 13.5          18.3 Ro~1I15300
     K10M00R  C2014 10 07.49527 20 51 06.73 -03 46 12.8          18.3 Ro~1I15300
     K10M00R  C2014 10 07.49953 20 51 07.76 -03 46 06.7          18.3 Ro~1I15300
     K10M00R  C2014 10 07.50014 20 51 07.89 -03 46 06.9          18.1 Ro~1I15300
     K10M00R KC2014 10 08.05701920 53 18.91 -03 34 59.9          18.0 Vu~1AZ2H21
     K10M00R KC2014 10 08.06116220 53 19.84 -03 34 54.9          17.7 Vu~1AZ2H21
     K10M00R KC2014 10 08.06478820 53 20.66 -03 34 50.5          17.7 Vu~1AZ2H21
     K10M00R  C2014 10 13.15747 21 13 55.71 -01 51 18.1          17.8 Vq~1AZ2703
     K10M00R  C2014 10 13.16601 21 13 57.76 -01 51 07.8          17.8 Vq~1AZ2703
     K10M00R  C2014 10 13.18730 21 14 02.85 -01 50 41.5          17.6 Vq~1AZ2703
     K10M00R  C2014 10 19.75046 21 42 02.34 +00 24 30.7                q~1AyX246
     K10M00R  C2014 10 19.75088 21 42 02.47 +00 24 31.1                q~1AyX246
     K10M00R  C2014 10 19.75314 21 42 03.08 +00 24 34.3                q~1AyX246
     K10M00R  C2014 10 19.75446 21 42 03.39 +00 24 36.0                q~1AyX246
     K10M00R  C2014 10 19.75508 21 42 03.53 +00 24 36.8                q~1AyX246
     K10M00R  C2014 10 19.75626 21 42 03.85 +00 24 38.8                q~1AyX246
     K10M00R  C2014 10 19.75887 21 42 04.49 +00 24 41.8                q~1AyX246
     K10M00R  C2014 10 19.76008 21 42 04.77 +00 24 42.9                q~1AyX246
     K10M00R  C2014 10 19.76275 21 42 05.46 +00 24 45.3                q~1AyX246
     K10M00R  C2014 10 19.76312 21 42 05.52 +00 24 45.9                q~1AyX246
     K10M00R  C2014 10 19.76342 21 42 05.63 +00 24 46.6                q~1AyX246
     K10M00R  C2014 10 19.76414 21 42 05.79 +00 24 47.6                q~1AyX246
     K10M00R  C2014 10 19.76451 21 42 05.90 +00 24 48.0                q~1AyX246
     K10M00R  C2014 10 19.76504 21 42 06.04 +00 24 48.6                q~1AyX246
     K10M00R  C2014 10 22.07978 21 52 12.99 +01 12 21.3          18.2 rR~1EGpG45
     K10M00R  C2014 10 22.09090 21 52 15.79 +01 12 35.3          18.1 rR~1EGpG45
     K10M00R  C2014 10 22.10202 21 52 18.62 +01 12 49.0          18.0 rR~1EGpG45
     K10M00R  C2014 10 22.11313 21 52 21.41 +01 13 02.2          18.1 rR~1EGpG45
     K10M00R KC2014 10 24.81699 22 04 14.70 +02 07 47.3          17.5 Rq~1CKc160
     K10M00R KC2014 10 24.81837 22 04 15.05 +02 07 48.9          17.7 Rq~1CKc160
     K10M00R KC2014 10 24.82209 22 04 15.97 +02 07 52.5          17.7 Rq~1CKc160
     K10M00R  C2014 10 25.12131 22 05 35.38 +02 13 57.9          18.2 rR~1EGpG45
     K10M00R  C2014 10 25.13253 22 05 38.21 +02 14 11.3          17.8 rR~1EGpG45
     K10M00R  C2014 10 25.15568 22 05 44.12 +02 14 39.3          17.8 rR~1EGpG45
     K10M00R  C2014 10 25.16683 22 05 46.97 +02 14 52.7          18.0 rR~1EGpG45
     K10M00R KC2014 10 25.80805 22 08 37.00 +02 27 39.0          17.9 Rq~1CKc160
     K10M00R KC2014 10 25.80971 22 08 37.32 +02 27 41.5          17.1 Rq~1CKc160
     K10M00R KC2014 10 25.81137 22 08 37.74 +02 27 43.7          16.3 Rq~1CKc160
     K10M00R  C2014 10 26.12141 22 09 59.96 +02 33 57.9          17.9 rR~1EGpG45
     K10M00R  C2014 10 26.13260 22 10 02.82 +02 34 11.5          18.0 rR~1EGpG45
     K10M00R  C2014 10 26.14376 22 10 05.67 +02 34 24.8          18.1 rR~1EGpG45
     K10M00R  C2014 10 26.15492 22 10 08.50 +02 34 38.1          18.3 rR~1EGpG45
     K10M00R  C2014 10 26.16604 22 10 11.35 +02 34 51.7          18.2 rR~1EGpG45
     K10M00R  C2014 10 26.18122 22 10 15.23 +02 35 09.7          17.7 rR~1EGpG45
     K10M00R KC2014 10 26.80177 22 12 59.95 +02 47 25.6          17.9 Rc~1BRLA53
     K10M00R KC2014 10 26.81283 22 13 02.78 +02 47 39.0          17.4 Rc~1BRLA53
     K10M00R KC2014 10 26.82407 22 13 05.67 +02 47 52.0          17.8 Rc~1BRLA53
     K10M00R KC2014 10 26.86047 22 13 15.32 +02 48 36.9          18.1 Vv~1BRLI76
     K10M00R KC2014 10 26.86758 22 13 17.12 +02 48 45.1          17.9 Vv~1BRLI76
     K10M00R KC2014 10 26.87467 22 13 18.95 +02 48 53.9          18.2 Vv~1BRLI76
     K10M00R KC2014 10 26.88178 22 13 20.75 +02 49 02.3          18.1 Vv~1BRLI76
     K10M00R KC2014 10 27.82889 22 17 31.39 +03 07 42.2          16.3 Rq~1C6E160
     K10M00R KC2014 10 27.83097 22 17 31.88 +03 07 44.6          16.5 Rq~1C6E160
     K10M00R KC2014 10 27.83305 22 17 32.44 +03 07 46.9          18.0 Rq~1C6E160
     K10M00R  C2014 10 28.09459 22 18 42.25 +03 13 00.1          17.9 Vq~1BRL703
     K10M00R  C2014 10 28.09959 22 18 43.53 +03 13 06.2          18.0 Vq~1BRL703
     K10M00R  C2014 10 28.10459 22 18 44.82 +03 13 11.9          18.1 Vq~1BRL703
     K10M00R  C2014 10 28.10959 22 18 46.02 +03 13 19.3          17.8 Vq~1BRL703
     K10M00R KC2014 10 28.81756 22 21 52.67 +03 27 03.4          18.2 Rq~1C6E160
     K10M00R KC2014 10 28.81947 22 21 53.15 +03 27 05.8          17.8 Rq~1C6E160
     K10M00R KC2014 10 28.82138 22 21 53.65 +03 27 07.8          16.5 Rq~1C6E160
     K10M00R KC2014 10 29.80258 22 26 12.56 +03 46 09.3          18.2 Rq~1C6E160
     K10M00R KC2014 10 29.80428 22 26 13.01 +03 46 11.2          18.2 Rq~1C6E160
     K10M00R KC2014 10 29.80643 22 26 13.57 +03 46 13.8          18.0 Rq~1C6E160
     K10M00R KC2014 10 30.81097 22 30 37.82 +04 05 30.7          18.0 Rq~1C6E160
     K10M00R KC2014 10 30.81300 22 30 38.32 +04 05 32.7          17.8 Rq~1C6E160
     K10M00R KC2014 10 30.81506 22 30 38.83 +04 05 34.9          18.4 Rq~1C6E160
     K10M00R KC2014 10 31.84277 22 35 08.15 +04 25 05.2          17.3 Rq~1BxZ160
     K10M00R KC2014 10 31.84483 22 35 08.68 +04 25 07.7          18.0 Rq~1BxZ160
     K10M00R KC2014 10 31.84690 22 35 09.20 +04 25 10.1          17.6 Rq~1BxZ160
     K10M00R KC2014 11 01.83358 22 39 27.14 +04 43 39.6          16.9 Rq~1BxZ160
     K10M00R KC2014 11 01.83565 22 39 27.67 +04 43 42.6          17.2 Rq~1BxZ160
     K10M00R KC2014 11 01.83772 22 39 28.22 +04 43 45.0          16.9 Rq~1BxZ160
     K10M00R KC2014 11 08.05851323 06 03.82 +06 34 55.0          18.7 Vu~1C6EH21
     K10M00R KC2014 11 08.06152323 06 04.54 +06 34 58.3          18.5 Vu~1C6EH21
     K10M00R KC2014 11 08.06439123 06 05.24 +06 35 01.3          18.7 Vu~1C6EH21
     K10M00R KC2014 11 08.06763923 06 06.04 +06 35 04.3          18.7 Vu~1C6EH21
     K10M00R KC2014 11 10.09995423 14 32.48 +07 09 08.9          18.6 Vu~1C6EH21
     K10M00R KC2014 11 10.10173623 14 32.91 +07 09 10.7          18.6 Vu~1C6EH21
     K10M00R KC2014 11 10.10350623 14 33.33 +07 09 12.5          18.7 Vu~1C6EH21
     K10M00R KC2014 11 10.10527523 14 33.75 +07 09 14.4          18.6 Vu~1C6EH21
     K10M00R KC2014 11 10.10703923 14 34.17 +07 09 15.8          18.6 Vu~1C6EH21
     K10M00R KC2014 11 10.10898223 14 34.65 +07 09 17.8          18.4 Vu~1C6EH21
     K10M00R  C2014 11 14.19011 23 31 05.95 +08 14 14.9          18.4  q~1C6EH45
     K10M00R  C2014 11 14.19116 23 31 06.16 +08 14 15.6          18.6  q~1C6EH45
     K10M00R  C2014 11 14.19240 23 31 06.47 +08 14 16.9          18.5  q~1C6EH45
     K10M00R  C2014 11 14.19330 23 31 06.69 +08 14 18.1          18.4  q~1C6EH45
     K10M00R  C2014 11 14.19458 23 31 06.97 +08 14 19.2          18.4  q~1C6EH45
     K10M00R  C2014 11 14.19571 23 31 07.26 +08 14 20.1          18.5  q~1C6EH45
     K10M00R  C2014 11 17.12194 23 42 36.67 +08 58 06.1          18.6 Vq~1CKc703
     K10M00R  C2014 11 17.13202 23 42 38.94 +08 58 15.5          18.5 Vq~1CKc703
     K10M00R  C2014 11 17.13705 23 42 40.05 +08 58 19.1          18.8 Vq~1CKc703
     K10M00R  C2014 11 19.11859 23 50 15.24 +09 26 37.5          18.9 rR~1EGpG45
     K10M00R  C2014 11 19.12283 23 50 16.17 +09 26 41.1          18.9 rR~1EGpG45
     K10M00R  C2014 11 19.12758 23 50 17.22 +09 26 45.0          19.1 rR~1EGpG45
     K10M00R  C2014 11 19.13173 23 50 18.10 +09 26 48.2          19.0 rR~1EGqG45
     K10M00R  C2014 11 19.13381 23 50 18.60 +09 26 49.9          18.7 rR~1EGqG45
     K10M00R  C2014 11 19.13806 23 50 19.54 +09 26 53.8          18.6 rR~1EGqG45
     K10M00R KC2014 11 19.88042 23 53 07.22 +09 37 11.8          18.2 Rq~1CKc160
     K10M00R KC2014 11 19.88246 23 53 07.67 +09 37 13.2          18.1 Rq~1CKc160
     K10M00R KC2014 11 19.88449 23 53 08.14 +09 37 14.2          18.2 Rq~1CKc160
     K10M00R KC2014 11 20.84456 23 56 43.90 +09 50 24.7          18.8 Rq~1CrN160
     K10M00R KC2014 11 20.84656 23 56 44.35 +09 50 25.6          18.6 Rq~1CrN160
     K10M00R KC2014 11 20.84856 23 56 44.81 +09 50 27.2          18.7 Rq~1CrN160
     K10M00R  C2014 11 23.78951 00 07 32.32 +10 29 24.3                q~1CrN246
     K10M00R  C2014 11 23.78984 00 07 32.40 +10 29 24.3                q~1CrN246
     K10M00R  C2014 11 23.79017 00 07 32.41 +10 29 25.2                q~1CrN246
     K10M00R  C2014 11 23.79047 00 07 32.50 +10 29 25.0                q~1CrN246
     K10M00R  C2014 11 23.79079 00 07 32.53 +10 29 24.9                q~1CrN246
     K10M00R  C2014 11 23.79143 00 07 32.68 +10 29 25.8                q~1CrN246
     K10M00R  C2014 11 23.79190 00 07 32.79 +10 29 26.8                q~1CrN246
     K10M00R  C2014 11 23.79261 00 07 32.92 +10 29 26.6                q~1CrN246
     K10M00R  C2014 11 24.12213 00 08 44.29 +10 33 45.4          19.1 rR~1GkQG45
     K10M00R  C2014 11 24.12688 00 08 45.25 +10 33 49.0          19.2 rR~1GkQG45
     K10M00R  C2014 11 24.13102 00 08 46.14 +10 33 52.7          19.2 rR~1GkQG45
     K10M00R  C2014 11 24.13311 00 08 46.61 +10 33 54.3          19.1 rR~1GkQG45
     K10M00R  C2014 11 24.13725 00 08 47.44 +10 33 57.5          19.0 rR~1GkQG45
     K10M00R  C2014 11 24.14962 00 08 50.14 +10 34 07.7          18.3 Vq~1CrN703
     K10M00R  C2014 11 24.15466 00 08 51.11 +10 34 11.4          18.6 Vq~1CrN703
     K10M00R  C2014 11 24.16471 00 08 53.23 +10 34 19.9          18.8 Vq~1CrN703
     K10M00R  C2014 11 25.11535 00 12 17.69 +10 46 23.5          18.7 rR~1GkQG45
     K10M00R  C2014 11 25.12364 00 12 19.38 +10 46 29.7          19.0 rR~1GkQG45
     K10M00R  C2014 11 25.12778 00 12 20.25 +10 46 32.7          18.8 rR~1GkQG45
     K10M00R  C2014 11 25.13822 00 12 22.43 +10 46 40.2          18.5 rR~1GkQG45
     K10M00R  C2014 11 26.11418 00 15 50.00 +10 58 51.4          18.9 rR~1GkQG45
     K10M00R  C2014 11 26.11833 00 15 50.89 +10 58 55.1          19.2 rR~1GkQG45
     K10M00R  C2014 11 26.12294 00 15 51.83 +10 58 58.4          18.8 rR~1GkQG45
     K10M00R  C2014 11 26.12709 00 15 52.69 +10 59 01.3          19.1 rR~1GkQG45
     K10M00R  C2014 11 28.21044 00 23 07.97 +11 24 22.4          18.6 Vq~1DNBG96
     K10M00R  C2014 11 28.21555 00 23 08.99 +11 24 26.2          18.6 Vq~1DNBG96
     K10M00R  C2014 11 28.22065 00 23 10.01 +11 24 29.8          18.6 Vq~1DNBG96
     K10M00R  C2014 11 28.22576 00 23 11.04 +11 24 33.4          18.7 Vq~1DNBG96
     K10M00R  C2014 12 16.30563 01 19 59.943+14 32 25.61         19.7 wL~1EGqF51
     K10M00R  C2014 12 16.31714 01 20 01.878+14 32 31.89         19.8 wL~1EGqF51
     K10M00R  C2014 12 16.32859 01 20 03.789+14 32 37.97         19.7 wL~1EGqF51
     K10M00R  C2014 12 16.34020 01 20 05.742+14 32 43.11         19.6 wL~1EGqF51
     K10M00R  C2015 01 12.28685 02 30 16.311+18 04 36.68         20.8 wL~1GMAF51
     K10M00R  C2015 01 12.29956 02 30 18.099+18 04 41.92         21.2 wL~1GMAF51
     K10M00R  C2015 01 12.31211 02 30 19.859+18 04 46.79         20.8 wL~1GMAF51
     K10M00R  C2015 01 12.32471 02 30 21.628+18 04 51.80         20.7 wL~1GMAF51
