     K10Y00D* C2010 12 25.37287 05 38 00.74 +23 11 13.8          20.7 Vr~0QoLG96
     K10Y00D  C2010 12 25.37980 05 38 04.45 +23 11 18.7          21.1 Vr~0QoLG96
     K10Y00D  C2010 12 25.38674 05 38 08.30 +23 11 23.4          20.4 Vr~0QoLG96
     K10Y00D  C2010 12 25.42616 05 38 30.25 +23 11 49.4          20.9 Vr~0QoLG96
     K10Y00D  C2010 12 25.42823 05 38 31.52 +23 11 50.7          20.7 Vr~0QoLG96
     K10Y00D KC2010 12 25.90669 05 43 54.31 +23 18 40.7                u~0QoLJ95
     K10Y00D KC2010 12 25.92286 05 44 04.64 +23 18 57.1          19.9 Ru~0QoLJ95
     K10Y00D  C2010 12 26.18403 05 47 13.70 +23 23 59.0          19.5 Vr~0QoLG96
     K10Y00D  C2010 12 26.18461 05 47 14.06 +23 23 59.6          19.9 Vr~0QoLG96
     K10Y00D  C2010 12 26.18518 05 47 14.49 +23 24 00.3          19.8 Vr~0QoLG96
     K10Y00D  C2010 12 26.18576 05 47 14.89 +23 24 01.4          20.4 Vr~0QoLG96
     K10Y00D  C2010 12 26.18631 05 47 15.25 +23 24 01.8          19.5 Vr~0QoLG96
     K10Y00D  C2010 12 26.40244 05 49 41.55 +23 27 25.3          20.4 Vr~0QoLG96
     K10Y00D  C2010 12 26.40309 05 49 42.12 +23 27 25.0          20.8 Vr~0QoLG96
     K10Y00D  C2010 12 26.40374 05 49 42.48 +23 27 25.9          19.8 Vr~0QoLG96
     K10Y00D  C2010 12 26.40436 05 49 42.81 +23 27 25.9          20.7 Vr~0QoLG96
     K10Y00D  C2010 12 27.21111506 01 20.70 +23 40 00.5                o~0QoLH21
     K10Y00D  C2010 12 27.21479906 01 23.89 +23 40 04.0                o~0QoLH21
     K10Y00D  C2010 12 27.21984306 01 28.23 +23 40 08.8          20.4 Vo~0QoLH21
     K10Y00D KC2010 12 28.27981 06 20 45.22 +23 54 14.7          19.6 Ru~0QoLH36
     K10Y00D KC2010 12 28.28592 06 20 52.38 +23 54 17.9          19.5 Ru~0QoLH36
     K10Y00D KC2010 12 28.29592 06 21 04.10 +23 54 23.2          19.7 Ru~0QoLH36
     K10Y00D KC2010 12 29.06542 06 39 13.37 +23 58 26.9                v~0QoL204
     K10Y00D KC2010 12 29.08435 06 39 42.02 +23 58 22.1          19.2 Rv~0QoL204
     K10Y00D  C2011 01 01.64168 09 26 10.92 +18 29 47.5          19.3 Ro~0RWW300
     K10Y00D  C2011 01 01.64229 09 26 13.29 +18 29 37.6          19.0 Ro~0RWW300
     K10Y00D  C2011 01 01.64291 09 26 15.78 +18 29 28.1          19.4 Ro~0RWW300
     K10Y00D  C2011 01 01.64476 09 26 23.19 +18 28 58.6          19.3 Ro~0RWW300
     K10Y00D  C2011 01 01.92322 09 45 45.95 +17 06 08.9                u~0Qu2587
     K10Y00D  C2011 01 01.92501 09 45 53.31 +17 05 36.3                u~0Qu2587
     K10Y00D  C2011 01 01.92697 09 46 01.54 +17 05 00.6                u~0Qu2587
     K10Y00D  C2011 01 01.92841 09 46 07.49 +17 04 35.6                u~0Qu2587
     K10Y00D KC2011 01 02.42783 10 20 53.89 +14 17 46.0          19.8 Vo~0Qu2H21
     K10Y00D KC2011 01 02.42911 10 20 59.09 +14 17 17.9          19.6 Vo~0Qu2H21
     K10Y00D KC2011 01 02.43167 10 21 09.52 +14 16 21.8          19.9 Vo~0Qu2H21
     K10Y00D KC2011 01 02.43287 10 21 14.39 +14 15 55.5          19.2 Vo~0Qu2H21
     K10Y00D KC2011 01 02.43423 10 21 19.91 +14 15 25.4          19.5 Vo~0Qu2H21
     K10Y00D KC2011 01 03.12388 11 08 51.72 +09 50 27.3                v~0RWW204
     K10Y00D KC2011 01 03.13219 11 09 23.45 +09 47 11.6                v~0RWW204
     K10Y00D KC2011 01 03.14668 11 10 18.49 +09 41 30.3          19.5 Rv~0RWW204
     K10Y00D  C2011 01 04.45278 12 25 23.74 +01 43 19.8          20.1 Ro~0Qu2H01
     K10Y00D  C2011 01 04.46065 12 25 45.50 +01 40 47.5          20.1 Ro~0Qu2H01
     K10Y00D  C2011 01 04.48426 12 26 50.34 +01 33 14.4          19.8 Ro~0Qu2H01
     K10Y00D  C2011 01 04.50918 12 27 58.13 +01 25 18.7          20.3 Ro~0Qu2H01
