     K10L61J* S2010 06 08.02580 11 40 13.94 +08 54 25.8                L~0IotC51
     K10L61J  s2010 06 08.02580 1 - 6380.3076 + 2120.9754 + 1585.2310   ~0IotC51
     K10L61J  S2010 06 08.15810 11 41 04.93 +08 44 19.3                L~0IotC51
     K10L61J  s2010 06 08.15810 1 - 6385.8449 + 2106.2854 + 1581.7193   ~0IotC51
     K10L61J  S2010 06 08.22419 11 41 30.43 +08 39 17.7                L~0IotC51
     K10L61J  s2010 06 08.22419 1 - 6399.2308 + 2096.6671 + 1540.1781   ~0IotC51
     K10L61J  S2010 06 08.29041 11 41 55.87 +08 34 14.8                L~0IotC51
     K10L61J  s2010 06 08.29041 1 - 6391.2153 + 2091.8491 + 1579.5183   ~0IotC51
     K10L61J  S2010 06 08.35650 11 42 21.14 +08 29 13.1                L~0IotC51
     K10L61J  s2010 06 08.35650 1 - 6404.6244 + 2082.1497 + 1538.2530   ~0IotC51
     K10L61J HC2010 06 12.19003 12 04 58.27 +03 56 30.3                o~0Iot291
     K10L61J HC2010 06 12.19390 12 04 59.45 +03 56 16.4                o~0Iot291
     K10L61J  C2010 06 13.18581 12 10 19.12 +02 51 41.9          22.3 Vo~0Iot291
     K10L61J HC2010 06 13.18955 12 10 20.31 +02 51 26.5                o~0Iot291
     K10L61J  C2010 06 13.19102 12 10 20.74 +02 51 21.3          20.8 Vr~0IotG96
     K10L61J HC2010 06 13.19327 12 10 21.40 +02 51 14.3                o~0Iot291
     K10L61J  C2010 06 13.19384 12 10 21.61 +02 51 10.4          21.0 Vr~0IotG96
     K10L61J  C2010 06 13.19667 12 10 22.51 +02 50 59.6          21.2 Vr~0IotG96
     K10L61J HC2010 06 13.19820 12 10 23.06 +02 50 53.6                o~0Iot291
     K10L61J  C2010 06 13.19949 12 10 23.34 +02 50 49.0          20.9 Vr~0IotG96
     K10L61J HC2010 06 13.20575 12 10 25.28 +02 50 25.2                o~0Iot291
     K10L61J  C2010 06 14.16274 12 15 23.02 +01 50 22.1                o~0Iot291
     K10L61J  C2010 06 14.16864 12 15 24.69 +01 50 00.9                o~0Iot291
     K10L61J  C2010 06 14.17234 12 15 25.82 +01 49 47.2                o~0Iot291
     K10L61J tC2010 06 14.17772 12 15 27.42 +01 49 27.3          20.9 Vo~0Iot291
     K10L61J tC2010 06 14.18150 12 15 28.62 +01 49 12.9          21.2 Vo~0Iot291
     K10L61J tC2010 06 14.18530 12 15 29.67 +01 48 59.3          21.2 Vo~0Iot291
     K10L61J KC2010 06 14.20088 12 15 34.25 +01 48 01.4          20.6 Ro~0IotH01
     K10L61J KC2010 06 14.21050 12 15 37.14 +01 47 25.7          21.3 Ro~0IotH01
     K10L61J  C2010 06 14.22501 12 15 41.47 +01 46 31.9          21.1 Ro~0IotH01
     K10L61J  C2010 06 14.23597 12 15 44.73 +01 45 51.6          20.6 Ro~0IotH01
     K10L61J tC2010 06 15.17463 12 20 26.24 +00 49 14.4          21.0 Vo~0Iot291
     K10L61J tC2010 06 15.17839 12 20 27.34 +00 49 00.8          21.2 Vo~0Iot291
     K10L61J tC2010 06 15.18217 12 20 28.51 +00 48 46.5          21.3 Vo~0Iot291
     K10L61J  C2010 06 15.18737 12 20 29.88 +00 48 29.3                o~0Iot291
     K10L61J HC2010 06 15.19109 12 20 31.03 +00 48 14.5                o~0Iot291
     K10L61J HC2010 06 15.19496 12 20 32.07 +00 48 02.1                o~0Iot291
     K10L61J HC2010 06 16.15323 12 25 09.72 -00 07 40.3                o~0Iot291
     K10L61J HC2010 06 16.15709 12 25 10.78 -00 07 52.7                o~0Iot291
     K10L61J HC2010 06 16.16097 12 25 11.86 -00 08 06.1                o~0Iot291
     K10L61J tC2010 06 16.17454 12 25 15.59 -00 08 51.8          21.3 Vo~0Iot291
     K10L61J tC2010 06 16.17819 12 25 16.60 -00 09 04.3          21.1 Vo~0Iot291
     K10L61J tC2010 06 16.18196 12 25 17.61 -00 09 16.5          21.1 Vo~0Iot291
     K10L61J tC2010 06 17.18890 12 29 59.05 -01 05 31.1          21.0 Vo~0Iot291
     K10L61J tC2010 06 17.19274 12 30 00.09 -01 05 44.2          20.6 Vo~0Iot291
     K10L61J tC2010 06 17.19676 12 30 01.13 -01 05 56.3          20.7 Vo~0Iot291
     K10L61J HC2010 06 18.19420 12 34 30.65 -01 59 28.7                o~0Iot291
     K10L61J HC2010 06 18.19788 12 34 31.61 -01 59 39.9                o~0Iot291
     K10L61J  C2010 06 18.20164 12 34 32.60 -01 59 51.8          21.6 Vo~0Iot291
