     K10J39U  C2003 06 07.31715814 51 11.524+39 27 57.36MPS389200       76270645
     K10J39U  C2003 06 07.31798714 51 11.355+39 27 55.50MPS389200       76270645
     K10J39U  C2003 06 07.32047514 51 10.860+39 27 50.61MPS389200       76270645
     K10J39U* C2010 05 09.33998 15 50 15.18 +56 43 18.0          21.1 Vr~0HJlG96
     K10J39U  C2010 05 09.34705 15 50 12.94 +56 43 13.4          21.1 Vr~0HJlG96
     K10J39U  C2010 05 09.35422 15 50 10.68 +56 43 08.6          21.2 Vr~0HJlG96
     K10J39U  C2010 05 09.36138 15 50 08.37 +56 43 03.6          21.3 Vr~0HJlG96
     K10J39U  C2010 05 09.38007 15 50 02.42 +56 42 50.5          20.5 Ro~0HJlH01
     K10J39U  C2010 05 09.38900 15 49 59.60 +56 42 44.4          20.6 Ro~0HJlH01
     K10J39U  C2010 05 09.39884 15 49 56.49 +56 42 37.5          20.8 Ro~0HJlH01
     K10J39U  C2010 05 09.40297 15 49 55.30 +56 42 35.2          20.2 Vr~0HJlG96
     K10J39U  C2010 05 09.40844 15 49 53.46 +56 42 30.8          20.6 Ro~0HJlH01
     K10J39U  C2010 05 09.41238 15 49 52.24 +56 42 28.6          21.1 Vr~0HJlG96
     K10J39U  C2010 05 09.42188 15 49 49.22 +56 42 21.9          20.5 Vr~0HJlG96
     K10J39U  C2010 05 09.43126 15 49 46.30 +56 42 15.4          21.3 Vr~0HJlG96
     K10J39U  C2010 05 10.16213 15 46 02.60 +56 33 34.4          20.9 Ro~0HJlH01
     K10J39U  C2010 05 10.16915 15 46 00.42 +56 33 29.5          21.1 Ro~0HJlH01
     K10J39U  C2010 05 10.17874 15 45 57.43 +56 33 23.0          21.1 Ro~0HJlH01
     K10J39U  C2010 05 10.18591 15 45 55.18 +56 33 17.7          21.0 Ro~0HJlH01
     K10J39U  C2010 05 10.37304 15 44 56.46 +56 30 59.6          21.8 Rc~0HJl926
     K10J39U  C2010 05 10.37831 15 44 54.81 +56 30 54.6          21.6 Rc~0HJl926
     K10J39U  C2010 05 11.18874 15 40 48.38 +56 20 02.6          21.2 Ro~0HJlH01
     K10J39U  C2010 05 11.19589 15 40 46.13 +56 19 56.5          21.1 Ro~0HJlH01
     K10J39U  C2010 05 11.20434 15 40 43.49 +56 19 49.7          21.3 Ro~0HJlH01
     K10J39U  C2010 05 11.21668 15 40 39.62 +56 19 39.6          21.1 Ro~0HJlH01
     K10J39U  C2010 05 15.36495 15 20 12.89 +55 08 05.4          20.8 Ro~0HZlH01
     K10J39U  C2010 05 15.37421 15 20 10.18 +55 07 53.8          20.6 Ro~0HZlH01
     K10J39U  C2010 05 15.38345 15 20 07.50 +55 07 42.3          20.5 Ro~0HZlH01
     K10J39U  C2010 05 15.39102 15 20 05.29 +55 07 32.8          20.6 Ro~0HZlH01
     K10J39U  C2010 05 16.46020 15 15 03.83 +54 44 50.4          21.0 Ro~0HZlH01
     K10J39U KC2010 05 16.46842 15 15 01.52 +54 44 39.3          21.1 Ro~0HZlH01
     K10J39U  C2010 05 22.28794 14 49 59.67 +52 14 19.8          20.4 Ro~0HrdH01
     K10J39U  C2010 05 22.30111 14 49 56.49 +52 13 56.2          20.3 Ro~0HrdH01
     K10J39U  C2010 05 22.30926 14 49 54.50 +52 13 41.7          20.5 Ro~0HrdH01
     K10J39U  C2010 05 22.31833 14 49 52.34 +52 13 25.7          20.4 Ro~0HrdH01
     K10J39U KC2010 06 07.12821314 03 37.80 +42 40 32.6          21.9 Vo~0IRuH21
     K10J39U KC2010 06 07.14166914 03 36.07 +42 39 58.7          21.1 Vo~0IRuH21
     K10J39U KC2010 06 07.15595514 03 34.36 +42 39 24.0          21.5 Vo~0IRuH21
     K10J39U  C2010 06 23.22676 13 43 34.82 +31 18 16.0          22.5 Vo~0Jao291
     K10J39U  C2010 06 23.23111 13 43 34.67 +31 18 06.2          21.6 Vo~0Jao291
     K10J39U HC2010 06 23.23557 13 43 34.56 +31 17 55.6                o~0Jao291
     K10J39U 7C2011 04 15.47039 18 33 17.56 +25 29 19.0          21.5 Rr~0VFEF65
     K10J39U 7C2011 04 15.47291 18 33 17.50 +25 29 21.5          21.7 Rr~0VFEF65
     K10J39U 7C2011 04 15.47553 18 33 17.55 +25 29 23.9          22.0 Rr~0VFEF65
     K10J39U KC2011 04 29.36267918 26 24.41 +29 24 03.9          21.6 Vo~0VFEH21
     K10J39U KC2011 04 29.37504818 26 23.62 +29 24 16.4          21.6 Vo~0VFEH21
     K10J39U KC2011 04 29.38673118 26 22.87 +29 24 28.6          21.8 Vo~0VFEH21
     K10J39U KC2011 04 29.41016118 26 21.38 +29 24 52.6          22.1 Vo~0VFEH21
     K10J39U KC2011 06 16.11601115 32 14.72 +29 26 28.0          20.4 Vo~0Wc5H21
     K10J39U KC2011 06 16.12517715 32 11.69 +29 26 07.5          20.4 Vo~0Wc5H21
     K10J39U KC2011 06 16.12974315 32 10.24 +29 25 56.7          20.2 Vo~0Wc5H21
     K10J39U KC2011 06 16.13400615 32 08.81 +29 25 47.0          20.4 Vo~0Wc5H21
     K10J39U tC2011 06 25.19049 14 46 45.90 +22 20 55.1          20.5 Vo~0WjH291
     K10J39U tC2011 06 25.19474 14 46 44.63 +22 20 41.5          20.4 Vo~0WjH291
     K10J39U tC2011 06 25.19918 14 46 43.49 +22 20 27.0          20.5 Vo~0WjH291
     K10J39U KC2012 05 02.45593 20 17 00.36 +06 31 34.0          20.6 Ro~0gN8291
     K10J39U KC2012 05 02.45892 20 17 00.74 +06 31 34.5          20.1 Ro~0gN8291
     K10J39U KC2012 05 02.46303 20 17 01.25 +06 31 35.0          20.4 Ro~0gN8291
     K10J39U KC2012 05 20.41844 21 04 43.60 +06 40 40.0          20.3 Ro~0gvH291
     K10J39U KC2012 05 20.41917 21 04 43.71 +06 40 40.0          20.3 Ro~0gvH291
     K10J39U KC2012 05 20.41990 21 04 43.87 +06 40 39.9          20.3 Ro~0gvH291
     K10J39U mC2012 06 15.44450 00 34 11.96 -01 13 54.3                o~0hJz291
     K10J39U mC2012 06 15.44506 00 34 12.52 -01 13 55.9                o~0hJz291
     K10J39U mC2012 06 15.44561 00 34 13.12 -01 13 58.4                o~0hJz291
