     K10V21Q  C2010 10 07.22536 23 59 28.14 -10 36 50.2          19.8 Vr~0PO3703
     K10V21Q  C2010 10 07.23170 23 59 27.70 -10 36 40.2          21.2 Vr~0PO3703
     K10V21Q  C2010 10 07.23803 23 59 27.20 -10 36 31.4          19.6 Vr~0PO3703
     K10V21Q  C2010 10 07.24436 23 59 26.77 -10 36 21.4          19.7 Vr~0PO3703
     K10V21Q* C2010 11 06.17870 23 50 30.40 +09 40 29.9          19.4 Vr~0Ot3703
     K10V21Q  C2010 11 06.18766 23 50 30.55 +09 40 58.2          20.4 Vr~0Ot3703
     K10V21Q  C2010 11 06.19664 23 50 30.80 +09 41 27.4          20.0 Vr~0Ot3703
     K10V21Q  C2010 11 06.20558 23 50 31.02 +09 41 53.2          20.2 Vr~0Ot3703
     K10V21Q  C2010 11 06.24077 23 50 31.95 +09 43 44.2          19.1 Vr~0Ot3703
     K10V21Q  C2010 11 06.24170 23 50 31.95 +09 43 47.4          19.5 Vr~0Ot3703
     K10V21Q  C2010 11 06.25804 23 50 32.49 +09 44 37.7          19.0 Vr~0Ot3703
     K10V21Q  C2010 11 06.25897 23 50 32.42 +09 44 40.9          19.0 Vr~0Ot3703
     K10V21Q  C2010 11 06.26665 23 50 32.71 +09 45 04.3          19.5 Vr~0Ot3703
     K10V21Q  C2010 11 06.26760 23 50 32.67 +09 45 09.5          19.2 Vr~0Ot3703
     K10V21Q  C2010 11 06.29415 23 50 33.46 +09 46 28.7          19.3 Ro~0Ot3H01
     K10V21Q  C2010 11 06.29874 23 50 33.71 +09 46 42.8          20.1 Rc~0Ot3854
     K10V21Q  C2010 11 06.30344 23 50 33.77 +09 46 57.6          19.3 Ro~0Ot3H01
     K10V21Q  C2010 11 06.30640 23 50 34.01 +09 47 09.3          20.3 Rc~0Ot3854
     K10V21Q  C2010 11 06.31167 23 50 33.97 +09 47 25.0          20.2 Rc~0Ot3854
     K10V21Q  C2010 11 06.31262 23 50 34.08 +09 47 25.8          19.8 Ro~0Ot3H01
     K10V21Q  C2010 11 06.31838 23 50 34.21 +09 47 43.7          20.2 Rc~0Ot3854
     K10V21Q  C2010 11 06.31973 23 50 34.31 +09 47 47.9          19.8 Ro~0Ot3H01
     K10V21Q  C2010 11 06.41899 23 50 42.32 +09 53 01.0          20.0 Ro~0Ot3300
     K10V21Q  C2010 11 06.42064 23 50 42.46 +09 53 05.2          20.1 Ro~0Ot3300
     K10V21Q  C2010 11 06.42229 23 50 42.48 +09 53 11.6          20.2 Ro~0Ot3300
     K10V21Q  C2010 11 06.42394 23 50 42.50 +09 53 15.4          20.3 Ro~0Ot3300
     K10V21Q  C2010 11 06.42556 23 50 42.59 +09 53 21.8          20.0 Ro~0Ot3300
     K10V21Q  C2010 11 06.42878 23 50 42.65 +09 53 30.7          20.1 Ro~0Ot3300
     K10V21Q  C2010 11 06.43040 23 50 42.72 +09 53 36.2          20.0 Ro~0Ot3300
     K10V21Q KC2010 11 07.11882523 51 13.80 +10 29 35.7          20.3 Vo~0Ot3H21
     K10V21Q KC2010 11 07.12862923 51 14.11 +10 30 06.6          20.5 Vo~0Ot3H21
     K10V21Q KC2010 11 07.13843623 51 14.43 +10 30 37.2          20.5 Vo~0Ot3H21
     K10V21Q  C2010 11 08.08967 23 52 05.42 +11 20 42.4          20.5 Vo~0Ot3291
     K10V21Q  C2010 11 08.09378 23 52 05.58 +11 20 55.6          20.5 Vo~0Ot3291
     K10V21Q  C2010 11 08.09779 23 52 05.76 +11 21 08.4          20.4 Vo~0Ot3291
     K10V21Q KC2010 11 08.11609723 52 05.29 +11 22 01.1          20.6 Vo~0Ot3H21
     K10V21Q KC2010 11 08.12308523 52 05.55 +11 22 23.4          20.4 Vo~0Ot3H21
     K10V21Q KC2010 11 08.12819923 52 05.74 +11 22 39.6          20.2 Vo~0Ot3H21
     K10V21Q KC2010 11 09.08707223 53 01.13 +12 13 15.7          20.3 Vo~0PO3H21
     K10V21Q KC2010 11 09.10046623 53 01.70 +12 13 58.2          20.6 Vo~0PO3H21
     K10V21Q KC2010 11 09.11544623 53 02.35 +12 14 45.7          20.2 Vo~0PO3H21
     K10V21Q  C2010 11 10.12060023 54 05.29 +13 07 57.7          20.2 Vo~0Ot3H21
     K10V21Q  C2010 11 10.14766123 54 06.61 +13 09 23.6          20.6 Vo~0Ot3H21
     K10V21Q  C2010 11 10.15199423 54 06.82 +13 09 37.1          20.3 Vo~0Ot3H21
     K10V21Q  C2010 11 10.15826923 54 07.14 +13 09 57.0          20.4 Vo~0Ot3H21
     K10V21Q KC2010 11 11.11563923 55 13.35 +14 00 44.0                o~0Ot3H21
     K10V21Q KC2010 11 11.12088623 55 13.64 +14 01 00.7          20.7 Vo~0Ot3H21
     K10V21Q KC2010 11 11.12509423 55 13.87 +14 01 14.0          20.5 Vo~0Ot3H21
     K10V21Q KC2010 11 11.12902523 55 14.10 +14 01 26.5          20.4 Vo~0Ot3H21
     K10V21Q KC2010 11 12.13634 23 56 28.58 +14 54 52.9          20.9 Vo~0Ot3H21
     K10V21Q KC2010 11 12.14176 23 56 28.91 +14 55 10.5          21.0 Vo~0Ot3H21
     K10V21Q KC2010 11 12.14718 23 56 29.24 +14 55 27.5          21.3 Vo~0Ot3H21
     K10V21Q KC2010 11 12.74597 23 57 18.37 +15 27 07.7                v~0PO3204
     K10V21Q KC2010 11 12.76886 23 57 19.90 +15 28 21.2          19.5 Rv~0PO3204
     K10V21Q KC2010 11 15.01344500 00 35.62 +17 27 13.1                o~0PO3H21
     K10V21Q KC2010 11 15.01978200 00 36.14 +17 27 33.6                o~0PO3H21
     K10V21Q KC2010 11 15.02586400 00 36.62 +17 27 52.8          20.6 Vo~0PO3H21
     K10V21Q KC2010 11 24.09511200 18 39.34 +25 11 38.8          20.2 Vo~0PO3H21
     K10V21Q KC2010 11 24.10731700 18 40.92 +25 12 14.2          20.2 Vo~0PO3H21
     K10V21Q KC2010 11 24.11548400 18 41.96 +25 12 38.0          20.0 Vo~0PO3H21
     K10V21Q KC2010 11 28.11130200 29 07.81 +28 21 32.7                o~0PohH21
     K10V21Q KC2010 11 28.11978100 29 09.10 +28 21 55.8          20.8 Vo~0PohH21
     K10V21Q KC2010 11 28.12793900 29 10.35 +28 22 18.0          20.3 Vo~0PohH21
     K10V21Q  C2010 12 08.11675101 01 35.15 +35 10 24.0          21.0 Vo~0PohH21
     K10V21Q  C2010 12 08.12400001 01 36.64 +35 10 39.6          20.6 Vo~0PohH21
     K10V21Q  C2010 12 08.14342801 01 40.62 +35 11 20.5          20.6 Vo~0PohH21
     K10V21Q ]C2010 12 10.20926 01 09 26.17 +36 22 27.9          20.7 Vo~0Poh695
     K10V21Q ]C2010 12 10.21126 01 09 26.60 +36 22 31.9          20.8 Vo~0Poh695
     K10V21Q ]C2010 12 10.21387 01 09 27.15 +36 22 36.8          20.8 Vo~0Poh695
