     K11D04Y* C2011 02 25.37009 10 44 03.26 -02 34 25.7          18.7 Vr~0TBZ703
     K11D04Y  C2011 02 25.37762 10 44 00.27 -02 34 03.1          18.8 Vr~0TBZ703
     K11D04Y  C2011 02 25.38520 10 43 57.36 -02 33 42.2          18.9 Vr~0TBZ703
     K11D04Y  C2011 02 25.39278 10 43 54.51 -02 33 21.8          18.7 Vr~0TBZ703
     K11D04Y  C2011 02 25.42775 10 43 40.81 -02 31 43.5          18.9 Ro~0TBZH01
     K11D04Y  C2011 02 25.43178 10 43 39.28 -02 31 31.6          18.7 Vr~0TBZ703
     K11D04Y  C2011 02 25.43248 10 43 39.07 -02 31 28.4          19.2 Vr~0TBZ703
     K11D04Y  C2011 02 25.43317 10 43 38.74 -02 31 26.7          18.9 Vr~0TBZ703
     K11D04Y  C2011 02 25.43388 10 43 38.53 -02 31 24.7          19.0 Vr~0TBZ703
     K11D04Y  C2011 02 25.43481 10 43 38.07 -02 31 23.6          18.8 Ro~0TBZH01
     K11D04Y  C2011 02 25.44251 10 43 35.15 -02 31 01.7          19.2 Ro~0TBZH01
     K11D04Y  C2011 02 25.44962 10 43 32.44 -02 30 41.5          18.7 Ro~0TBZH01
     K11D04Y  C2011 02 25.68571 10 42 07.86 -02 19 52.3          19.1 Ro~0TBZ300
     K11D04Y  C2011 02 25.68802 10 42 06.98 -02 19 46.1          19.1 Ro~0TBZ300
     K11D04Y  C2011 02 25.69033 10 42 06.15 -02 19 38.4          19.1 Ro~0TBZ300
     K11D04Y  C2011 02 25.69263 10 42 05.30 -02 19 32.7          19.3 Ro~0TBZ300
     K11D04Y KC2011 02 25.86225 10 41 07.38 -02 12 06.7          19.1 Rr~0TBZ113
     K11D04Y KC2011 02 25.86822 10 41 05.21 -02 11 51.1          19.0 Rr~0TBZ113
     K11D04Y KC2011 02 25.87420 10 41 03.07 -02 11 34.7          19.2 Rr~0TBZ113
     K11D04Y KC2011 02 25.88018 10 41 00.88 -02 11 19.3          18.5 Rr~0TBZ113
     K11D04Y KC2011 02 25.95181 10 40 35.20 -02 08 08.0                u~0TBZ595
     K11D04Y KC2011 02 25.95497 10 40 34.25 -02 07 58.7                r~0TBZ203
     K11D04Y KC2011 02 25.96182 10 40 31.56 -02 07 41.3          19.1 Vu~0TBZ595
     K11D04Y KC2011 02 25.96508 10 40 30.49 -02 07 29.5          18.6 Ru~0TBZ157
     K11D04Y KC2011 02 25.96890 10 40 29.07 -02 07 20.0          18.8 Ru~0TBZ157
     K11D04Y KC2011 02 25.97183 10 40 28.21 -02 07 15.0                r~0TBZ203
     K11D04Y tC2011 02 26.38124 10 38 09.76 -01 49 37.9                o~0TBZ291
     K11D04Y tC2011 02 26.38497 10 38 08.44 -01 49 28.3                o~0TBZ291
     K11D04Y tC2011 02 26.38870 10 38 07.16 -01 49 18.8                o~0TBZ291
     K11D04Y  C2011 02 26.53264 10 37 21.79 -01 42 28.9          18.9 Ro~0TBZ474
     K11D04Y  C2011 02 26.53449 10 37 21.22 -01 42 24.4          18.8 Ro~0TBZ474
     K11D04Y  C2011 02 26.53634 10 37 20.58 -01 42 19.9          19.1 Ro~0TBZ474
     K11D04Y  C2011 02 26.53750 10 37 20.19 -01 42 17.1          19.0 Ro~0TBZ474
     K11D04Y %C2011 02 27.41630 10 32 55.079-01 08 59.28         19.4 Ro~0TBZF65
     K11D04Y %C2011 02 27.41720 10 32 54.816-01 08 57.34         19.3 Ro~0TBZF65
     K11D04Y %C2011 02 27.41804 10 32 54.580-01 08 55.82         19.2 Ro~0TBZF65
     K11D04Y %C2011 02 27.41894 10 32 54.278-01 08 53.45         19.4 Ro~0TBZF65
     K11D04Y %C2011 02 27.41977 10 32 54.036-01 08 51.68         19.5 Ro~0TBZF65
     K11D04Y %C2011 02 27.42064 10 32 53.765-01 08 49.56         19.4 Ro~0TBZF65
     K11D04Y %C2011 02 27.42149 10 32 53.515-01 08 47.77         18.9 Ro~0TBZF65
     K11D04Y %C2011 02 27.42236 10 32 53.257-01 08 46.00         19.2 Ro~0TBZF65
     K11D04Y %C2011 02 27.42321 10 32 53.002-01 08 44.06         19.3 Ro~0TBZF65
     K11D04Y %C2011 02 27.42405 10 32 52.738-01 08 42.09         19.3 Ro~0TBZF65
     K11D04Y %C2011 02 27.42488 10 32 52.516-01 08 40.66         19.3 Ro~0TBZF65
     K11D04Y %C2011 02 27.42572 10 32 52.231-01 08 38.41         19.4 Ro~0TBZF65
     K11D04Y  C2011 02 27.48542 10 32 35.63 -01 05 42.7          19.6 Ro~0TBZ474
     K11D04Y  C2011 02 27.48669 10 32 35.25 -01 05 40.0          19.2 Ro~0TBZ474
     K11D04Y  C2011 02 27.48773 10 32 34.94 -01 05 37.6          19.2 Ro~0TBZ474
     K11D04Y KC2011 03 03.23476210 18 22.17 +00 45 58.8          20.0 Vo~0TBZH21
     K11D04Y KC2011 03 03.24031110 18 21.09 +00 46 06.5          20.3 Vo~0TBZH21
     K11D04Y KC2011 03 03.24592610 18 20.02 +00 46 15.2          20.3 Vo~0TBZH21
     K11D04Y ]C2011 03 03.26240 10 18 17.61 +00 46 42.6          20.1 Vo~0TXw695
     K11D04Y ]C2011 03 03.26387 10 18 17.34 +00 46 44.9          19.9 Vo~0TXw695
     K11D04Y ]C2011 03 03.26517 10 18 17.08 +00 46 46.9          20.1 Vo~0TXw695
     K11D04Y ]C2011 03 03.26649 10 18 16.83 +00 46 48.6          20.1 Vo~0TXw695
     K11D04Y  C2011 03 08.17882 10 06 51.15 +02 23 44.8                o~0TXw291
     K11D04Y HC2011 03 08.18248 10 06 50.79 +02 23 48.0                o~0TXw291
     K11D04Y  C2011 03 08.18630 10 06 50.30 +02 23 52.0                o~0TXw291
     K11D04Y  C2011 03 14.31571 09 58 56.49 +03 40 14.1          22.5 Vo~0Tsh291
     K11D04Y  C2011 03 14.32014 09 58 56.25 +03 40 16.1          22.1 Vo~0Tsh291
     K11D04Y  C2011 03 14.32456 09 58 56.04 +03 40 18.9          22.0 Vo~0Tsh291
