     K11A52N* C2011 01 14.32663 07 40 48.10 +20 49 02.8          21.6 Vr~0Ru3G96
     K11A52N  C2011 01 14.33479 07 40 47.42 +20 49 31.1          21.6 Vr~0Ru3G96
     K11A52N  C2011 01 14.34294 07 40 46.77 +20 50 00.2          21.5 Vr~0Ru3G96
     K11A52N  C2011 01 14.35104 07 40 46.05 +20 50 29.4          21.4 Vr~0Ru3G96
     K11A52N  C2011 01 14.38826 07 40 43.10 +20 52 39.5          21.4 Vr~0Ru3G96
     K11A52N  C2011 01 14.39108 07 40 42.85 +20 52 49.4          21.3 Vr~0Ru3G96
     K11A52N  C2011 01 14.39388 07 40 42.67 +20 52 58.7          21.6 Vr~0Ru3G96
     K11A52N  C2011 01 14.39670 07 40 42.45 +20 53 09.1          21.3 Vr~0Ru3G96
     K11A52N  C2011 01 15.26404 07 41 16.29 +22 04 34.1          20.8 Vr~0Ru3G96
     K11A52N  C2011 01 15.26641 07 41 16.04 +22 04 50.4          20.8 Vr~0Ru3G96
     K11A52N  C2011 01 15.26851 07 41 15.86 +22 05 03.9          20.9 Vr~0Ru3G96
     K11A52N  C2011 01 15.27060 07 41 15.64 +22 05 18.4          20.2 Vr~0Ru4G96
     K11A52N  C2011 01 15.27269 07 41 15.43 +22 05 33.0          20.6 Vr~0Ru4G96
     K11A52N KC2011 01 17.01486707 43 49.54 +30 46 37.1          18.5 Ru~0Ru4J95
     K11A52N KC2011 01 17.01813707 43 49.54 +30 49 18.3          18.4 Ru~0Ru4J95
     K11A52N KC2011 01 17.02124507 43 49.46 +30 51 52.7          18.3 Ru~0Ru4J95
     K11A52N KC2011 01 17.03037407 43 49.22 +30 59 31.4          18.0 Ru~0Ru4J95
     K11A52N KC2011 01 17.16471 07 45 17.22 +33 14 31.1          18.4 Vo~0Ru4H21
     K11A52N KC2011 01 17.16621 07 45 17.31 +33 16 16.8          18.3 Vo~0Ru4H21
     K11A52N KC2011 01 17.16751 07 45 17.36 +33 17 48.0          18.6 Vo~0Ru4H21
     K11A52N KC2011 01 17.17193 07 45 17.62 +33 22 58.5          18.8 Vo~0Ru4H21
