     K11B18Y* C2011 01 27.16170 03 06 43.81 +10 43 43.8          19.8 Vr~0Run703
     K11B18Y  C2011 01 27.16744 03 06 49.82 +10 44 18.2          19.2 Vr~0Run703
     K11B18Y  C2011 01 27.17310 03 06 55.65 +10 44 52.6          19.1 Vr~0Run703
     K11B18Y  C2011 01 27.17877 03 07 01.63 +10 45 26.8          20.1 Vr~0Run703
     K11B18Y  C2011 01 27.18478 03 07 07.89 +10 46 04.4          19.4 Vr~0Run703
     K11B18Y  C2011 01 27.18536 03 07 08.58 +10 46 08.1          19.1 Vr~0Run703
     K11B18Y  C2011 01 27.18593 03 07 09.08 +10 46 11.2          18.6 Vr~0Run703
     K11B18Y  C2011 01 27.18651 03 07 09.73 +10 46 16.2          19.2 Vr~0Run703
     K11B18Y  C2011 01 27.22730 03 07 52.29 +10 50 23.4          19.5 Rc~0Run854
     K11B18Y  C2011 01 27.23231 03 07 57.81 +10 50 54.3          19.7 Rc~0Run854
     K11B18Y  C2011 01 27.23346 03 07 58.72 +10 51 01.0          19.4 Vr~0Run703
     K11B18Y  C2011 01 27.23417 03 07 59.55 +10 51 05.4                r~0Run703
     K11B18Y  C2011 01 27.23486 03 08 00.27 +10 51 09.8                r~0Run703
     K11B18Y  C2011 01 27.23556 03 08 01.12 +10 51 14.8                r~0Run703
     K11B18Y  C2011 01 27.23729 03 08 02.77 +10 51 25.2          19.5 Rc~0Run854
     K11B18Y KC2011 01 28.04295 03 21 50.47 +12 10 31.2          19.6 Ru~0RunI19
     K11B18Y KC2011 01 28.04852 03 21 56.03 +12 11 02.5          19.1 Ru~0RunI19
     K11B18Y KC2011 01 28.05509 03 22 02.35 +12 11 38.5          18.7 Ru~0RunI19
     K11B18Y KC2011 01 28.06066 03 22 07.86 +12 12 09.9          18.5 Ru~0RunI19
     K11B18Y ]C2011 01 28.09280 03 22 41.30 +12 14 22.9          19.3 Vo~0Run695
     K11B18Y ]C2011 01 28.09354 03 22 42.06 +12 14 27.2          19.7 Vo~0Run695
     K11B18Y ]C2011 01 28.09417 03 22 42.65 +12 14 30.5          19.6 Vo~0Run695
     K11B18Y KC2011 01 28.13922 03 23 26.16 +12 18 32.9          19.7 Ru~0RunH36
     K11B18Y KC2011 01 28.14362 03 23 30.45 +12 18 56.6          19.6 Ru~0RunH36
     K11B18Y KC2011 01 28.14819 03 23 34.90 +12 19 21.5          19.9 Ru~0RunH36
     K11B18Y KC2011 01 28.15284 03 23 39.47 +12 19 47.1          19.7 Ru~0RunH36
     K11B18Y  C2011 01 28.22146 03 24 46.63 +12 26 03.0          18.8 Ro~0RunH01
     K11B18Y  C2011 01 28.22848 03 24 53.46 +12 26 40.9          18.8 Ro~0RunH01
     K11B18Y  C2011 01 28.23567 03 25 00.48 +12 27 19.6          18.8 Ro~0RunH01
     K11B18Y  C2011 01 28.24373 03 25 08.34 +12 28 03.0          18.6 Ro~0RunH01
     K11B18Y KC2011 01 29.08771603 38 33.98 +13 40 12.3          19.9 Vo~0SGaH21
     K11B18Y KC2011 01 29.09080103 38 36.79 +13 40 27.1          19.9 Vo~0SGaH21
     K11B18Y KC2011 01 29.09366903 38 39.39 +13 40 41.3          20.0 Vo~0SGaH21
     K11B18Y KC2011 01 29.09626603 38 41.76 +13 40 53.6          19.8 Vo~0SGaH21
     K11B18Y tC2011 01 29.21810 03 40 32.77 +13 50 42.8                o~0SGa291
     K11B18Y tC2011 01 29.22211 03 40 36.43 +13 51 02.4          19.5 Vo~0SGa291
     K11B18Y  C2011 01 29.40405 03 43 22.01 +14 06 06.8          19.8 Ro~0SGa474
     K11B18Y  C2011 01 29.40509 03 43 22.84 +14 06 12.0          19.3 Ro~0SGa474
     K11B18Y  C2011 01 29.40590 03 43 23.61 +14 06 15.8          19.7 Ro~0SGa474
     K11B18Y  C2011 01 29.40671 03 43 24.21 +14 06 19.0          19.2 Ro~0SGa474
     K11B18Y  C2011 01 29.40752 03 43 25.02 +14 06 23.9          20.0 Ro~0SGa474
     K11B18Y KC2011 01 31.06375 04 06 41.13 +16 00 03.1          20.3 Vo~0SGaH21
     K11B18Y KC2011 01 31.06677 04 06 43.48 +16 00 14.2          20.2 Vo~0SGaH21
     K11B18Y KC2011 01 31.06984 04 06 45.84 +16 00 25.5          19.7 Vo~0SGaH21
     K11B18Y KC2011 01 31.07303 04 06 48.33 +16 00 37.3          19.8 Vo~0SGaH21
     K11B18Y  C2011 01 31.48052 04 12 02.91 +16 24 55.1          19.6 Ro~0SX6300
     K11B18Y  C2011 01 31.48354 04 12 05.10 +16 25 04.5          19.2 Ro~0SX6300
     K11B18Y  C2011 01 31.48655 04 12 07.32 +16 25 15.0          19.4 Ro~0SX6300
     K11B18Y KC2011 01 31.94406 04 17 47.24 +16 50 39.0                v~0SX6204
     K11B18Y KC2011 01 31.95118 04 17 52.38 +16 51 01.8          19.4 Rv~0SX6204
     K11B18Y KC2011 01 31.95821 04 17 57.48 +16 51 24.6                v~0SX6204
     K11B18Y KC2011 02 01.92093 04 29 12.52 +17 39 50.6                v~0SX6204
     K11B18Y HC2011 02 01.93576 04 29 22.40 +17 40 31.6                v~0SX6204
     K11B18Y KC2011 02 01.94758 04 29 30.23 +17 41 04.3          19.4 Rv~0SX6204
     K11B18Y  C2011 02 03.08907 04 41 42.83 +18 30 17.8          20.3 Rc~0SX6926
     K11B18Y  C2011 02 03.09141 04 41 44.26 +18 30 23.3          20.8 Rc~0SX6926
     K11B18Y  C2011 02 03.09377 04 41 45.67 +18 30 29.3          20.2 Rc~0SX6926
     K11B18Y  C2011 02 03.09612 04 41 47.05 +18 30 34.2          20.2 Rc~0SX6926
     K11B18Y  C2011 02 03.09847 04 41 48.47 +18 30 39.5          20.0 Rc~0SX6926
     K11B18Y  C2011 02 03.10082 04 41 49.88 +18 30 44.3          20.0 Rc~0SX6926
     K11B18Y tC2011 02 05.23015 05 01 38.58 +19 42 56.2          20.3 Vo~0SX6291
     K11B18Y tC2011 02 05.23802 05 01 42.50 +19 43 09.0          20.4 Vo~0SX6291
     K11B18Y KC2011 02 10.10661 05 36 24.82 +21 25 21.5          20.6 Vo~0SX6H21
     K11B18Y KC2011 02 10.11270 05 36 26.94 +21 25 26.9          21.3 Vo~0SX6H21
     K11B18Y KC2011 02 10.12488 05 36 31.21 +21 25 37.7          20.9 Vo~0SX6H21
     K11B18Y KC2011 02 10.13096 05 36 33.32 +21 25 43.2          21.0 Vo~0SX6H21
     K11B18Y tC2011 02 10.22344 05 37 05.92 +21 27 07.3          21.5 Vo~0SX6291
     K11B18Y tC2011 02 10.23289 05 37 09.21 +21 27 15.3          20.8 Vo~0SX6291
     K11B18Y tC2011 02 11.21783 05 42 46.63 +21 40 41.2          20.9 Vo~0SX6291
     K11B18Y tC2011 02 11.22179 05 42 47.82 +21 40 44.4          21.4 Vo~0SX6291
     K11B18Y tC2011 02 11.22606 05 42 49.31 +21 40 46.7          21.1 Vo~0SX6291
     K11B18Y tC2011 02 23.32175 06 31 31.69 +22 57 37.9          22.2 Vo~0Szu291
     K11B18Y tC2011 02 23.32575 06 31 32.46 +22 57 38.7          22.2 Vo~0Szu291
     K11B18Y tC2011 02 23.32972 06 31 33.10 +22 57 39.1          22.7 Vo~0Szu291
     K11B18Y tC2011 03 01.27054 06 47 45.82 +23 05 46.8          23   Vo~0TAr291
     K11B18Y tC2011 03 01.27949 06 47 47.16 +23 05 46.4          23   Vo~0TAr291
     K11B18Y HC2011 03 02.28610 06 50 15.42 +23 06 08.5                o~0TAr291
     K11B18Y HC2011 03 02.29011 06 50 15.96 +23 06 09.9                o~0TAr291
     K11B18Y HC2011 03 02.29566 06 50 16.82 +23 06 09.6                o~0TAr291
