     K11G00E* C2011 04 01.42853 13 09 07.23 +02 23 32.6          21.1 Vr~0UYKG96
     K11G00E  C2011 04 01.43654 13 09 08.64 +02 23 38.4          20.4 Vr~0UYKG96
     K11G00E  C2011 04 01.44455 13 09 10.08 +02 23 45.0          20.4 Vr~0UYKG96
     K11G00E  C2011 04 01.45255 13 09 11.48 +02 23 50.9          20.5 Vr~0UYKG96
     K11G00E  C2011 04 01.47927 13 09 16.42 +02 24 11.9          21.2 Vo~0UYK291
     K11G00E  C2011 04 01.48318 13 09 17.13 +02 24 14.4          21.2 Vo~0UYK291
     K11G00E  C2011 04 01.48688 13 09 17.83 +02 24 17.4          21.1 Vo~0UYK291
     K11G00E KC2011 04 01.99095 13 11 18.00 +02 30 25.7                u~0UYKJ95
     K11G00E KC2011 04 02.01246 13 11 22.34 +02 30 43.1                u~0UYKJ95
     K11G00E KC2011 04 02.02407 13 11 24.45 +02 31 04.8                v~0UYKI93
     K11G00E KC2011 04 02.03529 13 11 26.76 +02 31 13.9          20.3 Vv~0UYKI93
     K11G00E KC2011 04 02.03541 13 11 26.87 +02 31 02.7          20.1 Ru~0UYKJ95
     K11G00E KC2011 04 02.04468 13 11 28.53 +02 31 21.5          20.0 Vv~0UYKI93
     K11G00E KC2011 04 02.05341 13 11 30.22 +02 31 29.1                v~0UYKI93
     K11G00E |C2011 04 02.19249 13 12 06.05 +02 36 14.9          21.2 Vo~0UYK807
     K11G00E |C2011 04 02.19976 13 12 07.44 +02 36 21.5          20.9 Vo~0UYL807
     K11G00E |C2011 04 02.20698 13 12 08.84 +02 36 27.7          20.7 Vo~0UYL807
     K11G00E |C2011 04 02.21708 13 12 10.79 +02 36 36.2          21.2 Vo~0UYL807
     K11G00E |C2011 04 04.20083 13 21 55.53 +03 10 38.1          20.9 Vo~0UYL807
     K11G00E |C2011 04 04.20534 13 21 56.87 +03 10 43.4          20.8 Vo~0UYL807
     K11G00E |C2011 04 04.21206 13 21 58.84 +03 10 51.9          20.6 Vo~0UYL807
     K11G00E |C2011 04 04.22060 13 22 01.36 +03 11 02.0          21.0 Vo~0UYL807
     K11G00E |C2011 04 04.25007 13 22 10.13 +03 11 38.3          20.3 Vo~0UYL807
     K11G00E |C2011 04 05.36828 13 29 40.17 +03 37 15.5          20.2 Vo~0UYL807
     K11G00E |C2011 04 05.37219 13 29 41.80 +03 37 20.9          20.5 Vo~0UYL807
     K11G00E |C2011 04 05.37609 13 29 43.45 +03 37 26.3          20.1 Vo~0UYL807
     K11G00E |C2011 04 05.38000 13 29 45.11 +03 37 32.7          20.3 Vo~0UYL807
     K11G00E |C2011 04 06.26792 13 37 33.86 +04 02 55.9          20.0 Vo~0UYL807
     K11G00E |C2011 04 06.27351 13 37 36.70 +04 03 06.4          20.2 Vo~0UYL807
     K11G00E |C2011 04 06.27940 13 37 39.70 +04 03 17.5          20.1 Vo~0UYL807
     K11G00E KC2011 04 09.03102 14 19 46.67 +06 04 57.0          18.8 Vv~0UvKI93
     K11G00E KC2011 04 09.03597 14 19 53.18 +06 05 16.8          18.7 Vv~0UvKI93
     K11G00E KC2011 04 09.04092 14 19 59.75 +06 05 36.8          18.8 Vv~0UvKI93
     K11G00E KC2011 04 09.04586 14 20 06.29 +06 05 56.9          18.7 Vv~0UvKI93
     K11G00E KC2011 04 09.05118 14 20 13.34 +06 06 18.5          18.5 Vv~0UvKI93
     K11G00E KC2011 04 09.05615 14 20 19.93 +06 06 38.3          18.8 Vv~0UvKI93
     K11G00E KC2011 04 10.04603 14 49 26.07 +07 24 57.5          16.2 Rc~0VFtA24
     K11G00E KC2011 04 10.04661 14 49 27.26 +07 25 00.7          17.6 Rc~0VFtA24
     K11G00E KC2011 04 10.09575 14 51 08.56 +07 29 33.4          17.7 Rc~0VFtA24
     K11G00E KC2011 04 10.95099015 29 58.83 +08 59 12.0                u~0UvKJ95
     K11G00E KC2011 04 10.95497515 30 11.53 +08 59 40.9                u~0UvKJ95
     K11G00E KC2011 04 10.95939115 30 25.61 +09 00 12.6          17.8 Ru~0UvKJ95
     K11G00E KC2011 04 11.34972 15 53 36.05 +09 49 29.9          18.5 Ru~0UvKH36
     K11G00E KC2011 04 11.35185 15 53 44.12 +09 49 45.5          18.6 Ru~0UvLH36
     K11G00E KC2011 04 11.35363 15 53 50.83 +09 49 59.3          18.8 Ru~0UvLH36
     K11G00E KC2011 04 11.35743 15 54 05.08 +09 50 27.3          18.4 Ru~0UvLH36
     K11G00E KC2011 04 12.15864916 56 41.50 +11 23 21.1          18.0 Ru~0UvLJ95
     K11G00E KC2011 04 12.16116716 56 54.82 +11 23 36.2          17.7 Ru~0UvLJ95
     K11G00E KC2011 04 12.16372616 57 08.38 +11 23 51.8          17.5 Ru~0UvLJ95
     K11G00E KC2011 04 12.39151 17 18 49.07 +11 46 49.1          18.5 Ru~0UvLH36
     K11G00E KC2011 04 12.39431 17 19 04.87 +11 47 03.1          18.7 Ru~0UvLH36
     K11G00E KC2011 04 12.39764 17 19 23.69 +11 47 19.6          18.4 Ru~0UvLH36
