     K11Y28H* C2011 12 27.41812 09 57 17.56 +08 55 16.6          21.4 Vr~0bfHG96
     K11Y28H  C2011 12 27.42457 09 57 18.32 +08 55 06.4          21.3 Vr~0bfHG96
     K11Y28H  C2011 12 27.43087 09 57 19.11 +08 54 55.8          21.1 Vr~0bfHG96
     K11Y28H mC2011 12 27.46353 09 57 22.91 +08 54 03.6                o~0bfH291
     K11Y28H mC2011 12 27.46575 09 57 23.18 +08 53 59.9                o~0bfH291
     K11Y28H mC2011 12 27.46798 09 57 23.43 +08 53 56.2                o~0bfH291
     K11Y28H mC2011 12 28.34729 09 59 12.44 +08 29 46.3                o~0bfH291
     K11Y28H mC2011 12 28.35021 09 59 12.73 +08 29 41.6                o~0bfH291
     K11Y28H  C2011 12 28.39433 09 59 18.17 +08 28 29.2                c~0bfH926
     K11Y28H  C2011 12 28.39564 09 59 18.34 +08 28 26.7                c~0bfH926
     K11Y28H  C2011 12 28.39692 09 59 18.49 +08 28 24.6                c~0bfH926
     K11Y28H  C2011 12 28.39822 09 59 18.67 +08 28 23.2                c~0bfH926
     K11Y28H  C2011 12 28.41234 09 59 20.29 +08 27 58.6                c~0bfH926
     K11Y28H  C2011 12 28.41363 09 59 20.46 +08 27 57.1                c~0bfH926
     K11Y28H  C2011 12 28.41492 09 59 20.58 +08 27 54.1                c~0bfH926
     K11Y28H  C2011 12 28.41623 09 59 20.78 +08 27 51.4                c~0bfH926
     K11Y28H mC2011 12 29.34540 10 01 17.92 +08 01 19.6                o~0bfH291
     K11Y28H mC2011 12 29.34866 10 01 18.28 +08 01 13.9                o~0bfH291
     K11Y28H mC2011 12 29.35190 10 01 18.69 +08 01 08.0                o~0bfH291
     K11Y28H HC2012 01 01.38667 10 07 57.97 +06 27 03.3                o~0bzY291
     K11Y28H HC2012 01 01.38825 10 07 58.20 +06 27 00.2                o~0bzY291
     K11Y28H HC2012 01 01.38981 10 07 58.42 +06 26 57.3                o~0bzY291
     K11Y28H mC2012 01 02.52011 10 10 34.42 +05 48 39.0                o~0bzY291
     K11Y28H mC2012 01 02.52163 10 10 34.61 +05 48 35.9                o~0bzY291
     K11Y28H mC2012 01 02.52314 10 10 34.84 +05 48 32.6                o~0bzY291
     K11Y28H KC2012 01 03.36970910 12 36.00 +05 18 32.1                o~0bzYH21
     K11Y28H KC2012 01 03.37691110 12 37.03 +05 18 16.1          20.6 Vo~0bzYH21
     K11Y28H KC2012 01 03.38443310 12 38.09 +05 17 59.9          21.0 Vo~0bzYH21
     K11Y28H mC2012 01 03.52397 10 12 57.84 +05 12 58.2                o~0bzY291
     K11Y28H mC2012 01 03.52544 10 12 58.04 +05 12 55.2                o~0bzY291
     K11Y28H mC2012 01 03.52689 10 12 58.22 +05 12 52.2                o~0bzY291
     K11Y28H mC2012 01 04.38528 10 15 05.19 +04 41 01.8                o~0bzY291
     K11Y28H mC2012 01 04.38674 10 15 05.38 +04 40 58.5                o~0bzY291
     K11Y28H mC2012 01 04.38819 10 15 05.61 +04 40 55.4                o~0bzY291
     K11Y28H mC2012 01 05.47932 10 17 50.27 +03 58 34.0                o~0bzY291
     K11Y28H mC2012 01 05.48073 10 17 50.48 +03 58 30.4                o~0bzY291
     K11Y28H mC2012 01 05.48212 10 17 50.74 +03 58 26.7                o~0bzY291
     K11Y28H mC2012 01 05.48541 10 17 51.16 +03 58 19.4                o~0bzY291
     K11Y28H mC2012 01 05.48682 10 17 51.37 +03 58 16.0                o~0bzY291
     K11Y28H mC2012 01 05.48821 10 17 51.57 +03 58 12.7                o~0bzY291
     K11Y28H mC2012 01 06.31228 10 20 01.45 +03 24 42.3                o~0bzY291
     K11Y28H mC2012 01 06.31363 10 20 01.67 +03 24 39.3                o~0bzY291
     K11Y28H mC2012 01 06.31497 10 20 01.86 +03 24 36.2                o~0bzY291
     K11Y28H KC2012 01 15.02192 10 47 35.77 -04 11 42.7          19.6 Ru~0cS8104
     K11Y28H KC2012 01 15.02653 10 47 36.84 -04 12 00.6                u~0cS8104
     K11Y28H KC2012 01 15.03021 10 47 37.71 -04 12 14.9          19.8 Ru~0cS8104
     K11Y28H |C2012 01 15.35207 10 48 51.99 -04 33 08.4          20.2 Vo~0cS8807
     K11Y28H |C2012 01 15.35858 10 48 53.45 -04 33 34.9          20.3 Vo~0cS8807
     K11Y28H |C2012 01 15.36644 10 48 55.22 -04 34 06.5          20.3 Vo~0cS8807
     K11Y28H |C2012 01 15.37155 10 48 56.37 -04 34 26.8          20.7 Vo~0cS8807
     K11Y28H KC2012 01 17.10161 10 56 03.94 -06 37 05.5                t~0d5p204
     K11Y28H KC2012 01 17.11450 10 56 07.18 -06 38 02.9          19.4 Rt~0d5p204
     K11Y28H ]C2012 01 18.33418 11 01 36.16 -08 11 47.3          19.6 Ro~0cS8695
     K11Y28H ]C2012 01 18.33581 11 01 36.61 -08 11 55.5          19.8 Ro~0cS8695
     K11Y28H ]C2012 01 18.33726 11 01 37.01 -08 12 02.3          19.7 Ro~0cS8695
     K11Y28H ]C2012 01 18.33887 11 01 37.43 -08 12 09.9          19.6 Ro~0cS8695
     K11Y28H mC2012 01 26.52282 11 52 35.69 -21 59 59.3                o~0cjZ291
     K11Y28H mC2012 01 26.52336 11 52 35.96 -22 00 03.1                o~0cjZ291
     K11Y28H mC2012 01 26.52390 11 52 36.21 -22 00 07.3                o~0cjZ291
     K11Y28H `C2012 02 01.69831 13 00 26.02 -35 52 19.0          19.0 Ru~0d5pD90
     K11Y28H `C2012 02 01.70260 13 00 29.58 -35 52 54.8          19.1 Ru~0d5pD90
     K11Y28H `C2012 02 01.70686 13 00 33.13 -35 53 30.4          18.8 Ru~0d5pD90
     K11Y28H `C2012 02 01.71112 13 00 36.71 -35 54 05.9          19.2 Ru~0d5pD90
     K11Y28H KC2012 06 26.43143 23 40 36.42 +05 19 21.8                o~0hfg291
     K11Y28H KC2012 06 26.45398 23 40 36.38 +05 19 32.1          22.3 Ro~0hfg291
