     K11H24P* C2011 04 28.43605 15 38 12.26 +22 21 54.4          21.3 Vr~0VYiG96
     K11H24P  C2011 04 28.44123 15 38 12.80 +22 21 59.7          21.4 Vr~0VYiG96
     K11H24P  C2011 04 28.44646 15 38 13.30 +22 22 04.5          22.1 Vr~0VYiG96
     K11H24P  C2011 04 28.45163 15 38 13.92 +22 22 09.9          21.8 Vr~0VYiG96
     K11H24P  C2011 04 28.46692 15 38 15.61 +22 22 24.0          21.0 Vr~0VYiG96
     K11H24P  C2011 04 28.46898 15 38 15.82 +22 22 26.4          21.8 Vr~0VYiG96
     K11H24P  C2011 04 28.46991 15 38 15.93 +22 22 27.0          21.7 Vr~0VYiG96
     K11H24P  C2011 04 28.47139 15 38 16.11 +22 22 28.3          21.5 Vr~0VYiG96
     K11H24P KC2011 04 29.31239215 40 26.26 +22 37 17.0          21.3 Vt~0VYiH21
     K11H24P KC2011 04 29.31869515 40 26.90 +22 37 22.1          21.2 Vt~0VYiH21
     K11H24P KC2011 04 29.32434515 40 27.53 +22 37 27.4          21.7 Vt~0VYiH21
     K11H24P  C2011 05 05.44636 15 54 14.12 +23 52 56.5          21.1 Ro~0VYiH01
     K11H24P  C2011 05 05.45550 15 54 14.91 +23 52 59.0          21.1 Ro~0VYiH01
     K11H24P  C2011 05 05.46225 15 54 15.50 +23 53 00.9          21.3 Ro~0VYiH01
     K11H24P  C2011 05 06.42983 15 56 14.89 +23 59 49.1          22.4 Vo~0VYi291
     K11H24P  C2011 05 06.43802 15 56 15.51 +23 59 51.0          22.0 Vo~0VYi291
     K11H24P HC2011 05 06.44569 15 56 16.16 +23 59 52.1                o~0VYi291
     K11H24P HC2011 05 11.40854 16 05 29.10 +24 12 09.9                o~0VpI291
     K11H24P HC2011 05 11.41432 16 05 29.46 +24 12 08.3                o~0VpI291
     K11H24P HC2011 05 11.42005 16 05 29.79 +24 12 07.6                o~0VpI291
     K11H24P KC2011 05 31.25757516 30 10.07 +19 59 46.0          22.6 Vo~0WIxH21
     K11H24P KC2011 05 31.27128416 30 10.30 +19 59 26.6          22.2 Vo~0WIxH21
     K11H24P KC2011 05 31.28991816 30 10.65 +19 59 00.6          22.5 Vo~0WIxH21
