     K11C50J* C2011 02 11.49804 15 11 45.88 -10 22 00.4          20.9 Vr~0SYIG96
     K11C50J  C2011 02 11.50385 15 11 46.10 -10 22 21.5          20.5 Vr~0SYIG96
     K11C50J  C2011 02 11.50953 15 11 46.28 -10 22 42.8          20.5 Vr~0SYIG96
     K11C50J  C2011 02 11.51534 15 11 46.53 -10 23 03.4          20.4 Vr~0SYIG96
     K11C50J  C2011 02 11.52378 15 11 46.78 -10 23 33.6          20.4 Vr~0SYIG96
     K11C50J  C2011 02 11.52428 15 11 46.75 -10 23 35.4          20.6 Vr~0SYJG96
     K11C50J  C2011 02 11.52476 15 11 46.75 -10 23 37.3          20.8 Vr~0SYJG96
     K11C50J  C2011 02 11.52530 15 11 46.78 -10 23 39.3          20.7 Vr~0SYJG96
     K11C50J  C2011 02 12.49297 15 12 21.27 -11 22 42.3          20.3 Vr~0SYJG96
     K11C50J  C2011 02 12.49396 15 12 21.34 -11 22 45.5          20.4 Vr~0SYJG96
     K11C50J  C2011 02 12.49492 15 12 21.34 -11 22 49.5          20.6 Vr~0SYJG96
     K11C50J  C2011 02 12.49589 15 12 21.42 -11 22 53.4          19.9 Vr~0SYJG96
     K11C50J  C2011 02 13.53679 15 12 56.23 -12 27 37.2          20.4 Vr~0SYJG96
     K11C50J  C2011 02 13.53882 15 12 56.19 -12 27 45.2          20.7 Vr~0SYJG96
     K11C50J  C2011 02 13.53895 15 12 56.16 -12 27 45.2          21.7 Vo~0SYJ291
     K11C50J  C2011 02 13.54081 15 12 56.26 -12 27 52.4          20.3 Vr~0SYJG96
     K11C50J  C2011 02 13.54285 15 12 56.30 -12 28 00.3          20.7 Vr~0SYJG96
     K11C50J  C2011 02 13.54363 15 12 56.34 -12 28 03.0          21.0 Vo~0SYJ291
     K11C50J  C2011 02 13.54896 15 12 56.47 -12 28 22.2          21.6 Vo~0SYJ291
     K11C50J KC2011 02 15.43160515 13 54.23 -14 28 48.3          20.5 Vo~0SYJH21
     K11C50J KC2011 02 15.43794215 13 54.35 -14 29 12.8          20.6 Vo~0SYJH21
     K11C50J KC2011 02 15.44558515 13 54.56 -14 29 42.4                o~0SYJH21
     K11C50J tC2011 02 15.50394 15 13 56.19 -14 33 28.4          21.1 Vo~0SYJ291
     K11C50J tC2011 02 15.50772 15 13 56.33 -14 33 44.6          21.1 Vo~0SYJ291
     K11C50J tC2011 02 15.51145 15 13 56.41 -14 33 58.1          21.2 Vo~0SYJ291
     K11C50J  C2011 02 26.68981 15 16 28.59 -27 55 48.3          19.8 Ro~0TBI474
     K11C50J  C2011 02 26.69168 15 16 28.59 -27 55 57.4                o~0TBI474
     K11C50J  C2011 02 26.69352 15 16 28.55 -27 56 05.4          20.5 Ro~0TBI474
     K11C50J  C2011 02 27.59873 15 16 23.41 -29 06 59.3          20.2 Ro~0TBI474
     K11C50J  C2011 02 27.60058 15 16 23.38 -29 07 08.3          20.1 Ro~0TBI474
     K11C50J  C2011 02 27.60451 15 16 23.32 -29 07 26.8          20.0 Ro~0TBI474
