b3135K11SH3D  C1996 10 11.53925 00 56 19.67 +07 21 45.7          19.0 Rc~0aS6566
b3135K11SH3D  C1996 10 11.54785 00 56 18.76 +07 21 36.1          19.3 Rc~0aS6566
b3135K11SH3D  C1996 10 11.55635 00 56 17.94 +07 21 27.7          19.1 Rc~0aS6566
b3135K11SH3D* C2011 09 24.42522 03 39 29.66 +18 45 20.8          21.6 Vr~0YbJG96
b3135K11SH3D  C2011 09 24.43093 03 39 29.44 +18 45 18.5          21.3 Vr~0YbJG96
b3135K11SH3D  C2011 09 24.43669 03 39 29.16 +18 45 16.7          22.0 Vr~0YbJG96
b3135K11SH3D  C2011 09 24.44246 03 39 28.90 +18 45 13.8          22.4 Vr~0YbJG96
b3135K11SH3D  C2011 09 24.45241 03 39 28.44 +18 45 11.5          21.7 Vr~0YbJG96
b3135K11SH3D  C2011 09 24.45801 03 39 28.18 +18 45 09.5          21.2 Vr~0YbJG96
b3135K11SH3D  C2011 09 24.46925 03 39 27.68 +18 45 05.7          22.3 Vr~0YbJG96
b3135K11SH3D  C2011 09 24.47599 03 39 27.38 +18 45 03.6          22.5 Vr~0YbJG96
b3135K11SH3D  C2011 09 24.48112 03 39 27.16 +18 45 02.3          22.3 Vr~0YbJG96
b3135K11SH3D  C2011 09 24.48627 03 39 26.92 +18 44 59.8          21.4 Vr~0YbJG96
b3135K11SH3D  C2011 09 24.49147 03 39 26.68 +18 44 58.2          22.0 Vr~0YbJG96
b3135K11SH3D  C2011 09 24.49840 03 39 26.35 +18 44 55.7          22.0 Vr~0YbJG96
b3135K11SH3D  C2011 09 24.50032 03 39 26.31 +18 44 54.9          22.0 Vr~0YbJG96
b3135K11SH3D  C2011 09 24.50226 03 39 26.23 +18 44 54.9          22.0 Vr~0YbJG96
b3135K11SH3D  C2011 09 24.50418 03 39 26.14 +18 44 53.7          22.0 Vr~0YbJG96
b3135K11SH3D  C2011 09 26.35180 03 38 03.91 +18 34 11.7          22.4 Vo~0YbJ291
b3135K11SH3D HC2011 09 26.35762 03 38 03.54 +18 34 10.4                o~0YbJ291
b3135K11SH3D  C2011 09 26.36347 03 38 03.33 +18 34 07.0          21.9 Vo~0YbJ291
b3135K11SH3D  C2011 09 29.35621 03 35 27.19 +18 15 19.2          22.0 Vo~0YbJ291
b3135K11SH3D  C2011 09 29.36029 03 35 26.99 +18 15 18.3          22.2 Vo~0YbJ291
b3135K11SH3D  C2011 09 29.36584 03 35 26.62 +18 15 15.5          22.5 Vo~0YbJ291
b3135K11SH3D HC2011 09 30.47113 03 34 21.76 +18 07 50.9                o~0YbJ291
b3135K11SH3D  C2011 09 30.47531 03 34 21.44 +18 07 48.4          22.1 Vo~0YbJ291
b3135K11SH3D HC2011 09 30.47950 03 34 21.21 +18 07 47.5                o~0YbJ291
b3135K11SH3D KC2011 10 01.33552203 33 29.03 +18 01 52.0          22.2 Vo~0Yx6H21
b3135K11SH3D KC2011 10 01.34730803 33 28.24 +18 01 46.9          21.8 Vo~0Yx6H21
b3135K11SH3D KC2011 10 01.35946803 33 27.44 +18 01 41.8          21.9 Vo~0Yx6H21
b3135K11SH3D KC2011 10 02.34969303 32 24.06 +17 54 40.5          22.0 Vo~0Yx6H21
b3135K11SH3D KC2011 10 02.35872203 32 23.45 +17 54 36.9          21.9 Vo~0Yx6H21
b3135K11SH3D  C2011 10 02.36428 03 32 23.23 +17 54 34.9          21.0 Ro~0Yx6H01
b3135K11SH3D KC2011 10 02.36859403 32 22.76 +17 54 32.9          22.2 Vo~0Yx6H21
b3135K11SH3D  C2011 10 02.37105 03 32 22.76 +17 54 32.4          20.7 Ro~0Yx6H01
b3135K11SH3D  C2011 10 02.37965 03 32 22.17 +17 54 28.6          22.0 Ro~0Yx6H01
b3135K11SH3D  C2011 10 02.38504 03 32 21.80 +17 54 26.4          20.9 Ro~0Yx6H01
b3135K11SH3D HC2011 10 20.46842 03 06 10.26 +15 15 21.3                o~0ZA9291
b3135K11SH3D HC2011 10 20.47055 03 06 09.97 +15 15 20.5                o~0ZA9291
b3135K11SH3D HC2011 10 20.47267 03 06 09.82 +15 15 19.2                o~0ZA9291
b3135K11SH3D HC2011 10 21.39187 03 04 35.10 +15 06 01.8                o~0ZA9291
b3135K11SH3D  C2011 10 21.39611 03 04 34.68 +15 05 59.9 MPS395169      o77873291
b3135K11SH3D HC2011 10 22.38427 03 02 51.88 +14 55 55.5                o~0ZVP291
b3135K11SH3D HC2011 10 22.38638 03 02 51.64 +14 55 54.2                o~0ZVP291
b3135K11SH3D HC2011 10 22.38853 03 02 51.40 +14 55 52.9                o~0ZVP291
b3135K11SH3D HC2011 10 23.30607 03 01 15.52 +14 46 28.7                o~0ZVP291
b3135K11SH3D HC2011 10 23.30819 03 01 15.30 +14 46 26.5                o~0ZVP291
b3135K11SH3D HC2011 10 23.31035 03 01 15.05 +14 46 26.0                o~0ZVP291
b3135K11SH3D HC2011 10 24.50526 02 59 08.51 +14 34 04.9                o~0ZVP291
b3135K11SH3D HC2011 10 24.50738 02 59 08.33 +14 34 04.1                o~0ZVP291
b3135K11SH3D HC2011 10 24.50949 02 59 08.08 +14 34 03.0                o~0ZVP291
b3135K11SH3D HC2011 10 28.20542 02 52 36.59 +13 55 40.7                o~0ZVP291
b3135K11SH3D HC2011 10 28.20867 02 52 36.23 +13 55 39.1                o~0ZVP291
b3135K11SH3D HC2011 10 28.21192 02 52 35.94 +13 55 36.7                o~0ZVP291
b3135K11SH3D HC2011 10 29.20543 02 50 50.48 +13 45 17.8                o~0Zzo291
b3135K11SH3D HC2011 10 29.20904 02 50 50.14 +13 45 15.6                o~0Zzo291
b3135K11SH3D HC2011 10 29.21262 02 50 49.70 +13 45 12.7                o~0Zzo291
b3135K11SH3D HC2011 10 29.21739 02 50 49.19 +13 45 10.0                o~0Zzo691
b3135K11SH3D HC2011 10 29.23513 02 50 47.34 +13 44 59.0                o~0Zzo691
b3135K11SH3D HC2011 10 29.25289 02 50 45.31 +13 44 48.3          20.8 Vo~0Zzo691
b3135K11SH3D HC2011 11 02.22093 02 43 48.77 +13 03 57.8          21.7 Vo~0Zzo691
b3135K11SH3D HC2011 11 02.23870 02 43 46.94 +13 03 46.0                o~0Zzo691
b3135K11SH3D HC2011 11 02.25648 02 43 45.03 +13 03 35.8                o~0Zzo691
b3135K11SH3D mC2011 11 03.34099 02 41 52.96 +12 52 37.8                o~0Zzo291
b3135K11SH3D mC2011 11 03.34424 02 41 52.54 +12 52 35.3                o~0Zzo291
b3135K11SH3D mC2011 11 15.38033 02 23 05.03 +11 01 28.3                o~0aS6291
b3135K11SH3D mC2011 11 15.38445 02 23 04.65 +11 01 26.5                o~0aS6291
b3135K11SH3D mC2011 11 15.38858 02 23 04.30 +11 01 23.9                o~0aS6291
b3135K11SH3D mC2011 11 16.33204 02 21 47.57 +10 53 49.3                o~0aS6291
b3135K11SH3D mC2011 11 16.33524 02 21 47.27 +10 53 47.3                o~0aS6291
b3135K11SH3D mC2011 11 16.33844 02 21 47.05 +10 53 46.2                o~0aS6291
b3135K11SH3D KC2013 01 05.49153 10 35 55.16 +01 15 02.3          21.5 Ro~0nLO291
b3135K11SH3D KC2013 01 05.50078 10 35 55.35 +01 14 59.1          21.5 Ro~0nLO291
b3135K11SH3D KC2013 01 05.51003 10 35 55.48 +01 14 55.8          21.5 Ro~0nLO291
b3135K11SH3D KC2013 02 06.28032 10 25 44.88 -00 02 47.9          20.5 Rq~0oQJ448
b3135K11SH3D KC2013 02 06.30642 10 25 43.01 -00 02 43.5          20.3 Rq~0oQJ448
b3135K11SH3D KC2013 02 06.34152 10 25 40.46 -00 02 38.2          20.4 Rq~0oQJ448
b3135K11SH3D  C2013 02 08.49876 10 23 06.526+00 03 48.84         20.0 wL~0oQJF51
b3135K11SH3D  C2013 02 08.51463 10 23 05.248+00 03 52.18         20.1 wL~0oQJF51
b3135K11SH3D  C2013 02 08.53051 10 23 03.969+00 03 55.41         20.3 wL~0oQJF51
b3135K11SH3D  C2013 02 08.54841 10 23 02.522+00 03 59.13         20.3 wL~0oQJF51
b3135K11SH3D  C2013 02 11.38465 10 19 14.52 +00 15 31.9          19.9 Vr~0oQJ703
b3135K11SH3D  C2013 02 11.39550 10 19 13.62 +00 15 34.2          19.4 Vr~0oQJ703
b3135K11SH3D  C2013 02 11.40097 10 19 13.04 +00 15 35.0          20.0 Vr~0oQJ703
b3135K11SH3D  C2013 02 16.29365 10 11 33.54 +00 44 23.6          19.6 Vr~0p63703
b3135K11SH3D  C2013 02 16.29931 10 11 32.92 +00 44 24.9          19.6 Vr~0p63703
b3135K11SH3D  C2013 02 16.30501 10 11 32.38 +00 44 28.0          19.6 Vr~0p63703
b3135K11SH3D  C2013 02 16.31068 10 11 31.74 +00 44 30.4          19.2 Vr~0p63703
b3135K11SH3D KC2013 02 19.07282 10 06 35.50 +01 05 47.1                t~0pNY204
b3135K11SH3D KC2013 02 19.08058 10 06 34.59 +01 05 51.0          19.1 Rt~0pNY204
b3135K11SH3D KC2013 02 19.08833 10 06 33.72 +01 05 54.8                t~0pNY204
b3135K11SH3D  C2013 02 21.41223 10 02 06.632+01 26 52.86         18.9 iL~0p63F51
b3135K11SH3D  C2013 02 21.42608 10 02 04.891+01 27 00.77         18.9 iL~0p63F51
b3135K11SH3D  C2013 02 21.46710 10 01 59.720+01 27 24.06         19.8 rL~0p63F51
b3135K11SH3D KC2013 03 02.25672 09 42 55.26 +03 09 49.4          19.8 Rq~0pNY448
b3135K11SH3D KC2013 03 02.26356 09 42 54.15 +03 09 54.8          17.9 Rq~0pNY448
b3135K11SH3D KC2013 03 02.27338 09 42 52.72 +03 10 02.8          19.6 Rq~0pNY448
b3135K11SH3D  C2013 03 04.29572 09 38 07.625+03 38 33.92         19.1 wL~0pNYF51
b3135K11SH3D  C2013 03 04.31003 09 38 05.488+03 38 46.40         19.0 wL~0pNYF51
b3135K11SH3D  C2013 03 04.32427 09 38 03.355+03 38 58.79         19.2 wL~0pNYF51
b3135K11SH3D  C2013 03 04.33850 09 38 01.219+03 39 11.20         19.3 wL~0pNYF51
b3135K11SH3D  C2013 03 15.19590 09 11 44.62 +06 35 10.9          18.4 Vu~0prZ703
b3135K11SH3D  C2013 03 15.20218 09 11 43.83 +06 35 19.2          19.1 Vu~0prZ703
b3135K11SH3D  C2013 03 15.20852 09 11 42.93 +06 35 25.9          19.1 Vu~0prZ703
b3135K11SH3D  C2013 03 15.21477 09 11 41.89 +06 35 32.4          19.0 Vu~0prZ703
b3135K11SH3D  C2013 03 15.22107 09 11 40.99 +06 35 39.4          19.2 Vu~0prZ703
b3135K11SH3D  C2013 03 17.14581 09 07 09.23 +07 09 35.0                N~0qBfI41
b3135K11SH3D  C2013 03 17.17602 09 07 04.76 +07 10 07.3                N~0qBfI41
b3135K11SH3D  C2013 03 17.20618 09 07 00.32 +07 10 39.5                N~0qBfI41
b3135K11SH3D KC2013 03 28.16566 08 43 38.80 +10 27 47.9          20.2 Vu~0qTDH21
b3135K11SH3D KC2013 03 28.16713 08 43 38.60 +10 27 49.3          20.3 Vu~0qTDH21
b3135K11SH3D KC2013 03 28.17169 08 43 38.03 +10 27 54.2          20.4 Vu~0qTDH21
b3135K11SH3D KC2013 04 01.10169 08 36 36.90 +11 37 58.9          19.7 Rq~0qTD448
b3135K11SH3D KC2013 04 01.11375 08 36 35.61 +11 38 12.5          19.8 Rq~0qTD448
b3135K11SH3D KC2013 04 01.12488 08 36 34.34 +11 38 23.6          20.0 Rq~0qTD448
b3135K11SH3D  C2013 04 12.11196 08 21 03.65 +14 48 35.5          19.5 Rq~0qkeH45
b3135K11SH3D  C2013 04 12.11374 08 21 03.55 +14 48 37.6          19.5 Rq~0qkeH45
b3135K11SH3D  C2013 04 12.11512 08 21 03.44 +14 48 38.6          19.2 Rq~0qkeH45
b3135K11SH3D  C2013 04 12.11623 08 21 03.36 +14 48 39.7          19.5 Rq~0qkeH45
b3135K11SH3D  C2013 04 12.11843 08 21 03.13 +14 48 41.9          19.5 Rq~0qkeH45
b3135K11SH3D  C2013 04 12.11953 08 21 03.07 +14 48 42.9          19.6 Rq~0qkeH45
b3135K11SH3D  C2013 04 12.12130 08 21 02.87 +14 48 44.6          19.6 Rq~0qkeH45
b3135K11SH3D  C2013 04 12.12270 08 21 02.85 +14 48 46.3          19.5 Rq~0qkeH45
b3135K11SH3D  C2013 04 13.13555 08 19 54.17 +15 05 59.4          19.5 Rq~0r5wH45
b3135K11SH3D  C2013 04 13.13804 08 19 53.97 +15 06 02.7          19.4 Rq~0r5wH45
b3135K11SH3D  C2013 04 13.13900 08 19 53.86 +15 06 02.9          19.6 Rq~0r5wH45
b3135K11SH3D  C2013 04 13.14060 08 19 53.79 +15 06 04.7          19.6 Rq~0r5wH45
b3135K11SH3D  C2013 04 13.14212 08 19 53.64 +15 06 07.2          19.7 Rq~0r5wH45
b3135K11SH3D  C2013 04 24.27115 08 09 21.824+18 19 03.79         19.5 zL~0rTxF51
b3135K11SH3D  C2013 04 24.28235 08 09 21.149+18 19 15.65         19.7 zL~0rTxF51
b3135K11SH3D KC2013 09 02.36939602 19 10.92 +19 57 31.5          20.2 Vu~0tvyH21
b3135K11SH3D KC2013 09 02.37224202 19 10.65 +19 57 29.4          20.0 Vu~0tvyH21
b3135K11SH3D KC2013 09 02.37516102 19 10.35 +19 57 27.0          19.9 Vu~0tvyH21
b3135K11SH3D KC2013 09 02.37756902 19 10.13 +19 57 25.0          19.9 Vu~0tvyH21
b3135K11SH3D KC2013 09 02.38046402 19 09.84 +19 57 22.5          20.1 Vu~0tvyH21
b3135K11SH3D  C2013 09 11.30183 02 03 56.90 +17 34 20.1          20.1 rN~0uHdI41
b3135K11SH3D  C2013 09 11.34964 02 03 51.15 +17 33 30.5          19.7 rN~0uHdI41
b3135K11SH3D  C2013 09 11.38772 02 03 46.53 +17 32 50.8          20.4 rN~0uHdI41
b3135K11SH3D  C2013 09 14.34005 01 57 57.27 +16 39 22.9          19.9 Vq~0uHd703
b3135K11SH3D  C2013 09 14.34773 01 57 56.35 +16 39 13.5          20.0 Vq~0uHd703
b3135K11SH3D  C2013 09 14.35561 01 57 55.25 +16 39 04.0          19.9 Vq~0uHd703
b3135K11SH3D  C2013 09 14.36340 01 57 54.29 +16 38 55.3          20.6 Vq~0uHd703
b3135K11SH3D  C2013 09 15.31945 01 55 57.87 +16 21 02.5          19.7 rN~0uHdI41
b3135K11SH3D  C2013 09 15.35234 01 55 53.62 +16 20 25.8          20.0 rN~0uHdI41
b3135K11SH3D  C2013 09 15.41519 01 55 45.44 +16 19 15.0          20.2 rN~0uHdI41
b3135K11SH3D  C2013 09 16.44929 01 53 36.78 +15 59 37.6          19.2 Vq~0uHd703
b3135K11SH3D  C2013 09 16.45441 01 53 36.16 +15 59 31.3          19.7 Vq~0uHd703
b3135K11SH3D  C2013 09 16.45954 01 53 35.47 +15 59 26.3          19.9 Vq~0uHd703
b3135K11SH3D  C2013 09 16.46458 01 53 34.73 +15 59 20.2          20.1 Vq~0uHd703
