     K11A03H* C2011 01 04.23212 06 57 20.95 +32 12 16.2          21.9 Vr~0QuAG96
     K11A03H  C2011 01 04.23790 06 57 20.26 +32 12 13.6          22.6 Vr~0QuAG96
     K11A03H  C2011 01 04.24371 06 57 19.65 +32 12 10.0          21.6 Vr~0QuAG96
     K11A03H  C2011 01 04.24955 06 57 19.00 +32 12 09.1          21.9 Vr~0QuAG96
     K11A03H  C2011 01 04.29734 06 57 13.35 +32 11 49.3          21.5 Vr~0QuAG96
     K11A03H  C2011 01 04.30285 06 57 12.70 +32 11 46.9          21.9 Vr~0QuAG96
     K11A03H  C2011 01 04.30845 06 57 12.06 +32 11 44.1          21.3 Vr~0QuAG96
     K11A03H  C2011 01 04.37266 06 57 04.50 +32 11 16.7          21.2 Ro~0QuAH01
     K11A03H  C2011 01 04.38253 06 57 03.33 +32 11 12.5          21.3 Ro~0QuAH01
     K11A03H  C2011 01 04.38787 06 57 02.71 +32 11 10.2          21.3 Ro~0QuAH01
     K11A03H  C2011 01 04.39637 06 57 01.72 +32 11 06.3          21.2 Ro~0QuAH01
     K11A03H HC2011 01 04.41175 06 56 59.84 +32 10 59.9                o~0QuA291
     K11A03H  C2011 01 04.41597 06 56 59.42 +32 10 58.4                o~0QuA291
     K11A03H HC2011 01 04.42036 06 56 58.92 +32 10 55.9                o~0QuA291
     K11A03H  C2011 01 05.25147506 55 24.33 +32 04 57.1          21.7 Vo~0QuAH21
     K11A03H  C2011 01 05.26420906 55 22.83 +32 04 51.4          22.3 Vo~0QuAH21
     K11A03H  C2011 01 05.27899006 55 21.08 +32 04 45.2          21.9 Vo~0QuAH21
     K11A03H  C2011 01 05.27994 06 55 21.13 +32 04 45.5          21.9 Ro~0QuAH01
     K11A03H  C2011 01 05.28956 06 55 19.98 +32 04 41.2          21.0 Ro~0QuAH01
     K11A03H  C2011 01 05.32703 06 55 15.57 +32 04 24.6          21.0 Ro~0QuAH01
     K11A03H  C2011 01 08.31681 06 49 30.05 +31 40 57.3          21.6 Ro~0RWYH01
     K11A03H  C2011 01 08.32202 06 49 29.43 +31 40 54.7          21.2 Ro~0RWYH01
     K11A03H  C2011 01 08.33697 06 49 27.64 +31 40 47.1          21.0 Ro~0RWYH01
     K11A03H  C2011 01 08.34600 06 49 26.57 +31 40 42.5          21.4 Ro~0RWYH01
     K11A03H  C2011 01 08.38562 06 49 21.85 +31 40 22.7          22.2 Vo~0RWY291
     K11A03H  C2011 01 08.38980 06 49 21.36 +31 40 20.5          21.9 Vo~0RWY291
     K11A03H HC2011 01 08.39461 06 49 20.81 +31 40 17.2                o~0RWY291
     K11A03H KC2011 01 09.22710006 47 44.31 +31 33 13.3                o~0RWYH21
     K11A03H KC2011 01 09.25252706 47 41.28 +31 33 00.6          21.8 Vo~0RWYH21
     K11A03H KC2011 01 09.26013706 47 40.37 +31 32 56.3          22.1 Vo~0RWYH21
     K11A03H  C2011 01 13.10338 06 40 14.69 +30 57 22.1          21.8 Vo~0RWY291
     K11A03H  C2011 01 13.11287 06 40 13.60 +30 57 16.5          21.9 Vo~0RWY291
     K11A03H HC2011 01 13.11928 06 40 12.90 +30 57 12.4                o~0RWY291
     K11A03H tC2011 02 08.22816 06 00 23.27 +25 30 33.6          22.1 Vo~0SWi291
     K11A03H tC2011 02 08.23408 06 00 22.94 +25 30 28.2          22.1 Vo~0SWi291
     K11A03H tC2011 02 08.23996 06 00 22.58 +25 30 23.9                o~0SWi291
