     K11G03J* C2011 04 02.28724 12 32 47.00 -10 50 21.4          21.3 Vr~0UYPG96
     K11G03J  C2011 04 02.29529 12 32 45.56 -10 50 27.7          21.2 Vr~0UYPG96
     K11G03J  C2011 04 02.30333 12 32 44.16 -10 50 32.4          21.1 Vr~0UYPG96
     K11G03J  C2011 04 02.31138 12 32 42.72 -10 50 38.9          21.2 Vr~0UYPG96
     K11G03J  C2011 04 02.37080 12 32 32.54 -10 51 16.7          20.7 Vo~0UYP291
     K11G03J  C2011 04 02.37486 12 32 31.73 -10 51 18.6          21.8 Vo~0UYP291
     K11G03J HC2011 04 02.37858 12 32 31.13 -10 51 21.2                o~0UYP291
     K11G03J HC2011 04 02.38486 12 32 30.09 -10 51 26.0                o~0UYP291
     K11G03J  C2011 04 02.38945 12 32 29.22 -10 51 27.7          21.6 Vo~0UYP291
     K11G03J  C2011 04 02.39318 12 32 28.62 -10 51 30.8          22.1 Vo~0UYP291
     K11G03J  C2011 04 04.20808 12 28 04.39 -11 13 19.3          21.6 Vo~0UYP291
     K11G03J  C2011 04 04.21216 12 28 03.59 -11 13 23.1          21.8 Vo~0UYP291
     K11G03J HC2011 04 04.22772 12 28 00.55 -11 13 35.7                o~0UYP291
     K11G03J HC2011 04 04.23144 12 27 59.81 -11 13 39.0                o~0UYP291
     K11G03J HC2011 04 04.23522 12 27 59.12 -11 13 40.0                o~0UYP291
     K11G03J HC2011 04 04.24837 12 27 56.42 -11 13 52.8                o~0UYP291
     K11G03J HC2011 04 04.25212 12 27 55.66 -11 13 54.9                o~0UYP291
     K11G03J  C2011 04 04.25585 12 27 54.99 -11 13 58.0          22.3 Vo~0UYP291
     K11G03J HC2011 04 05.29578 12 24 58.07 -11 27 38.9                o~0UYP291
     K11G03J  C2011 04 05.29944 12 24 57.23 -11 27 41.0          21.4 Vo~0UYP291
     K11G03J HC2011 04 05.30389 12 24 56.15 -11 27 44.4                o~0UYP291
     K11G03J KC2011 04 06.21975512 22 09.24 -11 40 46.0          21.6 Vo~0UYPH21
     K11G03J KC2011 04 06.22879412 22 07.17 -11 40 53.7          21.0 Vo~0UYPH21
     K11G03J KC2011 04 06.23848612 22 04.89 -11 41 02.2          21.1 Vo~0UYPH21
     K11G03J tC2011 04 06.33470 12 21 45.10 -11 42 13.4          21.7 Vo~0UYP291
     K11G03J tC2011 04 06.33840 12 21 44.20 -11 42 16.3          21.2 Vo~0UYP291
     K11G03J tC2011 04 06.34211 12 21 43.40 -11 42 19.4          21.4 Vo~0UYP291
     K11G03J KC2011 04 11.20625 12 02 11.34 -13 08 17.5          20.5 Ru~0UvLH36
     K11G03J KC2011 04 11.23171 12 02 02.33 -13 08 46.9          20.8 Ru~0UvLH36
     K11G03J  C2011 04 11.23729 12 02 02.88 -13 08 44.9          21.9 Vo~0UvL291
     K11G03J HC2011 04 11.24159 12 02 01.26 -13 08 50.7                o~0UvL291
     K11G03J KC2011 04 11.25672 12 01 53.35 -13 09 21.4          20.6 Ru~0UvLH36
     K11G03J  C2011 04 11.26032 12 01 54.25 -13 09 15.2          21.6 Vo~0UvL291
     K11G03J KC2011 04 21.89018 10 07 50.77 -19 27 16.2                u~0V9vJ95
     K11G03J KC2011 04 21.89692 10 07 41.49 -19 27 33.9                u~0V9vJ95
     K11G03J KC2011 04 21.90696 10 07 27.64 -19 28 02.0          19.3 Ru~0V9vJ95
     K11G03J KC2011 04 22.86948 09 44 59.85 -20 11 56.2                u~0V9vJ95
     K11G03J KC2011 04 22.87794 09 44 46.25 -20 12 17.3                u~0V9vJ95
     K11G03J KC2011 04 22.88659 09 44 32.37 -20 12 37.1                u~0V9vJ95
     K11G03J KC2011 04 22.89920 09 44 12.02 -20 13 07.2          18.9 Ru~0V9vJ95
