     K11C46Y* C2011 02 11.31507 11 46 43.60 +36 33 39.2          19.4 Vr~0SYE703
     K11C46Y  C2011 02 11.32135 11 46 44.07 +36 33 47.1          19.4 Vr~0SYE703
     K11C46Y  C2011 02 11.32762 11 46 44.43 +36 33 55.1          19.3 Vr~0SYE703
     K11C46Y  C2011 02 11.33389 11 46 44.90 +36 34 02.7          19.4 Vr~0SYE703
     K11C46Y  C2011 02 11.37286 11 46 47.58 +36 34 46.9          18.4 Ro~0SYEH01
     K11C46Y  C2011 02 11.37926 11 46 48.03 +36 34 54.4          18.4 Ro~0SYEH01
     K11C46Y  C2011 02 11.39147 11 46 48.87 +36 35 08.5          18.4 Ro~0SYEH01
     K11C46Y  C2011 02 11.39490 11 46 49.10 +36 35 12.4          18.3 Ro~0SYEH01
     K11C46Y KC2011 02 11.94976 11 47 35.55 +36 45 56.2          18.9 Ro~0SYEJ04
     K11C46Y KC2011 02 11.95181 11 47 35.69 +36 45 58.8          19.1 Ro~0SYEJ04
     K11C46Y KC2011 02 11.95386 11 47 35.84 +36 46 01.3          18.9 Ro~0SYEJ04
     K11C46Y KC2011 02 11.99319 11 47 38.01 +36 46 46.9          18.6 Rw~0SYE204
     K11C46Y KC2011 02 11.99844 11 47 38.40 +36 46 53.2                w~0SYE204
     K11C46Y KC2011 02 12.00838 11 47 39.12 +36 47 05.3                w~0SYE204
     K11C46Y KC2011 02 12.35195 11 48 06.31 +36 53 59.6          19.7 Rr~0SYE850
     K11C46Y  C2011 02 12.35418 11 48 07.27 +36 54 02.9          19.1 Rc~0SYE854
     K11C46Y  C2011 02 12.35993 11 48 07.67 +36 54 10.4          19.1 Rc~0SYE854
     K11C46Y  C2011 02 12.36570 11 48 08.09 +36 54 17.7          19.5 Rc~0SYE854
     K11C46Y KC2011 02 12.36689 11 48 07.33 +36 54 17.0          19.5 Rr~0SYE850
     K11C46Y KC2011 02 12.38128 11 48 08.69 +36 54 33.6          19.2 Ru~0SYFH36
     K11C46Y KC2011 02 12.38180 11 48 08.37 +36 54 34.3          18.9 Rr~0SYF850
     K11C46Y KC2011 02 12.38428 11 48 08.90 +36 54 37.3          19.3 Ru~0SYFH36
     K11C46Y KC2011 02 12.38727 11 48 09.10 +36 54 40.8          19.2 Ru~0SYFH36
     K11C46Y KC2011 02 12.39025 11 48 09.29 +36 54 44.2          19.2 Ru~0SYFH36
     K11C46Y KC2011 02 15.30249911 52 15.96 +37 55 55.9          18.8 Vo~0SYFH21
     K11C46Y KC2011 02 15.30651911 52 16.28 +37 56 01.3          18.7 Vo~0SYFH21
     K11C46Y KC2011 02 15.31027511 52 16.56 +37 56 06.3          18.6 Vo~0SYFH21
     K11C46Y KC2011 02 15.31429511 52 16.86 +37 56 11.6          18.8 Vo~0SYFH21
     K11C46Y  C2011 02 15.82648 11 53 00.65 +38 07 37.9          18.6 Ro~0UuJ300
     K11C46Y  C2011 02 15.82845 11 53 00.88 +38 07 40.3          18.1 Ro~0UuJ300
     K11C46Y  C2011 02 15.83041 11 53 00.96 +38 07 42.7          18.7 Ro~0UuJ300
     K11C46Y  C2011 02 15.83238 11 53 01.16 +38 07 45.4          18.6 Ro~0UuJ300
     K11C46Y KC2011 02 19.25123611 58 27.55 +39 30 08.4          18.6 Vo~0SzyH21
     K11C46Y KC2011 02 19.25406511 58 27.80 +39 30 13.1          18.5 Vo~0SzyH21
     K11C46Y KC2011 02 19.25688611 58 28.05 +39 30 17.3          18.5 Vo~0SzyH21
     K11C46Y KC2011 02 19.25980211 58 28.30 +39 30 22.2          18.4 Vo~0SzyH21
     K11C46Y KC2011 02 19.26253411 58 28.56 +39 30 26.5          18.5 Vo~0SzyH21
     K11C46Y KC2011 02 19.26508511 58 28.77 +39 30 30.6          18.5 Vo~0SzyH21
     K11C46Y KC2011 02 20.14085 12 00 01.06 +39 53 21.7          18.6 Rv~0SzyH15
     K11C46Y KC2011 02 20.15791 12 00 02.83 +39 53 51.2          18.4 Rv~0SzyH15
     K11C46Y KC2011 02 20.17435 12 00 04.55 +39 54 19.4          18.7 Rv~0SzyH15
     K11C46Y  C2011 02 22.72109 12 04 50.92 +41 07 07.3          18.1 Ro~0UuJ300
     K11C46Y  C2011 02 22.72201 12 04 50.99 +41 07 09.1          18.4 Ro~0UuJ300
     K11C46Y  C2011 02 22.72293 12 04 51.07 +41 07 10.2          18.1 Ro~0UuJ300
     K11C46Y  C2011 02 22.72386 12 04 51.18 +41 07 12.3          18.3 Ro~0UuJ300
     K11C46Y  C2011 02 22.72570 12 04 51.32 +41 07 15.8          18.0 Ro~0UuJ300
     K11C46Y  C2011 02 22.72663 12 04 51.46 +41 07 17.8          18.4 Ro~0UuJ300
     K11C46Y  C2011 02 22.72755 12 04 51.54 +41 07 19.0          18.2 Ro~0UuJ300
     K11C46Y  C2011 02 23.16665 12 05 47.74 +41 20 37.6                u~0SzyI15
     K11C46Y  C2011 02 23.17316 12 05 48.50 +41 20 49.8                u~0SzyI15
     K11C46Y  C2011 02 23.17966 12 05 49.26 +41 21 02.5                u~0SzyI15
     K11C46Y  C2011 02 23.33385 12 06 08.00 +41 25 59.1          18.3  c~0Szy704
     K11C46Y  C2011 02 23.34712 12 06 09.47 +41 26 24.3          18.6  c~0Szy704
     K11C46Y  C2011 02 23.36012 12 06 10.88 +41 26 49.1          19.2  c~0Szy704
     K11C46Y  C2011 02 23.37318 12 06 12.34 +41 27 13.5          19.0  c~0Szy704
     K11C46Y  C2011 02 23.38627 12 06 13.73 +41 27 38.0          18.9  c~0Szy704
     K11C46Y  C2011 02 24.33262 12 08 19.03 +41 58 00.8          18.0  c~0Szy704
     K11C46Y  C2011 02 24.35691 12 08 21.89 +41 58 49.5          18.4  c~0Szy704
     K11C46Y  C2011 02 24.36923 12 08 23.35 +41 59 14.1          18.1  c~0Szy704
     K11C46Y  C2011 02 24.38173 12 08 24.79 +41 59 38.8          18.1  c~0Szy704
     K11C46Y KC2011 02 24.90614 12 09 39.69 +42 16 57.1          18.3 Vc~0SzyA48
     K11C46Y KC2011 02 24.91177 12 09 40.33 +42 17 10.1          18.2 Vc~0SzyA48
     K11C46Y KC2011 02 24.91880 12 09 41.34 +42 17 24.7          18.3 Vc~0SzyA48
     K11C46Y KC2011 02 24.92594 12 09 42.24 +42 17 39.5          18.3 Vc~0SzyA48
     K11C46Y KC2011 02 26.01801 12 12 22.26 +42 56 08.0          17.8 Ru~0TBH157
     K11C46Y KC2011 02 26.02148 12 12 22.72 +42 56 15.7          17.8 Ru~0TBH157
     K11C46Y KC2011 02 26.02477 12 12 23.18 +42 56 22.8          17.7 Ru~0TBH157
     K11C46Y KC2011 02 26.02806 12 12 23.62 +42 56 30.2          17.9 Ru~0TBH157
     K11C46Y  C2011 02 26.15326 12 12 45.85 +43 01 00.0          18.1 Ru~0TBHH23
     K11C46Y  C2011 02 26.16419 12 12 47.32 +43 01 24.1          17.6 Ru~0TBHH23
     K11C46Y  C2011 02 26.17508 12 12 48.86 +43 01 49.9          17.6 Ru~0TBHH23
     K11C46Y  C2011 02 26.90388 12 14 45.77 +43 28 53.6          17.4 Rr~0TBH113
     K11C46Y  C2011 02 26.90543 12 14 46.00 +43 28 57.4          17.2 Rr~0TBH113
     K11C46Y  C2011 02 26.90697 12 14 46.23 +43 29 01.1          17.3 Rr~0TBH113
     K11C46Y  C2011 02 26.90865 12 14 46.50 +43 29 05.0          17.3 Rr~0TBH113
     K11C46Y  C2011 02 26.91019 12 14 46.74 +43 29 08.6          17.2 Rr~0TBH113
     K11C46Y  C2011 03 01.29341 12 22 11.28 +45 08 02.9          17.9 Ru~0TBHH45
     K11C46Y  C2011 03 01.29698 12 22 11.97 +45 08 13.7          18.0 Ru~0TBHH45
     K11C46Y  C2011 03 01.29803 12 22 12.16 +45 08 16.6          18.1 Ru~0TBHH45
     K11C46Y  C2011 03 01.29903 12 22 12.36 +45 08 19.4          18.2 Ru~0TBHH45
     K11C46Y  C2011 03 01.30080 12 22 12.69 +45 08 24.2          18.1 Ru~0TBHH45
     K11C46Y  C2011 03 01.30204 12 22 12.91 +45 08 27.6          18.0 Ru~0TBHH45
     K11C46Y  C2011 03 01.39545312 22 30.24 +45 12 33.4          17.6 Vo~0TXnH21
     K11C46Y  C2011 03 01.40390712 22 31.88 +45 12 55.7          18.0 Vo~0TXnH21
     K11C46Y  C2011 03 01.40965912 22 32.99 +45 13 10.7          18.0 Vo~0TXnH21
     K11C46Y  C2011 03 01.41498812 22 34.01 +45 13 24.6          18.0 Vo~0TXnH21
     K11C46Y  C2011 03 01.48118 12 22 47.64 +45 16 27.8          17.1 Ro~0TBHH10
     K11C46Y  C2011 03 01.49081 12 22 49.53 +45 16 53.0          17.3 Ro~0TBHH10
     K11C46Y  C2011 03 01.49660 12 22 50.67 +45 17 07.8          17.3 Ro~0TBHH10
     K11C46Y  C2011 03 02.24346 12 25 44.18 +45 52 02.6          17.2 Ro~0TBHH10
     K11C46Y  C2011 03 02.24689 12 25 44.94 +45 52 12.6          17.6 Ro~0TBHH10
     K11C46Y KC2011 03 02.38740912 26 13.54 +45 58 59.7          17.7 Vo~0TXnH21
     K11C46Y KC2011 03 02.39192912 26 14.51 +45 59 12.7          17.6 Vo~0TXnH21
     K11C46Y KC2011 03 02.39598212 26 15.39 +45 59 24.0          17.6 Vo~0TXnH21
     K11C46Y KC2011 03 02.39906912 26 16.07 +45 59 32.7          17.5 Vo~0TXnH21
     K11C46Y  C2011 03 02.41366 12 26 19.45 +46 00 18.8          17.5 Ru~0TBHH45
     K11C46Y  C2011 03 02.41477 12 26 19.69 +46 00 21.9          17.7 Ru~0TBHH45
     K11C46Y  C2011 03 02.41576 12 26 19.88 +46 00 24.7          17.5 Ru~0TBHH45
     K11C46Y  C2011 03 02.41698 12 26 20.16 +46 00 28.1          17.7 Ru~0TBHH45
     K11C46Y  C2011 03 02.41841 12 26 20.46 +46 00 32.2          17.7 Ru~0TBHH45
     K11C46Y  C2011 03 02.41968 12 26 20.72 +46 00 35.7          17.9 Ru~0TBHH45
     K11C46Y ]C2011 03 03.33865 12 30 16.68 +46 47 02.9          17.6 Vo~0TBH695
     K11C46Y ]C2011 03 03.33962 12 30 16.91 +46 47 06.0          17.6 Vo~0TBH695
     K11C46Y ]C2011 03 03.34035 12 30 17.09 +46 47 08.3          17.7 Vo~0TBH695
     K11C46Y ]C2011 03 03.34109 12 30 17.26 +46 47 10.6          17.6 Vo~0TBH695
     K11C46Y KC2011 03 03.38844812 30 26.92 +46 49 30.4          17.6 Vo~0TXnH21
     K11C46Y KC2011 03 03.39490512 30 28.53 +46 49 50.2          17.9 Vo~0TXnH21
     K11C46Y KC2011 03 03.40085712 30 29.99 +46 50 08.4          17.7 Vo~0TXnH21
     K11C46Y  C2011 03 04.77412 12 37 16.41 +48 06 29.0          17.4 Rm~0TXn355
     K11C46Y  C2011 03 04.77484 12 37 16.67 +48 06 31.5          17.3 Rm~0TXn355
     K11C46Y  C2011 03 04.77699 12 37 17.31 +48 06 38.5          17.3 Rm~0TXn355
     K11C46Y  C2011 03 04.77772 12 37 17.47 +48 06 40.6          17.5 Rm~0TXn355
     K11C46Y  C2011 03 04.77916 12 37 17.94 +48 06 46.1          17.3 Rm~0TXn355
     K11C46Y  C2011 03 04.78059 12 37 18.37 +48 06 50.7          17.4 Rm~0TXn355
     K11C46Y  C2011 03 04.78060 12 37 18.74 +48 06 53.4          17.4 Ro~0UuJ300
     K11C46Y  C2011 03 04.78155 12 37 19.02 +48 06 56.5          17.4 Ro~0UuJ300
     K11C46Y  C2011 03 04.78249 12 37 19.27 +48 07 00.0          17.3 Ro~0UuJ300
     K11C46Y  C2011 03 04.78344 12 37 19.56 +48 07 03.2          17.3 Ro~0UuJ300
     K11C46Y  C2011 03 04.78438 12 37 19.86 +48 07 06.1          17.4 Ro~0UuJ300
     K11C46Y KC2011 03 05.94822 12 44 19.33 +49 18 54.8          16.1 Rc~0TXnA53
     K11C46Y KC2011 03 05.95122 12 44 20.39 +49 19 06.9          16.7 Rc~0TXnA53
     K11C46Y KC2011 03 05.95384 12 44 21.33 +49 19 17.3          16.6 Rc~0TXnA53
     K11C46Y KC2011 03 05.95683 12 44 22.45 +49 19 29.3          16.9 Rc~0TXnA53
     K11C46Y  C2011 03 06.19181 12 45 56.86 +49 34 53.5          17.3 Ro~0TXnH26
     K11C46Y  C2011 03 06.19351 12 45 57.43 +49 35 00.4          17.7 Ro~0TXnH26
     K11C46Y  C2011 03 06.19524 12 45 58.18 +49 35 07.9          17.3 Ro~0TXnH26
     K11C46Y  C2011 03 06.19697 12 45 58.85 +49 35 15.0          17.3 Ro~0TXnH26
     K11C46Y  C2011 03 06.19875 12 45 59.54 +49 35 22.8          17.3 Ro~0TXnH26
     K11C46Y  C2011 03 06.20053 12 46 00.22 +49 35 30.1          17.2 Ro~0TXnH26
     K11C46Y  C2011 03 08.92340 13 09 38.96 +53 01 19.7          16.9 Vc~0TXnA48
     K11C46Y  C2011 03 08.92706 13 09 41.36 +53 01 39.5          17.0 Vc~0TXnA48
     K11C46Y  C2011 03 08.93072 13 09 43.68 +53 01 58.2          17.0 Vc~0TXnA48
     K11C46Y  C2011 03 08.93437 13 09 46.03 +53 02 18.4          17.0 Vc~0TXnA48
     K11C46Y  C2011 03 08.97359 13 10 11.26 +53 05 38.9                c~0W0k127
     K11C46Y  C2011 03 08.97666 13 10 13.26 +53 05 55.5                c~0W0k127
     K11C46Y  C2011 03 08.98288 13 10 17.29 +53 06 28.0                c~0W0k127
     K11C46Y KC2011 03 09.00691 13 10 32.64 +53 08 42.1          16.4 Rc~0TXnA53
     K11C46Y KC2011 03 09.01100 13 10 35.25 +53 09 03.7          16.2 Rc~0TXnA53
     K11C46Y KC2011 03 09.01387 13 10 37.10 +53 09 18.8          16.6 Rc~0TXnA53
     K11C46Y KC2011 03 09.01818 13 10 39.90 +53 09 41.2          17.0 Rc~0TXnA53
     K11C46Y KC2011 03 09.02105 13 10 41.74 +53 09 56.6          16.5 Rc~0TXnA53
     K11C46Y KC2011 03 09.02395 13 10 43.62 +53 10 11.8          16.6 Rc~0TXnA53
     K11C46Y KC2011 03 09.02691 13 10 45.50 +53 10 29.4          16.4 Ru~0Tsc160
     K11C46Y KC2011 03 09.02852 13 10 46.54 +53 10 37.8          16.4 Ru~0Tsc160
     K11C46Y KC2011 03 09.03012 13 10 47.58 +53 10 46.3          16.4 Ru~0Tsc160
     K11C46Y  C2011 03 09.10899 13 11 39.05 +53 17 32.5          16.1 Rc~0U60A24
     K11C46Y  C2011 03 09.10971 13 11 39.53 +53 17 36.2          16.1 Rc~0U60A24
     K11C46Y KC2011 03 09.12644 13 11 50.61 +53 19 01.5          16.2 Rc~0U60A24
     K11C46Y KC2011 03 09.14365 13 12 02.02 +53 20 29.2          16.2 Rc~0U60A24
     K11C46Y  C2011 03 09.16061 13 12 13.27 +53 21 56.2          16.4 Rc~0U60A24
     K11C46Y  C2011 03 09.16133 13 12 13.72 +53 21 59.7          16.3 Rc~0U60A24
     K11C46Y KC2011 03 10.04426 13 23 42.79 +54 42 19.6          16.0 Ru~0Tsc160
     K11C46Y KC2011 03 10.04591 13 23 44.12 +54 42 29.0          15.9 Ru~0Tsc160
     K11C46Y KC2011 03 10.04754 13 23 45.43 +54 42 38.4          15.9 Ru~0Tsc160
     K11C46Y KC2011 03 11.01292 13 39 14.79 +56 16 54.8          16.3 Ru~0Tsc160
     K11C46Y KC2011 03 11.01421 13 39 16.10 +56 17 02.4          16.2 Ru~0Tsc160
     K11C46Y KC2011 03 11.01549 13 39 17.45 +56 17 10.4          16.2 Ru~0Tsc160
     K11C46Y KC2011 03 11.01680 13 39 18.76 +56 17 18.5          16.3 Ru~0Tsc160
     K11C46Y KC2011 03 11.01809 13 39 20.12 +56 17 26.4          16.2 Ru~0Tsc160
     K11C46Y  C2011 03 11.34212 13 45 22.90 +56 50 45.5          16.6 Ru~0TXnH45
     K11C46Y  C2011 03 11.34345 13 45 24.41 +56 50 53.9          16.4 Ru~0TXnH45
     K11C46Y  C2011 03 11.34393 13 45 24.95 +56 50 56.9          16.5 Ru~0TXnH45
     K11C46Y  C2011 03 11.34476 13 45 25.88 +56 51 01.9          16.6 Ru~0TXnH45
     K11C46Y  C2011 03 11.34552 13 45 26.71 +56 51 06.5          16.5 Ru~0TXnH45
     K11C46Y  C2011 03 11.34695 13 45 28.32 +56 51 15.5          16.6 Ru~0TXnH45
     K11C46Y  C2011 03 11.34815 13 45 29.64 +56 51 23.2          16.5 Ru~0TXnH45
     K11C46Y  C2011 03 11.36051713 45 42.62 +56 52 32.3          16.7 Vo~0TscH21
     K11C46Y  C2011 03 11.36322913 45 45.67 +56 52 48.9          16.9 Vo~0TscH21
     K11C46Y  C2011 03 11.36438613 45 46.94 +56 52 56.1          16.9 Vo~0TscH21
     K11C46Y  C2011 03 11.36734013 45 50.28 +56 53 14.2          16.9 Vo~0TscH21
     K11C46Y  C2011 03 11.37201113 45 55.49 +56 53 42.7          17.0 Vo~0TscH21
     K11C46Y  C2011 03 12.17932 14 03 47.89 +58 17 35.4          16.6 Ru~0TscH23
     K11C46Y  C2011 03 12.19391 14 04 08.77 +58 19 13.8          16.8 Ru~0TscH23
     K11C46Y  C2011 03 12.20844 14 04 29.53 +58 20 50.9          16.9 Ru~0TscH23
     K11C46Y  C2011 03 16.22264 16 59 14.52 +62 02 04.1          16.7 Ru~0TscH45
     K11C46Y  C2011 03 16.22385 16 59 19.20 +62 01 59.4          16.7 Ru~0TscH45
     K11C46Y  C2011 03 16.22448 16 59 21.56 +62 01 56.7          17.1 Ru~0TscH45
     K11C46Y  C2011 03 16.22716 16 59 31.76 +62 01 45.9          17.0 Ru~0TscH45
     K11C46Y  C2011 03 16.22834 16 59 36.28 +62 01 41.0          16.9 Ru~0TscH45
     K11C46Y  C2011 03 16.22942 16 59 40.42 +62 01 35.9          16.9 Ru~0TscH45
     K11C46Y  C2011 03 16.23036 16 59 44.03 +62 01 32.5          16.9 Ru~0TscH45
     K11C46Y  C2011 03 16.43754 17 12 52.64 +61 43 53.1          16.5  c~0U1A704
     K11C46Y  C2011 03 16.44867 17 13 34.66 +61 42 45.3          16.6  c~0U1A704
     K11C46Y  C2011 03 16.45985 17 14 16.86 +61 41 36.1          17.1  c~0U1A704
     K11C46Y  C2011 03 16.47099 17 14 58.90 +61 40 25.6          17.2  c~0U1A704
     K11C46Y  C2011 03 16.48214 17 15 40.91 +61 39 13.7          17.4  c~0U1A704
     K11C46Y 2C2011 08 07.59243500 54 33.127-08 59 27.54         21.1 Rt~0wCJ568
     K11C46Y 2C2011 08 07.59477200 54 32.938-08 59 27.82         21.0 Rt~0wCJ568
     K11C46Y 2C2011 08 07.59710800 54 32.747-08 59 28.31         21.0 Rt~0wCJ568
     K11C46Y KC2011 08 22.36076900 30 33.08 -09 52 20.3          21.4 Vo~0XTWH21
     K11C46Y KC2011 08 22.37581500 30 31.28 -09 52 24.1          21.4 Vo~0XTWH21
     K11C46Y KC2011 08 22.39163100 30 29.43 -09 52 27.8          21.6 Vo~0XTXH21
     K11C46Y KC2013 12 30.47231 07 55 17.58 +42 10 11.5          21.9 Ro~0ykH291
     K11C46Y KC2013 12 30.49129 07 55 15.65 +42 10 22.4                o~0ykH291
     K11C46Y KC2013 12 30.51045 07 55 13.76 +42 10 34.0          22.0 Ro~0ykH291
     K11C46Y KC2013 12 31.49327 07 53 35.69 +42 20 26.1          21.5 Ro~0ykH291
     K11C46Y KC2013 12 31.50636 07 53 34.34 +42 20 34.0          21.6 Ro~0ykH291
     K11C46Y KC2013 12 31.51949 07 53 32.98 +42 20 41.4          21.6 Ro~0ykH291
     K11C46Y ^C2014 01 03.27115 07 48 41.24 +42 47 24.6          22.1 Ro~0zDd695
     K11C46Y ^C2014 01 03.27372 07 48 40.95 +42 47 26.1          22.0 Ro~0zDd695
     K11C46Y ^C2014 01 03.27627 07 48 40.67 +42 47 27.8          22.1 Ro~0zDd695
     K11C46Y ^C2014 01 03.27913 07 48 40.34 +42 47 29.3          21.8 Ro~0zDd695
     K11C46Y ^C2014 01 03.28169 07 48 40.03 +42 47 31.0          21.8 Ro~0zDd695
     K11C46Y ^C2014 01 03.28425 07 48 39.77 +42 47 32.2          21.8 Ro~0zDd695
     K11C46Y ^C2014 01 04.22259 07 46 54.39 +42 56 14.7          22.8 Ro~0zDd695
     K11C46Y ^C2014 01 04.22879 07 46 53.68 +42 56 18.2          22.7 Ro~0zDd695
     K11C46Y ^C2014 01 04.23205 07 46 53.33 +42 56 19.7          22.8 Ro~0zDd695
     K11C46Y ^C2014 01 04.23538 07 46 52.88 +42 56 22.3          22.8 Ro~0zDd695
     K11C46Y ^C2014 01 04.23866 07 46 52.53 +42 56 23.9          22.9 Ro~0zDd695
     K11C46Y ^C2014 01 04.24193 07 46 52.12 +42 56 25.7                o~0zDd695
     K11C46Y KC2014 01 07.40509 07 40 35.44 +43 24 04.6          22.3 Ro~0zDd291
     K11C46Y KC2014 01 07.41519 07 40 34.11 +43 24 09.5          22.0 Ro~0zDd291
     K11C46Y KC2014 01 07.42531 07 40 32.88 +43 24 14.5          22.0 Ro~0zDd291
     K11C46Y |C2014 08 03.96354 13 17 27.91 -48 36 42.7          20.1 Vu~175c807
     K11C46Y |C2014 08 03.96690 13 17 30.18 -48 36 55.4          20.0 Vu~175c807
     K11C46Y |C2014 08 03.97097 13 17 32.93 -48 37 11.1          20.2 Vu~175c807
