     K11S68M* C2011 09 24.35532 01 57 11.66 -13 06 47.2          18.9 Vr~0YZT703
     K11S68M  C2011 09 24.36319 01 57 10.76 -13 06 55.0          18.6 Vr~0YZT703
     K11S68M  C2011 09 24.37109 01 57 10.00 -13 07 02.6          18.5 Vr~0YZT703
     K11S68M  C2011 09 24.37938 01 57 09.18 -13 07 09.5          18.2 Vr~0YZT703
     K11S68M  C2011 09 24.40364 01 57 06.52 -13 07 33.0          18.6 Vr~0YZT703
     K11S68M  C2011 09 24.40497 01 57 06.39 -13 07 34.9          18.6 Vr~0YZT703
     K11S68M  C2011 09 24.40628 01 57 06.24 -13 07 35.6          18.5 Vr~0YZT703
     K11S68M  C2011 09 24.40756 01 57 06.17 -13 07 37.0          18.7 Vr~0YZT703
     K11S68M `C2011 09 24.64382 01 56 43.63 -13 10 56.7          18.3 Ru~0YZTD90
     K11S68M `C2011 09 24.65069 01 56 42.89 -13 11 03.3          18.3 Ru~0YZTD90
     K11S68M `C2011 09 24.65752 01 56 42.15 -13 11 10.1          18.3 Ru~0YZTD90
     K11S68M `C2011 09 24.73239 01 56 34.05 -13 12 22.0          19.1 Ru~0YZTD90
     K11S68M `C2011 09 24.73931 01 56 33.31 -13 12 28.7          18.5 Ru~0YZTD90
     K11S68M `C2011 09 24.74625 01 56 32.54 -13 12 35.5          18.7 Ru~0YZTD90
     K11S68M  C2011 09 24.99223 01 56 08.39 -13 17 06.5                o~0YZT046
     K11S68M  C2011 09 24.99613 01 56 07.98 -13 17 08.9                o~0YZT046
     K11S68M  C2011 09 25.00440 01 56 07.09 -13 17 18.1                o~0YZT046
     K11S68M  C2011 09 25.00635 01 56 06.82 -13 17 19.8                o~0YZT046
     K11S68M  C2011 09 25.00823 01 56 06.64 -13 17 21.8                o~0YZT046
     K11S68M  C2011 09 25.01013 01 56 06.51 -13 17 23.9                o~0YZT046
     K11S68M  C2011 09 25.01206 01 56 06.23 -13 17 24.7                o~0YZT046
     K11S68M |C2011 09 25.12879 01 55 55.18 -13 18 49.2          19.7 Vo~0YZT807
     K11S68M |C2011 09 25.13105 01 55 54.92 -13 18 51.4          19.9 Vo~0YZT807
     K11S68M |C2011 09 25.13332 01 55 54.68 -13 18 53.8          19.6 Vo~0YZT807
     K11S68M |C2011 09 25.13560 01 55 54.43 -13 18 56.1          19.6 Vo~0YZT807
     K11S68M |C2011 09 25.13790 01 55 54.17 -13 18 58.5          19.4 Vo~0YZT807
     K11S68M  C2011 09 25.37629501 55 27.56 -13 23 23.7          18.6 Ru~0YZTH36
     K11S68M  C2011 09 25.37927701 55 27.24 -13 23 26.4          19.0 Ru~0YZTH36
     K11S68M  C2011 09 25.38075301 55 27.08 -13 23 28.2          19.2 Ru~0YZTH36
     K11S68M `C2011 09 25.78382 01 54 42.40 -13 29 45.4          19.3 Ru~0YZTD90
     K11S68M `C2011 09 25.79072 01 54 41.60 -13 29 52.2          19.2 Ru~0YZTD90
     K11S68M `C2011 09 25.79756 01 54 40.77 -13 29 59.2          18.6 Ru~0YZTD90
     K11S68M KC2011 09 26.03111 01 54 15.41 -13 34 31.6                t~0YZT204
     K11S68M KC2011 09 26.03744 01 54 14.60 -13 34 38.2                t~0YZT204
     K11S68M KC2011 09 26.04379 01 54 13.82 -13 34 44.8          18.5 Rt~0YZT204
     K11S68M  C2011 09 26.38940 01 53 33.25 -13 40 42.8          18.1 Vr~0YZT703
     K11S68M  C2011 09 26.39076 01 53 33.10 -13 40 43.5          18.2 Vr~0YZT703
     K11S68M  C2011 09 26.39212 01 53 32.89 -13 40 44.5          18.2 Vr~0YZT703
     K11S68M  C2011 09 26.39348 01 53 32.71 -13 40 46.2          17.9 Vr~0YZT703
     K11S68M  C2011 09 26.97403 01 52 22.03 -13 51 11.7                o~0YZT046
     K11S68M  C2011 09 26.97534 01 52 21.79 -13 51 12.2                o~0YZT046
     K11S68M  C2011 09 26.98001 01 52 21.14 -13 51 18.6                o~0YZT046
     K11S68M  C2011 09 26.98163 01 52 20.96 -13 51 19.1                o~0YZT046
     K11S68M  C2011 09 26.98326 01 52 20.75 -13 51 21.1                o~0YZT046
     K11S68M KC2011 09 27.02441 01 52 16.01 -13 52 00.3          18.3 Rt~0YZTJ04
     K11S68M KC2011 09 27.02736 01 52 15.61 -13 52 03.5          18.2 Rt~0YZTJ04
     K11S68M KC2011 09 27.03030 01 52 15.20 -13 52 06.7          18.2 Rt~0YZTJ04
     K11S68M KC2011 09 28.29952901 49 21.69 -14 16 01.4          18.1 Ru~0YZTH36
     K11S68M |C2011 09 28.30218 01 49 20.59 -14 15 33.8          18.7 Vo~0YZT807
     K11S68M |C2011 09 28.30527 01 49 20.10 -14 15 37.4          18.9 Vo~0YZT807
     K11S68M KC2011 09 28.30549001 49 20.77 -14 16 08.5          18.3 Ru~0YZTH36
     K11S68M |C2011 09 28.30835 01 49 19.63 -14 15 41.1          18.9 Vo~0YZT807
     K11S68M |C2011 09 28.31129 01 49 19.17 -14 15 44.4          19.0 Vo~0YZT807
     K11S68M KC2011 09 28.93138 01 47 48.07 -14 28 23.9          17.8 Rt~0YZTJ04
     K11S68M KC2011 09 28.93386 01 47 47.63 -14 28 27.3          18.3 Rt~0YZTJ04
     K11S68M KC2011 09 28.93633 01 47 47.25 -14 28 30.3          18.3 Rt~0YZTJ04
     K11S68M |C2011 09 29.19242 01 47 06.02 -14 33 15.9          18.4 Vo~0Ywi807
     K11S68M |C2011 09 29.19611 01 47 05.38 -14 33 20.8          18.3 Vo~0Ywi807
     K11S68M |C2011 09 29.19966 01 47 04.79 -14 33 25.0          18.5 Vo~0Ywi807
     K11S68M |C2011 09 29.20349 01 47 04.12 -14 33 29.9          18.5 Vo~0Ywi807
     K11S68M KC2011 09 29.22792 01 47 00.37 -14 34 31.1          18.9 Vo~0YwiH21
     K11S68M KC2011 09 29.23172 01 46 59.73 -14 34 35.7          19.0 Vo~0YwiH21
     K11S68M KC2011 09 29.23551 01 46 59.09 -14 34 40.5          19.1 Vo~0YwiH21
     K11S68M  C2011 09 29.58275 01 46 01.76 -14 41 12.3          17.9 Ro~0YZT474
     K11S68M  C2011 09 29.58565 01 46 01.26 -14 41 15.8          17.9 Ro~0YZT474
     K11S68M  C2011 09 29.58785 01 46 00.87 -14 41 18.7          17.9 Ro~0YZT474
     K11S68M  C2011 09 29.59028 01 46 00.44 -14 41 21.7          18.0 Ro~0YZT474
     K11S68M  C2011 09 29.72713801 45 36.67 -14 44 18.3          17.7 Ro~0YZTE10
     K11S68M  C2011 09 29.72790501 45 36.53 -14 44 19.3          17.8 Ro~0YZTE10
     K11S68M  C2011 09 29.72868901 45 36.40 -14 44 20.3          17.7 Ro~0YZTE10
     K11S68M  C2011 09 29.72948001 45 36.25 -14 44 21.3          17.7 Ro~0YZTE10
     K11S68M  C2011 09 29.73024701 45 36.11 -14 44 22.2          17.7 Ro~0YZTE10
     K11S68M  C2011 09 29.73103901 45 35.98 -14 44 23.3          17.8 Ro~0YZTE10
     K11S68M  C2011 09 29.73179901 45 35.85 -14 44 24.2          17.7 Ro~0YZTE10
     K11S68M  C2011 09 29.73258501 45 35.70 -14 44 25.3          17.9 Ro~0YZTE10
     K11S68M  C2011 09 29.73338001 45 35.56 -14 44 26.1          17.7 Ro~0YZTE10
     K11S68M  C2011 09 29.73413701 45 35.42 -14 44 27.0          17.9 Ro~0YZTE10
     K11S68M  C2011 09 29.73492601 45 35.29 -14 44 28.0          17.8 Ro~0YZTE10
     K11S68M  C2011 09 29.73568701 45 35.15 -14 44 29.0          17.8 Ro~0YZTE10
     K11S68M  C2011 09 30.45202 01 43 29.55 -15 00 21.1                o~0YZT291
     K11S68M  C2011 09 30.45607 01 43 28.80 -15 00 26.2                o~0YZT291
     K11S68M  C2011 09 30.45980 01 43 28.06 -15 00 31.1                o~0YZT291
     K11S68M KC2011 09 30.93790 01 42 00.62 -15 11 13.9          17.8 Rr~0YwiA17
     K11S68M KC2011 09 30.94571 01 41 59.05 -15 11 24.3          17.6 Rr~0YwiA17
     K11S68M KC2011 09 30.95352 01 41 57.50 -15 11 35.0          17.8 Rr~0YwiA17
     K11S68M  C2011 09 30.99533 01 41 48.93 -15 12 31.8                o~0Ywi046
     K11S68M  C2011 09 30.99667 01 41 48.70 -15 12 33.6                o~0Ywi046
     K11S68M  C2011 10 01.00421 01 41 47.15 -15 12 44.1                o~0Ywi046
     K11S68M  C2011 10 01.00545 01 41 46.93 -15 12 46.1                o~0Ywi046
     K11S68M  C2011 10 01.00670 01 41 46.66 -15 12 47.3                o~0Ywi046
     K11S68M  C2011 10 01.96126 01 38 33.38 -15 34 56.0                o~0Ywi046
     K11S68M  C2011 10 01.96259 01 38 33.08 -15 34 57.9                o~0Ywi046
     K11S68M  C2011 10 01.96365 01 38 32.84 -15 34 59.5                o~0Ywi046
     K11S68M  C2011 10 01.96569 01 38 32.40 -15 35 01.8                o~0Ywi046
     K11S68M  C2011 10 01.96669 01 38 32.21 -15 35 03.9                o~0Ywi046
     K11S68M  C2011 10 01.96769 01 38 31.98 -15 35 05.2                o~0Ywi046
     K11S68M KC2011 10 02.24516001 37 32.00 -15 41 43.4          18.2 Vt~0YwiH21
     K11S68M KC2011 10 02.24744001 37 31.48 -15 41 46.8          18.3 Vt~0YwiH21
     K11S68M KC2011 10 02.24987901 37 30.91 -15 41 50.4          18.3 Vt~0YwiH21
     K11S68M KC2011 10 02.25215901 37 30.38 -15 41 53.6          18.3 Vt~0YwiH21
     K11S68M %C2011 10 03.46890601 32 44.17 -16 12 22.4          17.3 Ro~0YwiF65
     K11S68M %C2011 10 03.46972401 32 43.95 -16 12 23.8          17.2 Ro~0YwiF65
     K11S68M %C2011 10 03.47054101 32 43.73 -16 12 25.0          17.4 Ro~0YwiF65
     K11S68M %C2011 10 03.47136401 32 43.51 -16 12 26.2          17.5 Ro~0YwiF65
     K11S68M %C2011 10 03.47218201 32 43.29 -16 12 27.5          17.3 Ro~0YwiF65
     K11S68M %C2011 10 03.47299301 32 43.07 -16 12 28.9          17.3 Ro~0YwiF65
     K11S68M %C2011 10 03.47380401 32 42.87 -16 12 30.1          17.2 Ro~0YwiF65
     K11S68M %C2011 10 03.47461401 32 42.64 -16 12 31.4          17.3 Ro~0YwiF65
     K11S68M %C2011 10 03.47542201 32 42.43 -16 12 32.7          17.3 Ro~0YwiF65
     K11S68M %C2011 10 03.47624401 32 42.21 -16 12 33.8          17.4 Ro~0YwiF65
     K11S68M %C2011 10 03.47705001 32 42.00 -16 12 35.0          17.4 Ro~0YwiF65
     K11S68M %C2011 10 03.47786901 32 41.78 -16 12 36.3          17.3 Ro~0YwiF65
     K11S68M KC2011 10 06.07908 01 20 07.53 -17 25 29.9          17.6 Vu~0YwiI39
     K11S68M KC2011 10 06.09197 01 20 03.02 -17 25 53.7          17.5 Vu~0YwiI39
     K11S68M KC2011 10 06.10339 01 19 59.07 -17 26 15.2          17.5 Vu~0YwiI39
     K11S68M KC2011 10 06.11983 01 19 53.46 -17 26 46.1          17.4 Vu~0YwiI39
     K11S68M  C2011 10 06.25704901 19 05.94 -17 31 46.3          17.5 Vo~0YwiH21
     K11S68M  C2011 10 06.26250601 19 03.99 -17 31 56.4          17.5 Vo~0YwiH21
     K11S68M  C2011 10 06.26796501 19 02.05 -17 32 06.4          17.5 Vo~0YwiH21
     K11S68M  C2011 10 06.27334201 19 00.13 -17 32 16.4          17.4 Vo~0YwiH21
     K11S68M KC2011 10 11.24228200 40 07.03 -20 31 17.6          17.5 Vt~0Z9tH21
     K11S68M KC2011 10 11.24508400 40 05.19 -20 31 24.5          17.5 Vt~0Z9tH21
     K11S68M KC2011 10 11.24788800 40 03.37 -20 31 31.5          17.6 Vt~0Z9tH21
     K11S68M KC2011 10 11.25078300 40 01.50 -20 31 38.7          17.8 Vt~0Z9tH21
     K11S68M KC2011 10 11.25377400 39 59.55 -20 31 45.9          17.8 Vt~0Z9tH21
     K11S68M KC2011 10 11.25666500 39 57.66 -20 31 52.9          17.8 Vt~0Z9tH21
     K11S68M `C2011 10 11.57675 00 36 31.37 -20 44 05.9          16.2 Ru~0Z9tD90
     K11S68M `C2011 10 11.58109 00 36 28.50 -20 44 19.2          16.0 Ru~0Z9tD90
     K11S68M `C2011 10 11.58546 00 36 25.45 -20 44 27.5          16.1 Ru~0Z9tD90
     K11S68M KC2011 10 14.04968 00 04 13.81 -22 29 54.9          17.6 Vu~0Z9tI39
     K11S68M KC2011 10 14.05694 00 04 06.99 -22 30 13.9          17.6 Vu~0Z9tI39
     K11S68M KC2011 10 14.07343 00 03 51.32 -22 30 57.1          17.3 Vu~0Z9tI39
     K11S68M  C2011 10 14.12132200 03 07.47 -22 34 11.3          16.7 Vo~0Z9tH21
     K11S68M  C2011 10 14.12412400 03 04.82 -22 34 18.5          16.2 Vo~0Z9tH21
     K11S68M  C2011 10 14.12692200 03 02.14 -22 34 25.9          16.6 Vo~0Z9tH21
     K11S68M  C2011 10 14.12990900 02 59.29 -22 34 34.0          16.3 Vo~0Z9tH21
     K11S68M  C2011 10 14.13271100 02 56.61 -22 34 41.1          16.5 Vo~0Z9tH21
     K11S68M  C2011 10 14.13551300 02 53.92 -22 34 48.8          16.4 Vo~0Z9tH21
     K11S68M  C2011 10 14.13886700 02 50.71 -22 34 57.4          16.3 Vo~0Z9tH21
     K11S68M KC2011 10 14.35399 23 59 23.26 -22 44 00.4          16.2 Ru~0Z9t448
     K11S68M KC2011 10 14.35641 23 59 20.89 -22 44 06.5          16.4 Ru~0Z9t448
     K11S68M KC2011 10 14.35945 23 59 17.89 -22 44 13.9          16.4 Ru~0Z9t448
     K11S68M KC2011 10 14.36199 23 59 15.42 -22 44 20.1          16.2 Ru~0Z9t448
     K11S68M KC2011 10 14.36504 23 59 12.41 -22 44 27.9          16.0 Ru~0Z9t448
     K11S68M  C2011 10 15.08659 23 47 07.69 -23 14 44.4          17.0 Ro~0Z9tG48
     K11S68M  C2011 10 15.09500 23 46 58.59 -23 15 05.8          17.2 Ro~0Z9tG48
     K11S68M  C2011 10 15.09914 23 46 54.10 -23 15 16.6          17.3 Ro~0Z9tG48
     K11S68M  C2011 10 15.10325 23 46 49.63 -23 15 26.6          17.4 Ro~0Z9tG48
     K11S68M  C2011 10 15.11747723 46 32.72 -23 16 12.4          17.5 Vo~0Z9tH21
     K11S68M  C2011 10 15.12031423 46 29.62 -23 16 20.0          17.1 Vo~0Z9tH21
     K11S68M  C2011 10 15.12315823 46 26.53 -23 16 27.0          17.6 Vo~0Z9tH21
     K11S68M  C2011 10 15.12594823 46 23.49 -23 16 33.7          17.6 Vo~0Z9tH21
     K11S68M  C2011 10 15.12944123 46 19.64 -23 16 42.4          17.1 Vo~0Z9tH21
     K11S68M  C2011 10 15.80675 23 33 42.17 -23 43 34.2                o~0Z9t046
     K11S68M  C2011 10 15.80745 23 33 41.34 -23 43 35.9                o~0Z9t046
     K11S68M  C2011 10 15.80965 23 33 38.64 -23 43 41.3                o~0Z9t046
     K11S68M  C2011 10 15.81073 23 33 37.38 -23 43 44.1                o~0Z9t046
     K11S68M KC2011 10 15.96368 23 30 33.50 -23 49 26.2                t~0ZzP204
     K11S68M KC2011 10 15.96620 23 30 30.44 -23 49 31.7                t~0ZzP204
     K11S68M KC2011 10 15.96872 23 30 27.38 -23 49 37.1          15.9 Rt~0ZzP204
     K11S68M KC2011 10 16.10770023 27 42.84 -23 54 41.1          16.1 Vt~0Z9tH21
     K11S68M KC2011 10 16.10966223 27 40.40 -23 54 45.5          16.1 Vt~0Z9tH21
     K11S68M KC2011 10 16.13149423 27 13.19 -23 55 33.2          16.0 Vt~0Z9tH21
     K11S68M KC2011 10 16.14269623 26 59.22 -23 55 58.0          16.1 Vt~0Z9tH21
     K11S68M KC2011 10 16.14464023 26 56.80 -23 56 02.0          16.2 Vt~0Z9tH21
     K11S68M KC2011 10 16.18372 23 26 06.01 -23 56 04.9          17.6 Ru~0Z9tI19
     K11S68M KC2011 10 16.18508 23 26 04.28 -23 56 08.0          17.5 Ru~0Z9tI19
     K11S68M KC2011 10 16.18644 23 26 02.61 -23 56 10.5          17.8 Ru~0Z9tI19
     K11S68M  C2011 10 18.14690 22 40 44.60 -24 49 03.8          17.0  c~0Z9t704
     K11S68M  C2011 10 18.15883 22 40 25.72 -24 49 14.1          17.5  c~0Z9t704
     K11S68M  C2011 10 18.17078 22 40 06.89 -24 49 23.5          17.6  c~0Z9t704
     K11S68M |C2011 10 18.17624 22 39 55.08 -24 48 02.1          17.3 Vo~0Z9t807
     K11S68M |C2011 10 18.17948 22 39 49.97 -24 48 04.2          17.2 Vo~0Z9t807
     K11S68M |C2011 10 18.18181 22 39 46.30 -24 48 05.8          17.3 Vo~0Z9t807
     K11S68M  C2011 10 18.18274 22 39 47.91 -24 49 33.4          18.1  c~0Z9t704
     K11S68M  C2011 10 18.19492 22 39 28.55 -24 49 42.8          18.0  c~0Z9t704
     K11S68M QC2011 10 18.46872 22 32 17.34 -24 51 19.3          17.0 Vr~0beTE12
     K11S68M QC2011 10 18.47834 22 32 01.63 -24 51 23.8          17.0 Vr~0beTE12
     K11S68M QC2011 10 18.48787 22 31 46.11 -24 51 28.2          16.6 Vr~0beTE12
     K11S68M QC2011 10 18.49738 22 31 30.57 -24 51 32.3          16.4 Vr~0beTE12
     K11S68M  C2011 10 19.13499 22 14 01.62 -24 54 12.3          17.6  c~0Z9t704
     K11S68M  C2011 10 19.14699 22 13 40.89 -24 54 09.6          17.2  c~0Z9t704
     K11S68M  C2011 10 19.15898 22 13 20.14 -24 54 05.6          16.7  c~0Z9t704
     K11S68M  C2011 10 19.17096 22 12 59.40 -24 54 01.8          16.6  c~0Z9t704
     K11S68M  C2011 10 19.18298 22 12 38.60 -24 53 58.0          16.4  c~0Z9t704
     K11S68M KC2011 10 22.01332 20 46 44.87 -23 01 36.7          17.4 Vu~0ZV0I45
     K11S68M KC2011 10 22.01671 20 46 38.52 -23 01 20.5          17.3 Vu~0ZV0I45
     K11S68M  C2011 10 22.08378 20 44 31.70 -22 56 12.4          17.5 Vu~0ZV0I45
     K11S68M 2C2012 06 29.58244621 53 00.258-47 56 37.33         22.2 Rt~0hsD568
     K11S68M 2C2012 06 29.59133021 52 59.356-47 56 46.11         22.3 Rt~0hsD568
     K11S68M 2C2012 07 22.46111820 59 19.972-52 46 28.67         22.1 Rt~0hsD568
     K11S68M 2C2012 07 22.46863220 59 18.644-52 46 31.72         22.3 Rt~0hsD568
     K11S68M 2C2012 07 22.47614620 59 17.327-52 46 34.92         22.1 Rt~0hsD568
     K11S68M KC2015 05 22.32211 04 55 56.14 -62 19 28.0          18.1 Rt~1ShA474
     K11S68M KC2015 05 22.32283 04 55 56.72 -62 19 35.1          18.2 Rt~1ShA474
     K11S68M KC2015 05 22.32355 04 55 57.28 -62 19 42.0          18.5 Rt~1ShA474
     K11S68M KC2015 05 22.32427 04 55 57.88 -62 19 49.0          18.9 Rt~1ShA474
     K11S68M KC2015 05 22.32499 04 55 58.40 -62 19 55.9          18.3 Rt~1ShA474
     K11S68M KC2015 05 22.32571 04 55 58.96 -62 20 02.9          18.4 Rt~1ShA474
     K11S68M KC2015 05 22.32642 04 55 59.53 -62 20 10.2          18.6 Rt~1ShA474
     K11S68M |C2015 06 03.99757 10 25 52.74 -76 42 01.7          19.1 Vu~1T1P807
     K11S68M |C2015 06 04.00312 10 26 01.28 -76 41 52.6          19.3 Vu~1T1P807
     K11S68M |C2015 06 04.00877 10 26 10.01 -76 41 43.3          19.1 Vu~1T1P807
