     K11D09S* C2011 02 25.92799 10 47 57.28 +19 36 10.9          19.3 Vr~0TBfJ75
     K11D09S  C2011 02 25.93924 10 47 56.60 +19 36 24.1          19.2 Vr~0TBfJ75
     K11D09S  C2011 02 25.95051 10 47 55.86 +19 36 38.3          19.1 Vr~0TBfJ75
     K11D09S KC2011 02 26.12226 10 47 45.18 +19 40 03.7                r~0TBf203
     K11D09S KC2011 02 26.14016 10 47 44.02 +19 40 25.4                r~0TBf203
     K11D09S  C2011 02 26.27178 10 47 38.04 +19 43 12.8          19.4 Vr~0TBfG96
     K11D09S  C2011 02 26.27916 10 47 37.57 +19 43 22.0          19.4 Vr~0TBfG96
     K11D09S  C2011 02 26.28663 10 47 37.10 +19 43 31.2          19.4 Vr~0TBfG96
     K11D09S  C2011 02 26.29412 10 47 36.60 +19 43 40.5          19.4 Vr~0TBfG96
     K11D09S  C2011 02 26.38370 10 47 30.91 +19 45 30.7          18.5 Vr~0TBf703
     K11D09S  C2011 02 26.39112 10 47 30.40 +19 45 39.6          19.1 Vr~0TBf703
     K11D09S  C2011 02 26.39863 10 47 29.97 +19 45 48.7          19.5 Vr~0TBf703
     K11D09S  C2011 02 26.40613 10 47 29.50 +19 45 57.1          19.2 Vr~0TBf703
     K11D09S IC2011 02 26.49479 10 47 25.50 +19 48 09.9                o~0TBf474
     K11D09S  C2011 02 26.49792 10 47 25.25 +19 48 14.5          19.1 Ro~0TBf474
     K11D09S  C2011 02 26.50231 10 47 24.97 +19 48 20.0          19.2 Ro~0TBf474
     K11D09S KC2011 02 26.81752 10 47 07.56 +19 54 17.8          19.7 Rr~0TBf113
     K11D09S KC2011 02 26.83354 10 47 06.65 +19 54 39.0          19.1 Rr~0TBf113
     K11D09S KC2011 02 26.84840 10 47 05.72 +19 54 57.5          18.7 Rr~0TBf113
     K11D09S %C2011 02 27.42897 10 46 31.38 +20 07 18.4          19.1 RL~0TBfF65
     K11D09S %C2011 02 27.43120 10 46 31.23 +20 07 21.0          19.2 RL~0TBfF65
     K11D09S %C2011 02 27.43344 10 46 31.07 +20 07 24.0          19.1 RL~0TBfF65
     K11D09S %C2011 02 27.43566 10 46 30.92 +20 07 26.7          19.1 RL~0TBfF65
     K11D09S  C2011 02 27.56227 10 46 23.15 +20 10 27.4          19.5 Ro~0TBf474
     K11D09S  C2011 02 27.56447 10 46 23.00 +20 10 29.8          19.5 Ro~0TBf474
     K11D09S  C2011 02 27.56632 10 46 22.87 +20 10 32.6          19.3 Ro~0TBf474
     K11D09S KC2011 02 28.86468 10 45 03.84 +20 37 56.0          19.4 Vu~0TBfA74
     K11D09S KC2011 02 28.88034 10 45 02.76 +20 38 16.8          18.9 Vu~0TBfA74
     K11D09S KC2011 02 28.89672 10 45 01.64 +20 38 38.9          19.4 Vu~0TBfA74
     K11D09S KC2011 03 01.26794 10 44 37.87 +20 46 53.1          18.9 Ro~0TBfG56
     K11D09S  C2011 03 01.27508 10 44 37.05 +20 47 04.8          18.6 Ro~0TBfH01
     K11D09S KC2011 03 01.27715 10 44 37.23 +20 47 05.4          18.8 Ro~0TBfG56
     K11D09S  C2011 03 01.28253 10 44 36.51 +20 47 14.7          18.7 Ro~0TBfH01
     K11D09S KC2011 03 01.28811 10 44 36.40 +20 47 20.5          19.0 Ro~0TBfG56
     K11D09S KC2011 03 01.28979910 44 35.56 +20 47 21.9          18.9 Vr~0TBfH21
     K11D09S KC2011 03 01.29146210 44 35.43 +20 47 24.4          19.3 Vo~0TBfH21
     K11D09S  C2011 03 01.29211 10 44 35.81 +20 47 27.5          18.7 Ro~0TBfH01
     K11D09S KC2011 03 01.29304710 44 35.32 +20 47 26.1          18.9 Vr~0TBfH21
     K11D09S KC2011 03 01.29629810 44 35.08 +20 47 30.4          18.8 Vr~0TBfH21
     K11D09S  C2011 03 01.29655 10 44 35.44 +20 47 34.4          19.3 Rc~0TBf711
     K11D09S  C2011 03 01.29831 10 44 35.35 +20 47 35.7          18.7 Ro~0TBfH01
     K11D09S  C2011 03 01.30251 10 44 34.99 +20 47 42.7          19.4 Rc~0TBf711
     K11D09S  C2011 03 01.30848 10 44 34.54 +20 47 50.4          19.1 Rc~0TBf711
     K11D09S KC2011 03 01.41519 10 44 26.79 +20 50 09.2          18.9 Rr~0TBfH10
     K11D09S KC2011 03 01.41702 10 44 26.74 +20 50 10.9          19.0 Rr~0TBfH10
     K11D09S KC2011 03 01.44206 10 44 24.92 +20 50 43.5          18.6 Rr~0TBfH10
     K11D09S KC2011 03 02.11972 10 43 41.61 +21 05 52.7                u~0TBfI15
     K11D09S KC2011 03 02.12621 10 43 41.10 +21 06 01.4                u~0TBfI15
     K11D09S KC2011 03 02.13270 10 43 40.62 +21 06 10.4                u~0TBfI15
     K11D09S  C2011 03 02.22684 10 43 34.35 +21 08 21.7          19.2 Vr~0TBf703
     K11D09S  C2011 03 02.23370 10 43 33.99 +21 08 31.7          19.3 Vr~0TBf703
     K11D09S  C2011 03 02.24063 10 43 33.45 +21 08 40.3          19.2 Vr~0TBf703
     K11D09S  C2011 03 02.30501 10 43 28.13 +21 10 05.5          19.5 Ru~0TBfH45
     K11D09S  C2011 03 02.32214 10 43 26.80 +21 10 29.6          19.5 Ru~0TBfH45
     K11D09S  C2011 03 02.32526 10 43 26.58 +21 10 34.2          19.6 Ru~0TBfH45
     K11D09S  C2011 03 02.32702 10 43 26.45 +21 10 36.5          19.6 Ru~0TBfH45
     K11D09S  C2011 03 02.32859 10 43 26.28 +21 10 38.3          19.5 Ru~0TBfH45
     K11D09S  C2011 03 02.33033 10 43 26.15 +21 10 40.8          19.7 Ru~0TBfH45
     K11D09S  C2011 03 02.33230 10 43 26.02 +21 10 43.5          19.6 Ru~0TBfH45
     K11D09S KC2011 03 02.34171710 43 25.23 +21 10 54.4          19.6 Vo~0TBfH21
     K11D09S KC2011 03 02.34628210 43 24.88 +21 11 00.7          19.7 Vo~0TBfH21
     K11D09S KC2011 03 02.35066810 43 24.53 +21 11 06.8                o~0TBfH21
     K11D09S KC2011 03 02.43262 10 43 18.73 +21 12 58.4          19.0 Rr~0TBfH10
     K11D09S KC2011 03 02.44820 10 43 17.59 +21 13 19.9          19.0 Rr~0TBfH10
     K11D09S ]C2011 03 03.23103 10 42 24.86 +21 31 20.9          19.7 Vo~0TBf695
     K11D09S ]C2011 03 03.23476 10 42 24.58 +21 31 26.3          19.2 Vo~0TBf695
     K11D09S ]C2011 03 03.24118 10 42 24.08 +21 31 35.4          19.9 Vo~0TBf695
     K11D09S KC2011 03 03.25032310 42 22.76 +21 31 45.8          19.3 Vo~0TBfH21
     K11D09S KC2011 03 03.25247510 42 22.59 +21 31 48.9          19.0 Vo~0TBfH21
     K11D09S KC2011 03 03.25471910 42 22.42 +21 31 51.8          19.1 Vo~0TBfH21
     K11D09S KC2011 03 03.25687710 42 22.24 +21 31 54.7          19.1 Vo~0TBfH21
     K11D09S  C2011 03 03.46616 10 42 06.24 +21 36 46.2                o~0TBf291
     K11D09S  C2011 03 03.47039 10 42 05.90 +21 36 51.8                o~0TBf291
     K11D09S  C2011 03 04.41927 10 40 56.88 +21 59 14.9          19.7 Vo~0TBf291
     K11D09S  C2011 03 04.42316 10 40 56.57 +21 59 20.4          19.8 Vo~0TBf291
     K11D09S  C2011 03 04.42724 10 40 56.23 +21 59 26.0          19.7 Vo~0TBf291
     K11D09S KC2011 03 04.78908 10 40 31.12 +22 07 56.5          19.2 Rr~0TXxA17
     K11D09S KC2011 03 04.80936 10 40 29.53 +22 08 26.8          18.9 Rr~0TXxA17
     K11D09S KC2011 03 04.82994 10 40 27.89 +22 08 57.1          19.3 Vu~0TXxA74
     K11D09S KC2011 03 04.83060 10 40 27.83 +22 08 57.7          19.0 Rr~0TXxA17
     K11D09S KC2011 03 04.84068 10 40 27.02 +22 09 12.9          19.4 Vu~0TXxA74
     K11D09S KC2011 03 04.85141 10 40 26.17 +22 09 28.7          19.4 Vu~0TXxA74
     K11D09S  C2011 03 05.20625 10 39 59.04 +22 18 09.5          18.4 Ro~0TXxH01
     K11D09S  C2011 03 05.21716 10 39 58.09 +22 18 25.5          18.5 Ro~0TXxH01
     K11D09S  C2011 03 05.22201 10 39 57.70 +22 18 32.6          18.6 Ro~0TXxH01
     K11D09S  C2011 03 05.22811 10 39 57.19 +22 18 41.2          18.4 Ro~0TXxH01
     K11D09S  C2011 03 05.36001 10 39 45.88 +22 21 54.5          19.3 Vo~0TXx291
     K11D09S  C2011 03 05.36407 10 39 45.54 +22 22 00.2          19.4 Vo~0TXx291
     K11D09S  C2011 03 05.36798 10 39 45.20 +22 22 06.0          19.4 Vo~0TXx291
     K11D09S KC2011 03 05.91432 10 39 03.45 +22 35 22.6                v~0U66204
     K11D09S KC2011 03 05.92202 10 39 02.80 +22 35 34.1                v~0U66204
     K11D09S KC2011 03 05.92970 10 39 02.13 +22 35 45.5          18.5 Rv~0U66204
     K11D09S  C2011 03 06.41387 10 38 22.16 +22 47 48.2          19.5 Vo~0TXx291
     K11D09S  C2011 03 06.41784 10 38 21.81 +22 47 54.1          19.6 Vo~0TXx291
     K11D09S  C2011 03 06.42180 10 38 21.46 +22 47 59.9          19.5 Vo~0TXx291
     K11D09S KC2011 03 06.93169 10 37 41.25 +23 00 40.0          18.9 Rr~0TXxA17
     K11D09S KC2011 03 06.94339 10 37 40.19 +23 00 57.8          18.7 Rr~0TXxA17
     K11D09S KC2011 03 06.95510 10 37 39.16 +23 01 15.4          18.9 Rr~0TXxA17
     K11D09S  C2011 03 08.40007 10 35 35.99 +23 38 15.5                o~0TXx291
     K11D09S  C2011 03 08.40715 10 35 35.33 +23 38 26.3                o~0TXx291
     K11D09S  C2011 03 08.41135 10 35 34.93 +23 38 32.7                o~0TXx291
     K11D09S KC2011 03 08.93968 10 34 49.93 +23 52 15.5                r~0TXx203
     K11D09S KC2011 03 09.01870 10 34 42.27 +23 54 18.8                r~0TXx203
     K11D09S  C2011 03 09.26895 10 34 20.63 +24 01 00.7          19.1  c~0TXx704
     K11D09S  C2011 03 09.28039 10 34 19.47 +24 01 18.1          19.5  c~0TXx704
     K11D09S  C2011 03 09.29174 10 34 18.33 +24 01 35.8          19.6  c~0TXx704
     K11D09S  C2011 03 09.30308 10 34 17.25 +24 01 54.3          19.4  c~0TXx704
     K11D09S  C2011 03 09.31434 10 34 16.11 +24 02 12.3          19.4  c~0TXx704
     K11D09S  C2011 03 09.39849 10 34 07.87 +24 04 24.0          19.5 Vo~0TXx291
     K11D09S  C2011 03 09.40364 10 34 07.37 +24 04 31.8          19.5 Vo~0TXx291
     K11D09S  C2011 03 09.40758 10 34 06.98 +24 04 38.0          19.5 Vo~0TXx291
     K11D09S  C2011 03 12.30365 10 29 34.57 +25 23 23.3          18.6 Ru~0TsiH45
     K11D09S  C2011 03 12.30529 10 29 34.40 +25 23 26.0          18.5 Ru~0TsiH45
     K11D09S  C2011 03 12.30814 10 29 34.05 +25 23 30.9          18.7 Ru~0TsiH45
     K11D09S  C2011 03 12.30995 10 29 33.91 +25 23 33.5          18.5 Ru~0TsiH45
     K11D09S  C2011 03 12.31193 10 29 33.67 +25 23 36.6          18.6 Ru~0TsiH45
     K11D09S  C2011 03 12.31384 10 29 33.46 +25 23 40.3          18.5 Ru~0TsiH45
     K11D09S  C2011 03 14.20816 10 26 22.66 +26 17 33.6          19.2 Vr~0Tsi703
     K11D09S  C2011 03 14.21724 10 26 21.62 +26 17 50.3          18.9 Vr~0Tsi703
     K11D09S  C2011 03 14.22631 10 26 20.61 +26 18 06.6          19.1 Vr~0Tsi703
     K11D09S KC2011 03 17.20459 10 20 55.14 +27 46 30.7          18.7 Vo~0U1BH21
     K11D09S KC2011 03 17.20917 10 20 54.54 +27 46 38.6          18.9 Vo~0U1BH21
     K11D09S KC2011 03 17.21326 10 20 54.03 +27 46 46.0          18.9 Vo~0U1BH21
     K11D09S KC2011 03 17.21490 10 20 53.81 +27 46 49.1          19.0 Vo~0U1BH21
     K11D09S KC2011 03 23.80560 10 07 10.77 +31 20 01.9          18.6 Rr~0U1BA17
     K11D09S KC2011 03 23.81408 10 07 09.52 +31 20 19.7          18.6 Rr~0U1BA17
     K11D09S KC2011 03 23.82257 10 07 08.29 +31 20 37.5          18.2 Rr~0U1BA17
     K11D09S KC2011 03 24.82245 10 04 48.90 +31 55 23.9          18.7 Vu~0U1BA78
     K11D09S KC2011 03 24.83273 10 04 47.30 +31 55 45.8          18.6 Vu~0U1BA78
     K11D09S KC2011 03 24.84267 10 04 45.77 +31 56 07.3          18.6 Vu~0U1BA78
     K11D09S KC2011 03 24.85160 10 04 44.40 +31 56 26.2          18.7 Vu~0U1BA78
     K11D09S |C2011 03 27.05998 09 59 21.14 +33 16 19.8          18.8 Vo~0U66807
     K11D09S |C2011 03 27.06097 09 59 20.98 +33 16 22.3          18.9 Vo~0U66807
     K11D09S |C2011 03 27.11014 09 59 12.68 +33 18 11.0          18.7 Vo~0U66807
     K11D09S |C2011 03 27.11397 09 59 12.04 +33 18 19.5          18.6 Vo~0U66807
     K11D09S |C2011 03 27.11767 09 59 11.41 +33 18 27.5          18.8 Vo~0U66807
     K11D09S  C2011 03 27.14551 09 59 08.52 +33 18 52.7          18.6 Vr~0U66703
     K11D09S  C2011 03 27.15228 09 59 07.36 +33 19 08.8          18.7 Vr~0U66703
     K11D09S  C2011 03 27.15910 09 59 06.28 +33 19 24.5          18.6 Vr~0U66703
     K11D09S KC2011 03 27.23825 09 58 52.70 +33 22 18.1          18.6 Ru~0U66448
     K11D09S KC2011 03 27.24218 09 58 52.04 +33 22 26.9          18.5 Ru~0U66448
     K11D09S KC2011 03 27.24615 09 58 51.39 +33 22 35.3          18.1 Ru~0U66448
     K11D09S KC2011 03 27.25007 09 58 50.72 +33 22 44.0          18.2 Ru~0U66448
     K11D09S KC2011 03 27.25459 09 58 49.95 +33 22 53.5          18.4 Ru~0U66448
     K11D09S  C2011 03 28.11282 09 56 38.59 +33 54 40.2          18.3 Ro~0U66H26
     K11D09S  C2011 03 28.11654 09 56 37.94 +33 54 49.2          18.2 Ro~0U66H26
     K11D09S  C2011 03 28.11829 09 56 37.64 +33 54 53.1          18.3 Ro~0U66H26
     K11D09S  C2011 03 28.12001 09 56 37.37 +33 54 57.2          18.4 Ro~0U66H26
     K11D09S  C2011 03 28.12177 09 56 37.06 +33 55 01.3          18.7 Ro~0U66H26
     K11D09S  C2011 03 28.12354 09 56 36.77 +33 55 05.0          18.5 Ro~0U66H26
     K11D09S KC2011 03 28.85516 09 54 40.17 +34 22 39.0          18.3 Rr~0U66113
     K11D09S KC2011 03 28.86443 09 54 38.55 +34 23 00.1          18.2 Rr~0U66113
     K11D09S KC2011 03 28.87371 09 54 36.93 +34 23 21.4          18.3 Rr~0U66113
     K11D09S  C2011 03 29.01273 09 54 15.91 +34 28 44.2                u~0U66I15
     K11D09S  C2011 03 29.01860 09 54 14.90 +34 28 58.3                u~0U66I15
     K11D09S  C2011 03 29.02299 09 54 14.09 +34 29 08.4                u~0U66I15
     K11D09S  C2011 03 29.88655 09 51 50.60 +35 02 27.4                o~0UVo046
     K11D09S  C2011 03 29.88873 09 51 50.23 +35 02 32.2                o~0UVo046
     K11D09S  C2011 03 29.88972 09 51 50.03 +35 02 34.4                o~0UVo046
     K11D09S  C2011 03 29.89070 09 51 49.86 +35 02 36.8                o~0UVo046
     K11D09S  C2011 03 29.89171 09 51 49.69 +35 02 39.3                o~0UVo046
     K11D09S  C2011 03 29.89384 09 51 49.33 +35 02 44.0                o~0UVo046
     K11D09S KC2011 03 31.89475 09 46 03.19 +36 22 52.1          18.3 Vo~0U66J87
     K11D09S KC2011 03 31.90300 09 46 01.56 +36 23 12.5          18.8 Vo~0U66J87
     K11D09S KC2011 03 31.91124 09 45 59.92 +36 23 32.6          18.6 Vo~0U66J87
     K11D09S KC2011 04 01.09811 09 45 27.99 +36 31 17.0          18.6 Ru~0UVo448
     K11D09S KC2011 04 01.10278 09 45 27.04 +36 31 29.1          18.3 Ru~0UVo448
     K11D09S KC2011 04 01.10600 09 45 26.40 +36 31 36.9          18.4 Ru~0UVo448
     K11D09S KC2011 04 01.10956 09 45 25.71 +36 31 46.3          18.4 Ru~0UVo448
     K11D09S KC2011 04 01.11276 09 45 25.07 +36 31 54.1          18.1 Ru~0UVo448
     K11D09S KC2011 04 02.80359 09 40 06.27 +37 43 01.6          18.7 Vu~0UVo151
     K11D09S KC2011 04 02.80475 09 40 06.04 +37 43 04.4          18.8 Vu~0UVo151
     K11D09S KC2011 04 02.80592 09 40 05.81 +37 43 07.2          18.6 Vu~0UVo151
     K11D09S KC2011 04 02.80708 09 40 05.55 +37 43 10.4          18.8 Vu~0UVo151
     K11D09S KC2011 04 02.80825 09 40 05.32 +37 43 13.3          18.5 Vu~0UVo151
     K11D09S KC2011 04 02.80941 09 40 05.05 +37 43 16.4          18.5 Vu~0UVo151
     K11D09S KC2011 04 02.81057 09 40 04.80 +37 43 19.6          18.5 Vu~0UVo151
     K11D09S  C2011 04 02.85932 09 39 54.27 +37 45 25.5                o~0UVo046
     K11D09S  C2011 04 02.86047 09 39 54.00 +37 45 28.6                o~0UVo046
     K11D09S  C2011 04 02.86144 09 39 53.80 +37 45 30.4                o~0UVo046
     K11D09S  C2011 04 02.86433 09 39 53.20 +37 45 38.4                o~0UVo046
     K11D09S  C2011 04 02.86532 09 39 52.97 +37 45 41.2                o~0UVo046
     K11D09S  C2011 04 02.86629 09 39 52.75 +37 45 43.6                o~0UVo046
     K11D09S KC2011 04 02.88501 09 39 48.78 +37 46 36.9          18.2 Ru~0UVoA81
     K11D09S KC2011 04 02.89236 09 39 47.18 +37 46 55.7          18.0 Ru~0UVoA81
     K11D09S KC2011 04 02.89533 09 39 46.68 +37 46 56.3          18.2 Ru~0UVo113
     K11D09S KC2011 04 02.89777 09 39 46.19 +37 47 02.3          18.3 Ru~0UVo113
     K11D09S KC2011 04 02.89971 09 39 45.63 +37 47 14.0          18.0 Ru~0UVoA81
     K11D09S KC2011 04 02.90021 09 39 45.68 +37 47 08.6          18.1 Ru~0UVo113
     K11D09S KC2011 04 03.78254 09 36 51.08 +38 25 54.3          18.4 Vu~0UVoA78
     K11D09S KC2011 04 03.78781 09 36 49.92 +38 26 08.8          18.5 Vu~0UVoA78
     K11D09S KC2011 04 03.79405 09 36 48.51 +38 26 25.4          18.5 Vu~0UVoA78
     K11D09S KC2011 04 03.79883 09 36 47.47 +38 26 38.2          18.4 Vu~0UVoA78
     K11D09S KC2011 04 05.85933 09 29 22.47 +40 01 04.2          18.2 Rc~0UVoA24
     K11D09S KC2011 04 05.87087 09 29 19.63 +40 01 36.6          18.3 Rc~0UVoA24
     K11D09S KC2011 04 05.87495 09 29 18.65 +40 01 47.6          18.3 Rc~0UVoA24
     K11D09S KC2011 04 05.89057 09 29 14.78 +40 02 31.7          18.9 Rc~0UVoA24
     K11D09S KC2011 04 05.89466 09 29 13.80 +40 02 42.6          18.7 Rc~0UVoA24
     K11D09S KC2011 04 05.90619 09 29 10.93 +40 03 15.4          18.2 Rc~0UVpA24
     K11D09S KC2011 04 06.80554 09 25 42.61 +40 46 31.4          18.5 Vu~0UVp151
     K11D09S KC2011 04 06.80845 09 25 41.85 +40 46 40.1          18.6 Vu~0UVp151
     K11D09S KC2011 04 06.81136 09 25 41.08 +40 46 48.8          18.5 Vu~0UVp151
     K11D09S  C2011 04 07.19958 09 24 04.45 +41 05 53.2          18.2 Ro~0UVpH26
     K11D09S  C2011 04 07.20137 09 24 03.98 +41 05 58.6          18.1 Ro~0UVpH26
     K11D09S  C2011 04 07.20313 09 24 03.51 +41 06 03.5          18.1 Ro~0UVpH26
     K11D09S  C2011 04 07.20487 09 24 03.06 +41 06 08.9          18.1 Ro~0UVpH26
     K11D09S KC2011 04 08.85647 09 16 56.52 +42 30 21.6                v~0UuS204
     K11D09S KC2011 04 08.86322 09 16 54.53 +42 30 42.4          18.7 Rv~0UuS204
     K11D09S KC2011 04 09.11748 09 15 44.58 +42 44 14.0          19.5 Vo~0UuSH21
     K11D09S KC2011 04 09.12366 09 15 42.71 +42 44 33.6          19.2 Vo~0UuSH21
     K11D09S KC2011 04 09.12662 09 15 41.80 +42 44 42.9          19.5 Vo~0UuSH21
     K11D09S KC2011 04 09.12967 09 15 40.90 +42 44 52.3          19.4 Vo~0UuSH21
     K11D09S KC2011 04 09.13271 09 15 39.97 +42 45 01.6          19.8 Vo~0UuSH21
     K11D09S IC2011 04 09.85994 09 12 12.05 +43 24 01.3          16.6 Rc~0VFXA24
     K11D09S IC2011 04 09.87163 09 12 08.36 +43 24 38.8          16.9 Rc~0VFXA24
     K11D09S IC2011 04 09.87880 09 12 06.08 +43 25 02.8          16.9 Rc~0VFXA24
     K11D09S IC2011 04 09.88860 09 12 02.97 +43 25 33.2          17.3 Rc~0VFXA24
     K11D09S IC2011 04 09.89577 09 12 00.65 +43 25 55.4          17.5 Rc~0VFXA24
     K11D09S  C2011 04 10.16514 09 10 40.61 +43 40 52.1          18.6 Ru~0UuSH45
     K11D09S  C2011 04 10.16598 09 10 40.28 +43 40 55.2          18.5 Ru~0UuSH45
     K11D09S  C2011 04 10.16925 09 10 39.30 +43 41 05.4          18.6 Ru~0UuSH45
     K11D09S  C2011 04 10.17017 09 10 38.95 +43 41 08.2          18.6 Ru~0UuSH45
     K11D09S  C2011 04 10.17144 09 10 38.55 +43 41 12.2          18.7 Ru~0UuSH45
     K11D09S  C2011 04 10.17260 09 10 38.17 +43 41 16.3          18.4 Ru~0UuSH45
     K11D09S KC2011 04 10.87305 09 07 02.49 +44 20 14.9          18.3 Rc~0VFXA24
     K11D09S KC2011 04 10.88490 09 06 58.48 +44 20 54.1          18.4 Rc~0VFXA24
     K11D09S KC2011 04 10.89216 09 06 56.01 +44 21 18.2          18.5 Rc~0VFXA24
     K11D09S KC2011 04 10.90209 09 06 52.67 +44 21 51.2          18.3 Rc~0VFXA24
     K11D09S KC2011 04 10.90934 09 06 50.20 +44 22 15.1          18.3 Rc~0VFXA24
     K11D09S KC2011 04 10.92119 09 06 46.19 +44 22 54.3          18.1 Rc~0VFXA24
     K11D09S  C2011 04 13.08869508 54 11.32 +46 31 13.9          18.3 Vo~0UuSH21
     K11D09S  C2011 04 13.09417308 54 09.05 +46 31 33.9          18.3 Vo~0UuSH21
     K11D09S  C2011 04 13.09865008 54 07.19 +46 31 50.2          18.4 Vo~0UuSH21
     K11D09S  C2011 04 13.10227608 54 05.70 +46 32 03.3          18.4 Vo~0UuSH21
     K11D09S KC2011 04 16.92016 08 24 18.39 +50 43 19.7          18.7 Ru~0V9oB67
     K11D09S KC2011 04 16.93341 08 24 10.72 +50 44 12.1          18.7 Ru~0V9oB67
     K11D09S KC2011 04 16.94685 08 24 02.87 +50 45 05.6          18.5 Ru~0V9oB67
     K11D09S KC2011 04 17.09819 08 22 37.69 +50 56 10.7          19.2 Vo~0V9oH21
     K11D09S KC2011 04 17.10099 08 22 35.94 +50 56 22.2          19.3 Vo~0V9oH21
     K11D09S KC2011 04 17.10380 08 22 34.21 +50 56 33.7          19.1 Vo~0V9oH21
     K11D09S KC2011 04 17.10699 08 22 32.26 +50 56 46.4          19.2 Vo~0V9oH21
     K11D09S KC2011 04 17.10936 08 22 30.83 +50 56 55.9          19.4 Vo~0V9oH21
     K11D09S KC2011 04 17.85943 08 14 53.24 +51 49 49.9          17.9 Ru~0V9o160
     K11D09S KC2011 04 17.86337 08 14 50.69 +51 50 06.9          17.9 Ru~0V9o160
     K11D09S KC2011 04 17.86658 08 14 48.55 +51 50 19.6          18.2 Ru~0V9o160
     K11D09S KC2011 04 18.82734 08 04 00.21 +52 59 17.6          18.8 Ru~0V9o160
     K11D09S KC2011 04 18.82929 08 03 58.76 +52 59 26.0          18.3 Ru~0V9o160
     K11D09S KC2011 04 18.83151 08 03 57.10 +52 59 35.3          18.1 Ru~0V9o160
     K11D09S KC2011 04 19.84009 07 51 06.20 +54 12 09.1          18.4 Ru~0V9o160
     K11D09S KC2011 04 19.84214 07 51 04.46 +54 12 17.9          18.6 Ru~0V9o160
     K11D09S KC2011 04 19.84421 07 51 02.71 +54 12 25.5          18.1 Ru~0V9o160
     K11D09S |C2011 06 09.40123 00 08 08.41 +01 02 33.8                o~0WRd807
     K11D09S |C2011 06 09.40949 00 08 08.35 +01 02 23.9                o~0WRd807
     K11D09S |C2011 06 09.41767 00 08 08.34 +01 02 14.2                o~0WRd807
     K11D09S  C2011 06 11.56973 00 08 24.033+00 21 42.83         20.5 wL~0WRdF51
     K11D09S  C2011 06 11.57525 00 08 24.044+00 21 36.97         20.6 wL~0WRdF51
     K11D09S  C2011 06 11.58079 00 08 24.033+00 21 31.01         20.5 wL~0WRdF51
     K11D09S  C2011 06 11.58629 00 08 24.033+00 21 25.16         20.5 wL~0WRdF51
     K11D09S ]C2011 07 01.43063 00 08 43.44 -04 13 04.1          20.8 Vo~0WjJ695
     K11D09S ]C2011 07 01.43579 00 08 43.34 -04 13 07.8          20.7 Vo~0WjJ695
     K11D09S ]C2011 07 01.44009 00 08 43.23 -04 13 11.3          20.6 Vo~0WjJ695
     K11D09S KC2011 07 11.35740600 03 58.28 -06 20 32.9          20.5 Vo~0X2JH21
     K11D09S KC2011 07 11.36382400 03 57.98 -06 20 38.6          20.0 Vo~0X2JH21
     K11D09S KC2011 07 11.37014500 03 57.65 -06 20 43.3          20.2 Vo~0X2JH21
     K11D09S |C2011 07 25.26547 23 49 26.32 -09 36 41.9                o~0X75807
     K11D09S |C2011 07 25.28547 23 49 24.53 -09 36 59.4          20.9 Vo~0X75807
