     K11K17N* C2011 05 30.27802 15 26 55.05 -19 56 41.3          17.6  c~0WJR704
     K11K17N  C2011 05 30.28931 15 27 03.46 -19 55 55.5          17.8  c~0WJR704
     K11K17N  C2011 05 30.30012 15 27 11.52 -19 55 11.5          17.9  c~0WJR704
     K11K17N  C2011 05 30.31102 15 27 19.59 -19 54 27.4          18.0  c~0WJR704
     K11K17N  C2011 05 30.32185 15 27 27.72 -19 53 43.5          18.4  c~0WJR704
     K11K17N KC2011 05 30.99408 15 35 25.23 -19 13 39.8                u~0WJRJ95
     K11K17N KC2011 05 30.99517 15 35 25.86 -19 13 35.9                u~0WJRJ95
     K11K17N KC2011 05 30.99624 15 35 26.54 -19 13 32.2          17.1 Ru~0WJRJ95
     K11K17N KC2011 05 31.14088415 37 00.03 -19 05 31.5          17.5 Vr~0WJRH21
     K11K17N KC2011 05 31.14381015 37 01.68 -19 05 22.5          17.5 Vr~0WJRH21
     K11K17N KC2011 05 31.14713515 37 03.56 -19 05 11.9          17.3 Vr~0WJRH21
     K11K17N KC2011 05 31.15048115 37 05.46 -19 05 01.6          17.6 Vr~0WJRH21
     K11K17N KC2011 05 31.15209915 37 06.37 -19 04 56.6          17.0 Vr~0WJRH21
     K11K17N |C2011 05 31.20040 15 37 35.62 -19 02 16.7          16.9 Rc~0WJRH06
     K11K17N |C2011 05 31.20210 15 37 36.52 -19 02 11.2          17.3 Rc~0WJRH06
     K11K17N |C2011 05 31.20551 15 37 38.46 -19 02 00.0          17.0 Rc~0WJRH06
     K11K17N  C2011 05 31.22124 15 37 47.21 -19 01 13.9          16.8 Ro~0WJRH01
     K11K17N  C2011 05 31.22947 15 37 51.71 -19 00 48.7          16.9 Ro~0WJRH01
     K11K17N  C2011 05 31.23669 15 37 55.65 -19 00 26.6          17.0 Ro~0WJRH01
     K11K17N  C2011 05 31.24798 15 38 01.78 -18 59 51.9          17.0 Ro~0WJRH01
     K11K17N  C2011 05 31.26716 15 38 12.60 -18 58 50.9          18.4 Rc~0WJR854
     K11K17N  C2011 05 31.27182 15 38 15.10 -18 58 36.5          18.4 Rc~0WJR854
     K11K17N  C2011 05 31.27648 15 38 17.66 -18 58 22.5          18.6 Rc~0WJR854
     K11K17N `C2011 05 31.62931 15 41 31.01 -18 39 03.3          16.9 Ru~0WJRD90
     K11K17N `C2011 05 31.63378 15 41 33.20 -18 38 50.7          16.9 Ru~0WJRD90
     K11K17N `C2011 05 31.63824 15 41 35.34 -18 38 37.9          17.4 Ru~0WJRD90
     K11K17N  C2011 05 31.85490 15 43 28.131-18 31 04.08         17.3 Rr~0WJRB18
     K11K17N  C2011 05 31.85631 15 43 28.791-18 30 59.97         17.6 Rr~0WJRB18
     K11K17N  C2011 05 31.85770 15 43 29.411-18 30 56.28         17.5 Rr~0WJRB18
     K11K17N  C2011 05 31.85911 15 43 30.052-18 30 52.49         17.4 Rr~0WJRB18
     K11K17N KC2011 05 31.91767 15 44 00.88 -18 28 18.3                v~0WJRI93
     K11K17N KC2011 05 31.92489 15 44 04.14 -18 27 59.7          17.2 Vv~0WJRI93
     K11K17N KC2011 05 31.93218 15 44 07.46 -18 27 40.9          17.4 Vv~0WJRI93
     K11K17N KC2011 05 31.99438 15 44 35.36 -18 25 05.4                u~0WJRJ95
     K11K17N KC2011 06 01.00080 15 44 38.23 -18 24 48.9          17.2 Ru~0WJRJ95
     K11K17N  C2011 06 01.23068 15 46 26.56 -18 14 59.3          18.6  c~0WJR704
     K11K17N  C2011 06 01.24180 15 46 31.03 -18 14 31.8          18.8  c~0WJR704
     K11K17N  C2011 06 01.25292 15 46 35.51 -18 14 04.1          18.6  c~0WJR704
     K11K17N KC2011 06 01.26121515 46 37.01 -18 13 49.9          18.5 Vo~0WJRH21
     K11K17N KC2011 06 01.26388115 46 38.10 -18 13 43.2          18.5 Vo~0WJRH21
     K11K17N  C2011 06 01.26403 15 46 39.98 -18 13 38.0          18.3  c~0WJR704
     K11K17N KC2011 06 01.26678815 46 39.29 -18 13 36.2          18.6 Vo~0WJRH21
     K11K17N KC2011 06 01.26921115 46 40.29 -18 13 30.2          18.4 Vo~0WJRH21
     K11K17N KC2011 06 01.27139115 46 41.19 -18 13 24.9          18.3 Vo~0WJRH21
     K11K17N KC2011 06 01.27358115 46 42.07 -18 13 19.6          18.3 Vo~0WJRH21
     K11K17N |C2011 06 02.24731 15 53 04.28 -17 36 36.9          18.3 Vo~0WJR807
     K11K17N |C2011 06 02.25422 15 53 06.48 -17 36 23.1          18.5 Vo~0WJR807
     K11K17N KC2011 06 02.26873415 53 12.85 -17 37 37.9          18.3 Vo~0WJRH21
     K11K17N KC2011 06 02.27208415 53 13.91 -17 37 31.5          18.6 Vo~0WJRH21
     K11K17N KC2011 06 02.27558415 53 15.00 -17 37 24.6          18.2 Vo~0WJRH21
     K11K17N KC2011 06 02.27908715 53 16.11 -17 37 17.6          18.7 Vo~0WJRH21
     K11K17N KC2011 06 02.28275815 53 17.26 -17 37 10.4          18.5 Vo~0WJRH21
     K11K17N KC2011 06 02.97762 15 57 02.33 -17 16 41.8                u~0WJRJ95
     K11K17N KC2011 06 02.98224 15 57 03.61 -17 16 34.1                u~0WJRJ95
     K11K17N KC2011 06 02.98691 15 57 04.89 -17 16 26.2          17.8 Ru~0WJRJ95
     K11K17N |C2011 06 03.10516 15 57 41.82 -17 11 31.3          19.1 Vo~0WS1807
     K11K17N |C2011 06 03.10870 15 57 42.73 -17 11 25.8          19.2 Vo~0WS1807
     K11K17N |C2011 06 03.11241 15 57 43.69 -17 11 20.0          19.0 Vo~0WS1807
     K11K17N |C2011 06 03.11608 15 57 44.63 -17 11 14.4          18.9 Vo~0WS1807
     K11K17N  C2011 06 03.24106 15 58 19.81 -17 09 20.9          18.5 Vo~0WJR291
     K11K17N  C2011 06 03.24493 15 58 20.78 -17 09 14.7          18.6 Vo~0WJR291
     K11K17N  C2011 06 03.24869 15 58 21.72 -17 09 09.0          18.6 Vo~0WJR291
     K11K17N |C2011 06 04.19062 16 02 21.36 -16 45 24.5          18.1 Vo~0WS1807
     K11K17N |C2011 06 04.19939 16 02 23.17 -16 45 12.8          19.0 Vo~0WS1807
     K11K17N |C2011 06 04.20803 16 02 24.93 -16 45 01.4          18.1 Vo~0WS1807
     K11K17N |C2011 06 04.21174 16 02 25.68 -16 44 56.4          18.6 Vo~0WS1807
     K11K17N |C2011 06 04.21498 16 02 26.34 -16 44 52.2          19.0 Vo~0WS1807
     K11K17N  C2011 06 06.38910 16 09 29.295-16 07 07.49         18.8 wL~0WS1F51
     K11K17N  C2011 06 06.40357 16 09 31.250-16 06 54.84         18.9 wL~0WS1F51
     K11K17N  C2011 06 06.41801 16 09 33.198-16 06 42.06         19.0 wL~0WS1F51
     K11K17N  C2011 06 06.43244 16 09 35.143-16 06 29.17         19.0 wL~0WS1F51
     K11K17N KC2011 06 07.22615516 11 35.96 -15 55 54.0          19.8 Vo~0WS1H21
     K11K17N KC2011 06 07.23072016 11 36.53 -15 55 50.3                o~0WS1H21
     K11K17N KC2011 06 07.23527116 11 37.10 -15 55 47.0          18.6 Vo~0WS1H21
     K11K17N KC2011 06 07.23978816 11 37.64 -15 55 43.3          19.8 Vo~0WS1H21
     K11K17N KC2011 06 08.25242916 13 52.64 -15 43 48.9          19.4 Vo~0WS1H21
     K11K17N KC2011 06 08.25496016 13 52.93 -15 43 47.4          19.6 Vo~0WS1H21
     K11K17N KC2011 06 08.25768316 13 53.21 -15 43 45.6          19.5 Vo~0WS1H21
     K11K17N KC2011 06 11.18248 16 19 04.23 -15 18 24.1          19.7 Ru~0WS1448
     K11K17N KC2011 06 11.20234 16 19 05.76 -15 18 16.3          20.2 Ru~0WS1448
     K11K17N KC2011 06 11.22465 16 19 07.36 -15 18 06.9          19.3 Ru~0WS1448
     K11K17N HC2011 06 11.34854 16 19 16.58 -15 17 15.9                o~0WS1291
     K11K17N HC2011 06 11.35233 16 19 16.88 -15 17 14.8                o~0WS1291
     K11K17N  C2011 06 11.35629 16 19 17.20 -15 17 12.5                o~0WS1291
     K11K17N |C2011 06 12.23216 16 20 31.74 -15 11 04.5          21.0 Vo~0WcE807
     K11K17N |C2011 06 12.23741 16 20 32.07 -15 11 02.3          21.3 Vo~0WcE807
     K11K17N |C2011 06 12.24265 16 20 32.43 -15 11 00.4          20.3 Vo~0WcE807
     K11K17N |C2011 06 12.24787 16 20 32.79 -15 10 58.2          20.8 Vo~0WcE807
     K11K17N KC2011 06 21.17313016 29 37.96 -14 46 03.1          21.3 Vo~0WcEH21
     K11K17N KC2011 06 21.18353116 29 38.36 -14 46 02.9          21.8 Vo~0WcEH21
     K11K17N KC2011 06 21.19224716 29 38.72 -14 46 02.6                o~0WcEH21
     K11K17N  C2011 06 21.27359 16 29 42.40 -14 45 55.8          21.6 Vo~0WcE291
     K11K17N  C2011 06 21.27916 16 29 42.63 -14 45 55.3          21.7 Vo~0WcE291
     K11K17N HC2011 06 21.28503 16 29 42.81 -14 45 55.2                o~0WcE291
     K11K17N tC2011 06 22.26675 16 30 29.77 -14 45 19.9                o~0WcF291
     K11K17N HC2011 06 22.27222 16 30 29.93 -14 45 19.3                o~0WcF291
     K11K17N HC2011 06 22.27775 16 30 30.14 -14 45 20.0                o~0WcF291
