     K11G03H* C2011 04 02.21718 12 21 29.19 +19 12 47.7          21.5 Vr~0UYPG96
     K11G03H  C2011 04 02.22460 12 21 28.40 +19 12 53.4          20.6 Vr~0UYPG96
     K11G03H  C2011 04 02.23197 12 21 27.57 +19 12 59.0          21.7 Vr~0UYPG96
     K11G03H  C2011 04 02.23942 12 21 26.78 +19 13 04.7          21.6 Vr~0UYPG96
     K11G03H  C2011 04 02.27065 12 21 23.46 +19 13 28.6          20.9 Ro~0UYPH01
     K11G03H  C2011 04 02.28070 12 21 22.39 +19 13 36.3          21.2 Ro~0UYPH01
     K11G03H  C2011 04 02.28597 12 21 21.85 +19 13 40.3          21.1 Ro~0UYPH01
     K11G03H  C2011 04 02.34332 12 21 15.79 +19 14 24.3          21.7 Vo~0UYP291
     K11G03H  C2011 04 02.34728 12 21 15.34 +19 14 27.6          21.7 Vo~0UYP291
     K11G03H  C2011 04 02.35134 12 21 14.92 +19 14 30.3          21.8 Vo~0UYP291
     K11G03H KC2011 04 04.05638 12 18 16.73 +19 35 50.4                u~0UYPJ95
     K11G03H HC2011 04 04.06493 12 18 15.82 +19 35 56.0                u~0UYPJ95
     K11G03H KC2011 04 04.08286 12 18 13.90 +19 36 09.2          20.8 Ru~0UYPJ95
     K11G03H  C2011 04 05.39519 12 15 55.15 +19 52 04.7          21.9 Vo~0UYP291
     K11G03H  C2011 04 05.39909 12 15 54.75 +19 52 07.5          21.7 Vo~0UYP291
     K11G03H  C2011 04 05.40303 12 15 54.31 +19 52 09.9          21.8 Vo~0UYP291
     K11G03H KC2011 04 09.16076812 09 12.63 +20 34 50.1          22.1 Vo~0VFtH21
     K11G03H KC2011 04 09.17713812 09 10.87 +20 34 59.3          22.0 Vo~0VFtH21
     K11G03H HC2011 04 11.32294 12 05 20.74 +20 57 15.2                o~0UvL291
     K11G03H HC2011 04 11.32732 12 05 20.26 +20 57 18.8                o~0UvL291
     K11G03H HC2011 04 11.33229 12 05 19.71 +20 57 21.9                o~0UvL291
     K11G03H  C2011 04 28.31486 11 36 52.65 +22 49 23.3          21.2 Vo~0VFt291
     K11G03H  C2011 04 28.31881 11 36 52.25 +22 49 24.5          21.3 Vo~0VFt291
     K11G03H  C2011 04 28.32275 11 36 51.97 +22 49 24.9          21.2 Vo~0VFt291
     K11G03H  C2011 05 22.24824 11 12 39.43 +22 14 17.9          21.6 Vo~0W5W291
     K11G03H  C2011 05 22.25395 11 12 39.23 +22 14 15.6          21.7 Vo~0W5W291
     K11G03H  C2011 05 22.25956 11 12 39.02 +22 14 13.4                o~0W5W291
     K11G03H  C2011 06 21.19637 11 14 53.76 +17 48 39.7          21.5 Vo~0Wc7291
     K11G03H  C2011 06 21.20028 11 14 53.92 +17 48 36.7          21.3 Vo~0Wc7291
     K11G03H  C2011 06 21.20414 11 14 54.06 +17 48 33.6          21.8 Vo~0Wc7291
     K11G03H KC2011 10 07.39975308 47 51.28 +00 11 56.4          20.0 Vt~0Z9SH21
     K11G03H KC2011 10 07.41265708 47 49.47 +00 12 08.5          20.1 Vt~0Z9SH21
     K11G03H KC2011 10 07.41742408 47 48.83 +00 12 13.1          20.0 Vt~0Z9SH21
     K11G03H KC2011 10 07.42189808 47 48.19 +00 12 17.3          20.0 Vt~0Z9SH21
     K11G03H KC2011 10 08.40153308 45 37.78 +00 27 15.6          20.2 Vt~0Z9SH21
     K11G03H KC2011 10 08.41123008 45 36.45 +00 27 24.9          19.9 Vt~0Z9SH21
     K11G03H KC2011 10 08.42069008 45 35.21 +00 27 33.5          20.2 Vt~0Z9SH21
     K11G03H KC2011 11 07.95142 07 46 34.35 +07 10 38.7          18.5 Rv~0aRlC32
     K11G03H KC2011 11 07.95639 07 46 33.63 +07 10 42.5          18.5 Rv~0aRlC32
     K11G03H KC2011 11 07.96148 07 46 32.90 +07 10 47.1          18.6 Rv~0aRlC32
     K11G03H KC2011 11 11.15559 07 38 47.63 +07 55 03.4          19.3 Rt~0air204
     K11G03H KC2011 11 11.17145 07 38 45.18 +07 55 16.8                t~0air204
     K11G03H  C2011 11 22.38576 07 07 46.42 +10 38 21.8          18.9  c~0air704
     K11G03H  C2011 11 22.39852 07 07 44.00 +10 38 33.1          19.4  c~0air704
     K11G03H  C2011 11 22.42432 07 07 39.30 +10 38 55.7          19.6  c~0air704
     K11G03H  C2011 11 22.43717 07 07 36.91 +10 39 05.2          20.1  c~0air704
     K11G03H |C2011 12 05.33557 06 27 50.33 +13 44 54.6          19.6 Vo~0bQR807
     K11G03H |C2011 12 05.33902 06 27 49.66 +13 44 57.0          19.4 Vo~0bQR807
     K11G03H |C2011 12 05.34248 06 27 49.03 +13 45 00.2          19.7 Vo~0bQR807
     K11G03H |C2011 12 05.34593 06 27 48.37 +13 45 03.0          19.4 Vo~0bQR807
     K11G03H |C2011 12 05.34936 06 27 47.72 +13 45 05.9          19.2 Vo~0bQR807
     K11G03H |C2011 12 05.35276 06 27 47.09 +13 45 08.5          19.6 Vo~0bQR807
     K11G03H |C2011 12 05.35617 06 27 46.45 +13 45 11.3          19.7 Vo~0bQR807
     K11G03H |C2011 12 05.35959 06 27 45.81 +13 45 14.1          19.6 Vo~0bQR807
     K11G03H |C2011 12 06.34836 06 24 44.58 +13 58 29.1          19.4 Vo~0bQR807
     K11G03H |C2011 12 06.35181 06 24 43.93 +13 58 31.8          19.4 Vo~0bQR807
     K11G03H |C2011 12 06.35526 06 24 43.30 +13 58 34.5          19.4 Vo~0bQR807
     K11G03H |C2011 12 06.35869 06 24 42.65 +13 58 37.2          19.5 Vo~0bQR807
     K11G03H |C2011 12 08.19659 06 19 10.45 +14 22 42.2          19.3 Vo~0bQR807
     K11G03H |C2011 12 08.20083 06 19 09.65 +14 22 45.6          19.7 Vo~0bQR807
     K11G03H |C2011 12 08.20517 06 19 08.86 +14 22 48.8          19.4 Vo~0bQR807
     K11G03H |C2011 12 08.20971 06 19 08.01 +14 22 52.7          19.4 Vo~0bQR807
     K11G03H  C2012 01 03.19708 05 19 13.87 +18 36 48.0          20.5 Vr~0bz0G96
     K11G03H  C2012 01 03.21091 05 19 12.61 +18 36 54.0          20.4 Vr~0bz0G96
     K11G03H  C2012 01 03.21785 05 19 11.96 +18 36 56.9          20.8 Vr~0bz0G96
     K11G03H KC2015 02 22.67078 16 29 44.25 -07 30 14.4          21.6 Rt~1M7H474
     K11G03H KC2015 02 22.67429 16 29 44.91 -07 30 14.8          20.8 Rt~1M7H474
     K11G03H KC2015 02 22.67781 16 29 45.74 -07 30 15.1          20.8 Rt~1M7H474
