     K11U63S* C2011 10 21.25465 23 44 07.87 +36 32 53.5          19.9 Vr~0ZWs703
     K11U63S  C2011 10 21.26260 23 44 06.75 +36 32 47.1          19.1 Vr~0ZWs703
     K11U63S  C2011 10 21.27050 23 44 05.60 +36 32 38.6          19.3 Vr~0ZWs703
     K11U63S  C2011 10 21.27861 23 44 04.48 +36 32 29.8          19.0 Vr~0ZWs703
     K11U63S HC2011 10 21.32804 23 43 57.79 +36 31 38.2                o~0ZWs291
     K11U63S HC2011 10 21.32973 23 43 57.55 +36 31 36.6                o~0ZWs291
     K11U63S HC2011 10 21.33140 23 43 57.35 +36 31 34.6                o~0ZWs291
     K11U63S KC2011 10 21.77039 23 43 00.10 +36 23 56.8          19.6 Vu~0ZWsA74
     K11U63S KC2011 10 21.78641 23 42 57.97 +36 23 39.6          19.4 Vu~0ZWsA74
     K11U63S KC2011 10 21.80313 23 42 55.69 +36 23 22.3          19.3 Vu~0ZWsA74
     K11U63S KC2011 10 21.80832 23 42 54.97 +36 23 17.3          19.4 Vu~0ZWsB86
     K11U63S KC2011 10 21.82426 23 42 52.81 +36 23 01.3          19.3 Vu~0ZWsB86
     K11U63S KC2011 10 21.82954 23 42 52.04 +36 22 55.8          19.9 Vu~0ZWs595
     K11U63S KC2011 10 21.83000423 42 51.97 +36 22 54.1          19.1 Vu~0ZWs510
     K11U63S KC2011 10 21.83223 23 42 51.71 +36 22 52.5          19.2 Vu~0ZWsB86
     K11U63S KC2011 10 21.84480923 42 50.05 +36 22 40.0          18.8 Vu~0ZWs510
     K11U63S KC2011 10 21.85872 23 42 48.09 +36 22 25.2          19.6 Vu~0ZWs595
     K11U63S KC2011 10 21.85961323 42 48.04 +36 22 23.9          19.3 Vu~0ZWs510
     K11U63S KC2011 10 21.87441723 42 46.01 +36 22 08.3          19.8 Vu~0ZWs510
     K11U63S KC2011 10 21.88698 23 42 44.30 +36 21 55.8          19.4 Rt~0ZWs204
     K11U63S KC2011 10 21.89659 23 42 43.01 +36 21 45.3                t~0ZWs204
     K11U63S KC2011 10 21.90620 23 42 41.69 +36 21 35.4                t~0ZWs204
     K11U63S KC2011 10 21.95508 23 42 35.17 +36 20 43.9          19.6 Vu~0ZWsI93
     K11U63S KC2011 10 21.96639 23 42 33.66 +36 20 32.2          19.6 Vu~0ZWsI93
     K11U63S KC2011 10 21.97346 23 42 32.63 +36 20 24.1          19.7 Vu~0ZWsI93
     K11U63S KC2011 10 22.01592 23 42 27.80 +36 19 39.4          19.9 Vo~0ZWsH21
     K11U63S KC2011 10 22.02056 23 42 27.16 +36 19 34.5          20.0 Vo~0ZWsH21
     K11U63S KC2011 10 22.02480 23 42 26.60 +36 19 30.0          20.0 Vo~0ZWsH21
     K11U63S  C2011 10 22.16756 23 42 07.45 +36 17 00.5          19.4 Ro~0ZWsH01
     K11U63S  C2011 10 22.17390 23 42 06.58 +36 16 53.8          19.4 Ro~0ZWsH01
     K11U63S  C2011 10 22.18117 23 42 05.59 +36 16 46.1          19.4 Ro~0ZWsH01
     K11U63S  C2011 10 22.18892 23 42 04.54 +36 16 37.9          19.4 Ro~0ZWsH01
     K11U63S  C2011 10 22.80647 23 40 43.34 +36 05 23.7          19.3 Ru~0ZWs118
     K11U63S  C2011 10 22.80874 23 40 43.02 +36 05 21.1          19.3 Ru~0ZWs118
     K11U63S  C2011 10 22.81237 23 40 42.55 +36 05 17.4          19.3 Ru~0ZWs118
     K11U63S KC2011 10 22.92017 23 40 28.08 +36 03 19.4          19.3 Ru~0ZWs104
     K11U63S KC2011 10 22.92384 23 40 27.60 +36 03 14.9          19.6 Ru~0ZWs104
     K11U63S KC2011 10 22.92751 23 40 27.10 +36 03 11.4          19.2 Ru~0ZWs104
     K11U63S  C2011 10 23.06760 23 40 09.44 +36 00 36.3          19.0 Ro~0ZWsH01
     K11U63S  C2011 10 23.07463 23 40 08.49 +36 00 28.5          19.3 Ro~0ZWsH01
     K11U63S  C2011 10 23.08288 23 40 07.38 +36 00 19.5          19.2 Ro~0ZWsH01
     K11U63S  C2011 10 23.08924 23 40 06.52 +36 00 12.5          19.2 Ro~0ZWsH01
     K11U63S KC2011 10 23.18840 23 39 53.25 +35 58 21.2          18.9 Rr~0ZWs682
     K11U63S KC2011 10 23.22666 23 39 48.09 +35 57 39.3          19.4 Rr~0ZWs682
     K11U63S HC2011 10 23.34254 23 39 32.34 +35 55 28.1                o~0ZWs291
     K11U63S HC2011 10 23.34457 23 39 32.07 +35 55 25.9                o~0ZWs291
     K11U63S HC2011 10 23.34659 23 39 31.81 +35 55 23.4                o~0ZWs291
     K11U63S KC2011 10 25.02182023 35 55.14 +35 22 37.8          19.7 Vo~0ZWsH21
     K11U63S KC2011 10 25.02539223 35 54.68 +35 22 33.6          20.1 Vo~0ZWsH21
     K11U63S KC2011 10 25.02917723 35 54.14 +35 22 29.1          20.2 Vo~0ZWsH21
     K11U63S KC2011 10 25.03379923 35 53.54 +35 22 23.5          20.1 Vo~0ZWsH21
     K11U63S HC2011 10 26.11649 23 33 34.75 +34 59 59.1                o~0ZWs291
     K11U63S HC2011 10 26.11850 23 33 34.50 +34 59 56.6                o~0ZWs291
     K11U63S HC2011 10 26.12051 23 33 34.22 +34 59 54.1                o~0ZWs291
     K11U63S KC2011 10 26.16588 23 33 28.37 +34 58 56.1          18.8 Ro~0ZWsG56
     K11U63S KC2011 10 26.17594 23 33 27.01 +34 58 42.8          19.0 Ro~0ZWsG56
     K11U63S KC2011 10 26.18796 23 33 25.47 +34 58 27.0          18.7 Ro~0ZWsG56
     K11U63S KC2011 10 26.20242 23 33 23.57 +34 58 09.3          18.7 Ro~0ZWsG56
     K11U63S HC2011 10 28.23216 23 29 08.53 +34 13 20.9                o~0ZWs291
     K11U63S HC2011 10 28.23414 23 29 08.29 +34 13 18.2                o~0ZWs291
     K11U63S HC2011 10 28.23611 23 29 08.04 +34 13 15.6                o~0ZWs291
     K11U63S KC2011 10 29.81214 23 25 56.05 +33 36 08.4          19.1 Ru~0a0r157
     K11U63S KC2011 10 29.81751 23 25 55.44 +33 36 00.6          19.2 Ru~0a0r157
     K11U63S KC2011 10 29.82291 23 25 54.74 +33 35 52.8          19.7 Ru~0a0r157
     K11U63S HC2011 10 30.08466 23 25 23.71 +33 29 33.6                o~0a0r291
     K11U63S HC2011 10 30.08687 23 25 23.42 +33 29 30.2                o~0a0r291
     K11U63S HC2011 10 30.08912 23 25 23.15 +33 29 27.0                o~0a0r291
     K11U63S KC2011 11 01.04390423 21 33.59 +32 40 23.7          19.6 Vo~0a0rH21
     K11U63S KC2011 11 01.05085323 21 32.73 +32 40 12.9          19.7 Vo~0a0rH21
     K11U63S KC2011 11 01.05394023 21 32.36 +32 40 08.3          19.8 Vo~0a0rH21
     K11U63S  C2011 11 01.18541 23 21 16.92 +32 36 45.5          19.9 Vr~0a0r703
     K11U63S  C2011 11 01.19048 23 21 16.30 +32 36 38.1          19.4 Vr~0a0r703
     K11U63S  C2011 11 01.19556 23 21 15.69 +32 36 30.2          19.7 Vr~0a0r703
     K11U63S  C2011 11 01.20060 23 21 15.08 +32 36 22.7          19.2 Vr~0a0r703
     K11U63S KC2011 11 02.04018 23 19 40.33 +32 14 19.8          20.0 Vo~0a0rH21
     K11U63S KC2011 11 02.04424 23 19 39.85 +32 14 13.9          20.1 Vo~0a0rH21
     K11U63S KC2011 11 02.04766 23 19 39.44 +32 14 08.4          19.7 Vo~0a0rH21
     K11U63S KC2011 11 02.05065 23 19 39.12 +32 14 03.3          19.9 Vo~0a0rH21
     K11U63S KC2011 11 02.05612 23 19 38.50 +32 13 55.1          20.2 Vo~0a0rH21
     K11U63S KC2011 11 02.06014 23 19 38.05 +32 13 48.8          19.6 Vo~0a0rH21
     K11U63S KC2011 11 02.11350 23 19 32.04 +32 12 25.4          18.7 Ru~0a0r448
     K11U63S KC2011 11 02.12250 23 19 30.94 +32 12 10.5          19.3 Ru~0a0r448
     K11U63S KC2011 11 02.14498 23 19 28.34 +32 11 34.8          19.3 Ru~0a0r448
     K11U63S HC2011 11 02.25784 23 19 15.28 +32 08 34.3                o~0a0r291
     K11U63S HC2011 11 02.25981 23 19 15.05 +32 08 31.1                o~0a0r291
     K11U63S HC2011 11 02.26178 23 19 14.84 +32 08 28.0                o~0a0r291
     K11U63S  C2011 11 02.91112 23 18 02.95 +31 50 57.8                o~0a0r046
     K11U63S  C2011 11 02.91503 23 18 02.45 +31 50 50.3                o~0a0r046
     K11U63S  C2011 11 02.91630 23 18 02.36 +31 50 49.0                o~0a0r046
     K11U63S  C2011 11 02.91897 23 18 02.02 +31 50 44.0                o~0a0r046
     K11U63S  C2011 11 03.09177 23 17 43.79 +31 46 06.5          20.0 Ro~0a0rG48
     K11U63S  C2011 11 03.09429 23 17 43.49 +31 46 02.4          20.2 Ro~0a0rG48
     K11U63S  C2011 11 03.09690 23 17 43.21 +31 45 58.1          20.4 Ro~0a0rG48
     K11U63S  C2011 11 03.09946 23 17 42.94 +31 45 54.2          19.3 Ro~0a0rG48
     K11U63S  C2011 11 03.10205 23 17 42.62 +31 45 49.7          19.5 Ro~0a0rG48
     K11U63S KC2011 11 04.99826 23 14 20.62 +30 52 58.6          19.6 Vo~0a0rH21
     K11U63S KC2011 11 05.00366 23 14 20.04 +30 52 49.7          19.7 Vo~0a0rH21
     K11U63S KC2011 11 05.00932 23 14 19.44 +30 52 39.9          19.8 Vo~0a0rH21
     K11U63S KC2011 11 05.01549 23 14 18.76 +30 52 29.8          20.0 Vo~0a0rH21
     K11U63S KC2011 11 06.04193523 12 33.83 +30 22 57.5          19.5 Vo~0a0rH21
     K11U63S KC2011 11 06.04621223 12 33.40 +30 22 49.9          19.7 Vo~0a0rH21
     K11U63S KC2011 11 06.05095223 12 32.90 +30 22 41.5          18.5 Vo~0a0rH21
     K11U63S KC2011 11 06.05584023 12 32.38 +30 22 33.1          18.9 Vo~0a0rH21
     K11U63S KC2011 11 09.90475 23 06 29.59 +28 26 22.6          19.0 Rt~0aSY204
     K11U63S KC2011 11 09.92063 23 06 28.12 +28 25 52.7                t~0aSY204
     K11U63S KC2011 11 10.09405723 06 13.35 +28 20 30.1          19.5 Vo~0aSYH21
     K11U63S KC2011 11 10.09889623 06 12.94 +28 20 20.9          19.6 Vo~0aSYH21
     K11U63S KC2011 11 10.10147623 06 12.73 +28 20 15.8          19.6 Vo~0aSYH21
     K11U63S KC2011 11 11.06466823 04 50.74 +27 49 55.1          19.2 Vo~0aSYH21
     K11U63S KC2011 11 11.06771723 04 50.48 +27 49 49.4          19.2 Vo~0aSYH21
     K11U63S KC2011 11 11.07080023 04 50.19 +27 49 43.5          19.6 Vo~0aSYH21
     K11U63S KC2011 11 11.07372423 04 49.93 +27 49 37.9          19.1 Vo~0aSYH21
     K11U63S KC2011 11 11.07659223 04 49.68 +27 49 32.7          19.6 Vo~0aSYH21
     K11U63S  C2011 11 13.69307 23 01 23.80 +26 24 58.5          19.6 Ru~0aSY118
     K11U63S  C2011 11 13.70461 23 01 22.93 +26 24 36.1          19.4 Ru~0aSY118
     K11U63S  C2011 11 13.71038 23 01 22.47 +26 24 25.0          19.2 Ru~0aSY118
     K11U63S KC2011 11 13.71859 23 01 21.57 +26 24 10.2          18.8 Rr~0aSYB18
     K11U63S  C2011 11 13.71903 23 01 21.83 +26 24 07.2          19.6 Ru~0aSY118
     K11U63S KC2011 11 13.72070 23 01 21.44 +26 24 06.2          19.0 Rr~0aSYB18
     K11U63S KC2011 11 13.72688 23 01 20.93 +26 23 53.9          19.0 Rr~0aSYB18
     K11U63S KC2011 11 13.73538 23 01 20.68 +26 23 35.5          18.8 Rr~0aSYA17
     K11U63S KC2011 11 13.74711 23 01 19.76 +26 23 12.2          19.0 Rr~0aSYA17
     K11U63S KC2011 11 13.75883 23 01 18.86 +26 22 49.6          19.0 Rr~0aSYA17
     K11U63S KC2011 11 17.18429 22 57 27.23 +24 28 12.8          18.8 Ru~0aSY448
     K11U63S KC2011 11 17.19709 22 57 26.36 +24 27 46.5          18.7 Ru~0aSY448
     K11U63S KC2011 11 17.20955 22 57 25.59 +24 27 20.6          19.0 Ru~0aSY448
     K11U63S KC2011 11 18.05512 22 56 35.80 +23 58 27.3          19.9 Vo~0ajuH21
     K11U63S KC2011 11 18.05789 22 56 35.61 +23 58 21.8          19.4 Vo~0ajuH21
     K11U63S KC2011 11 18.06052 22 56 35.47 +23 58 16.2          19.5 Vo~0ajuH21
     K11U63S KC2011 11 18.06401 22 56 35.23 +23 58 09.0          19.6 Vo~0ajuH21
     K11U63S KC2011 11 21.80014 22 53 25.61 +21 48 17.9          18.8 Rt~0aju130
     K11U63S KC2011 11 21.80617 22 53 25.34 +21 48 04.4          19.0 Rt~0aju130
     K11U63S KC2011 11 26.05214 22 50 53.31 +19 17 14.8                u~0b4RI15
     K11U63S KC2011 11 26.05870 22 50 53.12 +19 17 00.6                u~0b4RI15
     K11U63S KC2011 11 26.06534 22 50 52.89 +19 16 46.6                u~0b4RI15
     K11U63S  C2011 11 29.07620 22 49 45.66 +17 28 22.3          18.9 Vr~0b4RG96
     K11U63S  C2011 11 29.08141 22 49 45.55 +17 28 10.7          19.1 Vr~0b4RG96
     K11U63S  C2011 11 29.08656 22 49 45.40 +17 27 59.7          19.1 Vr~0b4RG96
     K11U63S  C2011 11 29.09170 22 49 45.33 +17 27 48.4          19.1 Vr~0b4RG96
     K11U63S |C2011 12 07.02350 22 49 13.61 +12 37 53.1          19.2 Vo~0bQr807
     K11U63S |C2011 12 07.02787 22 49 13.61 +12 37 43.5          19.1 Vo~0bQr807
     K11U63S |C2011 12 07.03223 22 49 13.66 +12 37 33.3          19.4 Vo~0bQr807
     K11U63S |C2011 12 07.03658 22 49 13.65 +12 37 23.8          19.5 Vo~0bQr807
     K11U63S KC2011 12 07.08665 22 49 14.40 +12 35 19.8          19.4 Ru~0bQr448
     K11U63S KC2011 12 07.09819 22 49 14.39 +12 34 53.0          18.8 Ru~0bQr448
     K11U63S KC2011 12 07.11176 22 49 14.37 +12 34 22.7          17.7 Ru~0bQr448
     K11U63S KC2011 12 08.01734 22 49 23.57 +12 00 45.5          19.2 Vo~0bQrH21
     K11U63S KC2011 12 08.02305 22 49 23.61 +12 00 32.8          19.4 Vo~0bQrH21
     K11U63S KC2011 12 08.02702 22 49 23.63 +12 00 23.8          19.4 Vo~0bQrH21
     K11U63S KC2011 12 08.03195 22 49 23.66 +12 00 13.2          19.4 Vo~0bQrH21
     K11U63S KC2011 12 11.07642 22 50 10.23 +10 06 17.7          19.9 Vo~0bQrH21
     K11U63S KC2011 12 11.08115 22 50 10.28 +10 06 07.6          19.3 Vo~0bQrH21
     K11U63S KC2011 12 11.08588 22 50 10.34 +10 05 56.9          19.9 Vo~0bQrH21
     K11U63S KC2011 12 12.02696422 50 29.92 +09 30 23.3          19.1 Vo~0bQrH21
     K11U63S KC2011 12 12.02961222 50 29.97 +09 30 17.3          19.3 Vo~0bQrH21
     K11U63S KC2011 12 12.03702322 50 30.09 +09 30 00.9          19.6 Vo~0bQrH21
     K11U63S KC2011 12 16.98906 22 52 45.34 +06 19 04.7          20.4 Vo~0bWeH21
     K11U63S KC2011 12 16.99334 22 52 45.47 +06 18 55.0          19.6 Vo~0bWeH21
     K11U63S KC2011 12 17.00170 22 52 45.72 +06 18 35.5          19.6 Vo~0bWeH21
     K11U63S KC2011 12 17.00749 22 52 45.88 +06 18 21.9          19.6 Vo~0bWeH21
     K11U63S  C2011 12 25.09648 22 57 57.38 +00 44 34.7          19.2 Vr~0beWG96
     K11U63S  C2011 12 25.10226 22 57 57.63 +00 44 19.1          19.0 Vr~0beWG96
     K11U63S  C2011 12 25.10804 22 57 57.85 +00 44 04.3          19.1 Vr~0beWG96
     K11U63S  C2011 12 25.11382 22 57 58.06 +00 43 49.4          19.1 Vr~0beWG96
     K11U63S KC2012 01 01.00085 23 02 54.84 -04 38 31.3          18.7 Vo~0bz3H21
     K11U63S KC2012 01 01.00399 23 02 54.95 -04 38 41.0          19.1 Vo~0bz3H21
     K11U63S KC2012 01 01.00702 23 02 55.09 -04 38 50.1          19.4 Vo~0bz3H21
     K11U63S KC2012 01 04.00675723 04 50.65 -07 16 03.7          20.3 Vo~0bz3H21
     K11U63S KC2012 01 04.00942923 04 50.71 -07 16 12.3          19.9 Vo~0bz3H21
     K11U63S KC2012 01 04.01207623 04 50.80 -07 16 21.0          19.5 Vo~0bz3H21
     K11U63S KC2012 01 04.01472123 04 50.90 -07 16 29.7          19.6 Vo~0bz3H21
     K11U63S KC2012 01 04.01771923 04 50.97 -07 16 39.6          19.4 Vo~0bz3H21
     K11U63S QC2012 02 29.77030 19 46 01.74 -49 52 21.1          19.3 Vr~0e8gE12
     K11U63S QC2012 02 29.77539 19 46 00.94 -49 52 16.0          19.0 Vr~0e8gE12
     K11U63S |C2012 03 10.32671 19 28 17.85 -46 47 46.8          19.2 Vo~0edC807
     K11U63S |C2012 03 10.33357 19 28 17.27 -46 47 39.1          19.3 Vo~0edC807
     K11U63S |C2012 03 10.34308 19 28 16.45 -46 47 28.8          19.4 Vo~0edC807
     K11U63S |C2012 03 10.35065 19 28 15.83 -46 47 20.4          19.8 Vo~0edC807
     K11U63S |C2012 03 19.39591 19 17 44.82 -43 58 02.3          19.1 Vo~0evM807
     K11U63S |C2012 03 19.39994 19 17 44.51 -43 57 58.2          19.2 Vo~0evM807
     K11U63S |C2012 03 19.40397 19 17 44.25 -43 57 53.9          19.5 Vo~0evM807
     K11U63S |C2012 03 19.40799 19 17 44.00 -43 57 49.5          19.7 Vo~0evM807
     K11U63S |C2012 03 30.40161 19 05 25.62 -40 50 09.1          19.6 Vo~0fFT807
     K11U63S |C2012 03 30.40760 19 05 25.13 -40 50 03.4          19.7 Vo~0fFT807
     K11U63S |C2012 03 30.41360 19 05 24.65 -40 49 57.5          19.6 Vo~0fFT807
     K11U63S |C2012 03 30.41878 19 05 24.24 -40 49 52.5          20.0 Vo~0fFT807
     K11U63S |C2012 04 08.22197 18 52 49.76 -38 28 41.3          19.4 Vo~0frD807
     K11U63S |C2012 04 08.23445 18 52 48.56 -38 28 29.9          19.6 Vo~0frD807
     K11U63S |C2012 04 08.24696 18 52 47.32 -38 28 18.3          19.6 Vo~0frD807
     K11U63S |C2012 04 17.41871 18 35 40.50 -36 01 26.4          20.0 Vo~0frD807
     K11U63S |C2012 04 17.42491 18 35 39.69 -36 01 20.2          20.1 Vo~0frD807
     K11U63S |C2012 04 18.36659 18 33 39.67 -35 45 53.7          19.4 Vo~0frD807
     K11U63S |C2012 04 18.37587 18 33 38.44 -35 45 44.1          20.0 Vo~0frD807
     K11U63S |C2012 04 18.38543 18 33 37.12 -35 45 35.1          20.3 Vo~0frD807
     K11U63S |C2012 04 18.39265 18 33 36.13 -35 45 27.9          20.6 Vo~0frD807
     K11U63S |C2012 05 16.42312 17 20 20.57 -27 01 54.4          20.4 Vo~0gf1807
     K11U63S |C2012 05 16.42970 17 20 19.52 -27 01 46.4          20.3 Vo~0gf1807
     K11U63S KC2012 05 28.35675 16 50 37.95 -23 08 25.8          20.3 Ru~0hBr448
     K11U63S KC2012 05 28.36949 16 50 36.26 -23 08 10.9          18.5 Ru~0hBr448
     K11U63S KC2012 05 28.38014 16 50 34.81 -23 07 59.2          19.5 Ru~0hBr448
     K11U63S KC2012 05 31.27386816 44 21.42 -22 15 44.7          20.3 Vt~0hBrH21
     K11U63S KC2012 05 31.28105016 44 20.54 -22 15 37.2                t~0hBrH21
     K11U63S IC2012 05 31.28819116 44 19.60 -22 15 30.0                t~0hBrH21
     K11U63S  C2012 06 09.27946 16 27 55.29 -19 50 29.6          18.8 Vr~0hKEG96
     K11U63S  C2012 06 09.28802 16 27 54.39 -19 50 22.3          19.7 Vr~0hKEG96
     K11U63S  C2012 06 09.29662 16 27 53.49 -19 50 15.0          19.5 Vr~0hKEG96
     K11U63S  C2012 06 09.30528 16 27 52.70 -19 50 07.4          19.5 Vr~0hKEG96
     K11U63S  C2012 06 16.25548 16 18 16.38 -18 18 26.7          19.4 Vr~0hWwG96
     K11U63S  C2012 06 16.26178 16 18 15.94 -18 18 22.9          19.8 Vr~0hWwG96
     K11U63S  C2012 06 16.26816 16 18 15.44 -18 18 17.8          20.3 Vr~0hWwG96
     K11U63S  C2012 06 16.27451 16 18 14.97 -18 18 13.5          20.1 Vr~0hWwG96
     K11U63S  C2012 06 23.24593 16 11 10.53 -17 04 27.9          21.0 Vr~0hfcG96
     K11U63S  C2012 06 23.25229 16 11 10.17 -17 04 24.5          20.9 Vr~0hfcG96
     K11U63S  C2012 06 23.25868 16 11 09.85 -17 04 20.7          20.5 Vr~0hfcG96
     K11U63S  C2012 06 23.26504 16 11 09.52 -17 04 17.7          20.3 Vr~0hfcG96
