     K11B39F* C2011 01 28.21990 04 02 07.77 +26 12 17.8          20.0  c~0SGq704
     K11B39F  C2011 01 28.23285 04 02 31.02 +26 16 30.4          20.1  c~0SGq704
     K11B39F  C2011 01 28.24569 04 02 54.35 +26 20 39.3          19.8  c~0SGq704
     K11B39F  C2011 01 28.25858 04 03 17.69 +26 24 51.5          19.8  c~0SGq704
     K11B39F  C2011 01 29.15657 04 33 18.81 +31 15 42.5          19.5  c~0SGq704
     K11B39F  C2011 01 29.18744 04 34 21.72 +31 25 17.0          19.9  c~0SGq704
     K11B39F  C2011 01 29.20032 04 34 48.05 +31 29 13.1          19.8  c~0SGq704
     K11B39F  C2011 01 29.21321 04 35 14.44 +31 33 09.3          19.6  c~0SGq704
     K11B39F KC2011 01 30.06158 05 07 03.07 +35 41 04.1          19.3 Ru~0SGqH36
     K11B39F KC2011 01 30.06629 05 07 13.53 +35 42 23.1          19.1 Ru~0SGqH36
     K11B39F  C2011 01 30.06780 05 07 20.04 +35 42 55.9          18.7 Ro~0SGqH01
     K11B39F KC2011 01 30.07282 05 07 28.28 +35 44 10.0          19.4 Ru~0SGqH36
     K11B39F  C2011 01 30.07462 05 07 35.38 +35 44 48.9          19.6 Ro~0SGqH01
     K11B39F KC2011 01 30.07913 05 07 42.45 +35 45 52.6          19.4 Ru~0SGqH36
     K11B39F  C2011 01 30.08150 05 07 50.80 +35 46 42.5          19.2 Ro~0SGqH01
     K11B39F  C2011 01 30.09074 05 08 11.56 +35 49 14.7          18.6 Ro~0SGqH01
     K11B39F  C2011 01 30.14939 05 10 23.22 +36 05 07.4          19.5  c~0SGq704
     K11B39F  C2011 01 30.17530 05 11 21.47 +36 11 59.5          19.8  c~0SGq704
     K11B39F  C2011 01 30.18815 05 11 50.49 +36 15 21.2          19.7  c~0SGq704
     K11B39F  C2011 01 30.20104 05 12 19.52 +36 18 43.9          20.2  c~0SGq704
     K11B39F tC2011 02 01.89933 07 00 40.69 +44 00 18.0                o~0SGq046
     K11B39F tC2011 02 01.90051 07 00 43.32 +44 00 23.6                o~0SGq046
     K11B39F tC2011 02 01.90287 07 00 48.71 +44 00 35.3                o~0SGq046
     K11B39F tC2011 02 01.90584 07 00 55.18 +44 00 49.6                o~0SGq046
     K11B39F KC2011 02 02.04149 07 05 55.04 +44 10 43.6          19.1 Rv~0SXB204
     K11B39F KC2011 02 02.04912 07 06 11.89 +44 11 13.2                v~0SXB204
     K11B39F KC2011 02 02.05675 07 06 28.72 +44 11 42.2                v~0SXB204
     K11B39F KC2011 02 08.17693109 36 01.97 +42 23 34.4          20.2 Vo~0SzuH21
     K11B39F KC2011 02 08.18122509 36 05.26 +42 23 22.6          20.0 Vo~0SzuH21
     K11B39F KC2011 02 08.18580809 36 08.77 +42 23 10.0          20.1 Vo~0SzuH21
     K11B39F  C2011 02 08.38648 09 38 42.19 +42 13 45.2          20.3 Rc~0SXB926
     K11B39F  C2011 02 08.38848 09 38 43.65 +42 13 38.7          20.0 Rc~0SXB926
     K11B39F  C2011 02 08.39049 09 38 45.14 +42 13 32.6          20.1 Rc~0SXB926
     K11B39F KC2011 02 10.30207410 00 09.71 +40 42 54.1          20.5 Vo~0SXBH21
     K11B39F KC2011 02 10.30787010 00 12.73 +40 42 38.0          20.3 Vo~0SXBH21
     K11B39F KC2011 02 10.31490010 00 16.44 +40 42 18.1          20.4 Vo~0SXBH21
     K11B39F KC2011 03 01.27814811 05 15.94 +31 44 10.1          22.5 Vo~0TAvH21
     K11B39F KC2011 03 01.29683711 05 16.75 +31 43 49.6          22.5 Vo~0TAvH21
     K11B39F KC2011 03 01.31573911 05 17.61 +31 43 28.4          22.7 Vo~0TAvH21
