     K11L19J* C2011 06 09.22872 15 10 53.72 -21 35 37.7          20.6 Vr~0WSkG96
     K11L19J  C2011 06 09.23694 15 10 52.86 -21 35 34.2          20.8 Vr~0WSkG96
     K11L19J  C2011 06 09.24515 15 10 51.96 -21 35 30.8          20.4 Vr~0WSkG96
     K11L19J  C2011 06 09.25333 15 10 50.98 -21 35 26.9          21.0 Vr~0WSkG96
     K11L19J  C2011 06 09.26082 15 10 50.14 -21 35 23.3          21.2 Vr~0WSkG96
     K11L19J  C2011 06 09.26149 15 10 50.10 -21 35 22.9          20.9 Vr~0WSkG96
     K11L19J  C2011 06 09.26286 15 10 49.89 -21 35 21.8          22.1 Vr~0WSkG96
     K11L19J  C2011 06 10.21101 15 09 11.96 -21 28 03.5          19.9 Vr~0WSkG96
     K11L19J  C2011 06 10.22899 15 09 09.95 -21 27 54.7          21.1 Vr~0WSkG96
     K11L19J  C2011 06 10.23787 15 09 08.99 -21 27 50.7          20.5 Vr~0WSkG96
     K11L19J HC2011 06 10.26101 15 09 06.49 -21 27 39.3                o~0WSk291
     K11L19J HC2011 06 10.26586 15 09 05.81 -21 27 36.9                o~0WSk291
     K11L19J HC2011 06 10.27110 15 09 05.34 -21 27 34.6                o~0WSk291
     K11L19J |C2011 06 11.08719 15 07 41.78 -21 20 50.4          21.2 Vo~0WSk807
     K11L19J |C2011 06 11.09535 15 07 40.89 -21 20 47.1          21.5 Vo~0WSk807
     K11L19J |C2011 06 11.10166 15 07 40.17 -21 20 43.9          21.2 Vo~0WSk807
     K11L19J HC2011 06 11.18973 15 07 31.33 -21 20 22.2                o~0WSk291
     K11L19J HC2011 06 11.19408 15 07 30.80 -21 20 18.8                o~0WSk291
     K11L19J HC2011 06 11.19822 15 07 30.38 -21 20 18.1                o~0WSk291
     K11L19J  C2011 06 22.24689 14 50 02.09 -19 47 37.7          21.7 Vo~0WcU291
     K11L19J  C2011 06 22.25096 14 50 01.69 -19 47 35.5          21.8 Vo~0WcU291
     K11L19J HC2011 06 22.25917 14 50 01.00 -19 47 31.5                o~0WcU291
     K11L19J tC2011 06 23.21134 14 48 42.43 -19 39 22.0                o~0WcU291
     K11L19J tC2011 06 23.21517 14 48 42.10 -19 39 19.3          21.3 Vo~0WcU291
     K11L19J tC2011 06 23.21958 14 48 41.81 -19 39 18.5                o~0WcU291
     K11L19J tC2011 06 27.20949 14 43 38.18 -19 05 33.3          21.5 Vo~0WjW291
     K11L19J tC2011 06 27.21328 14 43 37.76 -19 05 30.9          21.1 Vo~0WjW291
     K11L19J tC2011 06 27.21747 14 43 37.47 -19 05 29.7          21.1 Vo~0WjW291
     K11L19J ]C2011 07 01.18616 14 39 23.60 -18 33 13.6          21.1 Vo~0WjW695
     K11L19J ]C2011 07 01.19144 14 39 23.26 -18 33 11.0          21.4 Vo~0WjW695
     K11L19J ]C2011 07 01.20157 14 39 22.56 -18 33 06.2          21.8 Vo~0WjW695
     K11L19J |C2011 07 05.19755 14 36 00.45 -18 02 36.9          20.3 Rc~0WrNH06
     K11L19J |C2011 07 05.20136 14 36 00.27 -18 02 35.2          20.1 Rc~0WrNH06
     K11L19J KC2011 07 19.11158714 31 46.04 -16 36 17.8          20.2 Vr~0X2sH21
     K11L19J KC2011 07 19.12327414 31 45.92 -16 36 14.8          20.0 Vr~0X2sH21
     K11L19J KC2011 07 19.13151314 31 45.97 -16 36 11.6          20.2 Vr~0X2sH21
     K11L19J 2C2011 08 19.23123115 06 39.528-13 58 32.75         19.9 Ro~0XTb568
     K11L19J 2C2011 08 19.23248415 06 39.688-13 58 32.02         20.0 Ro~0XTb568
     K11L19J 2C2011 08 19.23407815 06 39.894-13 58 31.09         20.2 Ro~0XTb568
     K11L19J KC2011 08 20.09425515 08 48.80 -13 50 44.7          20.5 Vt~0XTbH21
     K11L19J KC2011 08 20.10296815 08 50.08 -13 50 38.7          19.9 Vt~0XTbH21
     K11L19J KC2011 08 20.11171515 08 51.35 -13 50 33.2          20.6 Vt~0XTbH21
     K11L19J KC2011 09 06.05575 16 40 26.84 -06 31 41.6          19.6 Vt~0Y08H21
     K11L19J KC2011 09 06.06046 16 40 29.90 -06 31 23.3          19.5 Vt~0Y08H21
     K11L19J KC2011 09 06.06508 16 40 32.89 -06 31 05.8          19.5 Vt~0Y08H21
     K11L19J |C2011 09 07.00755 16 51 58.28 -05 24 58.8          19.5 Vo~0Y08807
     K11L19J |C2011 09 07.01226 16 52 01.72 -05 24 38.8          19.5 Vo~0Y08807
     K11L19J |C2011 09 07.01623 16 52 04.61 -05 24 21.4          19.6 Vo~0Y08807
     K11L19J |C2011 09 07.02038 16 52 07.62 -05 24 03.2          19.2 Vo~0Y08807
     K11L19J KC2011 09 09.80723 17 35 22.07 -01 18 28.2          17.5 Ru~0Y9C160
     K11L19J KC2011 09 09.80982 17 35 24.84 -01 18 11.2          17.4 Ru~0Y9C160
     K11L19J KC2011 09 09.81227 17 35 27.44 -01 17 55.5          17.4 Ru~0Y9C160
     K11L19J KC2011 09 09.86280 17 36 22.11 -01 12 31.2          17.8 Rv~0Y9C204
     K11L19J IC2011 09 09.86997 17 36 29.87 -01 11 45.0                v~0Y9C204
     K11L19J KC2011 09 09.87703 17 36 37.57 -01 10 58.7                v~0Y9C204
     K11L19J KC2011 09 10.83238 17 55 35.57 +00 39 30.6          16.9 Ru~0Y9C160
     K11L19J KC2011 09 10.83465 17 55 38.34 +00 39 47.1          16.8 Ru~0Y9C160
     K11L19J KC2011 09 10.83709 17 55 41.32 +00 40 04.9          16.9 Ru~0Y9C160
     K11L19J KC2011 09 11.80107 18 17 12.97 +02 44 40.0          16.4 Ru~0Y9C160
     K11L19J KC2011 09 11.80403 18 17 17.00 +02 45 03.9          16.7 Ru~0Y9C160
     K11L19J KC2011 09 11.80684 18 17 20.82 +02 45 26.9          16.6 Ru~0Y9C160
     K11L19J KC2011 09 11.80903 18 17 23.80 +02 45 44.6          16.9 Ru~0Y9C160
     K11L19J KC2011 09 11.81163 18 17 27.35 +02 46 05.7          16.7 Ru~0Y9C160
     K11L19J KC2011 09 12.79721 18 41 58.71 +05 05 14.7          16.3 Ru~0Y9CB67
     K11L19J KC2011 09 12.79913 18 42 01.59 +05 05 31.5          16.4 Ru~0Y9CB67
     K11L19J KC2011 09 12.80135 18 42 04.92 +05 05 51.3          15.9 Ru~0Y9CB67
     K11L19J KC2011 09 12.80688 18 42 12.97 +05 06 47.1          16.6 Ru~0Y9C160
     K11L19J KC2011 09 12.80977 18 42 17.32 +05 07 12.3          16.6 Ru~0Y9C160
     K11L19J KC2011 09 12.81275 18 42 21.92 +05 07 34.2          17.0 Vc~0Y9DA48
     K11L19J KC2011 09 12.81317 18 42 22.48 +05 07 42.2          16.8 Ru~0Y9D160
     K11L19J KC2011 09 12.81816 18 42 30.07 +05 08 22.6          17.0 Vc~0Y9DA48
     K11L19J KC2011 09 12.81876 18 42 30.99 +05 08 27.4          17.1 Vc~0Y9DA48
     K11L19J KC2011 09 12.81943 18 42 31.98 +05 08 33.0          17.1 Vc~0Y9DA48
     K11L19J KC2011 09 12.81991 18 42 32.66 +05 08 41.1          17.0 Ru~0Y9D160
     K11L19J KC2011 09 12.82221 18 42 36.13 +05 09 01.3          17.0 Ru~0Y9D160
     K11L19J KC2011 09 13.82073 19 09 52.37 +07 38 05.7          16.6 Ru~0Y9D160
     K11L19J KC2011 09 13.82291 19 09 55.95 +07 38 25.3          16.6 Ru~0Y9D160
     K11L19J KC2011 09 13.82496 19 09 59.32 +07 38 43.7          16.5 Ru~0Y9D160
     K11L19J KC2011 09 13.85127 19 10 42.99 +07 42 37.3                r~0Y9D203
     K11L19J KC2011 09 13.88372 19 11 36.67 +07 47 29.9                r~0Y9D203
     K11L19J  C2011 09 14.48839 19 29 11.96 +09 19 15.4          17.2 Ro~0aRp300
     K11L19J  C2011 09 14.48900 19 29 12.99 +09 19 20.7          17.2 Ro~0aRp300
     K11L19J  C2011 09 14.49022 19 29 15.07 +09 19 31.9          17.2 Ro~0aRp300
     K11L19J  C2011 09 14.49144 19 29 17.14 +09 19 42.7          17.0 Ro~0aRp300
     K11L19J  C2011 09 14.49204 19 29 18.17 +09 19 48.6          17.1 Ro~0aRp300
     K11L19J  C2011 09 14.49265 19 29 19.19 +09 19 53.7          16.9 Ro~0aRp300
     K11L19J KC2011 09 14.77505 19 37 46.54 +10 01 21.6          17.1 Vu~0Y9D151
     K11L19J KC2011 09 14.77564 19 37 47.56 +10 01 26.5          17.2 Vu~0Y9D151
     K11L19J KC2011 09 14.77616 19 37 48.50 +10 01 30.9          17.4 Vu~0Y9D151
     K11L19J KC2011 09 14.77843 19 37 52.39 +10 01 51.6          17.1 Vu~0Y9D151
     K11L19J KC2011 09 14.77902 19 37 53.42 +10 01 57.1          17.2 Vu~0Y9D151
     K11L19J KC2011 09 14.77960 19 37 54.44 +10 02 02.5          17.1 Vu~0Y9D151
     K11L19J KC2011 09 14.80698 19 38 41.58 +10 06 16.4          16.5 Ru~0Y9D160
     K11L19J KC2011 09 14.80868 19 38 44.51 +10 06 31.5          16.5 Ru~0Y9D160
     K11L19J KC2011 09 14.81083 19 38 48.24 +10 06 50.5          16.3 Ru~0Y9D160
     K11L19J KC2011 09 14.84526 19 39 48.01 +10 11 50.6          16.0 Rc~0Y9DA53
     K11L19J KC2011 09 14.84607 19 39 49.42 +10 11 58.0          15.8 Rc~0Y9DA53
     K11L19J KC2011 09 14.84703 19 39 51.39 +10 12 06.2                r~0Y9D203
     K11L19J KC2011 09 14.84858 19 39 53.79 +10 12 19.9          16.1 Rc~0Y9DA53
     K11L19J KC2011 09 14.85032 19 39 56.81 +10 12 35.6          15.9 Rc~0Y9DA53
     K11L19J KC2011 09 14.85202 19 39 59.77 +10 12 50.4          16.0 Rc~0Y9DA53
     K11L19J KC2011 09 14.85423 19 40 03.63 +10 13 09.9          16.2 Rc~0Y9DA53
     K11L19J KC2011 09 14.87522 19 40 40.42 +10 16 14.3                r~0Y9D203
     K11L19J  C2011 09 14.88150 19 40 49.34 +10 16 39.4          15.7 Ru~0Y9DA98
     K11L19J  C2011 09 14.88362 19 40 53.45 +10 16 59.7          15.6 Ru~0Y9DA98
     K11L19J  C2011 09 14.88416 19 40 54.52 +10 17 05.9          15.6 Ru~0Y9DA98
     K11L19J  C2011 09 15.41197 19 57 00.67 +11 34 35.1          16.3 Vu~0Y9D379
     K11L19J  C2011 09 15.41336 19 57 03.15 +11 34 47.0          16.7 Vu~0Y9D379
     K11L19J  C2011 09 15.43593 19 57 42.73 +11 37 59.9          16.5 Vu~0Y9D379
     K11L19J  C2011 09 15.43935 19 57 48.72 +11 38 28.9          15.9 Vu~0Y9D379
     K11L19J  C2011 09 15.44211 19 57 53.58 +11 38 52.6          16.7 Vu~0Y9D379
     K11L19J KC2011 09 15.81184 20 09 08.78 +12 29 43.0          16.4 Ru~0YXZ560
     K11L19J KC2011 09 15.81290 20 09 10.66 +12 29 51.7          16.5 Ru~0YXZ560
     K11L19J KC2011 09 15.81396 20 09 12.53 +12 30 00.6          16.5 Ru~0YXZ560
     K11L19J KC2011 09 15.83619 20 09 53.83 +12 32 44.0                u~0Y9DJ95
     K11L19J KC2011 09 15.83907 20 09 56.94 +12 33 30.0          15.4 Ru~0Y9D160
     K11L19J KC2011 09 15.84049 20 10 01.47 +12 33 19.1                u~0Y9DJ95
     K11L19J KC2011 09 15.84064 20 09 59.74 +12 33 43.0          15.5 Ru~0Y9D160
     K11L19J KC2011 09 15.84254 20 10 03.09 +12 33 58.3          15.5 Ru~0Y9D160
     K11L19J KC2011 09 15.84439 20 10 06.35 +12 34 13.3          15.6 Ru~0Y9D160
     K11L19J KC2011 09 15.85149 20 10 21.02 +12 34 48.6          15.6 Ru~0Y9DJ95
     K11L19J KC2011 09 16.82320 20 39 52.89 +14 38 32.7          15.8 Ru~0Y9D160
     K11L19J KC2011 09 16.82462 20 39 55.36 +14 38 42.7          15.9 Ru~0Y9D160
     K11L19J KC2011 09 16.82609 20 39 57.93 +14 38 53.1          15.9 Ru~0Y9D160
     K11L19J KC2011 09 16.84456 20 40 30.09 +14 40 58.5          16.3 Vc~0Y9DA48
     K11L19J KC2011 09 16.84540 20 40 31.50 +14 41 04.6          16.3 Vc~0Y9DA48
     K11L19J KC2011 09 16.84624 20 40 33.00 +14 41 10.7          16.3 Vc~0Y9DA48
     K11L19J KC2011 09 16.84707 20 40 34.45 +14 41 16.6          16.3 Vc~0Y9DA48
     K11L19J KC2011 09 17.80598 21 08 50.76 +16 23 11.7          15.5 Ru~0Y9D160
     K11L19J KC2011 09 17.80819 21 08 54.43 +16 23 24.5          15.8 Ru~0Y9D160
     K11L19J KC2011 09 17.81039 21 08 58.09 +16 23 37.2          15.6 Ru~0Y9D160
     K11L19J KC2011 09 17.84182 21 09 51.82 +16 26 13.9                u~0Y9DJ95
     K11L19J KC2011 09 17.84693 21 10 00.34 +16 26 43.1                u~0Y9DJ95
     K11L19J KC2011 09 17.85172 21 10 08.32 +16 27 10.7          16.0 Ru~0Y9DJ95
     K11L19J  C2011 09 18.04558 21 15 42.55 +16 46 00.0          15.8 Ru~0Y9DH23
     K11L19J  C2011 09 18.05668 21 16 00.62 +16 47 01.4          15.9 Ru~0Y9DH23
     K11L19J  C2011 09 18.06779 21 16 18.68 +16 48 02.1          16.1 Ru~0Y9DH23
     K11L19J  C2011 09 18.40498 21 25 43.72 +17 16 29.4          16.5 Vu~0Y9D379
     K11L19J  C2011 09 18.40913 21 25 50.39 +17 16 50.1          16.5 Vu~0Y9D379
     K11L19J  C2011 09 18.43424 21 26 30.26 +17 18 56.4          15.7 Vu~0Y9D379
     K11L19J  C2011 09 18.43541 21 26 32.12 +17 19 02.1          15.8 Vu~0Y9D379
     K11L19J  C2011 09 18.44086 21 26 40.73 +17 19 29.6          15.8 Vu~0Y9D379
     K11L19J  C2011 09 18.44664 21 26 49.87 +17 19 58.6          15.9 Vu~0Y9D379
     K11L19J  C2011 09 18.44955 21 26 54.49 +17 20 12.9          16.1 Vu~0Y9D379
     K11L19J  C2011 09 18.46198 21 27 14.12 +17 21 14.1          15.9 Vu~0Y9D379
     K11L19J  C2011 09 18.47158 21 27 29.26 +17 22 01.5          16.1 Vu~0Y9D379
     K11L19J  C2011 09 18.47276 21 27 31.09 +17 22 07.2          16.1 Vu~0Y9D379
     K11L19J  C2011 09 18.47394 21 27 32.94 +17 22 12.5          15.9 Vu~0Y9D379
     K11L19J  C2011 09 18.77830 21 35 44.12 +17 44 35.4          16.0 Ru~0Y9DA98
     K11L19J  C2011 09 18.77855 21 35 44.48 +17 44 36.7          16.0 Ru~0Y9DA98
     K11L19J  C2011 09 18.77878 21 35 44.84 +17 44 37.4          16.2 Ru~0Y9DA98
     K11L19J  C2011 09 18.77901 21 35 45.22 +17 44 38.4          16.1 Ru~0Y9DA98
     K11L19J  C2011 09 18.77924 21 35 45.54 +17 44 39.5          15.9 Ru~0Y9DA98
     K11L19J  C2011 09 18.77947 21 35 45.95 +17 44 40.6          15.9 Ru~0Y9DA98
     K11L19J  C2011 09 18.78018 21 35 47.01 +17 44 43.7          16.1 Ru~0Y9DA98
     K11L19J  C2011 09 18.78041 21 35 47.36 +17 44 44.6          15.9 Ru~0Y9DA98
     K11L19J  C2011 09 18.78065 21 35 47.74 +17 44 45.8          16.1 Ru~0Y9DA98
     K11L19J  C2011 09 18.78158 21 35 49.20 +17 44 50.0          16.2 Ru~0Y9DA98
     K11L19J  C2011 09 18.78182 21 35 49.56 +17 44 51.0          16.1 Ru~0Y9DA98
     K11L19J  C2011 09 18.78299 21 35 51.36 +17 44 56.2          16.2 Ru~0Y9DA98
     K11L19J  C2011 09 18.78370 21 35 52.46 +17 44 59.3          16.2 Ru~0Y9DA98
     K11L19J  C2011 09 18.78439 21 35 53.52 +17 45 02.5          16.1 Ru~0Y9DA98
     K11L19J  C2011 09 18.78510 21 35 54.62 +17 45 05.5          16.4 Ru~0Y9DA98
     K11L19J  C2011 09 18.78604 21 35 56.09 +17 45 09.8          16.1 Ru~0Y9DA98
     K11L19J  C2011 09 18.78751 21 35 58.36 +17 45 16.2          16.4 Ru~0Y9DA98
     K11L19J  C2011 09 18.78774 21 35 58.71 +17 45 17.3          16.2 Ru~0Y9DA98
     K11L19J  C2011 09 18.78798 21 35 59.08 +17 45 18.3          16.2 Ru~0Y9DA98
     K11L19J  C2011 09 18.78844 21 35 59.81 +17 45 20.6          16.6 Ru~0Y9DA98
     K11L19J  C2011 09 18.78867 21 36 00.16 +17 45 21.5          16.4 Ru~0Y9DA98
     K11L19J  C2011 09 20.22669 22 11 34.76 +19 10 12.7          16.1 Vr~0Y9D703
     K11L19J  C2011 09 20.23348 22 11 43.54 +19 10 30.7          15.9 Vr~0Y9D703
     K11L19J  C2011 09 20.24026 22 11 52.44 +19 10 48.6          16.0 Vr~0Y9D703
     K11L19J  C2011 09 20.24706 22 12 01.33 +19 11 06.8          16.0 Vr~0Y9D703
     K11L19J KC2011 09 20.77781 22 23 51.96 +19 31 25.8          16.4 Vu~0Y9D151
     K11L19J KC2011 09 20.77839 22 23 52.69 +19 31 27.2          16.4 Vu~0Y9D151
     K11L19J KC2011 09 20.77898 22 23 53.43 +19 31 28.7          16.5 Vu~0Y9D151
     K11L19J KC2011 09 20.77956 22 23 54.15 +19 31 30.0          16.3 Vu~0Y9D151
     K11L19J KC2011 09 20.78074 22 23 55.61 +19 31 32.7          16.3 Vu~0Y9D151
     K11L19J  C2011 09 20.85969 22 25 32.45 +19 34 21.4          18.5 Vu~0Y9DC01
     K11L19J  C2011 09 20.86102 22 25 34.05 +19 34 24.4          18.3 Vu~0Y9DC01
     K11L19J  C2011 09 20.86233 22 25 35.63 +19 34 27.0          18.4 Vu~0Y9DC01
     K11L19J KC2011 09 20.88527 22 26 04.30 +19 35 29.4          16.0 Rc~0Y9DA53
     K11L19J KC2011 09 20.88664 22 26 05.97 +19 35 32.4          16.2 Rc~0Y9DA53
     K11L19J KC2011 09 20.88736 22 26 06.83 +19 35 33.9          16.0 Rc~0Y9DA53
     K11L19J KC2011 09 20.88879 22 26 08.59 +19 35 36.9          16.4 Rc~0Y9DA53
     K11L19J KC2011 09 20.89016 22 26 10.24 +19 35 39.6          16.1 Rc~0Y9DA53
     K11L19J KC2011 09 20.91228 22 26 37.36 +19 36 24.5                r~0Y9D203
     K11L19J  C2011 09 20.91363 22 26 38.38 +19 36 13.1          16.8 Vu~0Y9DC01
     K11L19J  C2011 09 20.91426 22 26 39.13 +19 36 14.3          16.5 Vu~0Y9DC01
     K11L19J  C2011 09 20.91488 22 26 39.88 +19 36 15.7          16.5 Vu~0Y9DC01
     K11L19J  C2011 09 20.91551 22 26 40.64 +19 36 16.9          16.7 Vu~0Y9DC01
     K11L19J  C2011 09 20.91613 22 26 41.41 +19 36 18.1          16.7 Vu~0Y9DC01
     K11L19J KC2011 09 20.93012 22 26 58.97 +19 37 00.3          16.1 Rc~0Y9DA24
     K11L19J KC2011 09 20.93063 22 26 59.58 +19 37 01.3          16.1 Rc~0Y9DA24
     K11L19J KC2011 09 20.94785 22 27 20.41 +19 37 35.1                r~0Y9D203
     K11L19J  C2011 09 20.96328 22 27 38.72 +19 37 50.0          17.2 Vu~0Y9DC01
     K11L19J  C2011 09 20.96424 22 27 39.87 +19 37 51.8          17.1 Vu~0Y9DC01
     K11L19J  C2011 09 20.96520 22 27 41.04 +19 37 53.8          17.3 Vu~0Y9DC01
     K11L19J  C2011 09 20.96617 22 27 42.22 +19 37 55.6          17.2 Vu~0Y9DC01
     K11L19J  C2011 09 20.96713 22 27 43.38 +19 37 57.4          17.4 Vu~0Y9DC01
     K11L19J KC2011 09 20.97609 22 27 54.51 +19 38 29.1          15.9 Rc~0Y9DA24
     K11L19J KC2011 09 20.97686 22 27 55.46 +19 38 30.6          15.9 Rc~0Y9DA24
     K11L19J  C2011 09 21.78906 22 44 08.36 +20 00 28.0          15.5 Ru~0Y9DA98
     K11L19J  C2011 09 21.79192 22 44 11.47 +20 00 32.3          15.5 Ru~0Y9DA98
     K11L19J  C2011 09 21.79222 22 44 11.78 +20 00 32.7          15.5 Ru~0Y9DA98
     K11L19J  C2011 09 21.79378 22 44 13.49 +20 00 34.9          15.5 Ru~0Y9DA98
     K11L19J  C2011 09 21.79442 22 44 14.19 +20 00 35.8          15.4 Ru~0Y9DA98
     K11L19J  C2011 09 21.79571 22 44 15.59 +20 00 37.6          15.5 Ru~0Y9DA98
     K11L19J  C2011 09 21.79634 22 44 16.29 +20 00 38.5          15.5 Ru~0Y9DA98
     K11L19J  C2011 09 21.79890 22 44 19.08 +20 00 42.3          15.4 Ru~0Y9DA98
     K11L19J  C2011 09 21.79955 22 44 19.78 +20 00 43.2          15.4 Ru~0Y9DA98
     K11L19J KC2011 09 21.85118 22 45 18.50 +20 02 15.6          15.8 Ru~0Y9D160
     K11L19J KC2011 09 21.85263 22 45 20.06 +20 02 17.6          16.1 Ru~0Y9D160
     K11L19J KC2011 09 21.85453 22 45 22.09 +20 02 20.3          15.7 Ru~0Y9D160
     K11L19J  C2011 09 22.82738 23 02 24.65 +20 18 30.1          16.5 Vc~0Y9DA48
     K11L19J  C2011 09 22.82859 23 02 25.75 +20 18 30.7          16.5 Vc~0Y9DA48
     K11L19J  C2011 09 22.82979 23 02 26.93 +20 18 32.3          16.4 Vc~0Y9DA48
     K11L19J  C2011 09 22.83100 23 02 28.04 +20 18 33.0          16.5 Vc~0Y9DA48
     K11L19J KC2011 09 22.85328 23 02 49.11 +20 18 54.7          16.1 Ru~0Y9D160
     K11L19J KC2011 09 22.85466 23 02 50.41 +20 18 55.9          16.2 Ru~0Y9D160
     K11L19J KC2011 09 22.85590 23 02 51.56 +20 18 56.9          16.3 Ru~0Y9D160
     K11L19J KC2011 09 22.87009 23 03 04.80 +20 19 05.2          16.4 Rc~0YXZA53
     K11L19J KC2011 09 22.87366 23 03 08.18 +20 19 07.9          16.6 Rc~0YXZA53
     K11L19J KC2011 09 22.87741 23 03 11.65 +20 19 10.9          16.5 Rc~0YXZA53
     K11L19J KC2011 09 22.88116 23 03 15.15 +20 19 13.6          16.1 Rc~0YXZA53
     K11L19J KC2011 09 22.88303 23 03 16.87 +20 19 15.3          16.3 Rc~0YXZA53
     K11L19J KC2011 09 22.90048 23 03 33.37 +20 19 27.8          16.0 Rc~0YXZA24
     K11L19J KC2011 09 22.90126 23 03 34.09 +20 19 28.2          16.0 Rc~0YXZA24
     K11L19J  C2011 09 22.90757 23 03 39.77 +20 19 32.7          15.9 Rr~0YXZ130
     K11L19J  C2011 09 22.90818 23 03 40.34 +20 19 33.0          15.8 Rr~0YXZ130
     K11L19J  C2011 09 22.90895 23 03 41.07 +20 19 33.6          15.8 Rr~0YXZ130
     K11L19J  C2011 09 22.90987 23 03 41.92 +20 19 34.4          15.7 Rr~0YXZ130
     K11L19J KC2011 09 22.94784 23 04 17.20 +20 20 00.7          16.2 Rc~0YXZA24
     K11L19J KC2011 09 22.94836 23 04 17.67 +20 20 00.9          16.1 Rc~0YXZA24
     K11L19J KC2011 09 22.94887 23 04 18.14 +20 20 01.2          16.2 Rc~0YXZA24
     K11L19J  C2011 09 23.45872 23 12 20.67 +20 24 59.9          16.2 Vu~0YXa379
     K11L19J  C2011 09 23.49240 23 12 49.63 +20 25 19.6          16.4 Vu~0YXa379
     K11L19J  C2011 09 23.54207 23 13 31.79 +20 25 45.4          16.8 Vu~0YXa379
     K11L19J  C2011 09 23.54334 23 13 32.87 +20 25 46.1          16.6 Vu~0YXa379
     K11L19J  C2011 09 23.54462 23 13 33.95 +20 25 46.8          16.7 Vu~0YXa379
     K11L19J  C2011 09 23.87578 23 18 22.82 +20 27 06.7          15.9 Vu~0YXaC01
     K11L19J  C2011 09 23.87639 23 18 23.33 +20 27 06.9          15.9 Vu~0YXaC01
     K11L19J  C2011 09 23.87701 23 18 23.84 +20 27 07.1          15.9 Vu~0YXaC01
     K11L19J  C2011 09 23.87764 23 18 24.35 +20 27 07.3          16.0 Vu~0YXaC01
     K11L19J  C2011 09 23.87828 23 18 24.85 +20 27 07.5          15.9 Vu~0YXaC01
     K11L19J  C2011 09 23.92652 23 19 04.09 +20 27 22.6          17.0 Vu~0YXaC01
     K11L19J  C2011 09 23.92748 23 19 04.86 +20 27 22.9          17.2 Vu~0YXaC01
     K11L19J  C2011 09 23.92846 23 19 05.64 +20 27 23.1          17.2 Vu~0YXaC01
     K11L19J  C2011 09 23.92942 23 19 06.42 +20 27 23.3          17.2 Vu~0YXaC01
     K11L19J  C2011 09 23.93039 23 19 07.20 +20 27 23.6          17.1 Vu~0YXaC01
     K11L19J  C2011 09 23.93135 23 19 07.99 +20 27 23.9          16.9 Vu~0YXaC01
     K11L19J  C2011 09 23.93233 23 19 08.79 +20 27 24.2          17.0 Vu~0YXaC01
     K11L19J  C2011 09 23.93330 23 19 09.56 +20 27 24.4          17.0 Vu~0YXaC01
     K11L19J  C2011 09 23.93427 23 19 10.34 +20 27 24.7          17.1 Vu~0YXaC01
     K11L19J  C2011 09 23.93523 23 19 11.12 +20 27 24.9          17.0 Vu~0YXaC01
     K11L19J  C2011 09 24.50446 23 26 58.40 +20 29 34.9          16.5 Vu~0YXa379
     K11L19J  C2011 09 24.50598 23 26 59.50 +20 29 35.2          16.7 Vu~0YXa379
     K11L19J  C2011 09 24.51921 23 27 09.29 +20 29 37.4          16.7 Vu~0YXa379
     K11L19J  C2011 09 24.52297 23 27 12.08 +20 29 38.0          16.7 Vu~0YXa379
     K11L19J  C2011 09 24.89562 23 31 54.32 +20 29 24.5                o~0YXa046
     K11L19J  C2011 09 24.89666 23 31 55.71 +20 29 20.5                c~0b3y127
     K11L19J  C2011 09 24.89708 23 31 55.37 +20 29 24.5                o~0YXa046
     K11L19J  C2011 09 24.89771 23 31 55.82 +20 29 24.6                o~0YXa046
     K11L19J  C2011 09 24.89900 23 31 56.73 +20 29 24.6                o~0YXa046
     K11L19J  C2011 09 24.89900 23 31 57.36 +20 29 20.5                c~0b3y127
     K11L19J  C2011 09 24.89966 23 31 57.20 +20 29 24.5                o~0YXa046
     K11L19J  C2011 09 24.90155 23 31 59.12 +20 29 20.7                c~0b3y127
     K11L19J  C2011 09 24.90416 23 32 00.99 +20 29 20.5                c~0b3y127
     K11L19J  C2011 09 24.92135 23 32 12.63 +20 29 21.1          16.5 Rr~0YXaA35
     K11L19J  C2011 09 24.92178 23 32 12.92 +20 29 21.3          16.4 Rr~0YXaA35
     K11L19J  C2011 09 24.92222 23 32 13.24 +20 29 21.3          16.4 Rr~0YXaA35
     K11L19J  C2011 09 24.92266 23 32 13.53 +20 29 21.3          16.4 Rr~0YXaA35
     K11L19J  C2011 09 24.92358 23 32 14.18 +20 29 21.1          16.4 Rr~0YXaA35
     K11L19J  C2011 09 24.92540 23 32 15.23 +20 29 24.7          16.6 Vu~0YXaC47
     K11L19J KC2011 09 24.92682 23 32 16.73 +20 29 31.2          16.6 Rc~0YXaA53
     K11L19J  C2011 09 24.92780 23 32 16.91 +20 29 24.6          16.4 Vu~0YXaC47
     K11L19J KC2011 09 24.93038 23 32 19.23 +20 29 31.3          16.2 Rc~0YXaA53
     K11L19J  C2011 09 24.93127 23 32 19.34 +20 29 24.6          16.5 Vu~0YXaC47
     K11L19J KC2011 09 24.93413 23 32 21.86 +20 29 30.9          16.2 Rc~0YXaA53
     K11L19J KC2011 09 24.93789 23 32 24.49 +20 29 30.7          16.2 Rc~0YXaA53
     K11L19J KC2011 09 24.93976 23 32 25.80 +20 29 30.9          16.6 Rc~0YXaA53
     K11L19J  C2011 09 24.98067 23 32 53.98 +20 29 21.7          16.5 Vu~0YXaC47
     K11L19J  C2011 09 24.98414 23 32 56.42 +20 29 21.1          16.3 Vu~0YXaC47
     K11L19J  C2011 09 24.98622 23 32 57.86 +20 29 21.2          16.4 Vu~0YXaC47
     K11L19J  C2011 09 25.82604 23 42 46.80 +20 27 34.5          16.9 Vc~0YXaA48
     K11L19J  C2011 09 25.82935 23 42 48.90 +20 27 34.3          16.9 Vc~0YXaA48
     K11L19J  C2011 09 25.83265 23 42 50.98 +20 27 34.1          16.9 Vc~0YXaA48
     K11L19J  C2011 09 25.83596 23 42 53.05 +20 27 33.5          17.0 Vc~0YXaA48
     K11L19J  C2011 09 25.84808 23 43 00.48 +20 27 22.0                c~0b3y127
     K11L19J  C2011 09 25.85164 23 43 02.70 +20 27 21.5                c~0b3y127
     K11L19J  C2011 09 25.86377 23 43 10.37 +20 27 20.4                c~0b3y127
     K11L19J  C2011 09 26.34927 23 48 10.30 +20 25 40.5          17.0 Ru~0YXaH45
     K11L19J  C2011 09 26.35035 23 48 10.94 +20 25 40.2          17.0 Ru~0YXaH45
     K11L19J  C2011 09 26.35135 23 48 11.51 +20 25 39.6          17.1 Ru~0YXaH45
     K11L19J  C2011 09 26.35262 23 48 12.25 +20 25 39.0          17.1 Ru~0YXaH45
     K11L19J  C2011 09 26.35361 23 48 12.82 +20 25 38.7          17.1 Ru~0YXaH45
     K11L19J  C2011 09 26.35606 23 48 14.24 +20 25 37.6          16.9 Ru~0YXaH45
     K11L19J KC2011 09 26.86966 23 53 25.50 +20 22 33.5          16.5 Rc~0YXaA53
     K11L19J KC2011 09 26.87698 23 53 29.47 +20 22 31.8          16.5 Rc~0YXaA53
     K11L19J KC2011 09 26.88748 23 53 35.13 +20 22 28.5          16.7 Rc~0YXaA53
     K11L19J KC2011 09 26.89648 23 53 40.07 +20 22 28.6          16.8 Ru~0YXa160
     K11L19J KC2011 09 26.89827 23 53 41.03 +20 22 28.0          16.6 Ru~0YXa160
     K11L19J KC2011 09 26.89988 23 53 41.90 +20 22 27.4          16.6 Ru~0YXa160
     K11L19J  C2011 09 26.92329 23 53 54.02 +20 22 11.2                c~0YXa046
     K11L19J  C2011 09 26.92428 23 53 54.55 +20 22 11.2                c~0YXa046
     K11L19J  C2011 09 26.92498 23 53 54.92 +20 22 10.8                c~0YXa046
     K11L19J  C2011 09 26.92567 23 53 55.30 +20 22 10.5                c~0YXa046
     K11L19J  C2011 09 26.92637 23 53 55.67 +20 22 10.0                c~0YXa046
     K11L19J  C2011 09 26.92775 23 53 56.41 +20 22 10.0                c~0YXa046
     K11L19J  C2011 09 26.92850 23 53 56.82 +20 22 09.5                c~0YXa046
     K11L19J  C2011 09 27.21486 23 56 40.00 +20 20 30.9          16.4 Rt~0YXaG56
     K11L19J  C2011 09 27.21813 23 56 41.67 +20 20 30.3          16.1 Rt~0YXaG56
     K11L19J  C2011 09 27.22137 23 56 43.34 +20 20 29.3          16.3 Rt~0YXaG56
     K11L19J  C2011 09 27.22461 23 56 45.03 +20 20 28.0          16.3 Rt~0YXaG56
     K11L19J  C2011 09 27.22623 23 56 45.88 +20 20 27.7          16.3 Rt~0YXaG56
     K11L19J  C2011 09 27.45821 23 58 52.39 +20 18 50.6          16.9 Vu~0YXa379
     K11L19J  C2011 09 27.51191 23 59 19.30 +20 18 34.2          16.5 Vu~0YXa379
     K11L19J  C2011 09 27.51376 23 59 20.20 +20 18 33.5          16.6 Vu~0YXa379
     K11L19J  C2011 09 27.52041 23 59 23.46 +20 18 31.0          16.3 Vu~0YXa379
     K11L19J  C2011 09 27.52226 23 59 24.39 +20 18 30.6          16.5 Vu~0YXa379
     K11L19J  C2011 09 27.52411 23 59 25.30 +20 18 30.2          16.9 Vu~0YXa379
     K11L19J KC2011 09 28.93017 00 10 43.29 +20 06 50.9          16.7 Ru~0YXa160
     K11L19J KC2011 09 28.93184 00 10 43.97 +20 06 50.1          16.6 Ru~0YXa160
     K11L19J KC2011 09 28.93349 00 10 44.64 +20 06 49.3          16.6 Ru~0YXa160
     K11L19J  C2011 09 30.96007 00 24 02.68 +19 47 24.3          18.1 Vu~0YvuC47
     K11L19J  C2011 09 30.96636 00 24 04.68 +19 47 20.2          17.5 Vu~0YvuC47
     K11L19J  C2011 10 01.02901 00 24 25.03 +19 46 40.0          17.4 Vu~0YvuC47
     K11L19J  C2011 10 01.03234 00 24 26.13 +19 46 37.8          17.4 Vu~0YvuC47
     K11L19J KC2011 10 01.82933 00 28 56.13 +19 38 33.0          16.9 Vu~0YvuA13
     K11L19J KC2011 10 01.85186 00 29 02.91 +19 38 21.1          17.5 Vu~0YvuA13
     K11L19J KC2011 10 01.86679 00 29 07.23 +19 38 15.9          17.0 Rc~0YvuA53
     K11L19J KC2011 10 01.87035 00 29 08.28 +19 38 14.2          16.9 Rc~0YvuA53
     K11L19J KC2011 10 01.87410 00 29 09.39 +19 38 12.0          17.5 Rc~0YvuA53
     K11L19J KC2011 10 01.87823 00 29 10.60 +19 38 09.9          17.0 Rc~0YvuA53
     K11L19J KC2011 10 01.88199 00 29 11.71 +19 38 07.6          16.9 Rc~0YvuA53
     K11L19J  C2011 10 02.96439 00 34 33.08 +19 27 03.6          16.6 Rc~0YvuA24
     K11L19J  C2011 10 02.96511 00 34 33.20 +19 27 03.7          16.6 Rc~0YvuA24
     K11L19J  C2011 10 03.02111 00 34 47.62 +19 26 27.8          17.3 Rc~0YvuA24
     K11L19J  C2011 10 03.02183 00 34 47.81 +19 26 27.2          17.4 Rc~0YvuA24
     K11L19J  C2011 10 03.07644 00 35 01.80 +19 25 45.8                o~0Yvu046
     K11L19J  C2011 10 03.07734 00 35 02.05 +19 25 45.4                o~0Yvu046
     K11L19J  C2011 10 03.07823 00 35 02.28 +19 25 44.7                o~0Yvu046
     K11L19J  C2011 10 03.07918 00 35 02.53 +19 25 44.3                o~0Yvu046
     K11L19J KC2011 10 03.86738 00 38 37.86 +19 17 43.9          17.7 Vc~0YvuA48
     K11L19J KC2011 10 03.87308 00 38 39.24 +19 17 40.8          17.7 Vc~0YvuA48
     K11L19J KC2011 10 03.87878 00 38 40.57 +19 17 37.4          17.6 Vc~0YvuA48
     K11L19J KC2011 10 03.88448 00 38 41.92 +19 17 34.2          17.7 Vc~0YvuA48
     K11L19J  C2011 10 03.90623 00 38 47.16 +19 17 21.3          16.9 Rc~0Z9TA24
     K11L19J  C2011 10 03.90695 00 38 47.33 +19 17 20.5          17.0 Rc~0Z9TA24
     K11L19J KC2011 10 03.90791 00 38 47.47 +19 17 22.5          17.4 Ru~0Yvu160
     K11L19J KC2011 10 03.90955 00 38 47.85 +19 17 21.4          17.3 Ru~0Yvu160
     K11L19J KC2011 10 03.91091 00 38 48.15 +19 17 20.6          17.3 Ru~0Yvu160
     K11L19J  C2011 10 03.94444 00 38 55.71 +19 16 55.2                o~0Yvu046
     K11L19J  C2011 10 03.94548 00 38 55.91 +19 16 54.7                o~0Yvu046
     K11L19J  C2011 10 03.94744 00 38 56.38 +19 16 53.2                o~0Yvu046
     K11L19J  C2011 10 03.94839 00 38 56.60 +19 16 52.6                o~0Yvu046
     K11L19J  C2011 10 05.09380 00 43 29.55 +19 05 04.5                o~0Yvu046
     K11L19J  C2011 10 05.09509 00 43 29.82 +19 05 03.3                o~0Yvu046
     K11L19J  C2011 10 05.09630 00 43 30.10 +19 05 02.0                o~0Yvu046
     K11L19J  C2011 10 05.09975 00 43 30.85 +19 04 59.8                o~0Yvu046
     K11L19J KC2011 10 05.86414 00 46 22.77 +18 57 19.9          17.7 Vu~0YvuA13
     K11L19J KC2011 10 05.86586 00 46 23.16 +18 57 18.8          18.6 Vu~0YvuA13
     K11L19J KC2011 10 05.86758 00 46 23.43 +18 57 17.9          17.7 Vu~0YvuA13
     K11L19J KC2011 10 05.89060 00 46 27.90 +18 57 05.3          17.6 Vu~0YvuA13
     K11L19J KC2011 10 05.89403 00 46 28.55 +18 57 03.3          17.7 Vu~0YvuA13
     K11L19J KC2011 10 05.91669 00 46 32.90 +18 56 50.5          17.8 Vu~0YvuA13
     K11L19J KC2011 10 05.92010 00 46 33.56 +18 56 48.5          17.8 Vu~0YvuA13
     K11L19J  C2011 10 06.81657 00 49 34.73 +18 47 49.4          18.0 Vu~0YvuC73
     K11L19J  C2011 10 06.82012 00 49 35.35 +18 47 47.9          17.9 Vu~0YvuC73
     K11L19J  C2011 10 06.82331 00 49 35.93 +18 47 45.8          17.9 Vu~0YvuC73
     K11L19J  C2011 10 06.82766 00 49 36.69 +18 47 43.7          18.1 Vu~0YvuC73
     K11L19J KC2011 10 15.20656901 08 49.51 +17 31 11.2          19.1 Vo~0Z9TH21
     K11L19J KC2011 10 15.20960001 08 49.79 +17 31 09.9          19.0 Vo~0Z9TH21
     K11L19J KC2011 10 15.21242701 08 50.01 +17 31 08.3          18.9 Vo~0Z9TH21
     K11L19J KC2011 10 15.21527701 08 50.23 +17 31 07.1          18.8 Vo~0Z9TH21
     K11L19J IC2011 10 15.94484 01 09 59.58 +17 25 02.0                t~0ZUd204
     K11L19J KC2011 10 15.95003 01 10 00.04 +17 24 59.6          17.9 Rt~0ZUd204
     K11L19J KC2011 10 15.95521 01 10 00.43 +17 24 57.1                t~0ZUd204
     K11L19J  C2011 10 17.85779 01 12 46.85 +17 09 45.7                o~0Z9T046
     K11L19J  C2011 10 17.85917 01 12 46.95 +17 09 45.2                o~0Z9T046
     K11L19J  C2011 10 17.86054 01 12 47.04 +17 09 45.1                o~0Z9T046
     K11L19J  C2011 10 17.86191 01 12 47.16 +17 09 44.3                o~0Z9T046
     K11L19J  C2011 10 17.86329 01 12 47.22 +17 09 43.4                o~0Z9T046
     K11L19J  C2011 10 18.83565 01 14 04.11 +17 02 15.8          19.2 Vu~0ZUdA50
     K11L19J  C2011 10 18.85879 01 14 05.60 +17 02 04.8          19.1 Vu~0ZUdA50
     K11L19J  C2011 10 18.88189 01 14 07.10 +17 01 55.3          19.2 Vu~0ZUdA50
     K11L19J  C2011 10 19.14721 01 14 28.74 +17 00 02.8          18.8 Ru~0Z9TH15
     K11L19J  C2011 10 19.16130 01 14 29.67 +16 59 57.3          18.6 Ru~0Z9TH15
     K11L19J  C2011 10 19.17692 01 14 30.65 +16 59 50.1          18.7 Ru~0Z9TH15
     K11L19J  C2011 10 19.19123 01 14 31.57 +16 59 44.6          18.9 Ru~0Z9TH15
     K11L19J  C2011 10 21.26704 01 16 57.90 +16 44 38.6          19.0 Vr~0Z9TG96
     K11L19J  C2011 10 21.27526 01 16 58.33 +16 44 35.1          18.8 Vr~0Z9TG96
     K11L19J  C2011 10 21.28343 01 16 58.76 +16 44 31.8          18.9 Vr~0Z9TG96
     K11L19J  C2011 10 21.29159 01 16 59.19 +16 44 28.3          19.0 Vr~0Z9TG96
     K11L19J  C2011 10 21.31466 01 17 02.233+16 44 24.44         19.6 wL~0ZUdF51
     K11L19J  C2011 10 21.32851 01 17 02.982+16 44 19.00         19.3 wL~0ZUdF51
     K11L19J  C2011 10 21.34233 01 17 03.730+16 44 12.93         20.1 wL~0ZUdF51
     K11L19J  C2011 10 21.35621 01 17 04.443+16 44 07.91         19.1 wL~0ZUdF51
     K11L19J  C2011 10 22.31725 01 18 05.48 +16 37 19.2          19.4  c~0ZUd704
     K11L19J  C2011 10 22.32943 01 18 06.08 +16 37 12.9          19.3  c~0ZUd704
     K11L19J  C2011 10 22.34140 01 18 06.62 +16 37 07.4          19.3  c~0ZUd704
     K11L19J  C2011 10 22.35350 01 18 07.29 +16 37 04.0          19.3  c~0ZUd704
     K11L19J  C2011 10 22.36541 01 18 07.92 +16 36 57.6          18.9  c~0ZUd704
     K11L19J ]C2011 10 27.31917 01 22 50.13 +16 05 39.7          19.6 Vo~0ZUd695
     K11L19J ]C2011 10 27.33147 01 22 50.63 +16 05 34.8          19.7 Vo~0ZUd695
     K11L19J ]C2011 10 27.33772 01 22 50.89 +16 05 32.6          19.6 Vo~0ZUd695
     K11L19J  C2011 11 01.10473 01 26 44.43 +15 40 25.8          20.1 Vo~0Zz5691
     K11L19J  C2011 11 01.10720 01 26 44.56 +15 40 25.2          20.4 Vo~0Zz5691
     K11L19J  C2011 11 01.14026 01 26 45.86 +15 40 16.2          20.1 Vo~0Zz5691
     K11L19J  C2011 11 01.14274 01 26 45.93 +15 40 16.6          20.1 Vo~0Zz5691
     K11L19J  C2011 11 01.15798 01 26 46.52 +15 40 12.2          20.1 Vo~0Zz6691
     K11L19J  C2011 11 01.16046 01 26 46.64 +15 40 11.3          20.3 Vo~0Zz6691
     K11L19J HC2011 11 03.09203 01 28 15.01 +15 31 27.3          20.3 Vo~0Zz6691
     K11L19J HC2011 11 03.10977 01 28 15.75 +15 31 22.7                o~0Zz6691
     K11L19J HC2011 11 03.14149 01 28 16.95 +15 31 16.0          20.7 Vo~0Zz6691
