     K11G02Z* C2011 04 02.22286 12 28 14.84 +14 12 37.1          21.2 Vr~0UYOG96
     K11G02Z  C2011 04 02.23029 12 28 12.97 +14 12 51.9          21.5 Vr~0UYOG96
     K11G02Z  C2011 04 02.23769 12 28 11.13 +14 13 06.4          20.9 Vr~0UYOG96
     K11G02Z  C2011 04 02.24509 12 28 09.26 +14 13 20.7          21.1 Vr~0UYOG96
     K11G02Z  C2011 04 02.27572 12 28 00.90 +14 14 17.4          20.4 Ro~0UYOH01
     K11G02Z  C2011 04 02.28498 12 27 58.51 +14 14 35.4          20.3 Ro~0UYOH01
     K11G02Z KC2011 04 02.35235 12 27 39.77 +14 16 29.3          20.6 Ru~0UYOH36
     K11G02Z KC2011 04 02.36280 12 27 37.29 +14 16 49.0                u~0UYOH36
     K11G02Z KC2011 04 02.37324 12 27 34.69 +14 17 07.1                u~0UYOH36
     K11G02Z KC2011 04 02.99224 12 25 15.29 +14 38 54.6                u~0UYOJ95
     K11G02Z KC2011 04 03.01173 12 25 09.37 +14 39 40.0                u~0UYOJ95
     K11G02Z KC2011 04 03.03148 12 25 03.54 +14 40 25.6          20.2 Ru~0UYOJ95
     K11G02Z  C2011 04 03.39305 12 23 18.99 +14 56 15.5          20.9 Vr~0UYOG96
     K11G02Z  C2011 04 03.39357 12 23 18.85 +14 56 16.3          20.8 Vr~0UYOG96
     K11G02Z  C2011 04 03.39410 12 23 18.67 +14 56 17.3          20.6 Vr~0UYOG96
     K11G02Z  C2011 04 03.39462 12 23 18.45 +14 56 19.3          21.2 Vr~0UYOG96
     K11G02Z  C2011 04 03.63989 12 22 07.06 +15 07 40.1          20.2 Ro~0UYO300
     K11G02Z  C2011 04 03.64577 12 22 04.73 +15 07 56.0          20.5 Ro~0UYO300
     K11G02Z  C2011 04 03.65167 12 22 02.43 +15 08 13.2          20.6 Ro~0UYO300
     K11G02Z  C2011 04 03.65755 12 22 00.16 +15 08 29.9          20.7 Ro~0UYO300
     K11G02Z |C2011 04 05.28256 12 09 14.44 +17 01 50.5          20.0 Vo~0UYO807
     K11G02Z |C2011 04 05.28785 12 09 10.48 +17 02 19.4          20.3 Vo~0UYO807
     K11G02Z |C2011 04 05.29310 12 09 06.56 +17 02 48.0          20.2 Vo~0UYO807
     K11G02Z tC2011 04 05.36394 12 08 21.23 +17 05 29.1          20.2 Vo~0UYO291
     K11G02Z tC2011 04 05.36800 12 08 18.03 +17 05 52.1          20.0 Vo~0UYO291
     K11G02Z tC2011 04 05.37245 12 08 14.53 +17 06 16.2          20.0 Vo~0UYO291
     K11G02Z KC2011 04 06.20945 11 55 41.57 +18 48 54.3                o~0UYOH21
     K11G02Z KC2011 04 06.21688 11 55 31.93 +18 50 04.0          20.6 Vo~0UYOH21
     K11G02Z KC2011 04 06.22146 11 55 25.98 +18 50 46.2          20.2 Vo~0UYOH21
     K11G02Z KC2011 04 06.83287 11 40 16.65 +20 46 39.8          18.8 Vu~0UYOA74
     K11G02Z KC2011 04 06.83687 11 40 08.56 +20 47 37.7          18.9 Vu~0UYOA74
     K11G02Z KC2011 04 06.84066 11 40 03.54 +20 48 08.1          18.8 Ru~0UYOJ18
     K11G02Z KC2011 04 06.84626 11 39 49.42 +20 49 54.3          19.2 Vu~0UYOA74
     K11G02Z KC2011 04 06.85339 11 39 34.97 +20 51 36.9          19.1 Vu~0UYOA74
     K11G02Z KC2011 04 06.85343 11 39 37.58 +20 51 13.4          18.2 Ru~0UYOJ18
     K11G02Z KC2011 04 06.86523 11 39 13.37 +20 54 06.8          18.6 Ru~0UYOJ18
     K11G02Z KC2011 04 06.92150 11 37 13.39 +21 08 08.2          18.6 Ru~0UYOJ18
     K11G02Z KC2011 04 06.94855 11 36 13.23 +21 15 00.0          18.6 Ru~0UYOJ18
     K11G02Z KC2011 04 06.94971 11 36 06.06 +21 16 02.3                v~0UYO204
     K11G02Z KC2011 04 06.95914 11 35 44.55 +21 18 26.2          18.5 Rv~0UYO204
     K11G02Z  C2011 04 07.21517811 25 21.61 +22 32 22.4          18.7 Vo~0UYOH21
     K11G02Z  C2011 04 07.21704911 25 16.13 +22 32 57.5          18.5 Vo~0UYOH21
     K11G02Z  C2011 04 07.21893411 25 10.57 +22 33 32.7          18.5 Vo~0UYOH21
     K11G02Z  C2011 04 07.22081911 25 05.00 +22 34 08.0          18.7 Vo~0UYOH21
     K11G02Z KC2011 04 07.84001010 43 55.09 +26 46 32.3                u~0UYOJ95
     K11G02Z KC2011 04 07.84163910 43 45.32 +26 47 23.5                u~0UYOJ95
     K11G02Z KC2011 04 07.84417910 43 30.06 +26 48 44.6          17.6 Ru~0UYOJ95
     K11G02Z KC2011 04 08.82850807 15 28.17 +33 40 20.5          17.6 Ru~0UvLJ95
     K11G02Z KC2011 04 08.83709407 12 25.86 +33 36 16.6          17.4 Ru~0UvLJ95
     K11G02Z KC2011 04 08.83995207 11 25.11 +33 34 52.0          17.8 Ru~0UvLJ95
     K11G02Z KC2011 04 08.84293607 10 21.55 +33 33 19.9          17.7 Ru~0UvLJ95
     K11G02Z KC2011 04 08.84891807 08 14.16 +33 30 09.6          18.0 Ru~0UvLJ95
     K11G02Z KC2011 04 08.85180107 07 12.75 +33 28 34.4          18.2 Ru~0UvLJ95
     K11G02Z KC2011 04 08.85482107 06 08.36 +33 26 53.1          18.0 Ru~0UvLJ95
     K11G02Z KC2011 04 08.91700206 44 03.17 +32 43 24.3          17.9 Ru~0UvLJ95
