     K11C03Y* C2011 02 05.24888 07 56 12.98 +14 00 41.0          19.4 Vr~0SXUG96
     K11C03Y  C2011 02 05.25612 07 56 13.41 +14 00 56.8          19.3 Vr~0SXUG96
     K11C03Y  C2011 02 05.26333 07 56 13.84 +14 01 12.6          19.3 Vr~0SXUG96
     K11C03Y  C2011 02 05.27058 07 56 14.28 +14 01 28.5          19.3 Vr~0SXUG96
     K11C03Y  C2011 02 05.39971 07 56 22.23 +14 06 05.7          19.5 Vr~0SXUG96
     K11C03Y  C2011 02 05.40046 07 56 22.30 +14 06 07.3          19.4 Vr~0SXUG96
     K11C03Y  C2011 02 05.40121 07 56 22.34 +14 06 08.8          19.5 Vr~0SXUG96
     K11C03Y  C2011 02 05.49495 07 56 33.45 +14 09 32.2          20.1 Ro~0SXU300
     K11C03Y  C2011 02 05.49727 07 56 33.44 +14 09 36.4          20.7 Ro~0SXU300
     K11C03Y  C2011 02 05.49958 07 56 33.67 +14 09 41.5          20.3 Ro~0SXU300
     K11C03Y  C2011 02 05.50189 07 56 33.79 +14 09 46.1          20.6 Ro~0SXU300
     K11C03Y  C2011 02 05.77380 07 56 55.05 +14 19 11.6          18.6 Ru~0SXU118
     K11C03Y  C2011 02 05.77677 07 56 55.31 +14 19 18.2          19.2 Ru~0SXU118
     K11C03Y  C2011 02 05.77826 07 56 55.37 +14 19 22.2          18.4 Ru~0SXU118
     K11C03Y  C2011 02 05.77974 07 56 55.46 +14 19 24.8          18.7 Ru~0SXU118
     K11C03Y  C2011 02 05.78123 07 56 55.61 +14 19 27.5          19.5 Ru~0SXU118
     K11C03Y KC2011 02 05.90454 07 57 03.46 +14 23 47.7          19.4 Vu~0SXU595
     K11C03Y KC2011 02 05.91360 07 57 04.12 +14 24 06.8                u~0SXU595
     K11C03Y  C2011 02 06.32038 07 57 33.83 +14 38 05.5          19.9 Vo~0SXU291
     K11C03Y  C2011 02 06.32423 07 57 34.08 +14 38 14.7          19.9 Vo~0SXU291
     K11C03Y  C2011 02 06.32799 07 57 34.29 +14 38 22.2          19.9 Vo~0SXU291
     K11C03Y KC2011 02 06.78849 07 58 11.50 +14 53 15.9          19.3 Rc~0SXU104
     K11C03Y KC2011 02 06.79878 07 58 12.13 +14 53 36.1          19.3 Rc~0SXU104
     K11C03Y KC2011 02 06.82792 07 58 13.94 +14 54 33.4          18.9 Rc~0SXU104
     K11C03Y  C2011 02 07.35456 07 58 49.63 +15 11 14.9          20.0 Vo~0SXU291
     K11C03Y  C2011 02 07.35831 07 58 49.85 +15 11 21.5          20.0 Vo~0SXU291
     K11C03Y  C2011 02 07.36218 07 58 50.07 +15 11 28.6          20.0 Vo~0SXU291
     K11C03Y KC2011 02 07.91216 07 59 31.43 +15 27 51.8                v~0Szx204
     K11C03Y KC2011 02 07.92676 07 59 32.27 +15 28 17.5                v~0Szx204
     K11C03Y KC2011 02 07.93885 07 59 32.96 +15 28 38.9          19.5 Rv~0Szx204
     K11C03Y KC2011 02 08.21913 07 59 52.65 +15 36 51.5          20.6 Vo~0SXUH21
     K11C03Y KC2011 02 08.22490 07 59 52.97 +15 37 01.5          19.9 Vo~0SXUH21
     K11C03Y KC2011 02 08.24013 07 59 53.84 +15 37 27.5          20.0 Vo~0SXUH21
     K11C03Y tC2011 02 08.27608 07 59 56.77 +15 38 34.8          20.3 Vo~0SXU291
     K11C03Y tC2011 02 08.28000 07 59 57.01 +15 38 41.5          20.1 Vo~0SXU291
     K11C03Y  C2011 02 23.33452 08 16 01.10 +19 53 50.2          22.1 Vo~0Szx291
     K11C03Y HC2011 02 23.33827 08 16 01.23 +19 53 52.4                o~0Szx291
     K11C03Y  C2011 02 23.34214 08 16 01.51 +19 53 54.5          22.0 Vo~0Szx291
