     K11G60S* C2011 04 08.40737 18 16 06.78 +28 14 32.0          19.5  c~0UvV704
     K11G60S  C2011 04 08.41907 18 16 01.20 +28 14 50.3          19.7  c~0UvV704
     K11G60S  C2011 04 08.43077 18 15 55.54 +28 15 09.0          19.8  c~0UvV704
     K11G60S  C2011 04 08.44246 18 15 49.98 +28 15 27.4          20.0  c~0UvV704
     K11G60S  C2011 04 08.45418 18 15 44.36 +28 15 46.4          19.9  c~0UvV704
     K11G60S KC2011 04 09.16359 18 10 10.16 +28 33 29.4          19.1 Rr~0UvVI89
     K11G60S KC2011 04 09.16484 18 10 09.56 +28 33 31.2          19.2 Rr~0UvVI89
     K11G60S KC2011 04 09.16610 18 10 08.97 +28 33 33.1          19.2 Rr~0UvVI89
     K11G60S  C2011 04 09.30787 18 09 03.22 +28 36 53.9          19.3 Ro~0UvVH01
     K11G60S  C2011 04 09.31897 18 08 57.99 +28 37 10.3          19.6 Ro~0UvVH01
     K11G60S  C2011 04 09.32492 18 08 55.20 +28 37 19.0          19.3 Ro~0UvVH01
     K11G60S  C2011 04 09.33326 18 08 51.23 +28 37 31.2          19.3 Ro~0UvVH01
     K11G60S FC2011 04 10.03369 18 03 23.46 +28 53 31.1          19.5 Rv~0UvV204
     K11G60S FC2011 04 10.04160 18 03 19.81 +28 53 43.4                v~0UvV204
     K11G60S KC2011 04 11.01954 17 55 46.23 +29 14 02.8          19.4 Vu~0UvV198
     K11G60S KC2011 04 11.02261 17 55 44.79 +29 14 06.4          19.2 Vu~0UvV198
     K11G60S KC2011 04 11.02569 17 55 43.34 +29 14 10.2          19.2 Vu~0UvV198
     K11G60S KC2011 04 11.11785 17 55 00.44 +29 15 59.2                u~0UvV621
     K11G60S KC2011 04 11.12491 17 54 57.13 +29 16 07.8                u~0UvV621
     K11G60S KC2011 04 11.13197 17 54 53.85 +29 16 15.7          19.5 Vu~0UvV621
     K11G60S  C2011 04 11.39711 17 52 52.28 +29 21 23.6          19.2 Ro~0UvVH01
     K11G60S  C2011 04 11.40544 17 52 48.38 +29 21 33.1          19.2 Ro~0UvVH01
     K11G60S  C2011 04 11.41273 17 52 45.00 +29 21 41.5          19.5 Ro~0UvVH01
     K11G60S  C2011 04 11.42366 17 52 39.90 +29 21 53.9          19.3 Ro~0UvVH01
     K11G60S KC2011 04 13.13602 17 39 41.62 +29 50 15.8          19.6 Vu~0UvV621
     K11G60S KC2011 04 13.14061 17 39 39.57 +29 50 19.8                u~0UvV621
     K11G60S tC2011 04 13.36233 17 38 00.91 +29 53 34.5          19.8 Vo~0UvV291
     K11G60S tC2011 04 13.36796 17 37 58.37 +29 53 39.3          20.2 Vo~0UvV291
     K11G60S tC2011 04 13.37283 17 37 56.10 +29 53 44.5          20.3 Vo~0UvV291
     K11G60S |C2011 04 14.34745 17 30 42.72 +30 06 35.9          20.2 Vo~0UvV807
     K11G60S |C2011 04 14.35272 17 30 40.35 +30 06 39.6          20.0 Vo~0UvV807
     K11G60S |C2011 04 14.35800 17 30 37.97 +30 06 43.2          20.3 Vo~0UvV807
     K11G60S KC2011 04 14.36524717 30 35.02 +30 06 29.5          18.9 Vo~0UvVH21
     K11G60S KC2011 04 14.36723817 30 34.14 +30 06 31.0          19.9 Vo~0UvVH21
     K11G60S KC2011 04 14.36934717 30 33.20 +30 06 32.5          19.8 Vo~0UvVH21
     K11G60S  C2011 04 14.41017 17 30 15.40 +30 07 02.8          19.4 Vr~0UvVG96
     K11G60S  C2011 04 14.41806 17 30 11.88 +30 07 08.5          19.8 Vr~0UvVG96
     K11G60S  C2011 04 14.42591 17 30 08.35 +30 07 14.1          19.8 Vr~0UvVG96
     K11G60S  C2011 04 14.43373 17 30 04.86 +30 07 19.6          19.8 Vr~0UvVG96
     K11G60S 5C2011 04 15.56576 17 21 51.52 +30 19 05.0          20.0  o~0V9wF65
     K11G60S 5C2011 04 15.56642 17 21 51.24 +30 19 05.2                o~0V9wF65
     K11G60S 5C2011 04 15.56709 17 21 51.00 +30 19 05.4                o~0V9wF65
     K11G60S |C2011 04 16.36675 17 16 08.30 +30 25 50.9          20.3 Vo~0V9w807
     K11G60S |C2011 04 16.37065 17 16 06.60 +30 25 52.6          20.3 Vo~0V9w807
     K11G60S |C2011 04 16.37841 17 16 03.26 +30 25 55.7          20.2 Vo~0V9w807
     K11G60S |C2011 04 19.37190 16 55 31.59 +30 38 41.2          20.4 Vo~0V9w807
     K11G60S |C2011 04 19.37579 16 55 30.00 +30 38 41.4          20.3 Vo~0V9w807
     K11G60S |C2011 04 19.37958 16 55 28.46 +30 38 41.7                o~0V9w807
     K11G60S |C2011 04 19.38345 16 55 26.89 +30 38 41.9          20.0 Vo~0V9w807
     K11G60S KC2011 04 20.10237 16 50 44.24 +30 38 50.1                u~0V9wJ18
     K11G60S KC2011 04 20.11368 16 50 39.74 +30 38 51.2          19.8 Ru~0V9wJ18
     K11G60S |C2011 04 20.28367 16 49 33.69 +30 39 09.2                o~0V9w807
     K11G60S |C2011 04 20.28765 16 49 32.10 +30 39 09.3          20.1 Vo~0V9w807
     K11G60S |C2011 04 20.29160 16 49 30.54 +30 39 09.2          20.0 Vo~0V9w807
     K11G60S |C2011 04 20.29565 16 49 28.92 +30 39 09.5          20.2 Vo~0V9w807
     K11G60S KC2011 04 21.27130916 43 14.95 +30 37 43.3          20.1 Vo~0V9wH21
     K11G60S KC2011 04 21.27815516 43 12.32 +30 37 42.8          20.4 Vo~0V9wH21
     K11G60S KC2011 04 21.28465816 43 09.84 +30 37 42.2          19.9 Vo~0V9wH21
     K11G60S  C2011 04 22.33145 16 36 39.19 +30 34 42.9          20.2 Vo~0V9x291
     K11G60S  C2011 04 22.33599 16 36 37.50 +30 34 42.1          20.2 Vo~0V9x291
     K11G60S KC2011 05 08.29873 15 20 52.68 +27 16 37.5          20.3 Ru~0Vp3H36
     K11G60S KC2011 05 08.30469 15 20 51.46 +27 16 31.2          20.1 Ru~0Vp3H36
     K11G60S KC2011 05 08.30767 15 20 50.80 +27 16 27.9          19.7 Ru~0Vp3H36
     K11G60S  C2011 05 21.32783 14 46 55.22 +23 11 11.3          21.4 Vo~0W5X291
     K11G60S  C2011 05 21.33186 14 46 54.76 +23 11 06.0          21.0 Vo~0W5X291
     K11G60S  C2011 05 21.33624 14 46 54.28 +23 11 02.0          21.7 Vo~0W5X291
