j3729K08H00L* C2008 04 25.46112 20 52 24.63 +06 44 48.4          19.6 Vry8230G96
j3729K08H00L  C2008 04 25.46608 20 52 26.07 +06 44 42.6          19.5 Vry8230G96
j3729K08H00L  C2008 04 25.47101 20 52 27.51 +06 44 36.5          19.6 Vry8230G96
j3729K08H00L  C2008 04 25.47589 20 52 28.92 +06 44 31.0          19.6 Vry8230G96
j3729K08H00L  C2008 04 25.48617 20 52 31.90 +06 44 19.1          19.7 Vry8230G96
j3729K08H00L  C2008 04 25.48661 20 52 32.05 +06 44 18.2          19.8 Vry8230G96
j3729K08H00L  C2008 04 25.48705 20 52 32.19 +06 44 17.9          19.4 Vry8230G96
j3729K08H00L  C2008 04 25.48746 20 52 32.26 +06 44 17.2          19.8 Vry8230G96
j3729K08H00L  C2008 04 25.48818 20 52 32.48 +06 44 16.6          19.6 Vry8230G96
j3729K08H00L  C2008 04 25.48851 20 52 32.59 +06 44 16.0          19.6 Vry8230G96
j3729K08H00L  C2008 04 25.48881 20 52 32.66 +06 44 15.8          19.3 Vry8230G96
j3729K08H00L  C2008 04 25.48911 20 52 32.77 +06 44 15.1          19.5 Vry8230G96
j3729K08H00L  C2008 04 26.47012 20 57 24.08 +06 24 35.7                oy8230291
j3729K08H00L  C2008 04 26.47385 20 57 25.27 +06 24 30.9                oy8230291
j3729K08H00L  C2008 04 26.47541 20 57 25.74 +06 24 28.3          19.9 Vry8230G96
j3729K08H00L  C2008 04 26.47589 20 57 25.88 +06 24 27.9          19.9 Vry8230G96
j3729K08H00L  C2008 04 26.47637 20 57 26.02 +06 24 27.0          19.8 Vry8230G96
j3729K08H00L  C2008 04 26.47685 20 57 26.13 +06 24 26.6          19.7 Vry8230G96
j3729K08H00L  C2008 04 26.47754 20 57 26.38 +06 24 26.1                oy8230291
j3729K08H00L  C2008 04 26.47795 20 57 26.46 +06 24 25.1          19.4 Vry8230G96
j3729K08H00L  C2008 04 26.47842 20 57 26.56 +06 24 24.9          19.5 Vry8230G96
j3729K08H00L  C2008 04 26.47891 20 57 26.74 +06 24 24.3          19.7 Vry8230G96
j3729K08H00L  C2008 04 26.47938 20 57 26.85 +06 24 24.0          19.7 Vry8230G96
j3729K11B24O* C2011 01 28.39612 08 09 27.61 +46 13 51.6          19.5 Vr~0SGc703
j3729K11B24O  C2011 01 28.40269 08 09 26.71 +46 14 00.3          19.9 Vr~0SGc703
j3729K11B24O  C2011 01 28.40928 08 09 25.52 +46 14 06.2          19.9 Vr~0SGc703
j3729K11B24O  C2011 01 28.41580 08 09 24.51 +46 14 14.8          19.6 Vr~0SGc703
j3729K11B24O  C2011 01 28.45251 08 09 18.90 +46 14 59.7          19.7 Vr~0SGc703
j3729K11B24O  C2011 01 28.46005 08 09 17.71 +46 15 08.2          20.2 Vr~0SGc703
j3729K11B24O  C2011 01 28.46762 08 09 16.56 +46 15 17.9          20.1 Vr~0SGc703
j3729K11B24O  C2011 01 28.47146 08 09 15.96 +46 15 21.5          19.4 Ro~0SGcH01
j3729K11B24O  C2011 01 28.47527 08 09 15.37 +46 15 27.2          19.9 Vr~0SGc703
j3729K11B24O  C2011 01 28.47999 08 09 14.65 +46 15 31.7          19.4 Ro~0SGcH01
j3729K11B24O  C2011 01 28.48668 08 09 13.64 +46 15 39.8          19.3 Ro~0SGcH01
j3729K11B24O  C2011 01 28.49642 08 09 12.15 +46 15 51.4          19.5 Ro~0SGcH01
j3729K11B24O  C2011 01 28.70933 08 08 40.45 +46 20 18.4          20.2 Ro~0SGc300
j3729K11B24O  C2011 01 28.71325 08 08 39.85 +46 20 23.5          19.6 Ro~0SGc300
j3729K11B24O  C2011 01 28.71916 08 08 39.01 +46 20 30.0          19.6 Ro~0SGc300
j3729K11B24O KC2011 01 28.75289 08 08 35.04 +46 21 07.2          19.2 Ru~0SGc118
j3729K11B24O KC2011 01 28.75637 08 08 34.58 +46 21 11.2          19.3 Ru~0SGc118
j3729K11B24O KC2011 01 28.76159 08 08 33.76 +46 21 18.1          19.1 Ru~0SGc118
j3729K11B24O KC2011 01 29.20618 08 07 26.16 +46 30 23.2          20.2 Ru~0SGcH36
j3729K11B24O KC2011 01 29.21073 08 07 25.44 +46 30 28.8          20.0 Ru~0SGcH36
j3729K11B24O KC2011 01 29.21927 08 07 24.11 +46 30 39.6          20.1 Ru~0SGcH36
j3729K11B24O  C2011 01 29.23128 08 07 22.40 +46 30 54.8          19.9 Ro~0SGcH01
j3729K11B24O  C2011 01 29.23798 08 07 21.35 +46 31 03.0          19.5 Ro~0SGcH01
j3729K11B24O  C2011 01 29.24592 08 07 20.10 +46 31 12.6          19.8 Ro~0SGcH01
j3729K11B24O  C2011 01 29.25247 08 07 19.07 +46 31 20.5          19.7 Ro~0SGcH01
j3729K11B24O KC2011 01 29.28723608 07 13.31 +46 32 00.4          19.9 Vo~0SGcH21
j3729K11B24O IC2011 01 29.30363808 07 10.66 +46 32 20.6          19.9 Vo~0SGcH21
j3729K11B24O  C2011 01 29.30686 08 07 10.59 +46 32 26.2          20.1 Rc~0SGc854
j3729K11B24O  C2011 01 29.31455 08 07 09.32 +46 32 36.5          19.7 Rc~0SGc854
j3729K11B24O KC2011 01 29.80645 08 05 55.68 +46 42 14.0          20.2 Vu~0SGcA74
j3729K11B24O KC2011 01 29.82780 08 05 52.38 +46 42 39.6          20.0 Vu~0SGcA74
j3729K11B24O KC2011 01 29.84915 08 05 49.04 +46 43 05.2          19.6 Vu~0SGcA74
j3729K11B24O KC2011 01 31.15490408 02 31.14 +47 08 00.3                o~0SGcH21
j3729K11B24O KC2011 01 31.16398208 02 29.73 +47 08 10.8          20.1 Vo~0SGcH21
j3729K11B24O KC2011 01 31.17345308 02 28.22 +47 08 21.3          20.2 Vo~0SGcH21
j3729K11B24O KC2011 02 02.10174 07 57 36.00 +47 42 24.8                v~0SX8204
j3729K11B24O KC2011 02 02.11213 07 57 34.41 +47 42 34.8                v~0SX8204
j3729K11B24O KC2011 02 02.12262 07 57 32.80 +47 42 44.9          19.6 Rv~0SX8204
j3729K11B24O KC2011 02 04.22059 07 52 20.52 +48 16 21.9          20.0 Ru~0SGcH36
j3729K11B24O KC2011 02 04.22507 07 52 19.87 +48 16 26.5          19.9 Ru~0SGcH36
j3729K11B24O KC2011 02 04.22958 07 52 19.12 +48 16 30.8          20.0 Ru~0SGcH36
j3729K11B24O KC2011 02 04.23407 07 52 18.48 +48 16 34.7          20.1 Ru~0SGcH36
j3729K11B24O IC2011 03 01.16758 07 09 45.66 +50 52 45.1                c~0TAs711
j3729K11B24O  C2011 03 01.18021 07 09 44.96 +50 52 44.8                c~0TAs711
j3729K11B24O  C2011 03 01.19286 07 09 44.33 +50 52 43.9                c~0TAs711
j3729K11B24O  C2013 10 27.44513 05 51 09.88 +01 26 48.6                o~0wCI711
j3729K11B24O  C2013 10 27.44883 05 51 09.76 +01 26 48.8                o~0wCI711
j3729K11B24O  C2013 10 27.45235 05 51 09.62 +01 26 49.1                o~0wCI711
j3729K11B24O KC2013 10 28.41349 05 50 35.46 +01 28 47.7          20.3 Ro~0wCI291
j3729K11B24O KC2013 10 28.41922 05 50 35.23 +01 28 48.4          20.7 Ro~0wCI291
j3729K11B24O KC2013 10 28.42494 05 50 34.99 +01 28 49.7          19.7 Ro~0wCI291
j3729K11B24O  C2013 11 01.45552 05 47 35.26 +01 39 28.8          20.3 Vq~0wcVG96
j3729K11B24O  C2013 11 01.46226 05 47 34.88 +01 39 29.5          20.1 Vq~0wcVG96
j3729K11B24O  C2013 11 01.46899 05 47 34.51 +01 39 31.0          20.1 Vq~0wcVG96
j3729K11B24O  C2013 11 01.47571 05 47 34.16 +01 39 31.9          20.5 Vq~0wcVG96
j3729K11B24O  C2013 11 29.70171 05 01 52.75 +05 17 05.9          20.9 Rq~0xq0D29
j3729K11B24O  C2013 11 29.71762 05 01 50.68 +05 17 17.9          20.4 Rq~0xq0D29
j3729K11B24O  C2013 12 03.50327 04 53 31.875+06 06 39.01         20.4 gL~0xq0F51
j3729K11B24O  C2013 12 03.51659 04 53 30.056+06 06 49.89         20.4 gL~0xq0F51
j3729K11B24O  C2013 12 07.49911 04 44 43.554+07 02 38.39         20.5 gL~0y68F51
j3729K11B24O  C2013 12 07.51167 04 44 41.856+07 02 49.09         20.2 gL~0y68F51
j3729K11B24O  C2013 12 11.37950 04 36 21.670+08 00 02.20         20.1 iL~0y68F51
j3729K11B24O  C2013 12 11.39301 04 36 19.906+08 00 14.68         20.0 iL~0y68F51
j3729K11B24O  C2013 12 11.40659 04 36 18.094+08 00 26.82         20.3 rL~0y68F51
j3729K11B24O  C2013 12 11.41933 04 36 16.440+08 00 38.41         20.4 rL~0y68F51
j3729K11B24O FC2013 12 12.04578 04 34 56.91 +08 10 02.7                q~0yN3204
j3729K11B24O KC2013 12 12.05923 04 34 55.17 +08 10 14.6                q~0yN3204
j3729K11B24O KC2013 12 12.07361 04 34 53.32 +08 10 27.9          20.2 Rq~0yN3204
j3729K11B24O  C2014 01 01.13244 04 01 09.29 +13 23 31.6          20.3 Vq~0ykGG96
j3729K11B24O  C2014 01 01.14041 04 01 08.70 +13 23 39.2          20.5 Vq~0ykGG96
j3729K11B24O  C2014 01 01.14839 04 01 08.12 +13 23 46.5          20.5 Vq~0ykGG96
j3729K11B24O  C2014 01 01.15638 04 01 07.55 +13 23 53.8          20.3 Vq~0ykGG96
j3729K11B24O  C2014 01 23.22886 03 49 27.98 +18 41 05.6          21.1 Vq~0zgWG96
j3729K11B24O  C2014 01 23.23495 03 49 28.00 +18 41 10.6          21.1 Vq~0zgWG96
j3729K11B24O  C2014 01 23.24101 03 49 27.98 +18 41 15.0          21.3 Vq~0zgWG96
j3729K11B24O KC2015 11 19.50720 10 24 26.29 +20 22 20.5                o~1dd4291
j3729K11B24O KC2015 11 19.51153 10 24 26.89 +20 22 21.1                o~1dd4291
j3729K11B24O KC2015 11 19.51586 10 24 27.29 +20 22 22.4                o~1dd4291
j3729K11B24O KC2015 12 20.48913 11 27 57.81 +23 26 14.5          20.0 Ro~1gmF291
j3729K11B24O KC2015 12 20.49201 11 27 58.17 +23 26 16.7          19.8 Ro~1gmF291
j3729K11B24O KC2015 12 20.49491 11 27 58.51 +23 26 18.2          20.0 Ro~1gmF291
