     K11E07C* C2011 03 03.22331 09 51 21.92 +12 41 49.0          21.5 Vr~0TC8G96
     K11E07C  C2011 03 03.22855 09 51 20.98 +12 41 55.7          22.1 Vr~0TC8G96
     K11E07C  C2011 03 03.23379 09 51 20.19 +12 42 01.6          21.9 Vr~0TC8G96
     K11E07C  C2011 03 03.24036 09 51 19.08 +12 42 10.4          21.6 Vr~0TC8G96
     K11E07C  C2011 03 03.30427 09 51 08.24 +12 43 31.2          21.1 Vr~0TC8G96
     K11E07C  C2011 03 03.30978 09 51 07.28 +12 43 38.8          21.9 Vr~0TC8G96
     K11E07C  C2011 03 03.31475 09 51 06.51 +12 43 44.7          21.3 Vr~0TC8G96
     K11E07C  C2011 03 03.31972 09 51 05.64 +12 43 50.9          21.7 Vr~0TC8G96
     K11E07C tC2011 03 04.32508 09 48 19.41 +13 05 15.1                o~0TC8291
     K11E07C tC2011 03 04.32895 09 48 18.81 +13 05 21.0          22.1 Vo~0TC8291
     K11E07C tC2011 03 04.33269 09 48 18.13 +13 05 24.3          22.0 Vo~0TC8291
     K11E07C HC2011 03 06.31718 09 42 40.73 +13 48 33.6                o~0TYQ291
     K11E07C HC2011 03 06.32099 09 42 39.99 +13 48 39.9                o~0TYQ291
     K11E07C HC2011 03 09.31603 09 33 49.04 +14 55 37.6                o~0TYQ291
     K11E07C HC2011 03 09.31993 09 33 48.30 +14 55 43.9                o~0TYQ291
     K11E07C HC2011 03 09.32388 09 33 47.62 +14 55 48.2                o~0TYQ291
     K11E07C  C2011 03 10.32642 09 30 44.75 +15 18 35.7          22.0 Vo~0TYQ291
     K11E07C  C2011 03 10.33044 09 30 44.10 +15 18 40.6          22.6 Vo~0TYQ291
     K11E07C  C2011 03 10.33512 09 30 43.11 +15 18 47.3          21.6 Vo~0TYQ291
     K11E07C  C2011 03 26.21101 08 39 43.78 +21 18 44.1          22.2 Vo~0U6F291
     K11E07C  C2011 03 26.21492 08 39 43.03 +21 18 48.7          22.0 Vo~0U6F291
     K11E07C  C2011 03 26.21872 08 39 42.26 +21 18 53.9          21.6 Vo~0U6F291
     K11E07C 2C2011 04 13.33839507 44 03.091+27 05 29.31         21.2 Ro~0V9q568
     K11E07C 2C2011 04 13.34074007 44 02.663+27 05 31.59         21.1 Ro~0V9q568
     K11E07C 2C2011 04 13.34307507 44 02.245+27 05 33.87         20.9 Ro~0V9q568
     K11E07C 2C2011 11 24.34889903 11 07.707+07 12 21.91         24.6 Ro~0cI3568
     K11E07C 2C2011 11 24.35612403 11 07.045+07 12 20.38         24.4 Ro~0cI3568
     K11E07C 2C2011 11 24.36336703 11 06.411+07 12 19.03         24.4 Ro~0cI3568
     K11E07C 2C2011 11 27.52342103 06 44.060+07 03 02.94         24.0 Ro~0cI3568
