     K11E04W* C2011 03 02.32289 09 33 53.60 +06 49 41.5          22.5 Vr~0TC5G96
     K11E04W  C2011 03 02.33027 09 33 51.76 +06 49 33.4          21.1 Vr~0TC5G96
     K11E04W  C2011 03 02.33769 09 33 49.86 +06 49 23.4          21.4 Vr~0TC5G96
     K11E04W  C2011 03 02.34510 09 33 47.91 +06 49 13.8          21.3 Vr~0TC5G96
     K11E04W  C2011 03 02.38252 09 33 38.26 +06 48 26.1          21.2 Vr~0TC5G96
     K11E04W  C2011 03 02.38343 09 33 37.98 +06 48 24.6          21.1 Vr~0TC5G96
     K11E04W  C2011 03 02.38435 09 33 37.76 +06 48 23.5          21.9 Vr~0TC5G96
     K11E04W  C2011 03 02.38527 09 33 37.54 +06 48 22.3          20.8 Vr~0TC5G96
     K11E04W  C2011 03 02.39399 09 33 35.27 +06 48 11.3          21.3 Vr~0TC5G96
     K11E04W  C2011 03 02.39585 09 33 34.79 +06 48 09.1          21.1 Vr~0TC5G96
     K11E04W  C2011 03 02.39957 09 33 33.86 +06 48 04.3          20.9 Vr~0TC5G96
     K11E04W KC2011 03 03.08006 09 30 43.98 +06 33 28.5          21.5 Rv~0TC5586
     K11E04W KC2011 03 03.20632009 30 13.33 +06 30 47.0          21.7 Vo~0TC5H21
     K11E04W  C2011 03 03.21204 09 30 12.56 +06 30 43.4          21.4 Vr~0TC5G96
     K11E04W  C2011 03 03.21262 09 30 12.42 +06 30 42.9          22.1 Vr~0TC5G96
     K11E04W  C2011 03 03.21321 09 30 12.24 +06 30 41.8          21.6 Vr~0TC5G96
     K11E04W  C2011 03 03.21380 09 30 12.13 +06 30 41.1          22.0 Vr~0TC5G96
     K11E04W KC2011 03 03.22059109 30 09.57 +06 30 29.1          21.2 Vo~0TC5H21
     K11E04W KC2011 03 03.23355409 30 06.22 +06 30 11.8          21.4 Vo~0TC5H21
     K11E04W  C2011 03 04.28659 09 25 37.91 +06 07 00.2                o~0TC5291
     K11E04W  C2011 03 04.29054 09 25 36.86 +06 06 54.6                o~0TC5291
     K11E04W  C2011 03 04.29422 09 25 35.90 +06 06 49.6                o~0TC5291
     K11E04W HC2011 03 05.22985 09 21 34.37 +05 45 27.0                o~0TYQ291
     K11E04W HC2011 03 05.23361 09 21 33.35 +05 45 20.1                o~0TYQ291
     K11E04W tC2011 03 06.23994 09 17 08.97 +05 21 34.7          21.7 Vo~0TYQ291
     K11E04W tC2011 03 06.24410 09 17 07.81 +05 21 29.3          21.4 Vo~0TYQ291
     K11E04W tC2011 03 06.24777 09 17 06.71 +05 21 23.9          21.6 Vo~0TYQ291
     K11E04W HC2011 03 09.28128 09 03 30.27 +04 05 12.7                o~0TYQ291
     K11E04W HC2011 03 09.28532 09 03 29.15 +04 05 05.7                o~0TYQ291
     K11E04W HC2011 03 09.28901 09 03 28.19 +04 05 00.2                o~0TYQ291
     K11E04W HC2011 03 10.31204 08 58 47.71 +03 37 50.6                o~0TYQ291
     K11E04W HC2011 03 10.31575 08 58 46.73 +03 37 44.1                o~0TYQ291
     K11E04W HC2011 03 10.31941 08 58 45.63 +03 37 38.0                o~0TYQ291
     K11E04W tC2011 03 26.17328 07 46 42.92 -04 30 43.4          21.9 Vo~0U6E291
     K11E04W tC2011 03 26.17692 07 46 41.86 -04 30 51.5          21.6 Vo~0U6E291
     K11E04W tC2011 03 27.14051 07 42 31.82 -05 02 54.5          21.7 Vo~0U6E291
     K11E04W tC2011 03 27.14419 07 42 30.72 -05 03 02.5          21.3 Vo~0U6E291
     K11E04W tC2011 03 27.14801 07 42 29.67 -05 03 09.2          21.2 Vo~0U6E291
     K11E04W  C2014 09 22.36035 23 14 51.76 +22 21 54.1          22.1 Vq~196KG96
     K11E04W  C2014 09 22.36345 23 14 51.32 +22 21 51.2          21.7 Vq~196KG96
     K11E04W  C2014 09 22.36588 23 14 50.98 +22 21 49.0          21.9 Vq~196KG96
     K11E04W  C2014 09 22.36832 23 14 50.63 +22 21 46.6          21.7 Vq~196KG96
     K11E04W  C2014 09 22.40193 23 14 46.07 +22 21 15.9          21.1 Vq~196KG96
     K11E04W  C2014 09 22.40278 23 14 45.97 +22 21 14.5          21.0 Vq~196KG96
     K11E04W  C2014 09 22.40362 23 14 45.81 +22 21 13.6          21.3 Vq~196KG96
     K11E04W KC2014 09 22.85394923 13 53.107+22 14 34.22         21.5 Rq~196KJ04
     K11E04W KC2014 09 22.86165823 13 52.085+22 14 26.91         21.2 Rq~196KJ04
     K11E04W KC2014 09 22.86937223 13 51.104+22 14 21.01         21.4 Rq~196KJ04
     K11E04W KC2014 09 29.16354923 03 29.47 +20 41 33.6          21.8 Vu~19zHH21
     K11E04W KC2014 09 29.17804923 03 28.24 +20 41 20.0          22.1 Vu~19zHH21
     K11E04W KC2014 09 29.19386123 03 26.92 +20 41 06.9          21.9 Vu~19zHH21
