     K11T08Q* C2011 10 06.28177 03 21 36.43 +21 19 31.0          19.5 Vr~0YyUG96
     K11T08Q  C2011 10 06.28876 03 21 30.85 +21 19 58.4          19.8 Vr~0YyUG96
     K11T08Q  C2011 10 06.29579 03 21 25.30 +21 20 26.6          19.6 Vr~0YyUG96
     K11T08Q  C2011 10 06.30281 03 21 19.80 +21 20 53.9          19.4 Vr~0YyUG96
     K11T08Q KC2011 10 07.10903 03 12 00.67 +22 05 25.7                u~0YyUJ95
     K11T08Q KC2011 10 07.11455 03 11 56.97 +22 05 42.7                u~0YyUJ95
     K11T08Q KC2011 10 07.11894 03 11 54.06 +22 05 55.6          19.5 Ru~0YyUJ95
     K11T08Q KC2011 10 07.28823403 10 11.90 +22 14 34.5          20.7 Vt~0YyUH21
     K11T08Q KC2011 10 07.29318603 10 08.64 +22 14 48.7          20.4 Vt~0YyUH21
     K11T08Q KC2011 10 07.29813603 10 05.42 +22 15 03.3          20.2 Vt~0YyUH21
     K11T08Q KC2011 10 07.30310803 10 02.13 +22 15 17.8          20.6 Vt~0YyUH21
     K11T08Q KC2011 10 08.26723803 01 04.99 +22 55 32.3          20.6 Vo~0YyUH21
     K11T08Q KC2011 10 08.27399303 01 01.23 +22 55 47.6          20.6 Vo~0YyUH21
     K11T08Q KC2011 10 08.28070103 00 57.54 +22 56 02.9          20.4 Vo~0YyUH21
     K11T08Q KC2011 10 08.41748202 59 43.70 +23 00 56.9          19.6 Ru~0YyUH36
     K11T08Q KC2011 10 08.42192602 59 41.37 +23 01 05.6          20.1 Ru~0YyUH36
     K11T08Q  C2011 10 09.27718902 53 09.89 +23 28 22.4          20.3 Vo~0ZANH21
     K11T08Q  C2011 10 09.27920502 53 08.95 +23 28 26.3          20.3 Vo~0ZANH21
     K11T08Q  C2011 10 09.28319202 53 07.08 +23 28 33.3          20.5 Vo~0ZANH21
     K11T08Q  C2011 10 09.28716402 53 05.20 +23 28 40.5          20.8 Vo~0ZANH21
     K11T08Q  C2011 10 09.29112402 53 03.34 +23 28 47.1          20.8 Vo~0ZANH21
     K11T08Q HC2011 10 19.29125 02 13 07.22 +25 18 19.6                o~0ZAN291
     K11T08Q HC2011 10 19.29345 02 13 06.91 +25 18 19.2                o~0ZAN291
     K11T08Q HC2011 10 19.29565 02 13 06.55 +25 18 20.3                o~0ZAN291
     K11T08Q HC2011 10 20.43855 02 10 37.36 +25 19 54.3                o~0ZAN291
     K11T08Q HC2011 10 20.44060 02 10 37.06 +25 19 55.6                o~0ZAN291
     K11T08Q HC2011 10 20.44265 02 10 36.81 +25 19 54.9                o~0ZAN291
     K11T08Q KC2011 10 30.21272901 56 58.10 +25 04 30.5          22.3 Vo~0a0CH21
     K11T08Q KC2011 10 30.22519801 56 57.22 +25 04 28.9          22.6 Vo~0a0CH21
     K11T08Q KC2011 10 30.23998901 56 56.21 +25 04 26.0          22.2 Vo~0a0CH21
