     K11B11W* C2011 01 26.26508 08 02 34.22 +14 47 07.1          19.8 Vr~0Rug703
     K11B11W  C2011 01 26.27201 08 02 33.32 +14 48 40.0          19.6 Vr~0Rug703
     K11B11W  C2011 01 26.27890 08 02 32.35 +14 50 10.4          19.1 Vr~0Rug703
     K11B11W  C2011 01 26.28580 08 02 31.48 +14 51 38.9          19.6 Vr~0Rug703
     K11B11W  C2011 01 26.43865 08 02 18.38 +15 19 01.1          19.6 Vr~0RugG96
     K11B11W  C2011 01 26.44081 08 02 18.34 +15 19 20.8          19.5 Vr~0RugG96
     K11B11W  C2011 01 26.44300 08 02 18.31 +15 19 39.6          20.1 Vr~0RugG96
     K11B11W  C2011 01 26.44516 08 02 18.27 +15 19 59.8          20.3 Vr~0RugG96
     K11B11W KC2011 01 27.23010 08 03 32.01 +16 34 37.5          20.4 Rt~0RugG58
     K11B11W KC2011 01 27.23471 08 03 31.68 +16 34 54.5          20.9 Rt~0RugG58
     K11B11W KC2011 01 27.23932 08 03 31.33 +16 35 11.1          20.7 Rt~0RugG58
     K11B11W ]C2011 01 28.20383 08 03 48.32 +17 12 14.1          22.1 Vo~0Rug695
     K11B11W ]C2011 01 28.20571 08 03 48.21 +17 12 17.4          22.2 Vo~0Rug695
     K11B11W ]C2011 01 28.20736 08 03 48.11 +17 12 20.2          21.8 Vo~0Rug695
     K11B11W ]C2011 01 28.20902 08 03 48.03 +17 12 23.3          22.2 Vo~0Rug695
