     K11A37A* C2011 01 13.32845 09 17 34.08 +03 30 59.2          19.4 Vr~0RX4703
     K11A37A  C2011 01 13.33624 09 17 33.07 +03 30 45.7          19.2 Vr~0RX4703
     K11A37A  C2011 01 13.35501 09 17 30.55 +03 30 14.3          19.3 Vr~0RX4703
     K11A37A  C2011 01 13.38998 09 17 25.79 +03 29 14.6          19.2 Vr~0RX4703
     K11A37A  C2011 01 13.39580 09 17 25.10 +03 29 06.0          19.5 Vr~0RX4703
     K11A37A  C2011 01 13.40164 09 17 24.34 +03 28 55.9                r~0RX4703
     K11A37A  C2011 01 13.40748 09 17 23.64 +03 28 46.1          19.7 Vr~0RX4703
     K11A37A  C2011 01 13.67285 09 16 56.51 +03 21 14.7          19.5 Ro~0RX4300
     K11A37A  C2011 01 13.67747 09 16 55.89 +03 21 06.8          19.8 Ro~0RX4300
     K11A37A  C2011 01 13.68209 09 16 55.36 +03 20 58.8          19.5 Ro~0RX4300
     K11A37A  C2011 01 13.68912 09 16 54.37 +03 20 47.1          19.6 Ro~0RX4300
     K11A37A  C2011 01 13.69374 09 16 53.71 +03 20 39.9          19.6 Ro~0RX4300
     K11A37A  C2011 01 13.69835 09 16 53.13 +03 20 31.4          19.6 Ro~0RX4300
     K11A37A  C2011 01 13.70824 09 16 51.77 +03 20 15.1          19.4 Ro~0RX4300
     K11A37A KC2011 01 14.12485 09 16 04.70 +03 08 21.7                v~0Rto204
     K11A37A KC2011 01 14.13467 09 16 03.44 +03 08 05.3                v~0Rto204
     K11A37A KC2011 01 14.14427 09 16 02.20 +03 07 48.9          18.6 Rv~0Rto204
     K11A37A  C2011 01 14.43517 09 15 30.39 +02 59 56.5          19.8 Vo~0Rto291
     K11A37A  C2011 01 14.43883 09 15 29.90 +02 59 50.3          19.7 Vo~0Rto291
     K11A37A  C2011 01 14.44246 09 15 29.40 +02 59 44.2          19.8 Vo~0Rto291
     K11A37A KC2011 01 17.20712809 10 07.44 +01 44 07.3          19.9 Vr~0RtoH21
     K11A37A KC2011 01 17.21001209 10 07.08 +01 44 01.4          19.6 Vr~0RtoH21
     K11A37A KC2011 01 17.21287709 10 06.64 +01 43 57.6          19.7 Vr~0RtoH21
     K11A37A  C2011 01 27.26692 08 46 58.65 -02 11 18.6          19.3 Vr~0Rto703
     K11A37A  C2011 01 27.27387 08 46 57.43 -02 11 25.8          19.3 Vr~0Rto703
     K11A37A  C2011 01 27.28086 08 46 56.24 -02 11 33.9          19.5 Vr~0Rto703
     K11A37A `C2011 01 27.57931 08 46 12.38 -02 15 56.0          19.1 Ru~0RtoD90
     K11A37A `C2011 01 27.59041 08 46 10.48 -02 16 08.6          18.5 Ru~0RtoD90
     K11A37A  C2011 01 29.54479 08 41 21.93 -02 51 29.2          18.9 Ro~0SGQ474
     K11A37A  C2011 01 29.54606 08 41 21.73 -02 51 30.6          19.0 Ro~0SGQ474
     K11A37A  C2011 01 29.54838 08 41 21.32 -02 51 33.0          18.9 Ro~0SGQ474
     K11A37A  C2011 01 30.09804 08 40 02.65 -03 01 01.1          18.6 Ro~0SGQ844
     K11A37A  C2011 01 30.10720 08 40 01.12 -03 01 10.4          18.2 Ro~0SGQ844
     K11A37A  C2011 01 30.11042 08 40 00.53 -03 01 13.8          18.1 Ro~0SGQ844
     K11A37A  C2011 01 30.11819 08 39 59.22 -03 01 21.4          18.0 Ro~0SGQ844
     K11A37A KC2011 01 31.25767008 37 11.65 -03 21 12.8          19.4 Vo~0SWqH21
     K11A37A KC2011 01 31.26122908 37 11.02 -03 21 16.0          18.6 Vo~0SWqH21
     K11A37A KC2011 01 31.26545108 37 10.32 -03 21 19.8          19.5 Vo~0SWqH21
     K11A37A  C2011 02 01.93660 08 33 10.91 -03 45 59.7                o~0SGQ046
     K11A37A  C2011 02 01.93943 08 33 10.51 -03 46 02.2                o~0SGQ046
     K11A37A  C2011 02 01.94083 08 33 10.26 -03 46 03.6                o~0SGQ046
     K11A37A  C2011 02 01.94506 08 33 09.58 -03 46 06.9                o~0SGQ046
     K11A37A  C2011 02 01.94646 08 33 09.32 -03 46 07.4                o~0SGQ046
     K11A37A  C2011 02 04.55266 08 27 05.98 -04 16 56.1          19.6 Ro~0SGQ474
     K11A37A  C2011 02 04.55370 08 27 05.74 -04 16 56.2          19.4 Ro~0SGQ474
     K11A37A  C2011 02 04.55811 08 27 05.16 -04 16 59.2          18.8 Ro~0SGQ474
     K11A37A  C2011 02 04.55914 08 27 04.97 -04 17 00.4          19.0 Ro~0SGQ474
     K11A37A KC2011 02 05.04430 08 26 03.61 -04 22 29.5          19.4 Vu~0SWqI20
     K11A37A KC2011 02 05.06554 08 26 00.30 -04 22 44.4          19.7 Vu~0SWqI20
     K11A37A KC2011 02 05.08903 08 25 56.61 -04 22 59.3          19.5 Vu~0SWqI20
     K11A37A KC2011 02 19.21250108 02 09.63 -05 28 25.3          19.2 Vo~0SztH21
     K11A37A KC2011 02 19.21996508 02 09.01 -05 28 25.5          19.3 Vo~0SztH21
     K11A37A KC2011 02 19.22721708 02 08.38 -05 28 25.1          19.8 Vo~0SztH21
     K11A37A KC2011 03 03.16239507 56 08.18 -04 48 11.8          20.6 Vo~0TAeH21
     K11A37A KC2011 03 03.17031807 56 08.07 -04 48 09.2          20.3 Vo~0TAeH21
     K11A37A KC2011 03 03.17572007 56 07.95 -04 48 07.8          20.5 Vo~0TAeH21
