     K11SC0Y* C2011 09 26.34936 00 10 49.51 +01 58 51.7          21.0 Vr~0YaSG96
     K11SC0Y  C2011 09 26.35398 00 10 47.71 +01 59 09.6          21.3 Vr~0YaSG96
     K11SC0Y  C2011 09 26.35868 00 10 45.84 +01 59 28.0          20.9 Vr~0YaSG96
     K11SC0Y  C2011 09 26.36333 00 10 44.04 +01 59 46.4          20.8 Vr~0YaSG96
     K11SC0Y  C2011 09 26.40113 00 10 29.35 +02 02 14.1          20.3 Vr~0YaSG96
     K11SC0Y  C2011 09 26.40968 00 10 25.92 +02 02 47.4          21.1 Vr~0YaSG96
     K11SC0Y HC2011 09 26.41631 00 10 23.46 +02 03 12.3                o~0YaS291
     K11SC0Y  C2011 09 26.41811 00 10 22.65 +02 03 20.2          21.2 Vr~0YaSG96
     K11SC0Y HC2011 09 26.42019 00 10 21.92 +02 03 28.1                o~0YaS291
     K11SC0Y  C2011 09 26.42664 00 10 19.32 +02 03 53.5          21.1 Vr~0YaSG96
     K11SC0Y HC2011 09 26.43041 00 10 18.01 +02 04 07.2                o~0YaS291
     K11SC0Y HC2011 09 26.43411 00 10 16.40 +02 04 22.7                o~0YaS291
     K11SC0Y HC2011 09 26.43780 00 10 14.95 +02 04 38.5                o~0YaS291
     K11SC0Y KC2011 09 27.91726 00 00 44.02 +03 42 16.6                u~0YaSJ95
     K11SC0Y FC2011 09 27.92499 00 00 40.95 +03 42 49.0                u~0YaSJ95
     K11SC0Y  C2011 09 28.31597 23 58 05.73 +04 09 10.1          21.0 Vr~0YaSG96
     K11SC0Y  C2011 09 28.31740 23 58 05.16 +04 09 15.8          20.7 Vr~0YaSG96
     K11SC0Y  C2011 09 28.31879 23 58 04.40 +04 09 22.5          21.8 Vr~0YaSG96
     K11SC0Y  C2011 09 28.32019 23 58 03.93 +04 09 27.6          20.9 Vr~0YaSG96
     K11SC0Y  C2011 09 29.35175 23 51 11.21 +05 19 13.3          20.6 Ro~0YaSH01
     K11SC0Y  C2011 09 29.35879 23 51 08.31 +05 19 41.8          20.5 Ro~0YaSH01
     K11SC0Y  C2011 09 29.36613 23 51 05.29 +05 20 11.8          20.5 Ro~0YaSH01
     K11SC0Y  C2011 09 29.37235 23 51 02.74 +05 20 37.5          21.0 Ro~0YaSH01
     K11SC0Y  C2011 09 29.38020 23 50 59.53 +05 21 09.3          21.7 Ro~0YaSH01
     K11SC0Y  C2011 10 01.17985 23 38 48.20 +07 24 04.3          21.2 Ro~0YwxH01
     K11SC0Y  C2011 10 01.18817 23 38 44.70 +07 24 38.6          20.1 Ro~0YwxH01
     K11SC0Y  C2011 10 01.19736 23 38 40.80 +07 25 16.6          20.9 Ro~0YwxH01
     K11SC0Y  C2011 10 01.20616 23 38 37.10 +07 25 52.7          20.4 Ro~0YwxH01
     K11SC0Y KC2011 10 02.10727723 32 25.47 +08 27 27.2          20.9 Vt~0YwxH21
     K11SC0Y KC2011 10 02.12039623 32 20.01 +08 28 21.1          21.2 Vt~0YwxH21
     K11SC0Y KC2011 10 02.13233723 32 14.92 +08 29 10.3          21.6 Vt~0YwxH21
     K11SC0Y  C2012 03 23.27713 11 15 43.66 +13 17 11.9          19.0  c~0fFT704
     K11SC0Y  C2012 03 23.28772 11 15 29.29 +13 11 26.5          17.9  c~0fFT704
     K11SC0Y  C2012 03 23.29863 11 15 14.58 +13 05 33.1          18.3  c~0fFT704
     K11SC0Y  C2012 03 23.30927 11 15 00.22 +12 59 47.6          18.3  c~0fFT704
     K11SC0Y KC2012 03 24.00594811 00 54.69 +06 55 09.5                u~0fFTJ95
     K11SC0Y KC2012 03 24.00765411 00 52.66 +06 54 18.1                u~0fFTJ95
     K11SC0Y KC2012 03 24.00938211 00 50.64 +06 53 26.2                u~0fFTJ95
     K11SC0Y KC2012 03 24.01531211 00 43.62 +06 50 27.6          17.1 Ru~0fFTJ95
     K11SC0Y KC2012 03 24.06793 10 59 48.75 +06 27 44.2          17.2 Vu~0fFTI39
     K11SC0Y KC2012 03 24.07298 10 59 42.80 +06 25 14.6          17.2 Vu~0fFTI39
     K11SC0Y KC2012 03 24.07891 10 59 35.74 +06 22 16.7          17.3 Vu~0fFTI39
     K11SC0Y  C2012 03 24.10059 10 59 16.80 +06 08 37.9          17.9 Vo~0fFTG48
     K11SC0Y  C2012 03 24.10090 10 59 16.41 +06 08 29.1          17.9 Vo~0fFTG48
     K11SC0Y  C2012 03 24.10319 10 59 13.73 +06 07 21.4          18.2 Vo~0fFTG48
     K11SC0Y  C2012 03 24.10353 10 59 13.34 +06 07 10.5          18.3 Vo~0fFTG48
     K11SC0Y  C2012 03 24.10850 10 59 07.63 +06 04 43.7          18.5 Ro~0fjFG48
     K11SC0Y  C2012 03 24.10890 10 59 07.13 +06 04 32.1          18.4 Ro~0fjFG48
     K11SC0Y  C2012 03 24.10929 10 59 06.71 +06 04 19.7          18.2 Ro~0fjFG48
     K11SC0Y  C2012 03 24.10969 10 59 06.24 +06 04 07.9          18.3 Ro~0fjGG48
     K11SC0Y  C2012 03 24.12863 10 58 36.90 +05 57 39.9                o~0fFT844
     K11SC0Y  C2012 03 24.12933 10 58 36.24 +05 57 21.1                o~0fFT844
     K11SC0Y  C2012 03 24.13002 10 58 35.30 +05 56 59.2                o~0fFT844
     K11SC0Y  C2012 03 24.13072 10 58 34.33 +05 56 37.0                o~0fFT844
     K11SC0Y  C2012 03 24.13142 10 58 33.53 +05 56 16.7                o~0fFT844
     K11SC0Y  C2012 03 24.21603 10 57 02.78 +05 11 56.2          18.2  c~0fFT704
     K11SC0Y  C2012 03 24.22667 10 56 50.49 +05 06 44.8          18.1  c~0fFT704
     K11SC0Y KC2012 03 24.22787 10 56 47.45 +05 05 58.5          17.4 Ru~0fFTH36
     K11SC0Y KC2012 03 24.22864 10 56 46.58 +05 05 36.3          17.3 Ru~0fFTH36
     K11SC0Y KC2012 03 24.22995 10 56 45.07 +05 04 57.8          17.2 Ru~0fFTH36
     K11SC0Y KC2012 03 24.23074 10 56 44.15 +05 04 34.6          17.4 Ru~0fFTH36
     K11SC0Y  C2012 03 24.23733 10 56 38.20 +05 01 34.2          18.3  c~0fFT704
     K11SC0Y  C2012 03 24.24801 10 56 25.93 +04 56 23.4          18.2  c~0fFT704
     K11SC0Y  C2012 03 24.25901 10 56 13.29 +04 51 03.5          18.6  c~0fFT704
     K11SC0Y  C2012 03 24.27785 10 55 51.71 +04 41 56.5          18.6  c~0fFT704
     K11SC0Y  C2012 03 24.28854 10 55 39.54 +04 36 46.3          18.8  c~0fFT704
     K11SC0Y  C2012 03 24.29914 10 55 27.46 +04 31 39.7          19.1  c~0fFT704
     K11SC0Y  C2012 03 24.30971 10 55 15.46 +04 26 34.3          19.2  c~0fFT704
     K11SC0Y  C2012 03 24.32044 10 55 03.30 +04 21 24.7          18.9  c~0fFT704
     K11SC0Y KC2012 03 25.04823 10 42 43.77 -01 08 59.8                t~0fFT204
     K11SC0Y KC2012 03 25.05471 10 42 37.43 -01 11 45.7                t~0fFT204
     K11SC0Y KC2012 03 25.06119 10 42 31.13 -01 14 30.9          18.2 Rt~0fFT204
     K11SC0Y 2C2015 09 10.54309600 41 42.325-26 42 54.94         23.3 Rt~1XR0568
     K11SC0Y 2C2015 09 10.54643600 41 41.395-26 42 50.78         23.1 Rt~1XR0568
     K11SC0Y 2C2015 09 15.45501400 17 47.567-24 40 51.81         22.1 Rt~1XR0568
     K11SC0Y 2C2015 09 15.45756100 17 46.730-24 40 47.24         22.1 Rt~1XR0568
