     K11UD1A* C2011 10 23.44296 04 16 37.139+10 17 55.68         22.0 wL~0ZY9F51
     K11UD1A  C2011 10 23.45785 04 16 36.230+10 17 44.47         21.7 wL~0ZY9F51
     K11UD1A  C2011 10 23.47272 04 16 35.301+10 17 32.94         21.9 wL~0ZY9F51
     K11UD1A  C2011 10 23.48767 04 16 34.398+10 17 22.06         21.6 wL~0ZY9F51
     K11UD1A %C2011 10 24.35022304 15 42.98 +10 06 32.3          21.0 Rt~0ZY9F65
     K11UD1A %C2011 10 24.35299704 15 42.80 +10 06 30.3          21.4 Rt~0ZY9F65
     K11UD1A %C2011 10 24.35577904 15 42.62 +10 06 28.4          21.1 Rt~0ZY9F65
     K11UD1A  C2011 10 24.36394 04 15 41.83 +10 06 21.3          21.4 Ro~0ZY9H01
     K11UD1A  C2011 10 24.36845 04 15 41.55 +10 06 17.9          21.3 Ro~0ZY9H01
     K11UD1A  C2011 10 24.37703 04 15 41.01 +10 06 11.3          21.2 Ro~0ZY9H01
     K11UD1A  C2011 10 24.38823 04 15 40.31 +10 06 03.0          21.6 Ro~0ZY9H01
     K11UD1A 2C2011 10 24.54145704 15 30.970+10 04 08.86         21.4 Ro~0ZYA568
     K11UD1A 2C2011 10 24.54271104 15 30.890+10 04 07.92         21.3 Ro~0ZYA568
     K11UD1A 2C2011 10 24.54396404 15 30.813+10 04 06.96         21.3 Ro~0ZYA568
     K11UD1A KC2011 10 25.36280 04 14 40.59 +09 53 49.1          21.7 Vt~0ZYAH21
     K11UD1A KC2011 10 25.38338 04 14 39.29 +09 53 33.3          21.2 Vt~0ZYAH21
     K11UD1A HC2011 10 28.47591 04 11 21.80 +09 14 57.4                o~0ZYA291
     K11UD1A HC2011 10 28.47952 04 11 21.65 +09 14 54.6                o~0ZYA291
     K11UD1A HC2011 10 28.48312 04 11 21.36 +09 14 52.2                o~0ZYA291
     K11UD1A HC2011 10 29.27874 04 10 29.24 +09 04 59.7                o~0a1P291
     K11UD1A HC2011 10 29.28235 04 10 28.98 +09 04 57.3                o~0a1P291
     K11UD1A HC2011 10 29.28594 04 10 28.71 +09 04 54.4                o~0a1P291
     K11UD1A KC2011 10 30.33459804 09 18.26 +08 51 55.6          20.7 Vo~0a1PH21
     K11UD1A KC2011 10 30.35459204 09 16.89 +08 51 41.2          21.2 Vo~0a1PH21
     K11UD1A HC2011 10 31.30650 04 08 12.37 +08 39 59.3                o~0a1P291
     K11UD1A HC2011 10 31.30905 04 08 12.17 +08 39 57.1                o~0a1P291
     K11UD1A HC2011 10 31.31163 04 08 11.99 +08 39 55.0                o~0a1P291
     K11UD1A mC2011 11 02.44899 04 05 43.64 +08 13 52.8                o~0a1P291
     K11UD1A mC2011 11 02.45259 04 05 43.32 +08 13 50.1                o~0a1P291
     K11UD1A mC2011 11 02.45618 04 05 43.03 +08 13 46.8                o~0a1P291
     K11UD1A mC2011 11 03.39954 04 04 36.59 +08 02 24.3                o~0a1P291
     K11UD1A mC2011 11 03.40478 04 04 36.25 +08 02 20.9                o~0a1P291
     K11UD1A mC2011 11 03.40805 04 04 35.99 +08 02 17.6                o~0a1P291
     K11UD1A mC2011 11 17.22862 03 47 48.16 +05 28 52.8                o~0aSl291
     K11UD1A mC2011 11 17.23201 03 47 47.90 +05 28 52.5                o~0aSl291
     K11UD1A mC2011 11 17.23544 03 47 47.65 +05 28 50.6                o~0aSl291
     K11UD1A KC2011 12 26.06769603 14 04.24 +01 57 16.4                o~0beXH21
     K11UD1A KC2011 12 26.09406503 14 03.57 +01 57 15.4          22.9 Vo~0beXH21
     K11UD1A KC2011 12 26.12361203 14 02.77 +01 57 13.4          23.0 Vo~0beXH21
     K11UD1A .C2015 08 24.19831 03 38 43.28 +27 20 39.0          20.1 Rt~1WVt950
     K11UD1A .C2015 08 24.19934 03 38 43.33 +27 20 38.5          20.1 Rt~1WVt950
     K11UD1A .C2015 08 24.20036 03 38 43.39 +27 20 38.0          20.2 Rt~1WVt950
     K11UD1A .C2015 08 24.20139 03 38 43.44 +27 20 37.6          20.2 Rt~1WVt950
     K11UD1A  C2015 09 09.52625 03 47 27.116+24 45 59.08         20.7 wL~1Wk1F51
     K11UD1A  C2015 09 09.53802 03 47 27.210+24 45 51.27         20.7 wL~1Wk1F51
     K11UD1A  C2015 09 09.54981 03 47 27.311+24 45 43.37         20.8 wL~1Wk1F51
     K11UD1A  C2015 09 09.56163 03 47 27.411+24 45 35.53         20.8 wL~1Wk1F51
     K11UD1A  C2015 09 20.46112 03 46 46.77 +22 29 41.2          21.0 Vq~1XvcG96
     K11UD1A  C2015 09 20.46722 03 46 46.63 +22 29 36.0          21.1 Vq~1XvcG96
     K11UD1A  C2015 09 20.47332 03 46 46.49 +22 29 30.6          21.1 Vq~1XvcG96
     K11UD1A  C2015 09 20.47944 03 46 46.35 +22 29 26.1          21.0 Vq~1XvcG96
     K11UD1A  C2015 10 08.43245 03 34 38.131+17 49 07.08         20.6 wL~1XuxF51
     K11UD1A  C2015 10 08.44426 03 34 37.381+17 48 54.98         20.5 wL~1XuxF51
     K11UD1A  C2015 10 08.45604 03 34 36.636+17 48 42.80         20.5 wL~1XuxF51
     K11UD1A  C2015 10 08.46778 03 34 35.891+17 48 30.68         20.5 wL~1XuxF51
     K11UD1A  C2015 10 09.42923 03 33 36.582+17 31 49.28         20.6 wL~1XuxF51
     K11UD1A  C2015 10 09.44100 03 33 35.818+17 31 37.06         20.6 wL~1XuxF51
     K11UD1A  C2015 10 09.45277 03 33 35.046+17 31 24.90         20.6 wL~1XuxF51
     K11UD1A  C2015 10 09.46462 03 33 34.273+17 31 12.53         20.5 wL~1XuxF51
     K11UD1A  C2015 10 11.81173 03 31 01.64 +16 49 56.7          20.4 Rq~1YdlD29
     K11UD1A  C2015 10 11.82848 03 31 00.49 +16 49 38.8          19.6 Rq~1YdlD29
     K11UD1A  C2015 10 11.84524 03 30 59.38 +16 49 20.0          20.5 Rq~1YdlD29
     K11UD1A  C2015 10 22.36027 03 18 01.29 +13 39 20.3          20.9 rR~1ad6G45
     K11UD1A  C2015 10 22.36546 03 18 00.88 +13 39 14.8          20.9 rR~1ad6G45
     K11UD1A  C2015 10 22.37078 03 18 00.46 +13 39 09.4          21.1 rR~1ad6G45
     K11UD1A  C2015 10 22.37654 03 17 59.97 +13 39 03.0          21.1 rR~1ad6G45
     K11UD1A  C2015 11 03.28900 03 01 59.21 +10 09 25.1          20.2 Vq~1bQU703
     K11UD1A  C2015 11 03.31348 03 01 57.17 +10 09 00.6          20.8 Vq~1bQU703
     K11UD1A  C2015 11 08.37408 02 55 22.21 +08 47 30.7          20.4 Vq~1cHMG96
     K11UD1A  C2015 11 08.38020 02 55 21.75 +08 47 25.0          20.6 Vq~1cHMG96
     K11UD1A  C2015 11 08.38629 02 55 21.25 +08 47 19.6          20.2 Vq~1cHMG96
     K11UD1A  C2015 11 08.39240 02 55 20.76 +08 47 13.8          20.5 Vq~1cHMG96
     K11UD1A  C2015 12 08.30846 02 28 43.128+03 29 12.46         21.6 wL~1fM0F51
     K11UD1A  C2015 12 08.31966 02 28 42.820+03 29 08.84         21.4 wL~1fM0F51
     K11UD1A  C2015 12 08.33089 02 28 42.492+03 29 05.07         21.5 wL~1fM0F51
     K11UD1A  C2015 12 08.34214 02 28 42.168+03 29 01.25         21.6 wL~1fM0F51
     K11UD1A  C2016 01 04.24542 02 26 52.325+02 30 41.81         22.2 wL~1hV6F51
     K11UD1A  C2016 01 04.25826 02 26 52.510+02 30 42.12         22.2 wL~1hV6F51
     K11UD1A  C2016 01 04.27110 02 26 52.718+02 30 42.52         22.4 wL~1hV6F51
