f4990K11E51M* C2011 03 10.43456 13 39 26.52 -04 34 06.5          20.2 Vo~0Tt1691
f4990K11E51M  C2011 03 10.45223 13 39 28.03 -04 34 03.3          20.7 Vo~0Tt1691
f4990K11E51M  C2011 03 10.46990 13 39 29.47 -04 33 59.2          20.5 Vo~0Tt1691
f4990K11E51M  C2011 03 10.50992 13 39 32.90 -04 33 50.8          21.0 Vo~0Tt1291
f4990K11E51M  C2011 03 10.51366 13 39 33.25 -04 33 49.9          20.9 Vo~0Tt1291
f4990K11E51M  C2011 03 10.51744 13 39 33.56 -04 33 49.1          21.0 Vo~0Tt1291
f4990K11E51M  C2011 03 11.43017 13 41 01.79 -04 30 35.2          21.4 Vo~0Tt1291
f4990K11E51M HC2011 03 11.43414 13 41 02.17 -04 30 34.0                o~0Tt1291
f4990K11E51M HC2011 03 11.43789 13 41 02.42 -04 30 34.6                o~0Tt1291
f4990K11E51M KC2011 03 13.30662113 44 05.84 -04 22 48.7          20.1 Vo~0Tt1H21
f4990K11E51M KC2011 03 13.31426113 44 06.51 -04 22 46.7          20.0 Vo~0Tt1H21
f4990K11E51M KC2011 03 13.32190813 44 07.20 -04 22 44.6          20.4 Vo~0Tt1H21
f4990K11E51M KC2011 03 13.32939813 44 07.85 -04 22 42.6          20.7 Vo~0Tt1H21
f4990K11E51M KC2011 03 13.38966 13 44 13.38 -04 22 25.5          19.9 Ru~0Tt1H36
f4990K11E51M KC2011 03 13.39752 13 44 14.14 -04 22 23.0          20.1 Ru~0Tt1H36
f4990K11E51M  C2011 03 13.42647 13 44 17.11 -04 22 12.3          21.5 Vo~0Tt1291
f4990K11E51M  C2011 03 13.43030 13 44 17.47 -04 22 11.0          21.1 Vo~0Tt1291
f4990K11E51M  C2011 03 13.43454 13 44 17.83 -04 22 09.8          21.2 Vo~0Tt1291
f4990K11E51M KC2011 03 13.44390 13 44 18.28 -04 22 09.9          20.2 Ru~0Tt1H36
f4990K11E51M  C2011 03 14.28155 13 45 44.44 -04 18 01.1          21.0 Vo~0Tt1291
f4990K11E51M  C2011 03 14.28531 13 45 44.78 -04 17 59.6          21.1 Vo~0Tt1291
f4990K11E51M  C2011 03 14.28906 13 45 45.13 -04 17 58.4          20.8 Vo~0Tt1291
f4990K11E51M  C2011 03 14.42666 13 45 57.57 -04 17 17.4          20.3 Vo~0Tt1691
f4990K11E51M  C2011 03 14.44432 13 45 59.14 -04 17 11.8          19.9 Vo~0Tt1691
f4990K11E51M  C2011 03 14.46200 13 46 00.75 -04 17 06.2          20.6 Vo~0Tt1691
f4990K11E51M KC2011 03 17.26409913 50 55.37 -04 00 34.7          20.6 Vo~0U1FH21
f4990K11E51M KC2011 03 17.27411213 50 56.36 -04 00 30.8          20.4 Vo~0U1FH21
f4990K11E51M KC2011 03 17.28421313 50 57.32 -04 00 26.9          20.4 Vo~0U1FH21
f4990K11E51M KC2011 03 18.33576 13 52 52.76 -03 53 00.4          19.6 Ru~0U1F448
f4990K11E51M KC2011 03 18.36400 13 52 55.56 -03 52 48.0          20.1 Ru~0U1F448
f4990K11E51M KC2011 03 18.39228 13 52 58.32 -03 52 35.8          20.6 Ru~0U1F448
f4990K11E51M  C2011 03 24.47265 14 05 25.36 -02 54 49.2                o~0U1F291
f4990K11E51M  C2011 03 24.47876 14 05 26.11 -02 54 44.8                o~0U1F291
f4990K11E51M  C2011 03 24.48246 14 05 26.58 -02 54 42.0                o~0U1F291
f4990K11E51M KC2011 03 25.12555 14 06 56.71 -02 46 58.3          19.3 Rv~0UW8204
f4990K11E51M KC2011 03 25.14508 14 06 59.23 -02 46 43.6                v~0UW8204
f4990K11E51M  C2011 03 25.44333 14 07 41.84 -02 42 48.5          19.6 Vr~0U1F703
f4990K11E51M  C2011 03 25.45036 14 07 42.96 -02 42 42.6          19.4 Vr~0U1F703
f4990K11E51M  C2011 03 25.45745 14 07 43.75 -02 42 37.0          18.9 Vr~0U1F703
f4990K11E51M  C2011 03 25.46440 14 07 44.50 -02 42 31.0          20.0 Vr~0U1F703
f4990K11E51M  C2011 03 25.47327 14 07 45.74 -02 42 24.3                o~0U1F291
f4990K11E51M  C2011 03 25.47698 14 07 46.25 -02 42 21.0                o~0U1F291
f4990K11E51M  C2011 03 25.48058 14 07 46.72 -02 42 18.7                o~0U1F291
f4990K11E51M  C2011 03 27.41548 14 12 38.16 -02 15 24.2          18.8 Vr~0U6SG96
f4990K11E51M  C2011 03 27.42347 14 12 39.27 -02 15 17.1          18.8 Vr~0U6SG96
f4990K11E51M  C2011 03 27.43154 14 12 40.39 -02 15 09.7          19.2 Vr~0U6SG96
f4990K11E51M  C2011 03 27.43962 14 12 41.54 -02 15 02.5          19.6 Vr~0U6SG96
f4990K11E51M KC2011 03 27.44901 14 12 42.65 -02 14 53.8          19.4 Ru~0U6S448
f4990K11E51M KC2011 03 27.45832 14 12 43.97 -02 14 46.0          18.8 Ru~0U6S448
f4990K11E51M KC2011 03 27.46427 14 12 44.82 -02 14 40.4          18.4 Ru~0U6S448
f4990K11E51M KC2011 03 27.47007 14 12 45.68 -02 14 35.2          18.8 Ru~0U6S448
f4990K11E51M KC2011 03 27.47577 14 12 46.43 -02 14 29.9          19.5 Ru~0U6S448
f4990K11E51M  C2011 03 28.41549 14 15 19.53 -01 59 50.6          19.9 Vo~0U6S291
f4990K11E51M  C2011 03 28.41935 14 15 20.09 -01 59 46.8          20.1 Vo~0U6S291
f4990K11E51M  C2011 03 28.42310 14 15 20.65 -01 59 43.2                o~0U6S291
f4990K11E51M KC2011 03 29.91362 14 19 40.68 -01 34 23.2          18.4 Rr~0U6SA17
f4990K11E51M KC2011 03 29.92535 14 19 42.68 -01 34 09.4          18.8 Rr~0U6SA17
f4990K11E51M KC2011 03 29.93709 14 19 44.68 -01 33 57.9          19.2 Rr~0U6SA17
f4990K11E51M  C2011 03 29.99064 14 19 53.43 -01 32 58.2                o~0UW8046
f4990K11E51M  C2011 03 29.99207 14 19 53.70 -01 32 56.7                o~0UW8046
f4990K11E51M  C2011 03 29.99338 14 19 53.92 -01 32 55.0                o~0UW8046
f4990K11E51M  C2011 03 29.99728 14 19 54.52 -01 32 50.9                o~0UW8046
f4990K11E51M  C2011 03 29.99858 14 19 54.77 -01 32 49.1                o~0UW8046
f4990K11E51M  C2011 03 30.45250 14 21 16.06 -01 24 10.3          19.2 Vo~0U6S291
f4990K11E51M  C2011 03 30.45646 14 21 16.73 -01 24 05.7          19.4 Vo~0U6S291
f4990K11E51M  C2011 03 30.46035 14 21 17.38 -01 24 01.3          19.7 Vo~0U6S291
f4990K11E51M  C2011 04 01.34580 14 27 32.18 -00 45 28.8          18.7 Vo~0U6S291
f4990K11E51M  C2011 04 01.35008 14 27 32.98 -00 45 23.2          19.0 Vo~0U6S291
f4990K11E51M  C2011 04 01.35457 14 27 33.83 -00 45 17.2          19.2 Vo~0U6S291
f4990K11E51M KC2011 04 01.45481 14 27 52.52 -00 43 03.9          19.0 Ru~0UW8448
f4990K11E51M KC2011 04 01.46193 14 27 53.81 -00 42 55.1          19.1 Ru~0UW8448
f4990K11E51M IC2011 04 01.46800 14 27 55.05 -00 42 46.5          18.6 Ru~0UW8448
f4990K11E51M IC2011 04 01.47358 14 27 56.14 -00 42 39.8          18.3 Ru~0UW8448
f4990K11E51M  C2011 04 02.98532 14 33 36.67 -00 07 05.9                o~0UW8046
f4990K11E51M  C2011 04 02.98638 14 33 36.89 -00 07 04.4                o~0UW8046
f4990K11E51M  C2011 04 02.98742 14 33 37.12 -00 07 02.7                o~0UW8046
f4990K11E51M  C2011 04 02.98846 14 33 37.34 -00 07 01.2                o~0UW8046
f4990K11E51M  C2011 04 02.98956 14 33 37.59 -00 06 59.4                o~0UW8046
f4990K11E51M  C2011 04 02.99061 14 33 37.82 -00 06 58.4                o~0UW8046
f4990K11E51M KC2011 04 03.99863 14 37 44.61 +00 19 37.2          18.3 Ru~0UW8157
f4990K11E51M KC2011 04 04.00156 14 37 45.30 +00 19 41.8          18.4 Ru~0UW8157
f4990K11E51M KC2011 04 04.00448 14 37 45.96 +00 19 46.7          18.4 Ru~0UW8157
f4990K11E51M KC2011 04 04.00701 14 37 46.57 +00 19 51.1          18.6 Ru~0UW8157
f4990K11E51M  C2011 04 05.41824 14 44 05.10 +01 01 12.0          17.9 Vr~0UW8703
f4990K11E51M  C2011 04 05.42526 14 44 06.86 +01 01 25.0          18.3 Vr~0UW8703
f4990K11E51M  C2011 04 05.43222 14 44 08.70 +01 01 38.2          18.1 Vr~0UW8703
f4990K11E51M  C2011 04 05.43922 14 44 10.50 +01 01 51.3          18.4 Vr~0UW8703
f4990K11E51M KC2011 04 06.09135 14 47 22.70 +01 22 28.6          17.8 Rc~0VFbA24
f4990K11E51M KC2011 04 06.09247 14 47 23.06 +01 22 30.7          18.0 Rc~0VFbA24
f4990K11E51M  C2011 04 06.38800 14 48 52.99 +01 32 33.7          18.5 Ru~0UW8H45
f4990K11E51M  C2011 04 06.39290 14 48 54.37 +01 32 44.0          18.4 Ru~0UW8H45
f4990K11E51M  C2011 04 06.39398 14 48 54.69 +01 32 45.7          18.4 Ru~0UW8H45
f4990K11E51M  C2011 04 06.39499 14 48 54.95 +01 32 47.7          18.5 Ru~0UW8H45
f4990K11E51M  C2011 04 06.39714 14 48 55.60 +01 32 52.2          18.5 Ru~0UW8H45
f4990K11E51M  C2011 04 06.39915 14 48 56.13 +01 32 56.6          18.5 Ru~0UW8H45
f4990K11E51M  C2011 04 07.18340 14 53 13.18 +02 00 17.9          18.5 Vo~0UW8H26
f4990K11E51M  C2011 04 07.18515 14 53 13.75 +02 00 21.9          18.4 Vo~0UW8H26
f4990K11E51M  C2011 04 07.18689 14 53 14.30 +02 00 25.4          18.2 Vo~0UW8H26
f4990K11E51M  C2011 04 07.18865 14 53 14.88 +02 00 29.2          18.3 Vo~0UW8H26
f4990K11E51M KC2011 04 08.98010 15 04 04.01 +03 11 23.8          17.8 Ru~0Uul157
f4990K11E51M KC2011 04 08.98208 15 04 04.74 +03 11 28.9          17.6 Ru~0Uul157
f4990K11E51M KC2011 04 08.98405 15 04 05.46 +03 11 34.1          17.8 Ru~0Uul157
f4990K11E51M KC2011 04 08.98579 15 04 06.11 +03 11 38.5          17.5 Ru~0Uul157
f4990K11E51M KC2011 04 10.05398 15 11 31.35 +04 00 01.1          17.6 Rc~0VFbA24
f4990K11E51M KC2011 04 10.05472 15 11 31.66 +04 00 03.2          17.4 Rc~0VFbA24
f4990K11E51M KC2011 04 10.10234 15 11 51.38 +04 02 19.9          17.5 Rc~0VFbA24
f4990K11E51M KC2011 04 10.10309 15 11 51.67 +04 02 22.1          17.4 Rc~0VFbA24
f4990K11E51M KC2011 04 11.00187 15 18 53.65 +04 47 27.6          17.7 Rc~0VXyA24
f4990K11E51M KC2011 04 11.00224 15 18 53.81 +04 47 28.9          17.8 Rc~0VXyA24
f4990K11E51M KC2011 04 11.00262 15 18 53.95 +04 47 29.5          17.8 Rc~0VXyA24
f4990K11E51M KC2011 04 11.03556 15 19 09.20 +04 49 13.7          18.4 Rc~0VXyA24
f4990K11E51M KC2011 04 11.05204 15 19 16.73 +04 50 05.9          17.7 Rc~0VXyA24
f4990K11E51M  C2011 04 12.37140 15 30 55.21 +06 04 36.1          18.0 Ru~0UulH36
f4990K11E51M  C2011 04 12.37226 15 30 55.65 +06 04 39.1          18.0 Ru~0UulH36
f4990K11E51M  C2011 04 12.37312 15 30 56.12 +06 04 42.4          18.0 Ru~0UulH36
f4990K11E51M  C2011 04 12.37399 15 30 56.60 +06 04 45.4          17.9 Ru~0UulH36
f4990K11E51M  C2011 04 12.37486 15 30 57.07 +06 04 48.7          18.1 Ru~0UulH36
f4990K11E51M  C2011 04 13.14100 15 38 41.01 +06 52 30.6          18.6 Ro~0UulH26
f4990K11E51M  C2011 04 13.14192 15 38 41.54 +06 52 33.9          18.6 Ro~0UulH26
f4990K11E51M  C2011 04 13.14569 15 38 43.83 +06 52 49.7          18.4 Ro~0UulH26
f4990K11E51M KC2011 04 15.94467 16 13 30.58 +10 21 54.4          17.7 Ru~0V9qB67
f4990K11E51M KC2011 04 15.95192 16 13 36.78 +10 22 32.0          17.5 Ru~0V9qB67
f4990K11E51M KC2011 04 15.95893 16 13 42.81 +10 23 08.1          17.2 Ru~0V9qB67
f4990K11E51M  C2011 04 16.71141 16 25 18.99 +11 29 39.1          17.8 Ro~0WjJ300
f4990K11E51M  C2011 04 16.71234 16 25 19.83 +11 29 44.1          17.6 Ro~0WjJ300
f4990K11E51M  C2011 04 16.71326 16 25 20.66 +11 29 48.9          17.3 Ro~0WjJ300
f4990K11E51M  C2011 04 16.71418 16 25 21.55 +11 29 54.0          17.7 Ro~0WjJ300
f4990K11E51M KC2011 04 18.01819 16 48 23.96 +13 32 54.1          16.8 Ru~0V9q160
f4990K11E51M KC2011 04 18.01969 16 48 25.62 +13 33 02.8          16.9 Ru~0V9q160
f4990K11E51M KC2011 04 18.02119 16 48 27.24 +13 33 11.7          17.1 Ru~0V9q160
f4990K11E51M KC2011 04 19.02368 17 08 49.79 +15 14 03.2          17.1 Ru~0V9q160
f4990K11E51M KC2011 04 19.02530 17 08 51.80 +15 14 13.4          17.2 Ru~0V9q160
f4990K11E51M KC2011 04 19.02693 17 08 53.84 +15 14 23.3          16.9 Ru~0V9q160
f4990K11E51M KC2011 04 20.02555 17 31 39.58 +16 56 58.8          17.8 Ru~0V9q160
f4990K11E51M KC2011 04 20.02641 17 31 40.83 +16 57 04.5          17.6 Ru~0V9q160
f4990K11E51M KC2011 04 20.02792 17 31 42.90 +16 57 13.1          17.7 Ru~0V9q160
f4990K11E51M KC2011 04 21.02600 17 56 53.05 +18 37 33.3          16.1 Ru~0V9q160
f4990K11E51M KC2011 04 21.02848 17 56 56.85 +18 37 48.1          16.4 Ru~0V9q160
f4990K11E51M KC2011 04 21.02965 17 56 58.64 +18 37 55.0          16.4 Ru~0V9q160
f4990K11E51M KC2011 04 22.00154 18 23 34.74 +20 08 04.3          17.2 Ru~0V9qB67
f4990K11E51M KC2011 04 22.00435 18 23 39.40 +20 08 19.9          17.3 Ru~0V9qB67
f4990K11E51M KC2011 04 22.00710 18 23 43.97 +20 08 35.0          17.5 Ru~0V9qB67
f4990K11E51M KC2011 04 22.03376 18 24 28.37 +20 11 09.1          16.8 Ru~0V9q160
f4990K11E51M KC2011 04 22.03559 18 24 31.41 +20 11 18.8          16.8 Ru~0V9q160
f4990K11E51M KC2011 04 22.03710 18 24 33.90 +20 11 27.0          16.8 Ru~0V9q160
f4990K11E51M KC2011 10 02.38186204 29 40.85 +17 07 33.7          23.3 Vo~0YvtH21
f4990K11E51M KC2011 10 02.39803704 29 40.10 +17 07 29.6          22.8 Vo~0YvtH21
f4990K11E51M KC2011 10 02.41547604 29 39.35 +17 07 25.2          22.8 Vo~0YvtH21
f4990K11E51M KC2011 10 03.38777904 28 59.38 +17 03 06.2          22.5 Vo~0YvtH21
f4990K11E51M KC2011 10 03.40451704 28 58.56 +17 03 01.5          22.9 Vo~0YvtH21
f4990K11E51M KC2011 10 03.42169004 28 57.71 +17 02 56.9          23.0 Vo~0YvtH21
f4990K11E51M ^C2014 01 01.44206 11 20 04.43 +04 17 39.4          24.0 Ro~102z695
f4990K11E51M ^C2014 01 01.44585 11 20 04.67 +04 17 38.1          23.5 Ro~102z695
f4990K11E51M ^C2014 01 01.44965 11 20 04.93 +04 17 36.8          23.3 Ro~102z695
f4990K11E51M ^C2014 01 01.45373 11 20 05.18 +04 17 35.5          23.6 Ro~102z695
f4990K11E51M ^C2014 01 01.45751 11 20 05.43 +04 17 34.1          23.6 Ro~102z695
f4990K11E51M ^C2014 01 01.46131 11 20 05.72 +04 17 32.5          24.1 Ro~102z695
f4990K11E51M ^C2014 01 30.47150 11 42 41.77 +02 58 14.3                o~10hC695
f4990K11E51M ^C2014 01 30.47547 11 42 41.81 +02 58 14.7                o~10hC695
f4990K11E51M ^C2014 01 30.47944 11 42 41.86 +02 58 15.1          22.5 Ro~10hC695
f4990K11E51M  C2014 02 28.40628 11 28 43.257+06 52 02.28         21.3 wL~11UYF51
f4990K11E51M  C2014 02 28.41864 11 28 42.093+06 52 14.20         21.9 wL~11UYF51
f4990K11E51M  C2014 02 28.44354 11 28 39.740+06 52 38.10         21.1 wL~11UYF51
f4990K11E51M  C2014 03 05.48347 11 20 32.729+08 19 51.23         20.3 wL~11UYF51
f4990K11E51M  C2014 03 05.49582 11 20 31.293+08 20 05.06         20.7 wL~11UYF51
f4990K11E51M  C2014 03 05.50816 11 20 29.839+08 20 18.63         20.6 wL~11UYF51
f4990K11E51M  C2014 03 10.24877 11 11 17.49 +09 53 49.2          20.1 Vq~11qaG96
f4990K11E51M  C2014 03 10.25709 11 11 16.36 +09 53 59.7          20.1 Vq~11qaG96
f4990K11E51M  C2014 03 10.26539 11 11 15.26 +09 54 10.0          20.6 Vq~11qaG96
f4990K11E51M  C2014 03 10.27369 11 11 14.07 +09 54 20.5          21.0 Vq~11qaG96
f4990K11E51M HC2014 03 11.21833 11 09 13.93 +10 14 08.9          20.7 Vo~11qa691
f4990K11E51M HC2014 03 11.23612 11 09 11.54 +10 14 29.9          20.2 Vo~11qa691
f4990K11E51M  C2014 03 20.47243 10 47 04.930+13 40 41.72         20.3 rL~127DF51
f4990K11E51M  C2014 03 20.48354 10 47 03.105+13 40 56.87         20.3 rL~127DF51
f4990K11E51M  C2014 03 20.49520 10 47 01.171+13 41 12.40         19.9 rL~127DF51
f4990K11E51M  C2014 03 20.50674 10 46 59.263+13 41 28.05         20.0 rL~127DF51
f4990K11E51M  C2014 03 28.17014 10 26 42.31 +16 34 58.8          21.4 Vq~127DG96
f4990K11E51M  C2014 03 28.17471 10 26 41.54 +16 35 05.5          21.0 Vq~127DG96
f4990K11E51M  C2014 03 28.17928 10 26 40.70 +16 35 11.2          21.9 Vq~127DG96
f4990K11E51M  C2014 03 28.18385 10 26 39.94 +16 35 17.7          21.2 Vq~127DG96
f4990K11E51M  C2014 04 08.16290 09 58 32.96 +20 13 45.3          20.2 Vq~12zUG96
f4990K11E51M  C2014 04 08.17255 09 58 31.46 +20 13 55.4          19.8 Vq~12zUG96
f4990K11E51M  C2014 04 08.18221 09 58 29.93 +20 14 05.7          20.4 Vq~12zUG96
f4990K11E51M  C2014 04 08.19186 09 58 28.44 +20 14 16.3          19.9 Vq~12zUG96
f4990K11E51M  C2014 09 04.58094 03 58 38.898+16 05 44.27         22.0 wL~18CWF51
f4990K11E51M  C2014 09 04.59214 03 58 38.694+16 05 40.65         21.9 wL~18CWF51
f4990K11E51M  C2014 09 04.60330 03 58 38.500+16 05 37.31         21.5 wL~18CWF51
f4990K11E51M KC2014 10 14.48727 03 02 32.89 +10 22 29.5          20.6 Ro~1AZF291
f4990K11E51M KC2014 10 14.49145 03 02 32.28 +10 22 27.5          20.9 Ro~1AZF291
f4990K11E51M KC2014 10 14.49561 03 02 31.62 +10 22 23.3          21.3 Ro~1AZF291
f4990K11E51M KC2014 10 23.48262 02 39 59.50 +08 45 08.2                o~1Ayj291
f4990K11E51M KC2014 10 23.48445 02 39 59.12 +08 45 07.4                o~1Ayj291
f4990K11E51M KC2014 10 23.48627 02 39 58.87 +08 45 06.5                o~1Ayj291
f4990K11E51M KC2014 10 24.49086 02 37 31.31 +08 35 00.3          21.1 Ro~1Ayj291
f4990K11E51M KC2014 10 24.49271 02 37 31.03 +08 34 59.5          21.0 Ro~1Ayj291
f4990K11E51M KC2014 10 24.49456 02 37 30.74 +08 34 58.7          21.1 Ro~1Ayj291
f4990K11E51M  C2014 10 25.34440 02 35 28.29 +08 26 38.4          21.0 Vq~1BRgG96
f4990K11E51M  C2014 10 25.35049 02 35 27.36 +08 26 34.5          20.6 Vq~1BRgG96
f4990K11E51M  C2014 10 25.35657 02 35 26.40 +08 26 30.8          20.8 Vq~1BRgG96
f4990K11E51M  C2014 10 25.36266 02 35 25.50 +08 26 27.5          20.6 Vq~1BRgG96
f4990K11E51M KC2014 10 29.43972 02 25 55.42 +07 49 04.0          20.8 Ro~1BRg291
f4990K11E51M KC2014 10 29.44169 02 25 55.12 +07 49 02.8          21.0 Ro~1BRg291
f4990K11E51M KC2014 10 29.44365 02 25 54.87 +07 49 02.1          20.9 Ro~1BRg291
f4990K11E51M KC2014 10 31.29573 02 21 52.12 +07 33 44.0          21.0 Ro~1BRg291
f4990K11E51M KC2014 10 31.29771 02 21 51.89 +07 33 43.1          20.6 Ro~1BRg291
f4990K11E51M KC2014 11 03.39202 02 15 29.09 +07 10 43.6          21.7 Ro~1Bxd291
f4990K11E51M KC2014 11 03.39792 02 15 28.38 +07 10 41.3          20.9 Ro~1Bxd291
