j8418K11A12M*QC2011 01 08.60627 06 21 47.40 -20 43 27.0          19.7 Vr~0RWhE12
j8418K11A12M QC2011 01 08.61475 06 21 46.43 -20 42 46.8          19.7 Vr~0RWhE12
j8418K11A12M QC2011 01 08.63174 06 21 44.48 -20 41 25.8          19.9 Vr~0RWhE12
j8418K11A12M QC2011 01 08.63896 06 21 43.63 -20 40 51.9          19.8 Vr~0RWhE12
j8418K11A12M QC2011 01 08.67720 06 21 39.28 -20 37 49.4          19.6 Vr~0RWhE12
j8418K11A12M QC2011 01 08.74095 06 21 32.08 -20 32 45.6                r~0RWhE12
j8418K11A12M KC2011 01 08.98843 06 21 06.09 -20 13 32.8                u~0RWhJ95
j8418K11A12M KC2011 01 09.00060 06 21 04.74 -20 12 34.2          19.6 Ru~0RWhJ95
j8418K11A12M  C2011 01 09.26648 06 20 36.33 -19 51 32.4          21.4 Vo~0RWh291
j8418K11A12M  C2011 01 09.27080 06 20 35.86 -19 51 11.7          21.0 Vo~0RWh291
j8418K11A12M KC2011 01 09.27111706 20 35.47 -19 51 11.7          20.3 Vo~0RWhH21
j8418K11A12M  C2011 01 09.27468 06 20 35.41 -19 50 53.5          21.0 Vo~0RWh291
j8418K11A12M KC2011 01 09.27519906 20 35.01 -19 50 52.3                o~0RWhH21
j8418K11A12M KC2011 01 09.27911406 20 34.57 -19 50 33.3          20.4 Vo~0RWhH21
j8418K11A12M QC2011 01 09.46158 06 20 16.13 -19 35 53.3          19.9 Vr~0RWhE12
j8418K11A12M  C2011 01 09.51267 06 20 10.13 -19 31 48.6          19.6 Ro~0RWh474
j8418K11A12M  C2011 01 09.51464 06 20 09.91 -19 31 39.6          19.4 Ro~0RWh474
j8418K11A12M  C2011 01 09.51638 06 20 09.72 -19 31 31.5          19.6 Ro~0RWh474
j8418K11A12M  C2011 01 09.51788 06 20 09.55 -19 31 24.4          19.6 Ro~0RWh474
j8418K11A12M  C2011 01 09.51928 06 20 09.39 -19 31 17.8          19.6 Ro~0RWh474
j8418K11A12M QC2011 01 09.63244 06 19 57.19 -19 22 25.9                r~0RWhE12
j8418K11A12M KC2011 01 09.94835 06 19 24.89 -18 57 53.3                u~0RWhJ95
j8418K11A12M KC2011 01 09.98270 06 19 21.19 -18 55 11.7                u~0RWhJ95
j8418K11A12M KC2011 01 09.99663 06 19 19.66 -18 54 06.4          19.6 Ru~0RWhJ95
j8418K11A12M tC2011 01 11.28420 06 17 11.14 -17 13 19.5          20.7 Vo~0RWh291
j8418K11A12M tC2011 01 11.28931 06 17 10.65 -17 12 55.6          20.0 Vo~0RWh291
j8418K11A12M tC2011 01 11.29339 06 17 10.21 -17 12 36.1          20.5 Vo~0RWh291
j8418K11A12M  C2011 01 12.14947 06 15 49.89 -16 06 11.4          20.2 Vo~0RWh291
j8418K11A12M  C2011 01 12.15325 06 15 49.56 -16 05 55.2          20.4 Vo~0RWh291
j8418K11A12M  C2011 01 12.15703 06 15 49.21 -16 05 37.6          20.7 Vo~0RWh291
j8418K11A12M tC2011 01 13.15352 06 14 19.36 -14 49 05.7                o~0RWh291
j8418K11A12M tC2011 01 13.15822 06 14 18.94 -14 48 42.8                o~0RWh291
j8418K11A12M tC2011 01 13.16200 06 14 18.56 -14 48 26.1                o~0RWh291
j8418K11A12M  C2011 01 14.16424 06 12 52.89 -13 32 19.1          20.2 Vo~0RWh291
j8418K11A12M  C2011 01 14.16805 06 12 52.55 -13 32 02.0          20.0 Vo~0RWh291
j8418K11A12M  C2011 01 14.17183 06 12 52.26 -13 31 46.6          20.4 Vo~0RWh291
j8418K11A12M KC2011 01 21.16115006 05 01.27 -05 13 22.8          20.3 Vo~0RtfH21
j8418K11A12M KC2011 01 21.17048106 05 00.72 -05 12 46.0          20.7 Vo~0RtfH21
j8418K11A12M KC2011 01 21.17937306 05 00.17 -05 12 09.1          20.5 Vo~0RtfH21
j8418K11A12M  C2011 01 23.17218 06 03 24.48 -03 02 18.2          20.7 Vr~0RtfG96
j8418K11A12M  C2011 01 23.17847 06 03 24.22 -03 01 53.9          21.0 Vr~0RtfG96
j8418K11A12M  C2011 01 23.18483 06 03 23.86 -03 01 29.4          20.9 Vr~0RtfG96
j8418K11A12M  C2011 01 23.19119 06 03 23.61 -03 01 05.9          20.4 Vr~0RtfG96
j8418K11A12M  C2011 01 27.21616 06 00 57.01 +01 02 44.8          21.0 Vo~0Rtf291
j8418K11A12M HC2011 01 27.22522 06 00 56.78 +01 03 15.3                o~0Rtf291
j8418K11A12M ]C2011 01 28.28093 06 00 28.08 +02 03 06.4          20.9 Vo~0Rtf695
j8418K11A12M ]C2011 01 28.28248 06 00 28.04 +02 03 11.6          20.8 Vo~0Rtf695
j8418K11A12M ]C2011 01 28.28321 06 00 28.01 +02 03 14.1          20.8 Vo~0Rtf695
j8418K11A12M HC2011 02 05.27340 05 58 55.69 +08 42 39.5                o~0SWk291
j8418K11A12M HC2011 02 05.27711 05 58 55.76 +08 42 50.0                o~0SWk291
j8418K11A12M HC2011 02 05.28079 05 58 55.62 +08 43 00.1                o~0SWk291
j8418K11A12M  C2011 02 11.17788 05 59 52.15 +12 42 14.1          21.7 Vo~0SWk291
j8418K11A12M  C2011 02 11.18226 05 59 52.22 +12 42 23.8          21.8 Vo~0SWk291
j8418K11A12M  C2011 02 11.18758 05 59 52.27 +12 42 35.2          21.7 Vo~0SWk291
j8418K11A12M 2C2014 02 05.54581011 45 50.379+34 45 15.98         23.3 Rt~11UX568
j8418K11A12M 2C2014 02 05.55315011 45 49.966+34 45 25.32         23.2 Rt~11UX568
j8418K11A12M 2C2014 02 25.53277511 21 49.129+40 59 09.29         23.2 Rt~11UX568
j8418K11A12M 2C2014 02 25.54386311 21 48.143+40 59 19.49         23.3 Rt~11UX568
j8418K11A12M 2C2014 02 25.55481911 21 47.170+40 59 29.54         23.3 Rt~11UX568
j8418K11A12M 2C2014 02 25.56575111 21 46.194+40 59 39.44         23.3 Rt~11UX568
j8418K11A12M KC2015 05 28.25550617 03 00.20 +41 26 21.4          22.8 Vu~1Sh0H21
j8418K11A12M KC2015 05 28.27612617 02 57.90 +41 26 28.2          22.5 Vu~1Sh0H21
j8418K11A12M KC2015 05 28.29751817 02 55.62 +41 26 36.1          22.3 Vu~1Sh0H21
j8418K11A12M |C2015 12 17.15785 03 30 48.31 -69 12 35.7          20.2 Vu~1gmF807
j8418K11A12M |C2015 12 17.16176 03 30 49.10 -69 12 18.4          20.3 Vu~1gmF807
j8418K11A12M |C2015 12 17.16523 03 30 49.77 -69 12 03.0          20.2 Vu~1gmF807
j8418K11A12M |C2015 12 17.16869 03 30 50.44 -69 11 47.6          20.1 Vu~1gmF807
j8418K11A12M |C2015 12 17.17245 03 30 51.19 -69 11 31.0          20.1 Vu~1gmF807
j8418K11A12M |C2015 12 23.19264 03 47 48.87 -61 23 32.8          20.4 Vu~1h5X807
j8418K11A12M |C2015 12 23.19513 03 47 49.21 -61 23 21.0          20.4 Vu~1h5X807
j8418K11A12M |C2015 12 23.19807 03 47 49.57 -61 23 06.5          20.4 Vu~1h5X807
j8418K11A12M |C2015 12 23.20072 03 47 49.89 -61 22 53.3          20.2 Vu~1h5X807
j8418K11A12M |C2016 01 09.12672 04 15 47.42 -36 06 10.0          20.6 Vu~1iGH807
j8418K11A12M |C2016 01 09.13017 04 15 47.68 -36 05 50.7          20.8 Vu~1iGH807
j8418K11A12M |C2016 01 09.13380 04 15 47.96 -36 05 30.5          20.6 Vu~1iGH807
j8418K11A12M |C2016 01 09.13709 04 15 48.20 -36 05 12.2          20.5 Vu~1iGH807
j8418K11A12M |C2016 01 09.14074 04 15 48.47 -36 04 51.8          20.9 Vu~1iGH807
j8418K11A12M |C2016 01 14.14411 04 22 24.23 -28 28 46.5          20.4 Vu~1iGH807
j8418K11A12M |C2016 01 14.14846 04 22 24.53 -28 28 23.3          20.4 Vu~1iGH807
j8418K11A12M |C2016 01 14.15279 04 22 24.85 -28 28 00.1          20.3 Vu~1iGH807
j8418K11A12M |C2016 01 21.08814 04 31 25.38 -18 36 27.9          20.4 Vu~1j8y807
j8418K11A12M |C2016 01 21.09247 04 31 25.70 -18 36 07.2          20.2 Vu~1j8y807
j8418K11A12M |C2016 02 01.09815 04 46 01.64 -05 25 07.8          21.4 Vu~1k2o807
j8418K11A12M |C2016 02 01.10052 04 46 01.83 -05 24 58.8          21.3 Vu~1k2o807
j8418K11A12M |C2016 02 01.10300 04 46 02.03 -05 24 49.1          21.3 Vu~1k2o807
j8418K11A12M |C2016 02 01.10523 04 46 02.20 -05 24 40.5          21.4 Vu~1k2o807
j8418K11A12M |C2016 02 01.10771 04 46 02.40 -05 24 31.7          21.3 Vu~1k2o807
