c9694K11Q48D*QC2011 08 30.54320 22 14 09.21 -32 36 04.6          19.5 Vr~0XcdE12
c9694K11Q48D QC2011 08 30.58453 22 14 02.65 -32 36 06.6          19.5 Vr~0XcdE12
c9694K11Q48D QC2011 08 30.61913 22 13 57.21 -32 36 07.1          20.0 Vr~0XcdE12
c9694K11Q48D QC2011 08 30.62292 22 13 56.60 -32 36 07.6          19.8 Vr~0XcdE12
c9694K11Q48D QC2011 08 30.73523 22 13 38.92 -32 36 09.0          19.5 Vr~0XcdE12
c9694K11Q48D QC2011 08 30.73921 22 13 38.28 -32 36 09.4          19.6 Vr~0XcdE12
c9694K11Q48D QC2011 08 30.79309 22 13 29.92 -32 36 09.4          19.6 Vr~0XcdE12
c9694K11Q48D |C2011 08 31.26655 22 12 17.22 -32 36 22.8          19.9 Vo~0Xcd807
c9694K11Q48D |C2011 08 31.27015 22 12 16.65 -32 36 22.7          20.3 Vo~0Xcd807
c9694K11Q48D |C2011 08 31.27730 22 12 15.52 -32 36 22.7          19.5 Vo~0Xcd807
c9694K11Q48D QC2011 08 31.40950 22 11 56.11 -32 36 22.8          19.7 Vr~0XcdE12
c9694K11Q48D QC2011 08 31.41320 22 11 55.55 -32 36 22.7          19.9 Vr~0XcdE12
c9694K11Q48D `C2011 08 31.51794 22 11 39.06 -32 36 24.4          19.1 Ru~0XcdD90
c9694K11Q48D `C2011 08 31.52489 22 11 37.97 -32 36 24.5          19.3 Ru~0XcdD90
c9694K11Q48D `C2011 08 31.53179 22 11 36.86 -32 36 24.4          18.9 Ru~0XcdD90
c9694K11Q48D QC2011 08 31.72658 22 11 05.92 -32 36 23.4          19.3 Vr~0XcdE12
c9694K11Q48D QC2011 08 31.73164 22 11 05.11 -32 36 23.5          20.0 Vr~0XcdE12
c9694K11Q48D QC2011 09 01.42356 22 09 19.18 -32 36 12.8          19.4 Vr~0XcdE12
c9694K11Q48D QC2011 09 01.42870 22 09 18.38 -32 36 12.5          19.5 Vr~0XcdE12
c9694K11Q48D  C2011 09 01.47639 22 09 10.50 -32 36 09.9          19.1 Ro~0Xcd474
c9694K11Q48D  C2011 09 01.47847 22 09 10.19 -32 36 09.3          19.1 Ro~0Xcd474
c9694K11Q48D  C2011 09 01.48044 22 09 09.90 -32 36 09.7          19.3 Ro~0Xcd474
c9694K11Q48D  C2011 09 01.48241 22 09 09.61 -32 36 09.7          19.0 Ro~0Xcd474
c9694K11Q48D  C2011 09 01.60116 22 08 50.77 -32 36 05.1          19.3 Ro~0Xcd474
c9694K11Q48D  C2011 09 01.60324 22 08 50.44 -32 36 04.9          19.3 Ro~0Xcd474
c9694K11Q48D  C2011 09 01.60463 22 08 50.22 -32 36 04.8          19.5 Ro~0Xcd474
c9694K11Q48D  C2011 09 02.49942 22 06 31.81 -32 35 19.4          19.5 Ro~0Xcd474
c9694K11Q48D  C2011 09 02.50069 22 06 31.62 -32 35 19.5          19.4 Ro~0Xcd474
c9694K11Q48D  C2011 09 02.50174 22 06 31.46 -32 35 19.3          19.5 Ro~0Xcd474
c9694K11Q48D  C2011 09 02.50278 22 06 31.28 -32 35 19.1          19.5 Ro~0Xcd474
c9694K11Q48D |C2011 09 03.04465 22 05 07.73 -32 34 38.7          20.1 Vo~0Y0V807
c9694K11Q48D |C2011 09 03.04998 22 05 06.92 -32 34 38.0          20.0 Vo~0Y0V807
c9694K11Q48D |C2011 09 03.05532 22 05 06.04 -32 34 37.7          19.8 Vo~0Y0V807
c9694K11Q48D |C2011 09 03.06069 22 05 05.22 -32 34 37.3          19.9 Vo~0Y0V807
c9694K11Q48D  C2011 09 03.51030 22 03 54.97 -32 33 52.2          19.4 Ro~0Y0V474
c9694K11Q48D  C2011 09 03.51146 22 03 54.80 -32 33 51.8          19.6 Ro~0Y0V474
c9694K11Q48D  C2011 09 03.51273 22 03 54.59 -32 33 51.7          19.5 Ro~0Y0V474
c9694K11Q48D  C2011 09 03.51389 22 03 54.41 -32 33 51.6          19.4 Ro~0Y0V474
c9694K11Q48D  C2011 09 04.42078 22 01 34.25 -32 32 00.7          19.5 Ro~0Y0V474
c9694K11Q48D  C2011 09 04.42240 22 01 34.01 -32 32 00.3          19.6 Ro~0Y0V474
c9694K11Q48D  C2011 09 04.42390 22 01 33.74 -32 32 00.2          19.4 Ro~0Y0V474
c9694K11Q48D |C2011 09 06.25904 21 56 50.06 -32 26 45.0          19.6 Vo~0Y0V807
c9694K11Q48D |C2011 09 06.26266 21 56 49.51 -32 26 44.0          19.7 Vo~0Y0V807
c9694K11Q48D |C2011 09 06.26627 21 56 48.93 -32 26 43.0          19.6 Vo~0Y0V807
c9694K11Q48D |C2011 09 06.26989 21 56 48.38 -32 26 42.3          19.6 Vo~0Y0V807
c9694K11Q48D KC2011 09 08.17898021 51 57.76 -32 19 09.2          19.5 Vt~0Y0VH21
c9694K11Q48D KC2011 09 08.18962621 51 56.03 -32 19 06.6          19.6 Vt~0Y0VH21
c9694K11Q48D QC2011 09 16.42679 21 32 14.68 -31 20 41.8          19.8 Vr~0Y9fE12
c9694K11Q48D QC2011 09 16.43166 21 32 14.02 -31 20 39.3          20.0 Vr~0Y9fE12
c9694K11Q48D |C2011 09 23.26309 21 18 18.93 -30 05 15.9          19.9 Vo~0Y9f807
c9694K11Q48D |C2011 09 23.27148 21 18 17.99 -30 05 09.2          20.1 Vo~0Y9f807
c9694K11Q48D |C2011 09 23.27954 21 18 17.10 -30 05 02.9          20.3 Vo~0Y9f807
c9694K11Q48D KC2011 09 24.22233 21 16 35.27 -29 53 02.9          19.5 Ru~0YXq821
c9694K11Q48D KC2011 09 24.22617 21 16 34.86 -29 53 00.1          19.5 Ru~0YXq821
c9694K11Q48D KC2011 09 24.23049 21 16 34.38 -29 52 56.6          19.9 Ru~0YXq821
c9694K11Q48D KC2011 09 28.05503 21 10 17.32 -29 00 51.5          19.7 Ru~0YXq821
c9694K11Q48D KC2011 09 28.06285 21 10 16.58 -29 00 44.8          19.7 Ru~0YXq821
c9694K11Q48D KC2011 09 28.08523 21 10 14.45 -29 00 25.6          19.4 Ru~0YXq821
c9694K11Q48D |C2011 09 29.08649 21 08 45.51 -28 45 58.3          20.3 Vo~0Yw6807
c9694K11Q48D |C2011 09 29.09063 21 08 45.13 -28 45 54.6          20.1 Vo~0Yw7807
c9694K11Q48D |C2011 09 29.09473 21 08 44.76 -28 45 50.9          20.3 Vo~0Yw7807
c9694K11Q48D |C2011 09 29.09885 21 08 44.38 -28 45 47.4          20.3 Vo~0Yw7807
c9694K11Q48D |C2011 10 01.06339 21 06 01.93 -28 16 33.1          20.0 Vo~0Yw7807
c9694K11Q48D |C2011 10 01.07176 21 06 01.27 -28 16 25.6          20.5 Vo~0Yw7807
c9694K11Q48D |C2011 10 01.08010 21 06 00.55 -28 16 18.0          20.2 Vo~0Yw7807
c9694K11Q48D KC2011 10 03.10394321 03 29.87 -27 45 16.1          20.2 Vo~0Yw7H21
c9694K11Q48D KC2011 10 03.11356521 03 29.19 -27 45 07.3          20.1 Vo~0Yw7H21
c9694K11Q48D KC2011 10 03.12274921 03 28.53 -27 44 58.7          20.4 Vo~0Yw7H21
c9694K11Q48D KC2011 10 04.06786021 02 24.16 -27 30 04.9          19.8 Vt~0Yw7H21
c9694K11Q48D KC2011 10 04.07490721 02 23.64 -27 29 57.4          19.9 Vt~0Yw7H21
c9694K11Q48D IC2011 10 04.08191221 02 23.17 -27 29 50.8                t~0Yw7H21
c9694K11Q48D KC2011 10 14.08462 20 54 37.16 -24 42 16.3          19.8 Ru~0Z9Z448
c9694K11Q48D KC2011 10 14.11817 20 54 36.18 -24 41 41.0          20.8 Ru~0Z9Z448
c9694K11Q48D KC2011 10 14.14774 20 54 35.27 -24 41 10.6          20.4 Ru~0Z9Z448
c9694K11Q48D KC2011 10 15.03607320 54 12.55 -24 25 37.8          19.7 Vt~0Z9ZH21
c9694K11Q48D KC2011 10 15.04137020 54 12.42 -24 25 32.5          20.0 Vt~0Z9ZH21
c9694K11Q48D KC2011 10 23.07851 20 52 48.22 -22 01 27.4          20.5 Ru~0ZUh448
c9694K11Q48D |C2011 10 23.10103 20 52 47.84 -22 00 53.5          20.3 Vo~0ZUh807
c9694K11Q48D |C2011 10 23.11355 20 52 47.84 -22 00 39.4          20.6 Vo~0ZUh807
c9694K11Q48D KC2011 10 23.11996 20 52 48.15 -22 00 43.2          20.7 Ru~0ZUh448
c9694K11Q48D |C2011 10 23.12611 20 52 47.83 -22 00 25.5          20.5 Vo~0ZUh807
c9694K11Q48D KC2011 10 23.15446 20 52 48.10 -22 00 04.4          20.5 Ru~0ZUh448
c9694K11Q48D  C2011 10 27.41713 20 53 27.64 -20 41 23.8          19.7 Ro~0ZUh474
c9694K11Q48D  C2011 10 27.41916 20 53 27.67 -20 41 21.2          20.4 Ro~0ZUh474
c9694K11Q48D  C2011 10 27.42095 20 53 27.70 -20 41 19.0          19.9 Ro~0ZUh474
c9694K11Q48D |C2011 11 10.04782 21 00 59.23 -16 21 45.3          20.9 Vo~0aRt807
c9694K11Q48D |C2011 11 10.05504 21 00 59.58 -16 21 37.1          20.7 Vo~0aRt807
c9694K11Q48D |C2011 11 10.05921 21 00 59.78 -16 21 32.2          20.6 Vo~0aRt807
c9694K11Q48D KC2011 11 18.02202 21 08 32.17 -13 42 52.5          20.3 Vo~0aixH21
c9694K11Q48D KC2011 11 18.02743 21 08 32.52 -13 42 45.7          21.2 Vo~0aixH21
c9694K11Q48D KC2011 11 18.03361 21 08 32.89 -13 42 37.8          20.8 Vo~0aixH21
c9694K11Q48D  C2011 11 26.40289 21 18 29.40 -10 47 51.3          19.9 Ro~0b3z474
c9694K11Q48D  C2011 11 26.40509 21 18 29.52 -10 47 48.6          19.6 Ro~0b3z474
c9694K11Q48D  C2011 11 26.40689 21 18 29.76 -10 47 46.4          19.5 Ro~0b3z474
c9694K11Q48D  C2011 11 26.40868 21 18 29.87 -10 47 43.9          20.1 Ro~0b3z474
c9694K11Q48D KC2011 12 11.03315 21 39 57.94 -05 18 07.1          20.6 Vo~0bQTH21
c9694K11Q48D KC2011 12 11.03499 21 39 58.11 -05 18 04.5          20.9 Vo~0bQTH21
c9694K11Q48D KC2011 12 11.04606 21 39 59.12 -05 17 48.5          20.9 Vo~0bQTH21
c9694K11Q48D KC2011 12 11.04790 21 39 59.29 -05 17 45.8          20.5 Vo~0bQTH21
c9694K11Q48D KC2011 12 12.00886921 41 33.47 -04 54 48.8          19.9 Vo~0bQTH21
c9694K11Q48D KC2011 12 12.01355821 41 33.90 -04 54 41.6          19.7 Vo~0bQTH21
c9694K11Q48D KC2011 12 12.01832021 41 34.36 -04 54 34.5          20.4 Vo~0bQTH21
c9694K11Q48D IC2011 12 23.75436 22 02 05.43 +00 00 42.3                t~0bz1204
c9694K11Q48D KC2011 12 23.77358 22 02 07.55 +00 01 12.8          19.9 Rt~0bz1204
c9694K11Q48D KC2012 01 25.76385 23 12 43.01 +16 26 27.0          19.2 Rt~0dRo204
c9694K11Q48D KC2012 01 25.78475 23 12 46.09 +16 27 07.7                t~0dRo204
c9694K11Q48D KC2012 03 09.79236 02 17 43.20 +38 40 12.6          19.0 Rt~0evM204
c9694K11Q48D HC2012 03 09.80739 02 17 50.85 +38 40 26.5                t~0evM204
c9694K11Q48D KC2012 03 11.82872 02 36 05.10 +39 06 46.5                u~0edBJ95
c9694K11Q48D KC2012 03 11.83343 02 36 07.75 +39 06 49.3                u~0edBJ95
c9694K11Q48D KC2012 03 11.84084 02 36 11.90 +39 06 53.5          19.0 Ru~0edBJ95
c9694K11Q48D  C2012 03 12.49935 02 42 30.62 +39 12 59.0          19.5 Ro~0edB300
c9694K11Q48D  C2012 03 12.50067 02 42 31.32 +39 12 58.9          19.7 Ro~0edB300
c9694K11Q48D  C2012 03 12.50333 02 42 32.93 +39 13 00.3          19.1 Ro~0edB300
c9694K11Q48D  C2012 03 12.50466 02 42 33.80 +39 13 01.0          19.1 Ro~0edB300
c9694K11Q48D  C2012 03 12.50731 02 42 35.33 +39 13 01.9          19.1 Ro~0edB300
c9694K11Q48D KC2012 03 17.10424 03 31 57.13 +39 08 46.6          19.3 Vu~0evMH21
c9694K11Q48D KC2012 03 17.10717 03 31 59.18 +39 08 44.5          19.1 Vu~0evMH21
c9694K11Q48D KC2012 03 17.11042 03 32 01.45 +39 08 42.0          19.1 Vu~0evMH21
c9694K11Q48D KC2012 03 17.11699 03 32 06.03 +39 08 36.6          18.8 Vu~0evMH21
c9694K11Q48D KC2012 03 17.73367 03 39 23.93 +39 00 29.4          18.7 Vu~0evMC73
c9694K11Q48D KC2012 03 17.73615 03 39 26.06 +39 00 25.0          20.4 Vu~0evMC73
c9694K11Q48D KC2012 03 17.73856 03 39 27.62 +39 00 23.5          18.8 Vu~0evMC73
c9694K11Q48D KC2012 03 17.74097 03 39 29.01 +39 00 22.2          19.2 Vu~0evMC73
c9694K11Q48D KC2012 03 17.74338 03 39 30.80 +39 00 20.1          18.5 Vu~0evMC73
c9694K11Q48D KC2012 03 17.74781 03 39 33.97 +39 00 16.2          19.4 Vu~0evMC73
c9694K11Q48D  C2012 03 26.10829 05 27 10.93 +33 09 44.1          18.6 Ru~0fFSH45
c9694K11Q48D  C2012 03 26.10879 05 27 11.34 +33 09 42.1          18.3 Ru~0fFSH45
c9694K11Q48D  C2012 03 26.10940 05 27 11.78 +33 09 39.6          18.6 Ru~0fFSH45
c9694K11Q48D  C2012 03 26.10992 05 27 12.17 +33 09 37.4          18.5 Ru~0fFSH45
c9694K11Q48D  C2012 03 26.11080 05 27 12.83 +33 09 33.5          18.6 Ru~0fFSH45
c9694K11Q48D  C2012 03 26.11133 05 27 13.24 +33 09 31.6          18.6 Ru~0fFSH45
c9694K11Q48D  C2012 03 26.11237 05 27 14.05 +33 09 27.0          18.7 Ru~0fFSH45
c9694K11Q48D  C2012 03 27.09308 05 39 56.82 +31 57 49.0          18.2 Ru~0fFSH45
c9694K11Q48D  C2012 03 27.09469 05 39 58.12 +31 57 41.9          18.3 Ru~0fFSH45
c9694K11Q48D  C2012 03 27.09689 05 39 59.75 +31 57 31.3          18.4 Ru~0fFSH45
c9694K11Q48D  C2012 03 27.09775 05 40 00.43 +31 57 27.1          18.4 Ru~0fFSH45
c9694K11Q48D  C2012 03 27.09965 05 40 01.81 +31 57 18.6          18.5 Ru~0fFSH45
c9694K11Q48D  C2012 03 27.10049 05 40 02.48 +31 57 14.8          18.2 Ru~0fFSH45
c9694K11Q48D KC2012 03 31.88576 06 38 08.74 +24 59 58.8                t~0frC204
c9694K11Q48D KC2012 03 31.89119 06 38 12.38 +24 59 27.6                t~0frC204
c9694K11Q48D IC2012 03 31.89662 06 38 16.04 +24 58 56.1          17.5 Rt~0frC204
c9694K11Q48D KC2012 04 01.07187 06 40 14.79 +24 42 20.3          18.1 Vu~0fFSH21
c9694K11Q48D KC2012 04 01.07328 06 40 15.72 +24 42 12.0          18.8 Vu~0fFSH21
c9694K11Q48D KC2012 04 01.07751 06 40 18.52 +24 41 47.7          18.0 Vu~0fFSH21
c9694K11Q48D KC2012 04 01.07892 06 40 19.45 +24 41 39.5          18.0 Vu~0fFSH21
c9694K11Q48D KC2012 04 01.08192 06 40 21.42 +24 41 22.3          18.1 Vu~0fFSH21
c9694K11Q48D KC2012 04 01.78595 06 48 08.37 +23 33 33.1          16.9 Ru~0fFSB88
c9694K11Q48D KC2012 04 01.80353 06 48 19.67 +23 31 50.9          17.2 Ru~0fFSB88
c9694K11Q48D KC2012 04 01.81066 06 48 24.22 +23 31 08.9          17.1 Ru~0fFSB88
c9694K11Q48D KC2012 04 02.08461106 51 21.96 +23 04 38.1          17.8 Vu~0fFSH21
c9694K11Q48D KC2012 04 02.09308206 51 27.35 +23 03 48.6          17.8 Vu~0fFSH21
c9694K11Q48D KC2012 04 02.09590106 51 29.14 +23 03 31.9          17.8 Vu~0fFSH21
c9694K11Q48D KC2012 04 02.09880606 51 30.99 +23 03 15.1          17.7 Vu~0fFSH21
c9694K11Q48D KC2012 04 03.09689507 02 02.56 +21 25 54.7          17.6 Vu~0fFSH21
c9694K11Q48D KC2012 04 03.10143207 02 05.34 +21 25 27.8          17.5 Vu~0fFSH21
c9694K11Q48D KC2012 04 03.10657307 02 08.47 +21 24 57.6          17.7 Vu~0fFSH21
c9694K11Q48D KC2012 04 03.10959607 02 10.31 +21 24 39.5          17.6 Vu~0fFSH21
c9694K11Q48D KC2012 04 05.85349 07 28 52.59 +16 57 53.1          17.3 Ru~0fjFB88
c9694K11Q48D KC2012 04 05.85652 07 28 54.21 +16 57 35.4          17.0 Ru~0fjFB88
c9694K11Q48D KC2012 04 05.85956 07 28 55.84 +16 57 18.5          17.0 Ru~0fjFB88
c9694K11Q48D |C2012 04 05.97650 07 30 00.75 +16 46 49.3          17.5 Vo~0fjF807
c9694K11Q48D |C2012 04 05.98677 07 30 06.22 +16 45 50.6          17.7 Vo~0fjF807
c9694K11Q48D |C2012 04 05.99185 07 30 08.92 +16 45 21.3          17.8 Vo~0fjF807
c9694K11Q48D KC2012 04 06.09651 07 31 05.28 +16 34 42.6          17.8 Vu~0fjFH21
c9694K11Q48D KC2012 04 06.10047 07 31 07.38 +16 34 19.8          17.9 Vu~0fjFH21
c9694K11Q48D KC2012 04 06.10481 07 31 09.69 +16 33 55.0          17.8 Vu~0fjFH21
c9694K11Q48D KC2012 04 06.10845 07 31 11.62 +16 33 34.1          18.0 Vu~0fjFH21
c9694K11Q48D KC2012 04 07.11353 07 40 04.19 +14 58 37.0          17.9 Vu~0fjFH21
c9694K11Q48D KC2012 04 07.11618 07 40 05.53 +14 58 22.1          18.0 Vu~0fjFH21
c9694K11Q48D KC2012 04 07.11883 07 40 06.88 +14 58 07.3          18.0 Vu~0fjFH21
c9694K11Q48D KC2012 04 07.12147 07 40 08.21 +14 57 52.3          18.0 Vu~0fjFH21
c9694K11Q48D  C2012 04 07.50117 07 43 22.97 +14 22 35.8          17.7 Ro~0hyh300
c9694K11Q48D  C2012 04 07.50175 07 43 23.23 +14 22 32.5          17.7 Ro~0hyh300
c9694K11Q48D  C2012 04 07.50234 07 43 23.53 +14 22 29.4          17.9 Ro~0hyh300
c9694K11Q48D  C2012 04 07.50351 07 43 24.07 +14 22 22.9          17.7 Ro~0hyh300
c9694K11Q48D  C2012 04 07.50409 07 43 24.42 +14 22 19.1          17.4 Ro~0hyh300
c9694K11Q48D KC2012 04 07.88695 07 46 37.27 +13 47 00.5          17.2 Rw~0fjFI99
c9694K11Q48D KC2012 04 07.89164 07 46 39.62 +13 46 34.3          17.0 Rw~0fjFI99
c9694K11Q48D KC2012 04 07.89634 07 46 41.90 +13 46 08.7          17.1 Rw~0fjFI99
c9694K11Q48D KC2012 04 08.80402 07 54 05.85 +12 23 58.1          17.7 Rt~0frC204
c9694K11Q48D KC2012 04 08.81264 07 54 09.90 +12 23 11.7                t~0frC204
c9694K11Q48D KC2012 04 08.82112 07 54 13.88 +12 22 26.4                t~0frC204
c9694K11Q48D KC2012 04 09.05419 07 56 04.88 +12 01 46.3          17.8 Vu~0fjFH21
c9694K11Q48D KC2012 04 09.05772 07 56 06.51 +12 01 27.5          17.8 Vu~0fjFH21
c9694K11Q48D KC2012 04 09.06301 07 56 08.95 +12 00 59.2          17.8 Vu~0fjFH21
c9694K11Q48D KC2012 04 09.06831 07 56 11.40 +12 00 31.1          17.8 Vu~0fjFH21
c9694K11Q48D KC2012 04 09.07097 07 56 12.63 +12 00 17.0          17.8 Vu~0fjFH21
c9694K11Q48D KC2012 04 09.07362 07 56 13.86 +12 00 02.8          17.9 Vu~0fjFH21
c9694K11Q48D KC2012 04 09.07803 07 56 15.89 +11 59 39.3          17.7 Vu~0fjFH21
c9694K11Q48D  C2012 04 09.26299 07 57 42.750+11 43 29.74         17.8 rL~0fjFF51
c9694K11Q48D  C2012 04 09.27505 07 57 48.264+11 42 25.54         18.0 rL~0fjFF51
c9694K11Q48D  C2012 04 09.28669 07 57 53.578+11 41 23.89         17.4 iL~0fjFF51
c9694K11Q48D KC2012 04 10.05786 08 03 48.05 +10 34 16.8          17.9 Vu~0fjFH21
c9694K11Q48D KC2012 04 10.06104 08 03 49.45 +10 34 00.6          18.1 Vu~0fjFH21
c9694K11Q48D KC2012 04 10.06312 08 03 50.36 +10 33 49.8          17.7 Vu~0fjFH21
c9694K11Q48D KC2012 04 10.07075 08 03 53.72 +10 33 10.5          17.9 Vu~0fjFH21
c9694K11Q48D KC2012 04 10.07285 08 03 54.65 +10 32 59.7          18.0 Vu~0fjFH21
c9694K11Q48D KC2012 04 10.07744 08 03 56.66 +10 32 36.0          17.8 Vu~0fjFH21
c9694K11Q48D  C2012 04 10.75712 08 08 57.93 +09 35 03.3          17.7 Vu~0fjFC73
c9694K11Q48D  C2012 04 10.75793 08 08 58.26 +09 34 59.1          17.7 Vu~0fjFC73
c9694K11Q48D  C2012 04 10.75873 08 08 58.57 +09 34 55.6          17.9 Vu~0fjFC73
c9694K11Q48D  C2012 04 10.75954 08 08 59.00 +09 34 50.7          17.7 Vu~0fjFC73
c9694K11Q48D  C2012 04 10.76034 08 08 59.29 +09 34 47.1          17.7 Vu~0fjFC73
c9694K11Q48D  C2012 04 10.76113 08 08 59.64 +09 34 43.1          17.7 Vu~0fjFC73
c9694K11Q48D  C2012 04 10.76274 08 09 00.34 +09 34 34.5          17.8 Vu~0fjFC73
c9694K11Q48D  C2012 04 10.76355 08 09 00.70 +09 34 30.8          17.8 Vu~0fjFC73
c9694K11Q48D  C2012 04 10.76435 08 09 01.01 +09 34 27.2          18.1 Vu~0fjFC73
c9694K11Q48D  C2012 04 10.76516 08 09 01.37 +09 34 22.7          17.4 Vu~0fjFC73
c9694K11Q48D  C2012 04 10.76596 08 09 01.65 +09 34 19.5          17.4 Vu~0fjFC73
c9694K11Q48D  C2012 04 10.76677 08 09 02.07 +09 34 14.7          17.7 Vu~0fjFC73
c9694K11Q48D  C2012 04 10.76757 08 09 02.39 +09 34 10.6          18.1 Vu~0fjFC73
c9694K11Q48D  C2012 04 10.76838 08 09 02.75 +09 34 06.1          17.7 Vu~0fjFC73
c9694K11Q48D  C2012 04 10.76918 08 09 03.14 +09 34 02.0          17.7 Vu~0fjFC73
c9694K11Q48D  C2012 04 10.77084 08 09 03.78 +09 33 54.8          17.4 Vu~0fjFC73
c9694K11Q48D KC2012 04 11.05595 08 11 07.56 +09 10 16.4          17.8 Vu~0fjFH21
c9694K11Q48D KC2012 04 11.05912 08 11 08.89 +09 10 00.4          17.8 Vu~0fjFH21
c9694K11Q48D KC2012 04 11.06229 08 11 10.22 +09 09 44.8          17.9 Vu~0fjFH21
c9694K11Q48D KC2012 04 11.06546 08 11 11.56 +09 09 29.3          17.9 Vu~0fjFH21
c9694K11Q48D KC2012 04 11.06862 08 11 12.89 +09 09 13.6          17.8 Vu~0fjFH21
c9694K11Q48D KC2012 04 11.80206 08 16 22.95 +08 09 27.4          17.3 Ru~0fjFB88
c9694K11Q48D KC2012 04 11.80728 08 16 25.08 +08 09 02.5          17.3 Ru~0fjFB88
c9694K11Q48D KC2012 04 11.81249 08 16 27.19 +08 08 36.8          17.2 Ru~0fjFB88
c9694K11Q48D 2C2012 04 11.81666508 16 28.37 +08 08 15.8                u~0frC089
c9694K11Q48D 2C2012 04 11.82041508 16 29.91 +08 07 58.1                u~0frC089
c9694K11Q48D 2C2012 04 11.82228908 16 30.70 +08 07 49.0                u~0frC089
c9694K11Q48D 2C2012 04 11.82416408 16 31.41 +08 07 40.2                u~0frC089
c9694K11Q48D  C2012 04 12.05948308 18 09.32 +07 48 57.1          17.8 Vu~0fjFH21
c9694K11Q48D  C2012 04 12.06616908 18 11.98 +07 48 25.2          17.9 Vu~0fjFH21
c9694K11Q48D  C2012 04 12.06951208 18 13.33 +07 48 09.2          17.9 Vu~0fjFH21
c9694K11Q48D  C2012 04 12.07286008 18 14.68 +07 47 53.4          17.7 Vu~0fjFH21
c9694K11Q48D  C2012 04 12.07620108 18 16.01 +07 47 37.5          17.9 Vu~0fjFH21
c9694K11Q48D  C2012 04 12.07954408 18 17.35 +07 47 21.4          17.8 Vu~0fjFH21
c9694K11Q48D  C2012 04 12.08489508 18 19.49 +07 46 56.0          17.8 Vu~0fjFH21
c9694K11Q48D  C2012 04 13.05943208 24 50.70 +06 31 08.8          17.7 Vo~0frCH21
c9694K11Q48D  C2012 04 13.06159708 24 51.53 +06 30 58.9          17.9 Vo~0frCH21
c9694K11Q48D  C2012 04 13.06349508 24 52.26 +06 30 50.2          17.8 Vo~0frCH21
c9694K11Q48D  C2012 04 13.06539008 24 52.98 +06 30 41.7          17.6 Vo~0frCH21
c9694K11Q48D  C2012 04 13.06752108 24 53.79 +06 30 31.9          17.7 Vo~0frCH21
c9694K11Q48D  C2012 04 13.06937908 24 54.51 +06 30 23.2          17.8 Vo~0frCH21
c9694K11Q48D  C2012 04 13.07123608 24 55.22 +06 30 14.9          17.6 Vo~0frCH21
c9694K11Q48D KC2012 04 14.13742 08 31 42.76 +05 10 55.1          16.7 Rr~0frC850
c9694K11Q48D KC2012 04 14.14192 08 31 44.42 +05 10 35.8          17.3 Rr~0frC850
c9694K11Q48D KC2012 04 14.14643 08 31 46.04 +05 10 16.2          17.3 Rr~0frC850
c9694K11Q48D KC2012 04 14.15094 08 31 47.72 +05 09 56.2          16.9 Rr~0frC850
c9694K11Q48D KC2012 04 14.15545 08 31 49.33 +05 09 36.9          17.3 Rr~0frC850
c9694K11Q48D KC2012 04 14.15997 08 31 51.04 +05 09 16.4          16.5 Rr~0frC850
c9694K11Q48D KC2012 04 14.16461 08 31 52.70 +05 08 56.1          16.6 Rr~0frC850
c9694K11Q48D KC2012 04 17.06355008 48 50.69 +01 51 46.9          18.2 Vu~0frCH21
c9694K11Q48D KC2012 04 17.06734508 48 51.91 +01 51 32.2          17.8 Vu~0frCH21
c9694K11Q48D KC2012 04 17.07113808 48 53.15 +01 51 17.9          18.2 Vu~0frCH21
c9694K11Q48D KC2012 04 17.07492908 48 54.37 +01 51 03.4          17.8 Vu~0frCH21
c9694K11Q48D KC2012 04 17.07872108 48 55.58 +01 50 48.9          18.0 Vu~0frCH21
c9694K11Q48D KC2012 04 18.05965708 54 12.49 +00 50 00.1          17.7 Vu~0frCH21
c9694K11Q48D KC2012 04 18.06593708 54 14.44 +00 49 37.3          18.3 Vu~0frCH21
c9694K11Q48D KC2012 04 18.06943908 54 15.52 +00 49 24.7          18.0 Vu~0frCH21
c9694K11Q48D KC2012 04 18.07323208 54 16.70 +00 49 11.0          18.1 Vu~0frCH21
c9694K11Q48D  C2012 04 18.20109 08 54 56.18 +00 41 30.2          18.1 Ru~0frCH45
c9694K11Q48D  C2012 04 18.20233 08 54 56.58 +00 41 25.1          18.1 Ru~0frCH45
c9694K11Q48D  C2012 04 18.20492 08 54 57.36 +00 41 15.5          18.0 Ru~0frCH45
c9694K11Q48D  C2012 04 18.20615 08 54 57.72 +00 41 11.6          18.2 Ru~0frCH45
c9694K11Q48D  C2012 04 18.20782 08 54 58.25 +00 41 05.2          18.2 Ru~0frCH45
c9694K11Q48D  C2012 04 18.20847 08 54 58.44 +00 41 02.9          18.3 Ru~0frCH45
c9694K11Q48D KC2012 04 19.07430208 59 27.12 -00 09 57.5          18.1 Vu~0frCH21
c9694K11Q48D KC2012 04 19.07868108 59 28.41 -00 10 12.7          18.1 Vu~0frCH21
c9694K11Q48D KC2012 04 19.08305508 59 29.71 -00 10 27.7          17.9 Vu~0frCH21
c9694K11Q48D KC2012 04 19.08742808 59 31.00 -00 10 42.8          18.0 Vu~0frCH21
c9694K11Q48D KC2012 04 20.11672 09 04 37.32 -01 08 32.2          18.5 Rr~0frC850
c9694K11Q48D KC2012 04 20.12540 09 04 39.74 -01 09 01.5          18.5 Rr~0frC850
c9694K11Q48D KC2012 04 20.81010 09 07 57.63 -01 45 58.1          17.4 Ru~0g7hB88
c9694K11Q48D KC2012 04 20.81704 09 07 59.54 -01 46 20.9          17.6 Ru~0g7hB88
c9694K11Q48D KC2012 04 20.82397 09 08 01.46 -01 46 42.6          17.5 Ru~0g7hB88
c9694K11Q48D  C2012 04 21.15715 09 09 35.53 -02 04 08.4          17.9 Vr~0g7h703
c9694K11Q48D  C2012 04 21.16522 09 09 37.69 -02 04 33.3          18.1 Vr~0g7h703
c9694K11Q48D  C2012 04 21.17331 09 09 39.92 -02 04 58.8          18.1 Vr~0g7h703
c9694K11Q48D  C2012 04 21.18148 09 09 42.22 -02 05 24.0          17.8 Vr~0g7h703
c9694K11Q48D KC2012 04 21.82717 09 12 41.53 -02 38 33.7          17.5 Ru~0g7hB88
c9694K11Q48D KC2012 04 21.83949 09 12 44.84 -02 39 11.1          17.5 Ru~0g7iB88
c9694K11Q48D KC2012 04 21.85173 09 12 48.12 -02 39 48.2          17.6 Ru~0g7iB88
c9694K11Q48D  C2012 04 22.19048 09 14 19.89 -02 56 40.0          18.5 Ru~0g7iH45
c9694K11Q48D  C2012 04 22.19183 09 14 20.23 -02 56 43.8          18.3 Ru~0g7iH45
c9694K11Q48D  C2012 04 22.19344 09 14 20.68 -02 56 49.0          18.3 Ru~0g7iH45
c9694K11Q48D  C2012 04 22.19431 09 14 20.90 -02 56 51.6          18.6 Ru~0g7iH45
c9694K11Q48D  C2012 04 22.19533 09 14 21.14 -02 56 54.8          18.3 Ru~0g7iH45
c9694K11Q48D  C2012 04 22.19655 09 14 21.50 -02 56 57.7          18.6 Ru~0g7iH45
c9694K11Q48D KC2012 04 23.08200309 18 18.04 -03 39 56.2          18.9 Vu~0g7iH21
c9694K11Q48D KC2012 04 23.08511809 18 18.82 -03 40 05.0          18.6 Vu~0g7iH21
c9694K11Q48D KC2012 04 23.08738009 18 19.41 -03 40 11.6          18.8 Vu~0g7iH21
c9694K11Q48D KC2012 04 23.09058909 18 20.25 -03 40 20.6          18.4 Vu~0g7iH21
c9694K11Q48D KC2012 04 23.09395109 18 21.10 -03 40 30.2          17.7 Vu~0g7iH21
c9694K11Q48D KC2012 04 25.12974209 26 56.74 -05 12 30.1          18.9 Vu~0g7iH21
c9694K11Q48D KC2012 04 25.13282209 26 57.50 -05 12 38.0          18.5 Vu~0g7iH21
c9694K11Q48D KC2012 04 25.13627909 26 58.32 -05 12 47.2          18.6 Vu~0g7iH21
c9694K11Q48D KC2012 04 25.14031509 26 59.29 -05 12 57.6          18.5 Vu~0g7iH21
c9694K11Q48D KC2012 04 25.87288 09 29 56.64 -05 43 56.2          18.3 Ru~0g7i160
c9694K11Q48D KC2012 04 25.90121 09 30 03.29 -05 45 06.7                u~0g7i160
c9694K11Q48D KC2012 04 25.90395 09 30 04.01 -05 45 14.1          17.9 Ru~0g7i160
c9694K11Q48D KC2012 04 27.07162109 34 38.74 -06 32 21.1          19.0 Vo~0gNHH21
c9694K11Q48D KC2012 04 27.07467109 34 39.42 -06 32 27.9          18.8 Vo~0gNHH21
c9694K11Q48D KC2012 04 27.07745009 34 40.04 -06 32 34.5          18.3 Vo~0gNHH21
c9694K11Q48D KC2012 05 03.06143 09 55 51.49 -09 58 01.5          18.5 Rc~0gNH821
c9694K11Q48D KC2012 05 03.06343 09 55 51.87 -09 58 05.2          18.5 Rc~0gNH821
c9694K11Q48D KC2012 05 03.06544 09 55 52.24 -09 58 08.7          18.7 Rc~0gNH821
c9694K11Q48D KC2012 05 03.09052109 55 57.45 -09 59 14.0          18.4 Vu~0gaqH21
c9694K11Q48D KC2012 05 03.09519109 55 58.31 -09 59 22.8          18.7 Vu~0gaqH21
c9694K11Q48D KC2012 05 03.09985809 55 59.19 -09 59 31.3          18.7 Vu~0gaqH21
c9694K11Q48D KC2012 05 03.10436709 56 00.07 -09 59 39.4          18.9 Vu~0gaqH21
c9694K11Q48D |C2012 05 04.95765 10 01 56.83 -10 52 50.6          19.0 Vo~0gaq807
c9694K11Q48D |C2012 05 04.96413 10 01 58.01 -10 53 01.3          19.0 Vo~0gaq807
c9694K11Q48D |C2012 05 04.96916 10 01 58.93 -10 53 09.7          19.0 Vo~0gaq807
c9694K11Q48D |C2012 05 04.97347 10 01 59.72 -10 53 16.8          18.9 Vo~0gaq807
c9694K11Q48D KC2012 05 10.08349810 17 11.94 -13 01 52.6          19.5 Vo~0gaqH21
c9694K11Q48D KC2012 05 10.09462410 17 13.76 -13 02 08.0          18.8 Vo~0gaqH21
c9694K11Q48D KC2012 05 11.08184410 20 00.23 -13 24 08.6          19.3 Vo~0gf0H21
c9694K11Q48D KC2012 05 11.08691110 20 01.05 -13 24 15.2          19.4 Vo~0gf0H21
c9694K11Q48D KC2012 05 11.09240310 20 01.94 -13 24 22.4          19.3 Vo~0gf0H21
c9694K11Q48D KC2012 05 16.08044810 33 23.77 -15 04 33.7          19.3 Vu~0gf0H21
c9694K11Q48D KC2012 05 16.08465210 33 24.42 -15 04 38.5          19.3 Vu~0gf0H21
c9694K11Q48D KC2012 05 16.08882410 33 25.04 -15 04 42.9          19.5 Vu~0gf0H21
c9694K11Q48D KC2012 05 17.11830310 36 03.44 -15 23 23.7          19.4 Vu~0gf0H21
c9694K11Q48D KC2012 05 17.12271210 36 04.10 -15 23 28.5          19.5 Vu~0gf0H21
c9694K11Q48D KC2012 05 17.13107710 36 05.37 -15 23 37.8          19.8 Vu~0gf0H21
c9694K11Q48D |C2012 06 04.98261 11 20 03.32 -19 48 49.4          20.3 Vo~0hKA807
c9694K11Q48D |C2012 06 04.99081 11 20 04.39 -19 48 55.2          20.4 Vo~0hKA807
c9694K11Q48D |C2012 06 04.99905 11 20 05.43 -19 49 00.6          20.4 Vo~0hKA807
c9694K11Q48D KC2013 08 12.08310 00 04 40.28 -18 22 53.4                t~0tbe204
c9694K11Q48D KC2013 08 12.09657 00 04 39.64 -18 22 55.6                t~0tbe204
c9694K11Q48D KC2013 08 12.11074 00 04 38.90 -18 22 58.3          19.4 Rt~0tbe204
c9694K11Q48D  C2013 08 29.47239 23 40 01.385-19 16 38.74         18.8 rL~0tm7F51
c9694K11Q48D  C2013 08 29.48342 23 39 59.943-19 16 40.25         18.8 rL~0tm7F51
c9694K11Q48D  C2013 08 29.49572 23 39 58.339-19 16 41.98         18.7 iL~0tm7F51
c9694K11Q48D  C2013 08 29.50781 23 39 56.756-19 16 43.64         18.8 iL~0tm7F51
c9694K11Q48D  C2013 09 01.35170 23 33 41.82 -19 22 24.3          18.7 Vq~0tvy703
c9694K11Q48D  C2013 09 01.36016 23 33 40.64 -19 22 25.7          18.6 Vq~0tvy703
c9694K11Q48D  C2013 09 01.36860 23 33 39.38 -19 22 26.6          18.7 Vq~0tvy703
c9694K11Q48D  C2013 09 01.37705 23 33 38.25 -19 22 27.7          18.8 Vq~0tvy703
c9694K11Q48D  C2013 09 02.30118 23 31 27.50 -19 23 36.3          19.1 Rr~0tvyY00
c9694K11Q48D  C2013 09 02.30446 23 31 27.04 -19 23 37.2          19.0 Rr~0tvyY00
c9694K11Q48D  C2013 09 02.30777 23 31 26.55 -19 23 37.4          18.8 Rr~0tvyY00
c9694K11Q48D  C2013 09 06.97422 23 19 32.11 -19 26 07.0                o~0uHc046
c9694K11Q48D  C2013 09 06.97623 23 19 31.73 -19 26 07.2                o~0uHc046
c9694K11Q48D  C2013 09 06.97911 23 19 31.31 -19 26 07.2                o~0uHc046
c9694K11Q48D  C2013 09 06.98192 23 19 30.87 -19 26 06.7                o~0uHc046
c9694K11Q48D  C2013 09 09.25945 23 13 08.63 -19 23 33.9          18.5 Rr~0uHcY00
c9694K11Q48D  C2013 09 09.26257 23 13 08.09 -19 23 32.6          18.4 Rr~0uHcY00
c9694K11Q48D  C2013 09 09.26593 23 13 07.48 -19 23 33.2          18.6 Rr~0uHcY00
c9694K11Q48D  C2013 09 10.28125 23 10 11.18 -19 21 39.8          18.7 Rr~0uHcY00
c9694K11Q48D  C2013 09 10.28438 23 10 10.65 -19 21 39.2          18.7 Rr~0uHcY00
c9694K11Q48D  C2013 09 10.28751 23 10 10.12 -19 21 39.4          18.6 Rr~0uHcY00
c9694K11Q48D  C2013 09 14.28003 22 58 06.48 -19 08 37.4          19.1 Rr~0uHcY00
c9694K11Q48D  C2013 09 14.28178 22 58 06.16 -19 08 36.9          19.0 Rr~0uHcY00
c9694K11Q48D  C2013 09 14.28354 22 58 05.88 -19 08 36.7          19.0 Rr~0uHcY00
c9694K11Q48D  C2013 09 23.36683 22 28 56.462-18 00 55.45         18.4 rL~0ueeF51
c9694K11Q48D  C2013 09 23.37704 22 28 54.401-18 00 48.92         18.4 rL~0ueeF51
c9694K11Q48D  C2013 09 23.38776 22 28 52.250-18 00 42.12         18.2 iL~0ueeF51
c9694K11Q48D  C2013 09 29.20602 22 10 22.05 -16 47 45.0          18.4 Vq~0uvt703
c9694K11Q48D  C2013 09 29.21215 22 10 20.83 -16 47 39.7          18.1 Vq~0uvt703
c9694K11Q48D  C2013 09 29.21831 22 10 19.70 -16 47 34.4          18.5 Vq~0uvt703
c9694K11Q48D  C2013 09 29.22439 22 10 18.54 -16 47 28.8          18.4 Vq~0uvt703
c9694K11Q48D  C2013 10 06.12086 21 50 12.20 -14 53 53.5          18.8 Rr~0vI3Y00
c9694K11Q48D  C2013 10 06.12363 21 50 11.77 -14 53 51.9          18.3 Rr~0vI3Y00
c9694K11Q48D  C2013 10 06.12668 21 50 11.27 -14 53 47.9          18.5 Rr~0vI3Y00
c9694K11Q48D KC2013 10 20.07296821 19 40.19 -10 04 04.0          18.5 Vu~0vrOH21
c9694K11Q48D KC2013 10 20.07775921 19 39.69 -10 03 57.4          19.0 Vu~0vrOH21
c9694K11Q48D KC2013 10 20.08285921 19 39.15 -10 03 50.3          19.0 Vu~0vrOH21
c9694K11Q48D  C2013 10 23.13772 21 14 56.03 -08 53 40.5          18.8 Vq~0vrO703
c9694K11Q48D  C2013 10 23.14377 21 14 55.50 -08 53 31.3          18.9 Vq~0vrO703
c9694K11Q48D  C2013 10 23.14983 21 14 54.84 -08 53 23.1          18.7 Vq~0vrO703
c9694K11Q48D  C2013 10 23.15589 21 14 54.33 -08 53 13.3          18.6 Vq~0vrO703
c9694K11Q48D  C2013 10 28.10969 21 08 39.63 -06 56 22.8          18.6 Vq~0wCR703
c9694K11Q48D  C2013 10 28.11530 21 08 39.22 -06 56 15.0          18.9 Vq~0wCR703
c9694K11Q48D  C2013 10 28.12090 21 08 38.82 -06 56 06.5          18.7 Vq~0wCR703
c9694K11Q48D  C2013 10 28.12650 21 08 38.47 -06 55 59.8          18.8 Vq~0wCR703
c9694K11Q48D |C2013 11 07.00428 21 00 40.76 -02 53 19.4          19.8 Vu~0wcf807
c9694K11Q48D |C2013 11 07.00678 21 00 40.66 -02 53 15.3          18.8 Vu~0wcf807
c9694K11Q48D |C2013 11 07.00926 21 00 40.57 -02 53 12.0          19.9 Vu~0wcf807
c9694K11Q48D |C2013 11 07.01172 21 00 40.47 -02 53 08.3          19.2 Vu~0wcf807
c9694K11Q48D |C2013 11 07.01359 21 00 40.41 -02 53 05.2          19.3 Vu~0wcf807
c9694K11Q48D |C2013 11 08.00493 21 00 09.26 -02 28 06.5          19.4 Vu~0wcf807
c9694K11Q48D |C2013 11 08.00742 21 00 09.17 -02 28 02.7          19.0 Vu~0wcf807
c9694K11Q48D |C2013 11 08.00990 21 00 09.08 -02 27 58.7          19.4 Vu~0wcf807
c9694K11Q48D |C2013 11 08.01237 21 00 09.00 -02 27 55.1          19.0 Vu~0wcf807
c9694K11Q48D KC2013 11 14.05477520 57 49.69 +00 06 43.6          19.4 Vu~0x7hH21
c9694K11Q48D KC2013 11 14.05843620 57 49.61 +00 06 49.5          19.3 Vu~0x7hH21
c9694K11Q48D KC2013 11 14.06206920 57 49.52 +00 06 54.6          18.8 Vu~0x7hH21
     K11Q48D |C2014 02 25.38447 17 12 35.23 -13 06 51.5          18.9 Vu~113r807
c9694K11Q48D |C2014 02 25.38447 17 12 35.23 -13 06 51.5          18.9 Vu~113r807
     K11Q48D |C2014 02 25.38886 17 12 34.44 -13 07 11.9          18.5 Vu~113r807
c9694K11Q48D |C2014 02 25.38886 17 12 34.44 -13 07 11.9          18.5 Vu~113r807
     K11Q48D |C2014 02 25.39311 17 12 33.68 -13 07 31.7          18.8 Vu~113r807
c9694K11Q48D |C2014 02 25.39311 17 12 33.68 -13 07 31.7          18.8 Vu~113r807
