     K11G27O  C2011 04 03.43622 12 59 59.641-15 42 45.94         21.1 wL~0UYnF51
     K11G27O  C2011 04 03.45011 12 59 58.224-15 42 40.24         21.0 wL~0UYnF51
     K11G27O  C2011 04 03.46595 12 59 56.619-15 42 33.47         21.1 wL~0UYnF51
     K11G27O  C2011 04 03.47984 12 59 55.200-15 42 27.56         20.9 wL~0UYnF51
     K11G27O* C2011 04 04.32706 12 58 32.44 -15 36 29.7          20.6 Vr~0UYnG96
     K11G27O  C2011 04 04.33455 12 58 31.69 -15 36 26.3          20.8 Vr~0UYnG96
     K11G27O  C2011 04 04.34216 12 58 30.93 -15 36 23.0          20.5 Vr~0UYnG96
     K11G27O  C2011 04 04.34969 12 58 30.14 -15 36 19.8          20.4 Vr~0UYnG96
     K11G27O  C2011 04 04.39857 12 58 25.32 -15 35 58.3          21.0 Vr~0UYnG96
     K11G27O  C2011 04 04.40085 12 58 24.96 -15 35 57.1          21.3 Vr~0UYnG96
     K11G27O  C2011 04 04.40311 12 58 24.78 -15 35 56.5          20.4 Vr~0UYnG96
     K11G27O  C2011 04 04.40539 12 58 24.52 -15 35 55.6          20.6 Vr~0UYnG96
     K11G27O  C2011 04 04.40767 12 58 24.27 -15 35 54.6          20.8 Vr~0UYnG96
     K11G27O |C2011 04 05.09851 12 57 17.85 -15 30 47.2          20.6 Vo~0UYn807
     K11G27O |C2011 04 05.10674 12 57 17.06 -15 30 43.8          20.1 Vo~0UYn807
     K11G27O |C2011 04 05.11491 12 57 16.25 -15 30 40.7          20.5 Vo~0UYn807
     K11G27O |C2011 04 05.30132 12 56 57.60 -15 29 19.1          20.9 Vo~0UYn807
     K11G27O |C2011 04 05.30548 12 56 57.23 -15 29 17.0          21.0 Vo~0UYn807
     K11G27O |C2011 04 05.30962 12 56 56.80 -15 29 15.1          21.3 Vo~0UYn807
     K11G27O |C2011 04 05.31369 12 56 56.44 -15 29 13.2          20.7 Vo~0UYn807
     K11G27O  C2011 04 05.35123 12 56 52.95 -15 29 06.7          20.5 Vr~0UYnG96
     K11G27O  C2011 04 05.35200 12 56 52.93 -15 29 06.1          20.5 Vr~0UYnG96
     K11G27O  C2011 04 05.35275 12 56 52.84 -15 29 05.6          20.5 Vr~0UYnG96
     K11G27O  C2011 04 05.35350 12 56 52.75 -15 29 05.2          20.4 Vr~0UYnG96
     K11G27O  C2011 04 06.34682 12 55 17.39 -15 21 48.0                o~0UYn291
     K11G27O  C2011 04 06.35055 12 55 17.04 -15 21 46.4                o~0UYn291
     K11G27O  C2011 04 06.35431 12 55 16.69 -15 21 44.6                o~0UYn291
     K11G27O |C2011 04 08.15090 12 52 27.34 -15 08 09.3          20.9 Vo~0UvN807
     K11G27O |C2011 04 08.15910 12 52 26.55 -15 08 05.6          21.3 Vo~0UvN807
     K11G27O |C2011 04 08.16727 12 52 25.76 -15 08 01.8          21.2 Vo~0UvN807
     K11G27O  C2011 04 13.28022 12 44 48.53 -14 28 41.1          21.5 Vo~0UvN291
     K11G27O  C2011 04 13.28555 12 44 48.06 -14 28 38.4          21.5 Vo~0UvN291
     K11G27O  C2011 04 13.29645 12 44 47.10 -14 28 33.3          21.5 Vo~0UvN291
     K11G27O  C2011 04 29.16453 12 26 43.99 -12 31 09.6          21.6 Vo~0VFv291
     K11G27O  C2011 04 29.16984 12 26 43.68 -12 31 07.5          21.9 Vo~0VFv291
     K11G27O  C2011 04 29.17522 12 26 43.42 -12 31 05.4          22.0 Vo~0VFv291
     K11G27O |C2011 05 09.19223 12 20 24.52 -11 33 48.9          21.8 Vo~0Vox807
     K11G27O |C2011 05 09.19529 12 20 24.41 -11 33 47.7          22.1 Vo~0Vox807
     K11G27O |C2011 05 09.21053 12 20 24.00 -11 33 42.8          22.9 Vo~0Vox807
     K11G27O  C2015 09 16.46220 06 15 16.78 +32 22 10.7          19.9 Ru~1bQM926
     K11G27O  C2015 09 16.46859 06 15 19.22 +32 22 12.6          20.3 Ru~1bQM926
     K11G27O  C2015 09 16.47495 06 15 21.75 +32 22 14.9          20.4 Ru~1bQM926
     K11G27O  C2015 10 25.49646 09 56 09.84 +22 39 20.5          20.4 Ro~1bQM926
     K11G27O  C2015 10 25.49959 09 56 10.60 +22 39 16.0          20.3 Ro~1bQM926
     K11G27O  C2015 10 25.50274 09 56 11.38 +22 39 10.8          20.7 Ro~1bQM926
     K11G27O  C2015 10 25.50590 09 56 12.22 +22 39 06.0          19.9 Ro~1bQM926
     K11G27O  C2015 10 25.50903 09 56 13.01 +22 39 01.7          19.9 Ro~1bQM926
     K11G27O  C2015 10 25.51215 09 56 13.82 +22 38 56.2          19.7 Ro~1bQM926
     K11G27O |C2016 02 09.32960 13 22 46.89 -11 11 30.8          20.8 Vu~1l2V807
     K11G27O |C2016 02 09.33624 13 22 46.73 -11 11 33.5          21.2 Vu~1l2V807
     K11G27O |C2016 02 09.34269 13 22 46.57 -11 11 36.1          20.8 Vu~1l2V807
     K11G27O |C2016 02 21.31528 13 14 37.55 -12 07 23.9          20.1 Vu~1mrX807
     K11G27O |C2016 02 21.31929 13 14 37.29 -12 07 24.6          20.3 Vu~1mrX807
     K11G27O |C2016 02 21.32313 13 14 37.04 -12 07 25.2          20.4 Vu~1mrX807
     K11G27O  C2016 03 12.44976 12 45 27.567-11 50 01.41         20.2 wL~1oYqF51
     K11G27O  C2016 03 12.46296 12 45 26.116-11 49 58.05         20.2 wL~1oYqF51
     K11G27O  C2016 03 12.47611 12 45 24.671-11 49 54.71         20.2 wL~1oYqF51
     K11G27O  C2016 03 12.48932 12 45 23.213-11 49 51.31         20.2 wL~1oYqF51
     K11G27O 5C2016 03 30.28520 12 14 39.12 -10 01 01.1          20.4 VL~1pQGW84
     K11G27O 5C2016 03 30.28838 12 14 38.81 -10 00 59.7                L~1pQGW84
     K11G27O 5C2016 03 30.29158 12 14 38.50 -10 00 58.3                L~1pQGW84
     K11G27O 5C2016 03 30.29474 12 14 38.19 -10 00 56.9                L~1pQGW84
     K11G27O 5C2016 03 30.29791 12 14 37.88 -10 00 55.5                L~1pQGW84
     K11G27O  C2016 03 31.40289 12 12 55.746-09 53 07.90         20.2 wL~1pQGF51
     K11G27O  C2016 03 31.41560 12 12 54.528-09 53 02.44         20.1 wL~1pQGF51
     K11G27O  C2016 03 31.42821 12 12 53.315-09 52 56.99         20.3 wL~1pQGF51
     K11G27O  C2016 03 31.44079 12 12 52.110-09 52 51.48         20.2 wL~1pQGF51
     K11G27O 5C2016 04 01.30748 12 11 33.02 -09 46 27.3          20.6 VL~1pQGW84
     K11G27O 5C2016 04 01.31064 12 11 32.73 -09 46 25.9                L~1pQGW84
     K11G27O 5C2016 04 01.31380 12 11 32.44 -09 46 24.5                L~1pQGW84
     K11G27O 5C2016 04 01.31697 12 11 32.14 -09 46 23.1                L~1pQGW84
     K11G27O 5C2016 04 01.32015 12 11 31.85 -09 46 21.8                L~1pQGW84
     K11G27O  C2016 04 02.22901 12 10 11.61 -09 39 59.9          20.8 rR~1q9JG45
     K11G27O  C2016 04 02.23348 12 10 11.18 -09 39 58.0          20.2 rR~1q9JG45
     K11G27O  C2016 04 02.23830 12 10 10.73 -09 39 55.7          20.8 rR~1q9JG45
     K11G27O  C2016 04 02.38157 12 09 57.62 -09 38 54.4          19.9 rR~1q9JG45
