     K12F01R* C2012 03 16.40434 14 35 11.79 -26 02 17.6          20.2 Vr~0ewU703
     K12F01R  C2012 03 16.41235 14 35 10.46 -26 02 19.7          19.5 Vr~0ewU703
     K12F01R  C2012 03 16.42037 14 35 09.06 -26 02 21.5          19.6 Vr~0ewU703
     K12F01R  C2012 03 16.45260 14 35 03.47 -26 02 30.8          19.5 Ro~0ewUH01
     K12F01R  C2012 03 16.45977 14 35 02.22 -26 02 32.5          19.7 Ro~0ewUH01
     K12F01R  C2012 03 16.46718 14 35 00.94 -26 02 34.6          19.8 Ro~0ewUH01
     K12F01R  C2012 03 16.47317 14 34 59.88 -26 02 36.1          19.7 Ro~0ewUH01
     K12F01R `C2012 03 16.63427 14 34 33.30 -26 03 03.8          19.0 Ru~0ewUD90
     K12F01R `C2012 03 16.64317 14 34 31.66 -26 03 07.1          18.4 Ru~0ewUD90
     K12F01R  C2012 03 17.34269 14 32 32.47 -26 06 12.3          19.7 Ro~0ewUH01
     K12F01R  C2012 03 17.34635 14 32 31.83 -26 06 13.2          19.6 Ro~0ewUH01
     K12F01R  C2012 03 17.35321 14 32 30.62 -26 06 14.9          19.6 Ro~0ewUH01
     K12F01R  C2012 03 17.36441 14 32 28.64 -26 06 17.6          19.6 Ro~0ewUH01
     K12F01R |C2012 03 18.29167 14 29 48.76 -26 09 23.5          20.5 Vo~0ewU807
     K12F01R |C2012 03 18.29652 14 29 47.89 -26 09 24.6          20.2 Vo~0ewU807
     K12F01R |C2012 03 18.30132 14 29 47.04 -26 09 25.5          20.5 Vo~0ewU807
     K12F01R |C2012 03 18.30619 14 29 46.17 -26 09 26.7          20.6 Vo~0ewU807
     K12F01R KC2012 03 18.32631 14 29 42.45 -26 09 29.6          19.8 Ru~0ewUI19
     K12F01R KC2012 03 18.33327 14 29 41.17 -26 09 32.3          19.7 Ru~0ewUI19
     K12F01R KC2012 03 18.33848 14 29 40.28 -26 09 33.4          19.9 Ru~0ewUI19
     K12F01R |C2012 03 19.23291 14 27 05.23 -26 12 10.4          20.7 Vo~0ewU807
     K12F01R |C2012 03 19.23643 14 27 04.60 -26 12 11.1          20.6 Vo~0ewU807
     K12F01R |C2012 03 20.40490 14 23 38.25 -26 14 49.1          20.4 Vo~0ewU807
     K12F01R |C2012 03 20.40916 14 23 37.50 -26 14 49.6          20.5 Vo~0ewU807
     K12F01R |C2012 03 20.41398 14 23 36.62 -26 14 49.9          20.0 Vo~0ewU807
     K12F01R |C2012 03 22.31333 14 17 59.17 -26 17 14.4          20.2 Vo~0ewU807
     K12F01R |C2012 03 22.31684 14 17 58.50 -26 17 14.4          20.4 Vo~0ewU807
     K12F01R |C2012 03 22.32037 14 17 57.88 -26 17 14.3          20.5 Vo~0ewU807
     K12F01R |C2012 03 22.32389 14 17 57.21 -26 17 14.5          20.2 Vo~0ewU807
     K12F01R  C2012 03 22.41763 14 17 40.56 -26 17 30.0          20.0 Vr~0ewUG96
     K12F01R  C2012 03 22.41821 14 17 40.45 -26 17 30.1          20.1 Vr~0ewUG96
     K12F01R  C2012 03 22.41879 14 17 40.34 -26 17 30.0          20.0 Vr~0ewUG96
     K12F01R  C2012 03 22.41938 14 17 40.20 -26 17 30.1          20.2 Vr~0ewUG96
     K12F01R KC2012 03 22.44897 14 17 34.83 -26 17 30.5                o~0ewU291
     K12F01R KC2012 03 22.45054 14 17 34.50 -26 17 31.0                o~0ewU291
     K12F01R KC2012 03 22.45212 14 17 34.21 -26 17 30.5                o~0ewU291
     K12F01R KC2012 03 23.44330 14 14 36.40 -26 17 43.8                o~0ewU291
     K12F01R KC2012 03 23.44539 14 14 36.00 -26 17 44.0                o~0ewU291
     K12F01R HC2012 04 01.32428 13 48 09.58 -25 52 29.0                o~0fGO291
     K12F01R HC2012 04 01.32611 13 48 09.23 -25 52 27.7                o~0fGO291
     K12F01R HC2012 04 01.32792 13 48 08.91 -25 52 27.7                o~0fGO291
     K12F01R |C2012 04 01.40288 13 47 55.03 -25 51 50.2          20.3 Vo~0fGO807
     K12F01R |C2012 04 01.40860 13 47 54.02 -25 51 48.1          20.3 Vo~0fGO807
     K12F01R KC2012 04 02.36175 13 45 09.81 -25 46 37.6          19.7 Ro~0fGO291
     K12F01R KC2012 04 02.36351 13 45 09.45 -25 46 37.0          19.6 Ro~0fGO291
     K12F01R KC2012 04 02.36527 13 45 09.11 -25 46 35.3          19.3 Ro~0fGO291
     K12F01R KC2012 04 11.28736 13 21 18.05 -24 37 40.7          20.7 Vu~0fkSH21
     K12F01R KC2012 04 11.29509 13 21 16.89 -24 37 36.4          20.7 Vu~0fkSH21
     K12F01R KC2012 04 11.30268 13 21 15.78 -24 37 31.4          20.1 Vu~0fkSH21
     K12F01R KC2012 04 12.27362713 18 55.34 -24 28 29.8          20.2 Vu~0fkSH21
     K12F01R KC2012 04 12.28091913 18 54.27 -24 28 25.3          20.6 Vu~0fkSH21
     K12F01R KC2012 04 12.28908713 18 53.05 -24 28 20.3          20.6 Vu~0fkSH21
     K12F01R ]C2012 04 27.27665 12 50 27.01 -21 57 18.1          20.9 Ro~0g7o695
     K12F01R ]C2012 04 27.28384 12 50 26.40 -21 57 13.9          20.6 Ro~0g7o695
     K12F01R ]C2012 04 27.28627 12 50 26.20 -21 57 12.6          20.6 Ro~0g7o695
     K12F01R HC2012 05 11.22224 12 36 44.86 -19 55 26.6                o~0gbO291
     K12F01R HC2012 05 11.22728 12 36 44.67 -19 55 24.0                o~0gbO291
     K12F01R HC2012 05 11.23229 12 36 44.46 -19 55 21.7                o~0gbO291
     K12F01R KC2012 05 29.19038 12 32 54.60 -18 19 01.6          22.1 Ro~0hC4291
     K12F01R KC2012 05 29.20834 12 32 54.69 -18 18 57.5          21.8 Ro~0hC4291
     K12F01R KC2012 05 29.22631 12 32 54.76 -18 18 53.9          22.0 Ro~0hC4291
     K12F01R 2C2014 07 03.51260120 25 20.226-38 01 52.92         23.1 Rt~16dH568
     K12F01R 2C2014 07 03.52002820 25 19.607-38 01 55.77         22.9 Rt~16dH568
     K12F01R 2C2014 07 25.41423319 49 06.835-39 50 40.03         22.3 Rt~16dH568
     K12F01R 2C2014 07 25.42170119 49 05.986-39 50 41.02         22.4 Rt~16dH568
     K12F01R 2C2014 07 25.42914519 49 05.118-39 50 42.28         22.5 Rt~16dH568
     K12F01R 2C2014 07 25.43718819 49 04.204-39 50 43.36         23.0 Rt~16dH568
     K12F01R HC2015 04 11.82851 05 17 58.79 +28 33 09.3                q~1Xvr204
     K12F01R HC2015 04 11.85832 05 18 14.39 +28 32 56.5          21   Rq~1Xvr204
     K12F01R KC2015 04 15.13190 05 46 41.16 +27 58 34.2                o~1Q4F291
     K12F01R KC2015 04 15.13261 05 46 41.54 +27 58 33.8          22.3 Ro~1Q4F291
     K12F01R KC2015 04 15.13333 05 46 41.91 +27 58 32.9          22.5 Ro~1Q4F291
