     K12J11S* C2012 05 15.35926 15 45 20.77 -10 12 24.7          19.9 Vr~0gggG96
     K12J11S  C2012 05 15.36455 15 45 20.37 -10 12 18.8          20.1 Vr~0gggG96
     K12J11S  C2012 05 15.36978 15 45 19.94 -10 12 12.8          20.7 Vr~0gggG96
     K12J11S  C2012 05 15.37504 15 45 19.58 -10 12 07.1          20.8 Vr~0gggG96
     K12J11S  C2012 05 15.40923 15 45 17.04 -10 11 30.0          20.8 Vr~0gggG96
     K12J11S  C2012 05 15.41461 15 45 16.63 -10 11 24.2          21.1 Vr~0gggG96
     K12J11S mC2012 05 15.41503 15 45 16.62 -10 11 23.9                o~0ggg291
     K12J11S mC2012 05 15.41692 15 45 16.48 -10 11 21.8                o~0ggg291
     K12J11S mC2012 05 15.41880 15 45 16.35 -10 11 19.7                o~0ggg291
     K12J11S  C2012 05 15.41998 15 45 16.24 -10 11 18.7          20.2 Vr~0gggG96
     K12J11S  C2012 05 15.42542 15 45 15.82 -10 11 12.3          20.8 Vr~0gggG96
     K12J11S HC2012 05 16.26534 15 44 16.18 -09 56 06.5          20.8 Ro~0ggg291
     K12J11S HC2012 05 16.26694 15 44 16.05 -09 56 04.1          20.5 Ro~0ggg291
     K12J11S HC2012 05 16.26854 15 44 15.96 -09 56 02.3          20.3 Ro~0ggg291
     K12J11S  C2012 05 16.33354 15 44 10.93 -09 54 51.6          20.7 Vr~0gggG96
     K12J11S  C2012 05 16.33564 15 44 10.75 -09 54 49.7          20.3 Vr~0gggG96
     K12J11S  C2012 05 16.33774 15 44 10.60 -09 54 47.2          20.4 Vr~0gggG96
     K12J11S  C2012 05 16.33985 15 44 10.42 -09 54 45.1          20.8 Vr~0gggG96
     K12J11S KC2012 05 17.26151 15 43 02.85 -09 37 53.8          20.6 Ro~0ggg291
     K12J11S KC2012 05 17.26785 15 43 02.36 -09 37 46.8          20.7 Ro~0ggg291
     K12J11S KC2012 05 17.27447 15 43 01.84 -09 37 38.9          20.5 Ro~0ggg291
     K12J11S KC2012 05 18.32757315 41 41.90 -09 18 07.0          20.6 Vu~0gwWH21
     K12J11S KC2012 05 18.34378715 41 40.59 -09 17 48.2                u~0gwWH21
     K12J11S KC2012 05 20.39216 15 38 59.77 -08 38 47.9          20.6 Ro~0gwW291
     K12J11S KC2012 05 20.39385 15 38 59.62 -08 38 46.1          20.6 Ro~0gwW291
     K12J11S KC2012 05 20.39556 15 38 59.49 -08 38 43.9                o~0gwW291
     K12J11S HC2012 05 21.25222 15 37 50.86 -08 22 06.5          20.2 Ro~0gwW291
     K12J11S HC2012 05 21.25400 15 37 50.71 -08 22 04.5          20.4 Ro~0gwW291
     K12J11S HC2012 05 21.25576 15 37 50.55 -08 22 03.0          20.4 Ro~0gwW291
     K12J11S IC2012 05 21.33974 15 37 42.97 -08 20 24.6          20.1 Ru~0gwWH36
     K12J11S KC2012 05 21.35203 15 37 42.07 -08 20 09.2          19.9 Ru~0gwWH36
     K12J11S KC2012 05 22.26625 15 36 27.09 -08 02 11.2          21.0 Vu~0gwWH21
     K12J11S KC2012 05 22.27067 15 36 26.67 -08 02 06.3                u~0gwWH21
     K12J11S KC2012 05 22.27433 15 36 26.33 -08 02 01.8          20.5 Vu~0gwWH21
     K12J11S KC2012 05 23.25821715 35 04.06 -07 42 28.6          20.6 Vu~0gwWH21
     K12J11S KC2012 05 23.26465315 35 03.45 -07 42 20.9          20.7 Vu~0gwWH21
     K12J11S KC2012 05 23.27169715 35 02.75 -07 42 13.1          20.9 Vu~0gwWH21
     K12J11S HC2012 05 26.95647 15 29 43.93 -06 27 13.6                u~0hCsJ95
     K12J11S bC2012 05 26.98259 15 29 41.46 -06 26 41.8                u~0hCsJ95
     K12J11S KC2012 05 27.39254 15 29 04.64 -06 18 07.1          20.4 Ro~0hCs291
     K12J11S KC2012 05 27.39461 15 29 04.45 -06 18 04.5          20.3 Ro~0hCs291
     K12J11S KC2012 05 27.39667 15 29 04.27 -06 18 01.8          20.7 Ro~0hCs291
     K12J11S KC2012 06 05.12958015 15 52.16 -03 13 17.2          20.1 Vu~0hKcH21
     K12J11S KC2012 06 05.13678415 15 51.47 -03 13 08.2          20.9 Vu~0hKcH21
     K12J11S KC2012 06 05.14431615 15 50.73 -03 12 58.8          20.1 Vu~0hKcH21
     K12J11S |C2012 06 05.19923 15 15 45.14 -03 11 31.3          20.5 Vo~0hKc807
     K12J11S |C2012 06 05.20951 15 15 44.14 -03 11 17.8          20.6 Vo~0hKc807
     K12J11S KC2012 06 08.18932 15 11 15.52 -02 08 18.2          20.9 Ru~0hKc448
     K12J11S KC2012 06 08.22937 15 11 11.74 -02 07 27.7          21.4 Ru~0hKc448
     K12J11S KC2012 06 08.26988 15 11 07.89 -02 06 37.2          20.9 Ru~0hKc448
     K12J11S KC2012 06 15.16984 15 01 16.89 +00 15 50.0          20.6 Ru~0hX1448
     K12J11S KC2012 06 15.20547 15 01 13.82 +00 16 30.2          20.6 Ru~0hX1448
     K12J11S KC2012 06 15.25251 15 01 09.94 +00 17 26.6          20.5 Ru~0hX1448
     K12J11S KC2012 07 18.90912 14 39 57.86 +08 54 11.9          20.2 Rt~0hnsJ04
     K12J11S KC2012 07 18.91363 14 39 57.88 +08 54 15.6          20.3 Rt~0hnsJ04
     K12J11S KC2012 07 18.91815 14 39 57.89 +08 54 18.6          20.2 Rt~0hnsJ04
     K12J11S KC2012 08 10.13805 14 54 39.02 +13 14 41.8          20.6 Ro~0hzG291
     K12J11S KC2012 08 10.14060 14 54 39.15 +13 14 43.7          20.2 Ro~0hzG291
     K12J11S KC2012 08 10.14315 14 54 39.31 +13 14 45.5          20.8 Ro~0hzG291
     K12J11S KC2012 09 06.83417 15 39 08.12 +25 00 45.9                t~0iVQ204
     K12J11S KC2012 09 06.85260 15 39 10.78 +25 01 38.0          20.5 Rt~0iVQ204
     K12J11S  C2012 09 19.16679 16 33 08.13 +41 01 43.7          19.3 Vr~0ijz703
     K12J11S  C2012 09 19.17169 16 33 10.51 +41 02 18.7          19.4 Vr~0ijz703
     K12J11S  C2012 09 19.17661 16 33 12.88 +41 02 53.0          19.0 Vr~0ijz703
     K12J11S  C2012 09 19.18154 16 33 15.26 +41 03 27.5          18.6 Vr~0ijz703
     K12J11S KC2012 09 24.98919 17 58 11.90 +55 13 38.0                u~0j6nI15
     K12J11S KC2012 09 24.99169 17 58 15.47 +55 14 01.5                u~0j6nI15
     K12J11S KC2012 09 24.99293 17 58 17.30 +55 14 12.5                u~0j6nI15
     K12J11S  C2012 09 27.18634 19 07 55.74 +60 28 43.9          17.6  r~0j6n718
     K12J11S  C2012 09 27.18852 19 08 00.79 +60 28 58.5          17.9  r~0j6n718
     K12J11S  C2012 09 27.19068 19 08 05.81 +60 29 12.7          17.6  r~0j6n718
     K12J11S KC2012 09 27.91761 19 38 33.71 +61 42 44.4          17.2 Vt~0j6nJ84
     K12J11S KC2012 09 27.91939 19 38 38.39 +61 42 53.5          17.3 Vt~0j6nJ84
     K12J11S KC2012 09 27.92118 19 38 43.03 +61 43 01.7          17.3 Vt~0j6nJ84
     K12J11S KC2012 09 27.92296 19 38 47.69 +61 43 10.1          17.3 Vt~0j6nJ84
     K12J11S KC2012 09 27.92475 19 38 52.37 +61 43 18.6          17.2 Vt~0j6nJ84
     K12J11S KC2012 09 27.92653 19 38 57.03 +61 43 27.7          17.6 Vt~0j6nJ84
     K12J11S KC2012 09 28.84144 20 22 03.11 +62 38 13.4          17.7 Ro~0jJuJ16
     K12J11S KC2012 09 28.85976 20 22 55.97 +62 38 48.0          17.3 Ro~0jJuJ16
     K12J11S KC2012 09 28.87449 20 23 38.54 +62 39 14.4          17.6 Ro~0jJuJ16
     K12J11S  C2012 10 01.12845 22 14 34.08 +60 57 35.8          16.8  r~0jJu718
     K12J11S  C2012 10 01.13068 22 14 40.02 +60 57 20.4          16.8  r~0jJu718
     K12J11S  C2012 10 01.13285 22 14 45.89 +60 57 05.5          16.9  r~0jJu718
     K12J11S  C2012 10 01.85986 22 45 56.66 +59 17 18.1          16.5 Rc~0jJuA24
     K12J11S  C2012 10 01.86012 22 45 57.35 +59 17 16.6          16.7 Rc~0jJuA24
     K12J11S  C2012 10 01.86038 22 45 57.65 +59 17 14.2          16.5 Rc~0jJuA24
     K12J11S  C2012 10 01.86064 22 45 58.52 +59 17 11.3          16.8 Rc~0jJuA24
     K12J11S  C2012 10 03.47538 23 42 05.23 +54 22 40.3          16.4 Ro~0n72300
     K12J11S  C2012 10 03.47654 23 42 07.20 +54 22 26.3          16.4 Ro~0n72300
     K12J11S  C2012 10 03.47770 23 42 09.17 +54 22 12.6          16.4 Ro~0n72300
     K12J11S  C2012 10 03.47887 23 42 11.13 +54 21 59.0          16.3 Ro~0n72300
     K12J11S  C2012 10 03.48005 23 42 13.24 +54 21 44.6          16.6 Ro~0n72300
     K12J11S KC2012 10 04.86144 00 16 52.27 +49 31 59.4          16.1 Vu~0jJuI76
     K12J11S KC2012 10 04.86757 00 16 59.86 +49 30 41.3          16.5 Vu~0jJuI76
     K12J11S  C2012 10 05.75044 00 34 10.27 +46 23 16.6          15.7 Rw~0jJuC36
     K12J11S  C2012 10 05.75130 00 34 11.12 +46 23 06.3          16.4 Rw~0jJuC36
     K12J11S  C2012 10 05.76030 00 34 20.43 +46 21 14.4          16.2 Rw~0jJuC36
     K12J11S  C2012 10 05.76073 00 34 20.83 +46 21 09.4          15.7 Rw~0jJuC36
     K12J11S  C2012 10 05.76116 00 34 21.30 +46 21 03.9          16.2 Rw~0jJuC36
     K12J11S KC2012 10 05.81617 00 35 20.24 +46 09 44.8          15.9 Rc~0kkMA24
     K12J11S KC2012 10 05.81670 00 35 20.74 +46 09 38.7          16.3 Rc~0kkMA24
     K12J11S KC2012 10 05.81721 00 35 21.27 +46 09 32.1          16.4 Rc~0kkMA24
     K12J11S KC2012 10 05.86315 00 36 07.48 +46 00 06.3          16.5 Rc~0kkMA24
     K12J11S KC2012 10 05.86367 00 36 07.99 +46 00 00.3          16.5 Rc~0kkMA24
     K12J11S KC2012 10 05.86418 00 36 08.52 +45 59 53.7          16.4 Rc~0kkMA24
     K12J11S  C2012 10 06.05792 00 39 26.19 +45 19 33.6          16.7 Ru~0jJuI15
     K12J11S  C2012 10 06.05917 00 39 27.38 +45 19 18.1          16.9 Ru~0jJuI15
     K12J11S  C2012 10 06.06043 00 39 28.58 +45 19 02.8          16.7 Ru~0jJuI15
     K12J11S  C2012 10 07.82193 01 03 55.41 +39 29 46.7          16.3 Rc~0kIvA24
     K12J11S  C2012 10 07.82245 01 03 55.74 +39 29 41.4          16.3 Rc~0kIvA24
     K12J11S  C2012 10 07.82322 01 03 56.25 +39 29 32.9          16.3 Rc~0kIvA24
     K12J11S KC2012 10 07.86253 01 04 23.83 +39 22 18.5          16.5 Vu~0jJuI76
     K12J11S KC2012 10 07.86671 01 04 26.59 +39 21 32.9          16.9 Vu~0jJuI76
     K12J11S  C2012 10 07.86894 01 04 26.72 +39 21 08.0          16.2 Rc~0kIvA24
     K12J11S  C2012 10 07.86945 01 04 27.05 +39 21 02.7          16.2 Rc~0kIvA24
     K12J11S  C2012 10 07.87022 01 04 27.53 +39 20 54.2          16.1 Rc~0kIvA24
     K12J11S KC2012 10 07.91413 01 04 56.11 +39 12 49.6          15.9 Rc~0jJuA53
     K12J11S KC2012 10 07.91624 01 04 57.47 +39 12 26.1          16.6 Rc~0jJuA53
     K12J11S KC2012 10 07.92016 01 05 00.01 +39 11 42.8          16.4 Rc~0jJuA53
     K12J11S KC2012 10 07.92318 01 05 01.98 +39 11 09.4          16.4 Rc~0jJuA53
     K12J11S KC2012 10 07.92620 01 05 03.90 +39 10 36.2          15.9 Rc~0jJuA53
     K12J11S KC2012 10 07.92921 01 05 05.85 +39 10 02.7          16.1 Rc~0jJuA53
     K12J11S KC2012 10 07.98493 01 05 41.79 +38 59 42.3          16.0 Rc~0kIvA24
     K12J11S KC2012 10 07.98571 01 05 42.27 +38 59 33.7          16.2 Rc~0kIvA24
     K12J11S KC2012 10 07.99454 01 05 47.90 +38 57 55.4          16.2 Rc~0kIvA24
     K12J11S KC2012 10 08.03154 01 06 11.42 +38 51 02.3          16.3 Rc~0kIvA24
     K12J11S KC2012 10 08.03205 01 06 11.73 +38 50 56.6          16.4 Rc~0kIvA24
     K12J11S KC2012 10 08.03258 01 06 12.06 +38 50 50.9          16.4 Rc~0kIvA24
     K12J11S KC2012 10 08.90947 01 15 17.69 +36 13 56.4          16.1 Ro~0jbpJ16
     K12J11S KC2012 10 08.91175 01 15 18.93 +36 13 32.8          16.1 Ro~0jbpJ16
     K12J11S KC2012 10 08.91397 01 15 20.13 +36 13 10.6          15.9 Ro~0jbpJ16
     K12J11S KC2012 10 08.91625 01 15 21.39 +36 12 46.7          16.3 Ro~0jbpJ16
     K12J11S  C2012 10 09.82118 01 23 17.68 +33 42 38.2          16.8 Rc~0kkMA24
     K12J11S  C2012 10 09.82144 01 23 17.73 +33 42 36.0          16.3 Rc~0kkMA24
     K12J11S  C2012 10 09.82170 01 23 17.85 +33 42 33.7          16.0 Rc~0kkMA24
     K12J11S  C2012 10 09.82196 01 23 17.97 +33 42 31.2          16.3 Rc~0kkMA24
     K12J11S  C2012 10 09.82221 01 23 18.09 +33 42 28.5          16.3 Rc~0kkMA24
     K12J11S  C2012 10 09.82247 01 23 18.23 +33 42 26.0          16.6 Rc~0kkMA24
     K12J11S  C2012 10 09.86818 01 23 39.22 +33 35 17.0          15.7 Rc~0kkMA24
     K12J11S  C2012 10 09.86843 01 23 39.41 +33 35 14.3          15.8 Rc~0kkMA24
     K12J11S  C2012 10 09.86869 01 23 39.56 +33 35 12.3          16.0 Rc~0kkMA24
     K12J11S  C2012 10 09.86895 01 23 39.67 +33 35 10.0          16.4 Rc~0kkMA24
     K12J11S  C2012 10 09.86921 01 23 39.79 +33 35 07.1          16.3 Rc~0kkMA24
     K12J11S  C2012 10 09.86946 01 23 39.91 +33 35 04.8          16.2 Rc~0kkMA24
     K12J11S 2C2012 10 10.89716201 31 10.95 +30 59 01.7          16.7 Ru~0jbp089
     K12J11S 2C2012 10 10.89914101 31 11.69 +30 58 44.5          16.6 Ru~0jbp089
     K12J11S 2C2012 10 10.90112001 31 12.44 +30 58 27.2          16.6 Ru~0jbp089
     K12J11S 2C2012 10 10.90309901 31 13.19 +30 58 10.1          16.9 Ru~0jbp089
     K12J11S 2C2012 10 10.90507901 31 13.93 +30 57 53.0          16.7 Ru~0jbp089
     K12J11S 2C2012 10 10.90705801 31 14.68 +30 57 35.9          16.8 Ru~0jbp089
     K12J11S 2C2012 10 10.90903801 31 15.42 +30 57 18.4          16.7 Ru~0jbp089
     K12J11S 2C2012 10 10.91101601 31 16.17 +30 57 01.5          16.7 Ru~0jbp089
     K12J11S 2C2012 10 10.91299601 31 16.91 +30 56 44.3          16.7 Ru~0jbp089
     K12J11S 2C2012 10 10.91497501 31 17.66 +30 56 27.0          16.8 Ru~0jbp089
     K12J11S  C2012 10 12.02887 01 38 14.45 +28 22 59.2                w~0jbpI17
     K12J11S  C2012 10 12.05166 01 38 21.83 +28 20 05.4                w~0jbpI17
     K12J11S  C2012 10 12.06931 01 38 27.52 +28 17 49.9                w~0jbpI17
     K12J11S  C2012 10 12.12483 01 38 44.93 +28 10 42.3                u~0jbpI15
     K12J11S  C2012 10 12.12652 01 38 45.43 +28 10 29.6                u~0jbpI15
     K12J11S  C2012 10 12.12820 01 38 45.95 +28 10 16.9                u~0jbpI15
     K12J11S  C2012 10 12.82914 01 42 29.59 +26 42 08.6                c~0lje127
     K12J11S  C2012 10 12.83507 01 42 31.33 +26 41 25.7                c~0lje127
     K12J11S  C2012 10 12.85959 01 42 36.95 +26 38 30.6          16.4 Rw~0jbpC36
     K12J11S  C2012 10 12.86019 01 42 37.15 +26 38 26.5          16.5 Rw~0jbpC36
     K12J11S  C2012 10 12.86076 01 42 37.31 +26 38 21.6          16.6 Rw~0jbpC36
     K12J11S  C2012 10 12.86106 01 42 37.39 +26 38 19.2          16.2 Rw~0jbpC36
     K12J11S  C2012 10 12.86135 01 42 37.46 +26 38 17.9          16.3 Rw~0jbpC36
     K12J11S  C2012 10 12.86193 01 42 37.61 +26 38 13.4          16.3 Rw~0jbpC36
     K12J11S  C2012 10 12.86223 01 42 37.70 +26 38 11.6          16.3 Rw~0jbpC36
     K12J11S  C2012 10 12.86340 01 42 38.01 +26 38 03.1          16.4 Rw~0jbpC36
     K12J11S  C2012 10 12.86369 01 42 38.09 +26 38 01.0          16.6 Rw~0jbpC36
     K12J11S  C2012 10 12.86808 01 42 39.39 +26 37 28.8          16.0 Rw~0jbpC36
     K12J11S  C2012 10 12.86838 01 42 39.42 +26 37 26.7          16.1 Rw~0jbpC36
     K12J11S  C2012 10 12.86867 01 42 39.47 +26 37 24.9          16.0 Rw~0jbpC36
     K12J11S  C2012 10 12.86896 01 42 39.61 +26 37 22.5          16.1 Rw~0jbpC36
     K12J11S  C2012 10 12.86925 01 42 39.70 +26 37 20.7          16.3 Rw~0jbpC36
     K12J11S  C2012 10 12.87130 01 42 40.21 +26 37 05.7          16.5 Rw~0jbpC36
     K12J11S  C2012 10 12.87160 01 42 40.36 +26 37 03.5          16.3 Rw~0jbpC36
     K12J11S  C2012 10 12.87189 01 42 40.44 +26 37 01.3          16.6 Rw~0jbpC36
     K12J11S  C2012 10 12.87218 01 42 40.49 +26 36 59.4          16.4 Rw~0jbpC36
     K12J11S  C2012 10 12.87365 01 42 40.90 +26 36 48.9          16.4 Rw~0jbpC36
     K12J11S  C2012 10 13.32119 01 44 49.26 +25 44 19.2          16.9  c~0jbp704
     K12J11S  C2012 10 13.33500 01 44 52.76 +25 42 43.0          17.1  c~0jbp704
     K12J11S  C2012 10 13.34853 01 44 56.17 +25 41 08.6          17.3  c~0jbp704
     K12J11S  C2012 10 13.36211 01 44 59.60 +25 39 33.9          17.3  c~0jbp704
     K12J11S  C2012 10 13.37565 01 45 03.02 +25 37 59.3          17.4  c~0jbp704
     K12J11S KC2012 10 13.93129 01 47 35.07 +24 35 19.5          16.3 Ro~0jbpB67
     K12J11S KC2012 10 13.93586 01 47 36.19 +24 34 50.0          16.3 Ro~0jbpB67
     K12J11S KC2012 10 13.94043 01 47 37.26 +24 34 20.5          16.5 Ro~0jbpB67
     K12J11S KC2012 10 13.94500 01 47 38.35 +24 33 50.2          16.4 Ro~0jbpB67
     K12J11S  C2012 10 14.03135 01 47 58.16 +24 24 23.4          16.7 Vq~0jbpC47
     K12J11S  C2012 10 14.03440 01 47 58.87 +24 24 03.6          16.9 Vq~0jbpC47
     K12J11S  C2012 10 14.03745 01 47 59.59 +24 23 43.5          16.8 Vq~0jbpC47
     K12J11S  C2012 10 14.04050 01 48 00.34 +24 23 23.4          17.2 Vq~0jbpC47
     K12J11S  C2012 10 14.04355 01 48 01.02 +24 23 03.5          17.0 Vq~0jbpC47
     K12J11S  C2012 10 14.04534 01 48 01.47 +24 22 51.9          16.7 Vq~0jbpC47
     K12J11S  C2012 10 14.26780 01 49 00.01 +23 59 20.7          16.4 Vr~0jbp703
     K12J11S  C2012 10 14.27462 01 49 01.52 +23 58 38.4          16.6 Vr~0jbp703
     K12J11S  C2012 10 14.28154 01 49 03.03 +23 57 54.5          16.5 Vr~0jbp703
     K12J11S  C2012 10 14.28847 01 49 04.54 +23 57 10.6          16.6 Vr~0jbp703
     K12J11S  C2012 10 14.29003 01 49 04.58 +23 56 59.6          16.9  c~0jbp704
     K12J11S  C2012 10 14.30388 01 49 07.60 +23 55 31.7          17.2  c~0jbp704
     K12J11S  C2012 10 14.31774 01 49 10.63 +23 54 04.1          17.1  c~0jbp704
     K12J11S  C2012 10 14.33160 01 49 13.63 +23 52 35.9          17.1  c~0jbp704
     K12J11S  C2012 10 14.34533 01 49 16.62 +23 51 08.8          17.0  c~0jbp704
     K12J11S  C2012 10 15.28025 01 52 52.41 +22 16 49.9          17.0  c~0jbp704
     K12J11S  C2012 10 15.29390 01 52 55.00 +22 15 30.7          17.0  c~0jbp704
     K12J11S  C2012 10 15.30763 01 52 57.59 +22 14 11.2          17.2  c~0jbp704
     K12J11S  C2012 10 15.32130 01 53 00.21 +22 12 52.2          17.2  c~0jbp704
     K12J11S  C2012 10 15.33492 01 53 02.75 +22 11 33.9          17.3  c~0jbp704
     K12J11S  C2012 10 15.86647 01 54 55.54 +21 21 25.7          16.6 Vo~0jbpC77
     K12J11S  C2012 10 15.86720 01 54 55.71 +21 21 21.5          16.7 Vo~0jbpC77
     K12J11S  C2012 10 15.86792 01 54 55.78 +21 21 17.4          16.4 Vo~0jbpC77
     K12J11S  C2012 10 15.86865 01 54 55.96 +21 21 13.1          16.7 Vo~0jbpC77
     K12J11S  C2012 10 15.87593 01 54 57.25 +21 20 34.6          16.6 Vo~0jbpC77
     K12J11S  C2012 10 15.87666 01 54 57.42 +21 20 29.7          16.6 Vo~0jbpC77
     K12J11S  C2012 10 15.87738 01 54 57.55 +21 20 25.8          16.4 Vo~0jbpC77
     K12J11S  C2012 10 15.87811 01 54 57.69 +21 20 22.0          16.3 Vo~0jbpC77
     K12J11S  C2012 10 15.87884 01 54 57.84 +21 20 17.5          16.6 Vo~0jbpC77
     K12J11S  C2012 10 15.87956 01 54 57.96 +21 20 14.1          16.4 Vo~0jbpC77
     K12J11S  C2012 10 16.30138 01 56 17.78 +20 42 38.0          16.9  c~0jbp704
     K12J11S  C2012 10 16.30151 01 56 17.82 +20 42 37.7          17.2  c~0jbp704
     K12J11S  C2012 10 16.30164 01 56 17.84 +20 42 37.5          17.6  c~0jbp704
     K12J11S  C2012 10 16.31512 01 56 20.08 +20 41 25.5          17.4  c~0jbp704
     K12J11S  C2012 10 16.31525 01 56 20.09 +20 41 25.4          17.5  c~0jbp704
     K12J11S  C2012 10 16.31538 01 56 20.12 +20 41 24.8          17.7  c~0jbp704
     K12J11S  C2012 10 16.32359 01 56 21.73 +20 40 42.8          16.8 Vr~0jbp703
     K12J11S  C2012 10 16.32865 01 56 22.29 +20 40 14.5          17.2  c~0jbp704
     K12J11S  C2012 10 16.32878 01 56 22.34 +20 40 13.7          17.4  c~0jbp704
     K12J11S  C2012 10 16.32891 01 56 22.35 +20 40 13.5          17.8  c~0jbp704
     K12J11S  C2012 10 16.32991 01 56 22.77 +20 40 09.4          16.8 Vr~0jbp703
     K12J11S  C2012 10 16.33618 01 56 23.78 +20 39 36.1          16.7 Vr~0jbp703
     K12J11S  C2012 10 16.34215 01 56 24.53 +20 39 03.2          17.1  c~0jbp704
     K12J11S  C2012 10 16.34229 01 56 24.56 +20 39 02.3          17.3  c~0jbp704
     K12J11S  C2012 10 16.34242 01 56 24.82 +20 39 03.3          16.7 Vr~0jbp703
     K12J11S  C2012 10 16.34242 01 56 24.58 +20 39 02.1          17.3  c~0jbp704
     K12J11S  C2012 10 16.35570 01 56 26.78 +20 37 51.7          17.1  c~0jbp704
     K12J11S  C2012 10 16.35582 01 56 26.77 +20 37 50.6          17.2  c~0jbp704
     K12J11S  C2012 10 16.35595 01 56 26.82 +20 37 50.5          17.8  c~0jbp704
     K12J11S KC2012 10 16.90013 01 58 08.15 +19 51 07.5          16.5 Rc~0jbpA53
     K12J11S KC2012 10 16.90369 01 58 08.73 +19 50 50.1          16.5 Rc~0jbpA53
     K12J11S KC2012 10 16.90744 01 58 09.32 +19 50 31.4          16.6 Rc~0jbpA53
     K12J11S KC2012 10 16.91120 01 58 09.92 +19 50 12.9          16.6 Rc~0jbqA53
     K12J11S KC2012 10 16.91495 01 58 10.49 +19 49 54.4          16.3 Rc~0jbqA53
     K12J11S  C2012 10 17.14989 01 58 52.23 +19 30 39.2          17.3 Rq~0jbqH45
     K12J11S  C2012 10 17.15111 01 58 52.43 +19 30 33.4          17.3 Rq~0jbqH45
     K12J11S  C2012 10 17.15234 01 58 52.60 +19 30 27.5          17.3 Rq~0jbqH45
     K12J11S  C2012 10 17.15462 01 58 52.98 +19 30 16.4          17.4 Rq~0jbqH45
     K12J11S  C2012 10 17.15674 01 58 53.26 +19 30 06.2          17.5 Rq~0jbqH45
     K12J11S  C2012 10 17.15810 01 58 53.48 +19 29 59.6          17.4 Rq~0jbqH45
     K12J11S  C2012 10 17.15936 01 58 53.67 +19 29 53.7          17.3 Rq~0jbqH45
     K12J11S  C2012 10 17.28118 01 59 12.62 +19 20 07.3          17.3  c~0jbq704
     K12J11S  C2012 10 17.29497 01 59 14.63 +19 19 00.1          17.2  c~0jbq704
     K12J11S  C2012 10 17.30879 01 59 16.61 +19 17 54.0          17.5  c~0jbq704
     K12J11S  C2012 10 17.32252 01 59 18.60 +19 16 47.8          17.2  c~0jbq704
     K12J11S  C2012 10 17.33630 01 59 20.59 +19 15 41.3          17.3  c~0jbq704
     K12J11S  C2012 10 18.28539 02 01 51.11 +18 02 41.9          17.7  c~0jbq704
     K12J11S  C2012 10 18.29954 02 01 52.93 +18 01 39.6          17.5  c~0jbq704
     K12J11S  C2012 10 18.31360 02 01 54.73 +18 00 37.7          17.4  c~0jbq704
     K12J11S  C2012 10 18.32803 02 01 56.57 +17 59 33.8          17.5  c~0jbq704
     K12J11S  C2012 10 18.34245 02 01 58.39 +17 58 30.0          17.1  c~0jbq704
     K12J11S  C2012 10 18.36637 02 02 00.78 +17 56 41.0          17.2 Rq~0jbqH45
     K12J11S  C2012 10 18.36769 02 02 00.93 +17 56 34.7          17.1 Rq~0jbqH45
     K12J11S  C2012 10 18.36846 02 02 01.01 +17 56 31.2          17.4 Rq~0jbqH45
     K12J11S  C2012 10 18.36963 02 02 01.19 +17 56 26.1          17.3 Rq~0jbqH45
     K12J11S  C2012 10 18.37072 02 02 01.34 +17 56 21.4          17.1 Rq~0jbqH45
     K12J11S  C2012 10 18.37144 02 02 01.43 +17 56 18.2          17.2 Rq~0jbqH45
     K12J11S  C2012 10 18.37240 02 02 01.55 +17 56 14.0          17.4 Rq~0jbqH45
     K12J11S KC2012 10 18.93306 02 03 24.59 +17 16 04.1          17.0 Vu~0jbqA13
     K12J11S KC2012 10 18.93626 02 03 24.98 +17 15 50.6          17.1 Vu~0jbqA13
     K12J11S KC2012 10 18.95707 02 03 27.51 +17 14 24.2          17.2 Vu~0jbqA13
     K12J11S KC2012 10 18.96027 02 03 27.90 +17 14 11.0          17.2 Vu~0jbqA13
     K12J11S  C2012 10 20.34826 02 06 23.38 +15 43 24.1          17.2 Rq~0kIvH45
     K12J11S  C2012 10 20.34939 02 06 23.51 +15 43 19.9          17.1 Rq~0kIvH45
     K12J11S  C2012 10 20.35006 02 06 23.59 +15 43 17.4          17.1 Rq~0kIvH45
     K12J11S  C2012 10 20.35092 02 06 23.67 +15 43 14.1          17.0 Rq~0kIvH45
     K12J11S  C2012 10 20.35194 02 06 23.78 +15 43 10.4          17.1 Rq~0kIvH45
     K12J11S  C2012 10 20.35281 02 06 23.87 +15 43 07.2          17.2 Rq~0kIvH45
     K12J11S  C2012 10 20.90106 02 07 29.41 +15 09 54.6                o~0kIv046
     K12J11S  C2012 10 20.90236 02 07 29.53 +15 09 50.5                o~0kIv046
     K12J11S  C2012 10 20.90785 02 07 30.06 +15 09 31.1                o~0kIv046
     K12J11S  C2012 10 20.90866 02 07 30.15 +15 09 28.4                o~0kIv046
     K12J11S  C2012 10 21.00951 02 07 40.04 +15 03 36.7          16.9 Rt~0lje130
     K12J11S  C2012 10 21.01031 02 07 40.12 +15 03 33.7          16.8 Rt~0lje130
     K12J11S  C2012 10 21.01138 02 07 40.24 +15 03 29.9          16.9 Rt~0lje130
     K12J11S  C2012 10 21.01272 02 07 40.37 +15 03 25.2          17.0 Rt~0lje130
     K12J11S  C2012 10 21.02357 02 07 41.41 +15 02 47.2          16.8 Rc~0kkMA24
     K12J11S  C2012 10 21.02429 02 07 41.48 +15 02 44.9          16.7 Rc~0kkMA24
     K12J11S KC2012 10 21.03908 02 07 42.92 +15 01 52.8          16.8 Ru~0kIv203
     K12J11S KC2012 10 21.05336 02 07 44.28 +15 01 02.5          16.8 Ru~0kIv203
     K12J11S  C2012 10 21.07174 02 07 46.06 +14 59 57.9          16.8 Rc~0kkMA24
     K12J11S  C2012 10 21.07246 02 07 46.12 +14 59 55.8          17.0 Rc~0kkMA24
     K12J11S  C2012 10 21.28335 02 08 10.68 +14 47 59.5          17.9  c~0kIv704
     K12J11S  C2012 10 21.29745 02 08 11.94 +14 47 11.3          18.0  c~0kIv704
     K12J11S  C2012 10 21.31152 02 08 13.17 +14 46 22.5          17.9  c~0kIv704
     K12J11S  C2012 10 21.31437 02 08 12.79 +14 46 10.8          17.4 Rq~0kIvH45
     K12J11S  C2012 10 21.31554 02 08 12.91 +14 46 06.8          17.4 Rq~0kIvH45
     K12J11S  C2012 10 21.31641 02 08 12.99 +14 46 03.9          17.4 Rq~0kIvH45
     K12J11S  C2012 10 21.31745 02 08 13.10 +14 46 00.0          17.3 Rq~0kIvH45
     K12J11S  C2012 10 21.31851 02 08 13.19 +14 45 56.4          17.5 Rq~0kIvH45
     K12J11S  C2012 10 21.31948 02 08 13.28 +14 45 53.2          17.5 Rq~0kIvH45
     K12J11S  C2012 10 21.32019 02 08 13.35 +14 45 50.6          17.3 Rq~0kIvH45
     K12J11S  C2012 10 21.32558 02 08 14.42 +14 45 34.6          17.9  c~0kIv704
     K12J11S  C2012 10 21.33962 02 08 15.66 +14 44 46.6          17.9  c~0kIv704
     K12J11S  C2012 10 23.04423 02 11 02.56 +13 14 24.1          16.9 Rc~0kkMA24
     K12J11S  C2012 10 23.04496 02 11 02.63 +13 14 21.5          16.8 Rc~0kkMA24
     K12J11S  C2012 10 23.09272 02 11 06.40 +13 11 59.8          16.8 Rc~0kkMA24
     K12J11S  C2012 10 23.09344 02 11 06.40 +13 11 57.0          17.2 Rc~0kkMA24
     K12J11S  C2012 10 24.32120 02 12 50.69 +12 14 41.5          17.7 Rq~0kIvH45
     K12J11S  C2012 10 24.32329 02 12 50.83 +12 14 35.8          17.6 Rq~0kIvH45
     K12J11S  C2012 10 24.32517 02 12 50.96 +12 14 30.7          17.7 Rq~0kIvH45
     K12J11S  C2012 10 24.32703 02 12 51.07 +12 14 25.5          17.7 Rq~0kIvH45
     K12J11S  C2012 10 24.33063 02 12 51.31 +12 14 16.0          17.5 Rq~0kIvH45
     K12J11S  C2012 10 24.33440 02 12 51.55 +12 14 05.8          17.7 Rq~0kIvH45
     K12J11S  C2012 10 27.32626 02 16 20.51 +10 15 43.1          17.7 Rq~0kkMH45
     K12J11S  C2012 10 27.32770 02 16 20.55 +10 15 39.9          17.8 Rq~0kkMH45
     K12J11S  C2012 10 27.32918 02 16 20.65 +10 15 36.6          17.9 Rq~0kkMH45
     K12J11S  C2012 10 27.33008 02 16 20.70 +10 15 34.6          17.8 Rq~0kkMH45
     K12J11S  C2012 10 27.33170 02 16 20.75 +10 15 31.3          18.1 Rq~0kkMH45
     K12J11S  C2012 10 27.34583 02 16 21.47 +10 15 01.4          18.0 Rq~0kkMH45
     K12J11S KC2012 11 01.29156 02 20 32.41 +07 50 51.4          18.5 Vu~0kkMH21
     K12J11S KC2012 11 01.29615 02 20 32.55 +07 50 44.6          18.8 Vu~0kkMH21
     K12J11S KC2012 11 01.30072 02 20 32.70 +07 50 38.1          18.6 Vu~0kkMH21
     K12J11S  C2012 11 03.17446 02 21 49.06 +07 08 55.1          18.4 Vr~0kkM703
     K12J11S  C2012 11 03.18343 02 21 49.28 +07 08 44.0          17.8 Vr~0kkM703
     K12J11S  C2012 11 03.19250 02 21 49.53 +07 08 33.1          18.2 Vr~0kkM703
     K12J11S  C2012 11 03.20157 02 21 49.82 +07 08 22.5          18.2 Vr~0kkM703
     K12J11S  c2012 11 06.29220202 23 36.992+06 11 44.27         18.8 wL~0kkMF51
     K12J11S  c2012 11 06.32205502 23 37.685+06 11 15.63         19.0 wL~0kkMF51
     K12J11S  c2012 11 06.33697602 23 38.015+06 11 01.28         18.8 wL~0kkMF51
     K12J11S  C2012 11 14.07696 02 27 20.17 +04 39 45.8          19.3 Ru~0lJGH15
     K12J11S  C2012 11 14.09231 02 27 20.60 +04 39 39.2          19.6 Ru~0lJGH15
     K12J11S  C2012 11 14.10805 02 27 20.97 +04 39 31.4          19.3 Ru~0lJGH15
     K12J11S  C2012 11 14.12325 02 27 21.20 +04 39 23.0          19.6 Ru~0lJGH15
     K12J11S KC2012 11 14.93012 02 27 42.02 +04 33 08.2          19.0 Ro~0lJGB67
     K12J11S KC2012 11 14.95600 02 27 42.58 +04 32 56.7          19.4 Ro~0lJGB67
     K12J11S KC2012 11 14.97568 02 27 42.97 +04 32 47.9          19.4 Ro~0lJGB67
     K12J11S  C2012 12 07.23150 02 39 33.028+04 07 41.61         21.5 wL~0mPPF51
     K12J11S  C2012 12 07.24738 02 39 33.577+04 07 44.60         21.6 wL~0mPPF51
     K12J11S  C2012 12 07.27746 02 39 34.622+04 07 50.22         21.5 wL~0mPPF51
