     K12B14J* C2012 01 20.51304 10 19 39.43 +03 49 49.2          20.3 Vr~0ck6G96
     K12B14J  C2012 01 20.51429 10 19 37.77 +03 49 55.3          21.2 Vr~0ck6G96
     K12B14J  C2012 01 20.51554 10 19 36.19 +03 50 01.6          20.2 Vr~0ck6G96
     K12B14J  C2012 01 20.51681 10 19 34.64 +03 50 07.5          19.7 Vr~0ck6G96
     K12B14J  C2012 01 20.52585 10 19 23.08 +03 50 53.6          20.4 Vr~0ck6G96
     K12B14J  C2012 01 20.52623 10 19 22.62 +03 50 55.4          20.7 Vr~0ck6G96
     K12B14J  C2012 01 20.52664 10 19 22.08 +03 50 57.2          21.2 Vr~0ck6G96
     K12B14J mC2012 01 20.53270 10 19 14.47 +03 51 28.9                o~0ck6291
     K12B14J mC2012 01 20.53325 10 19 13.75 +03 51 31.5                o~0ck6291
     K12B14J mC2012 01 20.53379 10 19 13.09 +03 51 34.5                o~0ck6291
     K12B14J  C2012 01 20.54673 10 18 56.66 +03 52 38.7          20.8 Vr~0ck6G96
     K12B14J  C2012 01 20.54715 10 18 56.08 +03 52 40.6          20.7 Vr~0ck6G96
     K12B14J  C2012 01 20.54755 10 18 55.58 +03 52 42.4          21.5 Vr~0ck6G96
     K12B14J  C2012 01 20.54795 10 18 55.15 +03 52 44.0          20.4 Vr~0ck6G96
     K12B14J  C2012 01 21.33219 10 04 02.28 +04 53 04.1          20.1 Ro~0ck6H01
     K12B14J  C2012 01 21.33860 10 03 55.30 +04 53 31.4          20.7 Ro~0ck6H01
     K12B14J mC2012 01 21.34486 10 03 48.91 +04 54 00.7                o~0ck6291
     K12B14J mC2012 01 21.34537 10 03 48.39 +04 54 02.9                o~0ck6291
     K12B14J mC2012 01 21.34588 10 03 47.88 +04 54 04.9                o~0ck6291
     K12B14J  C2012 01 21.34739 10 03 45.76 +04 54 08.5          20.8 Ro~0ck6H01
     K12B14J  C2012 01 21.35284 10 03 39.84 +04 54 31.4          20.8 Ro~0ck6H01
     K12B14J %C2012 01 24.48256609 22 13.17 +07 35 04.9          21.1 Ro~0ck6F65
     K12B14J %C2012 01 24.48443009 22 12.01 +07 35 09.0          21.0 Ro~0ck6F65
     K12B14J %C2012 01 24.48629609 22 10.86 +07 35 13.3          21.2 Ro~0ck6F65
     K12B14J KC2012 01 25.40588 09 13 44.83 +08 06 17.4                o~0ck6291
     K12B14J KC2012 01 25.40851 09 13 43.45 +08 06 22.4                o~0ck6291
     K12B14J KC2012 01 25.41115 09 13 42.02 +08 06 27.6                o~0ck6291
     K12B14J KC2012 01 27.31656 08 59 43.72 +08 57 44.2                o~0ck6291
     K12B14J KC2012 01 27.32343 08 59 40.98 +08 57 53.8                o~0ck6291
     K12B14J KC2012 01 27.33011 08 59 38.29 +08 58 02.9                o~0ck6291
