a7943K12D14A* C2012 02 23.02780 14 49 37.10 +38 33 45.1          18.9 Vr~0dqAJ75
a7943K12D14A  C2012 02 23.03431 14 49 34.73 +38 35 21.2          18.6 Vr~0dqAJ75
a7943K12D14A  C2012 02 23.04082 14 49 32.44 +38 36 57.9          19.0 Vr~0dqAJ75
a7943K12D14A KC2012 02 23.06785314 49 22.37 +38 43 49.0          18.5 Vr~0dqAJ75
a7943K12D14A KC2012 02 23.07087514 49 21.24 +38 44 34.1          18.7 Vr~0dqAJ75
a7943K12D14A KC2012 02 23.07389314 49 20.05 +38 45 20.0          18.6 Vr~0dqAJ75
a7943K12D14A KC2012 02 23.09374614 49 12.39 +38 50 16.1          18.7 Vr~0dqAJ75
a7943K12D14A KC2012 02 23.09629514 49 11.38 +38 50 54.0          18.8 Vr~0dqAJ75
a7943K12D14A KC2012 02 23.09792 14 49 08.92 +38 50 50.3          19.3 Vv~0dqAI93
a7943K12D14A KC2012 02 23.09882414 49 10.38 +38 51 31.2          18.6 Vr~0dqAJ75
a7943K12D14A KC2012 02 23.10708 14 49 05.35 +38 53 04.4          19.7 Vv~0dqAI93
a7943K12D14A KC2012 02 23.11699 14 49 01.45 +38 55 29.8          19.9 Vv~0dqAI93
a7943K12D14A KC2012 02 23.12563 14 48 58.05 +38 57 35.7          19.4 Vv~0dqAI93
a7943K12D14A  C2012 02 23.30429 14 48 19.06 +39 38 35.1          18.7 Rc~0dqA854
a7943K12D14A  C2012 02 23.30801 14 48 17.87 +39 39 29.3          19.1 Rc~0dqA854
a7943K12D14A  C2012 02 23.31174 14 48 16.56 +39 40 23.4          18.7 Rc~0dqA854
a7943K12D14A {C2012 02 23.52361714 46 52.607+40 29 24.33         18.9 Rt~0dqA695
a7943K12D14A {C2012 02 23.52549214 46 51.804+40 29 48.48         18.6 Rt~0dqA695
a7943K12D14A {C2012 02 23.52737314 46 51.045+40 30 13.20         18.5 Rt~0dqA695
a7943K12D14A KC2012 02 24.00472 14 44 58.29 +42 08 06.0          18.1 Rr~0dqAI89
a7943K12D14A KC2012 02 24.00864 14 44 57.04 +42 08 56.6          18.2 Rr~0dqAI89
a7943K12D14A KC2012 02 24.01218 14 44 55.86 +42 09 42.3          18.2 Rr~0dqAI89
a7943K12D14A KC2012 02 24.02673614 44 51.05 +42 12 49.0          18.6 Vr~0dqAJ75
a7943K12D14A KC2012 02 24.02867814 44 50.44 +42 13 13.5          18.8 Vr~0dqAJ75
a7943K12D14A KC2012 02 24.03105714 44 49.56 +42 13 44.5          18.7 Vr~0dqAJ75
a7943K12D14A KC2012 02 25.04987514 40 10.50 +45 19 21.9          18.9 Vr~0e9jJ75
a7943K12D14A KC2012 02 25.05255814 40 09.60 +45 19 50.4          18.8 Vr~0e9jJ75
a7943K12D14A KC2012 02 25.05524214 40 08.72 +45 20 19.0          19.1 Vr~0e9jJ75
a7943K12D14A KC2012 02 26.06211 14 35 41.92 +47 53 17.9                t~0e9j204
a7943K12D14A KC2012 02 26.07290 14 35 38.21 +47 54 52.2                t~0e9j204
a7943K12D14A KC2012 02 26.08383 14 35 34.44 +47 56 27.2          19.2 Rt~0e9j204
a7943K12D14A KC2012 02 26.10461214 35 31.11 +47 59 46.3          19.1 Vr~0e9jJ75
a7943K12D14A KC2012 02 26.10703014 35 30.31 +48 00 07.1          19.0 Vr~0e9jJ75
a7943K12D14A KC2012 02 26.11012314 35 29.17 +48 00 33.7          19.0 Vr~0e9jJ75
a7943K12D14A KC2012 02 27.02027 14 31 48.82 +49 56 17.9          19.7 Rw~0e9jJ01
a7943K12D14A KC2012 02 27.02362 14 31 47.82 +49 56 43.6          19.9 Rw~0e9jJ01
a7943K12D14A KC2012 02 27.02699 14 31 46.79 +49 57 12.9          20.4 Rw~0e9jJ01
a7943K12D14A KC2012 02 27.05236014 31 39.18 +50 00 45.1          19.1 Vr~0e9jJ75
a7943K12D14A KC2012 02 27.05565714 31 38.15 +50 01 11.0          19.1 Vr~0e9jJ75
a7943K12D14A KC2012 02 27.05893814 31 37.06 +50 01 35.9          19.0 Vr~0e9jJ75
a7943K12D14A %C2012 02 27.62716114 29 04.53 +51 07 24.7          19.8 Ro~0e9jF65
a7943K12D14A %C2012 02 27.62769114 29 04.33 +51 07 28.1          19.9 Ro~0e9jF65
a7943K12D14A %C2012 02 27.62822714 29 04.13 +51 07 31.3          19.5 Ro~0e9jF65
a7943K12D14A %C2012 02 27.62886314 29 03.90 +51 07 35.5          19.6 Ro~0e9jF65
a7943K12D14A %C2012 02 27.62940314 29 03.70 +51 07 38.9          19.6 Ro~0e9jF65
a7943K12D14A %C2012 02 27.62992914 29 03.51 +51 07 42.2          19.8 Ro~0e9jF65
a7943K12D14A %C2012 02 27.63057114 29 03.27 +51 07 46.1          19.5 Ro~0e9jF65
a7943K12D14A %C2012 02 27.63109914 29 03.06 +51 07 49.6          19.8 Ro~0e9jF65
a7943K12D14A %C2012 02 27.63162014 29 02.88 +51 07 52.9          19.5 Ro~0e9jF65
a7943K12D14A KC2012 02 28.27516 14 26 47.05 +52 12 24.9          20.3 Vu~0e9jH21
a7943K12D14A KC2012 02 28.27861 14 26 46.00 +52 12 47.1          20.4 Vu~0e9jH21
a7943K12D14A KC2012 02 28.28224 14 26 44.93 +52 13 10.6          20.1 Vu~0e9jH21
a7943K12D14A KC2012 02 28.45769 14 25 52.04 +52 31 04.9          19.6 Rv~0e9jH15
a7943K12D14A KC2012 02 28.46842 14 25 48.27 +52 32 05.7          19.7 Rv~0e9jH15
a7943K12D14A KC2012 02 28.47967 14 25 44.49 +52 33 08.6          19.7 Rv~0e9jH15
a7943K12D14A KC2012 02 29.07672314 23 38.99 +53 26 48.8          20.0 Vo~0e9jJ75
a7943K12D14A KC2012 02 29.07762 14 23 38.57 +53 26 53.3          19.2 Ru~0e9jI89
a7943K12D14A KC2012 02 29.08131114 23 37.49 +53 27 14.2          20.0 Vo~0e9jJ75
a7943K12D14A KC2012 02 29.08476 14 23 36.29 +53 27 33.1          19.5 Ru~0e9jI89
a7943K12D14A KC2012 02 29.08541614 23 36.19 +53 27 37.3          19.9 Vo~0e9jJ75
a7943K12D14A KC2012 02 29.09189 14 23 34.02 +53 28 13.3          19.1 Ru~0e9jI89
a7943K12D14A KC2012 02 29.09692 14 23 32.51 +53 28 41.3          20.2 Vc~0e9jI89
a7943K12D14A KC2012 02 29.09841 14 23 32.03 +53 28 49.1          20.3 Vc~0e9jI89
a7943K12D14A KC2012 02 29.09990 14 23 31.52 +53 28 57.6          20.0 Vc~0e9jI89
a7943K12D14A KC2012 02 29.10139 14 23 31.03 +53 29 05.4          20.2 Vc~0e9jI89
a7943K12D14A KC2012 02 29.10288 14 23 30.53 +53 29 13.7          20.0 Vc~0e9jI89
a7943K12D14A .C2012 02 29.24661 14 22 47.19 +53 42 07.6          19.2 Rv~0ede950
a7943K12D14A .C2012 02 29.24727 14 22 46.96 +53 42 10.7          19.1 Rv~0ede950
a7943K12D14A .C2012 02 29.24792 14 22 46.72 +53 42 14.0          19.1 Rv~0ede950
a7943K12D14A .C2012 02 29.24858 14 22 46.51 +53 42 17.2          19.1 Rv~0ede950
a7943K12D14A .C2012 02 29.24922 14 22 46.30 +53 42 20.2          19.2 Rv~0ede950
a7943K12D14A KC2012 02 29.47869 14 21 56.25 +54 01 15.6          19.8 Rv~0e9jH15
a7943K12D14A KC2012 02 29.49291 14 21 51.57 +54 02 23.6          19.6 Rv~0e9jH15
a7943K12D14A KC2012 02 29.50705 14 21 46.86 +54 03 29.1          19.8 Rv~0e9jH15
a7943K12D14A HC2012 02 29.52539 14 21 42.55 +54 05 01.8                o~0e9j291
a7943K12D14A HC2012 02 29.52629 14 21 42.29 +54 05 05.5                o~0e9j291
a7943K12D14A HC2012 02 29.52717 14 21 42.00 +54 05 09.8                o~0e9j291
a7943K12D14A KC2012 02 29.95894 14 20 24.90 +54 37 48.0          20.1 Rc~0e9jA24
a7943K12D14A KC2012 02 29.96351 14 20 23.72 +54 38 11.5          20.1 Rc~0e9jA24
a7943K12D14A KC2012 02 29.96792 14 20 22.62 +54 38 34.4          20.0 Rc~0e9jA24
a7943K12D14A KC2012 02 29.97272 14 20 21.29 +54 38 58.6          20.1 Rc~0e9jA24
a7943K12D14A KC2012 03 01.08186714 19 53.03 +54 48 10.1          20.1 Vo~0e9jJ75
a7943K12D14A KC2012 03 01.08943814 19 50.66 +54 48 46.5          20.2 Vo~0e9jJ75
a7943K12D14A KC2012 03 01.09702014 19 48.29 +54 49 22.6          20.0 Vo~0e9jJ75
a7943K12D14A KC2012 03 01.40224414 18 36.74 +55 11 54.2          20.2 Ru~0e9jH36
a7943K12D14A KC2012 03 01.41253114 18 33.55 +55 12 39.2          20.3 Ru~0e9jH36
a7943K12D14A KC2012 03 01.42292014 18 30.33 +55 13 23.3          19.7 Ru~0e9jH36
a7943K12D14A KC2012 03 01.46642 14 18 19.05 +55 16 46.0          19.8 Rv~0e9jH15
a7943K12D14A KC2012 03 01.47916 14 18 14.94 +55 17 38.5          19.8 Rv~0e9jH15
a7943K12D14A KC2012 03 01.49183 14 18 10.90 +55 18 31.2          20.1 Rv~0e9jH15
a7943K12D14A KC2012 03 02.15365 14 15 50.83 +56 02 51.4                t~0e9j204
a7943K12D14A KC2012 03 02.16902 14 15 46.21 +56 03 49.1                t~0e9j204
a7943K12D14A KC2012 03 02.18437 14 15 41.72 +56 04 45.7          20.0 Rt~0e9j204
a7943K12D14A KC2012 03 02.94799 14 13 17.94 +56 50 52.0          19.9 Ru~0e9jB04
a7943K12D14A KC2012 03 02.95275 14 13 16.75 +56 51 11.0          19.9 Ru~0e9jB04
a7943K12D14A KC2012 03 02.95795 14 13 15.45 +56 51 31.6          19.7 Ru~0e9jB04
a7943K12D14A IC2012 03 03.48344 14 11 10.56 +57 22 17.8          19.9 Rv~0e9jH15
a7943K12D14A KC2012 03 03.50400 14 11 04.41 +57 23 19.4          20.1 Rv~0e9jH15
a7943K12D14A KC2012 03 04.14247214 09 01.50 +57 56 25.0          21.0 Vo~0e9jJ75
a7943K12D14A KC2012 03 04.18716914 08 48.41 +57 58 35.0          20.1 Vo~0e9jJ75
a7943K12D14A KC2012 03 04.20011114 08 44.74 +57 59 11.3          20.0 Vo~0e9jJ75
a7943K12D14A KC2012 03 04.35247714 08 21.59 +58 06 38.6          20.5 Vo~0e9jH21
a7943K12D14A KC2012 03 04.35901914 08 19.69 +58 06 58.1          20.6 Vo~0e9jH21
a7943K12D14A KC2012 03 04.36534714 08 17.86 +58 07 17.0          20.4 Vo~0e9jH21
a7943K12D14A KC2012 03 04.37142114 08 16.12 +58 07 34.8          20.3 Vo~0e9jH21
a7943K12D14A  C2012 03 05.23994 14 05 36.76 +58 46 28.4          20.0 Ro~0e9jH01
a7943K12D14A  C2012 03 05.24748 14 05 34.97 +58 46 52.3          20.2 Ro~0e9jH01
a7943K12D14A  C2012 03 05.25619 14 05 32.91 +58 47 19.8          20.4 Ro~0e9jH01
a7943K12D14A  C2012 03 05.26237 14 05 31.43 +58 47 39.3          20.4 Ro~0e9jH01
a7943K12D14A KC2012 03 05.42911 14 04 43.02 +58 55 23.7          19.7 Ru~0e9jH36
a7943K12D14A KC2012 03 05.43507 14 04 41.53 +58 55 38.3          20.3 Ru~0e9jH36
a7943K12D14A KC2012 03 05.44101 14 04 39.94 +58 55 52.5          19.8 Ru~0e9jH36
a7943K12D14A KC2012 03 05.44696 14 04 38.27 +58 56 06.7          19.8 Ru~0e9jH36
a7943K12D14A KC2012 03 05.45291 14 04 36.59 +58 56 20.8          19.7 Ru~0e9jH36
a7943K12D14A KC2012 03 05.47867 14 04 31.39 +58 57 38.1          20.2 Rv~0edeH15
a7943K12D14A KC2012 03 05.48664 14 04 29.21 +58 57 55.9          20.4 Rv~0edeH15
a7943K12D14A KC2012 03 05.49465 14 04 26.93 +58 58 14.7          20.5 Rv~0edeH15
a7943K12D14A KC2012 03 06.09658 14 02 39.17 +59 21 57.2          20.4 Ru~0edeJ95
a7943K12D14A KC2012 03 06.12844 14 02 30.91 +59 23 13.3          19.9 Ru~0edeJ95
a7943K12D14A KC2012 03 06.15983 14 02 22.72 +59 24 24.8          20.0 Ru~0edeJ95
a7943K12D14A KC2012 03 10.37686013 49 30.03 +61 31 06.5          21.4 Vo~0edeH21
a7943K12D14A KC2012 03 10.39061913 49 26.66 +61 31 24.2          20.8 Vo~0edeH21
a7943K12D14A KC2012 03 10.40048513 49 24.19 +61 31 36.3          20.8 Vo~0edeH21
a7943K12D14A KC2012 03 11.35049213 46 42.22 +61 51 52.5          21.0 Vo~0edeH21
a7943K12D14A KC2012 03 11.36580313 46 38.46 +61 52 10.2                o~0edeH21
a7943K12D14A KC2012 03 11.38167113 46 34.64 +61 52 28.0          21.6 Vo~0edeH21
a7943K12D14A  C2012 03 12.30185 13 44 06.43 +62 09 39.5          20.7 Ro~0edeH01
a7943K12D14A  C2012 03 12.30773 13 44 05.05 +62 09 47.1          21.4 Ro~0edeH01
a7943K12D14A  C2012 03 12.31762 13 44 02.72 +62 09 59.9          21.4 Ro~0edeH01
a7943K12D14A  C2012 03 12.32229 13 44 01.62 +62 10 05.8          21.7 Ro~0edeH01
a7943K12D14A KC2012 03 13.31342413 41 11.13 +62 26 16.0          21.8 Vo~0edeH21
a7943K12D14A KC2012 03 13.32607113 41 08.20 +62 26 28.2          21.4 Vo~0edeH21
a7943K12D14A  C2012 03 13.33197 13 41 10.60 +62 26 37.6          21.4 Ro~0edeH01
a7943K12D14A KC2012 03 13.33871413 41 05.19 +62 26 39.9          21.8 Vo~0edeH21
a7943K12D14A  C2012 03 13.34314 13 41 08.00 +62 26 49.5          21.0 Ro~0edeH01
a7943K12D14A  C2012 03 13.35133 13 41 06.02 +62 26 58.2          21.1 Ro~0edeH01
a7943K12D14A  C2012 03 13.36111 13 41 03.68 +62 27 07.8          21.6 Ro~0edeH01
a7943K12D14A mC2012 03 13.52468 13 40 25.98 +62 29 18.5                o~0ede291
a7943K12D14A mC2012 03 13.52793 13 40 25.21 +62 29 20.1                o~0ede291
a7943K12D14A mC2012 03 13.53118 13 40 24.56 +62 29 22.0                o~0ede291
a7943K12D14A KC2012 03 14.34927313 38 17.03 +62 40 52.5          21.6 Vo~0edeH21
a7943K12D14A KC2012 03 14.36189113 38 14.15 +62 41 01.5          21.4 Vo~0edeH21
a7943K12D14A  C2012 03 14.36444 13 38 17.22 +62 41 12.1          20.4 Ro~0edeH01
a7943K12D14A  C2012 03 14.37104 13 38 15.66 +62 41 17.8          20.3 Ro~0edeH01
a7943K12D14A KC2012 03 14.37333913 38 11.50 +62 41 09.4          21.7 Vo~0edeH21
a7943K12D14A  C2012 03 14.37792 13 38 14.02 +62 41 23.1          20.3 Ro~0edeH01
a7943K12D14A  C2012 03 14.38455 13 38 12.50 +62 41 28.6          20.4 Ro~0edeH01
a7943K12D14A KC2012 03 15.49684 13 35 04.88 +62 54 25.3                o~0ede291
a7943K12D14A KC2012 03 15.49914 13 35 04.36 +62 54 26.0                o~0ede291
a7943K12D14A KC2012 03 15.50145 13 35 03.87 +62 54 27.4                o~0ede291
a7943K12D14A  C2012 03 15.50743 13 35 02.13 +62 54 23.4          20.7 Ro~0edeH01
a7943K12D14A  C2012 03 15.51492 13 35 00.56 +62 54 25.9          21.0 Ro~0edeH01
a7943K12D14A  C2012 03 15.52019 13 34 59.51 +62 54 27.6          20.9 Ro~0edeH01
a7943K12D14A HC2012 03 16.50511 13 32 23.63 +63 04 14.2                o~0ede291
a7943K12D14A HC2012 03 16.50871 13 32 22.89 +63 04 15.0                o~0ede291
a7943K12D14A HC2012 03 16.51230 13 32 22.17 +63 04 15.5                o~0ede291
a7943K12D14A HC2012 03 16.51688 13 32 21.07 +63 04 17.6                o~0ede291
a7943K12D14A HC2012 03 16.52048 13 32 20.40 +63 04 17.7                o~0ede291
a7943K12D14A HC2012 03 16.52408 13 32 19.62 +63 04 18.5                o~0ede291
a7943K12D14A KC2012 03 23.46808 13 15 21.84 +63 28 17.6                o~0evo291
a7943K12D14A KC2012 03 23.47367 13 15 20.82 +63 28 15.9                o~0evo291
a7943K12D14A KC2012 03 23.47924 13 15 19.85 +63 28 14.4                o~0evo291
a7943K12D14A KC2012 03 24.48363 13 13 06.59 +63 26 16.6                o~0fFv291
a7943K12D14A KC2012 03 24.48840 13 13 05.83 +63 26 14.8                o~0fFv291
a7943K12D14A KC2012 03 24.49316 13 13 05.05 +63 26 12.7                o~0fFv291
a7943K12D14A KC2012 03 29.28478913 03 35.81 +63 02 11.4          22.6 Vo~0fFvH21
a7943K12D14A KC2012 03 29.29238913 03 34.72 +63 02 07.7          22.1 Vo~0fFvH21
a7943K12D14A KC2012 03 29.30073213 03 33.39 +63 02 03.8          22.0 Vo~0fFvH21
a7943K12D14A KC2012 03 31.42020 12 59 49.43 +62 44 28.4          21.5 Ro~0fFv291
a7943K12D14A KC2012 03 31.43134 12 59 47.91 +62 44 20.1          21.6 Ro~0fFv291
a7943K12D14A KC2012 03 31.44248 12 59 46.36 +62 44 12.3          21.6 Ro~0fFv291
a7943K12D14A KC2012 04 12.19596412 45 22.64 +60 09 56.0          23.1 Vo~0fk6H21
a7943K12D14A KC2012 04 12.21450912 45 21.07 +60 09 38.4          22.8 Vo~0fk6H21
a7943K12D14A KC2012 04 12.23347212 45 19.48 +60 09 18.9                o~0fk6H21
a7943K12D14A  C2012 04 17.32369 12 41 47.62 +58 38 40.8          22.3 Ro~0frGH01
a7943K12D14A  C2012 04 17.32961 12 41 47.26 +58 38 33.4          22.3 Ro~0frGH01
a7943K12D14A  C2012 04 17.33744 12 41 46.82 +58 38 23.7          22.7 Ro~0frGH01
a7943K12D14A  C2012 04 17.35691 12 41 45.69 +58 37 59.4          22.6 Ro~0frGH01
a7943K12D14A KC2012 04 18.37342 12 41 14.71 +58 18 23.1          22.2 Ro~0frG291
a7943K12D14A KC2012 04 18.39133 12 41 13.78 +58 18 00.2                o~0frG291
a7943K12D14A KC2012 04 18.40923 12 41 12.94 +58 17 36.2          22.3 Ro~0frG291
a7943K12D14A KC2012 04 19.36453 12 40 48.38 +57 58 49.6          22.3 Ro~0frG291
a7943K12D14A KC2012 04 19.38334 12 40 47.57 +57 58 24.8          22.7 Ro~0frG291
a7943K12D14A KC2012 04 19.40080 12 40 46.78 +57 58 03.5          22.6 Ro~0frG291
a7943K12D14A 2C2012 04 23.42212312 39 36.039+56 34 33.42         23.7 Rt~0g7k568
a7943K12D14A 2C2012 04 23.42963412 39 35.743+56 34 23.14         23.8 Rt~0g7k568
a7943K12D14A 2C2012 04 25.47184312 39 18.334+55 49 19.81         23.3 Rt~0g7k568
a7943K12D14A 2C2012 04 25.48280412 39 18.032+55 49 03.51         23.5 Rt~0g7k568
a7943K12D14A 2C2012 05 12.39558212 44 22.523+48 48 08.28         23.8 Rt~0gf2568
a7943K12D14A 2C2012 05 12.40654312 44 22.707+48 47 49.79         23.8 Rt~0gf2568
a7943K12D14A 2C2012 05 12.41842012 44 22.941+48 47 29.55         23.8 Rt~0gf2568
a7943K12D14A  C2013 01 09.04356 23 32 36.15 -67 13 52.3          23.4 rv~0oQi304
a7943K12D14A  C2013 01 09.04853 23 32 36.82 -67 13 53.5          23.5 rv~0oQi304
a7943K12D14A  C2013 01 09.05349 23 32 37.50 -67 13 54.4          23.4 rv~0oQi304
a7943K12D14A  C2013 01 11.08399 23 38 02.06 -67 30 26.1          23.4 rv~0oQi304
a7943K12D14A  C2013 01 11.08564 23 38 02.29 -67 30 26.7          23.3 rv~0oQi304
a7943K12D14A  C2013 01 11.08730 23 38 02.48 -67 30 26.9          23.4 rv~0oQi304
a7943K12D14A KC2013 02 06.38787 00 20 26.50 -70 22 27.8          20.0 Ro~0oQi474
a7943K12D14A KC2013 02 06.39139 00 20 26.57 -70 22 25.1          19.8 Ro~0oQi474
a7943K12D14A KC2013 02 06.39492 00 20 26.56 -70 22 22.3          20.1 Ro~0oQi474
a7943K12D14A KC2013 02 06.39844 00 20 26.61 -70 22 19.5          19.8 Ro~0oQi474
a7943K12D14A KC2013 02 06.40195 00 20 26.68 -70 22 16.7          19.9 Ro~0oQi474
a7943K12D14A KC2013 02 06.40547 00 20 26.70 -70 22 14.1          20.0 Ro~0oQi474
a7943K12D14A KC2013 02 07.38810 00 20 58.46 -70 28 03.5          19.8 Ro~0oQi474
a7943K12D14A KC2013 02 07.39022 00 20 58.45 -70 28 01.7          19.7 Ro~0oQi474
a7943K12D14A KC2013 02 07.39233 00 20 58.43 -70 27 59.7          19.8 Ro~0oQi474
a7943K12D14A KC2013 02 07.39444 00 20 58.47 -70 27 57.9          19.6 Ro~0oQi474
a7943K12D14A KC2013 02 07.39655 00 20 58.47 -70 27 55.9          19.6 Ro~0oQi474
a7943K12D14A KC2013 02 08.41934 00 21 28.56 -70 33 36.5          19.4 Ro~0oQi474
a7943K12D14A KC2013 02 08.42145 00 21 28.67 -70 33 34.6          19.6 Ro~0oQi474
a7943K12D14A KC2013 02 08.42356 00 21 28.88 -70 33 32.3          19.3 Ro~0oQi474
a7943K12D14A KC2013 02 08.42568 00 21 28.97 -70 33 30.1          19.3 Ro~0oQi474
a7943K12D14A 0C2013 02 08.43399100 21 20.97 -70 35 13.8          19.7 Rt~0oQiE10
a7943K12D14A 0C2013 02 08.43668500 21 20.86 -70 35 10.3          19.7 Rt~0oQiE10
a7943K12D14A 0C2013 02 08.43940300 21 20.76 -70 35 07.0          19.7 Rt~0oQiE10
a7943K12D14A 0C2013 02 08.44214700 21 20.66 -70 35 03.4          19.7 Rt~0oQiE10
a7943K12D14A 0C2013 02 08.44484800 21 20.64 -70 35 00.0          19.7 Rt~0oQiE10
a7943K12D14A 0C2013 02 08.44752800 21 20.59 -70 34 56.5          19.7 Rt~0oQiE10
a7943K12D14A 0C2013 02 08.45028100 21 20.54 -70 34 53.0          19.8 Rt~0oQiE10
a7943K12D14A 0C2013 02 08.45302200 21 20.53 -70 34 49.3          19.8 Rt~0oQiE10
a7943K12D14A 0C2013 02 08.45572800 21 20.52 -70 34 45.9          19.8 Rt~0oQiE10
a7943K12D14A KC2013 02 09.39794 00 21 55.60 -70 40 57.8          19.4 Ro~0oQi474
a7943K12D14A KC2013 02 09.40005 00 21 55.63 -70 40 55.3          19.6 Ro~0oQi474
a7943K12D14A KC2013 02 09.40463 00 21 55.71 -70 40 49.8          19.6 Ro~0oQi474
a7943K12D14A KC2013 02 09.41201 00 21 55.97 -70 40 40.8          19.8 Ro~0oQi474
a7943K12D14A KC2013 02 09.41412 00 21 56.07 -70 40 38.5          19.7 Ro~0oQi474
a7943K12D14A 0C2013 02 09.41710600 21 48.45 -70 42 47.8          19.6 Rt~0oQiE10
a7943K12D14A KC2013 02 09.41905 00 21 56.34 -70 40 32.9          19.9 Ro~0oQi474
a7943K12D14A 0C2013 02 09.41950300 21 48.26 -70 42 44.5          19.6 Rt~0oQiE10
a7943K12D14A 0C2013 02 09.42187100 21 48.02 -70 42 41.1          19.7 Rt~0oQiE10
a7943K12D14A 0C2013 02 09.42418500 21 47.87 -70 42 37.8          19.5 Rt~0oQiE10
a7943K12D14A 0C2013 02 09.42650500 21 47.71 -70 42 34.4          19.6 Rt~0oQiE10
a7943K12D14A KC2013 02 09.42749 00 21 56.96 -70 40 22.9          19.8 Ro~0oQi474
a7943K12D14A 0C2013 02 09.42881900 21 47.56 -70 42 31.2          19.5 Rt~0oQiE10
a7943K12D14A KC2013 02 09.42961 00 21 57.07 -70 40 20.1          20.0 Ro~0oQi474
a7943K12D14A 0C2013 02 09.43117400 21 47.42 -70 42 27.9          19.6 Rt~0oQiE10
a7943K12D14A 0C2013 02 09.43349400 21 47.28 -70 42 24.6          19.4 Rt~0oQiE10
a7943K12D14A 0C2013 02 09.43581300 21 47.14 -70 42 21.2          19.5 Rt~0oQiE10
a7943K12D14A 0C2013 02 09.43816600 21 47.07 -70 42 17.7          19.5 Rt~0oQiE10
a7943K12D14A 0C2013 02 09.44050300 21 46.95 -70 42 14.3          19.3 Rt~0oQiE10
a7943K12D14A 0C2013 02 09.44289500 21 46.88 -70 42 10.9          19.5 Rt~0oQiE10
a7943K12D14A 0C2013 02 09.44523800 21 46.85 -70 42 07.4          19.5 Rt~0oQiE10
a7943K12D14A 0C2013 02 09.44760200 21 46.78 -70 42 03.9          19.5 Rt~0oQiE10
a7943K12D14A 0C2013 02 09.44995400 21 46.76 -70 42 00.4          19.6 Rt~0oQiE10
a7943K12D14A KC2013 02 09.48103 00 22 04.32 -70 39 23.5          19.5 Ro~0oQi474
a7943K12D14A KC2013 02 09.48314 00 22 04.70 -70 39 21.2          19.6 Ro~0oQi474
a7943K12D14A KC2013 02 09.48525 00 22 05.09 -70 39 19.0          19.4 Ro~0oQi474
a7943K12D14A KC2013 02 09.48736 00 22 05.56 -70 39 17.0          19.6 Ro~0oQi474
a7943K12D14A KC2013 02 09.49933 00 22 08.13 -70 39 05.4          19.5 Ro~0oQi474
a7943K12D14A KC2013 02 09.51200 00 22 11.25 -70 38 54.3          19.1 Ro~0oQi474
a7943K12D14A KC2013 02 09.52044 00 22 13.36 -70 38 47.5          19.4 Ro~0oQi474
a7943K12D14A KC2013 02 09.53123 00 22 16.44 -70 38 39.1          19.6 Ro~0oQi474
a7943K12D14A  C2013 02 10.11955900 22 05.86 -70 45 33.4          20.2 Rt~0oQiW86
a7943K12D14A  C2013 02 10.12180500 22 06.21 -70 45 30.0          19.6 Rt~0oQiW86
a7943K12D14A  C2013 02 10.12404200 22 06.57 -70 45 26.5          19.6 Rt~0oQiW86
a7943K12D14A  C2013 02 10.12627900 22 07.03 -70 45 23.0          19.8 Rt~0oQiW86
a7943K12D14A KC2013 02 10.38797 00 22 22.85 -70 49 47.7          19.9 Ro~0oQi474
a7943K12D14A KC2013 02 10.39853 00 22 22.86 -70 49 33.5          19.7 Ro~0oQi474
a7943K12D14A KC2013 02 10.40909 00 22 23.21 -70 49 18.8          19.7 Ro~0oQi474
a7943K12D14A KC2013 02 10.41963 00 22 23.87 -70 49 04.7          19.2 Ro~0oQi474
a7943K12D14A KC2013 02 10.42808 00 22 24.59 -70 48 53.4          19.1 Ro~0oQi474
a7943K12D14A KC2013 02 10.43864 00 22 25.79 -70 48 39.4          19.3 Ro~0oQi474
a7943K12D14A KC2013 02 10.44287 00 22 26.29 -70 48 33.8          19.3 Ro~0oQi474
a7943K12D14A KC2013 02 10.45977 00 22 28.98 -70 48 12.1          19.2 Ro~0oQi474
a7943K12D14A KC2013 02 10.49359 00 22 36.41 -70 47 32.5          19.2 Ro~0oQi474
a7943K12D14A KC2013 02 10.49570 00 22 36.99 -70 47 30.5          19.2 Ro~0oQi474
a7943K12D14A KC2013 02 10.50838 00 22 40.50 -70 47 17.3          19.2 Ro~0oQi474
a7943K12D14A KC2013 02 10.51471 00 22 42.44 -70 47 11.1          19.1 Ro~0oQi474
a7943K12D14A KC2013 02 10.51682 00 22 43.07 -70 47 09.1          19.1 Ro~0oQi474
a7943K12D14A KC2013 02 10.51894 00 22 43.74 -70 47 07.3          19.5 Ro~0oQi474
a7943K12D14A KC2013 02 10.52880 00 22 46.90 -70 46 58.8          19.9 Ro~0oQi474
a7943K12D14A  C2013 02 11.11609500 22 31.55 -70 55 54.8          19.0 Rt~0oQiW86
a7943K12D14A  C2013 02 11.11834300 22 32.00 -70 55 50.9          19.0 Rt~0oQiW86
a7943K12D14A  C2013 02 11.12058500 22 32.43 -70 55 46.9          19.2 Rt~0oQiW86
a7943K12D14A  C2013 02 11.12282500 22 32.95 -70 55 42.6          19.0 Rt~0oQiW86
a7943K12D14A  C2013 02 11.12506400 22 33.41 -70 55 38.5          19.0 Rt~0oQiW86
a7943K12D14A  C2013 02 11.12730200 22 33.91 -70 55 34.6          19.1 Rt~0oQiW86
a7943K12D14A  C2013 02 11.12954300 22 34.48 -70 55 30.6          19.1 Rt~0oQiW86
a7943K12D14A  C2013 02 11.13178200 22 35.02 -70 55 26.4          19.1 Rt~0oQiW86
a7943K12D14A  C2013 02 11.13402100 22 35.52 -70 55 22.5          19.1 Rt~0oQiW86
a7943K12D14A  C2013 02 11.13625900 22 36.15 -70 55 18.8          19.1 Rt~0oQiW86
a7943K12D14A  C2013 02 11.13849900 22 36.70 -70 55 15.0          19.1 Rt~0oQiW86
a7943K12D14A  C2013 02 11.14073800 22 37.36 -70 55 11.1          19.1 Rt~0oQiW86
a7943K12D14A  C2013 02 11.14297700 22 37.99 -70 55 07.3          19.2 Rt~0oQiW86
a7943K12D14A  C2013 02 11.14521600 22 38.64 -70 55 03.4          19.2 Rt~0oQiW86
a7943K12D14A  C2013 02 11.14745500 22 39.21 -70 54 59.6          19.2 Rt~0oQiW86
a7943K12D14A  C2013 02 11.14969300 22 39.89 -70 54 56.1          18.9 Rt~0oQiW86
a7943K12D14A  C2013 02 11.15193300 22 40.64 -70 54 52.2          19.1 Rt~0oQiW86
a7943K12D14A  C2013 02 11.15417200 22 41.36 -70 54 48.5          18.9 Rt~0oQiW86
a7943K12D14A  C2013 02 11.15641200 22 42.05 -70 54 45.3          19.0 Rt~0oQiW86
a7943K12D14A KC2013 02 11.39579 00 22 51.50 -71 01 12.7          20.1 Ro~0oQi474
a7943K12D14A KC2013 02 11.42218 00 22 53.12 -71 00 32.1          19.1 Ro~0oQi474
a7943K12D14A KC2013 02 11.42746 00 22 53.61 -71 00 23.8          19.8 Ro~0oQi474
a7943K12D14A KC2013 02 11.43450 00 22 54.52 -71 00 12.4          19.6 Ro~0oQi474
a7943K12D14A KC2013 02 11.43802 00 22 55.13 -71 00 07.8          19.8 Ro~0oQi474
a7943K12D14A KC2013 02 11.44506 00 22 56.38 -70 59 57.8          19.1 Ro~0oQi474
a7943K12D14A KC2013 02 11.46267 00 23 00.03 -70 59 32.3          19.4 Ro~0oQi474
a7943K12D14A KC2013 02 11.48912 00 23 07.35 -70 58 56.9          19.3 Ro~0oQi474
a7943K12D14A KC2013 02 11.49264 00 23 08.47 -70 58 53.1          19.3 Ro~0oQi474
a7943K12D14A KC2013 02 11.49616 00 23 09.58 -70 58 48.7          19.2 Ro~0oQi474
a7943K12D14A KC2013 02 13.50455 00 24 09.91 -71 51 09.4          18.4 Vq~0oQiE07
a7943K12D14A KC2013 02 13.52148 00 24 18.26 -71 50 35.3          19.1 Vq~0oQiE07
a7943K12D14A KC2013 02 13.52472 00 24 20.17 -71 50 28.6          19.1 Vq~0oQiE07
a7943K12D14A KC2013 02 13.52959 00 24 22.91 -71 50 19.1          18.7 Vq~0oQiE07
a7943K12D14A KC2013 02 13.53316 00 24 25.19 -71 50 13.2          18.3 Vq~0oQiE07
a7943K12D14A KC2013 02 13.53722 00 24 27.81 -71 50 05.3          18.2 Vq~0oQiE07
a7943K12D14A KC2013 02 13.54695 00 24 34.54 -71 49 49.4          18.8 Vq~0oQiE07
a7943K12D14A KC2013 02 13.55751 00 24 42.64 -71 49 33.5          19.0 Vq~0oQiE07
a7943K12D14A |C2013 02 14.05694 00 24 31.20 -72 31 18.4          17.5 Vu~0oQi807
a7943K12D14A |C2013 02 14.06003 00 24 31.33 -72 31 11.7          17.4 Vu~0oQi807
a7943K12D14A |C2013 02 14.06300 00 24 31.54 -72 31 05.1          17.5 Vu~0oQi807
a7943K12D14A |C2013 02 14.06596 00 24 31.87 -72 30 58.6          17.4 Vu~0oQi807
a7943K12D14A |C2013 02 14.06877 00 24 32.25 -72 30 52.4          17.4 Vu~0oQi807
a7943K12D14A  C2013 02 14.42759 00 25 30.92 -73 11 16.6          16.5 Vo~0oQiE23
a7943K12D14A  C2013 02 14.43106 00 25 30.78 -73 11 13.5          16.7 Vo~0oQiE23
a7943K12D14A  C2013 02 14.45032 00 25 32.63 -73 10 59.6                o~0oQiE23
a7943K12D14A  C2013 02 14.45727 00 25 34.23 -73 10 54.0          16.5 Vo~0oQiE23
a7943K12D14A 0C2013 02 14.46068600 25 25.66 -73 11 56.2          16.2 Rt~0oQiE10
a7943K12D14A 0C2013 02 14.46257500 25 26.25 -73 11 54.4          16.2 Rt~0oQiE10
a7943K12D14A  C2013 02 14.46421 00 25 36.76 -73 10 48.5          16.7 Vo~0oQiE23
a7943K12D14A 0C2013 02 14.46509700 25 27.04 -73 11 52.0          16.5 Rt~0oQiE10
a7943K12D14A 0C2013 02 14.46739800 25 27.88 -73 11 49.7          16.6 Rt~0oQiE10
a7943K12D14A 0C2013 02 14.46970800 25 28.77 -73 11 47.6          17.0 Rt~0oQiE10
a7943K12D14A 0C2013 02 14.47215400 25 29.84 -73 11 45.3          17.1 Rt~0oQiE10
a7943K12D14A 0C2013 02 14.47443000 25 30.93 -73 11 43.1          16.9 Rt~0oQiE10
a7943K12D14A  C2013 02 14.51221 00 26 12.93 -73 10 25.1                o~0oQiE23
a7943K12D14A  C2013 02 14.51916 00 26 21.08 -73 10 25.5          17.0 Vo~0oQiE23
a7943K12D14A `C2013 02 14.58414400 27 23.13 -73 15 13.3          16.0 Ru~0oQiD90
a7943K12D14A `C2013 02 14.58576400 27 26.00 -73 15 15.9          16.0 Ru~0oQiD90
a7943K12D14A `C2013 02 14.58737300 27 28.93 -73 15 18.3          16.0 Ru~0oQiD90
a7943K12D14A `C2013 02 14.58898100 27 31.74 -73 15 21.1          16.0 Ru~0oQiD90
a7943K12D14A `C2013 02 14.59140000 27 36.27 -73 15 25.4          16.0 Ru~0oQiD90
a7943K12D14A `C2013 02 14.59383100 27 40.76 -73 15 29.8          16.0 Ru~0oQiD90
a7943K12D14A `C2013 02 14.59545100 27 43.87 -73 15 32.8          16.0 Ru~0oQiD90
a7943K12D14A KC2013 02 15.03295 00 29 10.33 -75 33 08.1          16.5 Ru~0oQiI47
a7943K12D14A KC2013 02 15.03497 00 29 10.24 -75 33 27.6          15.5 Ru~0oQjI47
a7943K12D14A KC2013 02 15.03710 00 29 10.52 -75 33 48.7          15.4 Ru~0p6GI47
a7943K12D14A KC2013 02 15.03944 00 29 10.70 -75 34 11.8          15.5 Ru~0oQjI47
a7943K12D14A KC2013 02 15.04177 00 29 11.28 -75 34 33.5          15.8 Ru~0p6GI47
a7943K12D14A KC2013 02 15.04283 00 29 11.46 -75 34 44.0          16.4 Ru~0p6GI47
a7943K12D14A KC2013 02 15.04400 00 29 11.64 -75 34 55.5          15.6 Ru~0p6GI47
a7943K12D14A KC2013 02 15.05907 00 28 49.70 -75 34 28.3          15.6 Ru~0oQj821
a7943K12D14A KC2013 02 15.06653 00 28 58.42 -75 35 37.8          15.3 Ru~0oQj821
a7943K12D14A KC2013 02 15.07404 00 29 08.90 -75 36 49.8          15.3 Ru~0oQj821
a7943K12D14A  C2013 02 15.43628 00 42 48.07 -81 00 01.6          13.2 Vo~0oQjE23
a7943K12D14A  C2013 02 15.43698 00 42 51.55 -81 00 49.6          13.2 Vo~0oQjE23
a7943K12D14A  C2013 02 15.43764 00 42 55.10 -81 01 36.5          13.3 Vo~0oQjE23
a7943K12D14A  C2013 02 15.43802 00 42 56.94 -81 02 00.2          13.3 Vo~0oQjE23
a7943K12D14A  C2013 02 15.43833 00 42 58.83 -81 02 23.8          13.2 Vo~0oQjE23
a7943K12D14A  C2013 02 15.43872 00 43 00.63 -81 02 47.7          13.3 Vo~0oQjE23
a7943K12D14A  C2013 02 15.43906 00 43 02.49 -81 03 11.6          13.2 Vo~0oQjE23
a7943K12D14A  C2013 02 15.48894 00 51 43.87 -82 11 42.7          13.1 Vq~0oQjE07
a7943K12D14A  C2013 02 15.48942 00 51 51.33 -82 12 27.1          13.1 Vq~0oQjE07
a7943K12D14A  C2013 02 15.49019 00 52 03.16 -82 13 37.2          13.1 Vq~0oQjE07
a7943K12D14A  C2013 02 15.49044 00 52 07.28 -82 14 00.0          13.1 Vq~0oQjE07
a7943K12D14A  C2013 02 15.67370 09 01 48.98 -83 18 35.8          11.5 Vo~0p6GE23
a7943K12D14A  C2013 02 15.67382 09 02 08.86 -83 17 36.4          12.0 Vo~0p6GE23
a7943K12D14A  C2013 02 15.67394 09 02 28.89 -83 16 37.1          11.6 Vo~0p6GE23
a7943K12D14A  C2013 02 15.67405 09 02 48.75 -83 15 37.5          11.6 Vo~0p6GE23
a7943K12D14A  C2013 02 15.67417 09 03 08.63 -83 14 37.9          11.7 Vo~0p6GE23
a7943K12D14A  C2013 02 15.86330412 20 42.15 +38 39 27.5                u~0p6GJ95
a7943K12D14A  C2013 02 15.86343212 20 44.59 +38 44 44.2                u~0p6GJ95
a7943K12D14A  C2013 02 15.86633212 21 40.14 +40 41 27.7           8.3 Ru~0p6GJ95
a7943K12D14A  C2013 02 15.86686512 21 50.38 +41 02 17.8           8.0 Ru~0p6GJ95
a7943K12D14A  C2013 02 15.86696912 21 52.27 +41 06 22.2           8.0 Ru~0p6GJ95
a7943K12D14A  C2013 02 15.86703812 21 53.78 +41 09 01.0           8.5 Ru~0p6GJ95
a7943K12D14A  C2013 02 15.86710812 21 55.01 +41 11 43.5           8.1 Ru~0p6GJ95
a7943K12D14A  C2013 02 15.86956112 22 42.28 +42 44 54.9           8.5 Ru~0p6GJ95
a7943K12D14A  C2013 02 15.86963112 22 43.72 +42 47 30.1           8.1 Ru~0p6GJ95
a7943K12D14A  C2013 02 15.87005912 22 51.91 +43 03 21.5           8.5 Ru~0p6GJ95
a7943K12D14A  C2013 02 15.87022112 22 55.00 +43 09 20.2           8.4 Ru~0p6GJ95
a7943K12D14A  C2013 02 15.87029112 22 56.42 +43 11 52.5           8.4 Ru~0p6GJ95
a7943K12D14A  C2013 02 15.87036012 22 57.84 +43 14 24.4           8.2 Ru~0p6GJ95
a7943K12D14A  C2013 02 15.87081112 23 06.47 +43 30 56.2           8.5 Ru~0p6GJ95
a7943K12D14A  C2013 02 15.87099712 23 10.06 +43 37 38.8           8.6 Ru~0p6GJ95
a7943K12D14A  C2013 02 15.87106612 23 11.38 +43 40 09.3           8.4 Ru~0p6GJ95
a7943K12D14A  C2013 02 15.87503612 24 28.57 +45 59 18.0           8.4 Ru~0p6GJ95
a7943K12D14A  n2013 02 15.93230312 42 41.55 +66 46 25.7                q~0rzNZ92
a7943K12D14A  n2013 02 15.93231512 42 41.81 +66 46 35.5                q~0rzNZ92
a7943K12D14A  n2013 02 15.93232512 42 42.03 +66 46 43.7                q~0rzNZ92
a7943K12D14A  n2013 02 15.93233812 42 42.31 +66 46 54.3                q~0rzNZ92
a7943K12D14A  n2013 02 15.93235312 42 42.64 +66 47 06.5                q~0rzNZ92
a7943K12D14A  n2013 02 15.93236812 42 42.96 +66 47 18.8                q~0rzNZ92
a7943K12D14A  n2013 02 15.93237812 42 43.18 +66 47 26.9                q~0rzNZ92
a7943K12D14A  n2013 02 15.93238812 42 43.40 +66 47 35.1                q~0rzNZ92
a7943K12D14A  n2013 02 15.93240012 42 43.66 +66 47 44.9                q~0rzNZ92
a7943K12D14A  n2013 02 15.93241212 42 43.92 +66 47 54.7                q~0rzNZ92
a7943K12D14A  n2013 02 15.93242512 42 44.21 +66 48 05.3                q~0rzNZ92
a7943K12D14A  n2013 02 15.93243412 42 44.40 +66 48 12.6                q~0rzNZ92
a7943K12D14A  n2013 02 15.93244812 42 44.71 +66 48 24.0                q~0rzNZ92
a7943K12D14A  n2013 02 15.93245912 42 44.95 +66 48 33.0                q~0rzNZ92
a7943K12D14A  n2013 02 15.93246712 42 45.12 +66 48 39.5                q~0rzNZ92
a7943K12D14A  n2013 02 15.93247812 42 45.36 +66 48 48.5                q~0rzNZ92
a7943K12D14A  n2013 02 15.93248812 42 45.58 +66 48 56.7                q~0rzNZ92
a7943K12D14A  n2013 02 15.93249912 42 45.82 +66 49 05.7                q~0rzNZ92
a7943K12D14A  n2013 02 15.93251112 42 46.08 +66 49 15.4                q~0rzNZ92
a7943K12D14A  n2013 02 15.93252212 42 46.32 +66 49 24.4                q~0rzNZ92
a7943K12D14A  n2013 02 15.93253112 42 46.52 +66 49 31.8                q~0rzNZ92
a7943K12D14A  n2013 02 15.93254312 42 46.78 +66 49 41.6                q~0rzNZ92
a7943K12D14A  n2013 02 15.93255512 42 47.04 +66 49 51.4                q~0rzNZ92
a7943K12D14A  n2013 02 15.93256412 42 47.23 +66 49 58.7                q~0rzNZ92
a7943K12D14A  n2013 02 15.93257512 42 47.47 +66 50 07.7                q~0rzNZ92
a7943K12D14A  n2013 02 15.93258212 42 47.63 +66 50 13.4                q~0rzNZ92
a7943K12D14A  n2013 02 15.93269812 42 50.21 +66 51 49.0                q~0rzNZ92
a7943K12D14A  n2013 02 15.93270312 42 50.32 +66 51 53.0                q~0rzNZ92
a7943K12D14A  n2013 02 15.93270812 42 50.43 +66 51 57.1                q~0rzNZ92
a7943K12D14A  n2013 02 15.93271512 42 50.58 +66 52 02.8                q~0rzNZ92
a7943K12D14A  n2013 02 15.93272212 42 50.73 +66 52 08.5                q~0rzNZ92
a7943K12D14A  n2013 02 15.93272712 42 50.84 +66 52 12.5                q~0rzNZ92
a7943K12D14A  n2013 02 15.93273212 42 50.95 +66 52 16.6                q~0rzNZ92
a7943K12D14A  n2013 02 15.93273712 42 51.06 +66 52 20.7                q~0rzNZ92
a7943K12D14A  n2013 02 15.93274112 42 51.14 +66 52 23.9                q~0rzNZ92
a7943K12D14A  n2013 02 15.93274712 42 51.27 +66 52 28.8                q~0rzNZ92
a7943K12D14A  n2013 02 15.93275312 42 51.40 +66 52 33.7                q~0rzNZ92
a7943K12D14A  n2013 02 15.93275912 42 51.53 +66 52 38.5                q~0rzNZ92
a7943K12D14A  n2013 02 15.93276412 42 51.64 +66 52 42.6                q~0rzNZ92
a7943K12D14A  n2013 02 15.93277012 42 51.77 +66 52 47.5                q~0rzNZ92
a7943K12D14A  n2013 02 15.93277512 42 51.88 +66 52 51.5                q~0rzNZ92
a7943K12D14A  n2013 02 15.93278212 42 52.03 +66 52 57.2                q~0rzNZ92
a7943K12D14A  n2013 02 15.93278812 42 52.16 +66 53 02.1                q~0rzNZ92
a7943K12D14A  n2013 02 15.93279312 42 52.27 +66 53 06.2                q~0rzNZ92
a7943K12D14A  n2013 02 15.93279812 42 52.38 +66 53 10.2                q~0rzNZ92
a7943K12D14A  n2013 02 15.93280412 42 52.51 +66 53 15.1                q~0rzNZ92
a7943K12D14A  n2013 02 15.93281112 42 52.66 +66 53 20.8                q~0rzNZ92
a7943K12D14A  n2013 02 15.93281712 42 52.79 +66 53 25.7                q~0rzNZ92
a7943K12D14A  n2013 02 15.93282212 42 52.90 +66 53 29.7                q~0rzNZ92
a7943K12D14A  n2013 02 15.93282812 42 53.03 +66 53 34.6                q~0rzNZ92
a7943K12D14A  n2013 02 15.93283312 42 53.14 +66 53 38.7                q~0rzNZ92
a7943K12D14A  n2013 02 15.93283912 42 53.27 +66 53 43.6                q~0rzNZ92
a7943K12D14A  n2013 02 15.93284512 42 53.40 +66 53 48.4                q~0rzNZ92
a7943K12D14A  n2013 02 15.93284912 42 53.49 +66 53 51.7                q~0rzNZ92
a7943K12D14A  n2013 02 15.93285412 42 53.60 +66 53 55.7                q~0rzNZ92
a7943K12D14A  n2013 02 15.93285912 42 53.71 +66 53 59.8                q~0rzNZ92
a7943K12D14A  n2013 02 15.93286512 42 53.84 +66 54 04.7                q~0rzNZ92
a7943K12D14A  n2013 02 15.93287012 42 53.95 +66 54 08.7                q~0rzNZ92
a7943K12D14A  n2013 02 15.93287512 42 54.05 +66 54 12.8                q~0rzNZ92
a7943K12D14A  n2013 02 15.93288012 42 54.16 +66 54 16.9                q~0rzNZ92
a7943K12D14A  n2013 02 15.93288412 42 54.25 +66 54 20.1                q~0rzNZ92
a7943K12D14A  n2013 02 15.93288912 42 54.36 +66 54 24.2                q~0rzNZ92
a7943K12D14A  n2013 02 15.93289412 42 54.47 +66 54 28.2                q~0rzNZ92
a7943K12D14A  n2013 02 15.93289912 42 54.58 +66 54 32.3                q~0rzNZ92
a7943K12D14A  n2013 02 15.93290412 42 54.69 +66 54 36.4                q~0rzNZ92
a7943K12D14A  n2013 02 15.93290912 42 54.79 +66 54 40.4                q~0rzNZ92
a7943K12D14A  n2013 02 15.93291412 42 54.90 +66 54 44.5                q~0rzNZ92
a7943K12D14A  n2013 02 15.93291912 42 55.01 +66 54 48.6                q~0rzNZ92
a7943K12D14A  n2013 02 15.93292312 42 55.10 +66 54 51.8                q~0rzNZ92
a7943K12D14A  n2013 02 15.93292712 42 55.18 +66 54 55.1                q~0rzNZ92
a7943K12D14A  n2013 02 15.93293212 42 55.29 +66 54 59.1                q~0rzNZ92
a7943K12D14A  n2013 02 15.93293612 42 55.38 +66 55 02.4                q~0rzNZ92
a7943K12D14A  n2013 02 15.93294012 42 55.47 +66 55 05.6                q~0rzNZ92
a7943K12D14A  n2013 02 15.93295212 42 55.75 +66 55 15.8                q~0rzNZ92
a7943K12D14A  n2013 02 15.93296612 42 56.06 +66 55 27.0                q~0rzNZ92
a7943K12D14A  n2013 02 15.93297912 42 56.34 +66 55 37.5                q~0rzNZ92
a7943K12D14A  n2013 02 15.93299312 42 56.65 +66 55 48.8                q~0rzNZ92
a7943K12D14A  n2013 02 15.93300712 42 56.96 +66 56 00.1                q~0rzNZ92
a7943K12D14A  n2013 02 15.93302212 42 57.28 +66 56 12.2                q~0rzNZ92
a7943K12D14A  n2013 02 15.93303712 42 57.61 +66 56 24.3                q~0rzNZ92
a7943K12D14A  n2013 02 15.93305012 42 57.90 +66 56 34.8                q~0rzNZ92
a7943K12D14A  n2013 02 15.93306512 42 58.23 +66 56 46.9                q~0rzNZ92
a7943K12D14A  n2013 02 15.93307912 42 58.53 +66 56 58.1                q~0rzNZ92
a7943K12D14A  n2013 02 15.93309312 42 58.84 +66 57 09.4                q~0rzNZ92
a7943K12D14A  C2013 02 15.99232 13 11 21.08 +76 44 41.4          10.6 Rc~0p6GA05
a7943K12D14A  C2013 02 15.99275 13 11 31.55 +76 47 26.3          10.4 Rc~0p6GA05
a7943K12D14A  C2013 02 15.99325 13 11 44.15 +76 50 38.1          10.5 Rc~0p6GA05
a7943K12D14A  C2013 02 15.99372 13 11 55.86 +76 53 37.1          10.6 Rc~0p6GA05
a7943K12D14A  C2013 02 15.99819 13 13 47.59 +77 21 13.3          10.3 Rc~0p6GA05
a7943K12D14A  C2013 02 15.99859 13 10 35.74 +77 32 05.6          11.5 Vo~0p6GC77
a7943K12D14A  C2013 02 15.99864 13 13 59.77 +77 23 57.1          10.3 Rc~0p6GA05
a7943K12D14A  C2013 02 15.99865 13 10 36.99 +77 32 25.4          11.5 Vo~0p6GC77
a7943K12D14A  C2013 02 15.99870 13 10 38.34 +77 32 45.6          11.5 Vo~0p6GC77
a7943K12D14A  C2013 02 15.99876 13 10 39.74 +77 33 06.8          11.5 Vo~0p6GC77
a7943K12D14A  C2013 02 15.99882 13 10 41.32 +77 33 27.3          11.5 Vo~0p6GC77
a7943K12D14A  C2013 02 15.99888 13 10 42.42 +77 33 47.4          11.5 Vo~0p6GC77
a7943K12D14A  C2013 02 15.99894 13 10 43.95 +77 34 07.2          11.6 Vo~0p6GC77
a7943K12D14A  C2013 02 15.99899 13 10 45.31 +77 34 27.7          11.5 Vo~0p6GC77
a7943K12D14A  C2013 02 15.99905 13 10 46.48 +77 34 46.7          11.5 Vo~0p6GC77
a7943K12D14A  C2013 02 15.99910 13 10 47.65 +77 35 03.0          11.5 Vo~0p6GC77
a7943K12D14A  C2013 02 16.00497 13 16 40.22 +78 00 45.2          10.5 Rc~0p6GA05
a7943K12D14A  C2013 02 16.02668 13 21 02.12 +79 57 17.8                d~0p6GB66
a7943K12D14A  C2013 02 16.09846 13 56 19.11 +83 46 26.5                d~0p6GB66
a7943K12D14A  C2013 02 16.10708 14 01 15.73 +84 05 04.2                d~0p6GB66
a7943K12D14A  C2013 02 16.11544 14 06 14.60 +84 21 44.2                d~0p6GB66
a7943K12D14A  C2013 02 16.12698 13 55 55.60 +84 48 40.4          11.8 Ro~0p6G071
a7943K12D14A  C2013 02 16.12714 14 13 28.63 +84 43 02.7                d~0p6GB66
a7943K12D14A  C2013 02 16.12726 13 56 05.08 +84 49 08.5          11.7 Ro~0p6G071
a7943K12D14A  C2013 02 16.12752 13 56 14.48 +84 49 34.6          11.7 Ro~0p6G071
a7943K12D14A  C2013 02 16.12779 13 56 23.62 +84 50 00.2          11.7 Ro~0p6G071
a7943K12D14A  C2013 02 16.12806 13 56 33.21 +84 50 26.2          11.8 Ro~0p6G071
a7943K12D14A  C2013 02 16.12833 13 56 42.51 +84 50 51.8          11.7 Ro~0p6G071
a7943K12D14A  C2013 02 16.12860 13 56 51.77 +84 51 17.5          11.7 Ro~0p6G071
a7943K12D14A  C2013 02 16.12887 13 57 01.22 +84 51 43.2          11.7 Ro~0p6G071
a7943K12D14A  C2013 02 16.12913 13 57 10.64 +84 52 08.7          11.8 Ro~0p6G071
a7943K12D14A  C2013 02 16.12940 13 57 20.01 +84 52 33.9          11.7 Ro~0p6G071
a7943K12D14A  C2013 02 16.12966 13 57 29.56 +84 52 59.1          11.7 Ro~0p6G071
a7943K12D14A  C2013 02 16.12993 13 57 38.63 +84 53 24.4          11.8 Ro~0p6G071
a7943K12D14A  C2013 02 16.13020 13 57 48.06 +84 53 49.7          11.8 Ro~0p6G071
a7943K12D14A  C2013 02 16.13046 13 57 57.73 +84 54 15.0          11.8 Ro~0p6G071
a7943K12D14A  C2013 02 16.13074 13 58 07.34 +84 54 40.5          11.7 Ro~0p6G071
a7943K12D14A  C2013 02 16.13101 13 58 16.89 +84 55 05.7          11.7 Ro~0p6G071
a7943K12D14A  C2013 02 16.13127 13 58 26.39 +84 55 30.9          11.7 Ro~0p6G071
a7943K12D14A  C2013 02 16.13154 13 58 36.66 +84 55 57.0          11.7 Ro~0p6G071
a7943K12D14A  C2013 02 16.13181 13 58 45.54 +84 56 20.6          11.7 Ro~0p6G071
a7943K12D14A  C2013 02 16.13208 13 58 54.82 +84 56 45.3          11.7 Ro~0p6G071
a7943K12D14A  C2013 02 16.13247 13 59 08.67 +84 57 20.7          11.7 Ro~0p6G071
a7943K12D14A  C2013 02 16.13273 13 59 18.04 +84 57 45.5          11.7 Ro~0p6G071
a7943K12D14A  C2013 02 16.13300 13 59 27.67 +84 58 10.4          11.7 Ro~0p6G071
a7943K12D14A  C2013 02 16.13326 13 59 37.36 +84 58 34.5          11.7 Ro~0p6G071
a7943K12D14A  C2013 02 16.13354 13 59 47.11 +84 58 59.4          11.7 Ro~0p6G071
a7943K12D14A  C2013 02 16.13381 13 59 56.65 +84 59 23.9          11.7 Ro~0p6G071
a7943K12D14A  C2013 02 16.13407 14 00 06.06 +84 59 48.1          11.7 Ro~0p6G071
a7943K12D14A  C2013 02 16.13434 14 00 16.05 +85 00 12.6          11.6 Ro~0p6G071
a7943K12D14A  C2013 02 16.13462 14 00 25.83 +85 00 36.8          11.7 Ro~0p6G071
a7943K12D14A  C2013 02 16.13488 14 00 35.29 +85 01 01.3          11.7 Ro~0p6G071
a7943K12D14A  C2013 02 16.13986 14 03 37.38 +85 08 19.1          11.6 Ro~0p6G071
a7943K12D14A  C2013 02 16.14013 14 03 47.31 +85 08 42.2          11.5 Ro~0p6G071
a7943K12D14A  C2013 02 16.14039 14 03 57.07 +85 09 04.8          11.6 Ro~0p6G071
a7943K12D14A  C2013 02 16.14066 14 04 07.04 +85 09 27.7          11.5 Ro~0p6G071
a7943K12D14A  C2013 02 16.14094 14 04 17.16 +85 09 51.1          11.6 Ro~0p6G071
a7943K12D14A  C2013 02 16.14120 14 04 27.48 +85 10 14.1          11.6 Ro~0p6G071
a7943K12D14A  C2013 02 16.14147 14 04 37.24 +85 10 36.7          11.5 Ro~0p6G071
a7943K12D14A  C2013 02 16.14175 14 04 47.27 +85 10 59.9          11.6 Ro~0p6G071
a7943K12D14A  C2013 02 16.14201 14 04 57.47 +85 11 22.4          11.5 Ro~0p6G071
a7943K12D14A  C2013 02 16.14228 14 05 07.58 +85 11 45.0          11.5 Ro~0p6G071
a7943K12D14A  C2013 02 16.14321 14 05 41.98 +85 13 02.0          11.5 Ro~0p6G071
a7943K12D14A  C2013 02 16.14347 14 05 52.11 +85 13 24.4          11.5 Ro~0p6G071
a7943K12D14A  C2013 02 16.14375 14 06 02.22 +85 13 46.7          11.5 Ro~0p6G071
a7943K12D14A  C2013 02 16.14402 14 06 12.48 +85 14 09.1          11.5 Ro~0p6G071
a7943K12D14A  C2013 02 16.14428 14 06 22.45 +85 14 31.2          11.5 Ro~0p6G071
a7943K12D14A  C2013 02 16.14455 14 06 32.72 +85 14 53.3          11.5 Ro~0p6G071
a7943K12D14A  C2013 02 16.14481 14 06 42.86 +85 15 15.2          11.4 Ro~0p6G071
a7943K12D14A  C2013 02 16.14509 14 06 53.19 +85 15 37.4          11.5 Ro~0p6G071
a7943K12D14A  C2013 02 16.14536 14 07 03.20 +85 15 59.1          11.5 Ro~0p6G071
a7943K12D14A  C2013 02 16.14562 14 07 13.63 +85 16 21.2          11.4 Ro~0p6G071
a7943K12D14A  C2013 02 16.14612 14 07 32.45 +85 17 01.7          11.5 Ro~0p6G071
a7943K12D14A  C2013 02 16.14639 14 07 42.75 +85 17 23.4          11.4 Ro~0p6G071
a7943K12D14A  C2013 02 16.14667 14 07 53.05 +85 17 44.9          11.5 Ro~0p6G071
a7943K12D14A  C2013 02 16.14693 14 08 03.46 +85 18 06.6          11.4 Ro~0p6G071
a7943K12D14A  C2013 02 16.14720 14 08 13.66 +85 18 28.0          11.5 Ro~0p6G071
a7943K12D14A  C2013 02 16.14748 14 08 23.97 +85 18 49.8          11.5 Ro~0p6G071
a7943K12D14A  C2013 02 16.14774 14 08 34.41 +85 19 11.3          11.5 Ro~0p6G071
a7943K12D14A  C2013 02 16.14801 14 08 44.69 +85 19 32.5          11.5 Ro~0p6G071
a7943K12D14A  C2013 02 16.14828 14 08 54.86 +85 19 53.9          11.5 Ro~0p6G071
a7943K12D14A  C2013 02 16.14854 14 09 05.19 +85 20 15.1          11.4 Ro~0p6G071
a7943K12D14A  C2013 02 16.14902 14 09 23.33 +85 20 52.2          11.4 Ro~0p6G071
a7943K12D14A  C2013 02 16.14928 14 09 33.67 +85 21 13.1          11.5 Ro~0p6G071
a7943K12D14A  C2013 02 16.14956 14 09 44.22 +85 21 34.6          11.4 Ro~0p6G071
a7943K12D14A  C2013 02 16.14983 14 09 54.84 +85 21 55.7          11.4 Ro~0p6G071
a7943K12D14A  C2013 02 16.15010 14 10 05.23 +85 22 16.7          11.4 Ro~0p6G071
a7943K12D14A  C2013 02 16.15037 14 10 15.66 +85 22 37.6          11.5 Ro~0p6G071
a7943K12D14A  C2013 02 16.15064 14 10 26.19 +85 22 58.4          11.5 Ro~0p6G071
a7943K12D14A  C2013 02 16.15090 14 10 36.50 +85 23 19.1          11.4 Ro~0p6G071
a7943K12D14A  C2013 02 16.15118 14 10 47.10 +85 23 40.1          11.4 Ro~0p6G071
a7943K12D14A  C2013 02 16.15145 14 10 57.78 +85 24 01.0          11.4 Ro~0p6G071
a7943K12D14A  C2013 02 16.15181 14 11 11.65 +85 24 28.2          11.4 Ro~0p6G071
a7943K12D14A  C2013 02 16.15207 14 11 22.09 +85 24 48.5          11.4 Ro~0p6G071
a7943K12D14A  C2013 02 16.15234 14 11 32.45 +85 25 08.9          11.4 Ro~0p6G071
a7943K12D14A  C2013 02 16.15260 14 11 43.07 +85 25 29.4          11.5 Ro~0p6G071
a7943K12D14A  C2013 02 16.15287 14 11 53.55 +85 25 49.5          11.4 Ro~0p6G071
a7943K12D14A  C2013 02 16.15315 14 12 04.19 +85 26 10.1          11.4 Ro~0p6G071
a7943K12D14A  C2013 02 16.15341 14 12 14.76 +85 26 30.4          11.4 Ro~0p6G071
a7943K12D14A  C2013 02 16.15368 14 12 25.26 +85 26 50.2          11.4 Ro~0p6G071
a7943K12D14A  C2013 02 16.15395 14 12 35.70 +85 27 10.3          11.4 Ro~0p6G071
a7943K12D14A  C2013 02 16.15421 14 12 46.24 +85 27 30.2          11.4 Ro~0p6G071
a7943K12D14A  C2013 02 16.15546 14 13 35.90 +85 29 03.2          11.4 Ro~0p6H071
a7943K12D14A  C2013 02 16.15574 14 13 46.78 +85 29 23.0          11.4 Ro~0p6H071
a7943K12D14A  C2013 02 16.15601 14 13 57.17 +85 29 42.4          11.4 Ro~0p6H071
a7943K12D14A  C2013 02 16.15627 14 14 08.01 +85 30 02.2          11.4 Ro~0p6H071
a7943K12D14A  C2013 02 16.15654 14 14 18.69 +85 30 21.7          11.4 Ro~0p6H071
a7943K12D14A  C2013 02 16.15681 14 14 29.27 +85 30 41.1          11.4 Ro~0p6H071
a7943K12D14A  C2013 02 16.15708 14 14 40.30 +85 31 01.0          11.4 Ro~0p6H071
a7943K12D14A  C2013 02 16.15735 14 14 51.02 +85 31 20.3          11.4 Ro~0p6H071
a7943K12D14A  C2013 02 16.15762 14 15 01.64 +85 31 39.7          11.4 Ro~0p6H071
a7943K12D14A  C2013 02 16.15788 14 15 12.46 +85 31 59.2          11.4 Ro~0p6H071
a7943K12D14A  C2013 02 16.15818 14 15 24.57 +85 32 20.8          11.4 Ro~0p6H071
a7943K12D14A  C2013 02 16.15845 14 15 35.56 +85 32 40.0          11.5 Ro~0p6H071
a7943K12D14A  C2013 02 16.15872 14 15 46.12 +85 32 58.9          11.4 Ro~0p6H071
a7943K12D14A  C2013 02 16.15899 14 15 56.86 +85 33 18.2          11.5 Ro~0p6H071
a7943K12D14A  C2013 02 16.15926 14 16 07.69 +85 33 37.1          11.4 Ro~0p6H071
a7943K12D14A  C2013 02 16.15953 14 16 18.76 +85 33 56.3          11.4 Ro~0p6H071
a7943K12D14A  C2013 02 16.15979 14 16 29.34 +85 34 15.2          11.4 Ro~0p6H071
a7943K12D14A  C2013 02 16.16006 14 16 40.34 +85 34 33.8          11.4 Ro~0p6H071
a7943K12D14A  C2013 02 16.16032 14 16 51.09 +85 34 52.8          11.5 Ro~0p6H071
a7943K12D14A  C2013 02 16.16059 14 17 01.88 +85 35 11.4          11.4 Ro~0p6H071
a7943K12D14A  C2013 02 16.16138 14 17 33.83 +85 36 06.1          11.4 Ro~0p6H071
a7943K12D14A  C2013 02 16.16164 14 17 44.87 +85 36 24.4          11.4 Ro~0p6H071
a7943K12D14A  C2013 02 16.16191 14 17 55.59 +85 36 43.2          11.4 Ro~0p6H071
a7943K12D14A  C2013 02 16.16218 14 18 06.62 +85 37 01.5          11.4 Ro~0p6H071
a7943K12D14A  C2013 02 16.16245 14 18 17.57 +85 37 20.2          11.4 Ro~0p6H071
a7943K12D14A  C2013 02 16.16272 14 18 28.54 +85 37 38.3          11.4 Ro~0p6H071
a7943K12D14A  C2013 02 16.16299 14 18 39.84 +85 37 57.1          11.5 Ro~0p6H071
a7943K12D14A  C2013 02 16.16326 14 18 50.87 +85 38 15.3          11.4 Ro~0p6H071
a7943K12D14A  C2013 02 16.16353 14 19 02.04 +85 38 33.7          11.4 Ro~0p6H071
a7943K12D14A  C2013 02 16.16398 14 19 20.59 +85 39 04.5          11.4 Ro~0p6H071
a7943K12D14A  C2013 02 16.16425 14 19 31.67 +85 39 22.6          11.4 Ro~0p6H071
a7943K12D14A  C2013 02 16.16451 14 19 42.71 +85 39 40.6          11.4 Ro~0p6H071
a7943K12D14A  C2013 02 16.16478 14 19 53.85 +85 39 58.6          11.4 Ro~0p6H071
a7943K12D14A  C2013 02 16.16506 14 20 05.17 +85 40 17.1          11.4 Ro~0p6H071
a7943K12D14A  C2013 02 16.16532 14 20 16.38 +85 40 35.1          11.4 Ro~0p6H071
a7943K12D14A  C2013 02 16.16560 14 20 27.84 +85 40 53.4          11.5 Ro~0p6H071
a7943K12D14A  C2013 02 16.16589 14 20 39.77 +85 41 12.5          11.5 Ro~0p6H071
a7943K12D14A  C2013 02 16.16617 14 20 51.20 +85 41 30.7          11.5 Ro~0p6H071
a7943K12D14A  C2013 02 16.16645 14 21 02.98 +85 41 49.6          11.4 Ro~0p6H071
a7943K12D14A  C2013 02 16.16675 14 21 15.48 +85 42 09.1          11.4 Ro~0p6H071
a7943K12D14A  C2013 02 16.16701 14 21 26.93 +85 42 26.8          11.5 Ro~0p6H071
a7943K12D14A  C2013 02 16.16729 14 21 37.94 +85 42 44.2          11.5 Ro~0p6H071
a7943K12D14A  C2013 02 16.16756 14 21 49.14 +85 43 02.1          11.5 Ro~0p6H071
a7943K12D14A  C2013 02 16.16782 14 22 00.47 +85 43 19.4          11.5 Ro~0p6H071
a7943K12D14A  C2013 02 16.16809 14 22 11.44 +85 43 36.6          11.5 Ro~0p6H071
a7943K12D14A  C2013 02 16.16836 14 22 22.77 +85 43 54.0          11.5 Ro~0p6H071
a7943K12D14A  C2013 02 16.16862 14 22 34.02 +85 44 11.0          11.5 Ro~0p6H071
a7943K12D14A  C2013 02 16.16889 14 22 45.32 +85 44 28.5          11.5 Ro~0p6H071
a7943K12D14A  C2013 02 16.16917 14 22 56.58 +85 44 45.9          11.5 Ro~0p6H071
a7943K12D14A  C2013 02 16.16948 14 23 10.16 +85 45 06.3          11.5 Ro~0p6H071
a7943K12D14A  C2013 02 16.16975 14 23 21.57 +85 45 23.4          11.5 Ro~0p6H071
a7943K12D14A  C2013 02 16.17001 14 23 32.70 +85 45 40.3          11.5 Ro~0p6H071
a7943K12D14A  C2013 02 16.17028 14 23 44.01 +85 45 57.3          11.5 Ro~0p6H071
a7943K12D14A  C2013 02 16.17054 14 23 55.30 +85 46 13.8          11.5 Ro~0p6H071
a7943K12D14A  C2013 02 16.17082 14 24 06.59 +85 46 31.0          11.5 Ro~0p6H071
a7943K12D14A  C2013 02 16.17109 14 24 17.96 +85 46 48.0          11.5 Ro~0p6H071
a7943K12D14A  C2013 02 16.17135 14 24 29.68 +85 47 04.9          11.5 Ro~0p6H071
a7943K12D14A  C2013 02 16.17162 14 24 41.07 +85 47 21.8          11.5 Ro~0p6H071
a7943K12D14A  C2013 02 16.17190 14 24 52.60 +85 47 38.6          11.5 Ro~0p6H071
a7943K12D14A  C2013 02 16.17244 14 25 15.79 +85 48 12.7          11.5 Ro~0p6H071
a7943K12D14A  C2013 02 16.17271 14 25 27.24 +85 48 29.2          11.5 Ro~0p6H071
a7943K12D14A  C2013 02 16.17297 14 25 38.68 +85 48 45.4          11.5 Ro~0p6H071
a7943K12D14A  C2013 02 16.17324 14 25 50.17 +85 49 02.1          11.5 Ro~0p6H071
a7943K12D14A  C2013 02 16.17352 14 26 01.70 +85 49 18.7          11.5 Ro~0p6H071
a7943K12D14A  C2013 02 16.17378 14 26 13.33 +85 49 34.9          11.5 Ro~0p6H071
a7943K12D14A  C2013 02 16.17405 14 26 24.91 +85 49 51.3          11.5 Ro~0p6H071
a7943K12D14A  C2013 02 16.17432 14 26 36.50 +85 50 07.6          11.5 Ro~0p6H071
a7943K12D14A  C2013 02 16.17458 14 26 47.79 +85 50 23.8          11.5 Ro~0p6H071
a7943K12D14A  C2013 02 16.17485 14 26 59.31 +85 50 40.1          11.6 Ro~0p6H071
a7943K12D14A  C2013 02 16.17545 14 27 24.94 +85 51 15.7          11.5 Ro~0p6H071
a7943K12D14A  C2013 02 16.17572 14 27 36.58 +85 51 31.9          11.6 Ro~0p6H071
a7943K12D14A  C2013 02 16.17598 14 27 48.65 +85 51 48.3          11.6 Ro~0p6H071
a7943K12D14A  C2013 02 16.17625 14 27 59.87 +85 52 03.8          11.5 Ro~0p6H071
a7943K12D14A  C2013 02 16.17653 14 28 11.66 +85 52 20.4          11.6 Ro~0p6H071
a7943K12D14A  C2013 02 16.17679 14 28 23.67 +85 52 36.0          11.7 Ro~0p6H071
a7943K12D14A  C2013 02 16.17706 14 28 34.88 +85 52 52.2          11.6 Ro~0p6H071
a7943K12D14A  C2013 02 16.17734 14 28 46.89 +85 53 08.3          11.6 Ro~0p6H071
a7943K12D14A  C2013 02 16.17760 14 28 58.70 +85 53 23.6          11.6 Ro~0p6H071
a7943K12D14A  C2013 02 16.17787 14 29 10.44 +85 53 39.3          11.7 Ro~0p6H071
a7943K12D14A  C2013 02 16.17814 14 29 21.88 +85 53 55.2          11.6 Ro~0p6H071
a7943K12D14A  C2013 02 16.17841 14 29 33.71 +85 54 10.9          11.6 Ro~0p6H071
a7943K12D14A  C2013 02 16.17868 14 29 45.43 +85 54 26.2          11.7 Ro~0p6H071
a7943K12D14A  C2013 02 16.17895 14 29 57.39 +85 54 41.9          11.6 Ro~0p6H071
a7943K12D14A  C2013 02 16.17921 14 30 08.96 +85 54 57.1          11.6 Ro~0p6H071
a7943K12D14A  C2013 02 16.17948 14 30 20.90 +85 55 12.7          11.6 Ro~0p6H071
a7943K12D14A  C2013 02 16.17975 14 30 32.76 +85 55 28.1          11.7 Ro~0p6H071
a7943K12D14A  C2013 02 16.18001 14 30 44.17 +85 55 43.3          11.7 Ro~0p6H071
a7943K12D14A  C2013 02 16.18028 14 30 55.76 +85 55 58.7          11.6 Ro~0p6H071
a7943K12D14A  C2013 02 16.18056 14 31 07.79 +85 56 13.9          11.7 Ro~0p6H071
a7943K12D14A  C2013 02 16.18110 14 31 32.03 +85 56 45.0          11.7 Ro~0p6H071
a7943K12D14A  C2013 02 16.18137 14 31 44.01 +85 57 00.0          11.7 Ro~0p6H071
a7943K12D14A  C2013 02 16.18163 14 31 55.54 +85 57 15.0          11.7 Ro~0p6H071
a7943K12D14A  C2013 02 16.18190 14 32 07.55 +85 57 30.0          11.7 Ro~0p6H071
a7943K12D14A  C2013 02 16.18216 14 32 19.47 +85 57 45.0          11.7 Ro~0p6H071
a7943K12D14A  C2013 02 16.18243 14 32 31.30 +85 58 00.1          11.7 Ro~0p6H071
a7943K12D14A  C2013 02 16.18271 14 32 43.51 +85 58 14.9          11.8 Ro~0p6H071
a7943K12D14A  C2013 02 16.18297 14 32 55.27 +85 58 29.5          11.7 Ro~0p6H071
a7943K12D14A  C2013 02 16.18324 14 33 07.30 +85 58 44.2          11.7 Ro~0p6H071
a7943K12D14A  C2013 02 16.18351 14 33 19.03 +85 58 59.2          11.7 Ro~0p6H071
a7943K12D14A  C2013 02 16.18377 14 33 31.09 +85 59 13.9          11.7 Ro~0p6H071
a7943K12D14A %C2013 02 16.48399 19 42 40.51 +86 07 46.0          14.3 Ro~0p6HH06
a7943K12D14A %C2013 02 16.48626 19 43 27.62 +86 07 48.3          14.4 Ro~0p6HH06
a7943K12D14A %C2013 02 16.48852 19 44 14.13 +86 07 49.7          14.4 Ro~0p6HH06
a7943K12D14A %C2013 02 16.49135 19 45 10.61 +86 07 51.0          14.3 Ro~0p6HH06
a7943K12D14A IC2013 02 16.51908 19 53 17.38 +86 07 43.3          14.7 Vq~0p6HH06
a7943K12D14A IC2013 02 16.52013 19 53 33.48 +86 07 42.7          14.6 Vq~0p6HH06
a7943K12D14A IC2013 02 16.52120 19 53 50.14 +86 07 41.2          14.7 Vq~0p6HH06
a7943K12D14A IC2013 02 16.52233 19 54 06.95 +86 07 39.7          14.7 Vq~0p6HH06
a7943K12D14A IC2013 02 16.52348 19 54 24.07 +86 07 38.5          14.6 Vq~0p6HH06
a7943K12D14A IC2013 02 16.52453 19 54 39.43 +86 07 37.2          14.7 Vq~0p6HH06
a7943K12D14A  C2013 02 16.61378 20 01 11.95 +84 56 02.5          14.9 Vu~0p6HD95
a7943K12D14A  C2013 02 16.61455 20 01 29.61 +84 55 59.4          15.0 Vu~0p6HD95
a7943K12D14A  C2013 02 16.61467 20 01 32.77 +84 55 58.8          15.0 Vu~0p6HD95
a7943K12D14A  C2013 02 16.61519 20 01 44.24 +84 55 56.7          14.8 Vu~0p6HD95
a7943K12D14A  C2013 02 16.63023 20 07 18.92 +84 54 59.7          15.1 Vu~0p6HD95
a7943K12D14A  C2013 02 16.63038 20 07 22.44 +84 54 59.1          15.6 Vu~0p6HD95
a7943K12D14A  C2013 02 16.63053 20 07 25.50 +84 54 58.5          15.5 Vu~0p6HD95
a7943K12D14A 1C2013 02 16.68201219 47 49.095+85 01 57.02         14.35 q~0pOR084
a7943K12D14A 1C2013 02 16.68238419 47 54.714+85 01 51.81         14.22 q~0pOR084
a7943K12D14A 1C2013 02 16.68275819 48 03.324+85 01 44.09         15.47 q~0pOR084
a7943K12D14A 1C2013 02 16.68313219 48 09.121+85 01 38.68         14.33 q~0pOR084
a7943K12D14A 1C2013 02 16.68350819 48 15.849+85 01 32.58         14.42 q~0pOR084
a7943K12D14A 1C2013 02 16.68388319 48 22.607+85 01 26.20         14.48 q~0pOR084
a7943K12D14A 1C2013 02 16.68425619 48 29.185+85 01 19.98         14.47 q~0pOR084
a7943K12D14A 1C2013 02 16.68462819 48 35.645+85 01 14.27         14.26 q~0pOR084
a7943K12D14A 1C2013 02 16.68649619 49 09.601+85 00 42.68         14.34 q~0pOR084
a7943K12D14A 1C2013 02 16.68686919 49 16.010+85 00 37.35         14.37 q~0pOR084
a7943K12D14A 1C2013 02 16.68724219 49 22.334+85 00 31.59         15.16 q~0pOR084
a7943K12D14A 1C2013 02 16.68761519 49 28.677+85 00 25.34         14.99 q~0pOR084
a7943K12D14A 1C2013 02 16.68836319 49 43.293+85 00 11.87         14.22 q~0pOR084
a7943K12D14A 1C2013 02 16.69023019 50 16.034+84 59 41.91         14.25 q~0pOR084
a7943K12D14A 1C2013 02 16.69060419 50 22.472+84 59 36.12         14.21 q~0pOR084
a7943K12D14A 1C2013 02 16.69097819 50 29.092+84 59 29.93         14.38 q~0pOR084
a7943K12D14A 1C2013 02 16.69135119 50 35.431+84 59 23.88         14.24 q~0pOR084
a7943K12D14A 1C2013 02 16.69172519 50 41.961+84 59 18.09         14.26 q~0pOR084
a7943K12D14A 1C2013 02 16.69209719 50 48.459+84 59 11.96         14.25 q~0pOR084
a7943K12D14A 1C2013 02 16.69247119 50 55.104+84 59 05.94         14.32 q~0pOR084
a7943K12D14A 1C2013 02 16.69284319 51 01.663+84 58 59.92         14.17 q~0pOR084
a7943K12D14A 1C2013 02 16.69321819 51 08.029+84 58 53.88         14.15 q~0pOR084
a7943K12D14A 1C2013 02 16.69360919 51 15.297+84 58 47.48         14.40 q~0pOR084
a7943K12D14A 1C2013 02 16.69398119 51 21.838+84 58 41.49         14.27 q~0pOR084
a7943K12D14A 1C2013 02 16.69435519 51 28.149+84 58 35.59         14.26 q~0pOR084
a7943K12D14A 1C2013 02 16.69472719 51 34.900+84 58 29.19         14.32 q~0pOR084
a7943K12D14A 1C2013 02 16.69510219 51 41.419+84 58 23.21         14.22 q~0pOR084
a7943K12D14A 1C2013 02 16.69547519 51 47.883+84 58 17.63         14.23 q~0pOR084
a7943K12D14A 1C2013 02 16.69584919 51 54.396+84 58 11.36         14.31 q~0pOR084
a7943K12D14A 1C2013 02 16.69622319 52 01.072+84 58 05.12         14.25 q~0pOR084
a7943K12D14A 1C2013 02 16.69659619 52 07.599+84 57 59.36         14.27 q~0pOR084
a7943K12D14A 1C2013 02 16.69696819 52 14.050+84 57 53.39         14.28 q~0pOR084
a7943K12D14A 1C2013 02 16.69734219 52 20.491+84 57 47.34         14.21 q~0pOR084
a7943K12D14A 1C2013 02 16.69771719 52 26.717+84 57 41.56         14.22 q~0pOR084
a7943K12D14A 1C2013 02 16.69809019 52 33.472+84 57 35.41         14.31 q~0pOR084
a7943K12D14A 1C2013 02 16.69846419 52 40.288+84 57 29.53         14.33 q~0pOR084
a7943K12D14A 1C2013 02 16.69883819 52 46.513+84 57 23.80         14.23 q~0pOR084
a7943K12D14A 1C2013 02 16.69921019 52 52.888+84 57 17.78         14.06 q~0pOR084
a7943K12D14A 1C2013 02 16.69995719 53 05.994+84 57 05.69         14.11 q~0pOR084
a7943K12D14A 1C2013 02 16.70033219 53 12.475+84 56 59.75         14.07 q~0pOR084
a7943K12D14A 1C2013 02 16.70070519 53 18.684+84 56 54.30         14.19 q~0pOR084
a7943K12D14A 1C2013 02 16.70107919 53 25.120+84 56 48.10         14.38 q~0pOR084
a7943K12D14A 1C2013 02 16.70145419 53 31.725+84 56 42.23         14.05 q~0pOR084
a7943K12D14A 1C2013 02 16.70182619 53 38.079+84 56 36.11         14.21 q~0pOR084
a7943K12D14A 1C2013 02 16.70220119 53 44.384+84 56 30.86         14.38 q~0pOR084
a7943K12D14A KC2013 02 16.74837 20 02 14.90 +84 39 31.4          16.3 Vq~0p6HC73
a7943K12D14A KC2013 02 16.75132 20 03 05.46 +84 38 47.8          16.3 Vq~0p6HC73
a7943K12D14A KC2013 02 16.75213 20 03 19.16 +84 38 35.6          16.3 Vq~0p6HC73
a7943K12D14A KC2013 02 16.75293 20 03 33.69 +84 38 23.4          16.6 Vq~0p6HC73
a7943K12D14A KC2013 02 16.75373 20 03 48.43 +84 38 10.8          16.7 Vq~0p6HC73
a7943K12D14A KC2013 02 16.75453 20 04 01.29 +84 37 59.7          16.6 Vq~0p6HC73
a7943K12D14A KC2013 02 16.75533 20 04 13.86 +84 37 48.4          16.3 Vq~0p6HC73
a7943K12D14A KC2013 02 16.75613 20 04 28.07 +84 37 36.0          16.6 Vq~0p6HC73
a7943K12D14A KC2013 02 16.75693 20 04 42.16 +84 37 24.3          16.7 Vq~0p6HC73
a7943K12D14A KC2013 02 16.75774 20 04 56.40 +84 37 12.0          16.5 Vq~0p6HC73
a7943K12D14A KC2013 02 16.75854 20 05 09.24 +84 37 00.4          16.9 Vq~0p6HC73
a7943K12D14A KC2013 02 16.75934 20 05 25.74 +84 36 47.5          16.9 Vq~0p6HC73
a7943K12D14A KC2013 02 16.76014 20 05 39.08 +84 36 36.2          16.7 Vq~0p6HC73
a7943K12D14A KC2013 02 16.76094 20 05 52.31 +84 36 24.8          16.8 Vq~0p6HC73
a7943K12D14A KC2013 02 16.76174 20 06 05.10 +84 36 13.6          16.9 Vq~0p6HC73
a7943K12D14A KC2013 02 16.76255 20 06 17.95 +84 36 02.4          16.7 Vq~0p6HC73
a7943K12D14A KC2013 02 16.76334 20 06 31.53 +84 35 51.4          16.6 Vq~0p6HC73
a7943K12D14A KC2013 02 16.76444 20 06 51.40 +84 35 34.3          16.8 Vq~0p6HC73
a7943K12D14A KC2013 02 16.76662 20 07 27.07 +84 35 04.5          17.0 Vq~0p6HC73
a7943K12D14A KC2013 02 16.76743 20 07 40.58 +84 34 53.1          17.0 Vq~0p6HC73
a7943K12D14A KC2013 02 16.76795 20 02 35.46 +84 41 06.4          15.5 Rq~0p6H204
a7943K12D14A KC2013 02 16.76823 20 07 51.72 +84 34 44.2          16.9 Vq~0p6HC73
a7943K12D14A KC2013 02 16.76903 20 08 06.61 +84 34 31.5          16.8 Vq~0p6HC73
a7943K12D14A KC2013 02 16.76968 20 03 03.12 +84 40 37.6                q~0p6H204
a7943K12D14A KC2013 02 16.76983 20 08 19.81 +84 34 20.4          17.1 Vq~0p6HC73
a7943K12D14A KC2013 02 16.77063 20 08 34.11 +84 34 08.6          16.8 Vq~0p6HC73
a7943K12D14A KC2013 02 16.77142 20 03 30.70 +84 40 09.0                q~0p6H204
a7943K12D14A KC2013 02 16.77183 20 08 54.12 +84 33 52.1          16.7 Vq~0p6HC73
a7943K12D14A KC2013 02 16.77223 20 08 58.15 +84 33 49.0          16.5 Vq~0p6HC73
a7943K12D14A KC2013 02 16.77304 20 09 12.31 +84 33 37.2          16.6 Vq~0p6HC73
a7943K12D14A KC2013 02 16.77315 20 03 58.25 +84 39 40.6                q~0p6H204
a7943K12D14A KC2013 02 16.77384 20 09 25.40 +84 33 26.6          16.7 Vq~0p6HC73
a7943K12D14A KC2013 02 16.77464 20 09 39.21 +84 33 14.7          16.7 Vq~0p6HC73
a7943K12D14A KC2013 02 16.77472 20 04 22.91 +84 39 15.1                q~0p6H204
a7943K12D14A KC2013 02 16.77544 20 09 51.78 +84 33 04.2          16.5 Vq~0p6HC73
a7943K12D14A KC2013 02 16.77624 20 10 06.19 +84 32 52.6          16.7 Vq~0p6HC73
a7943K12D14A KC2013 02 16.77704 20 10 18.57 +84 32 42.4          16.6 Vq~0p6HC73
a7943K12D14A KC2013 02 16.77785 20 10 32.36 +84 32 32.5          16.4 Vq~0p6HC73
a7943K12D14A KC2013 02 16.77865 20 10 45.80 +84 32 21.3          16.4 Vq~0p6HC73
a7943K12D14A  C2013 02 16.77917 20 05 46.54 +84 36 41.6          14.7 Vi~0p6HC91
a7943K12D14A  C2013 02 16.78125 20 06 19.68 +84 36 08.7          14.7 Vi~0p6HC91
a7943K12D14A  C2013 02 16.78194 20 06 30.95 +84 35 57.8          14.7 Vi~0p6HC91
a7943K12D14A  C2013 02 16.78264 20 06 41.91 +84 35 46.9          14.7 Vi~0p6HC91
a7943K12D14A  C2013 02 16.78333 20 06 52.91 +84 35 36.0          14.7 Vi~0p6HC91
a7943K12D14A  C2013 02 16.78403 20 07 03.80 +84 35 25.5          14.7 Vi~0p6HC91
a7943K12D14A  C2013 02 16.78472 20 07 14.99 +84 35 14.9          14.7 Vi~0p6HC91
a7943K12D14A  C2013 02 16.78542 20 07 26.02 +84 35 04.0          14.7 Vi~0p6HC91
a7943K12D14A KC2013 02 16.79903 20 16 13.22 +84 28 01.4          16.5 Vq~0p6HC73
a7943K12D14A KC2013 02 16.79983 20 16 25.82 +84 27 51.6          16.5 Vq~0p6HC73
a7943K12D14A KC2013 02 16.80064 20 16 38.99 +84 27 41.6          16.5 Vq~0p6HC73
a7943K12D14A KC2013 02 16.80144 20 16 51.24 +84 27 32.4          16.6 Vq~0p6HC73
a7943K12D14A KC2013 02 16.80223 20 17 03.19 +84 27 23.3          16.4 Vq~0p6HC73
a7943K12D14A KC2013 02 16.80304 20 17 16.07 +84 27 13.6          16.4 Vq~0p6HC73
a7943K12D14A KC2013 02 16.80384 20 17 28.33 +84 27 03.9          16.4 Vq~0p6HC73
a7943K12D14A KC2013 02 16.80464 20 17 41.93 +84 26 53.6          16.5 Vq~0p6HC73
a7943K12D14A KC2013 02 16.80544 20 17 54.05 +84 26 44.5          16.4 Vq~0p6HC73
a7943K12D14A KC2013 02 16.80624 20 18 06.80 +84 26 34.9          16.3 Vq~0p6HC73
a7943K12D14A KC2013 02 16.80704 20 18 18.66 +84 26 25.7          16.5 Vq~0p6HC73
a7943K12D14A KC2013 02 16.80784 20 18 31.30 +84 26 16.2          16.5 Vq~0p6HC73
a7943K12D14A KC2013 02 16.80865 20 18 43.21 +84 26 07.6          16.6 Vq~0p6HC73
a7943K12D14A  C2013 02 16.81209 20 09 33.91 +84 34 03.9          15.6 Rc~0p6HJ38
a7943K12D14A  C2013 02 16.81321 20 09 49.99 +84 33 45.8          15.6 Rc~0p6HJ38
a7943K12D14A  C2013 02 16.81368 20 09 56.75 +84 33 38.2          15.5 Rc~0p6HJ38
a7943K12D14A  C2013 02 16.81479 20 10 12.78 +84 33 20.2          15.5 Rc~0p6HJ38
a7943K12D14A  C2013 02 16.81527 20 10 19.70 +84 33 12.4          15.6 Rc~0p6HJ38
a7943K12D14A  C2013 02 16.81543 20 10 22.05 +84 33 09.8          15.5 Rc~0p6HJ38
a7943K12D14A  C2013 02 16.82565 20 12 48.43 +84 30 27.4          15.3 Rc~0p6HJ38
a7943K12D14A  C2013 02 16.82639 20 17 43.80 +84 25 21.4          14.8 Ru~0p6H104
a7943K12D14A  C2013 02 16.82644 20 12 59.58 +84 30 15.2          15.4 Rc~0p6HJ38
a7943K12D14A  C2013 02 16.82672 20 13 03.63 +84 30 10.9          15.3 Rc~0p6HJ38
a7943K12D14A  C2013 02 16.82685 20 13 05.41 +84 30 08.8          15.4 Rc~0p6HJ38
a7943K12D14A  C2013 02 16.82741 20 13 13.24 +84 30 00.4          15.4 Rc~0p6HJ38
a7943K12D14A  C2013 02 16.82796 20 13 21.21 +84 29 51.7          15.3 Rc~0p6HJ38
a7943K12D14A  C2013 02 16.82915 20 13 37.94 +84 29 33.5          15.3 Rc~0p6HJ38
a7943K12D14A  C2013 02 16.83034 20 13 54.70 +84 29 15.5          15.3 Rc~0p6HJ38
a7943K12D14A  C2013 02 16.83232 20 14 22.88 +84 28 45.1          15.2 Rc~0p6HJ38
a7943K12D14A  C2013 02 16.83284 20 14 30.31 +84 28 37.1          15.2 Rc~0p6HJ38
a7943K12D14A  C2013 02 16.83317820 52 23.65 +84 48 51.6          15.2 Ro~0p6H300
a7943K12D14A  C2013 02 16.83390 20 14 45.07 +84 28 21.1          15.3 Rc~0p6HJ38
a7943K12D14A  C2013 02 16.83448120 52 31.97 +84 48 53.2          15.2 Ro~0p6H300
a7943K12D14A  C2013 02 16.83456 20 14 54.39 +84 28 11.1          15.1 Rc~0p6HJ38
a7943K12D14A  C2013 02 16.83574 20 15 11.13 +84 27 53.1          15.4 Rc~0p6HJ38
a7943K12D14A  C2013 02 16.83648120 52 44.43 +84 48 55.7          15.2 Ro~0p6H300
a7943K12D14A  C2013 02 16.83945820 53 02.30 +84 48 59.7          15.3 Ro~0p6H300
a7943K12D14A  C2013 02 16.84065020 53 09.43 +84 49 00.9          15.2 Ro~0p6H300
a7943K12D14A  C2013 02 16.84244720 53 19.73 +84 49 03.2          15.2 Ro~0p6H300
a7943K12D14A  C2013 02 16.84333620 53 24.73 +84 49 04.2          15.1 Ro~0p6H300
a7943K12D14A  C2013 02 16.84407420 53 28.95 +84 49 05.1          15.1 Ro~0p6H300
a7943K12D14A  C2013 02 16.84518620 53 35.17 +84 49 06.4          15.2 Ro~0p6H300
a7943K12D14A  C2013 02 16.84896 20 23 11.70 +84 20 40.7          14.7 Ru~0p6H104
a7943K12D14A  C2013 02 16.86989 20 28 03.84 +84 16 48.9          14.9 Ru~0p6H104
a7943K12D14A  C2013 02 16.96156 20 47 32.51 +84 05 52.7          14.8 Vu~0p6H595
a7943K12D14A  C2013 02 16.96271 20 47 44.53 +84 05 47.1          15.1 Vu~0p6H595
a7943K12D14A  C2013 02 16.96387 20 47 57.37 +84 05 41.3          14.8 Vu~0p6H595
a7943K12D14A KC2013 02 17.03486 20 55 15.27 +84 00 50.3                u~0p6HJ95
a7943K12D14A KC2013 02 17.03786 20 55 40.98 +84 00 39.4                u~0p6IJ95
a7943K12D14A KC2013 02 17.04156 20 56 12.24 +84 00 26.6          15.8 Ru~0p6IJ95
a7943K12D14A KC2013 02 17.13417 21 08 37.94 +83 56 28.1          15.4 Ru~0p6I958
a7943K12D14A KC2013 02 17.13684 21 08 53.11 +83 56 29.5          15.4 Ru~0p6I958
a7943K12D14A KC2013 02 17.13818 21 09 00.70 +83 56 30.3          15.4 Ru~0p6I958
a7943K12D14A KC2013 02 17.13951 21 09 08.09 +83 56 31.1          15.6 Ru~0p6I958
a7943K12D14A KC2013 02 17.14085 21 09 15.62 +83 56 31.9          15.5 Ru~0p6I958
a7943K12D14A KC2013 02 17.14218 21 09 22.78 +83 56 32.9          15.6 Ru~0p6I958
a7943K12D14A KC2013 02 17.14351 21 09 30.10 +83 56 34.0          15.5 Ru~0p6I958
a7943K12D14A KC2013 02 17.14484 21 09 37.30 +83 56 34.6          15.6 Ru~0p6I958
a7943K12D14A KC2013 02 17.14885 21 09 58.72 +83 56 37.9          15.7 Ru~0p6I958
a7943K12D14A KC2013 02 17.15019 21 10 05.55 +83 56 39.0          15.7 Ru~0p6I958
a7943K12D14A KC2013 02 17.15155 21 10 12.48 +83 56 40.1          15.7 Ru~0p6I958
a7943K12D14A KC2013 02 17.15290 21 10 19.44 +83 56 41.4          15.7 Ru~0p6I958
a7943K12D14A KC2013 02 17.15424 21 10 26.12 +83 56 42.6          15.9 Ru~0p6I958
a7943K12D14A KC2013 02 17.15560 21 10 33.10 +83 56 43.8          15.7 Ru~0p6I958
a7943K12D14A KC2013 02 17.15695 21 10 39.73 +83 56 45.2          16.0 Ru~0p6I958
a7943K12D14A  C2013 02 17.58901 21 08 56.73 +83 25 59.0          16.7   ~0qkq168
a7943K12D14A  C2013 02 17.59179 21 09 04.34 +83 25 35.7          17.2   ~0qkq168
a7943K12D14A  C2013 02 17.59365 21 09 08.99 +83 25 20.5          17.0   ~0qkq168
a7943K12D14A  C2013 02 17.60105 21 09 28.57 +83 24 20.0          16.7   ~0qkq168
a7943K12D14A  C2013 02 17.60313 21 09 35.00 +83 24 03.6          16.4   ~0qkq168
a7943K12D14A  C2013 02 17.60730 21 09 45.79 +83 23 29.7          16.5   ~0qkq168
a7943K12D14A  C2013 02 17.61702 21 10 13.55 +83 22 12.0          16.6   ~0qkq168
a7943K12D14A  C2013 02 17.61795 21 10 16.28 +83 22 04.8          16.5   ~0qkq168
a7943K12D14A  C2013 02 17.62310 21 10 31.22 +83 21 24.4          16.5   ~0qkq168
a7943K12D14A  C2013 02 17.63878 21 11 19.64 +83 19 25.3          16.1   ~0qkq168
a7943K12D14A  C2013 02 17.64144 21 11 27.03 +83 19 05.2          16.3   ~0qkq168
a7943K12D14A  C2013 02 17.71459 21 15 34.27 +83 11 06.9          16.8   ~0qkq168
a7943K12D14A  C2013 02 17.72981 21 16 28.95 +83 09 45.1          17.0   ~0qkq168
a7943K12D14A KC2013 02 17.75743 21 13 20.75 +83 14 05.1          16.4 Vu~0p6IB86
a7943K12D14A KC2013 02 17.75977 21 13 26.73 +83 13 46.9          16.5 Vu~0p6IB86
a7943K12D14A KC2013 02 17.76211 21 13 32.66 +83 13 29.0          16.5 Vu~0p6IB86
a7943K12D14A  C2013 02 17.78798 21 20 00.32 +83 05 28.5          16.7   ~0qkq168
a7943K12D14A  C2013 02 17.78913 21 20 04.59 +83 05 24.6          16.7   ~0qkq168
a7943K12D14A  C2013 02 17.79028 21 20 08.70 +83 05 20.4          16.7   ~0qkq168
a7943K12D14A  C2013 02 17.79260 21 20 17.09 +83 05 12.5          16.7   ~0qkq168
a7943K12D14A KC2013 02 17.81952 21 16 19.05 +83 06 42.7          16.7 Vu~0p6IB86
a7943K12D14A KC2013 02 17.82337 21 16 31.36 +83 06 18.0          16.8 Vu~0p6IB86
a7943K12D14A KC2013 02 17.83110 21 16 56.20 +83 05 29.8          16.6 Vu~0p6IB86
a7943K12D14A  C2013 02 17.83227 21 16 37.11 +83 03 41.6          16.2 Ru~0p6I104
a7943K12D14A  C2013 02 17.83475 21 16 46.38 +83 03 25.8          16.1 Ru~0p6I104
a7943K12D14A  C2013 02 17.84219 21 17 13.78 +83 02 40.1          16.1 Ru~0p6I104
a7943K12D14A  C2013 02 17.87819 21 25 07.91 +83 01 53.1          16.5   ~0qkq168
a7943K12D14A  C2013 02 17.87888 21 25 09.64 +83 01 52.8          16.6   ~0qkq168
a7943K12D14A  C2013 02 17.87975 21 25 12.61 +83 01 51.5          16.6   ~0qkq168
a7943K12D14A  C2013 02 17.88091 21 25 16.00 +83 01 50.1          16.8   ~0qkq168
a7943K12D14A  C2013 02 17.89485 21 20 28.71 +82 59 47.6          16.8 Vo~0p6IC60
a7943K12D14A  C2013 02 17.89527 21 20 30.51 +82 59 45.4          16.9 Vo~0p6IC60
a7943K12D14A  C2013 02 17.89573 21 20 32.15 +82 59 43.5          16.9 Vo~0p6IC60
a7943K12D14A  C2013 02 17.89619 21 20 33.72 +82 59 41.4          16.8 Vo~0p6IC60
a7943K12D14A  C2013 02 17.89666 21 20 35.42 +82 59 39.3          16.8 Vo~0p6IC60
a7943K12D14A  C2013 02 17.89722 21 20 37.35 +82 59 37.1          16.1 Ro~0p6IC60
a7943K12D14A  C2013 02 17.89769 21 20 39.14 +82 59 34.8          16.0 Ro~0p6IC60
a7943K12D14A  C2013 02 17.89815 21 20 40.75 +82 59 32.9          16.1 Ro~0p6IC60
a7943K12D14A  C2013 02 17.89861 21 20 42.26 +82 59 31.1          16.1 Ro~0p6IC60
a7943K12D14A  C2013 02 17.89907 21 20 43.98 +82 59 29.0          16.1 Ro~0p6IC60
a7943K12D14A  C2013 02 17.89954 21 20 45.57 +82 59 27.1          16.1 Ro~0p6IC60
a7943K12D14A  C2013 02 17.89999 21 20 47.21 +82 59 25.1          16.1 Ro~0p6IC60
a7943K12D14A  C2013 02 17.90045 21 20 48.89 +82 59 22.9          16.1 Ro~0p6IC60
a7943K12D14A  C2013 02 17.90091 21 20 50.49 +82 59 21.0          16.1 Ro~0p6IC60
a7943K12D14A  C2013 02 17.90138 21 20 52.16 +82 59 19.0          16.1 Ro~0p6IC60
a7943K12D14A  C2013 02 17.90184 21 20 53.77 +82 59 17.1          16.1 Ro~0p6IC60
a7943K12D14A  C2013 02 17.90230 21 20 55.40 +82 59 15.3          16.1 Ro~0p6IC60
a7943K12D14A KC2013 02 17.90236 21 20 05.13 +82 59 59.8          16.4 Vq~0p6IJ69
a7943K12D14A  C2013 02 17.90277 21 20 57.11 +82 59 13.4          16.1 Ro~0p6IC60
a7943K12D14A  C2013 02 17.90323 21 20 58.57 +82 59 11.2          16.2 Ro~0p6IC60
a7943K12D14A KC2013 02 17.90612 21 20 17.95 +82 59 42.1          16.8 Vq~0p6IJ69
a7943K12D14A KC2013 02 17.91740 21 20 57.12 +82 58 50.8          16.7 Vq~0p6IJ69
a7943K12D14A KC2013 02 17.92116 21 21 10.07 +82 58 34.2          16.2 Vq~0p6IJ69
a7943K12D14A  C2013 02 17.92493 21 22 15.90 +82 57 47.3          16.0 Ro~0p6IC60
a7943K12D14A  C2013 02 17.92632 21 22 20.96 +82 57 42.3          16.0 Ro~0p6IC60
a7943K12D14A  C2013 02 17.92677 21 22 22.43 +82 57 40.8          16.2 Ro~0p6IC60
a7943K12D14A  C2013 02 17.92723 21 22 24.08 +82 57 39.2          16.0 Ro~0p6IC60
a7943K12D14A  C2013 02 17.92770 21 22 25.67 +82 57 37.6          16.2 Ro~0p6IC60
a7943K12D14A  C2013 02 17.92816 21 22 26.85 +82 57 36.1          15.9 Ro~0p6IC60
a7943K12D14A  C2013 02 17.92862 21 22 28.73 +82 57 34.6          16.2 Ro~0p6IC60
a7943K12D14A  C2013 02 17.92907 21 22 30.72 +82 57 32.8          16.2 Ro~0p6IC60
a7943K12D14A  C2013 02 17.92954 21 22 32.29 +82 57 31.1          15.9 Ro~0p6IC60
a7943K12D14A  C2013 02 17.93000 21 22 33.97 +82 57 29.7          16.1 Ro~0p6IC60
a7943K12D14A  C2013 02 17.93046 21 22 35.41 +82 57 28.6          16.1 Ro~0p6IC60
a7943K12D14A  C2013 02 17.93138 21 22 38.88 +82 57 24.9          16.3 Ro~0p6IC60
a7943K12D14A  C2013 02 17.93184 21 22 40.35 +82 57 23.7          16.2 Ro~0p6IC60
a7943K12D14A  C2013 02 17.93230 21 22 41.94 +82 57 22.1          16.0 Ro~0p6IC60
a7943K12D14A  C2013 02 17.93277 21 22 43.72 +82 57 20.9          16.1 Ro~0p6IC60
a7943K12D14A  C2013 02 17.93323 21 22 44.94 +82 57 19.1          16.0 Ro~0p6IC60
a7943K12D14A  C2013 02 17.93369 21 22 46.91 +82 57 17.5          16.1 Ro~0p6IC60
a7943K12D14A  C2013 02 17.93414 21 22 48.49 +82 57 16.0          16.2 Ro~0p6IC60
a7943K12D14A  C2013 02 17.93461 21 22 50.18 +82 57 14.5          16.2 Ro~0p6IC60
a7943K12D14A  C2013 02 17.93507 21 22 51.73 +82 57 12.8          16.2 Ro~0p6IC60
a7943K12D14A  C2013 02 17.93553 21 22 53.53 +82 57 11.4          16.1 Ro~0p6IC60
a7943K12D14A  C2013 02 17.93600 21 22 55.02 +82 57 10.1          16.3 Ro~0p6IC60
a7943K12D14A  C2013 02 17.93645 21 22 56.79 +82 57 08.2          16.2 Ro~0p6IC60
a7943K12D14A  C2013 02 17.93691 21 22 58.18 +82 57 07.2          16.3 Ro~0p6IC60
a7943K12D14A  C2013 02 17.93737 21 22 59.93 +82 57 05.4          16.3 Ro~0p6IC60
a7943K12D14A  C2013 02 17.93784 21 23 01.42 +82 57 04.5          16.1 Ro~0p6IC60
a7943K12D14A  C2013 02 17.93830 21 23 03.19 +82 57 02.8          16.1 Ro~0p6IC60
a7943K12D14A  C2013 02 17.93875 21 23 04.52 +82 57 01.5          16.1 Ro~0p6IC60
a7943K12D14A  C2013 02 17.93921 21 23 06.68 +82 56 59.7          16.4 Ro~0p6IC60
a7943K12D14A  C2013 02 17.94106 21 23 12.95 +82 56 54.0          16.3 Ro~0p6IC60
a7943K12D14A  C2013 02 17.94250 21 23 17.95 +82 56 49.5          16.2 Ro~0p6IC60
a7943K12D14A  C2013 02 17.94296 21 23 19.49 +82 56 48.3          16.2 Ro~0p6IC60
a7943K12D14A  C2013 02 17.94343 21 23 21.04 +82 56 47.2          16.2 Ro~0p6IC60
a7943K12D14A  C2013 02 17.94389 21 23 23.00 +82 56 45.9          16.2 Ro~0p6IC60
a7943K12D14A  C2013 02 17.94481 21 23 26.19 +82 56 42.5          16.2 Ro~0p6IC60
a7943K12D14A  C2013 02 17.94528 21 23 27.74 +82 56 41.4          16.2 Ro~0p6IC60
a7943K12D14A  C2013 02 17.94574 21 23 29.38 +82 56 40.1          16.2 Ro~0p6IC60
a7943K12D14A  C2013 02 17.94620 21 23 31.02 +82 56 38.8          16.3 Ro~0p6IC60
a7943K12D14A  C2013 02 17.94667 21 23 32.72 +82 56 37.3          16.3 Ro~0p6IC60
a7943K12D14A  C2013 02 17.94713 21 23 34.26 +82 56 35.9          16.3 Ro~0p6IC60
a7943K12D14A  C2013 02 17.94804 21 23 37.51 +82 56 33.3          16.2 Ro~0p6IC60
a7943K12D14A  C2013 02 17.94851 21 23 39.13 +82 56 32.1          16.2 Ro~0p6IC60
a7943K12D14A  C2013 02 17.95497 21 24 01.73 +82 56 14.1          15.6 Ro~0p6IC60
a7943K12D14A  C2013 02 17.95543 21 24 03.41 +82 56 13.1          16.2 Ro~0p6IC60
a7943K12D14A  C2013 02 17.95588 21 24 04.90 +82 56 11.7          16.1 Ro~0p6IC60
a7943K12D14A  C2013 02 17.95634 21 24 06.57 +82 56 10.4          16.0 Ro~0p6IC60
a7943K12D14A  C2013 02 17.95681 21 24 08.12 +82 56 09.1          16.2 Ro~0p6IC60
a7943K12D14A  C2013 02 17.95727 21 24 09.82 +82 56 07.9          16.1 Ro~0p6IC60
a7943K12D14A  C2013 02 17.95773 21 24 11.32 +82 56 07.0          16.2 Ro~0p6IC60
a7943K12D14A  C2013 02 17.95819 21 24 13.12 +82 56 05.6          16.2 Ro~0p6IC60
a7943K12D14A  C2013 02 17.95865 21 24 14.54 +82 56 04.5          16.3 Ro~0p6IC60
a7943K12D14A  C2013 02 17.95911 21 24 16.13 +82 56 03.3          16.2 Ro~0p6IC60
a7943K12D14A  C2013 02 17.95957 21 24 17.87 +82 56 02.0          16.0 Ro~0p6IC60
a7943K12D14A  C2013 02 17.96003 21 24 19.53 +82 56 01.2          16.1 Ro~0p6IC60
a7943K12D14A  C2013 02 17.96050 21 24 20.87 +82 56 00.1          16.1 Ro~0p6IC60
a7943K12D14A  C2013 02 17.96096 21 24 22.54 +82 55 58.8          16.2 Ro~0p6IC60
a7943K12D14A  C2013 02 17.96141 21 24 24.24 +82 55 57.6          16.1 Ro~0p6IC60
a7943K12D14A  C2013 02 17.96188 21 24 25.94 +82 55 56.2          16.2 Ro~0p6IC60
a7943K12D14A  C2013 02 17.96234 21 24 27.36 +82 55 55.3          16.1 Ro~0p6IC60
a7943K12D14A  C2013 02 17.96280 21 24 28.97 +82 55 54.5          16.1 Ro~0p6IC60
a7943K12D14A  C2013 02 17.96326 21 24 30.53 +82 55 53.4          16.4 Ro~0p6IC60
a7943K12D14A  C2013 02 17.96373 21 24 32.18 +82 55 51.8          16.2 Ro~0p6IC60
a7943K12D14A  C2013 02 17.96418 21 24 33.73 +82 55 50.8          16.2 Ro~0p6IC60
a7943K12D14A  C2013 02 17.96464 21 24 35.49 +82 55 49.8          16.2 Ro~0p6IC60
a7943K12D14A  C2013 02 17.96510 21 24 36.87 +82 55 48.7          16.2 Ro~0p6IC60
a7943K12D14A  C2013 02 17.96557 21 24 38.48 +82 55 47.8          16.2 Ro~0p6IC60
a7943K12D14A  C2013 02 17.96603 21 24 40.03 +82 55 46.5          16.1 Ro~0p6IC60
a7943K12D14A  C2013 02 17.96649 21 24 41.73 +82 55 45.2          16.1 Ro~0p6IC60
a7943K12D14A  C2013 02 17.96696 21 24 43.46 +82 55 44.2          16.2 Ro~0p6IC60
a7943K12D14A  C2013 02 17.96742 21 24 44.82 +82 55 43.4          16.3 Ro~0p6IC60
a7943K12D14A  C2013 02 17.96787 21 24 46.44 +82 55 42.3          16.2 Ro~0p6IC60
a7943K12D14A  C2013 02 17.96833 21 24 48.03 +82 55 41.0          16.2 Ro~0p6IC60
a7943K12D14A  C2013 02 17.96880 21 24 49.64 +82 55 39.9          16.1 Ro~0p6IC60
a7943K12D14A  C2013 02 17.96926 21 24 51.15 +82 55 38.9          16.0 Ro~0p6IC60
a7943K12D14A  C2013 02 17.97019 21 24 54.57 +82 55 37.2          16.0 Ro~0p6IC60
a7943K12D14A  C2013 02 17.97064 21 24 56.09 +82 55 36.2          16.2 Ro~0p6IC60
a7943K12D14A  C2013 02 17.97110 21 24 57.51 +82 55 34.8          16.0 Ro~0p6IC60
a7943K12D14A  C2013 02 17.97156 21 24 59.05 +82 55 34.0          16.0 Ro~0p6IC60
a7943K12D14A  C2013 02 17.97203 21 25 00.66 +82 55 32.9          16.1 Ro~0p6IC60
a7943K12D14A  C2013 02 17.97249 21 25 02.41 +82 55 31.8          16.2 Ro~0p6IC60
a7943K12D14A  C2013 02 17.97294 21 25 03.87 +82 55 30.9          16.0 Ro~0p6IC60
a7943K12D14A  C2013 02 17.97340 21 25 05.41 +82 55 30.0          16.1 Ro~0p6IC60
a7943K12D14A  C2013 02 17.97387 21 25 07.02 +82 55 29.0          16.1 Ro~0p6IC60
a7943K12D14A  C2013 02 17.97433 21 25 08.59 +82 55 28.0          15.9 Ro~0p6IC60
a7943K12D14A IC2013 02 18.14261 21 21 31.77 +82 50 35.7          17.2 Vq~0p6IH06
a7943K12D14A IC2013 02 18.14714 21 21 45.58 +82 50 08.1          16.6 Vq~0p6IH06
a7943K12D14A IC2013 02 18.15169 21 21 59.65 +82 49 40.9          17.5 Vq~0p6IH06
a7943K12D14A IC2013 02 18.15622 21 22 14.19 +82 49 14.8          17.3 Vq~0p6IH06
a7943K12D14A 8C2013 02 18.51530 21 38 26.00 +82 46 10.6          16.1 Ro~0p6IH06
a7943K12D14A 8C2013 02 18.51608 21 38 26.48 +82 46 12.8          16.1 Ro~0p6IH06
a7943K12D14A 8C2013 02 18.51686 21 38 26.79 +82 46 15.0          16.2 Ro~0p6IH06
a7943K12D14A 8C2013 02 18.51763 21 38 27.47 +82 46 17.3          16.2 Ro~0p6IH06
a7943K12D14A 8C2013 02 18.51840 21 38 28.02 +82 46 19.4          16.2 Ro~0p6IH06
a7943K12D14A 8C2013 02 18.51918 21 38 28.49 +82 46 21.8          16.1 Ro~0p6IH06
a7943K12D14A 8C2013 02 18.51997 21 38 28.95 +82 46 23.9          16.1 Ro~0p6IH06
a7943K12D14A 8C2013 02 18.52074 21 38 29.66 +82 46 26.3          16.0 Ro~0p6IH06
a7943K12D14A 8C2013 02 18.52154 21 38 30.05 +82 46 28.5          16.1 Ro~0p6IH06
a7943K12D14A 8C2013 02 18.52235 21 38 30.52 +82 46 30.7          16.2 Ro~0p6IH06
a7943K12D14A 8C2013 02 18.52312 21 38 30.85 +82 46 33.0          16.2 Ro~0p6IH06
a7943K12D14A 8C2013 02 18.52390 21 38 31.38 +82 46 35.1          16.2 Ro~0p6IH06
a7943K12D14A 8C2013 02 18.52468 21 38 31.76 +82 46 37.3          16.1 Ro~0p6IH06
a7943K12D14A 8C2013 02 18.52545 21 38 32.19 +82 46 39.6          16.1 Ro~0p6IH06
a7943K12D14A 8C2013 02 18.52624 21 38 32.62 +82 46 41.8          16.1 Ro~0p6IH06
a7943K12D14A 8C2013 02 18.52701 21 38 32.89 +82 46 44.1          16.2 Ro~0p6IH06
a7943K12D14A 8C2013 02 18.52781 21 38 33.44 +82 46 46.4          16.1 Ro~0p6IH06
a7943K12D14A 8C2013 02 18.52861 21 38 33.75 +82 46 48.7          16.2 Ro~0p6IH06
a7943K12D14A 8C2013 02 18.52940 21 38 34.25 +82 46 51.0          16.0 Ro~0p6IH06
a7943K12D14A 8C2013 02 18.53020 21 38 34.62 +82 46 53.1          16.1 Ro~0p6IH06
a7943K12D14A 8C2013 02 18.53097 21 38 34.99 +82 46 55.4          16.1 Ro~0p6IH06
a7943K12D14A 8C2013 02 18.53175 21 38 35.24 +82 46 57.7          16.1 Ro~0p6IH06
a7943K12D14A 8C2013 02 18.53253 21 38 35.63 +82 46 59.7          15.9 Ro~0p6IH06
a7943K12D14A 8C2013 02 18.53331 21 38 35.95 +82 47 02.0          16.1 Ro~0p6IH06
a7943K12D14A 8C2013 02 18.53409 21 38 36.24 +82 47 04.4          16.0 Ro~0p6IH06
a7943K12D14A 8C2013 02 18.53486 21 38 36.43 +82 47 06.4          16.0 Ro~0p6IH06
a7943K12D14A 8C2013 02 18.53567 21 38 36.78 +82 47 08.7          15.9 Ro~0p6IH06
a7943K12D14A 8C2013 02 18.53644 21 38 37.08 +82 47 11.1          16.3 Ro~0p6IH06
a7943K12D14A 8C2013 02 18.53721 21 38 37.44 +82 47 13.1          15.9 Ro~0p6IH06
a7943K12D14A 8C2013 02 18.53799 21 38 37.45 +82 47 15.3          16.7 Ro~0p6IH06
a7943K12D14A  C2013 02 18.76525 21 29 19.96 +82 36 59.6          16.6 Ru~0p6IB04
a7943K12D14A  C2013 02 18.77155 21 29 27.86 +82 36 29.2          16.5 Ru~0p6IB04
a7943K12D14A KC2013 02 18.77791 21 29 26.10 +82 35 53.4          16.6  o~0p6IB51
a7943K12D14A  C2013 02 18.78213 21 29 41.87 +82 35 39.4          16.7 Ru~0p6IB04
a7943K12D14A KC2013 02 18.78397 21 29 34.58 +82 35 24.5          16.8  o~0p6IB51
a7943K12D14A  C2013 02 18.79228 21 29 56.35 +82 34 52.7          16.8 Ru~0p6IB04
a7943K12D14A KC2013 02 18.79640 21 29 52.88 +82 34 26.5          16.9  o~0p6IB51
a7943K12D14A KC2013 02 18.80321 21 30 03.98 +82 33 54.7          17.0  o~0p6IB51
a7943K12D14A  C2013 02 18.80697 21 30 21.73 +82 33 13.8          16.6 R ~0p6I104
a7943K12D14A  C2013 02 18.88264 21 32 49.14 +82 28 44.0          17.1 R ~0p6I104
a7943K12D14A  C2013 02 18.94534 21 35 06.28 +82 26 30.8          16.8 R ~0p6I104
a7943K12D14A KC2013 02 18.97760 21 36 07.22 +82 26 16.9          17.2 Ro~0p6IB67
a7943K12D14A KC2013 02 18.98380 21 36 19.96 +82 26 12.0          17.3 Ro~0p6IB67
a7943K12D14A KC2013 02 18.98997 21 36 32.54 +82 26 08.0          17.3 Ro~0p6IB67
a7943K12D14A KC2013 02 18.99614 21 36 45.06 +82 26 04.8          17.6 Ro~0p6IB67
a7943K12D14A IC2013 02 19.47319 21 42 54.36 +82 22 15.5          17.4 Vq~0p6IH06
a7943K12D14A IC2013 02 19.47923 21 42 59.52 +82 22 29.5          17.5 Vq~0p6IH06
a7943K12D14A IC2013 02 19.48528 21 43 04.06 +82 22 43.8          18.0 Vq~0p6IH06
a7943K12D14A IC2013 02 19.49381 21 43 09.62 +82 23 03.2          18.1 Vt~0p6IH06
a7943K12D14A IC2013 02 19.49510 21 43 10.77 +82 23 06.9          17.9 Vt~0p6IH06
a7943K12D14A IC2013 02 19.49635 21 43 11.22 +82 23 09.6          18.3 Vt~0p6IH06
a7943K12D14A IC2013 02 19.49761 21 43 11.99 +82 23 12.3          18.0 Vt~0p6IH06
a7943K12D14A 8C2013 02 19.50050 21 43 13.62 +82 23 19.4          17.1 Ro~0p6IH06
a7943K12D14A 8C2013 02 19.50127 21 43 13.96 +82 23 21.3          17.3 Ro~0p6IH06
a7943K12D14A 8C2013 02 19.50205 21 43 14.35 +82 23 23.2          17.1 Ro~0p6IH06
a7943K12D14A 8C2013 02 19.50282 21 43 14.94 +82 23 25.4          17.0 Ro~0p6IH06
a7943K12D14A 8C2013 02 19.50360 21 43 15.29 +82 23 26.8          16.8 Ro~0p6IH06
a7943K12D14A 8C2013 02 19.50438 21 43 15.61 +82 23 28.2          17.2 Ro~0p6IH06
a7943K12D14A 8C2013 02 19.50515 21 43 16.15 +82 23 29.9          17.1 Ro~0p6IH06
a7943K12D14A 8C2013 02 19.50593 21 43 16.52 +82 23 32.2          17.2 Ro~0p6IH06
a7943K12D14A 8C2013 02 19.50669 21 43 17.03 +82 23 34.2          17.4 Ro~0p6IH06
a7943K12D14A 8C2013 02 19.50748 21 43 17.00 +82 23 35.8          17.2 Ro~0p6IH06
a7943K12D14A 8C2013 02 19.50825 21 43 17.47 +82 23 38.3          17.3 Ro~0p6IH06
a7943K12D14A 8C2013 02 19.50903 21 43 17.95 +82 23 39.6          17.7 Ro~0p6IH06
a7943K12D14A 8C2013 02 19.50980 21 43 18.20 +82 23 41.6          17.3 Ro~0p6IH06
a7943K12D14A 8C2013 02 19.51058 21 43 18.76 +82 23 43.8          17.9 Ro~0p6IH06
a7943K12D14A 8C2013 02 19.51135 21 43 19.15 +82 23 45.5          17.6 Ro~0p6IH06
a7943K12D14A 8C2013 02 19.51213 21 43 19.48 +82 23 47.8          17.6 Ro~0p6IH06
a7943K12D14A 8C2013 02 19.51367 21 43 20.05 +82 23 51.2          17.6 Ro~0p6IH06
a7943K12D14A 8C2013 02 19.51444 21 43 20.52 +82 23 53.3          16.7 Ro~0p6IH06
a7943K12D14A 8C2013 02 19.51910 21 43 22.01 +82 24 03.7          17.0 Ro~0p6IH06
a7943K12D14A 8C2013 02 19.51986 21 43 22.58 +82 24 06.4          17.4 Ro~0p6IH06
a7943K12D14A 8C2013 02 19.52064 21 43 23.01 +82 24 08.5          17.7 Ro~0p6IH06
a7943K12D14A 8C2013 02 19.52141 21 43 23.14 +82 24 10.1          17.6 Ro~0p6IH06
a7943K12D14A 8C2013 02 19.52219 21 43 23.36 +82 24 11.4          17.3 Ro~0p6IH06
a7943K12D14A 8C2013 02 19.52296 21 43 23.42 +82 24 13.4          18.1 Ro~0p6JH06
a7943K12D14A  C2013 02 19.79767 21 36 22.78 +82 18 15.9          17.8 Rc~0p6JJ38
a7943K12D14A  C2013 02 19.79843 21 36 23.61 +82 18 13.5          17.8 Rc~0p6JJ38
a7943K12D14A  C2013 02 19.79991 21 36 24.81 +82 18 08.6          17.9 Rc~0p6JJ38
a7943K12D14A  C2013 02 19.80203 21 36 26.21 +82 18 01.3          17.9 Rc~0p6JJ38
a7943K12D14A  C2013 02 19.80990 21 36 32.38 +82 17 34.2          17.6 Rc~0p6JJ38
a7943K12D14A  C2013 02 19.81208 21 36 34.12 +82 17 26.8          17.8 Rc~0p6JJ38
a7943K12D14A  C2013 02 19.81426 21 36 35.76 +82 17 19.6          17.7 Rc~0p6JJ38
a7943K12D14A  C2013 02 19.81755 21 36 38.55 +82 17 08.5          17.7 Rc~0p6JJ38
a7943K12D14A  C2013 02 19.82082 21 36 41.47 +82 16 57.8          17.5 Rc~0p6JJ38
a7943K12D14A  C2013 02 19.82192 21 36 42.42 +82 16 54.2          17.7 Rc~0p6JJ38
a7943K12D14A  C2013 02 19.82410 21 36 44.31 +82 16 46.9          17.5 Rc~0p6JJ38
a7943K12D14A  C2013 02 19.82520 21 36 45.25 +82 16 43.3          17.6 Rc~0p6JJ38
a7943K12D14A KC2013 02 21.83525 21 43 10.79 +81 57 29.5          18.1 Rq~0szDC95
a7943K12D14A KC2013 02 21.84993 21 43 20.56 +81 57 06.1          17.8 Rq~0szDC95
