     K12P00X* c2012 08 07.35156 21 14 33.587-00 53 10.50         20.6 rL~0hzVF51
     K12P00X  c2012 08 07.36122 21 14 34.348-00 52 58.66         20.4 rL~0hzVF51
     K12P00X KC2012 08 09.24270 21 17 43.98 -00 13 18.0          20.2 Ru~0hzVH36
     K12P00X KC2012 08 09.24849 21 17 44.57 -00 13 09.7          19.0 Ru~0hzVH36
     K12P00X KC2012 08 09.25477 21 17 45.19 -00 13 01.7          19.8 Ru~0hzVH36
     K12P00X KC2012 08 09.26138 21 17 45.76 -00 12 52.1          20.5 Ru~0hzVH36
     K12P00X KC2012 08 09.26744 21 17 46.35 -00 12 44.0          20.3 Ru~0hzVH36
     K12P00X  C2012 08 09.43432 21 18 02.40 -00 08 57.2          20.3 Ro~0hzVH01
     K12P00X  C2012 08 09.44121 21 18 03.07 -00 08 47.9          19.9 Ro~0hzVH01
     K12P00X  C2012 08 09.44946 21 18 03.89 -00 08 36.6          20.0 Ro~0hzVH01
     K12P00X  C2012 08 09.45538 21 18 04.48 -00 08 28.6          20.5 Ro~0hzVH01
     K12P00X KC2012 08 09.95787 21 19 04.18 +00 02 45.8                u~0hzVJ95
     K12P00X KC2012 08 09.97208 21 19 05.56 +00 03 06.4          19.9 Ru~0hzVJ95
     K12P00X |C2012 08 10.14711 21 19 26.41 +00 08 19.0          20.0 Vu~0hzV807
     K12P00X |C2012 08 10.15058 21 19 26.76 +00 08 23.7          20.2 Vu~0hzV807
     K12P00X |C2012 08 10.15404 21 19 27.11 +00 08 28.6          20.5 Vu~0hzV807
     K12P00X |C2012 08 10.15749 21 19 27.45 +00 08 33.3          20.5 Vu~0hzV807
     K12P00X |C2012 08 10.16094 21 19 27.78 +00 08 38.4          20.5 Vu~0hzV807
     K12P00X HC2012 08 10.20177 21 19 33.75 +00 08 39.9          19.5 Ro~0hzV291
     K12P00X HC2012 08 10.20272 21 19 33.87 +00 08 41.7          20.0 Ro~0hzV291
     K12P00X HC2012 08 10.20366 21 19 33.96 +00 08 42.9          19.9 Ro~0hzV291
     K12P00X KC2012 08 10.97879 21 21 06.14 +00 27 01.2                u~0hzVJ95
     K12P00X KC2012 08 10.98354 21 21 06.67 +00 27 08.2                u~0hzVJ95
     K12P00X KC2012 08 10.98934 21 21 07.31 +00 27 17.1          19.8 Ru~0hzVJ95
     K12P00X IC2012 08 12.22322521 23 49.74 +00 58 45.6                t~0i4YH21
     K12P00X KC2012 08 12.22622021 23 50.12 +00 58 50.1          20.5 Vt~0i4YH21
     K12P00X KC2012 08 12.22921521 23 50.49 +00 58 55.2          19.6 Vt~0i4YH21
     K12P00X KC2012 08 12.23219321 23 50.82 +00 58 59.6          19.9 Vt~0i4YH21
     K12P00X HC2012 08 12.32056 21 24 02.71 +01 01 26.1          19.4 Ro~0i4Y291
     K12P00X HC2012 08 12.32140 21 24 02.80 +01 01 27.6          19.5 Ro~0i4Y291
     K12P00X HC2012 08 12.32224 21 24 02.89 +01 01 28.8          19.5 Ro~0i4Y291
     K12P00X KC2012 08 13.21876221 26 13.87 +01 25 49.2          19.8 Vr~0i4YH21
     K12P00X KC2012 08 13.22297721 26 14.43 +01 25 56.0          19.9 Vr~0i4YH21
     K12P00X KC2012 08 13.22885021 26 15.19 +01 26 06.3          19.7 Vr~0i4YH21
     K12P00X HC2012 08 13.32485 21 26 29.15 +01 28 55.0          19.4 Ro~0i4Y291
     K12P00X HC2012 08 13.32564 21 26 29.23 +01 28 56.8                o~0i4Y291
     K12P00X HC2012 08 13.32642 21 26 29.34 +01 28 57.8          19.5 Ro~0i4Y291
     K12P00X IC2012 08 16.14615621 34 42.78 +02 56 45.2                t~0i4YH21
     K12P00X KC2012 08 16.14971821 34 43.41 +02 56 52.6          20.0 Vt~0i4YH21
     K12P00X KC2012 08 16.15327921 34 44.07 +02 56 59.9          19.7 Vt~0i4YH21
     K12P00X KC2012 08 16.15646621 34 44.64 +02 57 06.7          19.6 Vt~0i4YH21
     K12P00X  C2012 08 16.29735 21 35 09.98 +03 02 04.3          20.0 Ru~0i4YH45
     K12P00X  C2012 08 16.29970 21 35 10.44 +03 02 10.9          19.9 Ru~0i4ZH45
     K12P00X  C2012 08 16.30098 21 35 10.67 +03 02 11.9          19.9 Ru~0i4ZH45
     K12P00X  C2012 08 16.30209 21 35 10.83 +03 02 14.4          20.0 Ru~0i4ZH45
     K12P00X  C2012 08 16.30401 21 35 11.19 +03 02 18.0          20.1 Ru~0i4ZH45
     K12P00X  C2012 08 16.30510 21 35 11.41 +03 02 21.5          20.0 Ru~0i4ZH45
     K12P00X  C2012 08 16.30635 21 35 11.63 +03 02 22.8          20.1 Ru~0i4ZH45
     K12P00X KC2012 08 16.91896 21 37 21.26 +03 24 06.8          19.5 Ru~0i4Z104
     K12P00X KC2012 08 16.92455 21 37 22.33 +03 24 18.7          19.4 Ru~0i4Z104
     K12P00X KC2012 08 16.93007 21 37 23.40 +03 24 31.4          19.2 Ru~0i4Z104
     K12P00X KC2012 08 17.45949 21 39 20.78 +03 46 01.6          18.2 Ro~0i4Z474
     K12P00X KC2012 08 17.46161 21 39 21.20 +03 46 06.3          18.2 Ro~0i4Z474
     K12P00X KC2012 08 17.46372 21 39 21.65 +03 46 11.1          18.2 Ro~0i4Z474
     K12P00X KC2012 08 17.46583 21 39 22.05 +03 46 16.0          18.2 Ro~0i4Z474
     K12P00X KC2012 08 20.09186921 50 51.30 +05 36 48.9          19.1 Vt~0iGbH21
     K12P00X KC2012 08 20.09537121 50 52.32 +05 36 59.0          19.0 Vt~0iGbH21
     K12P00X KC2012 08 20.09887121 50 53.31 +05 37 09.2          19.3 Vt~0iGbH21
     K12P00X KC2012 08 20.10222021 50 54.26 +05 37 19.1          19.1 Vt~0iGbH21
     K12P00X KC2012 08 21.17348521 56 36.58 +06 31 15.6          19.1 Vt~0iGbH21
     K12P00X KC2012 08 21.17607621 56 37.39 +06 31 23.8          18.8 Vt~0iGbH21
     K12P00X KC2012 08 21.17866521 56 38.20 +06 31 32.0          19.1 Vt~0iGbH21
     K12P00X KC2012 08 21.18112821 56 38.96 +06 31 40.0          19.1 Vt~0iGbH21
     K12P00X  C2012 08 21.61713 21 59 10.50 +06 55 21.8          19.6 Ro~0iGb300
     K12P00X  C2012 08 21.61818 21 59 10.80 +06 55 24.7          19.1 Ro~0iGb300
     K12P00X  C2012 08 21.61924 21 59 11.16 +06 55 28.6          19.4 Ro~0iGb300
     K12P00X  C2012 08 21.62029 21 59 11.52 +06 55 32.1          19.2 Ro~0iGb300
     K12P00X  C2012 08 21.91001 22 00 58.77 +07 11 29.4          18.3 Rr~0iGb106
     K12P00X  C2012 08 21.92129 22 01 02.64 +07 12 07.8          18.4 Rr~0iGb106
     K12P00X  C2012 08 21.93253 22 01 06.51 +07 12 45.3          18.9 Rr~0iGb106
     K12P00X  C2012 08 21.94375 22 01 10.32 +07 13 23.1          19.2 Rr~0iGb106
     K12P00X  C2012 08 22.34194 22 03 40.04 +07 36 46.3          19.3 Ru~0iGbH45
     K12P00X  C2012 08 22.34288 22 03 40.35 +07 36 50.1          19.2 Ru~0iGbH45
     K12P00X  C2012 08 22.34385 22 03 40.72 +07 36 53.4          19.3 Ru~0iGbH45
     K12P00X  C2012 08 22.34467 22 03 41.04 +07 36 56.2          19.4 Ru~0iGbH45
     K12P00X  C2012 08 22.34552 22 03 41.38 +07 36 59.3          19.4 Ru~0iGbH45
     K12P00X  C2012 08 22.34633 22 03 41.62 +07 37 01.7          19.2 Ru~0iGbH45
     K12P00X  C2012 08 22.34744 22 03 42.03 +07 37 05.6          19.3 Ru~0iGbH45
     K12P00X  C2012 08 22.34822 22 03 42.31 +07 37 08.9          19.3 Ru~0iGbH45
     K12P00X  C2012 08 22.35053 22 03 43.17 +07 37 17.2          19.3 Ru~0iGbH45
     K12P00X  C2012 08 22.35144 22 03 43.48 +07 37 20.5          19.2 Ru~0iGbH45
     K12P00X KC2012 08 22.35547022 03 44.77 +07 37 27.4          19.3 Vt~0iGbH21
     K12P00X KC2012 08 22.35838322 03 45.85 +07 37 37.6          19.1 Vt~0iGbH21
     K12P00X KC2012 08 22.36129322 03 46.94 +07 37 47.7          18.9 Vt~0iGbH21
     K12P00X KC2012 08 22.36396022 03 47.91 +07 37 56.8          19.1 Vt~0iGbH21
     K12P00X  C2012 08 22.58691 22 05 18.76 +07 53 30.9          17.4 Ro~0iGb474
     K12P00X  C2012 08 22.58807 22 05 19.17 +07 53 34.9          17.7 Ro~0iGb474
     K12P00X  C2012 08 22.58899 22 05 19.49 +07 53 38.6          17.5 Ro~0iGb474
     K12P00X  C2012 08 22.58992 22 05 19.90 +07 53 42.0          17.0 Ro~0iGb474
     K12P00X  C2012 08 22.59096 22 05 20.26 +07 53 45.1          17.2 Ro~0iGb474
     K12P00X  C2012 08 23.31063 22 10 25.72 +08 37 03.0          19.0 Ru~0iGbH45
     K12P00X  C2012 08 23.31214 22 10 26.39 +08 37 07.9          19.0 Ru~0iGbH45
     K12P00X  C2012 08 23.31300 22 10 26.75 +08 37 11.5          19.1 Ru~0iGbH45
     K12P00X  C2012 08 23.31384 22 10 27.04 +08 37 14.1          19.0 Ru~0iGbH45
     K12P00X  C2012 08 23.31468 22 10 27.42 +08 37 17.4          18.9 Ru~0iGbH45
     K12P00X  C2012 08 23.31558 22 10 27.76 +08 37 21.0          18.9 Ru~0iGbH45
     K12P00X  C2012 08 23.31644 22 10 28.07 +08 37 24.4          18.9 Ru~0iGbH45
     K12P00X  C2012 08 23.31768 22 10 28.66 +08 37 29.1          18.8 Ru~0iGbH45
     K12P00X KC2012 08 23.33281522 10 34.57 +08 38 20.9          18.9 Vt~0iGbH21
     K12P00X KC2012 08 23.33595922 10 35.89 +08 38 33.1          19.1 Vt~0iGbH21
     K12P00X KC2012 08 23.33906022 10 37.15 +08 38 45.6          18.7 Vt~0iGbH21
     K12P00X KC2012 08 23.34194822 10 38.37 +08 38 56.4          18.8 Vt~0iGbH21
     K12P00X  C2012 08 23.45231 22 11 33.35 +08 48 28.8          17.3 Ro~0iGb474
     K12P00X  C2012 08 23.45347 22 11 33.80 +08 48 33.0          17.3 Ro~0iGb474
     K12P00X  C2012 08 23.45440 22 11 34.19 +08 48 36.9          17.6 Ro~0iGb474
     K12P00X  C2012 08 23.45532 22 11 34.62 +08 48 40.4          17.8 Ro~0iGb474
     K12P00X  C2012 08 23.45625 22 11 35.03 +08 48 44.4          17.6 Ro~0iGb474
     K12P00X KC2012 08 24.10778 22 16 44.69 +09 31 02.1          18.9 Vu~0iGbH21
     K12P00X KC2012 08 24.10998 22 16 45.71 +09 31 12.0          19.2 Vu~0iGbH21
     K12P00X KC2012 08 24.11217 22 16 46.75 +09 31 21.0          19.3 Vu~0iGbH21
     K12P00X KC2012 08 24.90763 22 23 38.14 +10 30 04.2          18.5 Ru~0iGb157
     K12P00X KC2012 08 24.91028 22 23 39.51 +10 30 16.4          18.4 Ru~0iGb157
     K12P00X KC2012 08 24.91293 22 23 40.89 +10 30 28.4          19.1 Ru~0iGb157
     K12P00X KC2012 08 25.06514 22 25 00.23 +10 42 12.7          18.6 Ru~0iGb104
     K12P00X KC2012 08 25.06883 22 25 02.19 +10 42 29.6          18.5 Ru~0iGb104
     K12P00X KC2012 08 25.07252 22 25 04.15 +10 42 46.8          18.5 Ru~0iGb104
     K12P00X mC2012 08 25.16316 22 26 03.95 +10 50 11.0                o~0iGb291
     K12P00X mC2012 08 25.16367 22 26 04.25 +10 50 13.3                o~0iGb291
     K12P00X mC2012 08 25.16417 22 26 04.52 +10 50 15.7                o~0iGb291
     K12P00X KC2012 08 25.19348322 26 17.87 +10 52 27.7          18.4 Vv~0iGbH21
     K12P00X KC2012 08 25.19735022 26 19.93 +10 52 46.5          18.9 Vv~0iGbH21
     K12P00X KC2012 08 25.20121422 26 22.01 +10 53 05.4          18.9 Vv~0iGbH21
     K12P00X IC2012 08 25.20430522 26 23.66 +10 53 19.5          18.2 Vv~0iGbH21
     K12P00X KC2012 08 25.20717722 26 25.20 +10 53 33.3          18.4 Vv~0iGbH21
     K12P00X KC2012 08 25.20960222 26 26.48 +10 53 44.9          18.8 Vv~0iGbH21
     K12P00X KC2012 08 25.21275322 26 28.15 +10 54 00.0          19.1 Vv~0iGbH21
     K12P00X KC2012 08 25.21574822 26 29.78 +10 54 14.7          18.5 Vv~0iGbH21
     K12P00X KC2012 08 25.29714 22 27 17.18 +11 00 46.2          17.9 Rt~0iGbG56
     K12P00X KC2012 08 25.30166 22 27 19.58 +11 01 07.6          17.5 Rt~0iGbG56
     K12P00X KC2012 08 25.30999 22 27 24.03 +11 01 48.1          17.7 Rt~0iGbG56
     K12P00X KC2012 08 25.31749 22 27 27.95 +11 02 24.5          17.8 Rt~0iGbG56
     K12P00X  C2012 08 25.31882 22 27 27.61 +11 02 41.8          18.5 Vr~0iGb703
     K12P00X  C2012 08 25.32444 22 27 30.67 +11 03 10.1          18.7 Vr~0iGb703
     K12P00X  C2012 08 25.33016 22 27 33.73 +11 03 37.1          18.5 Vr~0iGb703
     K12P00X 1C2012 08 26.03363 22 34 44.64 +12 02 22.8                o~0oQlJ13
     K12P00X 1C2012 08 26.03407 22 34 44.82 +12 02 24.5                o~0oQlJ13
     K12P00X 1C2012 08 26.03453 22 34 45.11 +12 02 26.8                o~0oQlJ13
     K12P00X 1C2012 08 26.03498 22 34 45.41 +12 02 29.7                o~0oQlJ13
     K12P00X HC2012 08 26.15257 22 36 06.40 +12 12 25.7          18.0 Ro~0iGb291
     K12P00X HC2012 08 26.15293 22 36 06.62 +12 12 27.9          18.5 Ro~0iGb291
     K12P00X HC2012 08 26.15330 22 36 06.86 +12 12 29.7          18.0 Ro~0iGb291
     K12P00X KC2012 08 26.17624022 36 18.75 +12 14 24.1          18.7 Vt~0iGbH21
     K12P00X KC2012 08 26.17904222 36 20.49 +12 14 39.1          18.5 Vt~0iGbH21
     K12P00X KC2012 08 26.18181322 36 22.20 +12 14 53.8          18.6 Vt~0iGbH21
     K12P00X KC2012 08 26.18455522 36 23.88 +12 15 08.2          18.5 Vt~0iGbH21
     K12P00X KC2012 08 27.05242 22 46 23.10 +13 34 33.3                t~0iGb204
     K12P00X KC2012 08 27.05906 22 46 27.77 +13 35 11.3                t~0iGb204
     K12P00X KC2012 08 27.06610 22 46 32.74 +13 35 51.4          18.1 Rt~0iGb204
     K12P00X KC2012 08 27.93263 22 58 03.66 +15 02 35.3          18.5 Rc~0iGbA53
     K12P00X KC2012 08 27.93807 22 58 07.96 +15 03 08.9          18.7 Rc~0iGbA53
     K12P00X KC2012 08 27.94575 22 58 14.16 +15 03 57.4          18.7 Rc~0iGbA53
     K12P00X KC2012 08 27.96195 22 58 27.16 +15 05 42.4          18.5 Ru~0iVV160
     K12P00X KC2012 08 27.96412 22 58 28.92 +15 05 56.7          18.2 Ru~0iVV160
     K12P00X KC2012 08 27.96647 22 58 30.78 +15 06 11.6          18.2 Ru~0iVV160
     K12P00X KC2012 08 27.96845 22 58 32.40 +15 06 23.5          17.9 Ru~0iVV160
     K12P00X KC2012 08 28.38567 23 04 33.22 +15 51 17.4          18.1 Ro~0iGc291
     K12P00X KC2012 08 28.38693 23 04 34.30 +15 51 25.7          18.0 Ro~0iGc291
     K12P00X KC2012 08 28.38819 23 04 35.37 +15 51 33.8          18.2 Ro~0iGc291
     K12P00X KC2012 08 29.01675 23 14 31.36 +17 01 08.6          17.9 Ru~0iVV203
     K12P00X KC2012 08 29.03149 23 14 45.31 +17 02 49.9          18.1 Ru~0iVV203
     K12P00X KC2012 08 29.20757823 17 46.81 +17 23 18.4          19.1 Vu~0iVVH21
     K12P00X KC2012 08 29.21040223 17 49.56 +17 23 38.7          18.5 Vu~0iVVH21
     K12P00X KC2012 08 29.21320223 17 52.27 +17 23 58.6          18.4 Vu~0iVVH21
     K12P00X KC2012 08 29.21596823 17 54.96 +17 24 17.6          18.6 Vu~0iVVH21
     K12P00X KC2012 08 29.21873523 17 57.65 +17 24 37.1          18.6 Vu~0iVVH21
     K12P00X KC2012 08 29.22150223 18 00.35 +17 24 56.9          18.2 Vu~0iVVH21
     K12P00X KC2012 08 29.22426723 18 03.03 +17 25 16.2          18.5 Vu~0iVVH21
     K12P00X KC2012 08 29.22703123 18 05.72 +17 25 35.6          18.5 Vu~0iVVH21
     K12P00X KC2012 08 30.20042923 35 56.52 +19 22 23.3          18.3 Vu~0iVVH21
     K12P00X KC2012 08 30.20208923 35 58.40 +19 22 36.1          18.5 Vu~0iVVH21
     K12P00X KC2012 08 30.20393023 36 00.50 +19 22 49.8          18.3 Vu~0iVVH21
     K12P00X KC2012 08 30.20567723 36 02.48 +19 23 03.3          18.7 Vu~0iVVH21
     K12P00X KC2012 08 30.20743223 36 04.48 +19 23 16.5          18.5 Vu~0iVVH21
     K12P00X KC2012 08 30.20918323 36 06.46 +19 23 29.8          18.2 Vu~0iVVH21
     K12P00X KC2012 08 31.21488723 57 23.90 +21 30 14.3          18.1 Vu~0iVVH21
     K12P00X KC2012 08 31.21706423 57 26.75 +21 30 31.7          18.1 Vu~0iVVH21
     K12P00X KC2012 08 31.21924723 57 29.62 +21 30 48.7          18.7 Vu~0iVVH21
     K12P00X KC2012 08 31.22153023 57 32.61 +21 31 06.5          18.2 Vu~0iVVH21
     K12P00X KC2012 08 31.22361723 57 35.37 +21 31 22.6                u~0iVVH21
     K12P00X KC2012 08 31.22646023 57 39.08 +21 31 45.0          18.1 Vu~0iVVH21
     K12P00X KC2012 09 04.27332301 53 59.45 +28 56 25.8          18.7 Vu~0iVVH21
     K12P00X KC2012 09 04.27547201 54 03.62 +28 56 35.4          18.8 Vu~0iVVH21
     K12P00X KC2012 09 04.27743601 54 07.41 +28 56 43.8          18.4 Vu~0iVVH21
     K12P00X KC2012 09 04.27939701 54 11.22 +28 56 52.4          18.6 Vu~0iVVH21
     K12P00X KC2012 09 04.28126801 54 14.84 +28 57 00.6          18.4 Vu~0iVVH21
     K12P00X KC2012 09 04.28304301 54 18.29 +28 57 08.4          18.3 Vu~0iVVH21
     K12P00X KC2012 09 04.28538201 54 22.82 +28 57 18.4          18.7 Vu~0iVVH21
     K12P00X KC2012 09 04.28790701 54 27.72 +28 57 29.5          18.2 Vu~0iVVH21
     K12P00X KC2012 09 05.96794 02 50 37.87 +30 05 10.1                u~0iVVJ95
     K12P00X KC2012 09 05.97922 02 50 59.92 +30 05 23.2          18.3 Ru~0iVVJ95
     K12P00X KC2012 09 06.25361902 59 57.86 +30 08 31.5          18.8 Vv~0iVVH21
     K12P00X KC2012 09 06.25708603 00 04.47 +30 08 33.6          18.7 Vv~0iVVH21
     K12P00X KC2012 09 06.26050403 00 10.95 +30 08 35.8          19.1 Vv~0iVVH21
     K12P00X KC2012 09 06.26392903 00 17.44 +30 08 38.3          18.7 Vv~0iVVH21
     K12P00X KC2012 09 07.00960 03 23 50.60 +30 03 07.9                u~0iVVJ95
     K12P00X KC2012 09 07.02250 03 24 14.08 +30 02 59.1          18.5 Ru~0iVVJ95
     K12P00X KC2012 09 07.03595 03 24 38.42 +30 02 49.0                u~0iVVJ95
     K12P00X KC2012 09 07.04920 03 25 02.31 +30 02 38.9          18.5 Ru~0iVVJ95
     K12P00X KC2012 09 07.12518 03 27 18.27 +30 01 30.7          18.5 Vt~0iVVJ84
     K12P00X KC2012 09 07.13280 03 27 31.82 +30 01 22.2          18.6 Vt~0iVVJ84
     K12P00X KC2012 09 07.14043 03 27 45.39 +30 01 14.1          18.6 Vt~0iVVJ84
     K12P00X KC2012 09 09.15241 04 23 03.95 +28 40 23.3                u~0ia2J95
     K12P00X KC2012 09 09.16245 04 23 18.14 +28 39 50.9                u~0ia2J95
     K12P00X KC2012 09 09.17265 04 23 32.55 +28 39 17.9          19.1 Ru~0ia2J95
     K12P00X KC2012 09 10.39547904 50 58.18 +27 26 05.5          19.8 Vu~0ia2H21
     K12P00X KC2012 09 10.39785504 51 00.99 +27 25 56.7          19.8 Vu~0ia2H21
     K12P00X KC2012 09 10.40233104 51 06.22 +27 25 40.3          20.2 Vu~0ia2H21
