     K12X06Y* C2012 12 03.22097 03 59 43.49 +41 35 58.4          19.6 Ro~0m8S926
     K12X06Y  C2012 12 03.23516 03 59 41.49 +41 36 00.9          19.8 Ro~0m8S926
     K12X06Y  C2012 12 03.24927 03 59 39.51 +41 36 04.3          19.6 Ro~0m8S926
     K12X06Y HC2012 12 03.38367 03 59 20.63 +41 36 29.6                o~0m8S291
     K12X06Y HC2012 12 03.38490 03 59 20.48 +41 36 29.7          20.0 Ro~0m8S291
     K12X06Y KC2012 12 03.87015 03 58 16.39 +41 37 59.6                u~0m8SJ95
     K12X06Y KC2012 12 03.87489 03 58 15.70 +41 38 00.2                u~0m8SJ95
     K12X06Y KC2012 12 03.87954 03 58 15.07 +41 38 01.4          19.1 Ru~0m8SJ95
     K12X06Y  C2012 12 04.08331 03 57 48.10 +41 38 40.3          19.8 Ro~0m8SG48
     K12X06Y  C2012 12 04.08584 03 57 47.74 +41 38 40.1          19.6 Ro~0m8SG48
     K12X06Y  C2012 12 04.08844 03 57 47.42 +41 38 41.0          19.2 Ro~0m8SG48
     K12X06Y  C2012 12 04.09100 03 57 47.08 +41 38 41.2          19.3 Ro~0m8SG48
     K12X06Y  C2012 12 04.09353 03 57 46.74 +41 38 41.7          19.3 Ro~0m8SG48
     K12X06Y  C2012 12 04.09611 03 57 46.47 +41 38 41.0          19.3 Ro~0m8SG48
     K12X06Y HC2012 12 04.42650 03 56 59.64 +41 39 40.4          19.5 Ro~0m8S291
     K12X06Y HC2012 12 04.42774 03 56 59.47 +41 39 40.5          19.4 Ro~0m8S291
     K12X06Y HC2012 12 04.42897 03 56 59.30 +41 39 40.7          19.4 Ro~0m8S291
     K12X06Y KC2012 12 04.86793 03 56 00.90 +41 40 50.5          19.0 Rt~0m8S204
     K12X06Y KC2012 12 04.87950 03 55 59.25 +41 40 52.4                t~0m8S204
     K12X06Y KC2012 12 04.89305 03 55 57.32 +41 40 54.8                t~0m8S204
     K12X06Y  C2012 12 05.11374 03 55 27.85 +41 41 28.2          19.7 Ro~0m8S926
     K12X06Y  C2012 12 05.13006 03 55 25.57 +41 41 31.3          19.6 Ro~0m8S926
     K12X06Y KC2012 12 05.14774 03 55 22.77 +41 41 33.8          19.0 Rq~0m8SH36
     K12X06Y  C2012 12 05.14875 03 55 22.92 +41 41 35.3          19.3 Ro~0m8S926
     K12X06Y KC2012 12 05.15266 03 55 22.08 +41 41 34.4          18.8 Rq~0m8SH36
     K12X06Y KC2012 12 05.22608203 55 11.42 +41 41 45.8          19.1 Vr~0m8SH21
     K12X06Y KC2012 12 05.22977603 55 10.91 +41 41 46.1          19.1 Vr~0m8SH21
     K12X06Y KC2012 12 05.23538603 55 10.09 +41 41 47.0          19.4 Vr~0m8SH21
     K12X06Y KC2012 12 05.90551 03 53 38.42 +41 43 13.2          18.9 Rc~0m8SA24
     K12X06Y KC2012 12 05.90909 03 53 37.89 +41 43 13.5          19.0 Rc~0m8SA24
     K12X06Y KC2012 12 05.94306 03 53 33.18 +41 43 16.0          18.9 Ru~0m8SJ95
     K12X06Y IC2012 12 05.94589 03 53 32.78 +41 43 16.2                u~0m8SJ95
     K12X06Y  C2012 12 06.11394 03 53 10.50 +41 43 37.5          19.1 Ro~0m8S926
     K12X06Y  C2012 12 06.12796 03 53 08.47 +41 43 40.3          19.3 Ro~0m8S926
     K12X06Y  C2012 12 06.14476 03 53 06.09 +41 43 42.6          19.7 Ro~0m8S926
     K12X06Y  C2012 12 06.18533 03 53 00.15 +41 43 49.0          19.5  c~0m8S704
     K12X06Y  C2012 12 06.19861 03 52 58.27 +41 43 51.0          19.4  c~0m8S704
     K12X06Y  C2012 12 06.21176 03 52 56.30 +41 43 50.3          19.7  c~0m8S704
     K12X06Y  C2012 12 06.22499 03 52 54.47 +41 43 53.6          19.4  c~0m8S704
     K12X06Y  C2012 12 06.23823 03 52 52.51 +41 43 54.6          19.9  c~0m8S704
     K12X06Y KC2012 12 06.25166 03 52 50.55 +41 43 56.0          19.3 Rq~0m8SH15
     K12X06Y KC2012 12 06.26334 03 52 48.86 +41 43 57.0          19.1 Rq~0m8SH15
     K12X06Y KC2012 12 06.27497 03 52 47.14 +41 43 58.3          19.2 Rq~0m8SH15
     K12X06Y HC2012 12 07.38572 03 50 12.63 +41 45 35.2          19.0 Ro~0m8S291
     K12X06Y HC2012 12 07.38792 03 50 12.31 +41 45 35.2          19.0 Ro~0m8S291
     K12X06Y HC2012 12 07.39011 03 50 11.99 +41 45 35.3          19.2 Ro~0m8S291
     K12X06Y KC2012 12 08.34236 03 47 59.65 +41 46 27.8          19.0 Ro~0mQr291
     K12X06Y KC2012 12 08.34406 03 47 59.41 +41 46 28.0          19.0 Ro~0mQr291
     K12X06Y KC2012 12 08.34575 03 47 59.17 +41 46 28.0          19.3 Ro~0mQr291
     K12X06Y  C2012 12 14.01939 03 34 53.17 +41 40 52.0                q~0mQrI42
     K12X06Y  C2012 12 14.02500 03 34 52.31 +41 40 52.0                q~0mQrI42
     K12X06Y  C2012 12 14.18144003 34 30.23 +41 40 29.5          18.4 Vq~0msmH21
     K12X06Y  C2012 12 14.18310603 34 30.00 +41 40 28.7          18.5 Vq~0msmH21
     K12X06Y  C2012 12 14.19233003 34 28.74 +41 40 27.1          18.5 Vq~0msmH21
     K12X06Y  C2012 12 14.19270003 34 28.68 +41 40 26.5          18.4 Vq~0msmH21
     K12X06Y _C2012 12 14.45553803 33 52.324+41 39 47.27         18.9 Rt~0n7k568
     K12X06Y _C2012 12 14.45614403 33 52.236+41 39 47.20         19.0 Rt~0n7k568
     K12X06Y _C2012 12 14.45674503 33 52.151+41 39 47.05         19.0 Rt~0n7k568
     K12X06Y  C2012 12 18.24284 03 25 32.92 +41 25 24.4          19.7 Rq~0msmH45
     K12X06Y  C2012 12 18.24469 03 25 32.69 +41 25 23.5          19.8 Rq~0msmH45
     K12X06Y  C2012 12 18.24648 03 25 32.46 +41 25 22.9          19.7 Rq~0msmH45
     K12X06Y  C2012 12 18.24760 03 25 32.26 +41 25 22.8          19.7 Rq~0msmH45
     K12X06Y  C2012 12 18.24872 03 25 32.13 +41 25 22.4          19.7 Rq~0msmH45
     K12X06Y  C2012 12 18.24990 03 25 31.94 +41 25 22.0          19.5 Rq~0msmH45
     K12X06Y  C2012 12 18.25117 03 25 31.78 +41 25 22.0          19.5 Rq~0msmH45
     K12X06Y  C2012 12 18.25241 03 25 31.59 +41 25 21.2          19.7 Rq~0msmH45
     K12X06Y  C2012 12 20.19694 03 21 29.86 +41 15 19.5          19.2  c~0msm704
     K12X06Y  C2012 12 20.20998 03 21 28.19 +41 15 14.6          19.5  c~0msm704
     K12X06Y  C2012 12 20.22318 03 21 26.48 +41 15 09.4          19.7  c~0msm704
     K12X06Y  C2012 12 20.23641 03 21 24.75 +41 15 04.6          19.2  c~0msm704
     K12X06Y  C2012 12 20.24951 03 21 23.05 +41 15 00.0          19.7  c~0msm704
     K12X06Y KC2012 12 22.15434903 17 37.92 +41 03 28.4          19.2 Vq~0n2sH21
     K12X06Y KC2012 12 22.16006603 17 37.23 +41 03 25.8          19.2 Vq~0n2sH21
     K12X06Y KC2012 12 22.16573803 17 36.52 +41 03 23.3          19.0 Vq~0n2sH21
     K12X06Y KC2012 12 22.17126403 17 35.88 +41 03 21.7          18.9 Vq~0n2sH21
     K12X06Y KC2013 01 02.10546 03 00 55.30 +39 35 12.8                q~0n7kG56
     K12X06Y KC2013 01 02.11558 03 00 54.43 +39 35 07.5          19.1 Rq~0n7kG56
     K12X06Y KC2013 01 02.12712 03 00 53.39 +39 35 02.1                q~0n7kG56
     K12X06Y KC2013 01 03.03965 02 59 54.48 +39 26 26.7                q~0oGQ204
     K12X06Y IC2013 01 03.05094 02 59 53.80 +39 26 19.7                q~0oGQ204
     K12X06Y KC2013 01 03.06254 02 59 53.08 +39 26 13.0          19.9 Rq~0oGQ204
     K12X06Y KC2013 01 05.74318 02 57 30.66 +39 01 11.6          18.8 Rq~0nME157
     K12X06Y KC2013 01 05.75159 02 57 30.19 +39 01 06.6          18.9 Rq~0nME157
     K12X06Y  C2013 01 05.82207 02 57 26.32 +39 00 25.4          19.2 Ro~0nME461
     K12X06Y  C2013 01 05.83081 02 57 25.87 +39 00 20.3          18.9 Ro~0nME461
     K12X06Y  C2013 01 05.83957 02 57 25.45 +39 00 14.4          19.2 Ro~0nME461
     K12X06Y  C2013 01 06.02935 02 57 17.14 +38 58 29.5                q~0nMEI42
     K12X06Y  C2013 01 06.03467 02 57 16.86 +38 58 26.5                q~0nMEI42
     K12X06Y IC2013 01 07.08030402 56 32.68 +38 48 32.0          19.4 Vq~0nMEH21
     K12X06Y IC2013 01 07.09253202 56 32.09 +38 48 25.0          19.3 Vq~0nMEH21
     K12X06Y  C2013 01 07.09331602 56 32.02 +38 48 24.6          19.4 Vq~0nMEH21
     K12X06Y KC2013 01 07.79024 02 56 06.06 +38 41 46.6          19.1 Rq~0nME157
     K12X06Y KC2013 01 07.79560 02 56 05.83 +38 41 43.0          19.3 Rq~0nME157
     K12X06Y KC2013 01 07.80098 02 56 05.57 +38 41 40.1          19.4 Rq~0nME157
     K12X06Y KC2013 01 08.00595102 55 58.95 +38 39 43.6          19.6 Vu~0nMEH21
     K12X06Y  C2013 01 08.00873 02 55 58.46 +38 39 40.2                q~0nMEI42
     K12X06Y KC2013 01 08.01262102 55 58.68 +38 39 39.9          19.6 Vu~0nMEH21
     K12X06Y  C2013 01 08.01270 02 55 58.39 +38 39 39.3                q~0nMEI42
     K12X06Y KC2013 01 08.01928702 55 58.41 +38 39 36.3          19.7 Vu~0nMEH21
     K12X06Y ]C2013 01 08.14900 02 55 53.50 +38 38 25.6          19.8 Ro~0nME695
     K12X06Y ]C2013 01 08.15853 02 55 53.09 +38 38 19.6          19.6 Ro~0nME695
     K12X06Y ]C2013 01 08.16740 02 55 52.74 +38 38 14.7          19.5 Ro~0nME695
     K12X06Y KC2013 01 10.01016302 55 00.63 +38 20 43.5          19.8 Vu~0nhPH21
     K12X06Y KC2013 01 10.01864202 55 00.35 +38 20 38.7          19.6 Vu~0nhPH21
     K12X06Y KC2013 01 10.02792502 55 00.05 +38 20 33.5          19.5 Vu~0nhPH21
     K12X06Y KC2013 01 15.08763 02 54 09.53 +37 33 36.6          20.7 Vu~0nhPH21
     K12X06Y KC2013 01 15.09115 02 54 09.50 +37 33 34.8          19.6 Vu~0nhPH21
     K12X06Y KC2013 01 15.09410 02 54 09.49 +37 33 33.0          19.6 Vu~0nhPH21
     K12X06Y KC2013 01 15.09750 02 54 09.50 +37 33 31.1          19.6 Vu~0nhPH21
     K12X06Y  C2013 01 20.10253 02 55 34.26 +36 49 46.3                o~0p6K711
     K12X06Y  C2013 01 20.10580 02 55 34.33 +36 49 44.6                o~0p6K711
     K12X06Y  C2013 01 20.10898 02 55 34.40 +36 49 43.1                o~0p6K711
     K12X06Y  C2013 02 06.13038 03 15 36.05 +34 43 55.9          19.8 Rq~0oQqH45
     K12X06Y  C2013 02 06.13173 03 15 36.13 +34 43 55.7          19.7 Rq~0oQqH45
     K12X06Y  C2013 02 06.13307 03 15 36.24 +34 43 55.3          19.7 Rq~0oQqH45
     K12X06Y  C2013 02 06.13440 03 15 36.40 +34 43 54.9          19.8 Rq~0oQqH45
     K12X06Y  C2013 02 06.13671 03 15 36.67 +34 43 53.9          19.8 Rq~0oQqH45
     K12X06Y  C2013 02 06.13776 03 15 36.79 +34 43 53.0          19.7 Rq~0oQqH45
     K12X06Y  C2013 02 06.13893 03 15 36.90 +34 43 52.4          19.7 Rq~0oQqH45
     K12X06Y  C2013 02 06.14011 03 15 37.07 +34 43 52.1          19.8 Rq~0oQqH45
     K12X06Y  C2013 02 11.10143 03 25 34.84 +34 11 03.7          19.8 Rq~0oQqH45
     K12X06Y  C2013 02 11.10392 03 25 35.15 +34 11 03.5          19.8 Rq~0oQqH45
     K12X06Y  C2013 02 11.10512 03 25 35.27 +34 11 02.8          19.9 Rq~0oQqH45
     K12X06Y  C2013 02 11.10644 03 25 35.40 +34 11 02.3          19.8 Rq~0oQqH45
     K12X06Y  C2013 02 11.10753 03 25 35.63 +34 11 01.7          19.7 Rq~0oQqH45
     K12X06Y  C2013 02 11.10873 03 25 35.81 +34 11 00.8          19.7 Rq~0oQqH45
     K12X06Y  C2013 02 11.10995 03 25 35.88 +34 11 00.6          19.7 Rq~0oQqH45
     K12X06Y  C2013 02 11.11102 03 25 36.02 +34 10 59.8          19.7 Rq~0oQqH45
     K12X06Y KC2013 02 12.06368803 27 43.37 +34 04 38.5          19.7 Vu~0oQqH21
     K12X06Y KC2013 02 12.06975503 27 44.14 +34 04 35.9          19.6 Vu~0oQqH21
     K12X06Y KC2013 02 12.07561903 27 44.91 +34 04 33.6          19.1 Vu~0oQqH21
     K12X06Y KC2013 02 16.04193803 37 16.09 +33 37 32.6          19.2 Vq~0p6KH21
     K12X06Y KC2013 02 16.04820503 37 16.98 +33 37 29.7          19.4 Vq~0p6KH21
     K12X06Y KC2013 02 16.05467303 37 17.90 +33 37 26.8          19.5 Vq~0p6KH21
     K12X06Y KC2013 02 16.06182503 37 18.95 +33 37 23.6          19.3 Vq~0p6KH21
     K12X06Y HC2013 03 12.14325 04 58 27.71 +29 21 04.0          19.0 Ro~0prr291
     K12X06Y HC2013 03 12.14399 04 58 27.89 +29 21 03.3          19.0 Ro~0prr291
     K12X06Y HC2013 03 12.14475 04 58 28.07 +29 21 02.5          19.1 Ro~0prr291
     K12X06Y KC2013 03 30.06135 06 24 31.50 +21 50 59.4          19.0 Vq~0qTMH21
     K12X06Y IC2013 03 30.06694 06 24 33.29 +21 50 48.5                q~0qTMH21
     K12X06Y KC2013 03 30.07254 06 24 34.97 +21 50 35.9          19.2 Vq~0qTMH21
     K12X06Y KC2013 04 05.05565306 57 31.44 +18 01 42.4          19.1 Vu~0qkqH21
     K12X06Y KC2013 04 05.05880606 57 32.48 +18 01 34.8          19.6 Vu~0qkqH21
     K12X06Y KC2013 04 05.06195506 57 33.52 +18 01 26.5          19.1 Vu~0qkqH21
     K12X06Y  C2013 04 12.09486 07 38 07.47 +12 43 08.6          19.0 Rq~0qkqH45
     K12X06Y  C2013 04 12.09587 07 38 07.78 +12 43 05.1          19.0 Rq~0qkqH45
     K12X06Y  C2013 04 12.09693 07 38 08.22 +12 43 01.9          19.2 Rq~0qkqH45
     K12X06Y  C2013 04 12.09778 07 38 08.50 +12 42 59.3          19.1 Rq~0qkqH45
     K12X06Y  C2013 04 12.09858 07 38 08.74 +12 42 57.9          19.2 Rq~0qkqH45
     K12X06Y  C2013 04 12.09957 07 38 09.11 +12 42 54.4          19.1 Rq~0qkqH45
     K12X06Y  C2013 04 12.10046 07 38 09.43 +12 42 51.7          19.0 Rq~0qkqH45
     K12X06Y  C2013 04 12.10131 07 38 09.67 +12 42 49.1          19.1 Rq~0qkqH45
     K12X06Y  C2013 04 13.12688 07 44 11.24 +11 52 44.2          19.1 Rq~0r64H45
     K12X06Y  C2013 04 13.12791 07 44 11.54 +11 52 40.8          19.0 Rq~0r64H45
     K12X06Y  C2013 04 13.12903 07 44 11.90 +11 52 38.1          19.1 Rq~0r64H45
     K12X06Y  C2013 04 13.13010 07 44 12.28 +11 52 34.7          19.0 Rq~0r64H45
     K12X06Y  C2013 04 13.13124 07 44 12.65 +11 52 31.5          19.1 Rq~0r64H45
     K12X06Y  C2013 04 13.13225 07 44 12.96 +11 52 28.8          19.1 Rq~0r64H45
     K12X06Y  C2013 04 13.13330 07 44 13.33 +11 52 26.0          19.0 Rq~0r64H45
     K12X06Y  C2013 04 13.13445 07 44 13.72 +11 52 22.4          19.0 Rq~0r64H45
     K12X06Y KC2013 04 22.08904208 37 09.27 +04 14 23.6          18.9 Vu~0rKrH21
     K12X06Y KC2013 04 22.09379308 37 10.90 +04 14 08.6          18.8 Vu~0rKrH21
     K12X06Y KC2013 04 22.09855608 37 12.55 +04 13 53.7          18.8 Vu~0rKrH21
     K12X06Y KC2013 04 24.85423 08 53 19.94 +01 51 41.6                t~0rUY204
     K12X06Y KC2013 04 24.86397 08 53 23.28 +01 51 11.9          17.9 Rt~0rUY204
     K12X06Y KC2013 04 24.87372 08 53 26.63 +01 50 41.8                t~0rUY204
     K12X06Y KC2013 04 30.11735809 23 29.49 -02 30 27.4          18.9 Vu~0rUYH21
     K12X06Y KC2013 04 30.12098209 23 30.68 -02 30 37.7          18.9 Vu~0rUYH21
     K12X06Y KC2013 04 30.12446009 23 31.83 -02 30 47.8          18.8 Vu~0rUYH21
     K12X06Y KC2013 04 30.12793809 23 32.97 -02 30 57.9          18.9 Vu~0rUYH21
     K12X06Y |C2013 05 07.95533 10 06 09.76 -08 19 11.0          19.0 Vu~0rpf807
     K12X06Y |C2013 05 07.95779 10 06 10.51 -08 19 17.0          19.0 Vu~0rpf807
     K12X06Y |C2013 05 07.96026 10 06 11.26 -08 19 23.0          18.9 Vu~0rpf807
     K12X06Y |C2013 05 07.96272 10 06 12.01 -08 19 29.1          18.9 Vu~0rpf807
     K12X06Y |C2013 05 07.96518 10 06 12.76 -08 19 35.0          19.0 Vu~0rpf807
     K12X06Y KC2013 05 08.12146 10 07 00.92 -08 26 23.6          18.9 Vu~0rpfH21
     K12X06Y KC2013 05 08.12438 10 07 01.81 -08 26 30.5          19.1 Vu~0rpfH21
     K12X06Y KC2013 05 08.12730 10 07 02.72 -08 26 37.1          19.4 Vu~0rpfH21
     K12X06Y QC2013 05 31.40253 11 52 51.94 -19 32 36.2          19.2 Vq~0szGE12
     K12X06Y QC2013 05 31.42526 11 52 57.08 -19 33 01.9                q~0szGE12
     K12X06Y |C2013 06 05.94819 12 13 41.41 -21 05 38.4          19.8 Vu~0sPn807
     K12X06Y |C2013 06 05.95064 12 13 41.93 -21 05 40.5          19.8 Vu~0sPn807
     K12X06Y |C2013 06 05.95311 12 13 42.45 -21 05 42.7          19.4 Vu~0sPn807
     K12X06Y |C2013 06 05.95560 12 13 42.97 -21 05 45.2          19.4 Vu~0sPn807
     K12X06Y |C2013 06 05.95809 12 13 43.50 -21 05 47.4          19.5 Vu~0sPn807
     K12X06Y |C2013 06 13.94793 12 41 22.50 -22 51 29.6          19.9 Vu~0soM807
     K12X06Y |C2013 06 13.95036 12 41 22.96 -22 51 31.3          20.1 Vu~0soN807
     K12X06Y |C2013 06 13.95280 12 41 23.43 -22 51 33.0          20.1 Vu~0soN807
     K12X06Y |C2013 06 13.95523 12 41 23.91 -22 51 34.9          20.0 Vu~0soN807
     K12X06Y |C2013 06 13.95767 12 41 24.38 -22 51 36.4          20.3 Vu~0soN807
     K12X06Y ^C2014 08 30.39384 23 09 08.97 -06 43 23.0          23.6 Ro~1T1e695
     K12X06Y ^C2014 08 30.39554 23 09 08.84 -06 43 23.6          23.9 Ro~1T1e695
     K12X06Y ^C2014 08 30.39932 23 09 08.59 -06 43 24.9          23.3 Ro~1T1e695
     K12X06Y ^C2014 08 30.40103 23 09 08.48 -06 43 25.4          24.2 Ro~1T1e695
     K12X06Y ^C2014 08 30.40273 23 09 08.36 -06 43 25.8          23.4 Ro~1T1e695
     K12X06Y ^C2014 08 30.40464 23 09 08.23 -06 43 26.5          23.4 Ro~1T1e695
     K12X06Y ^C2014 08 30.40634 23 09 08.13 -06 43 26.7          24.4 Ro~1T1e695
     K12X06Y ^C2014 08 31.37458 23 08 04.57 -06 48 26.0          23.5 Ro~1T1e695
     K12X06Y ^C2014 08 31.37768 23 08 04.35 -06 48 27.2          23.7 Ro~1T1e695
     K12X06Y ^C2014 08 31.38077 23 08 04.15 -06 48 27.8          23.8 Ro~1T1e695
     K12X06Y ^C2014 08 31.38637 23 08 03.76 -06 48 29.5          23.0 Ro~1T1e695
     K12X06Y ^C2014 08 31.38947 23 08 03.53 -06 48 30.5          22.7 Ro~1T1e695
     K12X06Y ^C2014 08 31.39257 23 08 03.36 -06 48 31.5          22.7 Ro~1T1e695
     K12X06Y 2C2014 09 03.53473523 04 34.493-07 04 45.65         23.0 Rt~18dz568
     K12X06Y 2C2014 09 03.54220323 04 33.977-07 04 47.98         22.9 Rt~18dz568
     K12X06Y 2C2014 09 04.43065323 03 34.685-07 09 23.92         22.7 Rt~18dz568
     K12X06Y 2C2014 09 04.43806523 03 34.178-07 09 26.19         22.5 Rt~18dz568
     K12X06Y KC2015 10 02.39488 07 10 38.57 +31 27 26.9                o~1XvE291
     K12X06Y KC2015 10 02.40586 07 10 40.66 +31 27 26.8          21.1 Ro~1XvE291
     K12X06Y KC2015 10 02.41687 07 10 42.78 +31 27 26.3          21.5 Ro~1XvE291
     K12X06Y  C2016 01 12.64475 14 18 33.121-08 54 43.73         20.5 wL~1iGpF51
     K12X06Y  C2016 01 12.65283 14 18 35.188-08 55 02.70         20.5 wL~1iGpF51
     K12X06Y  C2016 01 12.65692 14 18 36.235-08 55 12.11         20.6 wL~1iGpF51
