     K12T52Y* c2012 10 07.26370323 11 40.827+15 07 00.26         21.2 wL~0jeHF51
     K12T52Y  c2012 10 07.27714023 11 38.583+15 06 40.25         21.1 wL~0jeHF51
     K12T52Y  c2012 10 07.29325923 11 35.899+15 06 16.14         21.2 wL~0jeHF51
     K12T52Y  c2012 10 07.30665423 11 33.666+15 05 56.03         21.2 wL~0jeHF51
     K12T52Y KC2012 10 08.07389823 09 31.74 +14 46 09.0          21.1 Vv~0jeHH21
     K12T52Y KC2012 10 08.07448 23 09 31.82 +14 46 08.7          19.6 Ru~0jeHH36
     K12T52Y KC2012 10 08.08293 23 09 30.38 +14 45 55.1          20.4 Ru~0jeHH36
     K12T52Y KC2012 10 08.08416523 09 30.06 +14 45 53.1          21.2 Vv~0jeHH21
     K12T52Y KC2012 10 08.09684623 09 27.92 +14 45 33.3          20.8 Vv~0jeHH21
     K12T52Y  C2012 10 08.09740 23 09 28.25 +14 45 33.8          20.0 Ro~0jeHH01
     K12T52Y KC2012 10 08.10013 23 09 27.60 +14 45 28.2          20.0 Ru~0jeHH36
     K12T52Y  C2012 10 08.10057 23 09 27.73 +14 45 28.9          20.3 Ro~0jeHH01
     K12T52Y KC2012 10 08.11234423 09 25.35 +14 45 09.1          20.9 Vv~0jeHH21
     K12T52Y  C2012 10 08.11650 23 09 25.08 +14 45 04.3          20.1 Ro~0jeHH01
     K12T52Y  C2012 10 08.12321 23 09 23.97 +14 44 53.9          20.3 Ro~0jeHH01
     K12T52Y KC2012 10 09.10053 23 06 47.44 +14 18 51.1          20.3 Ro~0jeH291
     K12T52Y KC2012 10 09.10266 23 06 47.08 +14 18 47.7          20.5 Ro~0jeH291
     K12T52Y KC2012 10 09.10479 23 06 46.73 +14 18 44.4          20.4 Ro~0jeH291
     K12T52Y KC2012 10 10.14726 23 03 57.66 +13 49 43.8          19.8 Ru~0jeHH36
     K12T52Y KC2012 10 10.15227 23 03 56.79 +13 49 36.6          19.7 Ru~0jeHH36
     K12T52Y KC2012 10 10.16755 23 03 54.19 +13 49 10.7          20.3 Ru~0jeHH36
     K12T52Y  C2012 10 10.17888 23 03 52.59 +13 48 53.8          20.5 Vr~0jeHG96
     K12T52Y  C2012 10 10.18297 23 03 51.87 +13 48 46.8          20.3 Vr~0jeHG96
     K12T52Y  C2012 10 10.18706 23 03 51.15 +13 48 39.8          20.5 Vr~0jeHG96
     K12T52Y  C2012 10 10.19122 23 03 50.47 +13 48 32.6          20.7 Vr~0jeHG96
     K12T52Y KC2012 10 11.12524 23 01 19.21 +13 21 31.9          20.3 Ro~0jeH291
     K12T52Y KC2012 10 11.12730 23 01 18.87 +13 21 28.0          20.3 Ro~0jeH291
     K12T52Y KC2012 10 11.12936 23 01 18.53 +13 21 24.6          20.1 Ro~0jeH291
     K12T52Y ]C2012 10 11.21065 23 01 04.59 +13 19 01.2          20.6 Ro~0jeH695
     K12T52Y ]C2012 10 11.21166 23 01 04.40 +13 18 59.8          20.7 Ro~0jeH695
     K12T52Y ]C2012 10 11.21248 23 01 04.28 +13 18 58.5          20.7 Ro~0jeH695
     K12T52Y ]C2012 10 11.21450 23 01 03.95 +13 18 55.1          20.7 Ro~0jeH695
     K12T52Y KC2012 10 14.09612 22 53 13.43 +11 49 23.3          20.1 Ro~0jeH291
     K12T52Y KC2012 10 14.09811 22 53 13.10 +11 49 19.2          20.3 Ro~0jeH291
     K12T52Y KC2012 10 14.10009 22 53 12.76 +11 49 15.4          20.0 Ro~0jeH291
     K12T52Y KC2012 10 15.08051 22 50 32.23 +11 16 49.1          19.9 Ro~0jeH291
     K12T52Y KC2012 10 15.08181 22 50 31.84 +11 16 46.5          19.7 Ro~0jeH291
     K12T52Y KC2012 10 15.08311 22 50 31.74 +11 16 44.5          19.8 Ro~0jeH291
     K12T52Y KC2012 10 16.06265 22 47 49.35 +10 43 22.8          19.9 Rt~0jeHJ04
     K12T52Y KC2012 10 16.06699 22 47 48.60 +10 43 13.6          19.9 Rt~0jeHJ04
     K12T52Y KC2012 10 16.07154 22 47 47.84 +10 43 04.0          19.0 Rt~0jeHJ04
     K12T52Y KC2012 10 16.28829 22 47 12.74 +10 35 33.5          20.3 Ro~0jeH291
     K12T52Y KC2012 10 16.28959 22 47 12.53 +10 35 30.5          20.0 Ro~0jeH291
     K12T52Y KC2012 10 16.29090 22 47 12.30 +10 35 27.9          20.1 Ro~0jeH291
     K12T52Y KC2012 10 17.18664 22 44 47.04 +10 03 57.1          20.4 Ro~0jeH291
     K12T52Y KC2012 10 17.18856 22 44 46.70 +10 03 53.0          20.6 Ro~0jeH291
     K12T52Y KC2012 10 17.19047 22 44 46.39 +10 03 49.0          20.4 Ro~0jeH291
     K12T52Y 2C2012 10 17.22580622 44 41.479+10 02 37.80         20.7 Rt~0jeH568
     K12T52Y 2C2012 10 17.22675522 44 41.314+10 02 35.75         20.8 Rt~0jeH568
     K12T52Y 2C2012 10 17.22770422 44 41.154+10 02 33.76         20.6 Rt~0jeH568
     K12T52Y KC2012 10 20.21566 22 36 37.19 +08 11 52.7          20.5 Ro~0kJO291
     K12T52Y KC2012 10 20.21754 22 36 36.85 +08 11 48.2          20.2 Ro~0kJO291
     K12T52Y KC2012 10 20.21941 22 36 36.52 +08 11 44.0          20.3 Ro~0kJO291
     K12T52Y KC2012 10 21.11819 22 34 14.12 +07 36 57.1          19.8 Ro~0kJO291
     K12T52Y KC2012 10 21.12006 22 34 13.81 +07 36 52.4          20.0 Ro~0kJO291
     K12T52Y KC2012 10 21.12195 22 34 13.50 +07 36 48.1          20.0 Ro~0kJO291
     K12T52Y KC2012 10 22.10298 22 31 38.39 +06 58 04.3          19.8 Ro~0kJO291
     K12T52Y KC2012 10 22.10424 22 31 38.19 +06 58 01.5          19.8 Ro~0kJO291
     K12T52Y KC2012 10 22.10550 22 31 37.98 +06 57 58.7          20.2 Ro~0kJO291
     K12T52Y KC2012 10 23.09434 22 29 02.95 +06 18 10.7          19.7 Ro~0kJO291
     K12T52Y KC2012 10 23.09619 22 29 02.69 +06 18 06.1          19.5 Ro~0kJO291
     K12T52Y KC2012 10 23.09804 22 29 02.39 +06 18 01.8          19.6 Ro~0kJO291
     K12T52Y KC2012 11 03.14030 22 02 00.38 -01 50 47.7          20.7 Ro~0kky291
     K12T52Y KC2012 11 03.14272 22 02 00.01 -01 50 54.8          20.9 Ro~0kky291
     K12T52Y KC2012 11 03.14514 22 01 59.68 -01 51 01.8          21.0 Ro~0kky291
     K12T52Y KC2012 11 07.24037 21 52 44.96 -05 10 05.5          20.1 Ro~0kky291
     K12T52Y KC2012 11 07.24235 21 52 44.68 -05 10 11.9          20.4 Ro~0kky291
     K12T52Y KC2012 11 07.24357 21 52 44.52 -05 10 15.1          20.1 Ro~0kky291
     K12T52Y KC2012 11 08.15929 21 50 43.64 -05 56 01.8                o~0kky291
     K12T52Y KC2012 11 08.16313 21 50 43.15 -05 56 12.1                o~0kky291
     K12T52Y KC2012 11 17.10945 21 30 44.41 -13 50 39.9                o~0lju291
     K12T52Y KC2012 11 17.11169 21 30 44.10 -13 50 47.3                o~0lju291
     K12T52Y KC2012 11 17.11395 21 30 43.78 -13 50 54.7          21.1 Ro~0lju291
     K12T52Y ^C2013 06 12.34157 15 37 01.58 -10 13 39.0          23.6 Ro~0ueq695
     K12T52Y ^C2013 06 12.34884 15 37 01.14 -10 13 37.3          23.0 Ro~0ueq695
     K12T52Y ^C2013 06 12.35610 15 37 00.67 -10 13 35.0                o~0ueq695
     K12T52Y ^C2013 06 13.25254 15 36 07.25 -10 09 49.5                o~0ueq695
     K12T52Y ^C2013 06 13.25735 15 36 06.90 -10 09 48.1                o~0ueq695
     K12T52Y ^C2013 06 13.26346 15 36 06.53 -10 09 46.6          23.6 Ro~0ueq695
     K12T52Y 2C2013 07 04.36681015 25 44.031-09 42 42.86         24.2 Rt~0tJy568
     K12T52Y 2C2013 07 04.37753215 25 43.969-09 42 43.52         24.1 Rt~0tJy568
     K12T52Y 2C2013 07 04.38824915 25 43.909-09 42 44.05         23.6 Rt~0tJy568
     K12T52Y 2C2013 07 06.37555115 25 41.130-09 45 09.59         24.0 Rt~0tJy568
     K12T52Y 2C2013 07 06.38624815 25 41.113-09 45 10.26         23.9 Rt~0tJy568
     K12T52Y 2C2013 07 06.39696415 25 41.107-09 45 11.36         24.7 Rt~0tJy568
     K12T52Y ^C2014 08 30.31073 21 50 46.77 +05 44 16.6                o~1T1Y695
     K12T52Y ^C2014 08 30.31382 21 50 46.43 +05 44 14.6          24.2 Ro~1T1Y695
     K12T52Y ^C2014 08 30.32044 21 50 45.74 +05 44 10.9          23.8 Ro~1T1Y695
     K12T52Y ^C2014 08 30.32353 21 50 45.45 +05 44 09.0                o~1T1Y695
     K12T52Y ^C2014 08 30.33306 21 50 44.45 +05 44 03.3          24.0 Ro~1T1Y695
     K12T52Y ^C2014 08 31.34320 21 49 02.78 +05 33 58.6          23.9 Ro~1T1Y695
     K12T52Y ^C2014 08 31.34739 21 49 02.37 +05 33 56.3          24.4 Ro~1T1Y695
     K12T52Y ^C2014 08 31.35118 21 49 01.95 +05 33 54.1          24.1 Ro~1T1Y695
     K12T52Y ^C2014 08 31.35544 21 49 01.51 +05 33 51.3          23.6 Ro~1T1Y695
     K12T52Y ^C2014 08 31.35924 21 49 01.15 +05 33 48.9          23.7 Ro~1T1Y695
     K12T52Y ^C2014 08 31.36303 21 49 00.73 +05 33 46.7          23.3 Ro~1T1Y695
     K12T52Y KC2015 04 17.16190 07 16 28.16 +04 40 20.0                o~1Q4J291
     K12T52Y KC2015 04 17.16617 07 16 30.82 +04 40 20.5                o~1Q4J291
     K12T52Y KC2015 04 17.17043 07 16 33.40 +04 40 20.8                o~1Q4J291
