     K12T79H* c2012 10 10.35290100 07 30.164-20 07 38.94         21.0 wL~0jeuF51
     K12T79H  c2012 10 10.36683700 07 29.241-20 08 17.12         20.9 wL~0jeuF51
     K12T79H  c2012 10 10.39469400 07 27.405-20 09 33.57         20.8 wL~0jeuF51
     K12T79H |C2012 10 11.07332 00 06 51.87 -20 40 23.7          21.1 Vu~0jeu807
     K12T79H |C2012 10 11.07680 00 06 51.63 -20 40 33.3          21.2 Vu~0jeu807
     K12T79H |C2012 10 11.08722 00 06 50.97 -20 41 02.1          21.0 Vu~0jeu807
     K12T79H KC2012 10 11.18302 00 06 45.95 -20 45 57.7          19.7 Ro~0jeu291
     K12T79H KC2012 10 11.18514 00 06 45.83 -20 46 02.9          19.7 Ro~0jeu291
     K12T79H KC2012 10 11.18727 00 06 45.66 -20 46 08.9          20.2 Ro~0jeu291
     K12T79H |C2012 10 12.12326 00 05 54.26 -21 29 30.5          20.5 Vu~0jeu807
     K12T79H |C2012 10 12.12674 00 05 54.01 -21 29 40.6          20.4 Vu~0jeu807
     K12T79H |C2012 10 12.13023 00 05 53.79 -21 29 50.4          20.4 Vu~0jeu807
     K12T79H |C2012 10 12.13372 00 05 53.56 -21 30 00.2          20.5 Vu~0jeu807
     K12T79H |C2012 10 12.13720 00 05 53.33 -21 30 10.0          20.4 Vu~0jeu807
     K12T79H KC2012 10 13.26289 00 04 51.41 -22 24 19.0          20.1 Ro~0jeu291
     K12T79H KC2012 10 13.26475 00 04 51.29 -22 24 24.6          20.1 Ro~0jeu291
     K12T79H KC2012 10 13.26661 00 04 51.14 -22 24 30.2          20.2 Ro~0jeu291
     K12T79H |C2012 10 16.22485 00 02 06.36 -24 49 47.2          20.0 Vu~0jeu807
     K12T79H |C2012 10 16.22863 00 02 06.11 -24 49 58.5          20.1 Vu~0jeu807
     K12T79H |C2012 10 16.23213 00 02 05.86 -24 50 08.8          20.0 Vu~0jeu807
     K12T79H 2C2012 10 17.36411200 01 04.386-25 48 12.01         20.3 Rt~0kJU568
     K12T79H 2C2012 10 17.36507100 01 04.319-25 48 14.89         20.2 Rt~0kJU568
     K12T79H 2C2012 10 17.36601600 01 04.253-25 48 17.89         20.2 Rt~0kJU568
     K12T79H KC2012 10 19.49920 23 59 06.65 -27 38 48.1          19.6 Ro~0kJU474
     K12T79H KC2012 10 19.50131 23 59 06.50 -27 38 54.5          20.1 Ro~0kJU474
     K12T79H KC2012 10 19.50343 23 59 06.37 -27 39 02.0          20.3 Ro~0kJU474
     K12T79H KC2012 10 19.50553 23 59 06.23 -27 39 08.4          20.1 Ro~0kJU474
     K12T79H KC2012 10 20.23354 23 58 27.39 -28 18 30.4          19.9 Ro~0kJU291
     K12T79H KC2012 10 20.23547 23 58 27.25 -28 18 36.3          20.2 Ro~0kJU291
     K12T79H KC2012 10 20.23738 23 58 27.12 -28 18 43.2          20.2 Ro~0kJU291
     K12T79H |C2012 10 30.05410 23 50 25.22 -37 40 30.3          20.1 Vu~0kl5807
     K12T79H |C2012 10 30.06531 23 50 24.58 -37 41 11.8          20.1 Vu~0kl5807
     K12T79H |C2012 11 08.12012 23 44 54.61 -47 44 37.5          20.0 Vu~0kl5807
     K12T79H |C2012 11 08.12523 23 44 54.32 -47 44 59.0          20.1 Vu~0kl5807
     K12T79H |C2012 11 08.12781 23 44 54.19 -47 45 10.1          20.0 Vu~0kl5807
     K12T79H |C2012 11 08.13039 23 44 54.07 -47 45 21.4          20.2 Vu~0kl5807
     K12T79H KC2012 11 18.50013 23 40 17.65 -61 59 26.7          20.3 Ro~0ljy474
     K12T79H KC2012 11 18.50295 23 40 17.54 -61 59 41.9          20.5 Ro~0ljy474
     K12T79H KC2012 11 18.50577 23 40 17.45 -61 59 57.3          20.4 Ro~0ljy474
     K12T79H KC2012 11 18.50823 23 40 17.27 -62 00 10.9          20.3 Ro~0ljy474
     K12T79H |C2013 01 07.27141 12 41 40.85 -30 55 26.5          21.2 Vu~0nLg807
     K12T79H |C2013 01 07.27501 12 41 40.96 -30 55 14.7          21.1 Vu~0nLg807
     K12T79H |C2013 01 07.28234 12 41 41.14 -30 54 49.5          21.0 Vu~0nLg807
     K12T79H |C2013 01 07.28578 12 41 41.22 -30 54 38.2          21.2 Vu~0nLg807
     K12T79H |C2013 01 15.31268 12 44 55.38 -23 54 40.6          21.1 Vu~0nhK807
     K12T79H |C2013 01 15.31688 12 44 55.41 -23 54 29.1          21.0 Vu~0nhK807
     K12T79H |C2013 01 15.32107 12 44 55.41 -23 54 16.8          21.1 Vu~0nhK807
     K12T79H |C2013 01 15.32528 12 44 55.39 -23 54 05.4          21.0 Vu~0nhK807
     K12T79H |C2013 01 15.32950 12 44 55.38 -23 53 53.6          21.1 Vu~0nhK807
     K12T79H |C2013 01 16.30527 12 45 07.51 -23 07 52.4          20.9 Vu~0nhK807
     K12T79H |C2013 01 16.30946 12 45 07.49 -23 07 40.7          21.0 Vu~0nhK807
     K12T79H |C2013 01 16.31364 12 45 07.51 -23 07 28.8          21.2 Vu~0nhK807
     K12T79H |C2013 02 11.31847 12 31 54.14 -05 47 44.5          20.8 Vu~0p6J807
     K12T79H |C2013 02 11.33227 12 31 53.02 -05 47 14.7          20.7 Vu~0p6J807
     K12T79H |C2013 02 11.33591 12 31 52.69 -05 47 06.8          20.6 Vu~0p6J807
     K12T79H |C2013 02 18.24049 12 22 56.99 -01 49 22.4          21.0 Vu~0p6J807
     K12T79H |C2013 02 18.24418 12 22 56.63 -01 49 15.2          21.1 Vu~0p6J807
     K12T79H |C2013 02 18.24788 12 22 56.28 -01 49 07.8          21.2 Vu~0p6J807
     K12T79H |C2013 02 18.25159 12 22 55.95 -01 49 00.5          20.9 Vu~0p6J807
     K12T79H |C2013 02 18.25533 12 22 55.58 -01 48 53.0          21.0 Vu~0p6J807
