     K12B86L* C2012 01 29.34034 07 53 21.80 +45 27 12.9          19.1 Vr~0d71703
     K12B86L  C2012 01 29.34708 07 53 30.66 +45 27 18.3          19.1 Vr~0d71703
     K12B86L  C2012 01 29.35383 07 53 39.26 +45 27 23.1          19.2 Vr~0d71703
     K12B86L  C2012 01 29.39611 07 54 34.03 +45 27 52.9          19.1 Rc~0d71651
     K12B86L  C2012 01 29.39799 07 54 36.35 +45 27 53.5          19.1 Rc~0d71651
     K12B86L  C2012 01 29.39987 07 54 38.82 +45 27 55.3          19.1 Rc~0d71651
     K12B86L  C2012 01 29.40124 07 54 40.57 +45 27 53.2          19.3 Vr~0d71703
     K12B86L  C2012 01 29.40192 07 54 41.47 +45 27 54.7          19.1 Vr~0d71703
     K12B86L  C2012 01 29.40263 07 54 42.33 +45 27 55.3          18.9 Vr~0d71703
     K12B86L  C2012 01 29.40330 07 54 43.27 +45 27 55.8          19.2 Vr~0d71703
     K12B86L  C2012 01 29.44268 07 55 52.95 +45 28 09.6          19.6 Ro~0d71300
     K12B86L  C2012 01 29.44686 07 55 58.47 +45 28 15.5          19.4 Ro~0d71300
     K12B86L  C2012 01 29.44939 07 55 43.19 +45 28 10.0          18.6 Ro~0d71H01
     K12B86L  C2012 01 29.45170 07 56 04.79 +45 28 21.0          19.7 Ro~0d71300
     K12B86L  C2012 01 29.45360 07 56 07.22 +45 28 24.0          19.6 Ro~0d71300
     K12B86L  C2012 01 29.45592 07 56 10.32 +45 28 26.7          19.4 Ro~0d71300
     K12B86L  C2012 01 29.45781 07 56 12.71 +45 28 29.0          19.5 Ro~0d71300
     K12B86L  C2012 01 29.46088 07 55 58.28 +45 28 14.5          18.4 Ro~0d71H01
     K12B86L  C2012 01 29.46468 07 56 03.27 +45 28 15.9          18.8 Ro~0d71H01
     K12B86L  C2012 01 29.47037 07 56 10.77 +45 28 17.9          18.7 Ro~0d71H01
     K12B86L KC2012 01 30.05363 08 08 57.19 +45 33 41.3          19.4 Vu~0d71I93
     K12B86L KC2012 01 30.06136 08 09 06.63 +45 33 41.3          19.2 Vu~0d71I93
     K12B86L KC2012 01 30.06920 08 09 16.15 +45 33 41.2          19.3 Vu~0d71I93
     K12B86L KC2012 01 30.07654008 09 37.98 +45 33 33.8          19.1 Vr~0d71H21
     K12B86L KC2012 01 30.08448108 09 47.72 +45 33 38.2          19.2 Vr~0d71H21
     K12B86L KC2012 01 30.09118608 09 55.93 +45 33 41.8          19.1 Vr~0d71H21
     K12B86L  C2012 01 30.23083 08 12 46.86 +45 34 31.6          18.6 Ro~0d71H01
     K12B86L  C2012 01 30.23782 08 12 55.08 +45 34 33.0          18.6 Ro~0d71H01
     K12B86L  C2012 01 30.24425 08 13 02.70 +45 34 33.9          18.8 Ro~0d71H01
     K12B86L  C2012 01 30.25315 08 13 13.19 +45 34 35.2          19.0 Ro~0d71H01
     K12B86L HC2012 02 02.42272 09 08 17.53 +44 40 04.2                o~0d71291
     K12B86L HC2012 02 02.42331 09 08 18.09 +44 40 02.6                o~0d71291
     K12B86L HC2012 02 02.42389 09 08 18.53 +44 40 02.0                o~0d71291
     K12B86L mC2012 02 03.52860 09 23 02.65 +44 04 48.1                o~0d71291
     K12B86L mC2012 02 03.52935 09 23 03.20 +44 04 46.4                o~0d71291
     K12B86L mC2012 02 03.53008 09 23 03.72 +44 04 44.2                o~0d71291
     K12B86L KC2012 02 13.30041210 34 25.99 +38 31 09.6          21.1 Vo~0dSZH21
     K12B86L KC2012 02 13.30946110 34 27.89 +38 30 53.1          20.6 Vo~0dSZH21
     K12B86L KC2012 02 13.31988810 34 30.04 +38 30 34.5          20.7 Vo~0dSZH21
     K12B86L KC2012 02 13.48155 10 35 05.35 +38 25 42.6                o~0dSZ291
     K12B86L KC2012 02 13.49080 10 35 07.30 +38 25 24.6                o~0dSZ291
     K12B86L KC2012 02 13.49471 10 35 08.13 +38 25 17.2                o~0dSZ291
     K12B86L KC2012 02 27.24210711 03 50.46 +32 53 01.5          22.3 Vo~0e93H21
     K12B86L KC2012 02 27.25573211 03 51.11 +32 52 44.9          22.6 Vo~0e93H21
     K12B86L KC2012 02 27.27080411 03 51.81 +32 52 27.2          22.1 Vo~0e93H21
