     K12UD8R* c2012 10 23.51172802 24 03.378+33 08 12.15         20.9 wL~0kMlF51
     K12UD8R  c2012 10 23.52687902 24 01.584+33 07 42.24         21.2 wL~0kMlF51
     K12UD8R  c2012 10 23.54204502 23 59.800+33 07 12.31         21.2 wL~0kMlF51
     K12UD8R KC2012 10 24.27460802 22 41.40 +32 43 29.7          20.4 Vv~0kMlH21
     K12UD8R KC2012 10 24.28260602 22 40.50 +32 43 13.7          19.9 Vv~0kMlH21
     K12UD8R KC2012 10 24.29025102 22 39.63 +32 42 59.8          20.0 Vv~0kMlH21
     K12UD8R KC2012 10 24.29773802 22 38.71 +32 42 44.8          20.2 Vv~0kMlH21
     K12UD8R %C2012 10 24.37665902 22 31.31 +32 40 19.2          20.4 Rt~0kMlF65
     K12UD8R %C2012 10 24.38145802 22 30.77 +32 40 10.1          21.0 Rt~0kMlF65
     K12UD8R %C2012 10 24.38519602 22 30.32 +32 40 02.8          20.7 Rt~0kMlF65
     K12UD8R KC2012 10 24.98478 02 21 26.68 +32 20 42.4                q~0kMl204
     K12UD8R KC2012 10 25.00614 02 21 24.35 +32 20 01.5          20.1 Rq~0kMl204
     K12UD8R KC2012 10 25.48578 02 20 33.73 +32 04 45.8          21.0 Ro~0kMl291
     K12UD8R KC2012 10 25.48936 02 20 33.35 +32 04 39.1          20.4 Ro~0kMl291
     K12UD8R KC2012 10 25.49296 02 20 32.93 +32 04 31.2          21.1 Ro~0kMl291
     K12UD8R KC2012 11 02.98965 02 08 17.79 +27 50 02.2                u~0kn4J95
     K12UD8R KC2012 11 03.02281 02 08 15.22 +27 49 06.5          20.8 Ru~0kn4J95
     K12UD8R KC2012 11 04.39250 02 06 40.95 +27 11 34.3          20.6 Ro~0kn4291
     K12UD8R KC2012 11 04.39504 02 06 40.77 +27 11 29.9          20.6 Ro~0kn4291
     K12UD8R KC2012 11 04.39758 02 06 40.59 +27 11 26.1          20.5 Ro~0kn4291
     K12UD8R HC2012 11 05.37281 02 05 38.01 +26 45 20.3          20.7 Ro~0kn4291
     K12UD8R HC2012 11 05.37588 02 05 37.84 +26 45 15.6          20.7 Ro~0kn4291
     K12UD8R HC2012 11 05.37894 02 05 37.58 +26 45 10.4          20.9 Ro~0kn4291
     K12UD8R HC2012 11 07.44704 02 03 35.53 +25 51 39.2          20.4 Ro~0kn4291
     K12UD8R HC2012 11 07.44920 02 03 35.44 +25 51 35.7          20.7 Ro~0kn4291
     K12UD8R HC2012 11 07.45136 02 03 35.40 +25 51 32.1          20.8 Ro~0kn4291
     K12UD8R KC2012 11 12.38593 01 59 44.24 +23 54 36.8          20.6 Ro~0lLp291
     K12UD8R KC2012 11 12.39067 01 59 44.05 +23 54 29.7          21.4 Ro~0lLp291
     K12UD8R KC2012 11 13.36925 01 59 07.95 +23 33 08.0          21.4 Ro~0lLp291
     K12UD8R KC2012 11 13.37554 01 59 07.70 +23 32 59.8          21.5 Ro~0lLp291
     K12UD8R KC2012 11 13.38182 01 59 07.46 +23 32 51.8          21.4 Ro~0lLp291
     K12UD8R KC2012 11 22.32377 01 55 54.03 +20 45 37.8          21.9 Ro~0lkj291
     K12UD8R KC2012 11 22.33763 01 55 53.87 +20 45 24.1          21.7 Ro~0lkj291
     K12UD8R KC2012 11 22.35149 01 55 53.67 +20 45 10.6          21.9 Ro~0lkj291
     K12UD8R 2C2012 12 14.27363502 01 44.555+16 59 06.46         23.2 Rt~0soM568
     K12UD8R 2C2012 12 14.28086602 01 44.793+16 59 03.86         23.5 Rt~0soM568
     K12UD8R 2C2012 12 14.28906702 01 45.061+16 59 01.30         24.1 Rt~0soM568
