     K12TD9O  C2000 12 31.49390 08 58 49.73 -10 23 39.5          19.1 Rc~1hVT608
     K12TD9O  C2000 12 31.50503 08 58 51.10 -10 24 57.6          18.6 Rc~1hVT608
     K12TD9O  C2000 12 31.51515 08 58 52.39 -10 26 11.0          19.0 Rc~1hVT608
     K12TD9O* C2012 10 11.25361 00 42 45.50 +00 21 26.3          20.4 Vr~0jgBG96
     K12TD9O  C2012 10 11.26040 00 42 44.31 +00 21 19.0          20.4 Vr~0jgBG96
     K12TD9O  C2012 10 11.26729 00 42 43.09 +00 21 11.3          20.3 Vr~0jgBG96
     K12TD9O  C2012 10 11.27409 00 42 41.86 +00 21 04.1          20.4 Vr~0jgBG96
     K12TD9O KC2012 10 11.32625400 42 32.44 +00 20 06.3          20.2 Vr~0jgBH21
     K12TD9O KC2012 10 11.33018600 42 31.71 +00 20 02.2          20.2 Vr~0jgBH21
     K12TD9O KC2012 10 11.33493000 42 30.89 +00 19 56.2          20.3 Vr~0jgBH21
     K12TD9O  C2012 10 11.37480 00 42 24.08 +00 19 14.6          20.4 Vr~0jgBG96
     K12TD9O  C2012 10 11.37760 00 42 23.61 +00 19 11.5          20.7 Vr~0jgBG96
     K12TD9O  C2012 10 11.38040 00 42 23.11 +00 19 08.5          20.2 Vr~0jgBG96
     K12TD9O  C2012 10 11.38318 00 42 22.60 +00 19 05.4          20.3 Vr~0jgBG96
     K12TD9O |C2012 10 12.11092 00 40 21.40 +00 06 29.8          20.2 Vu~0jgB807
     K12TD9O |C2012 10 12.11310 00 40 21.03 +00 06 27.4          20.2 Vu~0jgB807
     K12TD9O |C2012 10 12.11542 00 40 20.61 +00 06 24.9          20.1 Vu~0jgB807
     K12TD9O |C2012 10 12.11745 00 40 20.29 +00 06 22.7          20.3 Vu~0jgB807
     K12TD9O KC2012 10 12.89094 00 38 16.01 -00 06 54.6          19.9 Vv~0jgBI93
     K12TD9O KC2012 10 12.91196 00 38 12.67 -00 07 15.5          20.3 Vv~0jgBI93
     K12TD9O KC2012 10 12.93387 00 38 09.12 -00 07 36.6          20.3 Vv~0jgBI93
     K12TD9O FC2012 10 12.97723 00 38 02.10 -00 08 20.1          20.0 Rt~0jgB204
     K12TD9O FC2012 10 12.99902 00 37 58.63 -00 08 42.3                t~0jgB204
     K12TD9O KC2012 10 13.94785 00 35 34.92 -00 23 40.8          20.5 Rt~0jgBJ04
     K12TD9O KC2012 10 13.95052 00 35 34.53 -00 23 43.3          20.2 Rt~0jgBJ04
     K12TD9O KC2012 10 13.95319 00 35 34.12 -00 23 45.8          20.2 Rt~0jgBJ04
     K12TD9O HC2012 10 14.13194 00 35 08.12 -00 26 29.5          20.0 Ro~0jgB291
     K12TD9O HC2012 10 14.13278 00 35 08.01 -00 26 30.3          19.6 Ro~0jgB291
     K12TD9O HC2012 10 14.13362 00 35 07.88 -00 26 30.9          19.9 Ro~0jgB291
     K12TD9O KC2012 10 15.20177 00 32 36.05 -00 42 10.9          20.4 Ro~0jgB291
     K12TD9O KC2012 10 15.20435 00 32 35.69 -00 42 13.5          20.2 Ro~0jgB291
     K12TD9O KC2012 10 15.20692 00 32 35.33 -00 42 16.0          20.7 Ro~0jgB291
     K12TD9O KC2012 10 16.09698 00 30 35.44 -00 54 29.6          20.4 Rt~0jgBJ04
     K12TD9O KC2012 10 16.10132 00 30 34.85 -00 54 33.2          20.3 Rt~0jgBJ04
     K12TD9O KC2012 10 16.21420 00 30 20.82 -00 56 03.8          20.6 Ro~0jgB291
     K12TD9O KC2012 10 16.21688 00 30 20.49 -00 56 06.0          20.0 Ro~0jgB291
     K12TD9O KC2012 10 16.21956 00 30 20.14 -00 56 08.1          20.6 Ro~0jgB291
     K12TD9O KC2012 10 16.27582 00 30 12.30 -00 56 54.4          21.0 Vu~0jgBH21
     K12TD9O KC2012 10 16.28143 00 30 11.52 -00 56 58.4          20.8 Vu~0jgBH21
     K12TD9O KC2012 10 16.29556 00 30 09.77 -00 57 08.7          20.7 Vu~0jgBH21
     K12TD9O 2C2012 10 17.43516300 27 47.789-01 11 33.78         20.2 Rt~0jgB568
     K12TD9O 2C2012 10 17.43611700 27 47.670-01 11 34.57         20.6 Rt~0jgB568
     K12TD9O 2C2012 10 17.43706600 27 47.551-01 11 35.24         20.4 Rt~0jgB568
     K12TD9O HC2012 10 20.27150 00 22 34.26 -01 43 02.1          20.3 Ro~0kJg291
     K12TD9O HC2012 10 20.27267 00 22 34.21 -01 43 02.5          20.5 Ro~0kJg291
     K12TD9O HC2012 10 20.27384 00 22 34.04 -01 43 03.0          20.5 Ro~0kJg291
     K12TD9O KC2012 10 21.19559 00 21 03.77 -01 51 59.2          20.4 Ro~0kJg291
     K12TD9O KC2012 10 21.19910 00 21 03.44 -01 52 00.4                o~0kJg291
     K12TD9O KC2012 10 21.20261 00 21 03.04 -01 52 01.7          20.1 Ro~0kJg291
     K12TD9O 2C2012 11 06.31267000 05 54.158-03 12 38.64         21.7 Rt~0lKY568
     K12TD9O 2C2012 11 06.31571800 05 54.072-03 12 38.91         21.8 Rt~0lKY568
     K12TD9O 2C2012 11 06.31875700 05 53.984-03 12 39.37         21.4 Rt~0lKY568
     K12TD9O KC2012 11 07.20178 00 05 32.60 -03 13 59.3                o~0klN291
     K12TD9O KC2012 11 07.21488 00 05 32.25 -03 14 00.4                o~0klN291
     K12TD9O KC2012 11 07.22800 00 05 31.91 -03 14 01.0          22.0 Ro~0klN291
     K12TD9O 2C2012 11 16.30021800 03 52.690-03 14 41.40         22.2 Rt~0lKY568
     K12TD9O 2C2012 11 16.30743700 03 52.671-03 14 40.97         22.5 Rt~0lKY568
     K12TD9O 2C2012 11 16.31467900 03 52.644-03 14 40.44         22.0 Rt~0lKY568
     K12TD9O 9C2016 01 03.87874 04 48 05.61 +13 25 17.9          20.8 Rt~1hVT950
     K12TD9O 9C2016 01 03.88081 04 48 05.35 +13 25 17.7          20.8 Rt~1hVT950
     K12TD9O 9C2016 01 05.95911 04 43 46.21 +13 20 18.0          21.4 Rt~1hVT950
     K12TD9O 9C2016 01 05.96186 04 43 45.88 +13 20 17.8          21.3 Rt~1hVT950
     K12TD9O 9C2016 01 05.96461 04 43 45.53 +13 20 17.4          22.2 Rt~1hVT950
