j9386K12K11J* C2012 05 17.14893 08 08 24.82 +28 48 48.8          21.6 Vr~0gxIG96
j9386K12K11J  C2012 05 17.15410 08 08 25.18 +28 48 44.2          20.7 Vr~0gxIG96
j9386K12K11J  C2012 05 17.15925 08 08 25.58 +28 48 39.6          21.2 Vr~0gxIG96
j9386K12K11J  C2012 05 17.16446 08 08 25.94 +28 48 34.7          20.9 Vr~0gxIG96
j9386K12K11J  C2012 05 17.20084 08 08 28.67 +28 48 00.6          21.1 Vr~0gxIG96
j9386K12K11J  C2012 05 17.20716 08 08 29.14 +28 47 54.6                r~0gxIG96
j9386K12K11J  C2012 05 17.21349 08 08 29.59 +28 47 48.7          20.7 Vr~0gxIG96
j9386K12K11J  C2012 05 18.15683 08 09 41.24 +28 33 30.5          21.0 Vr~0gxIG96
j9386K12K11J  C2012 05 18.16299 08 09 41.74 +28 33 24.5          21.0 Vr~0gxIG96
j9386K12K11J  C2012 05 19.14774 08 10 57.21 +28 18 26.8          22.1 Vr~0gxIG96
j9386K12K11J  C2012 05 19.15352 08 10 57.61 +28 18 21.5          21.6 Vr~0gxIG96
j9386K12K11J  C2012 05 19.15891 08 10 58.00 +28 18 16.4          21.4 Vr~0gxIG96
j9386K12K11J  C2012 05 19.16432 08 10 58.51 +28 18 10.9          21.6 Vr~0gxIG96
j9386K12K11J  C2012 05 20.15019 08 12 14.76 +28 03 12.1          20.7 Vr~0gxIG96
j9386K12K11J  C2012 05 20.15662 08 12 15.26 +28 03 06.3          20.7 Vr~0gxIG96
j9386K12K11J  C2012 05 20.16978 08 12 16.27 +28 02 53.9          20.6 Vr~0gxIG96
j9386K12K11J  C2012 05 20.19154 08 12 17.95 +28 02 33.7          20.4 Ro~0gxIH01
j9386K12K11J  C2012 05 20.19733 08 12 18.38 +28 02 28.2          20.8 Ro~0gxIH01
j9386K12K11J  C2012 05 20.20547 08 12 19.03 +28 02 20.6          21.4 Ro~0gxIH01
j9386K12K11J  C2012 05 20.21231 08 12 19.55 +28 02 14.4          21.1 Ro~0gxIH01
j9386K12K11J  C2012 05 21.16161 08 13 33.78 +27 47 48.4          20.5 Vr~0gxIG96
j9386K12K11J  C2012 05 21.16751 08 13 34.24 +27 47 43.1          20.9 Vr~0gxIG96
j9386K12K11J  C2012 05 21.17390 08 13 34.71 +27 47 36.8          20.9 Vr~0gxIG96
j9386K12K11J HC2012 05 22.14222 08 14 51.03 +27 32 52.3          19.8 Ro~0gxI291
j9386K12K11J HC2012 05 22.14444 08 14 51.26 +27 32 50.0          20.3 Ro~0gxI291
j9386K12K11J HC2012 05 22.14668 08 14 51.49 +27 32 47.8          20.1 Ro~0gxI291
j9386K12K11J HC2012 05 23.15843 08 16 11.91 +27 17 22.0          19.9 Ro~0gxI291
j9386K12K11J HC2012 05 23.16150 08 16 12.06 +27 17 20.1          19.3 Ro~0gxI291
j9386K12K11J HC2012 05 23.16370 08 16 12.32 +27 17 18.0          19.5 Ro~0gxI291
j9386K12K11J  C2012 05 24.15473 08 17 31.79 +27 02 09.0          20.6 Vr~0gxIG96
j9386K12K11J  C2012 05 24.15901 08 17 32.02 +27 02 05.0          22.4 Vr~0gxIG96
j9386K12K11J  C2012 05 24.16321 08 17 32.33 +27 02 01.0                r~0gxIG96
j9386K12K11J KC2012 05 28.15356 08 22 59.04 +26 00 50.2          20.3 Ro~0hDM291
j9386K12K11J KC2012 05 28.15678 08 22 59.26 +26 00 47.2          19.9 Ro~0hDM291
j9386K12K11J KC2012 05 28.15999 08 22 59.56 +26 00 45.0          20.2 Ro~0hDM291
j9386K12K11J KC2012 05 29.15416 08 24 22.48 +25 45 25.7          20.2 Ro~0hDM291
j9386K12K11J KC2012 05 29.15752 08 24 22.74 +25 45 22.5          20.2 Ro~0hDM291
j9386K12K11J KC2012 05 29.16087 08 24 23.02 +25 45 19.5          20.0 Ro~0hDM291
j9386K12K11J KC2012 05 30.15649 08 25 46.72 +25 29 57.4          20.4 Ro~0hDM291
j9386K12K11J KC2012 05 30.15900 08 25 46.92 +25 29 54.8          20.5 Ro~0hDM291
j9386K12K11J KC2012 05 30.16152 08 25 47.13 +25 29 53.0          20.6 Ro~0hDM291
j9386K12K11J KC2012 05 31.15677 08 27 11.29 +25 14 28.1          20.0 Ro~0hDM291
j9386K12K11J KC2012 05 31.16139 08 27 11.69 +25 14 24.8          20.7 Ro~0hDM291
j9386K12K11J KC2012 06 12.15128 08 44 49.06 +22 05 17.4                o~0hKk291
j9386K12K11J KC2012 06 12.15464 08 44 49.30 +22 05 13.1          20.2 Ro~0hKk291
j9386K12K11J ^C2012 06 12.16287 08 44 50.07 +22 05 05.4          21.1 Ro~0hkr695
j9386K12K11J ^C2012 06 12.16546 08 44 50.35 +22 05 02.5                o~0hkr695
j9386K12K11J ^C2012 06 12.16781 08 44 50.50 +22 05 00.0                o~0hkr695
j9386K12K11J ^C2012 06 12.17016 08 44 50.67 +22 04 59.0                o~0hkr695
j9386K12K11J  C2012 06 14.15377 08 47 52.97 +21 32 52.7          20.5 Ro~0hKkH01
j9386K12K11J  C2012 06 14.15872 08 47 53.41 +21 32 47.9          21.0 Ro~0hKkH01
j9386K12K11J  C2012 06 14.16778 08 47 54.25 +21 32 39.0          20.4 Ro~0hKkH01
j9386K12K11J  C2012 06 14.17330 08 47 54.78 +21 32 33.6          20.4 Ro~0hKkH01
j9386K12K11J  C2012 06 15.15410 08 49 25.61 +21 16 35.1          20.2 Ro~0hKkH01
j9386K12K11J  C2012 06 15.16059 08 49 26.21 +21 16 28.9          20.6 Ro~0hKkH01
j9386K12K11J  C2012 06 15.17428 08 49 27.48 +21 16 15.3          21.1 Ro~0hKkH01
j9386K12K11J KC2012 06 21.14921 08 58 51.18 +19 37 19.6          21.7 Ro~0hX5H01
j9386K12K11J KC2012 06 21.15584 08 58 51.80 +19 37 12.8          21.0 Ro~0hX5H01
j9386K12K11J KC2012 06 21.16051 08 58 52.24 +19 37 07.9          20.8 Ro~0hX5H01
j9386K12K11J KC2012 06 21.16439 08 58 52.63 +19 37 04.0          21.2 Ro~0hX5H01
j9386K12K11J KC2012 06 21.16747 08 58 52.92 +19 37 00.9          20.9 Ro~0hX5H01
j9386K12K11J  C2013 12 30.46627 10 29 58.85 +47 42 49.4          20.6 Ro~0ykT926
j9386K12K11J  C2013 12 30.47787 10 29 58.17 +47 42 57.2          20.4 Ro~0ykT926
j9386K12K11J  C2013 12 30.48946 10 29 57.36 +47 43 04.7          20.8 Ro~0ykT926
j9386K12K11J  C2014 01 02.45229 10 26 35.75 +48 15 54.9          20.8 Ro~0ykT926
j9386K12K11J  C2014 01 02.46455 10 26 34.81 +48 16 02.9          20.4 Ro~0ykT926
j9386K12K11J  C2014 01 02.47789 10 26 33.81 +48 16 12.4          20.7 Ro~0ykT926
j9386K12K11J KC2014 02 12.23107 08 47 37.98 +51 33 19.3          19.8 Rq~10rR448
j9386K12K11J KC2014 02 12.25781 08 47 33.17 +51 33 08.2          19.8 Rq~10rR448
j9386K12K11J KC2014 02 12.28855 08 47 27.74 +51 32 56.4          19.3 Rq~10rR448
j9386K12K11J KC2014 03 07.15080607 56 10.23 +46 45 38.7          20.2 Vu~11qhH21
j9386K12K11J KC2014 03 07.15929707 56 09.44 +46 45 30.6                u~11qhH21
j9386K12K11J KC2014 03 07.16305507 56 09.12 +46 45 26.7          20.7 Vu~11qhH21
j9386K12K11J  C2014 03 20.33990 07 42 45.675+42 54 56.15         20.7 rL~127dF51
j9386K12K11J  C2014 03 20.35162 07 42 45.251+42 54 43.50         20.8 rL~127dF51
j9386K12K11J  C2014 03 20.36353 07 42 44.777+42 54 30.46         21.0 rL~127dF51
j9386K12K11J  C2014 05 20.26113 08 16 21.557+26 02 31.37         20.9 wL~14QPF51
j9386K12K11J  C2014 05 20.26577 08 16 21.890+26 02 26.86         21.0 wL~14QPF51
j9386K12K11J  C2014 05 20.27039 08 16 22.230+26 02 22.50         20.9 wL~14QPF51
j9386K12K11J  C2014 05 20.27502 08 16 22.586+26 02 18.05         20.9 wL~14QPF51
j9386K12K11J  C2016 01 02.41616 10 37 54.95 +45 08 28.8          20.7 Vq~1hVRI52
j9386K12K11J  C2016 01 02.42381 10 37 54.51 +45 08 33.6          20.9 Vq~1hVRI52
j9386K12K11J  C2016 01 02.42960 10 37 54.11 +45 08 37.1          21.1 Vq~1hVRI52
j9386K12K11J  C2016 01 02.43581 10 37 53.72 +45 08 41.5          21.2 Vq~1hVRI52
j9386K12K11J  C2016 01 03.50093 10 36 47.54 +45 19 53.2          21.0 Vq~1hVRI52
j9386K12K11J  C2016 01 03.52786 10 36 45.66 +45 20 10.1          21.0 Vq~1hVRI52
j9386K12K11J  C2016 01 03.53436 10 36 45.27 +45 20 14.4          20.5 Vq~1hVRI52
j9386K12K11J  C2016 01 28.48081 09 49 01.228+49 04 40.55         20.5 rL~1jigF51
j9386K12K11J  C2016 01 28.50841 09 48 56.663+49 04 48.64         20.2 rL~1jigF51
j9386K12K11J  C2016 01 28.52205 09 48 54.412+49 04 52.56         20.0 rL~1jigF51
j9386K12K11J  C2016 02 04.30446 09 29 45.02 +49 25 12.4          20.9 Vq~1k3Q703
j9386K12K11J  C2016 02 04.31049 09 29 44.11 +49 25 13.7          20.1 Vq~1k3Q703
j9386K12K11J  C2016 02 04.31650 09 29 42.87 +49 25 16.0          20.3 Vq~1k3Q703
j9386K12K11J  C2016 02 04.32253 09 29 41.90 +49 25 16.7          21.0 Vq~1k3Q703
j9386K12K11J  C2016 02 09.15658 09 15 24.07 +49 21 48.6          19.5 rR~1l36G45
j9386K12K11J  C2016 02 09.16143 09 15 23.14 +49 21 48.9          19.6 rR~1l36G45
j9386K12K11J  C2016 02 09.16625 09 15 22.15 +49 21 47.3          19.6 rR~1l36G45
j9386K12K11J  C2016 02 09.17110 09 15 21.51 +49 21 46.8          20.9 rR~1l36G45
j9386K12K11J  C2016 02 09.18141 09 15 19.52 +49 21 46.0          20.5 rR~1l36G45
j9386K12K11J  C2016 02 09.18148 09 15 19.64 +49 21 45.1          20.8 rR~1l36G45
j9386K12K11J  C2016 02 09.18626 09 15 18.64 +49 21 45.4          20.9 rR~1l36G45
j9386K12K11J  C2016 02 09.19599 09 15 16.83 +49 21 44.2          20.4 rR~1l36G45
j9386K12K11J  C2016 02 09.19606 09 15 16.83 +49 21 44.1          20.7 rR~1l36G45
j9386K12K11J  C2016 02 09.20084 09 15 16.02 +49 21 43.3          20.8 rR~1l36G45
j9386K12K11J  C2016 02 12.24076 09 06 15.85 +49 11 20.2          19.8 Vq~1l36703
j9386K12K11J  C2016 02 12.24534 09 06 15.12 +49 11 17.2          20.0 Vq~1l36703
j9386K12K11J  C2016 02 12.24993 09 06 14.27 +49 11 16.7          20.0 Vq~1l36703
j9386K12K11J  C2016 02 12.25454 09 06 13.34 +49 11 14.7          19.9 Vq~1l36703
j9386K12K11J  C2016 02 15.12801 08 57 51.65 +48 55 34.3          20.3 rR~1lwSG45
j9386K12K11J  C2016 02 15.12838 08 57 51.58 +48 55 34.3          20.2 rR~1lwSG45
j9386K12K11J  C2016 02 15.13300 08 57 50.87 +48 55 31.8          20.2 rR~1lwSG45
j9386K12K11J  C2016 02 15.13320 08 57 50.78 +48 55 32.3          19.6 rR~1lwSG45
j9386K12K11J  C2016 02 15.13791 08 57 49.96 +48 55 30.0          19.8 rR~1lwSG45
j9386K12K11J  C2016 02 15.13798 08 57 50.00 +48 55 30.6          20.0 rR~1lwSG45
j9386K12K11J  C2016 02 15.13812 08 57 50.02 +48 55 30.0          19.5 rR~1lwSG45
j9386K12K11J  C2016 02 15.14293 08 57 49.10 +48 55 28.5          20.1 rR~1lwSG45
j9386K12K11J  C2016 02 15.14313 08 57 49.03 +48 55 29.0          20.7 rR~1lwSG45
