     K12E05G* C2012 03 13.30201 08 53 54.413+04 58 00.03         21.0 gL~0ee2F51
     K12E05G  C2012 03 13.31512 08 53 53.541+04 57 58.64         20.9 gL~0ee2F51
     K12E05G  C2012 03 13.32829 08 53 52.668+04 57 56.88         20.5 rL~0ee2F51
     K12E05G FC2012 03 13.98998 08 53 30.62 +04 55 52.8                u~0ee2204
     K12E05G FC2012 03 14.00192 08 53 30.06 +04 55 50.4          20.0 Ru~0ee2204
     K12E05G  C2012 03 14.11627 08 53 32.81 +04 55 53.4          20.0 Ro~0ee2H01
     K12E05G  C2012 03 14.12306 08 53 32.42 +04 55 52.5          19.9 Ro~0ee2H01
     K12E05G  C2012 03 14.12999 08 53 32.00 +04 55 51.8          20.1 Ro~0ee2H01
     K12E05G  C2012 03 14.13706 08 53 31.58 +04 55 50.9          20.1 Ro~0ee2H01
     K12E05G IC2012 03 14.14684208 53 29.15 +04 55 42.2                t~0ee2H21
     K12E05G IC2012 03 14.15561908 53 28.62 +04 55 40.6                t~0ee2H21
     K12E05G IC2012 03 14.16440208 53 28.16 +04 55 38.9                t~0ee2H21
     K12E05G HC2012 03 14.25004 08 53 25.02 +04 55 38.3                o~0ee2291
     K12E05G HC2012 03 14.25353 08 53 24.80 +04 55 37.9                o~0ee2291
     K12E05G HC2012 03 14.25701 08 53 24.59 +04 55 37.2                o~0ee2291
     K12E05G %C2012 03 14.31566108 53 25.33 +04 55 47.9          20.1 Ro~0ee2F65
     K12E05G %C2012 03 14.31764208 53 25.20 +04 55 47.6          20.1 Ro~0ee2F65
     K12E05G %C2012 03 14.31970008 53 25.06 +04 55 47.3          20.1 Ro~0ee2F65
     K12E05G |C2012 03 15.00546 08 53 09.80 +04 55 34.6          20.2 Vo~0ee2807
     K12E05G |C2012 03 15.00869 08 53 09.62 +04 55 34.5          20.7 Vo~0ee2807
     K12E05G |C2012 03 15.01090 08 53 09.50 +04 55 34.4          20.5 Vo~0ee2807
     K12E05G |C2012 03 15.01329 08 53 09.33 +04 55 34.1          20.1 Vo~0ee2807
     K12E05G KC2012 03 15.16762108 53 01.63 +04 53 11.7          21.3 Vu~0ee2H21
     K12E05G KC2012 03 15.16912108 53 01.52 +04 53 11.6          21.2 Vu~0ee2H21
     K12E05G KC2012 03 15.17247308 53 01.33 +04 53 11.5          20.4 Vu~0ee2H21
     K12E05G KC2012 03 15.81724 08 52 48.18 +04 51 21.2          20.3 Vu~0ee2C93
     K12E05G FC2012 03 15.89780 08 52 43.76 +04 50 57.4                o~0ewI246
     K12E05G FC2012 03 15.89848 08 52 43.78 +04 50 57.6                o~0ewI246
     K12E05G KC2012 03 15.90066 08 52 43.45 +04 51 06.3          20.3 Vu~0ee2C93
     K12E05G HC2012 03 16.10708 08 52 43.87 +04 50 46.4                o~0ee2291
     K12E05G HC2012 03 16.11177 08 52 43.61 +04 50 45.8                o~0ee2291
     K12E05G HC2012 03 16.11641 08 52 43.33 +04 50 45.2                o~0ee2291
     K12E05G KC2012 03 16.93125 08 52 20.51 +04 47 38.4          19.9 Ru~0ewIB15
     K12E05G KC2012 03 16.93564 08 52 20.30 +04 47 37.5          19.8 Ru~0ewIB15
     K12E05G KC2012 03 16.94443 08 52 19.90 +04 47 35.7          20.2 Ru~0ewIB15
     K12E05G KC2012 03 16.94883 08 52 19.70 +04 47 34.7          20.2 Ru~0ewIB15
     K12E05G KC2012 03 16.95323 08 52 19.51 +04 47 33.8          20.1 Ru~0ewIB15
     K12E05G HC2012 03 17.15004 08 52 20.38 +04 47 28.3                o~0ewI291
     K12E05G HC2012 03 17.15508 08 52 20.05 +04 47 27.2                o~0ewI291
     K12E05G HC2012 03 17.16006 08 52 19.76 +04 47 26.1                o~0ewI291
     K12E05G KC2012 03 17.16990 08 52 16.53 +04 47 10.6          20.4 Vu~0ewIH21
     K12E05G KC2012 03 17.17463 08 52 16.24 +04 47 09.5          20.4 Vu~0ewIH21
     K12E05G KC2012 03 17.17999 08 52 15.95 +04 47 08.5          20.1 Vu~0ewIH21
     K12E05G KC2012 03 18.89363 08 51 49.09 +04 39 59.3                u~0ewIJ95
     K12E05G KC2012 03 18.91227 08 51 48.15 +04 39 54.3                u~0ewIJ95
     K12E05G KC2012 03 18.91868 08 51 47.84 +04 39 52.1          19.4 Ru~0ewIJ95
     K12E05G |C2012 03 18.99662 08 51 51.78 +04 42 25.7          19.9 Vo~0ewI807
     K12E05G |C2012 03 19.00263 08 51 51.42 +04 42 23.8          20.0 Vo~0ewI807
     K12E05G |C2012 03 19.00826 08 51 51.10 +04 42 22.8          20.2 Vo~0ewI807
     K12E05G  C2012 03 19.60506 08 51 36.14 +04 37 03.0          20.0 Ro~0ewI300
     K12E05G  C2012 03 19.60992 08 51 35.93 +04 37 01.0          20.0 Ro~0ewI300
     K12E05G  C2012 03 19.61479 08 51 35.70 +04 36 59.8          19.8 Ro~0ewI300
     K12E05G  C2012 03 19.61966 08 51 35.46 +04 36 58.1          19.7 Ro~0ewI300
     K12E05G KC2012 03 19.80198 08 51 40.62 +04 35 32.7          19.5 Rr~0ewIA17
     K12E05G KC2012 03 19.81762 08 51 39.88 +04 35 27.5          19.4 Rr~0ewIA17
     K12E05G KC2012 03 19.83327 08 51 39.16 +04 35 22.8          19.3 Rr~0ewIA17
     K12E05G  C2012 03 19.85486 08 51 37.75 +04 35 26.9          19.9 V ~0ewIC91
     K12E05G  C2012 03 19.86181 08 51 37.40 +04 35 23.8          19.9 V ~0ewIC91
     K12E05G  C2012 03 19.86875 08 51 37.14 +04 35 20.7          19.9 V ~0ewIC91
     K12E05G KC2012 03 19.91224 08 51 35.02 +04 34 51.8          19.3 Ru~0ewIB15
     K12E05G KC2012 03 19.92018 08 51 34.68 +04 34 48.9          19.1 Ru~0ewIB15
     K12E05G KC2012 03 19.92460 08 51 34.49 +04 34 47.4          19.3 Ru~0ewIB15
     K12E05G KC2012 03 19.92681 08 51 34.39 +04 34 46.5          19.3 Ru~0ewIB15
     K12E05G KC2012 03 19.92903 08 51 34.30 +04 34 45.7          19.5 Ru~0ewIB15
     K12E05G `C2012 03 20.47873 08 51 33.26 +04 35 05.3          18.8 Ru~0ewID90
     K12E05G  C2012 03 20.48378 08 51 33.96 +04 32 11.5          19.8 Ro~0ewI300
     K12E05G `C2012 03 20.48513 08 51 32.90 +04 35 03.4          19.0 Ru~0ewID90
     K12E05G  C2012 03 20.48540 08 51 33.93 +04 32 10.9          19.8 Ro~0ewI300
     K12E05G  C2012 03 20.48702 08 51 33.82 +04 32 10.5          19.9 Ro~0ewI300
     K12E05G  C2012 03 20.48865 08 51 33.68 +04 32 10.3          19.5 Ro~0ewI300
     K12E05G  C2012 03 20.49027 08 51 33.63 +04 32 09.1          19.6 Ro~0ewI300
     K12E05G  C2012 03 20.84264 08 51 30.40 +04 29 27.2                o~0ewI246
     K12E05G  C2012 03 20.84417 08 51 30.35 +04 29 27.0                o~0ewI246
     K12E05G  C2012 03 20.84485 08 51 30.31 +04 29 26.8                o~0ewI246
     K12E05G  C2012 03 20.85084 08 51 29.99 +04 29 24.0                o~0ewI246
     K12E05G  C2012 03 20.85321 08 51 29.90 +04 29 23.8                o~0ewI246
     K12E05G  C2012 03 21.84134 08 51 27.99 +04 22 19.4                o~0ewI246
     K12E05G  C2012 03 21.84300 08 51 27.88 +04 22 19.5                o~0ewI246
     K12E05G  C2012 03 21.84447 08 51 27.83 +04 22 18.2                o~0ewI246
     K12E05G  C2012 03 21.84508 08 51 27.79 +04 22 18.1                o~0ewI246
     K12E05G  C2012 03 21.84738 08 51 27.67 +04 22 16.7                o~0ewI246
     K12E05G  C2012 03 21.85041 08 51 27.59 +04 22 16.0                o~0ewI246
     K12E05G  C2012 03 21.85278 08 51 27.79 +04 22 24.3          19.6 V ~0ewIC91
     K12E05G KC2012 03 21.86629 08 51 27.15 +04 22 18.1                u~0ewI104
     K12E05G KC2012 03 21.87345 08 51 26.78 +04 22 14.3          19.1 Ru~0ewI104
     K12E05G  C2012 03 21.87847 08 51 26.53 +04 22 11.7          19.6 V ~0ewIC91
     K12E05G KC2012 03 21.88597 08 51 26.50 +04 22 05.1          19.4 Rc~0ewIA24
     K12E05G KC2012 03 21.89098 08 51 26.25 +04 22 02.6          19.0 Rc~0ewIA24
     K12E05G KC2012 03 21.89636 08 51 25.99 +04 21 59.7          19.4 Rc~0ewIA24
     K12E05G  C2012 03 21.89653 08 51 25.54 +04 22 03.0          19.6 V ~0fGHC91
     K12E05G KC2012 03 21.93803 08 51 24.10 +04 21 37.9          19.0 Rt~0ewI204
     K12E05G KC2012 03 21.95240 08 51 23.53 +04 21 30.9                t~0ewI204
     K12E05G KC2012 03 21.96639 08 51 23.01 +04 21 23.4                t~0ewI204
     K12E05G 4C2012 03 22.12210608 51 33.30 +04 20 37.1          19.0 Rd~0ewI673
     K12E05G 4C2012 03 22.13185408 51 32.81 +04 20 32.1          18.9 Rd~0ewI673
     K12E05G 4C2012 03 22.13556508 51 32.56 +04 20 30.6          19.2 Rd~0ewI673
     K12E05G 4C2012 03 22.13925508 51 32.42 +04 20 29.1          19.4 Rd~0ewI673
     K12E05G 4C2012 03 22.15292408 51 31.60 +04 20 22.1          19.3 Rd~0ewI673
     K12E05G 4C2012 03 22.15521908 51 31.50 +04 20 20.6          19.4 Rd~0ewI673
     K12E05G 4C2012 03 22.15753808 51 31.34 +04 20 20.2          18.9 Rd~0ewI673
     K12E05G 4C2012 03 22.15981208 51 31.22 +04 20 19.1          19.3 Rd~0ewI673
     K12E05G 4C2012 03 22.16219108 51 31.07 +04 20 17.8          19.2 Rd~0ewI673
     K12E05G KC2012 03 22.88325 08 51 30.20 +04 12 59.4          19.0 Ru~0ewIB15
     K12E05G KC2012 03 22.88547 08 51 30.12 +04 12 58.0          19.0 Ru~0ewIB15
     K12E05G KC2012 03 22.88768 08 51 30.02 +04 12 56.6          18.9 Ru~0ewIB15
     K12E05G KC2012 03 23.89370 08 51 41.48 +04 01 44.5          18.7 Ru~0fGHB15
     K12E05G KC2012 03 23.89521 08 51 41.43 +04 01 43.4          18.7 Ru~0fGHB15
     K12E05G KC2012 03 23.89672 08 51 41.38 +04 01 42.2          18.6 Ru~0fGHB15
     K12E05G KC2012 03 23.93526 08 51 40.06 +04 01 26.6          18.4 Ro~0fGHB67
     K12E05G KC2012 03 23.94086 08 51 39.86 +04 01 22.0          18.4 Ro~0fGHB67
     K12E05G KC2012 03 23.94485 08 51 39.74 +04 01 19.0          18.4 Ro~0fGHB67
     K12E05G KC2012 03 24.11215 08 51 53.64 +03 59 57.0                o~0fGH291
     K12E05G KC2012 03 24.11529 08 51 53.47 +03 59 54.6                o~0fGH291
     K12E05G KC2012 03 24.11844 08 51 53.30 +03 59 52.2                o~0fGH291
     K12E05G  C2012 03 24.15569 08 51 50.63 +03 59 23.4          18.5 Ro~0fGHG48
     K12E05G  C2012 03 24.15745 08 51 50.51 +03 59 21.7          18.7 Ro~0fGHG48
     K12E05G  C2012 03 24.15920 08 51 50.41 +03 59 20.5          18.8 Ro~0fGHG48
     K12E05G KC2012 03 24.15958 08 51 49.90 +03 59 18.9          18.6 Ru~0fGH448
     K12E05G  C2012 03 24.16096 08 51 50.29 +03 59 19.3          18.8 Ro~0fGHG48
     K12E05G KC2012 03 24.16924 08 51 49.31 +03 59 11.1          18.6 Ru~0fGH448
     K12E05G KC2012 03 24.17884 08 51 48.78 +03 59 03.3          18.8 Ru~0fGH448
     K12E05G KC2012 03 24.88824 08 52 03.55 +03 47 33.0          18.3 Ru~0fGHB15
     K12E05G KC2012 03 24.89154 08 52 03.45 +03 47 29.8          18.3 Ru~0fGHB15
     K12E05G KC2012 03 24.89374 08 52 03.39 +03 47 27.5          18.3 Ru~0fGHB15
     K12E05G KC2012 03 24.89594 08 52 03.32 +03 47 25.4          18.5 Ru~0fGHB15
     K12E05G KC2012 03 24.97744 08 52 01.79 +03 46 01.5          18.6 Ru~0fGHB15
     K12E05G KC2012 03 24.97964 08 52 01.79 +03 45 59.3          18.5 Ru~0fGHB15
     K12E05G KC2012 03 24.98185 08 52 01.77 +03 45 57.0          18.2 Ru~0fGHB15
     K12E05G KC2012 03 24.98405 08 52 01.76 +03 45 54.7          18.5 Ru~0fGHB15
     K12E05G  C2012 03 25.04807 08 52 16.92 +03 46 08.5          18.7 Ru~0fkPH23
     K12E05G  C2012 03 25.06416 08 52 15.97 +03 45 52.0          18.6 Ru~0fkPH23
     K12E05G  C2012 03 25.08035 08 52 15.00 +03 45 36.2          18.7 Ru~0fkPH23
     K12E05G  C2012 03 25.24758 08 52 08.55 +03 42 20.0          19.0 Ru~0fGHH45
     K12E05G  C2012 03 25.24948 08 52 08.49 +03 42 17.3          19.0 Ru~0fGHH45
     K12E05G  C2012 03 25.25171 08 52 08.42 +03 42 15.3          18.8 Ru~0fGHH45
     K12E05G  C2012 03 25.25330 08 52 08.39 +03 42 13.2          18.9 Ru~0fGHH45
     K12E05G  C2012 03 25.25436 08 52 08.33 +03 42 12.4          19.1 Ru~0fGHH45
     K12E05G  C2012 03 25.25620 08 52 08.31 +03 42 09.8          18.9 Ru~0fGHH45
     K12E05G  C2012 03 25.25826 08 52 08.23 +03 42 07.9          18.9 Ru~0fGHH45
     K12E05G  C2012 03 25.26076 08 52 08.17 +03 42 04.7          19.1 Ru~0fGHH45
     K12E05G  C2012 03 25.26179 08 52 08.14 +03 42 03.6          19.2 Ru~0fGHH45
     K12E05G  C2012 03 25.26336 08 52 08.12 +03 42 01.6          18.9 Ru~0fGHH45
     K12E05G KC2012 03 25.81412 08 52 42.45 +03 30 45.1          18.2 Ru~0fGHB88
     K12E05G KC2012 03 25.83016 08 52 41.84 +03 30 24.4          18.1 Ru~0fGHB88
     K12E05G KC2012 03 25.84618 08 52 41.22 +03 30 04.2          17.6 Ru~0fGHB88
     K12E05G KC2012 03 25.86891 08 52 39.84 +03 29 09.0          18.3 Ru~0fGHB15
     K12E05G KC2012 03 25.86972 08 52 39.82 +03 29 07.8          18.3 Ru~0fGHB15
     K12E05G KC2012 03 25.87053 08 52 39.80 +03 29 06.8          18.1 Ru~0fGHB15
     K12E05G KC2012 03 25.87134 08 52 39.79 +03 29 05.8          18.1 Ru~0fGHB15
     K12E05G KC2012 03 25.87215 08 52 39.77 +03 29 04.8          18.2 Ru~0fGHB15
     K12E05G KC2012 03 25.87295 08 52 39.75 +03 29 03.7          18.2 Ru~0fGHB15
     K12E05G  C2012 03 26.06562 08 52 55.75 +03 26 10.7          18.6 Ru~0fGHH23
     K12E05G  C2012 03 26.07784 08 52 55.17 +03 25 53.2          18.6 Ru~0fGHH23
     K12E05G  C2012 03 26.08994 08 52 54.50 +03 25 38.6          18.2 Ru~0fGHH23
     K12E05G  C2012 03 26.15445 08 52 53.11 +03 23 46.6          18.4 Ru~0fGHH45
     K12E05G  C2012 03 26.15609 08 52 53.01 +03 23 44.5          18.4 Ru~0fGHH45
     K12E05G  C2012 03 26.15839 08 52 52.88 +03 23 41.3          18.5 Ru~0fGHH45
     K12E05G  C2012 03 26.16190 08 52 52.71 +03 23 36.1          18.6 Ru~0fGHH45
     K12E05G  C2012 03 26.16329 08 52 52.65 +03 23 34.7          18.7 Ru~0fGHH45
     K12E05G  C2012 03 26.16564 08 52 52.55 +03 23 30.9          18.6 Ru~0fGHH45
     K12E05G  C2012 03 26.16805 08 52 52.43 +03 23 27.4          18.7 Ru~0fGHH45
     K12E05G  C2012 03 26.17076 08 52 52.33 +03 23 23.3          18.7 Ru~0fGHH45
     K12E05G  C2012 03 26.17350 08 52 52.21 +03 23 19.4          18.7 Ru~0fGHH45
     K12E05G KC2012 03 26.78729 08 53 38.42 +03 06 13.2          18.0 Vu~0fGH151
     K12E05G KC2012 03 26.78876 08 53 38.40 +03 06 10.6          18.1 Vu~0fGH151
     K12E05G KC2012 03 26.79022 08 53 38.38 +03 06 08.0          18.1 Vu~0fGI151
     K12E05G KC2012 03 26.79167 08 53 38.33 +03 06 05.7          18.3 Vu~0fGI151
     K12E05G KC2012 03 26.79314 08 53 38.30 +03 06 03.3          18.3 Vu~0fGI151
     K12E05G KC2012 03 26.79459 08 53 38.25 +03 06 00.9          18.5 Vu~0fGI151
     K12E05G KC2012 03 26.79605 08 53 38.21 +03 05 58.6          18.5 Vu~0fGI151
     K12E05G KC2012 03 26.80884 08 53 37.90 +03 05 27.3          18.0 Rr~0fGIA17
     K12E05G KC2012 03 26.81665 08 53 37.75 +03 05 13.4          18.0 Rr~0fGIA17
     K12E05G KC2012 03 26.82448 08 53 37.60 +03 04 59.4          17.9 Rr~0fGIA17
     K12E05G KC2012 03 26.83693 08 53 35.97 +03 05 06.9          18.1 Vu~0fGIC93
     K12E05G KC2012 03 26.84354 08 53 37.03 +03 04 41.5          17.9 Ru~0fGI203
     K12E05G  C2012 03 26.84792 08 53 36.32 +03 04 38.6          18.4 Vo~0fGIC91
     K12E05G KC2012 03 26.85118 08 53 36.89 +03 04 27.3          17.8 Rc~0fGIA24
     K12E05G KC2012 03 26.85262 08 53 36.88 +03 04 25.0          18.3 Rc~0fGIA24
     K12E05G KC2012 03 26.86753 08 53 36.52 +03 03 57.2          17.9 Rc~0fGIA24
     K12E05G KC2012 03 26.87398 08 53 36.24 +03 03 45.8          17.8 Ru~0fGI203
     K12E05G  C2012 03 26.87500 08 53 35.60 +03 03 51.7          18.4 Vo~0fGIC91
     K12E05G KC2012 03 26.88280 08 53 36.16 +03 03 28.8          17.7 Rc~0fGIA24
     K12E05G KC2012 03 26.89772 08 53 35.81 +03 03 01.0          17.7 Rc~0fGIA24
     K12E05G KC2012 03 26.89916 08 53 35.81 +03 02 58.4          17.9 Rc~0fGIA24
     K12E05G KC2012 03 26.90954 08 53 34.06 +03 02 52.8          18.3 Vu~0fGIC93
     K12E05G  C2012 03 26.99366 08 53 37.87 +03 00 08.4          17.4 Rw~0fkPJ38
     K12E05G  C2012 03 26.99464 08 53 37.88 +03 00 06.4          17.9 Rw~0fkPJ38
     K12E05G  C2012 03 26.99660 08 53 37.83 +03 00 03.8          17.8 Rw~0fkPJ38
     K12E05G  C2012 03 27.08152 08 53 57.56 +02 58 26.0          17.9 Ru~0fGIH23
     K12E05G  C2012 03 27.09613 08 53 56.86 +02 57 57.7          17.6 Ru~0fGIH23
     K12E05G  C2012 03 27.11072 08 53 56.18 +02 57 26.9          18.0 Ru~0fGIH23
     K12E05G |C2012 03 27.12549 08 54 02.12 +02 56 45.7          18.5 Vc~0fGIH06
     K12E05G |C2012 03 27.12662 08 54 02.07 +02 56 43.9          18.0 Vc~0fGIH06
     K12E05G |C2012 03 27.12773 08 54 02.03 +02 56 41.7          17.6 Vc~0fGIH06
     K12E05G |C2012 03 27.12889 08 54 01.97 +02 56 39.2          17.9 Vc~0fGIH06
     K12E05G |C2012 03 27.13002 08 54 01.93 +02 56 36.8          17.5 Vc~0fGIH06
     K12E05G |C2012 03 27.13116 08 54 01.90 +02 56 34.5          18.0 Vc~0fGIH06
     K12E05G |C2012 03 27.13228 08 54 01.86 +02 56 32.7          18.1 Vc~0fGIH06
     K12E05G |C2012 03 27.13341 08 54 01.77 +02 56 30.5          18.6 Vc~0fGIH06
     K12E05G |C2012 03 27.13463 08 54 01.74 +02 56 27.9          18.3 Vc~0fGIH06
     K12E05G |C2012 03 27.13576 08 54 01.70 +02 56 25.6          18.0 Vc~0fGIH06
     K12E05G  C2012 03 27.14553 08 53 57.02 +02 55 54.8          18.3 Ru~0fGIH45
     K12E05G  C2012 03 27.14708 08 53 57.01 +02 55 51.2          18.3 Ru~0fGIH45
     K12E05G  C2012 03 27.14860 08 53 56.92 +02 55 48.3          18.5 Ru~0fGIH45
     K12E05G  C2012 03 27.14992 08 53 56.89 +02 55 45.5          18.5 Ru~0fGIH45
     K12E05G  C2012 03 27.15084 08 53 56.88 +02 55 43.5          18.2 Ru~0fGIH45
     K12E05G  C2012 03 27.15256 08 53 56.82 +02 55 40.2          18.2 Ru~0fGIH45
     K12E05G  C2012 03 27.15428 08 53 56.73 +02 55 36.7          18.1 Ru~0fGIH45
     K12E05G  C2012 03 27.15574 08 53 56.69 +02 55 33.8          18.2 Ru~0fGIH45
     K12E05G  C2012 03 27.15773 08 53 56.62 +02 55 29.4          18.2 Ru~0fGIH45
     K12E05G  C2012 03 27.15916 08 53 56.57 +02 55 26.9          18.3 Ru~0fGIH45
     K12E05G  C2012 03 27.16068 08 53 56.53 +02 55 23.3          18.3 Ru~0fGIH45
     K12E05G  C2012 03 27.30319 08 54 00.17 +02 49 55.1          18.1  r~0fGI718
     K12E05G  C2012 03 27.31200 08 54 00.28 +02 49 35.7          17.7  r~0fGI718
     K12E05G  C2012 03 27.31799 08 54 00.31 +02 49 22.5          18.0  r~0fGI718
     K12E05G  C2012 03 27.32494 08 54 00.46 +02 49 07.0          17.9  r~0fGI718
     K12E05G  C2012 03 27.79514 08 55 04.84 +02 30 11.9          18.0 V ~0fGIC91
     K12E05G  C2012 03 27.80000 08 55 04.82 +02 29 59.7          18.0 V ~0fGIC91
     K12E05G  C2012 03 27.80625 08 55 04.78 +02 29 43.1          18.0 V ~0fGIC91
     K12E05G KC2012 03 27.81020 08 55 03.97 +02 28 53.2          17.2 Ru~0fGIB15
     K12E05G KC2012 03 27.81175 08 55 03.97 +02 28 49.0          17.2 Ru~0fGIB15
     K12E05G KC2012 03 27.81349 08 55 03.99 +02 28 44.4          17.2 Ru~0fGIB15
     K12E05G KC2012 03 27.81521 08 55 04.00 +02 28 39.9          17.3 Ru~0fGIB15
     K12E05G KC2012 03 27.81693 08 55 04.02 +02 28 35.2          17.3 Ru~0fGIB15
     K12E05G  C2012 03 27.81736 08 55 04.65 +02 29 12.5          18.0 V ~0fGIC91
     K12E05G  C2012 03 27.82847 08 55 04.56 +02 28 44.1          18.0 V ~0fGIC91
     K12E05G  C2012 03 27.83333 08 55 04.50 +02 28 30.5          18.0 V ~0fGIC91
     K12E05G KC2012 03 27.83854 08 55 04.59 +02 28 17.8          17.4 Ru~0fGI104
     K12E05G KC2012 03 27.84225 08 55 04.56 +02 28 07.8          17.4 Ru~0fGI104
     K12E05G KC2012 03 27.84632 08 55 04.52 +02 27 56.8          17.3 Ru~0fGI104
     K12E05G  C2012 03 27.86344 08 55 04.51 +02 27 03.9          18.2 Rc~0fGI560
     K12E05G  C2012 03 27.86451 08 55 04.52 +02 26 59.8          18.3 Rc~0fGI560
     K12E05G  C2012 03 27.86503 08 55 04.49 +02 26 59.7          18.3 Rc~0fGI560
     K12E05G  C2012 03 27.95235 08 55 09.65 +02 23 06.1          17.7 Rw~0fGIJ38
     K12E05G  C2012 03 27.95309 08 55 09.71 +02 23 03.9          17.7 Rw~0fGIJ38
     K12E05G  C2012 03 27.95606 08 55 09.73 +02 22 55.0          17.1 Rw~0fGIJ38
     K12E05G  C2012 03 28.22213 08 55 45.58 +02 09 51.6          17.4  r~0fGI718
     K12E05G  C2012 03 28.22961 08 55 45.67 +02 09 27.4          17.6  r~0fGI718
     K12E05G  C2012 03 28.23585 08 55 45.67 +02 09 07.5          17.4  r~0fGI718
     K12E05G  C2012 03 28.24976 08 55 45.81 +02 08 22.2          17.1  r~0fGI718
     K12E05G  C2012 03 28.27193 08 55 39.65 +02 07 39.7          17.7 Ru~0fGIH45
     K12E05G  C2012 03 28.27371 08 55 39.79 +02 07 33.5          17.7 Ru~0fGIH45
     K12E05G  C2012 03 28.27451 08 55 39.81 +02 07 31.1          17.7 Ru~0fGIH45
     K12E05G  C2012 03 28.27653 08 55 39.95 +02 07 25.9          17.9 Ru~0fGIH45
     K12E05G  C2012 03 28.27943 08 55 40.04 +02 07 14.4          17.7 Ru~0fGIH45
     K12E05G  C2012 03 28.28026 08 55 40.11 +02 07 11.9          17.6 Ru~0fGIH45
     K12E05G  C2012 03 28.28310 08 55 40.28 +02 07 02.7          17.7 Ru~0fGIH45
     K12E05G  C2012 03 28.28464 08 55 40.40 +02 06 56.8          17.7 Ru~0fGIH45
     K12E05G  C2012 03 28.28611 08 55 40.50 +02 06 52.0          17.7 Ru~0fGIH45
     K12E05G  C2012 03 28.28805 08 55 40.59 +02 06 45.3          17.6 Ru~0fGIH45
     K12E05G KC2012 03 28.78774 08 57 28.39 +01 34 14.5          17.1 Vu~0fGI151
     K12E05G KC2012 03 28.78890 08 57 28.44 +01 34 09.6          17.2 Vu~0fGI151
     K12E05G KC2012 03 28.79123 08 57 28.56 +01 33 59.7          17.3 Vu~0fGI151
     K12E05G KC2012 03 28.79357 08 57 28.67 +01 33 49.9          17.2 Vu~0fGI151
     K12E05G KC2012 03 28.79473 08 57 28.72 +01 33 45.1          17.1 Vu~0fGI151
     K12E05G KC2012 03 28.81184 08 57 27.73 +01 32 01.7          16.8 Ru~0fGIB15
     K12E05G KC2012 03 28.81323 08 57 27.79 +01 31 55.6          16.8 Ru~0fGIB15
     K12E05G KC2012 03 28.81461 08 57 27.87 +01 31 49.8          16.8 Ru~0fGIB15
     K12E05G KC2012 03 28.81600 08 57 27.95 +01 31 43.5          17.0 Ru~0fGIB15
     K12E05G KC2012 03 28.81739 08 57 28.03 +01 31 37.4          17.0 Ru~0fGIB15
     K12E05G KC2012 03 28.81878 08 57 28.11 +01 31 31.3          16.9 Ru~0fGIB15
     K12E05G KC2012 03 28.82313508 57 30.23 +01 31 20.8          17.4 Vu~0fGI510
     K12E05G KC2012 03 28.82971608 57 30.57 +01 30 51.9          17.7 Vu~0fGI510
     K12E05G  C2012 03 28.83542 08 57 29.46 +01 31 07.6          17.4 V ~0fGIC91
     K12E05G KC2012 03 28.83629708 57 30.93 +01 30 22.9          17.3 Vu~0fGI510
     K12E05G  C2012 03 28.83647008 57 28.75 +01 30 21.1          17.0 Ru~0fGIC01
     K12E05G  C2012 03 28.83744208 57 28.78 +01 30 17.4          16.9 Ru~0fGIC01
     K12E05G  C2012 03 28.83840308 57 28.85 +01 30 12.7          16.9 Ru~0fGIC01
     K12E05G  C2012 03 28.83889 08 57 29.61 +01 30 52.4          17.4 V ~0fGIC91
     K12E05G  C2012 03 28.83937508 57 28.90 +01 30 08.9          17.0 Ru~0fGIC01
     K12E05G  C2012 03 28.84033608 57 28.95 +01 30 04.4          16.9 Ru~0fGIC01
     K12E05G KC2012 03 28.84287808 57 31.29 +01 29 54.0          17.5 Vu~0fGI510
     K12E05G  C2012 03 28.84583 08 57 29.87 +01 30 21.9          17.4 V ~0fGIC91
     K12E05G KC2012 03 28.84945908 57 31.65 +01 29 24.7          17.3 Vu~0fGI510
     K12E05G KC2012 03 28.85603908 57 32.01 +01 28 55.2          17.5 Vu~0fGI510
     K12E05G  C2012 03 28.86250 08 57 30.50 +01 29 07.2          17.4 V ~0fGIC91
     K12E05G  C2012 03 28.87222 08 57 30.93 +01 28 23.4          17.4 V ~0fGIC91
     K12E05G  C2012 03 28.87652 08 57 38.55 +01 28 10.2          17.1 Rw~0fGIJ38
     K12E05G  C2012 03 28.87697 08 57 38.55 +01 28 08.3          16.8 Rw~0fGIJ38
     K12E05G  C2012 03 28.87922 08 57 38.63 +01 27 57.9          17.1 Rw~0fGIJ38
     K12E05G KC2012 03 28.90021 08 57 38.19 +01 26 42.5          17.2 Vu~0fGII76
     K12E05G  C2012 03 28.90501 08 57 32.51 +01 25 24.5                o~0fGI046
     K12E05G  C2012 03 28.90666 08 57 32.62 +01 25 17.1                o~0fGI046
     K12E05G  C2012 03 28.90743 08 57 32.66 +01 25 13.3                o~0fGI046
     K12E05G  C2012 03 28.90899 08 57 32.81 +01 25 05.8                o~0fGI046
     K12E05G KC2012 03 28.94451 08 57 39.99 +01 23 16.5          17.2 Vu~0fGII76
     K12E05G KC2012 03 29.09815 08 58 24.29 +01 11 27.2          16.8 Rr~0fGI850
     K12E05G KC2012 03 29.11378 08 58 24.84 +01 10 06.8          16.6 Rr~0fGI850
     K12E05G KC2012 03 29.12938 08 58 25.41 +01 08 45.9          16.9 Rr~0fGI850
     K12E05G KC2012 03 29.14498 08 58 26.05 +01 07 24.0          16.6 Rr~0fGI850
     K12E05G  C2012 03 29.19323 08 58 40.83 +01 03 30.0          17.0 Vr~0fGI703
     K12E05G  C2012 03 29.20907 08 58 41.44 +01 02 03.4          17.2 Vr~0fGI703
     K12E05G  C2012 03 29.21700 08 58 41.80 +01 01 19.9          17.1 Vr~0fGI703
     K12E05G  C2012 03 29.24127 08 58 35.83 +00 58 41.8          17.3 Ru~0fGIH45
     K12E05G  C2012 03 29.24304 08 58 36.02 +00 58 31.8          17.3 Ru~0fGIH45
     K12E05G  C2012 03 29.24391 08 58 36.14 +00 58 26.7          17.1 Ru~0fGIH45
     K12E05G  C2012 03 29.24484 08 58 36.24 +00 58 21.6          17.5 Ru~0fGIH45
     K12E05G  C2012 03 29.24584 08 58 36.33 +00 58 16.1          17.1 Ru~0fGIH45
     K12E05G  C2012 03 29.24689 08 58 36.44 +00 58 09.5          17.0 Ru~0fGIH45
     K12E05G  C2012 03 29.24775 08 58 36.53 +00 58 04.9          17.2 Ru~0fGIH45
     K12E05G  C2012 03 29.24866 08 58 36.60 +00 57 59.7          17.1 Ru~0fGIH45
     K12E05G  C2012 03 29.25018 08 58 36.80 +00 57 51.1          17.2 Ru~0fGIH45
     K12E05G  C2012 03 29.25255 08 58 37.05 +00 57 37.7          17.2 Ru~0fGIH45
     K12E05G  C2012 03 29.25365 08 58 37.18 +00 57 31.9          17.3 Ru~0fGIH45
     K12E05G  C2012 03 29.25503 08 58 37.32 +00 57 23.9          17.2 Ru~0fGIH45
     K12E05G  C2012 03 29.25642 08 58 37.49 +00 57 15.7          17.2 Ru~0fGIH45
     K12E05G  C2012 03 29.25784 08 58 37.67 +00 57 08.0          17.2 Ru~0fGIH45
     K12E05G  C2012 03 29.25922 08 58 37.82 +00 57 00.0          17.1 Ru~0fGIH45
     K12E05G  C2012 03 29.69526 09 01 07.24 +00 06 33.2          17.1 Vr~0fkP168
     K12E05G  C2012 03 29.77524 09 01 22.88 -00 03 58.1          17.2 Vr~0fkP168
     K12E05G KC2012 03 29.79213 09 01 49.89 -00 04 42.8          16.4 Ru~0fGIB88
     K12E05G KC2012 03 29.79861 09 01 50.96 -00 05 36.0          16.3 Ru~0fGIB88
     K12E05G KC2012 03 29.80514 09 01 52.01 -00 06 30.1          16.5 Ru~0fGIB88
     K12E05G  C2012 03 29.82275 09 01 33.94 -00 10 30.8          16.6 Vr~0fkP168
     K12E05G  C2012 03 29.87562 09 02 10.37 -00 15 48.0          16.0 Rw~0fGII99
     K12E05G  C2012 03 29.87958 09 02 11.01 -00 16 22.7          16.1 Rw~0fGII99
     K12E05G KC2012 03 29.88050 09 02 10.68 -00 18 06.3                u~0fGIJ95
     K12E05G  C2012 03 29.88255 09 02 11.48 -00 16 48.3          15.9 Rw~0fGII99
     K12E05G KC2012 03 29.88345 09 02 11.27 -00 18 32.3                u~0fGIJ95
     K12E05G KC2012 03 29.88642 09 02 11.86 -00 18 58.4          16.1 Ru~0fGIJ95
     K12E05G KC2012 03 29.93337 09 02 20.35 -00 24 23.6          16.6 Vu~0fGII76
     K12E05G KC2012 03 29.95448 09 02 24.39 -00 27 37.7          16.5 Vu~0fGII76
     K12E05G KC2012 03 29.96101 09 02 25.71 -00 28 38.2          16.5 Vu~0fGII76
     K12E05G  C2012 03 30.11598 09 03 28.47 -00 38 22.6          15.6 Ro~0fkP844
     K12E05G  C2012 03 30.11936 09 03 29.28 -00 38 56.8          15.7 Ro~0fkP844
     K12E05G  C2012 03 30.13780 09 03 34.06 -00 42 06.3          15.5 Ro~0fkP844
     K12E05G  C2012 03 30.14411 09 03 35.83 -00 43 11.9          15.6 Ro~0fkP844
     K12E05G  C2012 03 30.14423 09 04 00.06 -00 58 26.5          16.8 Ru~0fGIH45
     K12E05G  C2012 03 30.14527 09 04 00.26 -00 58 38.2          16.4 Ru~0fGIH45
     K12E05G  C2012 03 30.14663 09 04 00.55 -00 58 52.8          16.6 Ru~0fGIH45
     K12E05G  C2012 03 30.14802 09 04 00.84 -00 59 07.9          16.4 Ru~0fGIH45
     K12E05G  C2012 03 30.14944 09 04 01.15 -00 59 23.3          16.3 Ru~0fGIH45
     K12E05G  C2012 03 30.15079 09 04 01.42 -00 59 38.1          16.2 Ru~0fGIH45
     K12E05G  C2012 03 30.15218 09 04 01.74 -00 59 53.2          16.3 Ru~0fGIH45
     K12E05G  C2012 03 30.15359 09 04 02.03 -01 00 09.0          16.4 Ru~0fGIH45
     K12E05G  C2012 03 30.15496 09 04 02.34 -01 00 24.0          16.2 Ru~0fGIH45
     K12E05G  C2012 03 30.15635 09 04 02.58 -01 00 38.9          16.5 Ru~0fGIH45
     K12E05G  C2012 03 30.15775 09 04 02.93 -01 00 54.1          16.4 Ru~0fGIH45
     K12E05G  C2012 03 30.15913 09 04 03.23 -01 01 09.2          16.9 Ru~0fGIH45
     K12E05G  C2012 03 30.16052 09 04 03.53 -01 01 24.7          16.3 Ru~0fGIH45
     K12E05G  C2012 03 30.16190 09 04 03.83 -01 01 40.1          16.3 Ru~0fGIH45
     K12E05G  C2012 03 30.16329 09 04 04.14 -01 01 55.3          16.3 Ru~0fGIH45
     K12E05G  C2012 03 30.22386 09 04 33.59 -01 14 23.6          15.9  r~0fGI718
     K12E05G  C2012 03 30.23077 09 04 35.40 -01 15 44.4          16.2  r~0fGI718
     K12E05G  C2012 03 30.24109 09 04 38.22 -01 17 45.7          16.0  r~0fGI718
     K12E05G  C2012 03 30.24600 09 04 39.61 -01 18 43.3          16.1  r~0fGI718
     K12E05G  C2012 03 30.25160 09 04 41.23 -01 19 49.2          15.9  r~0fGI718
     K12E05G KC2012 03 30.79032 09 11 35.28 -03 42 59.9          15.1 Ru~0fGI104
     K12E05G KC2012 03 30.81781 09 11 52.50 -03 52 48.8          15.2 Ru~0fGI104
     K12E05G  C2012 03 30.82721 09 12 01.67 -03 56 17.9          15.1 Vo~0fGIC77
     K12E05G  C2012 03 30.82756 09 12 01.86 -03 56 25.0          15.1 Vo~0fGIC77
     K12E05G KC2012 03 30.82785 09 11 58.91 -03 56 28.6          15.1 Ru~0fGI104
     K12E05G  C2012 03 30.82791 09 12 02.10 -03 56 33.0          15.2 Vo~0fGIC77
     K12E05G  C2012 03 30.82826 09 12 02.33 -03 56 41.0          15.0 Vo~0fGIC77
     K12E05G  C2012 03 30.82861 09 12 02.54 -03 56 48.2          15.2 Vo~0fGIC77
     K12E05G  C2012 03 30.82896 09 12 02.72 -03 56 55.7          15.4 Vo~0fGIC77
     K12E05G  C2012 03 30.82932 09 12 03.00 -03 57 03.8          15.4 Vo~0fGIC77
     K12E05G  C2012 03 30.82968 09 12 03.23 -03 57 11.6          15.3 Vo~0fGIC77
     K12E05G KC2012 03 30.83490 09 12 13.53 -04 00 27.8          15.4 Vt~0fGIJ69
     K12E05G  C2012 03 30.83627 09 12 07.52 -03 59 37.4          15.5 Vo~0fGIC77
     K12E05G  C2012 03 30.83663 09 12 07.75 -03 59 45.4          15.0 Vo~0fGIC77
     K12E05G  C2012 03 30.83698 09 12 07.97 -03 59 53.8          15.0 Vo~0fGIC77
     K12E05G  C2012 03 30.83733 09 12 08.22 -04 00 01.7          15.2 Vo~0fGIC77
     K12E05G  C2012 03 30.83767 09 12 08.46 -04 00 09.9          15.1 Vo~0fGIC77
     K12E05G  C2012 03 30.83802 09 12 08.69 -04 00 17.4          15.1 Vo~0fGIC77
     K12E05G  C2012 03 30.83837 09 12 08.91 -04 00 24.8          15.1 Vo~0fGIC77
     K12E05G KC2012 03 30.83857 09 12 16.10 -04 01 50.0          15.7 Vt~0fGIJ69
     K12E05G  C2012 03 30.83873 09 12 09.10 -04 00 32.2          15.0 Vo~0fGIC77
     K12E05G KC2012 03 30.84223 09 12 18.68 -04 03 12.1          15.6 Vt~0fGIJ69
     K12E05G KC2012 03 30.84589 09 12 21.27 -04 04 34.2          15.4 Vt~0fGIJ69
     K12E05G KC2012 03 30.84956 09 12 23.83 -04 05 57.8          15.4 Vt~0fGIJ69
     K12E05G KC2012 03 30.85322 09 12 26.44 -04 07 20.2          15.5 Vt~0fGIJ69
     K12E05G KC2012 03 30.85402 09 12 15.97 -04 06 12.2          15.3 Ru~0fGI104
     K12E05G  C2012 03 30.86736 09 12 24.64 -04 11 19.2          15.6 V ~0fGIC91
     K12E05G  C2012 03 30.86944 09 12 26.06 -04 12 07.2          15.6 V ~0fGIC91
     K12E05G  C2012 03 30.87153 09 12 27.49 -04 12 55.0          15.6 V ~0fGIC91
     K12E05G KC2012 03 30.87172 09 12 27.96 -04 12 56.8          15.2 Ru~0fGI104
     K12E05G  C2012 03 30.87361 09 12 28.91 -04 13 43.6          15.6 V ~0fGIC91
     K12E05G  C2012 03 30.87569 09 12 30.35 -04 14 31.5          15.6 V ~0fGIC91
     K12E05G KC2012 03 30.89536 09 12 44.69 -04 22 11.1          15.1 Ru~0fGI104
     K12E05G  C2012 03 30.91078 09 13 12.17 -04 28 19.3          15.3 Rw~0fGIJ38
     K12E05G  C2012 03 30.91089 09 13 12.26 -04 28 21.7          15.1 Rw~0fGIJ38
     K12E05G  C2012 03 30.91115 09 13 12.44 -04 28 28.4          15.0 Rw~0fGIJ38
     K12E05G KC2012 03 30.91592 09 13 00.06 -04 30 25.2          15.1 Ru~0fGI104
     K12E05G KC2012 03 30.92174 09 13 04.56 -04 32 47.1          15.1 Ru~0fGI104
     K12E05G  C2012 03 30.96200 09 13 29.36 -04 49 48.5          14.7  c~0fkP583
     K12E05G  C2012 03 30.96270 09 13 30.01 -04 50 06.2          15.0  c~0fkP583
     K12E05G  C2012 03 30.96294 09 13 30.35 -04 50 10.9          15.3  c~0fkP583
     K12E05G  C2012 03 30.96365 09 13 30.96 -04 50 30.9          14.8  c~0fkP583
     K12E05G  C2012 03 30.96392 09 13 31.22 -04 50 37.0          14.7  c~0fkP583
     K12E05G  C2012 03 30.96412 09 13 31.43 -04 50 42.3          14.7  c~0fkP583
     K12E05G  C2012 03 30.96509 09 13 32.48 -04 51 07.2          14.8  c~0fkP583
     K12E05G  C2012 03 30.96543 09 13 32.81 -04 51 16.7          15.0  c~0fkP583
     K12E05G  C2012 03 30.96613 09 13 33.44 -04 51 34.2          14.4  c~0fkP583
     K12E05G  C2012 03 30.96647 09 13 33.80 -04 51 43.2          14.2  c~0fkP583
     K12E05G  C2012 03 30.96744 09 13 34.74 -04 52 08.8          14.5  c~0fkP583
     K12E05G  C2012 03 30.96788 09 13 35.26 -04 52 19.8          14.5  c~0fkP583
     K12E05G  C2012 03 30.96844 09 13 35.74 -04 52 33.9          14.9  c~0fkP583
     K12E05G  C2012 03 30.96872 09 13 36.00 -04 52 41.2          14.6  c~0fkP583
     K12E05G  C2012 03 30.96891 09 13 36.22 -04 52 47.3          14.9  c~0fkP583
     K12E05G  C2012 03 30.96947 09 13 36.78 -04 53 00.5          14.5  c~0fkP583
     K12E05G  C2012 03 30.96975 09 13 37.06 -04 53 07.4          14.7  c~0fkP583
     K12E05G  C2012 03 30.97133 09 13 38.54 -04 53 48.4          14.9  c~0fkP583
     K12E05G  C2012 03 30.97175 09 13 39.12 -04 54 00.0          14.4  c~0fkP583
     K12E05G  C2012 03 30.97314 09 13 40.57 -04 54 34.8          15.9  c~0fkP583
     K12E05G  C2012 03 30.97369 09 13 41.17 -04 54 50.6          15.3  c~0fkP583
     K12E05G  C2012 03 30.97388 09 13 41.31 -04 54 55.5          14.7  c~0fkP583
     K12E05G  C2012 03 30.97457 09 13 42.00 -04 55 13.0          15.6  c~0fkP583
     K12E05G  C2012 03 30.97507 09 13 42.57 -04 55 24.9          14.7  c~0fkP583
     K12E05G  C2012 03 30.97652 09 13 44.05 -04 56 02.9          15.0  c~0fkP583
     K12E05G  C2012 03 30.97721 09 13 44.80 -04 56 21.2          15.2  c~0fkP583
     K12E05G  C2012 03 31.07581 09 17 05.83 -05 40 57.2          15.2 Ru~0fGIH45
     K12E05G  C2012 03 31.07609 09 17 06.09 -05 41 05.6          15.2 Ru~0fGIH45
     K12E05G  C2012 03 31.07669 09 17 06.64 -05 41 24.0          15.2 Ru~0fGJH45
     K12E05G  C2012 03 31.07729 09 17 07.24 -05 41 42.5          15.5 Ru~0fGJH45
     K12E05G  C2012 03 31.07823 09 17 08.13 -05 42 11.2          15.4 Ru~0fGJH45
     K12E05G  C2012 03 31.07916 09 17 09.00 -05 42 40.0          15.5 Ru~0fGJH45
     K12E05G  C2012 03 31.07991 09 17 09.70 -05 43 03.2          15.3 Ru~0fGJH45
     K12E05G  C2012 03 31.08062 09 17 10.40 -05 43 25.0          15.6 Ru~0fGJH45
     K12E05G  C2012 03 31.08130 09 17 11.03 -05 43 45.7          15.6 Ru~0fGJH45
     K12E05G  C2012 03 31.08199 09 17 11.68 -05 44 07.0          15.3 Ru~0fGJH45
     K12E05G  C2012 03 31.08269 09 17 12.35 -05 44 28.6          15.4 Ru~0fGJH45
     K12E05G  C2012 03 31.08338 09 17 13.01 -05 44 49.9          15.4 Ru~0fGJH45
     K12E05G  C2012 03 31.08407 09 17 13.68 -05 45 11.6          15.4 Ru~0fGJH45
     K12E05G  C2012 03 31.08478 09 17 14.33 -05 45 33.0          15.5 Ru~0fGJH45
     K12E05G  C2012 03 31.08546 09 17 14.99 -05 45 54.1          15.6 Ru~0fGJH45
     K12E05G  C2012 03 31.08616 09 17 15.65 -05 46 16.3          15.5 Ru~0fGJH45
     K12E05G  C2012 03 31.08685 09 17 16.31 -05 46 37.5          15.2 Ru~0fGJH45
     K12E05G  C2012 03 31.08755 09 17 16.99 -05 46 59.1          15.2 Ru~0fGJH45
     K12E05G  C2012 03 31.08824 09 17 17.64 -05 47 20.6          15.0 Ru~0fGJH45
     K12E05G  C2012 03 31.08894 09 17 18.31 -05 47 42.1          15.4 Ru~0fGJH45
     K12E05G  C2012 03 31.08963 09 17 18.95 -05 48 03.7          15.2 Ru~0fGJH45
     K12E05G  C2012 03 31.09032 09 17 19.63 -05 48 25.7          15.2 Ru~0fGJH45
     K12E05G  C2012 03 31.09102 09 17 20.29 -05 48 47.0          15.3 Ru~0fGJH45
     K12E05G  C2012 03 31.09171 09 17 20.94 -05 49 08.5          15.3 Ru~0fGJH45
     K12E05G  C2012 03 31.09241 09 17 21.62 -05 49 30.7          15.4 Ru~0fGJH45
     K12E05G  C2012 03 31.09310 09 17 22.29 -05 49 52.0          15.4 Ru~0fGJH45
     K12E05G  C2012 03 31.15191 09 18 46.34 -06 23 23.7          14.9  r~0fGJ718
     K12E05G  C2012 03 31.16582 09 19 01.78 -06 31 22.7          15.0  r~0fGJ718
     K12E05G  C2012 03 31.17971 09 19 17.46 -06 39 30.9          14.8  r~0fGJ718
     K12E05G 0C2012 03 31.41663609 27 29.64 -08 57 00.3          14.9 Ro~0fGJE10
     K12E05G 0C2012 03 31.41700209 27 30.31 -08 57 19.1          15.2 Ro~0fGJE10
     K12E05G 0C2012 03 31.41735709 27 30.96 -08 57 37.4          14.9 Ro~0fGJE10
     K12E05G 0C2012 03 31.41771509 27 31.62 -08 57 55.8          15.1 Ro~0fGJE10
     K12E05G 0C2012 03 31.41806509 27 32.26 -08 58 13.8          14.9 Ro~0fGJE10
     K12E05G 0C2012 03 31.41842009 27 32.92 -08 58 32.1          15.2 Ro~0fGJE10
     K12E05G 0C2012 03 31.41877609 27 33.57 -08 58 50.5          15.1 Ro~0fGJE10
     K12E05G 0C2012 03 31.41913609 27 34.23 -08 59 09.0          15.3 Ro~0fGJE10
     K12E05G 0C2012 03 31.41985909 27 35.56 -08 59 46.3          15.3 Ro~0fGJE10
     K12E05G 0C2012 03 31.42021909 27 36.23 -09 00 04.9          15.1 Ro~0fGJE10
     K12E05G 0C2012 03 31.42057209 27 36.88 -09 00 23.1          15.3 Ro~0fGJE10
     K12E05G  C2012 03 31.83033 09 55 06.90 -19 08 06.4          12.9 Rc~0fGJA24
     K12E05G  C2012 03 31.83660 09 55 43.66 -19 21 54.4          13.0 Rc~0fGJA24
     K12E05G  C2012 03 31.84385 09 56 27.31 -19 38 05.6          12.6 Rc~0fGJA24
     K12E05G  C2012 03 31.85229 09 57 19.48 -19 57 19.7          13.0 Rc~0fGJA24
     K12E05G  C2012 03 31.86073 09 58 12.80 -20 16 57.0          13.0 Rc~0fGJA24
     K12E05G  C2012 03 31.87230 09 59 28.42 -20 44 32.0          13.5 Rc~0fGJA24
     K12E05G KC2012 03 31.92799310 06 50.01 -23 11 20.4          13.0 Ru~0fGJJ95
     K12E05G KC2012 03 31.95706510 11 03.86 -24 35 42.2          13.0 Ru~0fGJJ95
     K12E05G KC2012 03 31.95840110 11 16.20 -24 39 42.7          13.1 Ru~0fGJJ95
     K12E05G KC2012 03 31.96035610 11 34.44 -24 45 39.1          12.9 Ru~0fGJJ95
     K12E05G KC2012 03 31.96173010 11 47.31 -24 49 49.6          13.3 Ru~0fGJJ95
     K12E05G 0C2012 04 02.77140820 21 45.42 -14 22 18.0          18.1 Rt~0fGJE10
     K12E05G 0C2012 04 02.77175420 21 45.74 -14 22 09.1          17.3 Rt~0fGJE10
     K12E05G 0C2012 04 02.77210020 21 46.09 -14 22 00.3          17.6 Rt~0fGJE10
     K12E05G 0C2012 04 02.77244520 21 46.44 -14 21 51.3          17.6 Rt~0fGJE10
     K12E05G 0C2012 04 02.77282720 21 46.81 -14 21 41.6          17.4 Rt~0fGJE10
     K12E05G 0C2012 04 02.77318820 21 47.17 -14 21 32.4          17.4 Rt~0fGJE10
     K12E05G 0C2012 04 02.77355120 21 47.52 -14 21 23.1          17.3 Rt~0fGJE10
     K12E05G 0C2012 04 02.77394120 21 47.90 -14 21 13.1          17.1 Rt~0fGJE10
     K12E05G 0C2012 04 02.77429620 21 48.26 -14 21 03.9          17.5 Rt~0fGJE10
     K12E05G 0C2012 04 02.77464620 21 48.60 -14 20 55.0          17.9 Rt~0fGJE10
     K12E05G 0C2012 04 02.77503120 21 48.97 -14 20 45.0          18.2 Rt~0fGJE10
     K12E05G 0C2012 04 02.77539320 21 49.33 -14 20 35.7          18.2 Rt~0fGJE10
     K12E05G QC2012 04 02.80228120 22 14.29 -14 09 17.1          18.4 Vr~0fGJE12
     K12E05G 0C2012 04 03.76911420 34 26.36 -09 56 34.8          19.2 Rt~0fkPE10
     K12E05G 0C2012 04 03.76969120 34 26.51 -09 56 29.7          19.2 Rt~0fkPE10
     K12E05G 0C2012 04 03.77025520 34 26.66 -09 56 24.6          18.9 Rt~0fkPE10
     K12E05G 0C2012 04 03.77083320 34 26.82 -09 56 19.6          19.1 Rt~0fkPE10
     K12E05G 0C2012 04 03.77136320 34 26.96 -09 56 14.8          18.9 Rt~0fkPE10
     K12E05G 0C2012 04 03.77192420 34 27.10 -09 56 09.8          18.3 Rt~0fkPE10
     K12E05G 0C2012 04 03.77249820 34 27.26 -09 56 04.6          18.2 Rt~0fkPE10
     K12E05G 0C2012 04 03.77302620 34 27.39 -09 55 59.9          18.2 Rt~0fkPE10
     K12E05G 0C2012 04 03.77359820 34 27.54 -09 55 54.9          18.6 Rt~0fkPE10
     K12E05G 0C2012 04 03.77416820 34 27.70 -09 55 49.7          19.1 Rt~0fkPE10
     K12E05G 0C2012 04 03.77469320 34 27.83 -09 55 45.1          19.3 Rt~0fkPE10
     K12E05G 0C2012 04 03.77521920 34 27.97 -09 55 40.4          19.3 Rt~0fkPE10
     K12E05G 0C2012 04 03.77578420 34 28.11 -09 55 35.4          19.2 Rt~0fkPE10
     K12E05G 0C2012 04 03.77635620 34 28.25 -09 55 30.3          19.4 Rt~0fkPE10
     K12E05G 0C2012 04 03.77687520 34 28.39 -09 55 25.6          19.5 Rt~0fkPE10
     K12E05G 0C2012 04 03.77740420 34 28.52 -09 55 21.1          19.5 Rt~0fkPE10
     K12E05G 0C2012 04 03.77795920 34 28.66 -09 55 16.1          19.7 Rt~0fkPE10
     K12E05G 0C2012 04 03.77852820 34 28.81 -09 55 11.0          19.5 Rt~0fkPE10
