     K12H08L* C2012 04 21.36244 15 29 14.85 -08 57 31.7          21.7 Vr~0g8DG96
     K12H08L  C2012 04 21.37069 15 29 16.26 -08 57 39.8          22.2 Vr~0g8DG96
     K12H08L  C2012 04 21.37899 15 29 17.70 -08 57 48.1          21.5 Vr~0g8DG96
     K12H08L  C2012 04 21.38726 15 29 19.06 -08 57 56.0          22.1 Vr~0g8DG96
     K12H08L  C2012 04 22.38088 15 32 26.61 -09 14 15.6                r~0g8DG96
     K12H08L  C2012 04 22.38300 15 32 26.98 -09 14 16.9                r~0g8DG96
     K12H08L  C2012 04 22.38509 15 32 27.40 -09 14 19.6          21.0 Vr~0g8DG96
     K12H08L  C2012 04 22.38721 15 32 27.99 -09 14 22.4                r~0g8DG96
     K12H08L  C2012 04 22.44184 15 32 37.40 -09 15 16.8          21.4 Ro~0g8DH01
     K12H08L  C2012 04 22.44531 15 32 38.03 -09 15 20.3          21.7 Ro~0g8DH01
     K12H08L  C2012 04 22.45525 15 32 39.82 -09 15 30.2          21.1 Ro~0g8DH01
     K12H08L  C2012 04 22.46633 15 32 41.82 -09 15 41.2          21.6 Ro~0g8DH01
     K12H08L mC2012 04 23.41978 15 35 48.50 -09 32 09.3                o~0g8D291
     K12H08L mC2012 04 23.42199 15 35 48.91 -09 32 11.6                o~0g8D291
     K12H08L mC2012 04 23.42421 15 35 49.31 -09 32 13.5                o~0g8D291
     K12H08L mC2012 04 24.36676 15 38 59.70 -09 49 14.0                o~0g8D291
     K12H08L mC2012 04 24.36898 15 39 00.13 -09 49 17.0                o~0g8D291
     K12H08L mC2012 04 25.37611 15 42 28.97 -10 08 17.1                o~0g8D291
     K12H08L mC2012 04 25.37833 15 42 29.42 -10 08 19.5                o~0g8D291
     K12H08L mC2012 04 25.38054 15 42 29.86 -10 08 22.4                o~0g8D291
     K12H08L mC2012 04 28.34228 15 53 26.96 -11 09 28.8                o~0gNj291
     K12H08L mC2012 04 28.34519 15 53 27.64 -11 09 33.1                o~0gNj291
     K12H08L mC2012 04 28.34809 15 53 28.21 -11 09 37.4                o~0gNj291
     K12H08L HC2012 04 28.38801 15 53 36.80 -11 10 30.5                o~0gNj691
     K12H08L HC2012 04 28.40650 15 53 40.91 -11 10 54.8                o~0gNj691
     K12H08L mC2012 05 11.45188 16 57 02.28 -17 14 03.6                o~0gbg291
     K12H08L mC2012 05 11.45343 16 57 02.77 -17 14 06.5                o~0gbg291
     K12H08L mC2012 05 11.45496 16 57 03.26 -17 14 09.8                o~0gbg291
     K12H08L |C2012 05 28.24910 18 50 51.03 -25 53 08.6          21.3 Vo~0hCO807
     K12H08L |C2012 05 28.25373 18 50 52.85 -25 53 15.3          21.0 Vo~0hCP807
     K12H08L |C2012 05 28.25835 18 50 54.64 -25 53 22.4          21.4 Vo~0hCP807
     K12H08L |C2012 06 25.34453 21 03 26.18 -30 04 56.6          21.5 Vu~0hfs807
     K12H08L |C2012 06 25.34653 21 03 26.41 -30 04 56.6          21.3 Vu~0hfs807
     K12H08L |C2012 06 25.34853 21 03 26.62 -30 04 56.7          21.4 Vu~0hfs807
     K12H08L |C2012 06 25.35053 21 03 26.85 -30 04 56.9          21.4 Vu~0hfs807
     K12H08L |C2012 06 25.35252 21 03 27.08 -30 04 57.0          21.6 Vu~0hfs807
