     K12G00D* C2012 04 01.34437 12 49 52.60 +04 46 11.6          20.9 Vr~0fHZG96
     K12G00D  C2012 04 01.35178 12 49 56.67 +04 46 05.3          21.7 Vr~0fHZG96
     K12G00D  C2012 04 01.35927 12 50 00.70 +04 45 58.2          20.9 Vr~0fHZG96
     K12G00D  C2012 04 01.36679 12 50 04.81 +04 45 51.6          20.9 Vr~0fHZG96
     K12G00D  C2012 04 01.41204 12 50 29.79 +04 45 09.6          21.6 Vr~0fHZG96
     K12G00D  C2012 04 01.41357 12 50 30.64 +04 45 08.5                r~0fHZG96
     K12G00D  C2012 04 01.41510 12 50 31.40 +04 45 06.8          21.9 Vr~0fHZG96
     K12G00D  C2012 04 01.41663 12 50 32.34 +04 45 05.4          21.5 Vr~0fHZG96
     K12G00D  C2012 04 02.33188 13 00 40.68 +04 29 48.0          21.4 Vr~0fHZG96
     K12G00D  C2012 04 02.33258 13 00 41.04 +04 29 46.9          21.9 Vr~0fHZG96
     K12G00D  C2012 04 02.33328 13 00 41.61 +04 29 45.4          21.2 Vr~0fHZG96
     K12G00D  C2012 04 02.33466 13 00 42.33 +04 29 44.7          21.0 Vr~0fHZG96
     K12G00D KC2012 04 03.42026 13 15 08.49 +04 06 05.3          20.2 Ro~0fHZ291
     K12G00D KC2012 04 03.42378 13 15 11.44 +04 05 59.7          20.2 Ro~0fHZ291
     K12G00D KC2012 04 03.42730 13 15 14.38 +04 05 54.4          20.5 Ro~0fHZ291
     K12G00D KC2012 04 06.27760314 14 13.13 +02 16 43.6                o~0fklH21
     K12G00D KC2012 04 06.28560514 14 25.90 +02 16 16.5          20.6 Vo~0fklH21
     K12G00D KC2012 04 06.29289614 14 37.52 +02 15 52.4          20.4 Vo~0fklH21
