     K12K24P* C2012 05 23.33535 16 25 58.04 +34 07 45.5          20.8 Vr~0gxWG96
     K12K24P  C2012 05 23.34402 16 25 56.96 +34 07 48.3          20.6 Vr~0gxWG96
     K12K24P  C2012 05 23.35268 16 25 55.95 +34 07 51.1          20.7 Vr~0gxWG96
     K12K24P  C2012 05 23.36138 16 25 54.87 +34 07 53.2          20.9 Vr~0gxWG96
     K12K24P  C2012 05 24.23988 16 25 41.08 +34 14 17.9          20.1 Vr~0gxWG96
     K12K24P  C2012 05 24.24936 16 25 39.79 +34 14 25.9          20.4 Vr~0gxWG96
     K12K24P  C2012 05 24.25884 16 25 38.46 +34 14 33.7          20.9 Vr~0gxWG96
     K12K24P  C2012 05 24.26826 16 25 37.05 +34 14 41.2          21.5 Vr~0gxWG96
     K12K24P  C2012 05 24.39850 16 25 17.04 +34 15 38.9          20.9 Vr~0gxWG96
     K12K24P  C2012 05 24.39983 16 25 16.86 +34 15 39.0          20.5 Vr~0gxWG96
     K12K24P  C2012 05 24.40117 16 25 16.68 +34 15 39.0          21.0 Vr~0gxWG96
     K12K24P  C2012 05 24.40254 16 25 16.46 +34 15 39.1          20.8 Vr~0gxWG96
     K12K24P KC2012 05 24.92765 16 25 10.80 +34 18 57.8                u~0gxWJ95
     K12K24P KC2012 05 24.93713 16 25 09.52 +34 19 06.4          20.0 Ru~0gxWJ95
     K12K24P {C2012 05 25.30116316 24 43.858+34 25 16.08         20.0 Rt~0gxW695
     K12K24P {C2012 05 25.30463516 24 43.118+34 25 19.27         19.9 Rt~0gxW695
     K12K24P {C2012 05 25.30820016 24 42.372+34 25 21.99         19.9 Rt~0gxW695
     K12K24P {C2012 05 25.31174216 24 41.615+34 25 24.83         19.7 Rt~0gxW695
     K12K24P KC2012 05 25.94872 16 23 59.54 +34 33 02.8          19.4 Vv~0hDPI93
     K12K24P KC2012 05 25.95932 16 23 56.91 +34 33 17.5          19.4 Vv~0hDPI93
     K12K24P KC2012 05 25.96992 16 23 54.22 +34 33 31.8          19.1 Vv~0hDPI93
     K12K24P KC2012 05 25.97187016 23 49.78 +34 32 49.2          19.9 Vu~0hDP510
     K12K24P KC2012 05 25.98087 16 23 51.35 +34 32 52.5                u~0hDPJ95
     K12K24P KC2012 05 25.98366016 23 46.97 +34 33 02.2          19.8 Vu~0hDP510
     K12K24P KC2012 05 25.98720 16 23 49.83 +34 33 00.3                u~0hDPJ95
     K12K24P KC2012 05 25.99399 16 23 48.15 +34 33 08.4          19.2 Ru~0hDPJ95
     K12K24P KC2012 05 25.99545116 23 43.99 +34 33 14.6          20.0 Vu~0hDP510
     K12K24P KC2012 05 26.00724016 23 41.08 +34 33 25.5          19.4 Vu~0hDP510
     K12K24P {C2012 05 26.30746516 23 11.679+34 42 06.59         19.2 Rt~0hDP695
     K12K24P {C2012 05 26.31028416 23 10.728+34 42 10.59         19.2 Rt~0hDP695
     K12K24P {C2012 05 26.31308416 23 09.704+34 42 14.59         19.6 Rt~0hDP695
     K12K24P {C2012 05 26.31589716 23 08.672+34 42 18.79         18.9 Rt~0hDP695
     K12K24P  C2012 05 26.33752 16 22 50.47 +34 41 54.3          19.3 Ru~0hDPH45
     K12K24P  C2012 05 26.33935 16 22 49.91 +34 41 55.7          19.3 Ru~0hDPH45
     K12K24P  C2012 05 26.34131 16 22 49.20 +34 41 56.6          19.3 Ru~0hDPH45
     K12K24P  C2012 05 26.34247 16 22 48.85 +34 41 58.2          19.2 Ru~0hDPH45
     K12K24P  C2012 05 26.34399 16 22 48.31 +34 41 58.6          19.3 Ru~0hDPH45
     K12K24P  C2012 05 26.34587 16 22 47.65 +34 42 00.3          19.3 Ru~0hDPH45
     K12K24P  C2012 05 26.34745 16 22 47.17 +34 42 01.7          19.5 Ru~0hDPH45
     K12K24P  C2012 05 26.34898 16 22 46.68 +34 42 01.8          19.4 Ru~0hDPH45
     K12K24P  C2012 05 26.35102 16 22 46.00 +34 42 03.8          19.4 Ru~0hDPH45
     K12K24P  C2012 05 26.35644 16 22 44.24 +34 42 06.0          19.2 Ru~0hDPH45
     K12K24P  C2012 05 26.36013 16 22 43.03 +34 42 07.8          19.3 Ru~0hDPH45
     K12K24P KC2012 05 26.87840 16 21 39.78 +34 54 35.8          17.6 Ru~0hDPB42
     K12K24P KC2012 05 26.88109 16 21 38.67 +34 54 43.1          17.9 Ru~0hDPB42
     K12K24P KC2012 05 26.89063 16 21 34.61 +34 55 06.5          18.1 Ru~0hDPB42
     K12K24P KC2012 05 26.89739 16 21 31.75 +34 55 22.9          17.9 Ru~0hDPB42
     K12K24P KC2012 05 26.90349 16 21 47.19 +34 55 37.1          18.4 Vt~0hDPJ84
     K12K24P KC2012 05 26.91247 16 21 43.54 +34 56 05.4          18.4 Vt~0hDPJ84
     K12K24P KC2012 05 26.91757 16 21 41.40 +34 56 21.3          18.4 Vt~0hDPJ84
     K12K24P KC2012 05 26.92268 16 21 39.26 +34 56 37.2          18.4 Vt~0hDPJ84
     K12K24P KC2012 05 26.94363 16 21 30.09 +34 57 41.1          18.4 Vt~0hDPJ84
     K12K24P KC2012 05 27.01152 16 20 50.01 +35 01 32.5          18.1 Ro~0hDPB67
     K12K24P KC2012 05 27.01480 16 20 48.30 +35 01 39.5          18.0 Ro~0hDPB67
     K12K24P KC2012 05 27.01809 16 20 46.59 +35 01 47.0          17.8 Ro~0hDPB67
     K12K24P KC2012 05 27.02988 16 20 48.47 +35 01 25.6                u~0hDPJ95
     K12K24P KC2012 05 27.03369 16 20 46.50 +35 01 34.6                u~0hDPJ95
     K12K24P KC2012 05 27.03749 16 20 44.53 +35 01 43.4          18.2 Ru~0hDPJ95
     K12K24P KC2012 05 27.07654 16 20 13.35 +35 04 10.1                u~0hDPB33
     K12K24P KC2012 05 27.08038 16 20 11.28 +35 04 16.7          18.4 Ru~0hDPB33
     K12K24P KC2012 05 27.08514 16 20 08.86 +35 04 22.9          18.5 Ru~0hDPB33
     K12K24P  C2012 05 27.20660 16 20 17.89 +35 13 41.6          18.4 Ru~0hDPH45
     K12K24P  C2012 05 27.20792 16 20 16.90 +35 13 48.1          18.4 Ru~0hDPH45
     K12K24P  C2012 05 27.20887 16 20 16.33 +35 13 51.5          18.3 Ru~0hDPH45
     K12K24P  C2012 05 27.21024 16 20 15.39 +35 13 56.9          18.5 Ru~0hDPH45
     K12K24P  C2012 05 27.22020 16 20 08.58 +35 14 37.8          18.3 Ru~0hDPH45
     K12K24P  C2012 05 27.22198 16 20 07.42 +35 14 45.6          18.5 Ru~0hDPH45
     K12K24P  C2012 05 27.22255 16 20 07.01 +35 14 47.1          18.5 Ru~0hDPH45
     K12K24P  C2012 05 27.22413 16 20 05.97 +35 14 53.7          18.6 Ru~0hDPH45
     K12K24P  C2012 05 27.22543 16 20 04.95 +35 14 59.6          18.6 Ru~0hDPH45
     K12K24P  C2012 05 27.22644 16 20 04.36 +35 15 03.1          18.5 Ru~0hDPH45
     K12K24P  C2012 05 27.22741 16 20 03.68 +35 15 07.9          18.5 Ru~0hDPH45
     K12K24P  C2012 05 27.22839 16 20 03.00 +35 15 11.6          18.4 Ru~0hDPH45
     K12K24P  C2012 05 27.22953 16 20 02.28 +35 15 18.1          18.4 Ru~0hDPH45
     K12K24P  C2012 05 27.23101 16 20 01.05 +35 15 21.9          18.4 Ru~0hDPH45
     K12K24P  C2012 05 27.23225 16 20 00.05 +35 15 27.0          18.5 Ru~0hDPH45
     K12K24P *C2012 05 27.24599 16 20 03.30 +35 16 36.8          18.8 Ru~0hDPH06
     K12K24P KC2012 05 27.24859816 19 43.70 +35 15 26.5          18.6 Vu~0hDPH21
     K12K24P KC2012 05 27.25122716 19 41.82 +35 15 35.8          18.8 Vu~0hDPH21
     K12K24P *C2012 05 27.25179 16 19 59.09 +35 17 02.0          18.0 Ru~0hDPH06
     K12K24P KC2012 05 27.25404216 19 39.83 +35 15 45.7          18.4 Vu~0hDPH21
     K12K24P KC2012 05 27.25684416 19 37.82 +35 15 55.2          18.4 Vu~0hDPH21
     K12K24P *C2012 05 27.25759 16 19 54.99 +35 17 26.9          17.7 Ru~0hDPH06
     K12K24P KC2012 05 27.25964816 19 35.81 +35 16 04.8          18.7 Vu~0hDPH21
     K12K24P KC2012 05 27.26254616 19 33.70 +35 16 14.7          18.3 Vu~0hDPH21
     K12K24P KC2012 05 27.90668 16 12 48.89 +36 21 59.2                u~0hDPJ95
     K12K24P KC2012 05 27.91051 16 12 42.19 +36 22 52.9                u~0hDPJ95
     K12K24P KC2012 05 27.91496 16 12 34.30 +36 23 55.6          16.7 Ru~0hDPJ95
     K12K24P KC2012 05 28.10478116 04 39.50 +37 14 13.8                u~0hDPJ95
     K12K24P KC2012 05 28.10775416 04 29.67 +37 15 08.1                u~0hDPJ95
     K12K24P KC2012 05 28.11069016 04 19.91 +37 16 02.0          16.1 Ru~0hDPJ95
     K12K24P  C2012 05 28.16021 16 04 42.30 +37 49 14.0          16.9 Ru~0hDPH45
     K12K24P  C2012 05 28.16127 16 04 38.20 +37 49 47.2          16.5 Ru~0hDPH45
     K12K24P  C2012 05 28.16252 16 04 33.14 +37 50 28.0          17.0 Ru~0hDPH45
     K12K24P  C2012 05 28.16425 16 04 26.01 +37 51 25.4          16.8 Ru~0hDPH45
     K12K24P  C2012 05 28.16480 16 04 23.82 +37 51 43.0          17.0 Ru~0hDPH45
     K12K24P  C2012 05 28.16534 16 04 21.57 +37 52 00.6          16.9 Ru~0hDPH45
     K12K24P  C2012 05 28.16580 16 04 19.69 +37 52 16.4          16.6 Ru~0hDPH45
     K12K24P  C2012 05 28.16628 16 04 17.73 +37 52 32.2          16.8 Ru~0hDPH45
     K12K24P  C2012 05 28.16703 16 04 14.63 +37 52 56.9          16.8 Ru~0hDPH45
     K12K24P  C2012 05 28.16742 16 04 13.00 +37 53 10.0          16.6 Ru~0hDPH45
     K12K24P  C2012 05 28.16849 16 04 08.30 +37 53 47.0          16.9 Ru~0hDPH45
     K12K24P  C2012 05 28.16910 16 04 05.76 +37 54 07.4          16.4 Ru~0hDPH45
     K12K24P  C2012 05 28.17019 16 04 01.17 +37 54 44.1          16.2 Ru~0hDPH45
     K12K24P  C2012 05 28.17183 16 03 54.17 +37 55 38.7          16.4 Ru~0hDPH45
     K12K24P  C2012 05 28.18409 16 03 00.32 +38 02 37.2          16.6 Ru~0hDPH45
     K12K24P  C2012 05 28.18455 16 02 58.16 +38 02 53.3          16.8 Ru~0hDPH45
     K12K24P  C2012 05 28.22737 16 00 51.34 +38 22 47.6          15.6 Rt~0hDPG56
     K12K24P  C2012 05 28.22867 16 00 44.53 +38 23 43.0          15.8 Rt~0hDPG56
     K12K24P  C2012 05 28.23006 16 00 37.33 +38 24 42.2          15.9 Rt~0hDPG56
     K12K24P  C2012 05 28.23145 16 00 29.93 +38 25 42.0          16.0 Rt~0hDPG56
     K12K24P  C2012 05 28.23284 16 00 22.50 +38 26 42.5          15.8 Rt~0hDPG56
     K12K24P  C2012 05 28.24069 15 59 39.24 +38 32 28.5          15.6 Rt~0hDPG56
     K12K24P  C2012 05 28.24208 15 59 31.41 +38 33 31.0          15.2 Rt~0hDPG56
     K12K24P  C2012 05 28.24267915 57 32.03 +38 35 26.6          16.3 Vu~0hDPH21
     K12K24P  C2012 05 28.24347 15 59 23.50 +38 34 33.0          15.6 Rt~0hDPG56
     K12K24P  C2012 05 28.24451215 57 20.77 +38 36 38.8          16.1 Vu~0hDPH21
     K12K24P  C2012 05 28.24486 15 59 15.50 +38 35 35.6          15.2 Rt~0hDPG56
     K12K24P  C2012 05 28.24540615 57 15.23 +38 37 14.3          15.8 Vu~0hDPH21
     K12K24P  C2012 05 28.24643115 57 08.83 +38 37 55.2          15.7 Vu~0hDPH21
     K12K24P  C2012 05 28.24732915 57 03.20 +38 38 31.1          15.7 Vu~0hDPH21
     K12K24P  C2012 05 28.24738 15 59 00.78 +38 37 30.4          15.0 Rt~0hDPG56
     K12K24P  C2012 05 28.24831 15 58 55.35 +38 38 12.6          15.2 Rt~0hDPG56
     K12K24P  C2012 05 28.24835715 56 56.72 +38 39 12.2          15.8 Vu~0hDPH21
     K12K24P  C2012 05 28.24924 15 58 49.91 +38 38 55.3          15.2 Rt~0hDPG56
     K12K24P  C2012 05 28.24938615 56 50.20 +38 39 53.8          16.1 Vu~0hDPH21
     K12K24P  C2012 05 28.25016 15 58 44.41 +38 39 37.8          15.5 Rt~0hDPG56
     K12K24P  C2012 05 28.25028715 56 44.48 +38 40 30.1          16.4 Vu~0hDPH21
     K12K24P  C2012 05 28.25131615 56 37.88 +38 41 11.6          16.2 Vu~0hDPH21
     K12K24P  C2012 05 28.25221615 56 32.07 +38 41 48.3          16.1 Vu~0hDPH21
     K12K24P  C2012 05 28.25324815 56 25.41 +38 42 30.4          15.8 Vu~0hDPH21
     K12K24P  C2012 05 28.25415115 56 19.53 +38 43 07.3          15.7 Vu~0hDPH21
     K12K24P  C2012 05 28.25543915 56 11.14 +38 44 00.1          16.2 Vu~0hDPH21
     K12K24P  C2012 05 28.25633815 56 05.20 +38 44 37.2          16.2 Vu~0hDPH21
     K12K24P  C2012 05 28.25742215 55 58.04 +38 45 22.1          16.2 Vu~0hDPH21
     K12K24P  C2012 05 28.43252 15 21 46.51 +42 09 35.0          14.8 Vr~0hDP703
     K12K24P  C2012 05 28.43280 15 21 40.42 +42 10 02.8          14.7 Vr~0hDP703
     K12K24P  C2012 05 28.43308 15 21 34.27 +42 10 30.7          14.2 Vr~0hDP703
     K12K24P  C2012 05 28.43334 15 21 28.44 +42 10 57.5          14.6 Vr~0hDP703
