     K12H08G* C2012 04 20.25484 12 59 20.29 -21 38 39.9          17.6 Vr~0g8C703
     K12H08G  C2012 04 20.26295 12 59 20.72 -21 37 43.3          17.8 Vr~0g8C703
     K12H08G  C2012 04 20.27106 12 59 21.15 -21 36 46.5          17.8 Vr~0g8C703
     K12H08G  C2012 04 20.27928 12 59 21.58 -21 35 49.3          17.5 Vr~0g8C703
     K12H08G  C2012 04 20.32059 12 59 23.67 -21 31 02.0          17.7 Vr~0g8C703
     K12H08G  C2012 04 20.32127 12 59 23.74 -21 30 57.2          17.6 Vr~0g8C703
     K12H08G  C2012 04 20.32197 12 59 23.74 -21 30 52.3          17.6 Vr~0g8C703
     K12H08G  C2012 04 20.32265 12 59 23.82 -21 30 47.8          17.6 Vr~0g8C703
     K12H08G  C2012 04 20.38437 12 59 29.51 -21 23 00.7          17.6 Ro~0g8C474
     K12H08G  C2012 04 20.38507 12 59 29.52 -21 22 55.8          17.8 Ro~0g8C474
     K12H08G  C2012 04 20.38579 12 59 29.58 -21 22 50.4          17.6 Ro~0g8C474
     K12H08G  C2012 04 20.38648 12 59 29.62 -21 22 46.3          17.6 Ro~0g8C474
     K12H08G  C2012 04 20.58747 12 59 40.77 -20 59 58.8          17.8 Vo~0g8CE23
     K12H08G  C2012 04 20.59440 12 59 41.14 -20 59 12.1          18.0 Vo~0g8CE23
     K12H08G QC2012 04 20.59667812 59 41.27 -20 58 57.6          17.6 Vr~0g8CE12
     K12H08G  C2012 04 20.60100 12 59 41.43 -20 58 26.8          17.5 Vo~0g8CE23
     K12H08G QC2012 04 20.61645512 59 42.27 -20 56 43.0          17.6 Vr~0g8CE12
     K12H08G QC2012 04 20.63740012 59 43.347-20 54 20.99         18.0 Vr~0g8CE12
     K12H08G QC2012 04 20.63778112 59 43.396-20 54 17.83         17.8 Vr~0g8CE12
     K12H08G QC2012 04 20.63813112 59 43.410-20 54 15.30         17.7 Vr~0g8CE12
     K12H08G KC2012 04 20.89460 13 00 00.81 -20 26 17.2                t~0g8C204
     K12H08G KC2012 04 20.89857 13 00 01.02 -20 25 51.0                t~0g8C204
     K12H08G KC2012 04 20.90255 13 00 01.22 -20 25 24.8          17.7 Rt~0g8C204
     K12H08G KC2012 04 20.95371 13 00 04.12 -20 19 48.2                u~0g8CJ95
     K12H08G KC2012 04 20.95697 13 00 04.30 -20 19 26.6                u~0g8CJ95
     K12H08G KC2012 04 20.95749 13 00 05.90 -20 18 39.8          17.7 Vu~0g8CI39
     K12H08G KC2012 04 20.96030 13 00 04.46 -20 19 04.6          17.6 Ru~0g8CJ95
     K12H08G |C2012 04 20.96679 13 00 06.68 -20 17 39.2          18.3 Vo~0g8C807
     K12H08G KC2012 04 20.96957 13 00 06.63 -20 17 21.5          17.7 Vu~0g8CI39
     K12H08G |C2012 04 20.97198 13 00 06.98 -20 17 05.7          18.3 Vo~0g8C807
     K12H08G |C2012 04 20.97538 13 00 07.17 -20 16 43.1          18.1 Vo~0g8C807
     K12H08G |C2012 04 20.97709 13 00 07.26 -20 16 32.1          18.4 Vo~0g8C807
     K12H08G KC2012 04 20.98164 13 00 07.24 -20 16 01.6          17.9 Vu~0g8CI39
     K12H08G  C2012 04 21.13748 13 00 16.63 -19 59 37.5          18.7 Ro~0g8CG48
     K12H08G  C2012 04 21.13802 13 00 16.65 -19 59 34.3          18.8 Ro~0g8CG48
     K12H08G  C2012 04 21.13855 13 00 16.69 -19 59 30.4          19.1 Ro~0g8CG48
     K12H08G  C2012 04 21.13909 13 00 16.73 -19 59 27.1          18.9 Ro~0g8CG48
     K12H08G  C2012 04 21.13963 13 00 16.75 -19 59 23.5          18.5 Ro~0g8CG48
     K12H08G  C2012 04 21.14015 13 00 16.77 -19 59 19.7          18.7 Ro~0g8CG48
     K12H08G  C2012 04 21.14071 13 00 16.80 -19 59 16.4          18.5 Ro~0g8CG48
     K12H08G  C2012 04 21.14124 13 00 16.83 -19 59 13.2          18.5 Ro~0g8CG48
     K12H08G  C2012 04 21.14181 13 00 16.85 -19 59 09.5          18.5 Ro~0g8CG48
     K12H08G  C2012 04 21.14231 13 00 16.88 -19 59 06.2          18.5 Ro~0g8CG48
     K12H08G  C2012 04 21.14369 13 00 16.94 -19 58 57.9          18.4 Ro~0g8CG48
     K12H08G  C2012 04 21.14580 13 00 17.08 -19 58 44.0          18.5 Ro~0g8CG48
     K12H08G  C2012 04 21.14632 13 00 17.11 -19 58 40.8          18.6 Ro~0g8CG48
     K12H08G  C2012 04 21.14686 13 00 17.10 -19 58 37.1          18.4 Ro~0g8CG48
     K12H08G KC2012 04 21.19932 13 00 18.24 -19 52 24.5                u~0g8CI48
     K12H08G KC2012 04 21.20249 13 00 18.38 -19 52 03.7                u~0g8CI48
     K12H08G KC2012 04 21.20567 13 00 18.53 -19 51 43.4                u~0g8CI48
     K12H08G  C2012 04 21.20945 13 00 20.10 -19 51 54.4          17.5 Ro~0g8CH01
     K12H08G  C2012 04 21.21769 13 00 20.49 -19 51 01.3          17.3 Ro~0g8CH01
     K12H08G  C2012 04 21.22476 13 00 20.97 -19 50 14.8          17.5 Rc~0g8C651
     K12H08G  C2012 04 21.22550 13 00 21.00 -19 50 10.1          17.6 Rc~0g8C651
     K12H08G  C2012 04 21.22624 13 00 21.08 -19 50 04.8          17.5 Rc~0g8C651
     K12H08G  C2012 04 21.22869 13 00 21.02 -19 49 50.5          17.5 Ro~0g8CH01
     K12H08G  C2012 04 21.23887 13 00 21.51 -19 48 44.9          17.5 Ro~0g8CH01
     K12H08G  C2012 04 21.25209 13 00 21.81 -19 47 20.6          17.8 Ru~0g8CH36
     K12H08G  C2012 04 21.25375 13 00 21.88 -19 47 09.8          17.7 Ru~0g8CH36
     K12H08G  C2012 04 21.25696 13 00 22.02 -19 46 49.4          17.7 Ru~0g8CH36
     K12H08G  C2012 04 21.50578 13 00 36.91 -19 19 44.1          18.1 Ro~0g8C474
     K12H08G  C2012 04 21.50648 13 00 36.96 -19 19 39.5          17.8 Ro~0g8C474
     K12H08G  C2012 04 21.50719 13 00 37.00 -19 19 35.0          18.0 Ro~0g8C474
     K12H08G  C2012 04 21.50789 13 00 37.03 -19 19 30.7          17.9 Ro~0g8C474
     K12H08G  C2012 04 21.50860 13 00 37.08 -19 19 26.3          17.9 Ro~0g8C474
     K12H08G  C2012 04 21.51706 13 00 38.00 -19 18 37.9          17.8 Vo~0g8CE23
     K12H08G  C2012 04 21.52272 13 00 38.36 -19 18 03.0          18.0 Vo~0g8CE23
     K12H08G KC2012 04 21.95908 13 01 03.38 -18 33 36.9                u~0g8CJ95
     K12H08G KC2012 04 21.96143 13 01 03.48 -18 33 22.5                u~0g8CJ95
     K12H08G KC2012 04 21.96418 13 01 03.61 -18 33 05.3          17.9 Ru~0g8CJ95
     K12H08G KC2012 04 22.19244 13 01 16.88 -18 10 05.8          18.0 Ru~0g8CH36
     K12H08G KC2012 04 22.19646 13 01 17.06 -18 09 41.8          18.0 Ru~0g8CH36
     K12H08G KC2012 04 22.20057 13 01 17.24 -18 09 17.4          17.9 Ru~0g8CH36
     K12H08G KC2012 04 22.20423 13 01 17.40 -18 08 55.2          17.9 Ru~0g8CH36
     K12H08G  C2012 04 22.22742 13 01 18.80 -18 06 35.9          18.4  c~0g8C704
     K12H08G  C2012 04 22.23820 13 01 19.30 -18 05 31.3          18.4  c~0g8C704
     K12H08G  C2012 04 22.25975 13 01 20.24 -18 03 22.8          18.5  c~0g8C704
     K12H08G  C2012 04 22.27053 13 01 20.74 -18 02 18.5          18.5  c~0g8C704
     K12H08G  C2012 04 22.36042 13 01 27.04 -17 52 47.4          18.3 Ro~0g8C474
     K12H08G  C2012 04 22.36112 13 01 27.06 -17 52 43.8          18.1 Ro~0g8C474
     K12H08G  C2012 04 22.36183 13 01 27.10 -17 52 39.2          18.0 Ro~0g8C474
     K12H08G  C2012 04 22.36253 13 01 27.14 -17 52 35.4          17.9 Ro~0g8C474
     K12H08G  C2012 04 22.36323 13 01 27.16 -17 52 31.2          18.0 Ro~0g8C474
     K12H08G  C2012 04 22.36394 13 01 27.21 -17 52 26.9          18.1 Ro~0g8C474
     K12H08G  C2012 04 22.36563 13 01 27.15 -17 52 17.1          17.6 Vr~0g8CE94
     K12H08G  C2012 04 22.38749 13 01 28.19 -17 50 11.2          17.7 Vr~0g8CE94
     K12H08G  C2012 04 22.40845 13 01 29.16 -17 48 08.7          17.2 Vr~0g8CE94
     K12H08G |C2012 04 22.97095 13 02 00.82 -16 54 16.3          18.4 Vo~0g8C807
     K12H08G |C2012 04 22.97211 13 02 00.89 -16 54 09.8          18.3 Vo~0g8C807
     K12H08G |C2012 04 22.97441 13 02 01.00 -16 53 56.8          18.4 Vo~0g8C807
     K12H08G |C2012 04 22.97636 13 02 01.08 -16 53 46.0          18.2 Vo~0g8C807
     K12H08G KC2012 04 23.25123813 02 13.54 -16 28 53.2          18.5 Vu~0g8CH21
     K12H08G KC2012 04 23.25309013 02 13.62 -16 28 42.9          18.6 Vu~0g8CH21
     K12H08G KC2012 04 23.25476513 02 13.69 -16 28 33.6          18.6 Vu~0g8CH21
     K12H08G KC2012 04 23.25758613 02 13.82 -16 28 17.9          18.6 Vu~0g8CH21
     K12H08G 2C2012 04 23.47866013 02 24.874-16 08 05.81         18.3 Rt~0g8C568
     K12H08G 2C2012 04 23.47953613 02 24.911-16 08 01.06         18.2 Rt~0g8C568
     K12H08G 2C2012 04 23.48040313 02 24.947-16 07 56.36         18.3 Rt~0g8C568
     K12H08G  C2012 04 24.27989 13 03 05.99 -14 58 15.7          18.4 Ru~0g8CH45
     K12H08G  C2012 04 24.28099 13 03 06.05 -14 58 10.3          18.4 Ru~0g8CH45
     K12H08G  C2012 04 24.28211 13 03 06.09 -14 58 04.5          18.5 Ru~0g8CH45
     K12H08G  C2012 04 24.28384 13 03 06.16 -14 57 56.5          18.5 Ru~0g8CH45
     K12H08G  C2012 04 24.28535 13 03 06.22 -14 57 48.0          18.6 Ru~0g8CH45
     K12H08G  C2012 04 24.28675 13 03 06.27 -14 57 40.8          18.7 Ru~0g8CH45
     K12H08G  C2012 04 24.28839 13 03 06.35 -14 57 33.0          18.6 Ru~0g8CH45
     K12H08G  C2012 04 24.29102 13 03 06.44 -14 57 18.9          18.6 Ru~0g8CH45
     K12H08G  C2012 04 24.29261 13 03 06.49 -14 57 10.8          18.6 Ru~0g8CH45
     K12H08G  C2012 04 24.29403 13 03 06.60 -14 57 03.5          18.5 Ru~0g8CH45
     K12H08G HC2012 04 24.35947 13 03 09.65 -14 51 32.3                o~0g8C291
     K12H08G HC2012 04 24.36030 13 03 09.68 -14 51 28.0                o~0g8C291
     K12H08G HC2012 04 24.36112 13 03 09.71 -14 51 24.0                o~0g8C291
     K12H08G HC2012 04 25.14936 13 03 50.03 -13 47 08.8                o~0g8C291
     K12H08G HC2012 04 25.15053 13 03 50.07 -13 47 03.3                o~0g8C291
     K12H08G HC2012 04 25.15170 13 03 50.12 -13 46 57.8                o~0g8C291
     K12H08G KC2012 04 25.20192613 03 51.43 -13 43 03.6          18.6 Vu~0g8CH21
     K12H08G KC2012 04 25.20748113 03 51.65 -13 42 37.5          18.5 Vu~0g8CH21
     K12H08G KC2012 04 25.21012713 03 51.75 -13 42 25.0          18.6 Vu~0g8CH21
     K12H08G KC2012 04 25.21286013 03 51.85 -13 42 12.0          18.4 Vu~0g8CH21
     K12H08G  C2012 04 25.21450 13 03 52.56 -13 42 02.1          18.2 Vr~0g8CG96
     K12H08G  C2012 04 25.21983 13 03 52.77 -13 41 36.6          18.3 Vr~0g8CG96
     K12H08G  C2012 04 25.22509 13 03 52.92 -13 41 12.0          18.4 Vr~0g8CG96
     K12H08G  C2012 04 25.23038 13 03 53.10 -13 40 47.1          18.3 Vr~0g8CG96
     K12H08G  C2012 04 25.24336 13 03 53.13 -13 39 46.9          18.6 Ru~0g8CH45
     K12H08G  C2012 04 25.24440 13 03 53.19 -13 39 41.8          18.5 Ru~0g8CH45
     K12H08G  C2012 04 25.24552 13 03 53.17 -13 39 36.7          18.7 Ru~0g8DH45
     K12H08G  C2012 04 25.24682 13 03 53.31 -13 39 30.8          18.6 Ru~0g8DH45
     K12H08G  C2012 04 25.24891 13 03 53.35 -13 39 20.2          18.7 Ru~0g8DH45
     K12H08G  C2012 04 25.25084 13 03 53.44 -13 39 12.0          18.5 Ru~0g8DH45
     K12H08G  C2012 04 25.25231 13 03 53.50 -13 39 04.2          18.5 Ru~0g8DH45
     K12H08G  C2012 04 25.25414 13 03 53.58 -13 38 56.2          18.5 Ru~0g8DH45
     K12H08G ]C2012 04 27.17765 13 05 22.52 -11 18 46.5          18.3 Ro~0g8D695
     K12H08G ]C2012 04 27.17842 13 05 22.54 -11 18 43.3          18.3 Ro~0g8D695
     K12H08G ]C2012 04 27.17907 13 05 22.56 -11 18 40.9          18.4 Ro~0g8D695
     K12H08G ]C2012 04 27.17974 13 05 22.61 -11 18 38.0          18.5 Ro~0g8D695
     K12H08G mC2012 04 27.32927 13 05 27.84 -11 08 35.4                o~0g8D291
     K12H08G mC2012 04 27.33010 13 05 27.88 -11 08 32.0                o~0g8D291
     K12H08G mC2012 04 27.33091 13 05 27.90 -11 08 28.6                o~0g8D291
     K12H08G  C2012 04 29.24792 13 06 50.12 -09 09 15.9          19.5  c~0n71704
     K12H08G  C2012 04 29.25847 13 06 50.59 -09 08 37.3          19.7  c~0n71704
     K12H08G  C2012 04 29.26895 13 06 50.95 -09 08 04.5          19.8  c~0n71704
     K12H08G KC2012 04 29.27158 13 06 51.01 -09 07 54.2          18.7 Ro~0gNj291
     K12H08G KC2012 04 29.27306 13 06 51.06 -09 07 49.1          18.7 Ro~0gNj291
     K12H08G KC2012 04 29.27454 13 06 51.11 -09 07 44.1          18.7 Ro~0gNj291
     K12H08G  C2012 04 29.27993 13 06 51.36 -09 07 25.4          19.3  c~0n71704
     K12H08G KC2012 04 30.16479 13 07 28.51 -08 18 03.0          18.6 Ro~0gNj291
     K12H08G KC2012 04 30.16578 13 07 28.54 -08 17 59.7          18.8 Ro~0gNj291
     K12H08G KC2012 04 30.16675 13 07 28.59 -08 17 56.6          18.7 Ro~0gNj291
     K12H08G KC2012 05 01.21776 13 08 10.44 -07 23 23.9          18.8 Ro~0gNj291
     K12H08G KC2012 05 01.21910 13 08 10.48 -07 23 19.8          18.7 Ro~0gNj291
     K12H08G KC2012 05 01.22003 13 08 10.51 -07 23 17.1          18.7 Ro~0gNj291
     K12H08G KC2012 05 01.22285113 08 10.09 -07 23 10.9          19.5 Vu~0gNjH21
     K12H08G KC2012 05 01.22883813 08 10.31 -07 22 52.9          19.4 Vu~0gNjH21
     K12H08G KC2012 05 01.23453413 08 10.49 -07 22 36.1          19.3 Vu~0gNjH21
     K12H08G KC2012 05 02.24295513 08 50.26 -06 34 09.8          18.7 Vu~0gNjH21
     K12H08G KC2012 05 02.24479713 08 50.34 -06 34 04.3          19.6 Vu~0gNjH21
     K12H08G KC2012 05 02.24663913 08 50.42 -06 33 59.0          19.1 Vu~0gNjH21
     K12H08G KC2012 05 02.86721 13 09 15.34 -06 05 57.2          19.2 Rr~0gNjA17
     K12H08G KC2012 05 02.87893 13 09 15.76 -06 05 26.2          19.2 Rr~0gNjA17
     K12H08G KC2012 05 02.89221 13 09 16.20 -06 04 51.2          19.0 Rr~0gNjA17
     K12H08G KC2012 05 03.18580 13 09 27.43 -05 51 59.8          20.0 Vu~0gNjH21
     K12H08G KC2012 05 03.19419 13 09 27.69 -05 51 37.8          19.1 Vu~0gNjH21
     K12H08G KC2012 05 03.19695 13 09 27.77 -05 51 30.8          19.7 Vu~0gNjH21
     K12H08G KC2012 05 06.97454 13 11 52.01 -03 28 52.6          19.3 Rt~0gbg204
     K12H08G KC2012 05 06.99716 13 11 52.77 -03 28 07.9                t~0gbg204
     K12H08G |C2012 05 09.96101 13 13 46.17 -02 00 11.1          20.4 Vo~0gbg807
     K12H08G |C2012 05 09.96701 13 13 46.39 -02 00 01.5          20.2 Vo~0gbg807
     K12H08G |C2012 05 09.97240 13 13 46.57 -01 59 53.0          20.4 Vo~0gbg807
     K12H08G KC2012 05 10.21397 13 13 54.70 -01 53 51.4          20.0 Vu~0gfXH21
     K12H08G KC2012 05 10.22159 13 13 54.95 -01 53 39.1          20.5 Vu~0gfXH21
     K12H08G KC2012 05 10.22856 13 13 55.17 -01 53 28.2          20.0 Vu~0gfXH21
     K12H08G  C2012 05 12.22823 13 15 11.55 -01 04 57.1          19.7 Vr~0gfX703
     K12H08G  C2012 05 12.23500 13 15 11.70 -01 04 47.4          20.4 Vr~0gfX703
     K12H08G  C2012 05 12.24186 13 15 11.95 -01 04 39.0          21.2 Vr~0gfX703
     K12H08G  C2012 05 12.24867 13 15 12.34 -01 04 29.2          19.3 Vr~0gfX703
     K12H08G KC2012 05 15.17344913 17 05.14 -00 05 12.0          20.8 Vu~0gfXH21
     K12H08G KC2012 05 15.17847113 17 05.33 -00 05 06.1          21.4 Vu~0gfXH21
     K12H08G KC2012 05 15.18349913 17 05.49 -00 05 00.2          20.4 Vu~0gfXH21
     K12H08G KC2012 05 17.17142 13 18 23.75 +00 28 34.6          20.6 Vu~0gfXH21
     K12H08G KC2012 05 17.17704 13 18 23.94 +00 28 39.6          20.3 Vu~0gfXH21
     K12H08G KC2012 05 17.18265 13 18 24.13 +00 28 45.0          20.6 Vu~0gfXH21
     K12H08G KC2012 05 17.18826 13 18 24.34 +00 28 50.6          20.4 Vu~0gfXH21
     K12H08G KC2012 05 27.29357 13 25 28.28 +02 17 01.1                o~0hCO291
     K12H08G KC2012 05 27.29878 13 25 28.49 +02 17 03.1                o~0hCO291
     K12H08G KC2012 05 27.30400 13 25 28.71 +02 17 05.2          20.9 Ro~0hCO291
     K12H08G KC2012 06 08.11545013 34 48.07 +02 57 44.5          22.4 Vu~0hKUH21
     K12H08G KC2012 06 08.13203513 34 48.83 +02 57 45.2          22.1 Vu~0hKUH21
     K12H08G KC2012 06 08.14860513 34 49.63 +02 57 45.7          22.2 Vu~0hKUH21
     K12H08G KC2012 06 23.22569 13 48 16.55 +02 37 43.5          22.1 Ro~0hfs291
     K12H08G KC2012 06 23.24250 13 48 17.47 +02 37 40.3          22.0 Ro~0hfs291
     K12H08G 2C2015 07 19.48592900 03 09.146+28 53 05.49         23.0 Rt~1UbP568
     K12H08G 2C2015 07 19.48998900 03 09.318+28 53 08.63         23.0 Rt~1UbP568
     K12H08G 2C2015 07 19.49406500 03 09.469+28 53 11.65         23.0 Rt~1UbP568
     K12H08G 2C2015 07 20.58917400 03 54.024+29 06 55.88         23.2 Rt~1UbP568
     K12H08G 2C2015 07 20.59257200 03 54.155+29 06 58.44         23.1 Rt~1UbP568
     K12H08G 2C2015 07 20.59598500 03 54.285+29 07 01.02         23.2 Rt~1UbP568
     K12H08G KC2015 08 22.32540200 15 09.46 +35 41 11.6          22.8 Vu~1WVwH21
     K12H08G KC2015 08 22.34104500 15 09.28 +35 41 21.1          22.7 Vu~1WVwH21
     K12H08G KC2015 08 22.35648600 15 09.11 +35 41 30.6          22.5 Vu~1WVwH21
     K12H08G KC2015 08 25.31330600 14 39.69 +36 12 31.5          22.2 Vu~1WkCH21
     K12H08G KC2015 08 25.32912200 14 39.44 +36 12 40.9          22.4 Vu~1WkCH21
     K12H08G KC2015 08 26.30017100 14 25.48 +36 22 34.0          22.4 Vu~1WVwH21
     K12H08G KC2015 08 26.31477000 14 25.20 +36 22 42.6          22.0 Vu~1WVwH21
     K12H08G KC2015 08 26.33305700 14 24.88 +36 22 53.9          22.1 Vu~1WVwH21
     K12H08G "C2015 09 27.28330023 37 44.66 +38 06 37.0          20.4 Rt~1adO705
     K12H08G "C2015 09 27.28459823 37 44.48 +38 06 36.3          20.0 Rt~1adO705
     K12H08G "C2015 09 27.28589123 37 44.30 +38 06 35.6          19.9 Rt~1adO705
     K12H08G KC2015 09 30.33806 23 30 30.10 +37 31 19.5          19.8 Ro~1XvA291
     K12H08G KC2015 09 30.34013 23 30 29.78 +37 31 17.7          19.7 Ro~1XvA291
     K12H08G KC2015 09 30.34220 23 30 29.44 +37 31 15.9          19.7 Ro~1XvA291
     K12H08G  C2015 10 02.12093 23 25 57.08 +37 03 54.1          19.7 Vq~1XvA703
     K12H08G  C2015 10 02.12899 23 25 55.85 +37 03 47.1          20.1 Vq~1XvA703
     K12H08G  C2015 10 02.13301 23 25 55.17 +37 03 42.3          19.7 Vq~1XvA703
     K12H08G  C2015 10 14.23059 22 48 02.48 +30 51 05.9          19.2 rR~1YeGG45
     K12H08G  C2015 10 14.23625 22 48 01.17 +30 50 49.6          19.3 rR~1YeGG45
     K12H08G  C2015 10 14.23632 22 48 01.20 +30 50 48.8          19.3 rR~1YeGG45
     K12H08G  C2015 10 14.24787 22 47 58.56 +30 50 15.3          19.2 rR~1YeGG45
     K12H08G  C2015 10 14.24808 22 47 58.51 +30 50 14.7          19.5 rR~1YeGG45
     K12H08G  C2015 10 14.25987 22 47 55.86 +30 49 40.2          19.3 rR~1YeGG45
     K12H08G  C2015 10 14.27132 22 47 53.27 +30 49 06.7          19.5 rR~1YeGG45
     K12H08G  C2015 10 14.27708 22 47 51.99 +30 48 49.3          19.7 rR~1YeGG45
     K12H08G  C2015 10 19.77306 22 26 57.94 +25 21 53.8          17.8 Rc~1adOA24
     K12H08G  C2015 10 19.77377 22 26 57.81 +25 21 51.1          17.9 Rc~1adOA24
     K12H08G  C2015 10 19.77449 22 26 57.68 +25 21 48.0          17.7 Rc~1adOA24
     K12H08G  C2015 10 19.77522 22 26 57.54 +25 21 45.1          17.8 Rc~1adOA24
     K12H08G  C2015 10 19.81492 22 26 47.60 +25 18 54.2          17.7 Rc~1adOA24
     K12H08G  C2015 10 19.81564 22 26 47.36 +25 18 51.4          17.4 Rc~1adOA24
     K12H08G  C2015 10 19.81636 22 26 47.22 +25 18 47.5          17.9 Rc~1adOA24
     K12H08G KC2015 10 19.84509 22 26 40.03 +25 16 44.9          19.0 Vq~1adOC77
     K12H08G KC2015 10 19.85025 22 26 38.73 +25 16 22.5          19.0 Vq~1adOC77
     K12H08G KC2015 10 19.85528 22 26 37.48 +25 16 00.9          19.5 Vq~1adOC77
     K12H08G KC2015 10 21.06417622 21 43.44 +23 45 23.9          18.8 Vu~1adOH21
     K12H08G KC2015 10 21.06662622 21 42.81 +23 45 12.4          18.5 Vu~1adOH21
     K12H08G KC2015 10 21.06871822 21 42.27 +23 45 02.6          18.7 Vu~1adOH21
     K12H08G KC2015 10 21.07080222 21 41.74 +23 44 52.7          18.2 Vu~1adOH21
     K12H08G KC2015 10 21.07288322 21 41.19 +23 44 43.2          18.6 Vu~1adOH21
     K12H08G KC2015 10 21.07498722 21 40.66 +23 44 33.2          18.7 Vu~1adOH21
     K12H08G KC2015 10 21.07605022 21 40.38 +23 44 28.2          18.7 Vu~1adOH21
     K12H08G KC2015 10 21.07843722 21 39.78 +23 44 17.3          18.8 Vu~1adOH21
     K12H08G KC2015 10 21.08016822 21 39.32 +23 44 09.0          18.7 Vu~1adOH21
     K12H08G KC2015 10 21.75184 22 18 53.30 +22 50 26.3          17.9 Rc~1adOA53
     K12H08G KC2015 10 21.76628 22 18 49.49 +22 49 16.3          18.7 Rc~1adOA53
     K12H08G KC2015 10 21.78144 22 18 45.58 +22 48 02.0          18.6 Rc~1adOA53
     K12H08G KC2015 10 21.86947 22 18 22.74 +22 40 47.6                q~1adO204
     K12H08G KC2015 10 21.87254 22 18 21.95 +22 40 32.6                q~1adO204
     K12H08G KC2015 10 21.87560 22 18 21.15 +22 40 17.5                q~1adO204
     K12H08G KC2015 10 21.87805 22 18 20.44 +22 40 05.5          18.9 Vu~1adOA48
     K12H08G KC2015 10 21.87866 22 18 20.36 +22 40 02.4                q~1adO204
     K12H08G KC2015 10 21.88007 22 18 19.91 +22 39 54.9          18.9 Vu~1adOA48
     K12H08G KC2015 10 21.88173 22 18 19.56 +22 39 46.9          18.7 Rq~1adO204
     K12H08G KC2015 10 21.88208 22 18 19.36 +22 39 45.3          18.9 Vu~1adOA48
     K12H08G KC2015 10 21.88410 22 18 18.87 +22 39 35.3          18.9 Vu~1adOA48
     K12H08G KC2015 10 22.02939722 17 43.76 +22 27 37.2          19.2 Vu~1adOH21
     K12H08G KC2015 10 22.03148922 17 43.23 +22 27 26.8          19.5 Vu~1adOH21
     K12H08G KC2015 10 22.03357922 17 42.69 +22 27 16.3          19.2 Vu~1adOH21
     K12H08G KC2015 10 22.03566922 17 42.12 +22 27 06.2          19.3 Vu~1adOH21
     K12H08G KC2015 10 22.03775922 17 41.58 +22 26 55.7          19.6 Vu~1adOH21
     K12H08G KC2015 10 22.03984922 17 41.04 +22 26 45.1          19.5 Vu~1adOH21
     K12H08G KC2015 10 22.04165522 17 40.54 +22 26 36.2          19.5 Vu~1adOH21
     K12H08G KC2015 10 23.09149522 13 13.94 +20 56 12.5          18.2 Vu~1bHtH21
     K12H08G KC2015 10 23.09581622 13 12.81 +20 55 49.7          18.7 Vu~1bHtH21
     K12H08G KC2015 10 23.10012022 13 11.69 +20 55 26.6          19.2 Vu~1bHtH21
     K12H08G KC2015 10 23.10443322 13 10.53 +20 55 03.7          19.3 Vu~1bHtH21
     K12H08G KC2015 10 23.10902922 13 09.35 +20 54 39.5          19.2 Vu~1bHtH21
     K12H08G KC2015 10 26.05639322 00 13.31 +16 06 18.8          18.0 Vu~1bHtH21
     K12H08G KC2015 10 26.05848522 00 12.72 +16 06 05.4          18.2 Vu~1bHtH21
     K12H08G KC2015 10 26.06057622 00 12.11 +16 05 51.8          18.7 Vu~1bHtH21
     K12H08G KC2015 10 26.06266722 00 11.53 +16 05 38.4          18.3 Vu~1bHtH21
     K12H08G KC2015 10 26.06475822 00 10.93 +16 05 25.1          18.1 Vu~1bHtH21
     K12H08G KC2015 10 26.06684922 00 10.34 +16 05 11.7          18.2 Vu~1cHlH21
     K12H08G KC2015 10 26.06894122 00 09.74 +16 04 58.2          18.1 Vu~1cHlH21
     K12H08G KC2015 10 26.07103322 00 09.13 +16 04 45.2          18.6 Vu~1cHlH21
     K12H08G KC2015 10 26.07312522 00 08.53 +16 04 31.7          18.4 Vu~1cHlH21
     K12H08G KC2015 10 26.07410 22 00 08.85 +16 04 30.3                o~1bHt711
     K12H08G KC2015 10 26.07521722 00 07.95 +16 04 18.3          18.7 Vu~1cHlH21
     K12H08G KC2015 10 26.07670 22 00 08.11 +16 04 13.8                o~1bHt711
     K12H08G KC2015 10 26.07786622 00 07.20 +16 04 01.6          18.5 Vu~1cHlH21
     K12H08G KC2015 10 26.07940 22 00 07.35 +16 03 56.3                o~1bHt711
     K12H08G  C2015 10 27.08965 21 55 30.18 +14 12 35.1                o~1bHt711
     K12H08G  C2015 10 27.09452 21 55 28.73 +14 12 01.9                o~1bHt711
     K12H08G  C2015 10 27.19307 21 55 00.31 +14 00 48.1          18.9 Ru~1bHt926
     K12H08G  C2015 10 27.19639 21 54 59.40 +14 00 25.4          19.0 Ru~1bHt926
     K12H08G  C2015 10 27.20051 21 54 58.17 +13 59 55.7          18.8 Ru~1bHt926
     K12H08G KC2015 10 30.77100 21 37 46.24 +06 29 53.6          18.2 Rq~1bQhK38
     K12H08G KC2015 10 30.78470 21 37 41.94 +06 28 00.3          18.1 Rq~1bQhK38
     K12H08G KC2015 10 30.79839 21 37 37.65 +06 26 07.0          18.1 Rq~1bQhK38
     K12H08G KC2015 10 30.81208 21 37 33.34 +06 24 13.4          18.3 Rq~1bQhK38
     K12H08G KC2015 10 30.82578 21 37 29.07 +06 22 19.7          18.6 Rq~1bQhK38
     K12H08G KC2015 10 30.84001 21 37 24.60 +06 20 21.4          18.7 Rq~1bQhK38
     K12H08G  C2015 10 31.70107 21 33 02.73 +04 18 50.4                q~1bQh246
     K12H08G  C2015 10 31.70178 21 33 02.54 +04 18 43.8                q~1bQh246
     K12H08G  C2015 10 31.70197 21 33 02.51 +04 18 41.1                q~1bQh246
     K12H08G  C2015 10 31.70217 21 33 02.45 +04 18 40.3                q~1bQh246
     K12H08G  C2015 10 31.70260 21 33 02.30 +04 18 35.5                q~1bQh246
     K12H08G KC2015 11 01.71559 21 27 44.81 +01 49 34.9          17.4 Rq~1bQhK61
     K12H08G KC2015 11 01.71602 21 27 44.69 +01 49 31.0          17.8 Rq~1bQhK61
     K12H08G KC2015 11 01.71654 21 27 44.52 +01 49 26.3          17.9 Rq~1bQhK61
     K12H08G KC2015 11 01.71688 21 27 44.40 +01 49 23.3          17.4 Rq~1bQiK61
     K12H08G KC2015 11 01.83862 21 27 04.40 +01 31 05.2          18.3 Rq~1bQiK38
     K12H08G KC2015 11 01.84940 21 27 00.84 +01 29 26.5          18.2 Rq~1bQiK38
     K12H08G KC2015 11 01.86018 21 26 57.30 +01 27 49.1          18.2 Rq~1bQiK38
     K12H08G KC2015 11 01.87097 21 26 53.80 +01 26 11.1          17.7 Rq~1bQiK38
     K12H08G KC2015 11 01.88174 21 26 50.27 +01 24 33.8          18.0 Rq~1bQiK38
     K12H08G KC2015 11 01.89379 21 26 46.28 +01 22 43.8          18.0 Rq~1bQiK38
     K12H08G  C2015 11 02.05737 21 25 55.72 +00 58 01.8          18.9 rR~1bQiG45
     K12H08G  C2015 11 02.06300 21 25 53.84 +00 57 10.1          18.9 rR~1bQiG45
     K12H08G  C2015 11 02.06859 21 25 51.96 +00 56 19.1          18.7 rR~1bQiG45
     K12H08G  C2015 11 02.07499 21 25 49.82 +00 55 20.5          18.6 rR~1bQiG45
     K12H08G KC2015 11 02.99427121 20 51.42 -01 27 16.3          18.1 Vu~1bQiH21
     K12H08G KC2015 11 02.99624521 20 50.72 -01 27 35.1          18.3 Vu~1bQiH21
     K12H08G KC2015 11 02.99801521 20 50.10 -01 27 51.9          18.4 Vu~1bQiH21
     K12H08G KC2015 11 03.00550221 20 47.54 -01 29 02.7          18.4 Vu~1bQiH21
     K12H08G  C2015 11 03.10190 21 20 14.53 -01 44 14.3          18.7 Rq~1bQiH45
     K12H08G  C2015 11 03.10328 21 20 14.07 -01 44 27.8          18.7 Rq~1bQiH45
     K12H08G  C2015 11 03.10400 21 20 13.81 -01 44 34.4          18.8 Rq~1bQiH45
     K12H08G  C2015 11 03.10644 21 20 13.02 -01 44 57.0          18.6 Rq~1bQiH45
     K12H08G  C2015 11 03.10724 21 20 12.75 -01 45 05.4          19.0 Rq~1bQiH45
     K12H08G  C2015 11 03.10804 21 20 12.43 -01 45 12.0          18.8 Rq~1bQiH45
     K12H08G  C2015 11 03.10889 21 20 12.16 -01 45 20.7          19.0 Rq~1bQiH45
     K12H08G  C2015 11 03.10975 21 20 11.89 -01 45 28.5          18.8 Rq~1bQiH45
     K12H08G  C2015 11 03.72950 21 16 46.29 -03 24 43.7                q~1bQi246
     K12H08G  C2015 11 03.72998 21 16 46.10 -03 24 48.8                q~1bQi246
     K12H08G  C2015 11 03.73055 21 16 45.95 -03 24 54.7                q~1bQi246
     K12H08G  C2015 11 03.73155 21 16 45.56 -03 25 04.5                q~1bQi246
     K12H08G  C2015 11 03.73234 21 16 45.27 -03 25 11.7                q~1bQi246
     K12H08G  C2015 11 03.73289 21 16 45.13 -03 25 16.8                q~1bQi246
     K12H08G  C2015 11 03.73315 21 16 45.08 -03 25 19.4                q~1bQi246
     K12H08G  C2015 11 03.73664 21 16 43.81 -03 25 52.1                q~1bQi246
     K12H08G  C2015 11 03.73722 21 16 43.57 -03 25 59.4                q~1bQi246
     K12H08G  C2015 11 04.06097 21 14 54.12 -04 18 25.7          18.7 rR~1cHlG45
     K12H08G  C2015 11 04.06612 21 14 52.30 -04 19 16.3          18.9 rR~1cHlG45
     K12H08G  C2015 11 04.07121 21 14 50.49 -04 20 05.8          18.6 rR~1cHlG45
     K12H08G  C2015 11 04.07626 21 14 48.70 -04 20 55.5          18.5 rR~1cHlG45
     K12H08G  C2016 04 15.51858 16 58 34.670-09 45 21.03         21.9 wLEH003F51
     K12H08G  C2016 04 15.53055 16 58 33.613-09 45 05.18         21.7 wLEH003F51
     K12H08G  C2016 04 15.54252 16 58 32.550-09 44 49.93         21.8 wLEH003F51
