     K12XD3G* C2012 12 13.30902 05 45 26.74 +11 26 40.4          21.2 Vr~0mT9G96
     K12XD3G  C2012 12 13.31611 05 45 27.72 +11 26 55.3          20.9 Vr~0mT9G96
     K12XD3G  C2012 12 13.32330 05 45 28.69 +11 27 10.2          20.9 Vr~0mT9G96
     K12XD3G  C2012 12 13.33052 05 45 29.62 +11 27 24.6          20.9 Vr~0mT9G96
     K12XD3G  C2012 12 13.33770 05 45 30.60 +11 27 39.6          21.0 Vr~0mT9G96
     K12XD3G  C2012 12 13.38616 05 45 36.95 +11 29 18.9          21.0 Vr~0mT9G96
     K12XD3G  C2012 12 13.38683 05 45 37.09 +11 29 20.6          22.0 Vr~0mT9G96
     K12XD3G  C2012 12 13.38754 05 45 37.19 +11 29 21.9          21.2 Vr~0mT9G96
     K12XD3G  C2012 12 13.38822 05 45 37.28 +11 29 23.7                r~0mT9G96
     K12XD3G  C2012 12 13.40639 05 45 39.56 +11 29 58.0          20.6 Ro~0mT9H01
     K12XD3G  C2012 12 13.41210 05 45 40.34 +11 30 09.6          21.0 Ro~0mT9H01
     K12XD3G  C2012 12 13.42071 05 45 41.62 +11 30 28.4          21.7 Vr~0mT9G96
     K12XD3G  C2012 12 13.42187 05 45 41.67 +11 30 29.3          20.9 Ro~0mT9H01
     K12XD3G  C2012 12 13.42742 05 45 42.55 +11 30 42.2          21.5 Vr~0mT9G96
     K12XD3G  C2012 12 13.43130 05 45 42.95 +11 30 48.2          20.9 Ro~0mT9H01
     K12XD3G KC2012 12 13.95923 05 47 04.60 +11 48 45.5          20.4 Rt~0mT9J04
     K12XD3G KC2012 12 13.96554 05 47 05.41 +11 48 58.3          20.5 Rt~0mT9J04
     K12XD3G |C2012 12 16.19269 05 52 11.86 +13 01 27.8          21.2 Vu~0mtI807
     K12XD3G |C2012 12 16.19614 05 52 12.24 +13 01 34.1          21.2 Vu~0mtI807
     K12XD3G |C2012 12 16.19959 05 52 12.62 +13 01 40.2          21.2 Vu~0mtI807
