     K12H31J* C2012 04 28.28455 14 17 58.20 -19 42 59.4          20.2 Vr~0gO4G96
     K12H31J  C2012 04 28.29825 14 18 03.42 -19 42 19.8          20.2 Vr~0gO4G96
     K12H31J  C2012 04 28.30521 14 18 06.08 -19 41 59.6          20.1 Vr~0gO4G96
     K12H31J mC2012 04 28.35327 14 18 24.36 -19 39 38.6                o~0gO4291
     K12H31J mC2012 04 28.35480 14 18 24.93 -19 39 34.2                o~0gO4291
     K12H31J mC2012 04 28.35631 14 18 25.50 -19 39 29.9                o~0gO4291
     K12H31J KC2012 04 29.29057 14 24 31.62 -18 56 00.6          19.9 Ro~0gO4291
     K12H31J KC2012 04 29.29145 14 24 31.96 -18 55 58.6          20.0 Ro~0gO4291
     K12H31J KC2012 04 29.29231 14 24 32.21 -18 55 56.2          19.8 Ro~0gO4291
     K12H31J KC2012 05 01.23424 14 35 28.93 -17 34 28.5          19.7 Ro~0gO4291
     K12H31J KC2012 05 01.23511 14 35 29.16 -17 34 26.8          20.3 Ro~0gO4291
     K12H31J KC2012 05 01.23598 14 35 29.44 -17 34 24.5          19.6 Ro~0gO4291
     K12H31J KC2012 05 02.26344 14 40 28.17 -16 55 53.4          19.5 Ro~0gO4291
     K12H31J KC2012 05 02.26567 14 40 28.76 -16 55 49.4          19.6 Ro~0gO4291
     K12H31J KC2012 05 02.26790 14 40 29.28 -16 55 44.3          20.2 Ro~0gO4291
     K12H31J |C2012 05 03.18650 14 44 32.71 -16 22 40.2          20.4 Vo~0gO4807
     K12H31J |C2012 05 03.19183 14 44 33.96 -16 22 29.6          20.8 Vo~0gO4807
     K12H31J KC2012 05 03.19429414 44 35.55 -16 23 35.4          20.6 Vo~0gO4H21
     K12H31J KC2012 05 03.20380814 44 37.75 -16 23 16.3          20.4 Vo~0gO4H21
     K12H31J |C2012 05 03.20711 14 44 37.45 -16 21 58.2          20.7 Vo~0gO4807
     K12H31J |C2012 05 03.21343 14 44 38.87 -16 21 45.5          20.6 Vo~0gO4807
     K12H31J KC2012 05 03.21405714 44 40.14 -16 22 56.2          21.1 Vo~0gO4H21
     K12H31J |C2012 05 03.21968 14 44 40.29 -16 21 33.2          20.7 Vo~0gO4807
