     K12V76U* C2012 11 13.43639 07 48 01.33 +19 38 45.9          19.4 Vr~0lMpG96
     K12V76U  C2012 11 13.44340 07 48 10.58 +19 40 29.4          19.8 Vr~0lMpG96
     K12V76U  C2012 11 13.45043 07 48 19.76 +19 42 11.7          20.1 Vr~0lMpG96
     K12V76U  C2012 11 13.45740 07 48 28.98 +19 43 53.5          19.5 Vr~0lMpG96
     K12V76U  C2012 11 13.50434 07 49 30.93 +19 55 17.9          19.4 Vr~0lMpG96
     K12V76U  C2012 11 13.50596 07 49 33.09 +19 55 41.0          19.7 Vr~0lMpG96
     K12V76U  C2012 11 13.50757 07 49 35.25 +19 56 04.2          19.6 Vr~0lMpG96
     K12V76U  C2012 11 13.50920 07 49 37.38 +19 56 27.6          20.2 Vr~0lMpG96
     K12V76U  C2012 11 13.53120 07 50 06.64 +20 01 45.5          20.0 Vr~0lMpG96
     K12V76U  C2012 11 13.53153 07 50 07.08 +20 01 50.4          20.4 Vr~0lMpG96
     K12V76U  C2012 11 13.53185 07 50 07.54 +20 01 54.9          19.1 Vr~0lMpG96
     K12V76U  C2012 11 13.53220 07 50 07.98 +20 02 00.1          19.4 Vr~0lMpG96
     K12V76U  C2012 11 14.47464 08 15 17.17 +23 56 27.9          20.2 Vr~0lMpG96
     K12V76U  C2012 11 14.47498 08 15 17.71 +23 56 33.1          20.1 Vr~0lMpG96
     K12V76U  C2012 11 14.47531 08 15 18.21 +23 56 38.0          20.2 Vr~0lMpG96
     K12V76U  C2012 11 14.47562 08 15 18.72 +23 56 43.3          19.3 Vr~0lMpG96
     K12V76U KC2012 11 14.48076408 15 23.81 +23 58 15.1          19.2 Rt~0lMp711
     K12V76U KC2012 11 14.48346108 15 28.02 +23 58 56.0          19.5 Rt~0lMp711
     K12V76U KC2012 11 14.48616008 15 32.20 +23 59 36.4          19.2 Rt~0lMp711
     K12V76U KC2012 11 14.49488 08 15 42.70 +24 00 49.9          19.8 Rq~0lMpH36
     K12V76U KC2012 11 14.50153 08 15 53.19 +24 02 29.3          19.5 Rq~0lMpH36
     K12V76U KC2012 11 15.36879708 42 38.02 +27 40 12.6          19.7 Vv~0lMpH21
     K12V76U KC2012 11 15.37094708 42 41.90 +27 40 45.5          19.8 Vv~0lMpH21
     K12V76U KC2012 11 15.37319208 42 46.02 +27 41 19.9          19.2 Vv~0lMpH21
     K12V76U IC2012 11 15.37534208 42 49.90 +27 41 52.8                v~0lMpH21
     K12V76U IC2012 11 16.36223909 16 49.81 +31 36 03.0                v~0llNH21
     K12V76U KC2012 11 16.36532409 16 56.10 +31 36 47.1          19.4 Vv~0llNH21
     K12V76U KC2012 11 16.36840709 17 02.41 +31 37 30.3          19.8 Vv~0llNH21
     K12V76U KC2012 11 16.37102409 17 07.80 +31 38 07.5          19.8 Vv~0llNH21
     K12V76U 2C2012 11 16.51912609 22 41.480+32 12 26.05         19.7 Rt~0lMp568
     K12V76U 2C2012 11 16.51974509 22 42.806+32 12 35.02         20.1 Rt~0lMp568
     K12V76U 2C2012 11 16.52034609 22 44.038+32 12 43.37         19.7 Rt~0lMp568
     K12V76U KC2012 11 18.16574 10 26 00.84 +37 05 32.9          19.3 Ru~0llNJ95
     K12V76U KC2012 11 18.17337 10 26 18.08 +37 06 39.7          19.8 Ru~0llNJ95
     K12V76U KC2012 11 18.18093 10 26 35.25 +37 07 45.7          19.5 Ru~0llNJ95
     K12V76U KC2012 11 18.18904 10 26 53.55 +37 08 55.8          19.9 Ru~0llNJ95
     K12V76U KC2012 11 18.45279010 37 18.15 +37 43 55.4          20.3 Vv~0llNH21
     K12V76U KC2012 11 18.45725310 37 28.06 +37 44 29.7          19.8 Vv~0llNH21
     K12V76U KC2012 11 18.46172710 37 37.96 +37 45 03.1          20.2 Vv~0llNH21
     K12V76U KC2012 11 18.46622610 37 47.89 +37 45 37.9          20.2 Vv~0llNH21
     K12V76U %C2014 06 09.34499322 54 37.038-29 20 36.36         24.3 Rt~15zw309
     K12V76U %C2014 06 09.35814122 54 38.524-29 20 55.40         24.4 Rt~15zw309
     K12V76U %C2014 06 09.37365722 54 40.240-29 21 17.71         24.4 Rt~15zw309
     K12V76U %C2014 07 02.36200323 33 03.455-39 51 05.74         22.4 Rt~15zw309
     K12V76U %C2014 07 02.36950423 33 03.745-39 51 20.31         22.3 Rt~15zw309
     K12V76U %C2014 07 02.38631923 33 04.417-39 51 53.02         22.3 Rt~15zw309
     K12V76U %C2014 07 02.39130523 33 04.601-39 52 02.35         22.0 Rt~15zw309
