     K12U68Y  C2012 10 20.30946 02 21 58.50 -14 31 19.0          22.3 Vr~0kLbG96
     K12U68Y  C2012 10 20.31856 02 21 58.24 -14 31 40.0          21.1 Vr~0kLbG96
     K12U68Y  C2012 10 20.32777 02 21 57.99 -14 32 01.7          20.7 Vr~0kLbG96
     K12U68Y  C2012 10 20.33692 02 21 57.81 -14 32 22.9          20.9 Vr~0kLbG96
     K12U68Y* C2012 10 21.30933 02 22 14.08 -15 11 36.6          21.0 Vr~0kLbG96
     K12U68Y  C2012 10 21.31892 02 22 13.83 -15 12 00.6          21.1 Vr~0kLbG96
     K12U68Y  C2012 10 21.32860 02 22 13.58 -15 12 24.7          20.7 Vr~0kLbG96
     K12U68Y  C2012 10 21.34902 02 22 13.08 -15 13 15.5          21.1 Vr~0kLbG96
     K12U68Y  C2012 10 21.35583 02 22 12.82 -15 13 31.8          20.9 Vr~0kLbG96
     K12U68Y  C2012 10 21.36265 02 22 12.72 -15 13 48.9          20.7 Vr~0kLbG96
     K12U68Y  C2012 10 21.36957 02 22 12.54 -15 14 05.8          20.9 Vr~0kLbG96
     K12U68Y HC2012 10 22.24487 02 22 31.56 -15 51 29.0          19.7 Ro~0kLb291
     K12U68Y HC2012 10 22.24648 02 22 31.51 -15 51 33.7          19.9 Ro~0kLb291
     K12U68Y HC2012 10 22.24807 02 22 31.48 -15 51 38.1          19.7 Ro~0kLb291
     K12U68Y |C2012 10 23.18034 02 22 44.54 -16 31 50.9          20.8 Vo~0kLb807
     K12U68Y |C2012 10 23.18471 02 22 44.41 -16 32 03.9          20.7 Vo~0kLb807
     K12U68Y KC2012 10 23.23808 02 22 47.90 -16 36 32.7          20.2 Ro~0kLb291
     K12U68Y KC2012 10 23.23974 02 22 47.80 -16 36 36.4          20.0 Ro~0kLb291
     K12U68Y KC2012 10 23.24130 02 22 47.80 -16 36 42.3          19.7 Ro~0kLb291
     K12U68Y |C2012 10 30.17733 02 25 13.49 -23 45 52.2          19.7 Vu~0kmf807
     K12U68Y |C2012 10 30.18034 02 25 13.37 -23 46 07.3          19.8 Vu~0kmf807
     K12U68Y |C2012 10 31.33970 02 25 40.39 -25 29 09.2          19.9 Vu~0kmf807
     K12U68Y |C2012 10 31.34405 02 25 40.35 -25 29 32.0          19.8 Vu~0kmf807
     K12U68Y |C2012 10 31.34827 02 25 40.32 -25 29 55.1          19.9 Vu~0kmf807
     K12U68Y |C2012 11 01.27593 02 26 18.86 -27 03 30.2          19.5 Vu~0kmf807
     K12U68Y |C2012 11 01.27820 02 26 18.80 -27 03 44.1          19.5 Vu~0kmf807
     K12U68Y |C2012 11 01.28047 02 26 18.73 -27 03 57.8          19.6 Vu~0kmf807
     K12U68Y |C2012 11 01.28274 02 26 18.67 -27 04 11.6          19.5 Vu~0kmf807
     K12U68Y |C2012 11 01.28501 02 26 18.60 -27 04 25.2          19.6 Vu~0kmf807
     K12U68Y KC2012 11 03.28260 02 28 04.70 -31 09 23.2          19.3 Ro~0kmf291
     K12U68Y KC2012 11 03.28406 02 28 04.64 -31 09 34.7          19.1 Ro~0kmf291
     K12U68Y KC2012 11 03.28533 02 28 04.59 -31 09 45.4          19.1 Ro~0kmg291
     K12U68Y 2C2012 11 06.49966802 32 20.277-40 34 05.88         19.1 Rt~0kmg568
     K12U68Y 2C2012 11 06.50029902 32 20.269-40 34 14.03         18.9 Rt~0kmg568
     K12U68Y 2C2012 11 06.50091202 32 20.267-40 34 21.65         18.9 Rt~0kmg568
     K12U68Y 2C2012 11 06.50211502 32 20.245-40 34 37.22         18.9 Rt~0kmg568
     K12U68Y 2C2012 11 06.50343602 32 20.235-40 34 54.07         18.9 Rt~0kmg568
     K12U68Y |C2012 11 07.23885 02 34 03.76 -43 26 39.8          19.6 Vu~0kmg807
     K12U68Y |C2012 11 07.24123 02 34 03.70 -43 27 15.1          19.4 Vu~0kmg807
     K12U68Y |C2012 11 12.20385 03 29 02.32 -75 47 17.0          19.4 Vu~0lLX807
     K12U68Y |C2012 11 12.20642 03 29 07.95 -75 48 38.5          19.5 Vu~0lLX807
     K12U68Y |C2012 11 12.21156 03 29 19.34 -75 51 21.7          19.7 Vu~0lLX807
     K12U68Y |C2012 11 12.21403 03 29 24.75 -75 52 39.2          19.4 Vu~0lLX807
     K12U68Y |C2012 11 13.28469 06 01 16.82 -84 40 57.5          19.7 Vu~0lLX807
     K12U68Y |C2012 11 13.28764 06 02 14.49 -84 41 57.2          19.8 Vu~0lLX807
     K12U68Y |C2012 11 13.29071 06 03 16.66 -84 43 00.1          19.7 Vu~0lLX807
