     K12H08M* C2012 04 21.43466 13 01 49.251+13 39 00.92         20.6 wL~0g8DF51
     K12H08M  C2012 04 21.44902 13 01 52.176+13 38 56.89         20.3 wL~0g8DF51
     K12H08M  C2012 04 21.46351 13 01 55.146+13 38 52.71         20.6 wL~0g8DF51
     K12H08M  C2012 04 21.47802 13 01 58.145+13 38 48.45         20.6 wL~0g8DF51
     K12H08M KC2012 04 22.00012 13 04 08.00 +13 35 43.4                u~0g8DJ95
     K12H08M KC2012 04 22.00871 13 04 09.96 +13 35 40.4                u~0g8DJ95
     K12H08M KC2012 04 22.01657 13 04 11.73 +13 35 38.7          19.8 Ru~0g8DJ95
     K12H08M KC2012 04 22.21187 13 05 03.31 +13 34 55.2          20.0 Ru~0g8DH36
     K12H08M KC2012 04 22.22084 13 05 05.40 +13 34 50.6          19.5 Ru~0g8DH36
     K12H08M  C2012 04 22.25712 13 05 14.59 +13 34 46.8          19.8 Ro~0g8DH01
     K12H08M  C2012 04 22.26116 13 05 15.51 +13 34 45.5          19.8 Ro~0g8DH01
     K12H08M KC2012 04 22.26734 13 05 18.17 +13 34 37.2          19.8 Rt~0g8DG58
     K12H08M  C2012 04 22.27073 13 05 17.69 +13 34 42.1          20.0 Ro~0g8DH01
     K12H08M KC2012 04 22.27259 13 05 19.41 +13 34 35.3          19.7 Rt~0g8DG58
     K12H08M  C2012 04 22.28094 13 05 20.02 +13 34 38.6          19.7 Ro~0g8DH01
     K12H08M KC2012 04 22.28357 13 05 21.91 +13 34 32.0          19.8 Rt~0g8DG58
     K12H08M KC2012 04 23.24118113 09 43.26 +13 28 15.6                u~0g8DH21
     K12H08M KC2012 04 23.24490813 09 44.25 +13 28 13.7          20.3 Vu~0g8DH21
     K12H08M KC2012 04 23.24840413 09 45.16 +13 28 12.3          20.3 Vu~0g8DH21
     K12H08M mC2012 04 24.18382 13 14 35.92 +13 20 22.0                o~0g8D291
     K12H08M mC2012 04 24.18465 13 14 36.18 +13 20 21.4                o~0g8D291
     K12H08M mC2012 04 24.18546 13 14 36.46 +13 20 21.4                o~0g8D291
     K12H08M KC2012 04 24.23519 13 14 49.28 +13 19 44.1          19.2 Ro~0g8DH36
     K12H08M KC2012 04 24.24473 13 14 52.11 +13 19 38.1          20.0 Ro~0g8DH36
     K12H08M KC2012 04 24.24930 13 14 53.41 +13 19 34.9          20.0 Ro~0g8DH36
     K12H08M KC2012 04 24.25765913 14 55.18 +13 19 28.2          19.0 Vu~0g8DH21
     K12H08M KC2012 04 24.26221013 14 56.53 +13 19 25.5          19.1 Vu~0g8DH21
     K12H08M KC2012 04 24.26676313 14 57.86 +13 19 22.6          19.1 Vu~0g8DH21
     K12H08M KC2012 04 25.21783 13 20 27.93 +13 08 45.3          19.7 Vu~0g8DH21
     K12H08M KC2012 04 25.22136 13 20 29.08 +13 08 42.7          19.8 Vu~0g8DH21
     K12H08M KC2012 04 25.22526 13 20 30.39 +13 08 39.4          19.7 Vu~0g8DH21
     K12H08M mC2012 04 25.33543 13 21 09.21 +13 07 26.8                o~0g8D291
     K12H08M mC2012 04 25.33696 13 21 09.72 +13 07 25.6                o~0g8D291
     K12H08M mC2012 04 25.33847 13 21 10.23 +13 07 24.3                o~0g8D291
     K12H08M KC2012 04 26.85159 13 31 32.16 +12 43 29.7          19.9 Vu~0g8DA13
     K12H08M KC2012 04 26.85417 13 31 33.26 +12 43 26.2          19.5 Vu~0g8DA13
     K12H08M KC2012 04 26.87313 13 31 41.14 +12 43 07.4          19.7 Vu~0g8DA13
     K12H08M KC2012 04 26.87572 13 31 42.25 +12 43 04.2          19.9 Vu~0g8DA13
     K12H08M mC2012 04 27.32306 13 35 04.26 +12 34 52.0                o~0g8D291
     K12H08M mC2012 04 27.32389 13 35 04.59 +12 34 51.2                o~0g8D291
     K12H08M mC2012 04 27.32470 13 35 04.95 +12 34 49.8                o~0g8D291
     K12H08M ]C2012 04 27.33014 13 35 07.30 +12 34 43.3          19.5 Ro~0g8D695
     K12H08M ]C2012 04 27.33088 13 35 07.63 +12 34 42.0          19.8 Ro~0g8D695
     K12H08M ]C2012 04 27.33163 13 35 07.95 +12 34 41.4          19.7 Ro~0g8D695
     K12H08M KC2012 05 01.21237 14 15 25.80 +10 30 45.2          18.6 Ro~0gNj291
     K12H08M KC2012 05 01.21329 14 15 26.51 +10 30 42.7          18.6 Ro~0gNj291
     K12H08M KC2012 05 01.21419 14 15 27.19 +10 30 40.1          18.6 Ro~0gNj291
     K12H08M KC2012 05 01.94144 14 25 37.72 +09 53 04.6          18.7 Vt~0gNjJ84
     K12H08M KC2012 05 01.95502 14 25 49.16 +09 52 20.3          18.6 Vt~0gNjJ84
     K12H08M KC2012 05 02.22622914 29 53.40 +09 37 31.0          19.3 Vo~0gNjH21
     K12H08M KC2012 05 02.22992314 29 56.60 +09 37 18.1          19.3 Vo~0gNjH21
     K12H08M KC2012 05 02.23349414 29 59.70 +09 37 05.6          19.0 Vo~0gNjH21
     K12H08M KC2012 05 02.23742914 30 03.11 +09 36 52.0          19.1 Vo~0gNjH21
     K12H08M KC2012 05 02.24615 14 30 14.54 +09 36 40.2          18.8 Ro~0gNj291
     K12H08M KC2012 05 02.24702 14 30 15.35 +09 36 37.4          18.7 Ro~0gNj291
     K12H08M KC2012 05 02.24787 14 30 16.10 +09 36 33.6          18.9 Ro~0gNj291
     K12H08M KC2012 05 02.80987 14 39 18.61 +09 01 14.2          19.0 Vu~0gNjC73
     K12H08M KC2012 05 02.81033 14 39 19.04 +09 01 12.5          19.0 Vu~0gNjC73
     K12H08M KC2012 05 02.81078 14 39 19.42 +09 01 10.0          18.7 Vu~0gNjC73
     K12H08M KC2012 05 02.81124 14 39 19.93 +09 01 09.2          18.9 Vu~0gNjC73
     K12H08M KC2012 05 02.81170 14 39 20.39 +09 01 07.5          19.1 Vu~0gNjC73
     K12H08M KC2012 05 02.81215 14 39 20.81 +09 01 06.0          18.9 Vu~0gNjC73
     K12H08M KC2012 05 02.81261 14 39 21.25 +09 01 03.6          19.1 Vu~0gNjC73
     K12H08M KC2012 05 02.81307 14 39 21.70 +09 01 02.1          19.0 Vu~0gNjC73
     K12H08M KC2012 05 02.81352 14 39 22.11 +09 01 00.2          18.7 Vu~0gNjC73
     K12H08M KC2012 05 02.81398 14 39 22.56 +09 00 58.4          18.7 Vu~0gNjC73
     K12H08M KC2012 05 02.81444 14 39 22.98 +09 00 57.0          18.7 Vu~0gNjC73
     K12H08M KC2012 05 02.81489 14 39 23.42 +09 00 55.3          18.6 Vu~0gNjC73
     K12H08M KC2012 05 02.81535 14 39 23.86 +09 00 53.8          18.6 Vu~0gNjC73
     K12H08M KC2012 05 02.81581 14 39 24.29 +09 00 52.1          18.5 Vu~0gNjC73
     K12H08M KC2012 05 02.81626 14 39 24.71 +09 00 50.2          18.4 Vu~0gNjC73
     K12H08M KC2012 05 02.81672 14 39 25.14 +09 00 48.7          18.4 Vu~0gNjC73
     K12H08M KC2012 05 02.81718 14 39 25.59 +09 00 47.1          18.7 Vu~0gNjC73
     K12H08M KC2012 05 02.92113 14 41 08.08 +08 53 56.8                t~0gbg204
     K12H08M KC2012 05 02.92670 14 41 13.47 +08 53 34.4                t~0gbg204
     K12H08M KC2012 05 02.93182 14 41 18.42 +08 53 14.2          18.8 Rt~0gbg204
     K12H08M KC2012 05 02.96486 14 41 50.38 +08 51 02.5          18.5 Ru~0gNj203
     K12H08M KC2012 05 02.98973 14 42 14.54 +08 49 21.8          17.9 Rc~0gbgA24
     K12H08M KC2012 05 02.99128 14 42 16.10 +08 49 14.9          17.4 Rc~0gbgA24
     K12H08M KC2012 05 02.99858 14 42 23.10 +08 48 45.3          18.3 Ru~0gNj203
     K12H08M KC2012 05 03.00572 14 42 30.13 +08 48 16.0          17.4 Rc~0gbgA24
     K12H08M KC2012 05 03.03499 14 42 58.85 +08 46 16.0          18.3 Rc~0gbgA24
     K12H08M KC2012 05 03.03653 14 43 00.35 +08 46 09.3          18.4 Rc~0gbgA24
     K12H08M KC2012 05 03.33035414 48 07.99 +08 25 41.8          19.1 Vu~0gNjH21
     K12H08M KC2012 05 03.33710514 48 14.90 +08 25 12.0          18.6 Vu~0gNjH21
     K12H08M KC2012 05 03.34370714 48 21.67 +08 24 42.8          18.6 Vu~0gNjH21
     K12H08M KC2012 05 04.94214 15 20 28.53 +06 08 38.7          18.0 Rw~0gbg213
     K12H08M KC2012 05 04.94920 15 20 37.49 +06 07 57.2          18.2 Rw~0gbg213
     K12H08M KC2012 05 04.95696 15 20 47.31 +06 07 10.6          18.0 Rw~0gbg213
     K12H08M KC2012 05 08.35889 16 50 56.06 -01 01 13.1          18.2 Vu~0gbgH21
     K12H08M KC2012 05 08.36843 16 51 12.59 -01 02 37.2          18.5 Vu~0gbgH21
     K12H08M KC2012 05 08.37311 16 51 20.70 -01 03 18.1          18.3 Vu~0gbgH21
     K12H08M KC2012 05 10.33751817 51 43.16 -05 53 18.2          19.0 Vo~0gbgH21
     K12H08M KC2012 05 10.34130417 51 49.80 -05 53 50.7          19.0 Vo~0gbgH21
     K12H08M KC2012 05 10.34666317 51 59.21 -05 54 36.4          18.4 Vo~0gbgH21
