     K12D32Y* C2012 02 26.25870 07 37 47.42 +12 21 46.9          19.7 Vr~0eAFG96
     K12D32Y  C2012 02 26.26554 07 37 49.08 +12 22 25.7          19.9 Vr~0eAFG96
     K12D32Y  C2012 02 26.27250 07 37 50.77 +12 23 05.0          19.6 Vr~0eAFG96
     K12D32Y  C2012 02 26.27943 07 37 52.46 +12 23 44.2          19.7 Vr~0eAFG96
     K12D32Y  C2012 02 26.33338 07 38 05.93 +12 28 47.7          19.6 Vr~0eAFG96
     K12D32Y mC2012 02 26.33546 07 38 06.48 +12 29 00.1                o~0eAF291
     K12D32Y mC2012 02 26.33699 07 38 06.87 +12 29 08.8                o~0eAF291
     K12D32Y mC2012 02 26.33851 07 38 07.25 +12 29 17.2                o~0eAF291
     K12D32Y  C2012 02 26.34093 07 38 07.83 +12 29 29.7          19.5 Vr~0eAFG96
     K12D32Y  C2012 02 26.34496 07 38 08.83 +12 29 54.9          20.1 Rc~0eAF651
     K12D32Y  C2012 02 26.34604 07 38 09.03 +12 29 58.8          20.2 Rc~0eAF651
     K12D32Y KC2012 02 26.80982 07 40 20.17 +13 13 00.7          18.4 Vv~0eAFI93
     K12D32Y KC2012 02 26.81647 07 40 21.74 +13 13 38.2          18.9 Vv~0eAFI93
     K12D32Y KC2012 02 26.82083 07 40 21.61 +13 13 59.3                u~0eAF118
     K12D32Y KC2012 02 26.82277 07 40 23.33 +13 14 12.9          18.9 Vv~0eAFI93
     K12D32Y KC2012 02 26.82418 07 40 22.49 +13 14 17.5                u~0eAF118
     K12D32Y KC2012 02 26.82753 07 40 23.29 +13 14 36.5                u~0eAF118
     K12D32Y KC2012 02 26.87332 07 40 35.05 +13 18 50.3          19.1 Rc~0eAFA24
     K12D32Y KC2012 02 26.87775 07 40 36.10 +13 19 15.2          19.1 Rc~0eAFA24
     K12D32Y KC2012 02 26.88084 07 40 36.68 +13 19 33.4          19.1 Ru~0eAF104
     K12D32Y KC2012 02 26.88126 07 40 36.92 +13 19 33.8          19.1 Rc~0eAFA24
     K12D32Y KC2012 02 26.88451 07 40 37.60 +13 19 53.5          18.9 Ru~0eAF104
     K12D32Y KC2012 02 26.88818 07 40 38.46 +13 20 13.6          19.3 Ru~0eAF104
     K12D32Y KC2012 02 26.92058 07 40 46.18 +13 23 07.9          19.3 Vu~0eAF595
     K12D32Y KC2012 02 26.94476 07 40 52.18 +13 25 19.0                u~0eAF595
     K12D32Y |C2012 02 27.01526 07 41 15.27 +13 33 23.9          19.9 Vo~0eAF807
     K12D32Y |C2012 02 27.01782 07 41 15.87 +13 33 37.8          19.5 Vo~0eAF807
     K12D32Y |C2012 02 27.02003 07 41 16.40 +13 33 50.0          19.6 Vo~0eAF807
     K12D32Y |C2012 02 27.02199 07 41 16.87 +13 34 00.8          19.8 Vo~0eAF807
     K12D32Y mC2012 02 27.12301 07 41 44.10 +13 41 46.5                o~0eAF291
     K12D32Y mC2012 02 27.12378 07 41 44.28 +13 41 50.4                o~0eAF291
     K12D32Y mC2012 02 27.12454 07 41 44.45 +13 41 54.5                o~0eAF291
     K12D32Y KC2012 02 27.14189707 41 47.26 +13 43 20.3          18.9 Ru~0eAFH36
     K12D32Y KC2012 02 27.14338307 41 47.07 +13 43 27.7          19.3 Vr~0eAFH21
     K12D32Y KC2012 02 27.14682407 41 48.50 +13 43 46.7          18.8 Ru~0eAFH36
     K12D32Y KC2012 02 27.14772407 41 48.12 +13 43 51.0          19.5 Vr~0eAFH21
     K12D32Y KC2012 02 27.15182107 41 49.71 +13 44 14.7          19.9 Ru~0eAFH36
     K12D32Y KC2012 02 27.15207207 41 49.15 +13 44 14.7          19.3 Vr~0eAFH21
     K12D32Y KC2012 02 27.17833107 41 56.05 +13 46 36.5          19.3 Ru~0eAFH36
     K12D32Y  C2012 02 27.54764 07 43 33.64 +14 19 27.3          19.7 Ro~0eAF300
     K12D32Y  C2012 02 27.54926 07 43 34.00 +14 19 35.5          19.9 Ro~0eAF300
     K12D32Y  C2012 02 27.55089 07 43 34.35 +14 19 44.1          19.8 Ro~0eAF300
     K12D32Y  C2012 02 27.55251 07 43 34.78 +14 19 52.8          19.7 Ro~0eAF300
     K12D32Y KC2012 02 27.88382 07 45 02.20 +14 48 21.7                u~0eAF204
     K12D32Y KC2012 02 27.89805 07 45 05.59 +14 49 34.5                u~0eAF204
     K12D32Y KC2012 02 27.91010 07 45 08.45 +14 50 36.6          19.1 Ru~0eAF204
     K12D32Y KC2012 03 09.12196208 24 50.02 +25 19 46.9          20.2 Vt~0edkH21
     K12D32Y KC2012 03 09.12834508 24 51.18 +25 20 03.2          19.8 Vt~0edkH21
     K12D32Y KC2012 03 09.13466308 24 52.39 +25 20 19.0          20.0 Vt~0edkH21
     K12D32Y KC2012 03 10.07499108 28 08.07 +25 58 12.1          20.9 Vo~0edkH21
     K12D32Y KC2012 03 10.08385008 28 09.71 +25 58 32.8          20.7 Vo~0edkH21
     K12D32Y KC2012 03 10.09316808 28 11.42 +25 58 55.0          20.9 Vo~0edkH21
     K12D32Y KC2012 03 14.18305 08 41 36.79 +28 15 05.2          20.7 Vu~0edkH21
     K12D32Y KC2012 03 14.19583 08 41 38.96 +28 15 25.8          20.2 Vu~0edkH21
     K12D32Y KC2012 03 14.19902 08 41 39.49 +28 15 31.0          20.6 Vu~0edkH21
     K12D32Y KC2012 03 28.34462 09 22 23.42 +31 54 26.7          20.9 Ro~0fG2291
     K12D32Y KC2012 03 28.34812 09 22 23.95 +31 54 27.4          20.8 Ro~0fG2291
     K12D32Y KC2012 03 28.35161 09 22 24.46 +31 54 28.4          21.0 Ro~0fG2291
     K12D32Y KC2012 03 29.31076 09 24 57.02 +31 59 31.3          20.9 Ro~0fG2291
     K12D32Y KC2012 03 29.31470 09 24 57.59 +31 59 32.3          20.7 Ro~0fG2291
     K12D32Y KC2012 03 29.31865 09 24 58.18 +31 59 33.1          20.7 Ro~0fG2291
     K12D32Y KC2012 04 11.07909809 56 54.19 +31 52 53.9          22.3 Vo~0fkAH21
     K12D32Y KC2012 04 11.09888609 56 56.85 +31 52 48.4          22.5 Vo~0fkAH21
     K12D32Y KC2012 04 11.11658309 56 59.17 +31 52 43.2          22.2 Vo~0fkAH21
