     K13O00H* C2013 07 16.52928 21 36 08.617+04 01 45.75         20.8 wL~0tCDF51
     K13O00H  C2013 07 16.54631 21 36 09.048+04 02 16.24         21.2 wL~0tCDF51
     K13O00H  C2013 07 16.56249 21 36 09.471+04 02 45.01         21.4 wL~0tCDF51
     K13O00H  C2013 07 16.57655 21 36 09.845+04 03 10.63         21.2 wL~0tCDF51
     K13O00H KC2013 07 17.08608921 36 27.23 +04 18 51.3          20.6 Vq~0tCDK92
     K13O00H KC2013 07 17.09137521 36 27.37 +04 19 01.0          20.5 Vq~0tCDK92
     K13O00H KC2013 07 17.09534121 36 27.48 +04 19 08.1          20.5 Vq~0tCDK92
     K13O00H KC2013 07 17.35820721 36 36.73 +04 26 45.8          20.2 Vq~0tCDH21
     K13O00H KC2013 07 17.36778421 36 36.98 +04 27 03.4          20.4 Vq~0tCDH21
     K13O00H KC2013 07 17.37736921 36 37.24 +04 27 21.3          20.4 Vq~0tCDH21
     K13O00H KC2013 07 17.38683621 36 37.48 +04 27 38.8          20.0 Vq~0tCDH21
     K13O00H |C2013 07 18.30868 21 37 08.92 +04 57 10.9          21.1 Vu~0tCD807
     K13O00H |C2013 07 18.31418 21 37 09.06 +04 57 21.5          21.0 Vu~0tCD807
     K13O00H |C2013 07 18.31968 21 37 09.18 +04 57 32.2          21.0 Vu~0tCD807
     K13O00H KC2013 07 19.37462321 37 44.83 +05 31 59.3          20.6 Vu~0tCDH21
     K13O00H KC2013 07 19.38019521 37 44.97 +05 32 10.6          20.2 Vu~0tCDH21
     K13O00H KC2013 07 19.38608521 37 45.13 +05 32 22.9          20.6 Vu~0tCDH21
     K13O00H KC2013 07 20.37936621 38 18.74 +06 06 56.5          20.3 Vu~0tK9H21
     K13O00H KC2013 07 20.38508221 38 18.87 +06 07 08.6          21.2 Vu~0tK9H21
     K13O00H KC2013 07 20.39127621 38 19.03 +06 07 21.8          20.6 Vu~0tK9H21
     K13O00H 1C2013 07 28.04625 21 42 52.55 +11 50 50.6          19.7 Rq~1bHuJ13
     K13O00H 1C2013 07 28.04676 21 42 52.54 +11 50 52.9          19.4 Rq~1bHuJ13
     K13O00H 1C2013 07 28.04726 21 42 52.54 +11 50 54.5          19.5 Rq~1bHuJ13
     K13O00H 1C2013 07 28.04777 21 42 52.56 +11 50 56.1          19.8 Rq~1bHuJ13
     K13O00H KC2013 07 28.34856921 43 03.12 +12 08 07.6          19.9 Vq~0tK9H21
     K13O00H KC2013 07 28.35210621 43 03.21 +12 08 19.7          19.4 Vq~0tK9H21
     K13O00H KC2013 07 28.35562821 43 03.31 +12 08 32.1          19.9 Vq~0tK9H21
     K13O00H KC2013 07 28.35914621 43 03.43 +12 08 44.3          19.6 Vq~0tK9H21
     K13O00H KC2013 07 30.02534 21 44 12.47 +13 51 46.1                t~0tK9204
     K13O00H KC2013 07 30.03894 21 44 12.92 +13 52 39.8                t~0tK9204
     K13O00H KC2013 07 30.05190 21 44 13.35 +13 53 31.1          18.7 Rt~0tK9204
     K13O00H KC2013 07 30.47207 21 44 30.43 +14 21 50.1          18.9 Ro~0tK9291
     K13O00H KC2013 07 30.47387 21 44 30.46 +14 21 57.6          18.9 Ro~0tK9291
     K13O00H KC2013 07 30.47567 21 44 30.53 +14 22 04.7          18.6 Ro~0tK9291
     K13O00H KC2013 07 30.95271621 44 54.23 +14 55 10.6          19.6 Vu~0tK9I93
     K13O00H KC2013 07 30.96660221 44 54.81 +14 56 08.8          19.3 Vu~0tK9I93
     K13O00H KC2013 07 30.97442521 44 55.03 +14 56 42.9          19.4 Vu~0tK9I93
     K13O00H KC2013 07 31.31095 21 45 09.61 +15 21 02.8          19.4 Rq~0tK9H36
     K13O00H KC2013 07 31.31561 21 45 09.78 +15 21 23.2          19.1 Rq~0tK9H36
     K13O00H  C2013 08 02.14139 21 46 40.31 +17 46 32.6          19.1 Rr~0tROY00
     K13O00H  C2013 08 02.14259 21 46 40.38 +17 46 38.7          18.9 Rr~0tROY00
     K13O00H  C2013 08 02.14380 21 46 40.41 +17 46 45.0          19.1 Rr~0tROY00
     K13O00H KC2013 08 04.26337721 48 44.05 +21 06 51.2          19.3 Vu~0tROH21
     K13O00H KC2013 08 04.26793521 48 44.27 +21 07 19.7          19.4 Vu~0tROH21
     K13O00H KC2013 08 04.27322821 48 44.53 +21 07 53.1          19.5 Vu~0tROH21
     K13O00H KC2013 08 04.27818021 48 44.78 +21 08 24.6          19.0 Vu~0tROH21
     K13O00H  C2013 08 05.06817 21 49 37.38 +22 34 30.8          19.2 Ro~0twE033
     K13O00H  C2013 08 05.07417 21 49 37.60 +22 35 11.3          19.7 Ro~0twE033
     K13O00H KC2013 08 05.23347521 49 50.86 +22 53 35.7          19.4 Vu~0tROH21
     K13O00H KC2013 08 05.23744121 49 51.08 +22 54 03.4          19.3 Vu~0tROH21
     K13O00H KC2013 08 05.24161621 49 51.31 +22 54 32.4          19.1 Vu~0tROH21
     K13O00H KC2013 08 05.24563421 49 51.53 +22 55 00.3          19.3 Vu~0tROH21
     K13O00H KC2013 08 05.24920321 49 51.73 +22 55 25.2          19.2 Vu~0tROH21
     K13O00H KC2013 08 05.92002 21 50 43.36 +24 15 45.8          19.1 Vq~0tROC77
     K13O00H KC2013 08 05.92416 21 50 43.61 +24 16 17.7          19.8 Vq~0tROC77
     K13O00H KC2013 08 05.92840 21 50 43.99 +24 16 48.3          18.8 Vq~0tROC77
     K13O00H KC2013 08 05.93667 21 50 44.41 +24 17 50.9          18.7 Vq~0tROC77
     K13O00H KC2013 08 05.94133 21 50 44.69 +24 18 26.2          18.9 Vq~0tROC77
     K13O00H  C2013 08 05.98433 21 50 47.15 +24 23 45.1          19.0 Ro~0twE033
     K13O00H  C2013 08 05.99030 21 50 47.50 +24 24 29.3          19.0 Ro~0twE033
     K13O00H  C2013 08 06.04307 21 50 50.92 +24 31 05.6          19.3 Ro~0twE033
     K13O00H  C2013 08 06.04905 21 50 51.28 +24 31 50.1          19.3 Ro~0twE033
     K13O00H dC2013 08 06.19760 21 51 04.82 +24 50 48.7          18.6 Rt~1302W71
     K13O00H dC2013 08 06.20286 21 51 05.07 +24 51 30.1          18.1 Rt~1302W71
     K13O00H dC2013 08 06.20641 21 51 05.31 +24 51 55.0          17.8 Rt~1302W71
     K13O00H !C2013 08 06.35815 21 51 17.31 +25 11 41.9          18.0 Rt~0tRO673
     K13O00H !C2013 08 06.36055 21 51 17.49 +25 12 00.6          17.5 Rt~0tRO673
     K13O00H !C2013 08 06.36318 21 51 17.65 +25 12 21.5          17.4 Rt~0tRO673
     K13O00H  C2013 08 07.31575 21 52 42.20 +27 23 14.2          18.5 Rq~0tROH45
     K13O00H  C2013 08 07.31734 21 52 42.30 +27 23 28.2          18.7 Rq~0tROH45
     K13O00H  C2013 08 07.31824 21 52 42.36 +27 23 35.8          18.5 Rq~0tROH45
     K13O00H  C2013 08 07.31928 21 52 42.41 +27 23 44.1          18.6 Rq~0tROH45
     K13O00H  C2013 08 07.32010 21 52 42.49 +27 23 51.6          18.7 Rq~0tROH45
     K13O00H  C2013 08 07.32101 21 52 42.52 +27 23 59.0          18.7 Rq~0tROH45
     K13O00H  C2013 08 07.32218 21 52 42.63 +27 24 09.8          18.7 Rq~0tROH45
     K13O00H  C2013 08 07.32328 21 52 42.70 +27 24 19.8          18.8 Rq~0tROH45
     K13O00H KC2013 08 07.35420221 52 44.82 +27 28 42.4          19.2 Vu~0tROH21
     K13O00H KC2013 08 07.35612221 52 44.98 +27 28 58.7          19.1 Vu~0tROH21
     K13O00H KC2013 08 07.35783821 52 45.11 +27 29 13.7          19.1 Vu~0tROH21
     K13O00H  C2013 08 08.23632 21 54 15.20 +29 44 36.6          18.4 Rr~0tROY00
     K13O00H  C2013 08 08.23701 21 54 15.23 +29 44 42.6          18.2 Rr~0tROY00
     K13O00H  C2013 08 08.23770 21 54 15.24 +29 44 49.0          18.6 Rr~0tROY00
     K13O00H KC2013 08 09.35619 21 56 32.92 +32 56 25.4          18.0 Rq~0tRO448
     K13O00H KC2013 08 09.36297 21 56 33.55 +32 57 40.4          17.9 Rq~0tRO448
     K13O00H KC2013 08 09.36999 21 56 34.37 +32 58 56.9          18.5 Rq~0tRO448
     K13O00H HC2013 08 09.47922 21 56 47.03 +33 19 01.5          18.4 Ro~0tRO291
     K13O00H HC2013 08 09.47955 21 56 47.06 +33 19 05.2          18.4 Ro~0tRO291
     K13O00H HC2013 08 09.47989 21 56 47.10 +33 19 08.8          18.3 Ro~0tRO291
     K13O00H  C2013 08 09.49774 21 56 51.956+33 22 51.30         19.4 gL~0tROF51
     K13O00H  C2013 08 09.50897 21 56 53.187+33 24 57.06         19.4 gL~0tROF51
     K13O00H  C2013 08 09.52391 21 56 54.803+33 27 43.64         18.8 rL~0tROF51
     K13O00H KC2013 08 14.84660522 22 35.819+56 38 56.22         19.3 Vq~0tboC95
     K13O00H KC2013 08 14.85045722 22 37.979+56 40 17.65         19.1 Vq~0tboC95
     K13O00H KC2013 08 14.85429722 22 40.207+56 41 38.75         18.9 Vq~0tboC95
