     K13U08P* C2013 10 25.43964 02 28 56.763-30 29 17.46         20.6 rL~0wEaF51
     K13U08P  C2013 10 25.45130 02 28 55.470-30 29 13.34         20.5 rL~0wEaF51
     K13U08P KC2013 10 26.17365102 27 37.27 -30 24 58.3          20.5 Vq~0wEaW86
     K13U08P KC2013 10 26.18023202 27 36.55 -30 24 55.9          20.2 Vq~0wEaW86
     K13U08P KC2013 10 26.18750502 27 35.74 -30 24 53.4          20.4 Vq~0wEaW86
     K13U08P |C2013 10 26.23522 02 27 30.50 -30 24 36.1          20.3 Vu~0wEb807
     K13U08P |C2013 10 26.24072 02 27 29.88 -30 24 34.1          20.4 Vu~0wEb807
     K13U08P |C2013 10 26.24623 02 27 29.29 -30 24 32.3          20.2 Vu~0wEb807
     K13U08P |C2013 10 28.17188 02 24 02.84 -30 12 17.4          20.7 Vu~0wEb807
     K13U08P |C2013 10 28.17737 02 24 02.22 -30 12 15.2          20.6 Vu~0wEb807
     K13U08P |C2013 10 28.18286 02 24 01.65 -30 12 13.9          20.8 Vu~0wEb807
     K13U08P |C2013 10 29.16541 02 22 17.57 -30 05 26.0          20.8 Vu~0wEb807
     K13U08P |C2013 10 29.17088 02 22 16.99 -30 05 23.7          20.8 Vu~0wEb807
     K13U08P |C2013 10 29.17637 02 22 16.41 -30 05 21.6          20.7 Vu~0wEb807
     K13U08P KC2013 10 29.94859402 20 55.21 -29 59 44.9          20.7 Vq~0wEbK91
     K13U08P KC2013 10 29.95665502 20 54.35 -29 59 41.4          21.1 Vq~0wEbK91
     K13U08P KC2013 10 29.96310002 20 53.65 -29 59 38.7          21.0 Vq~0wEbK91
     K13U08P KC2013 10 31.53961 02 18 10.08 -29 47 28.6          21.5 Ro~0wEb474
     K13U08P KC2013 10 31.54313 02 18 09.73 -29 47 27.2                o~0wEb474
     K13U08P KC2013 10 31.54666 02 18 09.33 -29 47 25.3          21.4 Ro~0wEb474
     K13U08P KC2013 10 31.55018 02 18 08.97 -29 47 22.4          21.1 Ro~0wEb474
     K13U08P  C2013 11 01.45641 02 16 36.326-29 40 04.76         21.4 gL~0x89F51
     K13U08P  C2013 11 01.46842 02 16 35.034-29 39 58.93         21.3 gL~0x89F51
     K13U08P KC2013 11 02.57710 02 14 43.07 -29 30 27.0          20.7 Ro~0wdd474
     K13U08P KC2013 11 02.58062 02 14 42.71 -29 30 24.9          20.9 Ro~0wdd474
     K13U08P KC2013 11 02.58414 02 14 42.37 -29 30 23.1          20.7 Ro~0wdd474
     K13U08P |C2013 11 03.20469 02 13 40.52 -29 24 56.0          21.2 Vu~0wdd807
     K13U08P |C2013 11 03.21018 02 13 39.96 -29 24 53.0          21.2 Vu~0wdd807
     K13U08P |C2013 11 03.21566 02 13 39.41 -29 24 50.1          21.0 Vu~0wdd807
     K13U08P |C2013 11 07.09727 02 07 25.28 -28 47 37.3          21.2 Vu~0wdd807
     K13U08P |C2013 11 07.10272 02 07 24.76 -28 47 34.1          21.0 Vu~0wdd807
     K13U08P |C2013 11 07.10816 02 07 24.24 -28 47 30.7          21.2 Vu~0wdd807
     K13U08P KC2013 11 08.29108 02 05 34.82 -28 35 16.1          20.3 Ro~0wdd291
     K13U08P KC2013 11 08.29753 02 05 34.25 -28 35 13.4          19.9 Ro~0wdd291
     K13U08P KC2013 11 08.30398 02 05 33.63 -28 35 09.4          20.5 Ro~0wdd291
     K13U08P KC2013 11 11.27000 02 01 10.55 -28 02 31.6          20.6 Ro~0x89291
     K13U08P KC2013 11 11.27294 02 01 10.29 -28 02 29.5          20.5 Ro~0x89291
     K13U08P KC2013 11 11.27588 02 01 10.02 -28 02 27.6          19.9 Ro~0x89291
     K13U08P |C2013 11 21.20462 01 48 30.49 -25 57 43.7          21.2 Vu~0xSQ807
     K13U08P |C2013 11 21.21142 01 48 30.05 -25 57 38.1          21.4 Vu~0xSQ807
     K13U08P |C2013 11 21.21821 01 48 29.59 -25 57 32.6          21.4 Vu~0xSQ807
     K13U08P KC2013 11 26.22276 01 43 21.85 -24 47 57.7          20.2 Ro~0xSQ291
     K13U08P KC2013 11 26.22709 01 43 21.58 -24 47 54.2          20.3 Ro~0xSQ291
     K13U08P KC2013 11 26.23144 01 43 21.32 -24 47 50.2          20.4 Ro~0xSQ291
     K13U08P KC2013 12 23.13503 01 29 29.57 -18 02 58.3          21.1 Ro~0yNb291
     K13U08P KC2013 12 23.14035 01 29 29.53 -18 02 53.0          20.8 Ro~0yNb291
     K13U08P KC2013 12 23.14568 01 29 29.48 -18 02 47.8          21.0 Ro~0yNb291
     K13U08P KC2013 12 28.11629 01 29 07.47 -16 47 46.6          21.5 Ro~0yl3291
     K13U08P KC2013 12 28.12254 01 29 07.47 -16 47 40.7          21.6 Ro~0yl3291
     K13U08P KC2013 12 28.12880 01 29 07.44 -16 47 35.1          21.3 Ro~0yl3291
     K13U08P KC2013 12 30.16541 01 29 08.38 -16 17 05.5          21.5 Ro~0yl3291
     K13U08P KC2013 12 30.17336 01 29 08.27 -16 16 59.0          21.1 Ro~0yl3291
     K13U08P KC2013 12 30.18148 01 29 08.28 -16 16 51.6          21.6 Ro~0yl3291
     K13U08P KC2014 01 01.16463 01 29 14.47 -15 47 20.6          21.3 Ro~0yl3291
     K13U08P KC2014 01 01.17047 01 29 14.49 -15 47 15.3          21.4 Ro~0yl3291
     K13U08P KC2014 01 01.17631 01 29 14.49 -15 47 09.8          21.8 Ro~0yl3291
     K13U08P KC2014 01 04.08470 01 29 32.61 -15 04 12.3          21.8 Ro~0zE1291
     K13U08P KC2014 01 04.09629 01 29 32.80 -15 04 02.7          21.7 Ro~0zE1291
     K13U08P ^C2014 08 30.48368 04 19 52.24 +16 41 55.7          23.7 Ro~1T1p695
     K13U08P ^C2014 08 30.48539 04 19 52.25 +16 41 56.2          23.4 Ro~1T1p695
     K13U08P ^C2014 08 30.48710 04 19 52.25 +16 41 56.3          23.5 Ro~1T1p695
     K13U08P ^C2014 08 30.48910 04 19 52.26 +16 41 56.8          23.8 Ro~1T1p695
     K13U08P ^C2014 08 30.49081 04 19 52.28 +16 41 56.9          23.2 Ro~1T1p695
     K13U08P ^C2014 08 30.49252 04 19 52.28 +16 41 57.1          23.1 Ro~1T1p695
     K13U08P ^C2014 08 30.49441 04 19 52.31 +16 41 57.5          23.4 Ro~1T1p695
     K13U08P ^C2014 08 30.49612 04 19 52.32 +16 41 58.0          23.5 Ro~1T1p695
     K13U08P ^C2014 08 30.49782 04 19 52.35 +16 41 58.1          23.8 Ro~1T1p695
     K13U08P ^C2014 08 30.49980 04 19 52.33 +16 41 58.5          23.7 Ro~1T1p695
     K13U08P ^C2014 08 30.50150 04 19 52.34 +16 41 58.7          23.1 Ro~1T1p695
     K13U08P ^C2014 08 31.47438 04 19 59.27 +16 44 43.2          23.0 Ro~1T1p695
     K13U08P ^C2014 08 31.47748 04 19 59.29 +16 44 43.8          22.7 Ro~1T1p695
     K13U08P ^C2014 08 31.48058 04 19 59.31 +16 44 44.4          22.8 Ro~1T1p695
     K13U08P ^C2014 08 31.48390 04 19 59.33 +16 44 45.0          22.8 Ro~1T1p695
     K13U08P ^C2014 08 31.48699 04 19 59.34 +16 44 45.5          22.8 Ro~1T1p695
     K13U08P ^C2014 08 31.49009 04 19 59.37 +16 44 46.0          22.7 Ro~1T1p695
     K13U08P ^C2014 08 31.49821 04 19 59.42 +16 44 47.3          22.8 Ro~1T1p695
     K13U08P ^C2014 08 31.50131 04 19 59.43 +16 44 48.0          23.2 Ro~1T1p695
     K13U08P ^C2014 08 31.50440 04 19 59.45 +16 44 48.5          23.2 Ro~1T1p695
     K13U08P .C2014 09 02.18741 04 20 09.08 +16 49 29.6          21.6  t~18DA950
     K13U08P .C2014 09 02.18900 04 20 09.09 +16 49 30.1          21.5  t~18DA950
     K13U08P .C2014 09 02.19138 04 20 09.11 +16 49 30.7          22.1  t~18DA950
     K13U08P .C2014 09 02.19376 04 20 09.12 +16 49 31.3          22.3  t~18DA950
     K13U08P .C2014 09 02.19535 04 20 09.12 +16 49 31.6          21.6  t~18DA950
     K13U08P KC2014 10 26.32461103 55 49.67 +18 45 27.2          22.5 Vu~1BSDH21
     K13U08P KC2014 10 26.34141003 55 48.68 +18 45 28.7          22.3 Vu~1BSDH21
     K13U08P KC2014 10 26.35827603 55 47.75 +18 45 29.3          22.7 Vu~1BSDH21
     K13U08P ^C2015 09 30.40432 05 47 15.61 +42 23 18.6                o~1XvR695
     K13U08P ^C2015 09 30.42185 05 47 15.74 +42 23 27.6                o~1XvR695
     K13U08P ^C2015 09 30.43938 05 47 15.85 +42 23 37.3                o~1XvR695
