     K13B18G* C2013 01 16.49759 07 49 58.930+24 17 08.49         21.2 wL~0o3eF51
     K13B18G  C2013 01 16.51205 07 49 56.972+24 17 18.51         21.1 wL~0o3eF51
     K13B18G  C2013 01 16.52655 07 49 55.013+24 17 28.55         21.1 wL~0o3eF51
     K13B18G  C2013 01 16.54105 07 49 53.066+24 17 38.45         21.2 wL~0o3eF51
     K13B18G  C2013 01 17.19058 07 48 29.30 +24 25 05.9          21.0 Rt~0o3eH01
     K13B18G  C2013 01 17.19498 07 48 28.72 +24 25 09.0          20.6 Rt~0o3eH01
     K13B18G  C2013 01 17.20547 07 48 27.32 +24 25 16.3          20.8 Rt~0o3eH01
     K13B18G  C2013 01 17.21554 07 48 25.98 +24 25 23.3          21.1 Rt~0o3eH01
     K13B18G %C2013 01 17.27508707 48 18.59 +24 26 04.7          22.0 Rt~0o3eF65
     K13B18G %C2013 01 17.28111207 48 17.79 +24 26 09.1          21.7 Rt~0o3eF65
     K13B18G %C2013 01 17.28716307 48 17.01 +24 26 13.4          21.5 Rt~0o3eF65
     K13B18G KC2013 01 18.14189707 46 27.11 +24 35 45.3          20.5 Vq~0o3eH21
     K13B18G KC2013 01 18.15463507 46 25.42 +24 35 53.8          20.5 Vq~0o3eH21
     K13B18G KC2013 01 18.16736807 46 23.79 +24 36 02.1          20.4 Vq~0o3eH21
     K13B18G KC2013 01 18.18003407 46 22.15 +24 36 10.5          20.8 Vq~0o3eH21
     K13B18G  C2013 01 19.25201 07 44 07.24 +24 47 45.8          20.7 Rt~0o3eH01
     K13B18G  C2013 01 19.26410 07 44 05.69 +24 47 53.5          21.1 Rt~0o3eH01
     K13B18G  C2013 01 19.26809 07 44 05.17 +24 47 56.0          20.7 Rt~0o3eH01
     K13B18G  C2013 01 19.27378 07 44 04.45 +24 47 59.6          20.8 Rt~0o3eH01
     K13B18G KC2013 01 22.17943 07 38 15.16 +25 16 58.6          20.9 Ro~0o3e291
     K13B18G KC2013 01 22.18458 07 38 14.57 +25 17 01.1          20.9 Ro~0o3e291
     K13B18G KC2013 01 22.18972 07 38 13.94 +25 17 04.3          20.8 Ro~0o3e291
