i3103K13W67T* C2013 11 29.48337 12 50 07.35 +06 01 08.1          20.3 Vo~0xrJ691
i3103K13W67T  C2013 11 29.49707 12 50 09.16 +06 00 32.7          19.9 Vo~0xrJ691
i3103K13W67T  C2013 11 29.51077 12 50 10.93 +05 59 56.0          20.0 Vo~0xrJ691
i3103K13W67T KC2013 11 30.52019 12 52 26.13 +05 16 03.4          19.0 Ro~0xrJ291
i3103K13W67T KC2013 11 30.52315 12 52 26.49 +05 15 55.7          19.2 Ro~0xrJ291
i3103K13W67T KC2013 12 01.19817 12 53 56.87 +04 46 33.5                t~0xrJ204
i3103K13W67T KC2013 12 01.20885 12 53 58.27 +04 46 05.7                t~0xrJ204
i3103K13W67T KC2013 12 01.21948 12 53 59.67 +04 45 37.8          18.8 Rt~0xrJ204
i3103K13W67T KC2013 12 01.47715 12 54 34.36 +04 34 27.6          19.1 Rq~0xrJH36
i3103K13W67T KC2013 12 01.48304 12 54 35.15 +04 34 11.9          19.1 Rq~0xrJH36
i3103K13W67T KC2013 12 01.49478 12 54 36.72 +04 33 41.4          18.9 Rq~0xrJH36
i3103K13W67T KC2013 12 02.49088 12 56 50.59 +03 50 28.5          19.0 Ro~0xrJ291
i3103K13W67T KC2013 12 02.49383 12 56 50.99 +03 50 20.8          18.9 Ro~0xrJ291
i3103K13W67T KC2013 12 02.49679 12 56 51.37 +03 50 13.1          18.9 Ro~0xrJ291
i3103K13W67T KC2013 12 06.54053 13 05 56.77 +00 55 12.6          19.4 Ro~0xrJ291
i3103K13W67T KC2013 12 06.54197 13 05 56.96 +00 55 08.9          19.3 Ro~0xrJ291
i3103K13W67T KC2013 12 06.54340 13 05 57.15 +00 55 05.4          19.6 Ro~0xrJ291
i3103K13W67T  C2013 12 17.53709 13 31 09.66 -06 55 00.5          20.0 Ro~0yO8926
i3103K13W67T  C2013 12 17.54394 13 31 10.59 -06 55 18.6          20.2 Ro~0yO8926
i3103K13W67T  C2013 12 17.55090 13 31 11.53 -06 55 35.3          20.2 Ro~0yO8926
i3103K13W67T HC2013 12 24.54912 13 47 47.19 -11 48 48.7          19.4 Ro~0yO8291
i3103K13W67T HC2013 12 24.55035 13 47 47.41 -11 48 51.3          19.3 Ro~0yO8291
i3103K13W67T HC2013 12 24.55157 13 47 47.59 -11 48 54.6          19.3 Ro~0yO8291
i3103K13W67T KC2013 12 28.55533 13 57 31.79 -14 33 57.5          19.2 Ro~0ylI291
i3103K13W67T KC2013 12 28.55665 13 57 31.99 -14 34 00.8          19.4 Ro~0ylI291
i3103K13W67T KC2013 12 28.55797 13 57 32.18 -14 34 04.1          19.1 Ro~0ylI291
i3103K13W67T HC2013 12 31.54122 14 04 55.16 -16 35 35.6          18.7 Ro~0ylI291
i3103K13W67T HC2013 12 31.54250 14 04 55.35 -16 35 38.6          18.7 Ro~0ylI291
i3103K13W67T HC2013 12 31.54377 14 04 55.54 -16 35 41.8          18.7 Ro~0ylI291
i3103K13W67T |C2014 01 19.34949 14 54 31.64 -28 46 29.0          19.8 Vu~0ziz807
i3103K13W67T |C2014 01 19.35412 14 54 32.41 -28 46 39.4          20.1 Vu~0ziz807
i3103K13W67T |C2014 01 19.35887 14 54 33.18 -28 46 50.1          19.7 Vu~0ziz807
i3103K13W67T |C2014 02 02.36620 15 36 02.80 -37 01 45.2          18.7 Vu~10WY807
i3103K13W67T |C2014 02 02.37064 15 36 03.62 -37 01 54.4          19.1 Vu~10WY807
i3103K13W67T |C2014 02 02.37596 15 36 04.59 -37 02 05.3          19.5 Vu~10WY807
i3103K13W67T |C2014 03 03.39024 17 19 26.43 -50 58 00.1          19.8 Vu~11V4807
i3103K13W67T |C2014 03 03.39475 17 19 27.48 -50 58 06.8          19.9 Vu~11V4807
i3103K13W67T |C2014 03 03.39956 17 19 28.63 -50 58 13.7          20.1 Vu~11V4807
i3103K13W67T |C2014 03 11.37622 17 52 41.80 -53 52 18.4          19.8 Vu~11qv807
i3103K13W67T |C2014 03 11.38030 17 52 42.83 -53 52 23.4          19.9 Vu~11qv807
i3103K13W67T |C2014 03 11.38457 17 52 43.91 -53 52 28.5          19.0 Vu~11qv807
i3103K13W67T |C2014 03 19.40263 18 28 06.88 -56 19 29.3          19.7 Vu~129B807
i3103K13W67T |C2014 03 19.40574 18 28 07.71 -56 19 32.4          19.9 Vu~129B807
i3103K13W67T |C2014 03 19.40885 18 28 08.52 -56 19 35.6          19.9 Vu~129B807
i3103K13W67T |C2014 03 27.40277 19 05 02.97 -58 17 35.4          20.2 Vu~129B807
i3103K13W67T |C2014 03 27.40900 19 05 04.68 -58 17 40.3          19.8 Vu~129B807
i3103K13W67T |C2014 03 27.41522 19 05 06.39 -58 17 45.2          19.8 Vu~129B807
i3103K13W67T |C2014 04 13.41024 20 25 41.33 -60 56 52.0          19.9 Vu~13Ls807
i3103K13W67T |C2014 04 13.41339 20 25 42.18 -60 56 53.3          19.9 Vu~13Ls807
i3103K13W67T |C2014 04 13.41655 20 25 43.03 -60 56 54.6          20.1 Vu~13Ls807
i3103K13W67T |C2014 04 13.41971 20 25 43.91 -60 56 55.7          20.0 Vu~13Ls807
i3103K13W67T |C2014 04 13.42288 20 25 44.78 -60 56 56.9          19.6 Vu~13Ls807
i3103K13W67T |C2014 04 22.41508 21 07 27.08 -61 36 36.4          19.7 Vu~13Ls807
i3103K13W67T |C2014 04 22.42004 21 07 28.38 -61 36 37.4          19.7 Vu~13Ls807
i3103K13W67T |C2014 04 22.42321 21 07 29.22 -61 36 37.9          20.1 Vu~13Ls807
i3103K13W67T |C2014 04 22.42639 21 07 30.05 -61 36 38.7          19.8 Vu~13Ls807
i3103K13W67T |C2014 04 25.42244 21 20 58.95 -61 44 25.9          19.4 Vu~13Ls807
i3103K13W67T |C2014 04 25.42552 21 20 59.75 -61 44 26.4          19.7 Vu~13Ls807
i3103K13W67T |C2014 04 25.42829 21 21 00.46 -61 44 26.8          19.8 Vu~13Ls807
i3103K13W67T |C2014 05 15.42012 22 42 45.84 -61 50 21.6          19.1 Vu~14Qm807
i3103K13W67T |C2014 05 15.42377 22 42 46.64 -61 50 21.3          19.0 Vu~14Qm807
i3103K13W67T |C2014 05 15.42777 22 42 47.45 -61 50 21.2          19.0 Vu~14Qm807
i3103K13W67T |C2014 05 15.43125 22 42 48.17 -61 50 21.4          19.2 Vu~14Qm807
i3103K13W67T |C2014 05 15.43442 22 42 48.85 -61 50 21.0          19.3 Vu~14Qm807
i3103K13W67T |C2014 06 01.43472 23 39 13.14 -61 32 35.3          18.8 Vu~156m807
i3103K13W67T |C2014 06 01.43778 23 39 13.65 -61 32 35.4          18.8 Vu~156m807
i3103K13W67T |C2014 06 01.44085 23 39 14.12 -61 32 35.3          18.7 Vu~156m807
i3103K13W67T  C2014 07 18.35399 00 51 35.64 -65 19 14.1          16.6 Vq~16WZW88
i3103K13W67T  C2014 07 18.35473 00 51 35.59 -65 19 14.9          16.6 Vq~16WZW88
i3103K13W67T  C2014 07 18.36047 00 51 35.05 -65 19 20.8          16.6 Vq~16WZW88
i3103K13W67T  C2014 07 18.36122 00 51 34.99 -65 19 21.4          16.7 Vq~16WZW88
i3103K13W67T  C2014 07 18.36734 00 51 34.39 -65 19 27.6          16.7 Vq~16WZW88
i3103K13W67T  C2014 07 18.36808 00 51 34.35 -65 19 28.4          16.7 Vq~16WZW88
i3103K13W67T  C2014 07 18.37828 00 51 33.38 -65 19 38.6          16.6 Vq~16WZW88
i3103K13W67T  C2014 07 18.37902 00 51 33.32 -65 19 39.2          16.7 Vq~16WZW88
i3103K13W67T  C2014 07 18.38478 00 51 32.75 -65 19 44.8          16.6 Vq~16WZW88
i3103K13W67T  C2014 07 18.38552 00 51 32.70 -65 19 45.4          16.6 Vq~16WZW88
i3103K13W67T  C2014 07 19.31572 00 50 33.03 -65 34 44.6          16.5 Vq~16WZW88
i3103K13W67T  C2014 07 19.31646 00 50 32.93 -65 34 45.3          16.6 Vq~16WZW88
i3103K13W67T  C2014 07 19.33991 00 50 30.44 -65 35 11.1          16.7 Vq~16WZW88
i3103K13W67T  C2014 07 19.34065 00 50 30.35 -65 35 11.8          16.8 Vq~16WZW88
i3103K13W67T KC2014 08 05.10905 22 44 23.02 -72 09 10.0          15.1 Rq~176AI47
i3103K13W67T KC2014 08 05.11026 22 44 21.26 -72 09 11.2          15.1 Rq~176AI47
i3103K13W67T KC2014 08 05.11161 22 44 19.41 -72 09 13.1          14.9 Rq~176AI47
i3103K13W67T KC2014 08 05.11296 22 44 17.49 -72 09 14.7          15.0 Rq~176AI47
i3103K13W67T KC2014 08 05.11431 22 44 15.61 -72 09 16.4          15.0 Rq~176AI47
i3103K13W67T KC2014 08 05.11565 22 44 13.68 -72 09 17.7          15.1 Rq~176AI47
i3103K13W67T KC2014 08 05.11700 22 44 11.77 -72 09 19.8          15.1 Rq~176AI47
i3103K13W67T KC2014 08 05.11821 22 44 10.10 -72 09 20.9          15.3 Rq~176AI47
i3103K13W67T KC2014 08 05.11983 22 44 07.84 -72 09 22.8          15.1 Rq~176AI47
i3103K13W67T KC2014 08 05.12172 22 44 05.16 -72 09 25.2          15.3 Rq~176AI47
i3103K13W67T `C2014 08 06.67686 22 04 25.04 -72 17 26.0          14.8 Vq~176AQ62
i3103K13W67T `C2014 08 06.68418 22 04 11.78 -72 17 22.1          14.7 Vq~176AQ62
i3103K13W67T `C2014 08 06.69142 22 03 58.70 -72 17 18.0          15.1 Vq~176AQ62
i3103K13W67T  C2014 08 08.10896521 20 52.79 -71 47 26.0          14.2 Vq~17LbW87
i3103K13W67T  C2014 08 08.11289921 20 44.63 -71 47 18.4          14.2 Vq~17LbW87
i3103K13W67T  C2014 08 08.11680021 20 36.46 -71 47 10.7          14.2 Vq~17LbW87
i3103K13W67T  C2014 08 08.12071921 20 28.32 -71 47 02.9          14.3 Vq~17LbW87
i3103K13W67T  C2014 08 08.23496921 16 27.32 -71 42 40.8          14.4 Vq~17LbW87
i3103K13W67T  C2014 08 08.23886221 16 19.09 -71 42 30.5          14.5 Vq~17LbW87
i3103K13W67T  C2014 08 08.24276721 16 10.87 -71 42 20.3          14.5 Vq~17LbW87
i3103K13W67T  C2014 08 08.24666821 16 02.62 -71 42 09.9          14.5 Vq~17LbW87
i3103K13W67T  C2014 08 08.36826421 11 46.88 -71 36 06.5          14.8 Vq~17LbW87
i3103K13W67T  C2014 08 08.37226821 11 38.55 -71 35 53.5          14.8 Vq~17LbW87
i3103K13W67T  C2014 08 08.37624321 11 30.32 -71 35 40.3          14.8 Vq~17LbW87
i3103K13W67T  C2014 08 08.37858721 11 25.49 -71 35 32.8          14.8 Vq~17LbW87
i3103K13W67T `C2014 08 08.58197 21 04 53.62 -71 26 27.7          14.7 Vq~17LbQ62
i3103K13W67T `C2014 08 08.59156 21 04 32.82 -71 25 57.8          14.6 Vq~17LbQ62
i3103K13W67T `C2014 08 08.60094 21 04 12.44 -71 25 27.4          15.2 Vq~17LbQ62
i3103K13W67T `C2014 08 08.61017 21 03 52.36 -71 24 57.6          14.6 Vq~17LbQ62
i3103K13W67T  C2014 08 09.00739520 50 37.28 -71 00 25.2          14.4 Vq~17LbW86
i3103K13W67T  C2014 08 09.00895720 50 33.91 -71 00 20.0          14.3 Vq~17LbW86
i3103K13W67T  C2014 08 09.01126420 50 28.94 -71 00 11.8          14.4 Vq~17LbW86
i3103K13W67T  C2014 08 09.01356820 50 23.98 -71 00 04.2          14.3 Vq~17LbW86
i3103K13W67T  C2014 08 09.01587220 50 19.04 -70 59 56.3          14.4 Vq~17LbW86
i3103K13W67T  C2014 08 09.01818820 50 14.21 -70 59 48.4          14.2 Vq~17LbW86
i3103K13W67T  C2014 08 09.02051120 50 09.10 -70 59 40.2          14.3 Vq~17LbW86
i3103K13W67T  C2014 08 09.12119 20 46 28.51 -70 53 21.1          14.1 Vq~17LbW88
i3103K13W67T  C2014 08 09.12190 20 46 26.93 -70 53 18.0          14.2 Vq~17LbW88
i3103K13W67T  C2014 08 09.13140 20 46 05.89 -70 52 39.7          14.2 Vq~17LbW88
i3103K13W67T  C2014 08 09.13209 20 46 04.33 -70 52 36.6          14.2 Vq~17LbW88
i3103K13W67T  C2014 08 09.13872 20 45 49.66 -70 52 09.6          14.2 Vq~17LbW88
i3103K13W67T  C2014 08 09.13941 20 45 48.11 -70 52 06.7          14.2 Vq~17LbW88
i3103K13W67T  C2014 08 09.27128120 40 54.92 -70 42 14.6          14.1 Vq~17LbW87
i3103K13W67T  C2014 08 09.27286920 40 51.43 -70 42 06.9          14.2 Vq~17LbW87
i3103K13W67T  C2014 08 09.27523720 40 46.15 -70 41 55.0          14.1 Vq~17LbW87
i3103K13W67T IC2014 08 09.27757520 40 41.02 -70 41 43.5          14.2 Vq~17LbW87
i3103K13W67T  C2014 08 09.27990420 40 35.87 -70 41 31.9          14.2 Vq~17LbW87
i3103K13W67T  C2014 08 09.28223420 40 30.74 -70 41 20.3          14.2 Vq~17LbW87
i3103K13W67T  C2014 08 09.28458320 40 25.55 -70 41 08.5          14.2 Vq~17LbW87
i3103K13W67T  C2014 08 09.36105 20 38 12.78 -70 34 50.9          14.0 Rq~17LbE89
i3103K13W67T  C2014 08 09.36242 20 38 09.77 -70 34 44.9          14.0 Rq~17LbE89
i3103K13W67T  C2014 08 09.36380 20 38 06.77 -70 34 39.0          14.1 Rq~17LbE89
i3103K13W67T  C2014 08 09.36517 20 38 03.79 -70 34 33.1          14.1 Rq~17LbE89
i3103K13W67T  C2014 08 09.36654 20 38 00.76 -70 34 27.0          14.0 Rq~17LbE89
i3103K13W67T  C2014 08 09.36792 20 37 57.73 -70 34 21.0          14.1 Rq~17LbE89
i3103K13W67T  C2014 08 09.36929 20 37 54.71 -70 34 14.8          14.1 Rq~17LbE89
i3103K13W67T  C2014 08 09.37066 20 37 51.66 -70 34 08.8          14.1 Rq~17LbE89
i3103K13W67T  C2014 08 09.37204 20 37 48.70 -70 34 03.0          14.1 Rq~17LbE89
i3103K13W67T  C2014 08 10.02142620 15 02.32 -69 33 30.4          13.6 Vq~17LbW86
i3103K13W67T  C2014 08 10.02532220 14 53.73 -69 33 07.4          13.6 Vq~17LbW86
i3103K13W67T  C2014 08 10.02996020 14 43.50 -69 32 39.7          13.7 Vq~17LbW86
i3103K13W67T  C2014 08 10.03457120 14 33.39 -69 32 12.2          13.6 Vq~17LbW86
i3103K13W67T tC2014 08 10.11895 20 11 14.96 -69 23 38.8          14.8 Rr~17LbY00
i3103K13W67T tC2014 08 10.13328 20 10 42.68 -69 21 59.5          14.8 Rr~17LbY00
i3103K13W67T tC2014 08 10.14284 20 10 21.21 -69 20 52.6          14.8 Rr~17LbY00
i3103K13W67T  C2014 08 10.27180720 05 43.90 -69 05 20.8          13.8 Vq~17LbW86
i3103K13W67T  C2014 08 10.27648020 05 33.68 -69 04 45.3          13.8 Vq~17LbW86
i3103K13W67T  C2014 08 10.28112920 05 23.42 -69 04 09.5          13.8 Vq~17LbW86
i3103K13W67T  C2014 08 10.94643 19 42 53.31 -67 34 30.3          13.7 Rr~17LbY00
i3103K13W67T  C2014 08 10.95011 19 42 45.35 -67 33 58.6          13.6 Rr~17LbY00
i3103K13W67T  C2014 08 10.95392 19 42 37.12 -67 33 25.5          13.6 Rr~17LbY00
i3103K13W67T 2C2014 08 13.46718 18 25 30.82 -58 03 16.2          13.0  q~17LbQ62
i3103K13W67T 2C2014 08 13.46852 18 25 28.55 -58 02 51.5          13.0  q~17LbQ62
i3103K13W67T 2C2014 08 13.47043 18 25 25.30 -58 02 16.1          12.9  q~17LbQ62
i3103K13W67T 2C2014 08 13.47360 18 25 19.89 -58 01 17.2          13.0  q~17LbQ62
i3103K13W67T 2C2014 08 13.58759 18 22 09.20 -57 25 01.2          13.1  u~17LbQ62
i3103K13W67T 2C2014 08 13.59792 18 21 52.28 -57 21 38.1          13.2  u~17LbQ62
i3103K13W67T 2C2014 08 13.60082 18 21 47.58 -57 20 41.9          13.1  u~17LbQ62
i3103K13W67T  C2014 08 16.49537 17 21 03.78 -37 21 10.8          12.7 Rq~17UZE89
i3103K13W67T  C2014 08 16.49588 17 21 03.22 -37 20 54.9          12.7 Rq~17UZE89
i3103K13W67T  C2014 08 16.49638 17 21 02.71 -37 20 41.0          12.6 Rq~17UZE89
i3103K13W67T  C2014 08 16.49689 17 21 02.18 -37 20 24.9          12.7 Rq~17UZE89
i3103K13W67T  C2014 08 16.49738 17 21 01.64 -37 20 08.3          12.7 Rq~17UZE89
i3103K13W67T  C2014 08 16.49788 17 21 01.07 -37 19 55.0          12.8 Rq~17UZE89
i3103K13W67T  C2014 08 16.49839 17 21 00.60 -37 19 38.0          12.8 Rq~17UZE89
i3103K13W67T  C2014 08 16.49889 17 21 00.14 -37 19 23.6          12.7 Rq~17UZE89
i3103K13W67T  C2014 08 16.49940 17 20 59.58 -37 19 08.1          12.8 Rq~17UZE89
i3103K13W67T  C2014 08 16.49990 17 20 59.09 -37 18 53.7          12.7 Rq~17UZE89
i3103K13W67T  C2014 08 17.41969 17 06 51.10 -29 25 19.9          12.8 Rq~17UZE89
i3103K13W67T  C2014 08 17.42043 17 06 50.46 -29 24 56.8          13.1 Rq~17UZE89
i3103K13W67T  C2014 08 17.42117 17 06 49.75 -29 24 32.3          13.2 Rq~17UZE89
i3103K13W67T  C2014 08 17.42190 17 06 49.09 -29 24 09.5          13.1 Rq~17UZE89
i3103K13W67T  C2014 08 17.42264 17 06 48.41 -29 23 46.5          13.0 Rq~17UZE89
i3103K13W67T  C2014 08 17.42337 17 06 47.73 -29 23 22.7          13.1 Rq~17UZE89
i3103K13W67T  C2014 08 17.42411 17 06 47.06 -29 22 58.8          13.2 Rq~17UZE89
i3103K13W67T  C2014 08 17.42484 17 06 46.34 -29 22 34.5          13.1 Rq~17UZE89
i3103K13W67T  C2014 08 17.42558 17 06 45.69 -29 22 11.8          12.9 Rq~17UZE89
i3103K13W67T  C2014 08 17.42631 17 06 45.00 -29 21 48.2          13.1 Rq~17UZE89
i3103K13W67T  C2014 08 17.82892 17 01 14.85 -25 52 30.8          13.7 Vq~17UZ619
i3103K13W67T  C2014 08 17.83007 17 01 13.84 -25 51 53.7          13.6 Vq~17UZ619
i3103K13W67T  C2014 08 17.83037 17 01 13.57 -25 51 44.1          13.5 Vq~17UZ619
i3103K13W67T  C2014 08 21.10521 16 26 14.68 +01 03 09.7          13.6 rq~18eEH49
i3103K13W67T  C2014 08 21.10660 16 26 13.92 +01 03 44.0          13.7 rq~18eEH49
i3103K13W67T  C2014 08 21.10705 16 26 13.65 +01 03 55.7          13.8 rq~18eEH49
i3103K13W67T  C2014 08 21.10752 16 26 13.40 +01 04 07.7          13.8 rq~18eEH49
i3103K13W67T  C2014 08 21.10797 16 26 13.14 +01 04 19.0          13.7 rq~18eEH49
i3103K13W67T  C2014 08 21.10838 16 26 12.92 +01 04 29.1          13.7 rq~18eEH49
i3103K13W67T  C2014 08 21.10878 16 26 12.69 +01 04 39.1          13.7 rq~18eEH49
i3103K13W67T  C2014 08 21.10961 16 26 12.23 +01 04 59.7          13.7 rq~18eEH49
i3103K13W67T  C2014 08 21.11002 16 26 11.99 +01 05 11.0          13.6 rq~18eEH49
i3103K13W67T  C2014 08 21.11047 16 26 11.74 +01 05 21.9          13.7 rq~18eEH49
i3103K13W67T  C2014 08 21.11087 16 26 11.52 +01 05 31.4          13.7 rq~18eEH49
i3103K13W67T  C2014 08 21.11127 16 26 11.29 +01 05 42.1          13.6 rq~18eEH49
i3103K13W67T  C2014 08 21.11169 16 26 11.07 +01 05 52.7          13.6 rq~18eEH49
i3103K13W67T  C2014 08 21.11270 16 26 10.49 +01 06 17.8          13.7 gq~18eEH49
i3103K13W67T  C2014 08 21.11315 16 26 10.25 +01 06 28.9          13.6 gq~18eEH49
i3103K13W67T  C2014 08 21.11354 16 26 10.04 +01 06 38.8          13.7 gq~18eEH49
i3103K13W67T  C2014 08 21.11395 16 26 09.81 +01 06 49.0          13.5 gq~18eEH49
i3103K13W67T  C2014 08 21.11434 16 26 09.59 +01 06 58.8          13.7 gq~18eEH49
i3103K13W67T  C2014 08 21.11472 16 26 09.39 +01 07 08.6          13.7 gq~18eEH49
i3103K13W67T  C2014 08 21.11513 16 26 09.15 +01 07 18.6          13.6 gq~18eEH49
i3103K13W67T  C2014 08 21.26514 16 24 55.312+02 10 14.45         14.2 wL~17UZF51
i3103K13W67T  C2014 08 21.27722 16 24 48.548+02 15 11.37         14.3 wL~17UZF51
i3103K13W67T  C2014 08 21.28932 16 24 41.826+02 20 08.45         14.3 wL~17UZF51
i3103K13W67T  C2014 08 21.85199 16 20 15.45 +06 00 00.5          14.9 Vq~17UZC47
i3103K13W67T  C2014 08 21.85548 16 20 13.73 +06 01 19.1          14.7 Vq~17UZC47
i3103K13W67T  C2014 08 21.85906 16 20 11.98 +06 02 39.7          14.8 Vq~17UZC47
i3103K13W67T  C2014 08 21.86263 16 20 10.24 +06 04 00.4          14.8 Vq~17UZC47
i3103K13W67T  C2014 08 21.86637 16 20 08.41 +06 05 24.2          14.7 Vq~17UZC47
i3103K13W67T  C2014 08 22.31823 16 16 51.79 +08 53 42.9          14.4 Rq~17UZE89
i3103K13W67T  C2014 08 22.31902 16 16 51.40 +08 53 59.6          14.4 Rq~17UZE89
i3103K13W67T  C2014 08 22.31981 16 16 51.01 +08 54 15.3          14.4 Rq~17UZE89
i3103K13W67T  C2014 08 22.32060 16 16 50.60 +08 54 33.4          14.4 Rq~17UZE89
i3103K13W67T  C2014 08 22.32140 16 16 50.22 +08 54 49.8          14.4 Rq~17UZE89
i3103K13W67T KC2014 08 23.83285 16 06 53.32 +16 42 13.9          13.8 Rc~17mdA53
i3103K13W67T KC2014 08 23.83578 16 06 52.17 +16 43 01.7          13.7 Rc~17mdA53
i3103K13W67T KC2014 08 23.83880 16 06 50.98 +16 43 51.2          13.6 Rc~17mdA53
i3103K13W67T KC2014 08 23.84182 16 06 49.79 +16 44 40.8          13.5 Rc~17mdA53
i3103K13W67T KC2014 08 24.84489 16 01 08.29 +20 58 44.5          15.2 Rq~17md160
i3103K13W67T KC2014 08 24.84590 16 01 07.93 +20 58 58.4          15.2 Rq~17md160
i3103K13W67T KC2014 08 24.84696 16 01 07.56 +20 59 13.2          15.3 Rq~17md160
i3103K13W67T  C2014 08 25.01523 16 00 15.88 +21 38 06.8          15.6 Rq~17mdI15
i3103K13W67T  C2014 08 25.01649 16 00 15.43 +21 38 23.6          15.5 Rq~17mdI15
i3103K13W67T  C2014 08 25.01774 16 00 14.99 +21 38 40.4          15.6 Rq~17mdI15
i3103K13W67T KC2014 08 25.83961 15 56 04.02 +24 32 56.0          15.7 Rq~17md160
i3103K13W67T KC2014 08 25.84155 15 56 03.39 +24 33 18.7          15.7 Rq~17md160
i3103K13W67T KC2014 08 25.84351 15 56 02.76 +24 33 41.5          15.7 Rq~17md160
i3103K13W67T  C2014 08 26.82738 15 51 30.76 +27 34 54.3          14.7 Rr~17md006
i3103K13W67T  C2014 08 26.84035 15 51 26.95 +27 37 04.4          14.5 Rr~17md006
i3103K13W67T  C2014 08 26.84423 15 51 25.77 +27 37 43.0          14.7 Rr~17md006
i3103K13W67T  C2014 08 26.84849 15 51 24.54 +27 38 25.7          14.7 Rr~17md006
i3103K13W67T KC2014 08 27.00527 15 50 44.97 +28 04 50.4          15.1 Rq~17mdI15
i3103K13W67T KC2014 08 27.00632 15 50 44.67 +28 05 00.7          15.1 Rq~17mdI15
i3103K13W67T KC2014 08 27.00757 15 50 44.28 +28 05 13.1          15.1 Rq~17mdI15
i3103K13W67T  C2014 08 27.82737 15 47 17.21 +30 13 01.2          16.2 Rr~18DA006
i3103K13W67T  C2014 08 27.83415 15 47 15.38 +30 13 59.6          16.2 Rr~18DA006
i3103K13W67T  C2014 08 27.84016 15 47 13.72 +30 14 51.1          16.0 Rr~18DA006
i3103K13W67T  C2014 08 27.84694 15 47 11.89 +30 15 49.8          16.1 Rr~18DA006
i3103K13W67T KC2014 08 28.78895 15 43 32.57 +32 24 31.7          16.8 Vt~18DAL04
i3103K13W67T KC2014 08 28.79054 15 43 32.18 +32 24 43.6          16.8 Vt~18DAL04
i3103K13W67T KC2014 08 28.79237 15 43 31.72 +32 24 57.4          16.8 Vt~18DAL04
i3103K13W67T KC2014 08 28.79415 15 43 31.28 +32 25 10.4          16.8 Vt~18DAL04
i3103K13W67T KC2014 08 28.79855 15 43 30.88 +32 25 54.3          16.1 Rq~17md160
i3103K13W67T KC2014 08 28.80071 15 43 30.34 +32 26 10.6          16.2 Rq~17md160
i3103K13W67T KC2014 08 28.80288 15 43 29.78 +32 26 26.7          16.3 Rq~17md160
i3103K13W67T KC2014 08 28.82280 15 43 25.12 +32 28 52.4          16.1 Ru~17mdB67
i3103K13W67T KC2014 08 28.82849 15 43 23.70 +32 29 34.8          16.2 Ru~17mdB67
i3103K13W67T KC2014 08 28.83417 15 43 22.30 +32 30 17.0          16.6 Ru~17mdB67
i3103K13W67T KC2014 08 29.78715 15 39 57.37 +34 23 57.3          15.5 Rq~18DA160
i3103K13W67T KC2014 08 29.78981 15 39 56.73 +34 24 14.7          15.4 Rq~18DA160
i3103K13W67T KC2014 08 29.79184 15 39 56.26 +34 24 28.0          15.5 Rq~18DA160
i3103K13W67T  C2014 08 30.72415 15 36 47.72 +36 01 50.5          16.9 Vr~1977168
i3103K13W67T  C2014 08 30.72676 15 36 47.19 +36 02 05.7          17.2 Vr~1977168
i3103K13W67T  C2014 08 30.80870 15 36 30.82 +36 09 53.5          17.2 Vr~1977168
i3103K13W67T  C2014 08 30.81055 15 36 30.48 +36 10 04.5          17.4 Vr~1977168
i3103K13W67T KC2014 09 01.79032 15 30 27.33 +39 02 26.9          16.3 Rq~18DA160
i3103K13W67T KC2014 09 01.79288 15 30 26.81 +39 02 38.2          16.6 Rq~18DA160
i3103K13W67T KC2014 09 01.79513 15 30 26.33 +39 02 48.0          16.4 Rq~18DA160
i3103K13W67T KC2014 09 02.01443 15 29 48.52 +39 19 29.8          15.9 Rq~18DAI15
i3103K13W67T KC2014 09 02.01549 15 29 48.31 +39 19 34.4          16.0 Rq~18DAI15
i3103K13W67T KC2014 09 02.01697 15 29 48.02 +39 19 40.8          16.0 Rq~18DAI15
i3103K13W67T KC2014 09 02.78300 15 27 38.97 +40 14 34.7          17.6 Rq~18DA160
i3103K13W67T KC2014 09 02.78494 15 27 38.61 +40 14 42.7          17.7 Rq~18DA160
i3103K13W67T KC2014 09 02.78689 15 27 38.20 +40 14 50.7          17.8 Rq~18DA160
i3103K13W67T  C2014 09 02.81654 15 27 32.75 +40 16 47.8          17.0 Ra~18DA233
i3103K13W67T  C2014 09 02.82554 15 27 31.08 +40 17 23.0          17.3 Ra~18DA233
i3103K13W67T  C2014 09 02.82927 15 27 30.44 +40 17 37.7          17.0 Ra~18DA233
i3103K13W67T  C2014 09 02.83519 15 27 29.33 +40 18 00.8          16.7 Ra~18DA233
i3103K13W67T  C2014 09 02.84024 15 27 28.48 +40 18 20.5          17.0 Ra~18DA233
i3103K13W67T KC2014 09 02.92587 15 27 13.96 +40 23 50.1                t~19zs204
i3103K13W67T KC2014 09 02.92934 15 27 13.39 +40 24 03.5                t~19zs204
i3103K13W67T KC2014 09 02.93282 15 27 12.83 +40 24 16.8          17.6 Rt~19zs204
i3103K13W67T 2C2014 09 08.75264315 12 44.50 +45 19 44.5          17.7 Rq~18eE089
i3103K13W67T 2C2014 09 08.75448915 12 44.25 +45 19 48.2          18.1 Rq~18eE089
i3103K13W67T 2C2014 09 08.75633015 12 43.92 +45 19 51.9          17.2 Rq~18eF089
i3103K13W67T 2C2014 09 08.76001015 12 43.42 +45 20 00.4          17.4 Rq~18eF089
i3103K13W67T 2C2014 09 08.76185015 12 43.12 +45 20 03.6          17.9 Rq~18eF089
i3103K13W67T 2C2014 09 08.76369115 12 42.81 +45 20 06.8          17.9 Rq~18eF089
i3103K13W67T 2C2014 09 08.76553115 12 42.58 +45 20 12.1          17.7 Rq~18eF089
i3103K13W67T 2C2014 09 08.76737115 12 42.33 +45 20 15.1          17.8 Rq~18eF089
i3103K13W67T 2C2014 09 08.76921215 12 42.03 +45 20 19.3          18.3 Rq~18eF089
i3103K13W67T KC2014 09 08.77496 15 12 41.55 +45 20 43.4          18.1 Vo~18eFB38
i3103K13W67T KC2014 09 08.78227 15 12 40.49 +45 20 57.6          18.2 Vo~18eFB38
i3103K13W67T KC2014 09 08.78753 15 12 39.69 +45 21 08.7          18.1 Vo~18eFB38
i3103K13W67T KC2014 09 08.79314 15 12 38.83 +45 21 20.8          18.1 Vo~18eFB38
i3103K13W67T KC2014 09 08.79921 15 12 37.95 +45 21 33.5          18.0 Vo~18eFB38
i3103K13W67T  C2014 09 11.50574 15 06 29.16 +46 50 53.3          17.3 Ro~1I2P300
i3103K13W67T  C2014 09 11.50975 15 06 28.69 +46 50 59.5          17.6 Ro~1I2P300
i3103K13W67T  C2014 09 11.51081 15 06 28.58 +46 51 01.2          17.0 Ro~1I2P300
i3103K13W67T KC2014 09 18.00900 14 52 19.50 +49 11 14.8                q~18eFI15
i3103K13W67T KC2014 09 18.01333 14 52 18.88 +49 11 18.8                q~18eFI15
i3103K13W67T KC2014 09 18.01765 14 52 18.32 +49 11 21.7                q~18eFI15
i3103K13W67T  C2014 09 25.09267 14 37 05.86 +50 21 13.2          17.7 Ro~1977G48
i3103K13W67T  C2014 09 25.09355 14 37 05.81 +50 21 13.3          17.7 Ro~1977G48
i3103K13W67T  C2014 09 25.09446 14 37 05.65 +50 21 13.6          18.0 Ro~1977G48
i3103K13W67T  C2014 09 25.09538 14 37 05.53 +50 21 13.9          17.7 Ro~1977G48
i3103K13W67T  C2014 09 25.09631 14 37 05.39 +50 21 13.8          18.0 Ro~1977G48
i3103K13W67T |C2015 01 10.34886 14 22 00.04 -13 29 30.9          19.0 Vu~1GN2807
i3103K13W67T |C2015 01 10.35206 14 22 00.37 -13 29 40.8          19.5 Vu~1GN2807
i3103K13W67T |C2015 01 10.35541 14 22 00.69 -13 29 51.3          19.3 Vu~1GN2807
i3103K13W67T |C2015 01 10.35849 14 22 00.99 -13 30 01.2          19.6 Vu~1GN2807
i3103K13W67T |C2015 01 10.36182 14 22 01.25 -13 30 11.9          18.6 Vu~1GN2807
i3103K13W67T |C2015 02 12.38028 15 27 39.57 -41 04 40.8          19.3 Vu~1Iv1807
i3103K13W67T |C2015 02 12.38566 15 27 40.27 -41 04 56.2          19.5 Vu~1Iv1807
i3103K13W67T |C2015 02 12.39108 15 27 40.99 -41 05 11.7          19.7 Vu~1Iv1807
i3103K13W67T |C2015 03 15.39785 16 50 37.81 -63 15 31.9          19.3 Vu~1N80807
i3103K13W67T |C2015 03 15.40300 16 50 38.73 -63 15 43.7          18.9 Vu~1N80807
i3103K13W67T |C2015 03 15.40842 16 50 39.69 -63 15 55.9          19.2 Vu~1N80807
i3103K13W67T |C2015 06 09.95193 09 18 46.32 -80 46 01.9          18.2 Vu~1T1r807
i3103K13W67T |C2015 06 09.95498 09 18 47.63 -80 45 58.4          18.2 Vu~1T1r807
i3103K13W67T |C2015 06 09.95815 09 18 48.96 -80 45 54.7          18.1 Vu~1T1r807
i3103K13W67T |C2015 06 09.96134 09 18 50.29 -80 45 51.1          18.1 Vu~1T1r807
i3103K13W67T |C2015 06 09.96441 09 18 51.62 -80 45 47.4          18.2 Vu~1T1r807
i3103K13W67T |C2015 06 15.95005 10 03 07.75 -78 48 29.0          18.4 Vu~1TSf807
i3103K13W67T |C2015 06 15.95464 10 03 09.54 -78 48 23.0          18.6 Vu~1TSf807
i3103K13W67T |C2015 06 15.95934 10 03 11.40 -78 48 16.7          18.3 Vu~1TSf807
i3103K13W67T |C2015 06 16.95061 10 10 13.48 -78 27 33.9          18.2 Vu~1TSf807
i3103K13W67T |C2015 06 16.95298 10 10 14.39 -78 27 30.8          18.2 Vu~1TSf807
i3103K13W67T |C2015 06 16.95535 10 10 15.31 -78 27 27.7          18.3 Vu~1TSf807
i3103K13W67T |C2015 06 16.95789 10 10 16.30 -78 27 24.3          18.2 Vu~1TSf807
i3103K13W67T |C2015 06 16.96045 10 10 17.31 -78 27 21.0          18.3 Vu~1TSf807
i3103K13W67T |C2015 06 29.96784 11 35 40.28 -73 12 32.4          18.2 Vu~1UFp807
i3103K13W67T |C2015 06 29.97080 11 35 41.29 -73 12 27.3          18.3 Vu~1UFp807
i3103K13W67T |C2015 06 29.97381 11 35 42.31 -73 12 22.3          18.2 Vu~1UFp807
i3103K13W67T |C2015 06 29.97686 11 35 43.35 -73 12 17.1          18.1 Vu~1UFp807
i3103K13W67T |C2015 06 29.97986 11 35 44.39 -73 12 11.9          18.1 Vu~1UFp807
i3103K13W67T |C2015 07 21.95561 13 33 05.96 -60 27 07.9          17.9 Vu~1Ubc807
i3103K13W67T |C2015 07 21.95870 13 33 06.71 -60 27 00.6          17.8 Vu~1Ubc807
i3103K13W67T |C2015 07 21.96180 13 33 07.58 -60 26 52.7          18.1 Vu~1Ubc807
i3103K13W67T |C2015 07 22.95837 13 37 43.56 -59 44 46.9          17.9 Vu~1Ubc807
i3103K13W67T |C2015 07 22.96077 13 37 44.18 -59 44 40.8          18.1 Vu~1Ubc807
i3103K13W67T |C2015 07 22.96326 13 37 44.79 -59 44 34.0          17.9 Vu~1Ubc807
i3103K13W67T |C2015 07 22.96553 13 37 45.36 -59 44 28.1          17.8 Vu~1Ubc807
i3103K13W67T |C2015 07 22.96805 13 37 46.07 -59 44 22.0          18.8 Vu~1Ubc807
