     K13B18S* C2013 01 18.36396 09 28 54.66 +14 09 04.5          20.8 Vr~0o3gG96
     K13B18S  C2013 01 18.36978 09 28 53.47 +14 09 05.0          20.8 Vr~0o3gG96
     K13B18S  C2013 01 18.37571 09 28 52.28 +14 09 06.0          20.7 Vr~0o3gG96
     K13B18S  C2013 01 18.38159 09 28 51.06 +14 09 06.0          20.6 Vr~0o3gG96
     K13B18S  C2013 01 18.49688 09 28 27.64 +14 09 14.5          21.5 Vr~0o3gG96
     K13B18S  C2013 01 18.49973 09 28 27.05 +14 09 14.7          20.9 Vr~0o3gG96
     K13B18S  C2013 01 18.55241 09 28 16.58 +14 09 17.3          21.7 Vr~0o3gG96
     K13B18S  C2013 01 18.55318 09 28 16.41 +14 09 18.3          21.4 Vr~0o3gG96
     K13B18S  C2013 01 19.36431 09 25 42.91 +14 10 32.2          20.4 Rt~0o3gH01
     K13B18S  C2013 01 19.36791 09 25 42.19 +14 10 32.4          20.4 Rt~0o3gH01
     K13B18S  C2013 01 19.37935 09 25 39.91 +14 10 33.4          20.7 Rt~0o3gH01
     K13B18S  C2013 01 19.38565 09 25 38.65 +14 10 34.0          20.3 Rt~0o3gH01
     K13B18S KC2013 01 21.51433 09 19 04.16 +14 13 43.7          20.3 Ro~0o3g291
     K13B18S KC2013 01 21.51643 09 19 03.77 +14 13 43.8          20.6 Ro~0o3g291
     K13B18S KC2013 01 21.51852 09 19 03.40 +14 13 44.1          20.4 Ro~0o3g291
     K13B18S KC2013 01 22.48007 09 16 12.48 +14 15 11.6          20.7 Ro~0o3g291
     K13B18S KC2013 01 22.48225 09 16 12.14 +14 15 11.6          20.6 Ro~0o3g291
     K13B18S KC2013 01 22.48443 09 16 11.68 +14 15 11.6          20.6 Ro~0o3g291
     K13B18S KC2013 01 31.43378 08 53 15.19 +14 27 50.4          21.0 Ro~0oGn291
     K13B18S KC2013 01 31.43665 08 53 14.75 +14 27 50.6          20.8 Ro~0oGn291
     K13B18S KC2013 01 31.43950 08 53 14.44 +14 27 50.7          21.0 Ro~0oGn291
     K13B18S 2C2013 02 09.47927508 36 56.362+14 37 47.42         21.8 Rt~0oRz568
     K13B18S 2C2013 02 09.48315708 36 56.003+14 37 47.61         21.9 Rt~0oRz568
     K13B18S 2C2013 02 09.48754508 36 55.596+14 37 47.76         21.6 Rt~0oRz568
