     K13E28D* C2013 03 07.21735 05 17 38.04 +24 03 38.5          19.7 Vu~0psaG96
     K13E28D  C2013 03 07.22260 05 17 43.51 +24 03 50.2          20.5 Vu~0psaG96
     K13E28D  C2013 03 07.22788 05 17 49.09 +24 04 02.8          20.1 Vu~0psaG96
     K13E28D  C2013 03 07.23311 05 17 54.56 +24 04 14.9          20.3 Vu~0psaG96
     K13E28D  C2013 03 07.23844 05 18 00.10 +24 04 26.5          20.7 Vu~0psaG96
     K13E28D  C2013 03 07.30049 05 19 05.28 +24 06 46.9                u~0psaG96
     K13E28D  C2013 03 07.30105 05 19 05.92 +24 06 49.4                u~0psaG96
     K13E28D  C2013 03 07.30215 05 19 07.02 +24 06 52.3          21.2 Vu~0psaG96
     K13E28D  C2013 03 08.09857 05 32 54.05 +24 34 57.0          20.2 Vu~0psaG96
     K13E28D  C2013 03 08.09912 05 32 54.57 +24 34 58.3                u~0psaG96
     K13E28D  C2013 03 08.09968 05 32 55.15 +24 34 59.0          20.3 Vu~0psaG96
     K13E28D  C2013 03 08.10767 05 33 03.13 +24 35 14.3          20.7 Vu~0psaG96
     K13E28D  C2013 03 08.10823 05 33 03.70 +24 35 15.1          20.8 Vu~0psaG96
     K13E28D  C2013 03 08.10880 05 33 04.28 +24 35 16.3          21.0 Vu~0psaG96
     K13E28D  C2013 03 08.10935 05 33 04.86 +24 35 17.8          19.9 Vu~0psaG96
     K13E28D KC2013 03 08.81097 05 44 44.63 +24 54 59.9          21.2 Rq~0psa493
     K13E28D KC2013 03 08.81247 05 44 46.05 +24 55 02.2          20.2 Rq~0psa493
     K13E28D KC2013 03 08.81398 05 44 47.51 +24 55 04.8                q~0psa493
     K13E28D KC2013 03 09.04892105 48 36.03 +25 00 44.4          20.6 Vu~0psaH21
     K13E28D KC2013 03 09.05356405 48 40.44 +25 00 50.9          21.1 Vu~0psaH21
     K13E28D KC2013 03 09.06000505 48 46.57 +25 00 59.5          20.7 Vu~0psaH21
     K13E28D KC2013 03 12.14987 06 33 56.81 +25 39 38.7          20.2 Ro~0psa291
     K13E28D KC2013 03 12.15377 06 33 59.80 +25 39 39.4          20.2 Ro~0psa291
     K13E28D KC2013 03 13.19975 06 47 13.64 +25 40 51.2          20.2 Ro~0psa291
     K13E28D KC2013 03 13.20224 06 47 15.41 +25 40 50.7          20.2 Ro~0psa291
     K13E28D KC2013 03 13.20468 06 47 17.19 +25 40 50.6          20.2 Ro~0psa291
     K13E28D KC2013 03 16.14811907 19 28.62 +25 24 34.0                t~0qCZ711
     K13E28D KC2013 03 16.15237707 19 31.06 +25 24 31.8          20.4 Rt~0qCZ711
     K13E28D KC2013 03 16.15646007 19 33.41 +25 24 29.6          20.2 Rt~0qCZ711
     K13E28D KC2013 03 16.16041507 19 35.68 +25 24 27.5          20.9 Rt~0qCZ711
     K13E28D KC2013 03 16.16442907 19 37.99 +25 24 25.0          21.1 Rt~0qCZ711
     K13E28D  C2013 03 17.12204 07 28 39.87 +25 14 52.0          20.1 Rt~0qCZH01
     K13E28D  C2013 03 17.12516 07 28 41.54 +25 14 50.0          20.3 Rt~0qCZH01
     K13E28D  C2013 03 17.13403 07 28 46.27 +25 14 44.3          20.2 Rt~0qCZH01
     K13E28D  C2013 03 17.14253 07 28 50.80 +25 14 38.5          20.8 Rt~0qCZH01
     K13E28D KC2013 03 18.10534 07 37 17.55 +25 03 43.3          20.9 Ro~0qCZ291
     K13E28D KC2013 03 18.10781 07 37 18.81 +25 03 41.9          20.9 Ro~0qCZ291
     K13E28D KC2013 03 18.11026 07 37 20.00 +25 03 40.0          21.0 Ro~0qCa291
     K13E28D KC2013 03 29.05519408 43 05.39 +22 30 47.8          22.1 Vu~0qTdH21
     K13E28D KC2013 03 29.07007108 43 09.08 +22 30 35.6          21.8 Vu~0qTdH21
     K13E28D KC2013 03 29.08514108 43 12.81 +22 30 22.7          22.1 Vu~0qTdH21
     K13E28D ^C2013 04 10.25236 09 23 36.94 +19 53 06.8                o~0swV695
     K13E28D ^C2013 04 10.25775 09 23 37.75 +19 53 03.7          22.1 Ro~0swV695
     K13E28D ^C2013 04 10.26314 09 23 38.58 +19 52 59.0          22.3 Ro~0swV695
     K13E28D ^C2013 04 11.29274 09 26 19.50 +19 40 43.1          21.7 Ro~0swV695
     K13E28D ^C2013 04 11.29671 09 26 20.11 +19 40 40.8          21.9 Ro~0swV695
     K13E28D ^C2013 04 11.30069 09 26 20.70 +19 40 37.8          22.0 Ro~0swV695
     K13E28D 2C2013 05 08.35244610 20 24.532+14 50 00.71         23.9 Rt~0t6G568
     K13E28D 2C2013 05 08.36314110 20 25.581+14 49 54.25         23.6 Rt~0t6G568
     K13E28D 2C2013 05 08.37453110 20 26.701+14 49 47.17         23.3 Rt~0t6G568
     K13E28D 2C2013 07 06.27679411 49 01.205+05 05 42.32         26.0 Rt~0t6G568
     K13E28D 2C2014 06 25.47347816 22 45.032-12 52 47.00         24.6 Rt~16EB568
     K13E28D 2C2014 06 25.48432316 22 43.840-12 52 45.46         23.4 Rt~16EB568
     K13E28D 2C2014 07 03.35450916 09 24.449-12 38 41.73         24.0 Rt~16EB568
     K13E28D 2C2014 07 03.36191716 09 23.726-12 38 41.27         24.7 Rt~16EB568
     K13E28D 2C2014 07 03.36931016 09 23.013-12 38 40.72         24.7 Rt~16EB568
     K13E28D 2C2014 07 03.37671916 09 22.282-12 38 39.93         24.0 Rt~16EB568
     K13E28D KC2015 02 09.51864 15 10 44.32 -17 05 03.9          21.7 Ro~1Iuo291
     K13E28D KC2015 02 09.52148 15 10 43.22 -17 04 57.3          20.8 Ro~1Iuo291
     K13E28D KC2015 02 09.52436 15 10 42.10 -17 04 49.9          20.7 Ro~1Iuo291
     K13E28D  C2015 03 18.09357 12 09 41.96 +06 18 27.7          20.5 Rc~1PFRJ04
     K13E28D  C2015 03 18.10526 12 09 39.74 +06 18 43.2          21.1 Rc~1PFRJ04
     K13E28D  C2015 03 24.48601 11 52 10.147+08 13 44.78         21.1 wL~1OUUF51
     K13E28D  C2015 03 24.49749 11 52 08.445+08 13 54.97         21.2 wL~1OUUF51
     K13E28D  C2015 03 24.50894 11 52 06.729+08 14 05.03         21.1 wL~1OUUF51
     K13E28D  C2015 03 24.52042 11 52 05.031+08 14 15.05         21.2 wL~1OUUF51
