     K13X22A* C2013 12 13.34467 08 21 24.26 +20 29 45.8          20.4 Vq~0yOTG96
     K13X22A  C2013 12 13.35263 08 21 22.33 +20 29 58.1          20.2 Vq~0yOTG96
     K13X22A  C2013 12 13.36059 08 21 20.44 +20 30 09.8          20.1 Vq~0yOTG96
     K13X22A  C2013 12 13.36856 08 21 18.54 +20 30 20.6          20.4 Vq~0yOTG96
     K13X22A  C2013 12 13.40981 08 21 08.66 +20 31 20.1          19.8 Vq~0yOTG96
     K13X22A  C2013 12 13.41777 08 21 06.62 +20 31 32.7          20.1 Vq~0yOTG96
     K13X22A  C2013 12 13.42575 08 21 04.69 +20 31 44.3          20.3 Vq~0yOTG96
     K13X22A  C2013 12 13.43371 08 21 02.76 +20 31 55.5          20.0 Vq~0yOTG96
     K13X22A KC2013 12 13.44032708 21 00.04 +20 31 56.7                u~0yOTH21
     K13X22A KC2013 12 13.44334808 20 59.35 +20 32 00.8          20.6 Vu~0yOTH21
     K13X22A KC2013 12 13.44635508 20 58.65 +20 32 05.1          20.6 Vu~0yOTH21
     K13X22A KC2013 12 14.04905 08 18 46.61 +20 46 13.4                q~0yOTJ95
     K13X22A KC2013 12 14.05948 08 18 44.09 +20 46 28.3          20.1 Rq~0yOTJ95
     K13X22A  C2013 12 14.28947 08 17 53.87 +20 52 05.8          20.5 Vq~0yOTG96
     K13X22A  C2013 12 14.29582 08 17 52.39 +20 52 14.4          20.6 Vq~0yOTG96
     K13X22A  C2013 12 14.30216 08 17 50.86 +20 52 24.0          20.5 Vq~0yOTG96
     K13X22A  C2013 12 14.30851 08 17 49.29 +20 52 33.6          20.4 Vq~0yOTG96
     K13X22A  C2013 12 15.30684208 14 02.18 +21 15 51.8          19.6 Rt~0yOTH01
     K13X22A  C2013 12 15.31105108 14 01.16 +21 15 57.8          19.8 Rt~0yOTH01
     K13X22A  C2013 12 15.32154208 13 58.57 +21 16 12.9          20.0 Rt~0yOTH01
     K13X22A  C2013 12 15.33178108 13 56.05 +21 16 27.7          20.1 Rt~0yOTH01
     K13X22A KC2013 12 23.49110 07 41 27.50 +24 08 01.6          19.2 Ro~0yOT291
     K13X22A KC2013 12 23.49232 07 41 27.21 +24 08 03.5          19.5 Ro~0yOT291
     K13X22A KC2013 12 23.49354 07 41 26.90 +24 08 04.8          19.5 Ro~0yOT291
     K13X22A  C2013 12 28.20708 07 22 43.14 +25 26 02.9          20.7 Vo~0ylZ691
     K13X22A  C2013 12 28.22485 07 22 38.78 +25 26 19.6          20.1 Vo~0ylZ691
     K13X22A  C2013 12 28.24262 07 22 34.36 +25 26 36.2          19.9 Vo~0ylZ691
     K13X22A KC2013 12 28.35142 07 22 06.33 +25 28 08.9          19.9 Rq~0ylZH36
     K13X22A KC2013 12 28.35649 07 22 05.03 +25 28 12.8          19.7 Rq~0ylZH36
     K13X22A 2C2014 01 11.35030006 36 10.793+27 34 36.81         20.9 Rt~0zj4568
     K13X22A 2C2014 01 11.35156506 36 10.581+27 34 37.18         20.7 Rt~0zj4568
     K13X22A 2C2014 01 11.35274006 36 10.386+27 34 37.54         20.9 Rt~0zj4568
