     K13V17D* C2013 11 14.24215 05 20 32.88 +21 03 09.5          18.6 Vq~0xSbG96
     K13V17D  C2013 11 14.26065 05 20 32.56 +20 58 00.8          18.5 Vq~0xSbG96
     K13V17D  C2013 11 14.26849 05 20 32.33 +20 55 51.1          18.9 Vq~0xSbG96
     K13V17D  C2013 11 14.33276 05 20 29.05 +20 38 22.8          19.2 Vq~0xSbG96
     K13V17D  C2013 11 14.33339 05 20 28.99 +20 38 13.0          19.0 Vq~0xSbG96
     K13V17D  C2013 11 14.33464 05 20 28.91 +20 37 52.6          19.4 Vq~0xSbG96
     K13V17D KC2013 11 14.41981605 20 14.12 +20 14 07.9          19.5 Vr~0xSbH21
     K13V17D KC2013 11 14.42541705 20 14.08 +20 12 39.3          19.5 Vr~0xSbH21
     K13V17D KC2013 11 14.42992605 20 13.95 +20 11 28.5          19.5 Vr~0xSbH21
     K13V17D KC2013 11 14.92036 05 21 28.48 +18 24 34.9                q~0xSbJ95
     K13V17D KC2013 11 14.92930 05 21 28.46 +18 23 01.9                q~0xSbJ95
     K13V17D KC2013 11 14.94061 05 21 28.45 +18 21 03.1          19.8 Rq~0xSbJ95
     K13V17D  C2013 11 15.30087 05 21 46.06 +17 25 02.6                o~0xSb711
     K13V17D  C2013 11 15.30273 05 21 45.92 +17 24 46.4                o~0xSb711
     K13V17D  C2013 11 15.35538 05 21 41.80 +17 17 17.5                o~0xSb711
     K13V17D  C2013 11 15.35917 05 21 41.49 +17 16 45.6                o~0xSb711
     K13V17D KC2013 11 15.39486 05 21 36.59 +17 10 54.4          19.8 Rq~0xSbH36
     K13V17D KC2013 11 15.40956 05 21 35.58 +17 08 48.3          20.4 Rq~0xSbH36
     K13V17D 2C2013 11 26.47473605 21 55.690+11 00 57.12         24.0 Rt~0xSb568
     K13V17D 2C2013 11 26.51538905 21 53.684+11 00 40.97         23.6 Rt~0xSb568
     K13V17D 2C2013 12 03.49986705 19 53.317+10 39 39.73         24.0 Rt~0y6O568
     K13V17D 2C2013 12 03.50720005 19 53.026+10 39 39.34         24.4 Rt~0y6O568
     K13V17D 2C2013 12 03.51450105 19 52.738+10 39 38.96         24.1 Rt~0y6O568
     K13V17D 2C2013 12 03.52180905 19 52.453+10 39 38.55         24.0 Rt~0y6O568
     K13V17D 2C2013 12 03.52912205 19 52.171+10 39 38.13         24.1 Rt~0y6O568
     K13V17D 2C2013 12 10.53514005 17 58.252+10 46 33.12         24.8 Rt~0yNk568
