j4177K11Q22X* C2011 08 23.34843 21 40 02.259+35 38 25.78         21.2 gL~0XcAF51
j4177K11Q22X  C2011 08 23.36058 21 40 01.217+35 38 26.30         20.8 rL~0XcAF51
j4177K11Q22X  C2011 08 23.37106 21 40 00.312+35 38 26.83         20.8 rL~0XcAF51
j4177K11Q22X KC2011 08 27.09829321 34 45.20 +35 38 54.4          20.6 Vt~0XcAH21
j4177K11Q22X KC2011 08 27.11526621 34 43.78 +35 38 53.7          21.0 Vt~0XcAH21
j4177K11Q22X KC2011 08 27.12182521 34 43.19 +35 38 53.7          21.2 Vt~0XcAH21
j4177K11Q22X KC2011 08 27.12760921 34 42.71 +35 38 53.5          20.7 Vt~0XcAH21
j4177K13G35J*QC2013 04 06.74330 20 24 08.53 -46 17 52.7          19.2 Vq~0qlpE12
j4177K13G35J QC2013 04 06.75224 20 24 09.06 -46 17 49.7          19.6 Vq~0qlpE12
j4177K13G35J QC2013 04 06.76121 20 24 09.68 -46 17 46.7          19.6 Vq~0qlpE12
j4177K13G35J QC2013 04 06.77008 20 24 10.23 -46 17 43.4          19.6 Vq~0qlpE12
j4177K13G35J QC2013 04 06.80875 20 24 12.68 -46 17 29.6          19.4 Vq~0qlpE12
j4177K13G35J KC2013 04 07.29227 20 24 44.12 -46 14 29.9          19.1 Vu~0qlqI39
j4177K13G35J KC2013 04 07.31401 20 24 45.56 -46 14 22.6          19.1 Vu~0qlqI39
j4177K13G35J |C2013 04 07.33142 20 24 46.63 -46 14 16.0          19.8 Vu~0qlq807
j4177K13G35J |C2013 04 07.33388 20 24 46.78 -46 14 15.1          19.8 Vu~0qlq807
j4177K13G35J KC2013 04 07.33536 20 24 46.78 -46 14 15.1          19.2 Vu~0qlqI39
j4177K13G35J |C2013 04 07.33635 20 24 46.94 -46 14 14.5          19.9 Vu~0qlq807
j4177K13G35J |C2013 04 07.33882 20 24 47.13 -46 14 14.4          19.7 Vu~0qlq807
j4177K13G35J |C2013 04 07.34129 20 24 47.25 -46 14 12.5          19.6 Vu~0qlq807
j4177K13G35J 1C2013 04 07.68769 20 25 09.30 -46 12 04.9                c~0qlqQ62
j4177K13G35J 1C2013 04 07.68962 20 25 09.42 -46 12 04.3                c~0qlqQ62
j4177K13G35J 1C2013 04 07.69155 20 25 09.52 -46 12 03.6          19.2 Vc~0qlqQ62
j4177K13G35J QC2013 04 07.69305 20 25 09.64 -46 12 03.2          19.4 Vq~0qlqE12
j4177K13G35J |C2013 04 08.35717 20 25 50.92 -46 08 02.8          19.7 Vu~0qlq807
j4177K13G35J |C2013 04 08.35963 20 25 51.08 -46 08 02.1          19.3 Vu~0qlq807
j4177K13G35J |C2013 04 08.36179 20 25 51.20 -46 08 01.3          19.7 Vu~0qlq807
j4177K13G35J |C2013 04 08.36409 20 25 51.25 -46 08 01.0          20.2 Vu~0qlq807
j4177K13G35J |C2013 04 08.36640 20 25 51.45 -46 07 59.8          20.1 Vu~0qlq807
j4177K13G35J  C2013 04 08.38751320 25 52.78 -46 07 52.4          19.2 Rt~0qlqW87
j4177K13G35J  C2013 04 08.39076620 25 52.93 -46 07 51.2          19.2 Rt~0qlqW87
j4177K13G35J  C2013 04 08.39401220 25 53.11 -46 07 50.1          19.2 Rt~0qlqW87
j4177K13G35J  C2013 04 08.39725120 25 53.31 -46 07 49.0          19.2 Rt~0qlqW87
j4177K13G35J  C2013 04 08.40049620 25 53.48 -46 07 47.8          19.2 Rt~0qlqW87
j4177K13G35J  C2013 04 08.40373520 25 53.70 -46 07 46.6          19.2 Rt~0qlqW87
j4177K13G35J QC2013 04 08.76895 20 26 15.91 -46 05 34.8          19.8 Vq~0qlqE12
j4177K13G35J QC2013 04 09.80320 20 27 16.87 -45 59 27.3          19.6 Vq~0qlqE12
j4177K13G35J 2C2013 04 10.64567720 28 04.499-45 54 34.96         19.4 Rt~0r6P568
j4177K13G35J QC2013 04 10.70219 20 28 07.79 -45 54 10.4          19.4 Vq~0qlqE12
j4177K13G35J QC2013 04 10.80916 20 28 13.49 -45 53 35.0                q~0qlqE12
j4177K13G35J |C2013 04 11.31969 20 28 41.42 -45 50 36.8          19.5 Vu~0qlq807
j4177K13G35J |C2013 04 11.32277 20 28 41.59 -45 50 36.1          19.3 Vu~0qlq807
j4177K13G35J |C2013 04 11.32584 20 28 41.76 -45 50 35.1          19.8 Vu~0qlq807
j4177K13G35J  C2013 04 11.38401520 28 44.78 -45 50 15.9          19.1 Rt~0qlqW85
j4177K13G35J  C2013 04 11.38754820 28 44.96 -45 50 14.8          19.2 Rt~0qlqW85
j4177K13G35J  C2013 04 11.39106720 28 45.14 -45 50 13.6          19.1 Rt~0qlqW85
j4177K13G35J  C2013 04 11.39458320 28 45.32 -45 50 12.5          19.2 Rt~0qlqW85
j4177K13G35J  C2013 04 11.39810020 28 45.51 -45 50 11.2          19.2 Rt~0qlqW85
j4177K13G35J QC2013 04 11.67087 20 29 00.20 -45 48 36.0          19.7 Vq~0qlqE12
j4177K13G35J QC2013 04 12.79968 20 29 57.85 -45 42 15.2          19.4 Vq~0r6PE12
j4177K13G35J QC2013 04 12.80343 20 29 57.99 -45 42 13.9          19.1 Vq~0r6PE12
j4177K13G35J  C2013 04 16.08571320 32 27.16 -45 24 23.0          19.3 Vt~0r6PK93
j4177K13G35J  C2013 04 16.09299920 32 27.49 -45 24 20.6          19.6 Vt~0r6PK93
j4177K13G35J  C2013 04 16.10028820 32 27.73 -45 24 18.7          19.5 Vt~0r6PK93
j4177K13G35J  C2013 04 16.10756220 32 28.04 -45 24 16.2          19.8 Vt~0r6PK93
j4177K13G35J  C2013 04 16.11120420 32 28.18 -45 24 15.4          19.4 Vt~0r6PK93
j4177K13G35J  C2013 04 16.11484420 32 28.32 -45 24 14.1          19.3 Vt~0r6PK93
j4177K13G35J  C2013 04 17.36678520 33 17.45 -45 17 43.1          19.2 Rt~0r6PW85
j4177K13G35J  C2013 04 17.37043720 33 17.58 -45 17 41.9          19.1 Rt~0r6PW85
j4177K13G35J  C2013 04 17.37407620 33 17.71 -45 17 40.9          19.1 Rt~0r6PW85
j4177K13G35J  C2013 04 17.37771820 33 17.84 -45 17 39.8          19.1 Rt~0r6PW85
j4177K13G35J  C2013 04 17.38136320 33 17.96 -45 17 38.7          19.1 Rt~0r6PW85
j4177K13G35J  C2013 04 17.38500120 33 18.09 -45 17 37.6          19.1 Rt~0r6PW85
j4177K13G35J  C2013 04 17.38863520 33 18.22 -45 17 36.5          19.1 Rt~0r6PW85
j4177K13G35J  C2013 04 17.39227620 33 18.35 -45 17 35.5          19.2 Rt~0r6PW85
j4177K13G35J  C2013 04 17.39591320 33 18.47 -45 17 34.4          19.1 Rt~0r6PW85
j4177K13G35J  C2013 04 17.39955120 33 18.60 -45 17 33.4          19.1 Rt~0r6PW85
j4177K13G35J  C2013 04 17.40319320 33 18.73 -45 17 32.2          19.1 Rt~0r6PW85
j4177K13G35J QC2013 04 17.80545 20 33 33.53 -45 15 28.5          19.5 Vq~0r6PE12
j4177K13G35J QC2013 04 17.80917 20 33 33.64 -45 15 27.7          19.6 Vq~0r6PE12
j4177K13G35J |C2013 04 22.41607 20 35 51.87 -44 52 58.9          19.9 Vu~0rKx807
j4177K13G35J |C2013 04 22.42027 20 35 51.95 -44 52 57.7          19.9 Vu~0rKx807
j4177K13G35J |C2013 04 22.42448 20 35 52.05 -44 52 56.4          19.8 Vu~0rKx807
j4177K13G35J QC2013 04 25.81441 20 36 55.61 -44 37 41.4          19.6 Vq~0rWcE12
j4177K13G35J |C2013 05 03.35345 20 37 16.29 -44 07 24.0          19.7 Vu~0rWc807
j4177K13G35J |C2013 05 03.35707 20 37 16.24 -44 07 23.0          19.9 Vu~0rWc807
j4177K13G35J |C2013 05 03.36070 20 37 16.22 -44 07 22.4          19.3 Vu~0rWc807
j4177K13G35J KC2013 05 07.62802 20 36 09.78 -43 52 05.7          19.3 Ro~0rzY474
j4177K13G35J KC2013 05 07.63013 20 36 09.74 -43 52 05.4          19.1 Ro~0rzY474
j4177K13G35J KC2013 05 07.66321 20 36 08.92 -43 51 58.9          19.0 Ro~0rzY474
j4177K13G35J KC2013 05 07.66531 20 36 08.88 -43 51 58.5          19.2 Ro~0rzY474
j4177K13G35J QC2013 05 17.79720 20 29 28.16 -43 18 32.9          19.3 Vq~0rzYE12
j4177K13G35J  C2013 06 12.57604 19 47 10.84 -41 12 46.0          19.4 Vo~0scPE23
j4177K13G35J  C2013 06 12.58299 19 47 09.93 -41 12 42.4          19.2 Vo~0scPE23
j4177K13G35J  C2013 06 12.58993 19 47 08.96 -41 12 39.5          19.3 Vo~0scPE23
j4177K13G35J |C2013 07 18.05373 18 29 21.73 -33 33 15.8          18.9 Vu~0tBo807
j4177K13G35J |C2013 07 18.05619 18 29 21.50 -33 33 13.5          18.5 Vu~0tBo807
j4177K13G35J |C2013 07 18.06083 18 29 20.99 -33 33 09.7          19.2 Vu~0tBo807
j4177K13G35J |C2013 07 18.06300 18 29 20.75 -33 33 07.8          19.3 Vu~0tBo807
j4177K13G35J |C2013 08 19.96946 17 59 47.99 -25 45 52.1          19.9 Vu~0tmI807
j4177K13G35J |C2013 08 19.97407 17 59 47.94 -25 45 49.0          20.2 Vu~0tmI807
j4177K13G35J |C2013 08 19.97867 17 59 47.86 -25 45 45.7          20.2 Vu~0tmI807
j4177K13G35J |C2013 08 20.06207 17 59 46.67 -25 44 49.0          20.1 Vu~0tmI807
j4177K13G35J |C2013 08 20.06669 17 59 46.60 -25 44 45.9          20.3 Vu~0tmI807
j4177K13G35J KC2014 07 22.28880 21 55 42.23 +26 46 13.4                o~16WX291
j4177K13G35J KC2014 07 22.29383 21 55 41.89 +26 46 15.8                o~16WX291
j4177K13G35J KC2014 07 22.29887 21 55 41.59 +26 46 18.6          20.8 Ro~16WX291
j4177K13G35J KC2015 09 21.14596 08 16 56.46 +45 04 01.1          19.1 Rq~1XvN204
j4177K13G35J KC2015 09 21.15351 08 16 57.94 +45 03 52.1                q~1XvN204
j4177K13G35J KC2015 09 21.16117 08 16 59.42 +45 03 43.4                q~1XvN204
j4177K13G35J  C2015 09 27.48854 08 37 11.24 +42 50 39.6          18.8 Ru~1Xw8926
j4177K13G35J  C2015 09 27.49078 08 37 11.70 +42 50 36.3          19.3 Ru~1Xw8926
j4177K13G35J  C2015 09 27.49301 08 37 12.08 +42 50 33.2          19.0 Ru~1Xw8926
j4177K13G35J  C2015 09 28.47620 08 40 15.78 +42 28 08.2          19.3 Ru~1XvN926
j4177K13G35J  C2015 09 28.47841 08 40 16.15 +42 28 04.9          19.3 Ru~1XvN926
j4177K13G35J  C2015 09 28.48061 08 40 16.60 +42 28 02.3          19.3 Ru~1XvN926
j4177K13G35J  C2015 09 29.45970 08 43 18.16 +42 05 14.4          19.0 Ru~1XvN926
j4177K13G35J  C2015 09 29.46191 08 43 18.56 +42 05 11.4          19.4 Ru~1XvN926
j4177K13G35J  C2015 09 29.46412 08 43 18.91 +42 05 07.6          19.6 Ru~1XvN926
j4177K13G35J  C2015 10 27.44451 10 01 45.95 +27 28 02.9          19.0 Ru~1bHu926
j4177K13G35J  C2015 10 27.45305 10 01 47.29 +27 27 42.4          18.6 Ru~1bHu926
j4177K13G35J  C2015 10 27.46314 10 01 48.79 +27 27 18.2          18.5 Ru~1bHu926
j4177K13G35J KC2015 11 02.15638 10 16 13.68 +23 25 13.5          17.6 Rq~1cHz160
j4177K13G35J KC2015 11 02.15815 10 16 13.95 +23 25 09.5          17.8 Rq~1cHz160
j4177K13G35J KC2015 11 02.16006 10 16 14.21 +23 25 04.2          17.8 Rq~1cHz160
j4177K13G35J  C2015 11 11.48513 10 39 12.79 +15 51 03.1          18.1 Vq~1cHz703
j4177K13G35J  C2015 11 11.49169 10 39 13.69 +15 50 42.5          18.1 Vq~1cHz703
j4177K13G35J  C2015 11 11.49826 10 39 14.68 +15 50 22.1          18.0 Vq~1cHz703
j4177K13G35J  C2015 11 11.50482 10 39 15.54 +15 50 01.2          18.2 Vq~1cHz703
j4177K13G35J  C2015 11 18.50193 10 56 14.14 +09 18 18.1          18.3 Vo~1ddX691
j4177K13G35J  C2015 11 18.51392 10 56 15.85 +09 17 35.4          18.2 Vo~1ddX691
j4177K13G35J  C2015 11 18.52616 10 56 17.60 +09 16 52.0          18.3 Vo~1ddX691
j4177K13G35J  C2015 11 21.51025 11 03 32.33 +06 16 02.9          18.0 Vq~1ddX703
j4177K13G35J  C2015 11 21.51375 11 03 32.81 +06 15 50.0          18.0 Vq~1ddX703
j4177K13G35J  C2015 11 21.51726 11 03 33.27 +06 15 37.1          18.0 Vq~1ddX703
j4177K13G35J  C2015 11 21.52076 11 03 33.85 +06 15 23.7          18.0 Vq~1ddX703
j4177K13G35J  C2015 11 23.62523 11 08 41.808+04 03 01.95         18.3 wL~1eO9F51
j4177K13G35J  C2015 11 23.62992 11 08 42.490+04 02 43.76         18.3 wL~1eO9F51
j4177K13G35J  C2015 11 23.63463 11 08 43.163+04 02 25.83         18.1 wL~1eO9F51
j4177K13G35J KC2015 11 28.19097 11 19 56.48 -00 57 27.6          17.8 Rq~1eO9160
j4177K13G35J KC2015 11 28.19532 11 19 57.11 -00 57 45.7          18.1 Rq~1eO9160
j4177K13G35J KC2015 11 28.19895 11 19 57.65 -00 58 00.8          18.2 Rq~1eO9160
j4177K13G35J |C2015 12 06.34175 11 40 41.62 -10 32 28.2          18.1 Vu~1fMR807
j4177K13G35J |C2015 12 06.34350 11 40 41.89 -10 32 35.9          18.1 Vu~1fMR807
j4177K13G35J |C2015 12 06.34535 11 40 42.17 -10 32 44.0          18.1 Vu~1fMR807
j4177K13G35J |C2015 12 06.34701 11 40 42.43 -10 32 51.3          18.2 Vu~1fMR807
j4177K13G35J |C2015 12 06.34886 11 40 42.71 -10 32 59.4          18.2 Vu~1fMR807
