     K13V04Z* C2013 11 04.43691 03 36 53.629+00 57 08.94         21.4 wL~0wdrF51
     K13V04Z  C2013 11 04.45046 03 36 52.269+00 57 03.11         21.5 wL~0wdrF51
     K13V04Z  C2013 11 04.47765 03 36 49.561+00 56 51.22         21.2 wL~0wdrF51
     K13V04Z =C2013 11 05.48979 03 35 25.20 +00 50 02.0 MPS48542321.1 Rt88409568
     K13V04Z =C2013 11 05.49104 03 35 25.08 +00 50 01.5 MPS48542321.2 Rt88409568
     K13V04Z =C2013 11 05.49229 03 35 24.96 +00 50 01.0 MPS48542321.2 Rt88409568
     K13V04Z  C2013 11 06.36454 03 34 15.20 +00 44 46.4          21.5 Ro~0wdr926
     K13V04Z  C2013 11 06.37928 03 34 13.83 +00 44 41.7          21.7 Ro~0wdr926
     K13V04Z  C2013 11 06.39406 03 34 12.52 +00 44 36.5          21.2 Ro~0wdr926
     K13V04Z KC2013 11 07.26624103 33 05.92 +00 40 05.0          22.1 Vu~0wdrH21
     K13V04Z KC2013 11 07.27573303 33 05.08 +00 40 02.0          21.5 Vu~0wdrH21
     K13V04Z KC2013 11 07.28606603 33 04.20 +00 39 59.3          21.8 Vu~0wdrH21
     K13V04Z  C2013 11 07.39821303 32 55.01 +00 39 29.9          20.7 Rt~0wdrH01
     K13V04Z  C2013 11 07.40150703 32 54.73 +00 39 29.1          21.0 Rt~0wdrH01
     K13V04Z  C2013 11 07.41360803 32 53.69 +00 39 25.5          21.0 Rt~0wdrH01
     K13V04Z  C2013 11 07.41931503 32 53.19 +00 39 23.9          21.5 Rt~0wdrH01
     K13V04Z KC2013 11 08.40174 03 31 40.85 +00 35 15.5          21.1 Ro~0wdr291
     K13V04Z KC2013 11 08.40818 03 31 40.31 +00 35 14.1          21.4 Ro~0wdr291
     K13V04Z KC2013 11 08.41463 03 31 39.80 +00 35 12.2          21.3 Ro~0wdr291
     K13V04Z KC2013 11 09.23948 03 30 43.05 +00 32 17.2          21.3 Ro~0x8D291
     K13V04Z KC2013 11 09.24522 03 30 42.61 +00 32 15.7          20.9 Ro~0x8D291
     K13V04Z KC2013 11 09.25096 03 30 42.13 +00 32 15.0                o~0x8D291
     K13V04Z KC2013 11 10.40176 03 29 22.03 +00 28 59.9          21.2 Ro~0x8D291
     K13V04Z KC2013 11 10.40748 03 29 21.61 +00 29 00.2          21.6 Ro~0x8D291
     K13V04Z KC2013 11 10.41319 03 29 21.19 +00 28 59.3          20.9 Ro~0x8D291
     K13V04Z KC2013 11 12.31309 03 27 21.32 +00 25 37.3          21.2 Ro~0x8D291
     K13V04Z KC2013 11 12.31743 03 27 21.01 +00 25 38.1          21.3 Ro~0x8D291
     K13V04Z KC2013 11 12.32176 03 27 20.69 +00 25 36.9          20.9 Ro~0x8D291
     K13V04Z KC2013 11 28.20124 03 16 49.19 +01 07 49.3                o~0xSW291
     K13V04Z KC2013 11 28.21862 03 16 48.73 +01 07 55.1                o~0xSW291
     K13V04Z KC2013 11 28.23606 03 16 48.28 +01 08 00.9                o~0xSW291
