     K13S24W* C2013 09 27.55584 22 50 09.03 +15 08 47.0          16.3 Ro~0uwaC94
     K13S24W  C2013 09 27.56365 22 50 13.57 +15 09 11.1          16.2 Ro~0uwaC94
     K13S24W  C2013 09 27.57243 22 50 18.72 +15 09 36.1          16.1 Ro~0uwaC94
     K13S24W  C2013 09 27.57368 22 50 19.41 +15 09 39.2          16.3 Ro~0uwaC94
     K13S24W  C2013 09 27.57711 22 50 21.40 +15 09 49.3          15.9 Ro~0uwaC94
     K13S24W  C2013 09 27.58064 22 50 23.47 +15 09 58.8          16.3 Ro~0uwaC94
     K13S24W  C2013 09 27.58400 22 50 25.44 +15 10 08.4          16.2 Ro~0uwaC94
     K13S24W  C2013 09 27.58670 22 50 27.01 +15 10 16.5          16.0 Ro~0uwaC94
     K13S24W  C2013 09 27.81494 22 52 41.27 +15 20 54.9          16.2 Ro~0uwaC41
     K13S24W  C2013 09 27.81693 22 52 42.35 +15 21 00.7                o~0uwaC41
     K13S24W  C2013 09 27.82010 22 52 44.16 +15 21 09.2                o~0uwaC41
     K13S24W KC2013 09 30.74119 23 16 04.81 +16 59 00.2          17.2 Rq~0uwa113
     K13S24W KC2013 09 30.74531 23 16 06.40 +16 59 06.3          17.5 Rq~0uwa113
     K13S24W KC2013 09 30.74944 23 16 07.97 +16 59 12.8          17.3 Rq~0uwa113
     K13S24W 3C2013 09 30.93398 23 17 17.89 +17 04 15.2          17.6 Vq~0uwaG40
     K13S24W 3C2013 09 30.93481 23 17 18.18 +17 04 16.6          17.7 Vq~0uwaG40
     K13S24W 3C2013 09 30.95471 23 17 25.24 +17 04 45.7          17.5 Vq~0uwaG40
     K13S24W 3C2013 09 30.95558 23 17 25.48 +17 04 46.7          17.6 Vq~0uwaG40
     K13S24W  C2013 10 01.05068323 18 03.55 +17 06 41.9          17.7 Vr~0uwaH21
     K13S24W  C2013 10 01.05544523 18 05.26 +17 06 49.0          17.7 Vr~0uwaH21
     K13S24W  C2013 10 01.06020623 18 06.97 +17 06 56.0          17.8 Vr~0uwaH21
     K13S24W  C2013 10 01.06495423 18 08.67 +17 07 03.1          17.8 Vr~0uwaH21
     K13S24W  C2013 10 01.07032123 18 10.57 +17 07 11.2          17.8 Vr~0uwaH21
     K13S24W  C2013 10 01.13713 23 18 35.97 +17 08 48.9          17.8 VP~0x7sU82
     K13S24W  C2013 10 01.16477 23 18 45.64 +17 09 28.8          17.8 VP~0x7sU82
     K13S24W  C2013 10 01.19081 23 18 54.63 +17 10 05.8          17.7 VP~0x7sU82
     K13S24W  C2013 10 01.24457 23 19 13.06 +17 11 21.3          17.8 VP~0x7sU82
     K13S24W  C2013 10 01.77981 23 22 24.07 +17 22 25.7          16.6 Rw~0uwaC36
     K13S24W  C2013 10 01.78012 23 22 24.11 +17 22 25.6          16.3 Rw~0uwaC36
     K13S24W  C2013 10 01.78041 23 22 24.25 +17 22 27.4          16.4 Rw~0uwaC36
     K13S24W  C2013 10 01.78098 23 22 24.40 +17 22 27.5          16.6 Rw~0uwaC36
     K13S24W  C2013 10 01.78186 23 22 24.68 +17 22 29.7          16.6 Rw~0uwaC36
     K13S24W  C2013 10 01.79861 23 22 30.80 +17 22 55.0          17.2 Rv~0uwa461
     K13S24W KC2013 10 01.79903923 22 31.33 +17 22 50.7          17.8 Vu~0uwa510
     K13S24W  C2013 10 01.79919 23 22 30.98 +17 22 55.7          17.2 Rv~0uwa461
     K13S24W  C2013 10 01.79977 23 22 31.17 +17 22 56.4          17.1 Rv~0uwa461
     K13S24W  C2013 10 01.80036 23 22 31.36 +17 22 57.2          16.9 Rv~0uwa461
     K13S24W  C2013 10 01.80095 23 22 31.55 +17 22 57.9          17.2 Rv~0uwa461
     K13S24W  C2013 10 01.80153 23 22 31.73 +17 22 58.7          17.0 Rv~0uwa461
     K13S24W  C2013 10 01.80211 23 22 31.92 +17 22 59.3          17.1 Rv~0uwa461
     K13S24W  C2013 10 01.80270 23 22 32.12 +17 23 00.3          17.1 Rv~0uwa461
     K13S24W  C2013 10 01.80328 23 22 32.29 +17 23 01.0          17.0 Rv~0uwa461
     K13S24W KC2013 10 01.80342623 22 32.77 +17 22 56.5          18.0 Vu~0uwa510
     K13S24W  C2013 10 01.80385 23 22 32.49 +17 23 01.7          17.1 Rv~0uwa461
     K13S24W  C2013 10 01.80443 23 22 32.67 +17 23 02.4          17.1 Rv~0uwa461
     K13S24W  C2013 10 01.80501 23 22 32.87 +17 23 03.0          16.8 Rv~0uwa461
     K13S24W KC2013 10 01.80781323 22 34.22 +17 23 01.9          17.9 Vu~0uwa510
     K13S24W KC2013 10 01.81220123 22 35.65 +17 23 07.5          18.1 Vu~0uwa510
     K13S24W KC2013 10 01.81658723 22 37.08 +17 23 12.9          17.9 Vu~0uwa510
     K13S24W KC2013 10 01.82097423 22 38.52 +17 23 18.6          17.7 Vu~0uwa510
     K13S24W KC2013 10 01.82536123 22 39.94 +17 23 23.9          17.7 Vu~0uwa510
     K13S24W KC2013 10 01.82974723 22 41.35 +17 23 29.7          17.8 Vu~0uwa510
     K13S24W 3C2013 10 02.03124 23 23 46.49 +17 27 56.7          17.4 Vq~0uwaG40
     K13S24W 3C2013 10 02.03207 23 23 46.81 +17 27 57.4          17.4 Vq~0uwaG40
     K13S24W  C2013 10 02.07776923 24 05.58 +17 28 34.0          17.8 Vu~0uwaH21
     K13S24W  C2013 10 02.07989823 24 06.24 +17 28 36.6          17.8 Vu~0uwaH21
     K13S24W  C2013 10 02.08366023 24 07.42 +17 28 41.3          17.8 Vu~0uwaH21
     K13S24W  C2013 10 02.08530323 24 07.94 +17 28 43.3          17.6 Vu~0uwaH21
     K13S24W  C2013 10 02.08906023 24 09.11 +17 28 47.9          17.6 Vu~0uwaH21
     K13S24W  C2013 10 02.09094123 24 09.70 +17 28 50.1          17.7 Vu~0uwaH21
     K13S24W  C2013 10 02.09258423 24 10.22 +17 28 52.2          17.6 Vu~0uwaH21
     K13S24W  C2013 10 02.09873123 24 12.14 +17 28 59.7          17.7 Vu~0uwaH21
     K13S24W  C2013 10 02.10039023 24 12.65 +17 29 01.4          17.8 Vu~0uwaH21
     K13S24W  C2013 10 02.10184523 24 13.10 +17 29 03.3          17.8 Vu~0uwaH21
     K13S24W  C2013 10 02.10329623 24 13.55 +17 29 05.0          17.8 Vu~0uwaH21
     K13S24W  C2013 10 02.10474823 24 13.99 +17 29 06.8          18.0 Vu~0uwaH21
     K13S24W  C2013 10 02.10485 23 24 15.35 +17 29 11.2          17.2 Ru~0uwaG48
     K13S24W  C2013 10 02.10527 23 24 15.47 +17 29 11.4          17.2 Ru~0uwaG48
     K13S24W  C2013 10 02.10566 23 24 15.62 +17 29 12.2          17.3 Ru~0uwaG48
     K13S24W  C2013 10 02.10605 23 24 15.72 +17 29 12.7          17.1 Ru~0uwaG48
     K13S24W  C2013 10 02.10645 23 24 15.86 +17 29 12.9          17.0 Ru~0uwaG48
     K13S24W  C2013 10 02.10684 23 24 15.98 +17 29 13.5          17.2 Ru~0uwaG48
     K13S24W 3C2013 10 02.12825 23 24 16.54 +17 29 42.7          17.7 Vq~0uwaG40
     K13S24W 3C2013 10 02.12910 23 24 16.87 +17 29 43.5          17.7 Vq~0uwaG40
     K13S24W  C2013 10 02.12940 23 24 23.30 +17 29 37.0          17.8 VP~0x7sU82
     K13S24W  C2013 10 02.15454 23 24 31.05 +17 30 07.6          17.8 VP~0x7sU82
     K13S24W  C2013 10 02.18134 23 24 39.36 +17 30 40.0          17.9 VP~0x7sU82
     K13S24W  C2013 10 02.20394 23 24 46.23 +17 31 06.5          17.8 VP~0x7sU82
     K13S24W  C2013 10 02.22944 23 24 53.95 +17 31 36.2          17.9 VP~0x7sU82
     K13S24W  C2013 10 02.76133 23 27 43.55 +17 40 43.9          17.8 Vq~0uwaG34
     K13S24W  C2013 10 02.76507 23 27 44.74 +17 40 47.3          17.8 Vq~0uwaG34
     K13S24W  C2013 10 02.77256 23 27 46.88 +17 40 55.5          18.0 Vq~0uwaG34
     K13S24W  C2013 10 02.77286 23 27 46.81 +17 40 59.2          17.5 Rv~0uwa461
     K13S24W  C2013 10 02.77368 23 27 46.98 +17 41 00.5          17.6 Rv~0uwa461
     K13S24W  C2013 10 02.77449 23 27 47.28 +17 41 00.4          17.5 Rv~0uwa461
     K13S24W  C2013 10 02.77530 23 27 47.47 +17 41 01.6          17.5 Rv~0uwa461
     K13S24W  C2013 10 02.77611 23 27 47.75 +17 41 03.0          17.7 Rv~0uwa461
     K13S24W  C2013 10 02.77641 23 27 47.97 +17 40 59.3          18.0 Vq~0uwaG34
     K13S24W  C2013 10 02.77692 23 27 47.99 +17 41 03.5          17.6 Rv~0uwa461
     K13S24W  C2013 10 02.78019 23 27 48.93 +17 41 07.2          17.3 Rv~0uwa461
     K13S24W  C2013 10 02.78100 23 27 49.17 +17 41 08.3          17.6 Rv~0uwa461
     K13S24W  C2013 10 02.78181 23 27 49.34 +17 41 08.7          17.8 Rv~0uwa461
     K13S24W  C2013 10 02.80565 23 27 56.49 +17 41 31.9                q~0uwa046
     K13S24W  C2013 10 02.80755 23 27 57.03 +17 41 34.0                q~0uwa046
     K13S24W  C2013 10 02.80943 23 27 57.60 +17 41 36.3                q~0uwa046
     K13S24W  C2013 10 02.81043 23 27 57.89 +17 41 37.5                q~0uwa046
     K13S24W KC2013 10 02.83770623 28 05.99 +17 42 03.2          18.1 Vu~0wDG510
     K13S24W KC2013 10 02.84320823 28 07.58 +17 42 08.9          18.2 Vu~0wDG510
     K13S24W KC2013 10 02.84871023 28 09.14 +17 42 14.8          18.1 Vu~0wDG510
     K13S24W KC2013 10 02.85421123 28 10.73 +17 42 20.4          17.9 Vu~0wDG510
     K13S24W KC2013 10 02.85971323 28 12.31 +17 42 25.9          18.0 Vu~0wDG510
     K13S24W  C2013 10 02.94316 23 28 35.56 +17 43 51.5          17.6 Vq~0uwaC47
     K13S24W  C2013 10 02.94722 23 28 36.72 +17 43 55.5          17.8 Vq~0uwaC47
     K13S24W  C2013 10 02.95128 23 28 37.86 +17 43 59.1          17.5 Vq~0uwaC47
     K13S24W  C2013 10 02.95534 23 28 38.98 +17 44 03.0          17.6 Vq~0uwaC47
     K13S24W  C2013 10 02.95902 23 28 40.02 +17 44 07.3          17.7 Vq~0uwaC47
     K13S24W  C2013 10 03.18175 23 29 49.25 +17 47 49.9          17.5 Rq~0uwaG58
     K13S24W  C2013 10 03.18736 23 29 50.79 +17 47 55.3          17.4 Rq~0uwaG58
     K13S24W  C2013 10 03.19138 23 29 51.87 +17 47 59.4          17.0 Rq~0uwaG58
     K13S24W  C2013 10 03.78556 23 32 39.20 +17 56 33.2          16.9 Ru~0uwaC36
     K13S24W  C2013 10 03.78872 23 32 39.99 +17 56 37.0          17.4 Ru~0uwaC36
     K13S24W  C2013 10 03.79012 23 32 40.37 +17 56 38.3          17.3 Ru~0uwaC36
     K13S24W  C2013 10 03.81476 23 32 47.54 +17 57 02.2          17.7 Rq~0uwa246
     K13S24W  C2013 10 03.81608 23 32 47.88 +17 57 03.5                q~0uwa246
     K13S24W  C2013 10 03.81675 23 32 48.06 +17 57 03.7                q~0uwa246
     K13S24W  C2013 10 03.81722 23 32 48.19 +17 57 04.3                q~0uwa246
     K13S24W  C2013 10 03.81766 23 32 48.30 +17 57 04.7                q~0uwa246
     K13S24W  C2013 10 03.81849 23 32 48.51 +17 57 05.5                q~0uwa246
     K13S24W  C2013 10 03.81923 23 32 48.69 +17 57 06.1                q~0uwa246
     K13S24W  C2013 10 03.82003 23 32 48.90 +17 57 06.7                q~0uwa246
     K13S24W  C2013 10 03.82127 23 32 49.22 +17 57 07.8                q~0uwa246
     K13S24W  C2013 10 03.82209 23 32 49.44 +17 57 08.6                q~0uwa246
     K13S24W  C2013 10 03.82262 23 32 49.57 +17 57 09.0                q~0uwa246
     K13S24W  C2013 10 03.83597 23 32 52.99 +17 57 20.2                q~0uwa046
     K13S24W  C2013 10 03.83715 23 32 53.28 +17 57 21.6                q~0uwa046
     K13S24W  C2013 10 03.83929 23 32 53.84 +17 57 23.5                q~0uwa046
     K13S24W  C2013 10 03.84144 23 32 54.40 +17 57 25.5                q~0uwa046
     K13S24W KC2013 10 04.16760 23 34 22.43 +18 02 04.7          17.4 Ro~0uwa291
     K13S24W KC2013 10 04.16884 23 34 22.73 +18 02 05.8          17.6 Ro~0uwa291
     K13S24W KC2013 10 04.17009 23 34 23.03 +18 02 06.8          17.7 Ro~0uwa291
     K13S24W  C2013 10 04.18515 23 34 24.43 +18 02 08.1          17.8 Rt~1305W71
     K13S24W  C2013 10 04.18747 23 34 25.04 +18 02 10.0          17.8 Rt~1305W71
     K13S24W  C2013 10 04.19396 23 34 28.75 +18 02 25.9          17.8 Vq~0uwa703
     K13S24W  C2013 10 04.19808 23 34 27.57 +18 02 17.7          17.8 Rt~1305W71
     K13S24W  C2013 10 04.20021 23 34 28.12 +18 02 19.1          17.6 Rt~1305W71
     K13S24W  C2013 10 04.20123 23 34 30.50 +18 02 32.2          17.9 Vq~0uwa703
     K13S24W  C2013 10 04.20856 23 34 32.25 +18 02 38.0          17.9 Vq~0uwa703
     K13S24W  C2013 10 04.72694 23 36 46.01 +18 08 44.9          18.0  q~0vJPK90
     K13S24W  C2013 10 04.72872 23 36 46.40 +18 08 46.1          17.9  q~0vJPK90
     K13S24W  C2013 10 04.72991 23 36 46.68 +18 08 47.3          18.2  q~0vJPK90
     K13S24W  C2013 10 04.73240 23 36 47.29 +18 08 49.3          18.1  q~0vJPK90
     K13S24W  C2013 10 05.22677 23 38 45.13 +18 14 32.5          17.8  r~0vJP718
     K13S24W  C2013 10 05.23173 23 38 46.20 +18 14 35.1          17.8  r~0vJP718
     K13S24W  C2013 10 05.23668 23 38 47.31 +18 14 38.5          18.2  r~0vJP718
     K13S24W  C2013 10 06.25224 23 42 35.19 +18 24 33.2          17.7  r~0vJP718
     K13S24W  C2013 10 06.25402 23 42 35.48 +18 24 33.9          17.7  r~0vJP718
     K13S24W  C2013 10 06.25758 23 42 36.25 +18 24 36.0          18.1  r~0vJP718
     K13S24W KC2013 10 06.84525 23 44 40.48 +18 29 29.1          18.0 Vq~0vJPG38
     K13S24W KC2013 10 06.90117 23 44 50.93 +18 29 57.7          18.1 Vq~0vJPG38
     K13S24W KC2013 10 06.95742 23 45 01.27 +18 30 24.6          18.0 Vq~0vJPG38
     K13S24W  C2013 10 07.11036 23 45 34.24 +18 31 36.5          18.6 Ro~0vJPG48
     K13S24W  C2013 10 07.11073 23 45 34.32 +18 31 37.0          18.4 Ro~0vJPG48
     K13S24W  C2013 10 07.11229 23 45 34.60 +18 31 38.0          18.5 Ro~0vJPG48
     K13S24W  C2013 10 07.19078 23 45 48.84 +18 32 09.3          18.4  r~0vJP718
     K13S24W  C2013 10 07.19257 23 45 49.16 +18 32 11.0          18.0  r~0vJP718
     K13S24W  C2013 10 07.19613 23 45 49.80 +18 32 12.2          18.6  r~0vJP718
     K13S24W KC2013 10 08.81213 23 50 47.01 +18 42 21.1          18.2 Rq~0vJPB88
     K13S24W  C2013 10 08.81429 23 50 47.06 +18 42 20.1          18.3 Rq~0vJP246
     K13S24W  C2013 10 08.81456 23 50 47.11 +18 42 19.8                q~0vJP246
     K13S24W  C2013 10 08.81782 23 50 47.60 +18 42 20.5                q~0vJP246
     K13S24W  C2013 10 08.81902 23 50 47.81 +18 42 21.1                q~0vJP246
     K13S24W KC2013 10 08.82022 23 50 48.75 +18 42 25.3          18.2 Vq~0vJQG38
     K13S24W KC2013 10 08.82059 23 50 48.36 +18 42 24.0          18.2 Rq~0vJQB88
     K13S24W  C2013 10 08.82122 23 50 48.16 +18 42 22.0                q~0vJQ246
     K13S24W  C2013 10 08.82159 23 50 48.20 +18 42 22.1                q~0vJQ246
     K13S24W  C2013 10 08.82235 23 50 48.33 +18 42 22.5                q~0vJQ246
     K13S24W KC2013 10 08.82903 23 50 49.73 +18 42 27.4          18.2 Rq~0vJQB88
     K13S24W KC2013 10 08.86433 23 50 55.76 +18 42 41.5          18.1 Vq~0vJQG38
     K13S24W KC2013 10 08.87650 23 50 57.21 +18 42 43.9          19.1 Vq~0vJQC77
     K13S24W KC2013 10 08.88395 23 50 58.36 +18 42 46.2          18.9 Vq~0vJQC77
     K13S24W KC2013 10 08.88671 23 50 59.27 +18 42 49.4          18.1 Vq~0vJQG38
     K13S24W  C2013 10 08.88678 23 50 58.52 +18 42 45.0                q~0vJQ046
     K13S24W  C2013 10 08.88811 23 50 58.68 +18 42 44.8                q~0vJQ046
     K13S24W  C2013 10 08.89064 23 50 59.13 +18 42 45.2                q~0vJQ046
     K13S24W KC2013 10 08.89139 23 50 59.50 +18 42 48.6          18.6 Vq~0vJQC77
     K13S24W  C2013 10 08.89191 23 50 59.34 +18 42 46.0                q~0vJQ046
     K13S24W KC2013 10 08.89834 23 51 00.58 +18 42 51.2          18.4 Vq~0vJQC77
     K13S24W  C2013 10 09.03627 23 51 25.14 +18 43 31.2          18.7 Rt~1305W71
     K13S24W  C2013 10 09.03956 23 51 25.67 +18 43 32.8          18.3 Rt~1305W71
     K13S24W  C2013 10 09.04615 23 51 26.70 +18 43 34.5          18.5 Rt~1305W71
     K13S24W  C2013 10 10.55575 23 55 26.25 +18 50 18.6          19.1 Rq~0vJQD29
     K13S24W  C2013 10 10.57564 23 55 28.93 +18 50 23.7          19.1 Rq~0vJQD29
     K13S24W  C2013 10 10.59552 23 55 31.56 +18 50 27.7          19.1 Rq~0vJQD29
     K13S24W KC2013 10 11.18357 23 56 58.44 +18 52 25.9          18.7 Rq~0vJQ448
     K13S24W KC2013 10 11.18954 23 56 59.16 +18 52 27.3          18.8 Rq~0vJQ448
     K13S24W KC2013 10 11.19607 23 56 59.99 +18 52 29.0          18.8 Rq~0vJQ448
     K13S24W  C2013 10 11.24110 23 57 05.89 +18 52 37.5          18.7 Vq~0vJQ703
     K13S24W  C2013 10 11.24602 23 57 06.54 +18 52 38.7          18.7 Vq~0vJQ703
     K13S24W  C2013 10 11.25105 23 57 07.20 +18 52 39.7          18.7 Vq~0vJQ703
     K13S24W KC2013 10 12.03821223 58 55.52 +18 54 36.7          19.4 Vu~0wDG510
     K13S24W KC2013 10 12.05449623 58 57.59 +18 54 38.9          19.0 Vu~0wDG510
     K13S24W  C2013 10 12.10255 23 59 06.02 +18 54 52.8          19.2 Rt~1305W71
     K13S24W  C2013 10 12.11091 23 59 07.04 +18 54 53.8          18.3 Rt~1305W71
     K13S24W  C2013 10 12.11503 23 59 07.55 +18 54 54.0          18.6 Rt~1305W71
     K13S24W KC2013 10 12.19985 23 59 19.35 +18 55 15.1          18.7 Ro~0vJQ291
     K13S24W KC2013 10 12.20216 23 59 19.62 +18 55 15.2          18.5 Ro~0vJQ291
     K13S24W KC2013 10 12.20448 23 59 19.90 +18 55 15.7          18.3 Ro~0vJQ291
     K13S24W  C2013 10 13.15206 00 01 22.28 +18 57 06.1          19.1 Rt~1305W71
     K13S24W  C2013 10 13.15921 00 01 23.17 +18 57 07.6          18.6 Rt~1305W71
     K13S24W  C2013 10 13.16525 00 01 23.80 +18 57 08.3          18.8 Rt~1305W71
     K13S24W  C2013 10 13.17024 00 01 24.35 +18 57 09.7          18.1 Rt~1305W71
     K13S24W  C2013 10 13.17385 00 01 24.83 +18 57 08.9          18.6 Rt~1305W71
     K13S24W KC2013 10 14.15167500 03 25.20 +18 58 41.4          19.7 Vu~0vswH21
     K13S24W KC2013 10 14.15545900 03 25.61 +18 58 41.8          19.6 Vu~0vswH21
     K13S24W KC2013 10 14.15908800 03 26.04 +18 58 41.9          19.1 Vu~0vswH21
     K13S24W KC2013 10 14.16260400 03 26.44 +18 58 41.9          19.4 Vu~0vswH21
     K13S24W KC2013 10 14.16611800 03 26.84 +18 58 42.3          19.9 Vu~0vswH21
     K13S24W KC2013 10 14.17551800 03 27.76 +18 58 43.0          19.5 Vu~0vswH21
     K13S24W KC2013 10 14.17971100 03 28.21 +18 58 43.3          19.5 Vu~0vswH21
     K13S24W  C2013 10 14.18384 00 03 29.49 +18 58 47.2          19.1 Vq~0vJQ703
     K13S24W KC2013 10 14.18405600 03 28.65 +18 58 43.3          19.3 Vu~0vswH21
     K13S24W  C2013 10 14.19161 00 03 30.31 +18 58 49.6          19.2 Vq~0vJQ703
     K13S24W  C2013 10 14.19936 00 03 31.22 +18 58 49.2          18.6 Vq~0vJQ703
     K13S24W  C2013 10 14.20708 00 03 31.94 +18 58 49.5          19.3 Vq~0vJQ703
     K13S24W  C2013 10 14.89832 00 04 50.78 +18 59 26.0          19.3 Rw~0vJQC32
     K13S24W  C2013 10 14.90021 00 04 51.12 +18 59 25.3          18.4 Rw~0vJQC32
     K13S24W  C2013 10 20.22221 00 13 44.73 +18 59 05.7          19.5 Ro~0vsw926
     K13S24W  C2013 10 20.23624 00 13 45.82 +18 59 04.6          19.5 Ro~0vsw926
     K13S24W  C2013 10 20.25039 00 13 46.94 +18 59 04.0          19.4 Ro~0vsw926
     K13S24W KC2013 10 28.09831700 24 05.23 +18 47 41.5          20.3 Vu~0wDGH21
     K13S24W KC2013 10 28.10475500 24 05.66 +18 47 41.2          20.4 Vu~0wDGH21
     K13S24W KC2013 10 28.11102900 24 06.06 +18 47 40.2          20.1 Vu~0wDGH21
     K13S24W  C2013 10 28.22301 00 24 13.44 +18 47 32.3                o~0wDG711
     K13S24W  C2013 10 28.22734 00 24 13.77 +18 47 31.8                o~0wDG711
     K13S24W KC2013 11 08.09319 00 36 25.63 +18 28 37.7          20.5 Ro~0wcz291
     K13S24W KC2013 11 08.10035 00 36 26.07 +18 28 37.6          20.4 Ro~0wcz291
     K13S24W KC2013 11 08.10750 00 36 26.49 +18 28 37.1          20.5 Ro~0wcz291
     K13S24W KC2013 11 26.24184 00 56 37.79 +18 17 55.0          21.9 Ro~0xS5291
     K13S24W KC2013 11 26.25052 00 56 38.37 +18 17 55.1          21.9 Ro~0xS5291
     K13S24W KC2013 11 26.25922 00 56 38.96 +18 17 54.8          21.7 Ro~0xS5291
     K13S24W ^C2014 01 01.19092 01 42 34.59 +19 35 10.5                o~1067695
     K13S24W ^C2014 01 01.19471 01 42 34.90 +19 35 11.8                o~1067695
     K13S24W ^C2014 01 01.19851 01 42 35.16 +19 35 12.6                o~1067695
     K13S24W ^C2014 01 01.20637 01 42 35.81 +19 35 13.9                o~1067695
     K13S24W ^C2014 01 01.21016 01 42 36.11 +19 35 15.0                o~1067695
     K13S24W ^C2014 01 02.19930 01 43 58.74 +19 38 49.7                o~1067695
     K13S24W ^C2014 01 02.20689 01 43 59.35 +19 38 51.4                o~1067695
     K13S24W ^C2014 01 02.21478 01 44 00.00 +19 38 52.9                o~1067695
     K13S24W ^C2014 01 02.21857 01 44 00.31 +19 38 54.2                o~1067695
