     K13L16E  C2013 05 02.43751 13 59 24.252+57 26 32.97         19.6 rL~0tK2F51
     K13L16E  C2013 05 02.44854 13 59 22.399+57 26 29.58         19.9 rL~0tK2F51
     K13L16E* C2013 06 07.23871 12 38 20.04 +39 03 04.5          19.4 Vu~0sfw703
     K13L16E  C2013 06 07.24428 12 38 19.60 +39 02 44.9          19.6 Vu~0sfw703
     K13L16E  C2013 06 07.24991 12 38 19.03 +39 02 22.4          19.4 Vu~0sfw703
     K13L16E  C2013 06 07.25554 12 38 18.49 +39 02 00.8          18.6 Vu~0sfw703
     K13L16E  C2013 06 07.31494 12 38 13.28 +38 58 21.2          18.9 Vu~0sfw703
     K13L16E  C2013 06 07.31550 12 38 13.25 +38 58 20.5          19.0 Vu~0sfw703
     K13L16E  C2013 06 07.31604 12 38 13.18 +38 58 17.8          18.8 Vu~0sfw703
     K13L16E  C2013 06 07.31659 12 38 13.24 +38 58 15.0          18.5 Vu~0sfw703
     K13L16E KC2013 06 07.88830 12 37 26.03 +38 23 00.1                t~0sfw204
     K13L16E KC2013 06 07.89409 12 37 25.43 +38 22 38.9                t~0sfw204
     K13L16E KC2013 06 07.89988 12 37 24.94 +38 22 16.7          19.6 Rt~0sfw204
     K13L16E KC2013 06 08.18643 12 37 01.34 +38 04 23.9          19.4 Rq~0sfwH36
     K13L16E KC2013 06 08.19313 12 37 00.76 +38 03 58.7          19.4 Rq~0sfwH36
     K13L16E KC2013 06 08.19743 12 37 00.63 +38 03 45.9          19.0 Ro~0sfw291
     K13L16E KC2013 06 08.19980 12 37 00.18 +38 03 33.2          19.5 Rq~0sfwH36
     K13L16E KC2013 06 08.20039 12 37 00.37 +38 03 34.6          19.5 Ro~0sfw291
     K13L16E KC2013 06 08.20337 12 37 00.10 +38 03 23.4          19.1 Ro~0sfw291
     K13L16E KC2013 06 08.85789 12 36 07.14 +37 21 41.4          19.5 Ro~0sfw461
     K13L16E KC2013 06 08.86070 12 36 06.89 +37 21 30.5          19.5 Ro~0sfw461
     K13L16E KC2013 06 08.86356 12 36 06.66 +37 21 19.2          19.6 Ro~0sfw461
     K13L16E KC2013 06 08.89667 12 36 03.91 +37 19 11.4                q~0sfw595
     K13L16E KC2013 06 08.89839 12 36 03.76 +37 19 04.5                q~0sfw595
     K13L16E KC2013 06 09.22445 12 35 37.78 +36 58 03.8          18.9 Ro~0sfw291
     K13L16E KC2013 06 09.22549 12 35 37.69 +36 57 59.7          18.9 Ro~0sfw291
     K13L16E KC2013 06 09.22653 12 35 37.61 +36 57 55.8          19.3 Ro~0sfw291
     K13L16E KC2013 06 09.95753 12 34 40.55 +36 09 40.5                q~0sfwJ95
     K13L16E KC2013 06 09.96089 12 34 40.29 +36 09 27.1                q~0sfwJ95
     K13L16E KC2013 06 09.96429 12 34 40.02 +36 09 13.3          19.8 Rq~0sfwJ95
     K13L16E KC2013 06 09.97190 12 34 39.18 +36 08 46.8          19.1 Rc~0sfwZ95
     K13L16E KC2013 06 09.98494 12 34 38.13 +36 07 54.1          19.7 Rc~0sfwZ95
     K13L16E KC2013 06 09.99401 12 34 37.48 +36 07 16.4          19.5 Rc~0sfwZ95
     K13L16E  C2013 06 10.20638 12 34 21.50 +35 53 09.8          19.1 Vu~0sfwG96
     K13L16E KC2013 06 10.20647 12 34 21.34 +35 53 05.9          19.1 Rq~0sfwH36
     K13L16E  C2013 06 10.21058 12 34 21.14 +35 52 52.7          19.1 Vu~0sfwG96
     K13L16E KC2013 06 10.21558 12 34 20.58 +35 52 28.8          19.4 Rq~0sfwH36
     K13L16E |C2013 06 10.21705 12 34 20.56 +35 52 26.2          18.6 Vc~0sfwH06
     K13L16E |C2013 06 10.21850 12 34 20.43 +35 52 20.4          18.8 Vc~0sfwH06
     K13L16E  C2013 06 10.21914 12 34 20.46 +35 52 17.9          19.0 Vu~0sfwG96
     K13L16E |C2013 06 10.21996 12 34 20.32 +35 52 14.4          18.8 Vc~0sfwH06
     K13L16E KC2013 06 10.22089 12 34 20.14 +35 52 07.3          19.1 Rq~0sfwH36
     K13L16E KC2013 06 11.20583 12 33 06.37 +34 44 58.2          18.7 Ro~0sfw291
     K13L16E KC2013 06 11.20691 12 33 06.28 +34 44 53.7          18.7 Ro~0sfw291
     K13L16E KC2013 06 11.20800 12 33 06.20 +34 44 49.0          18.6 Ro~0sfw291
     K13L16E KC2013 06 12.17135 12 31 56.37 +33 37 00.5          18.7 Ro~0sfw291
     K13L16E KC2013 06 12.17227 12 31 56.29 +33 36 56.5          18.7 Ro~0sfw291
     K13L16E KC2013 06 12.17320 12 31 56.22 +33 36 52.3          18.6 Ro~0sfw291
     K13L16E KC2013 06 12.87348 12 31 06.54 +32 46 11.0          20.3 Vq~0sfwC77
     K13L16E KC2013 06 12.88025 12 31 06.03 +32 45 41.7          19.7 Vq~0sfwC77
     K13L16E KC2013 06 12.88719 12 31 05.47 +32 45 10.7          19.6 Vq~0sfwC77
     K13L16E KC2013 06 12.89396 12 31 04.95 +32 44 40.9          19.7 Vq~0sfwC77
     K13L16E KC2013 06 13.18003 12 30 45.26 +32 23 46.0          18.6 Ro~0sfw291
     K13L16E KC2013 06 13.18102 12 30 45.19 +32 23 41.6          19.0 Ro~0sfw291
     K13L16E KC2013 06 13.18202 12 30 45.10 +32 23 37.3          19.1 Ro~0sfw291
     K13L16E KC2013 06 13.95913 12 29 51.75 +31 25 28.6                q~0sfwJ95
     K13L16E KC2013 06 13.96252 12 29 51.52 +31 25 13.2                q~0sfwJ95
     K13L16E KC2013 06 13.96591 12 29 51.22 +31 24 57.5          19.5 Rq~0sfwJ95
     K13L16E KC2013 06 14.10646912 29 42.11 +31 14 25.3          19.0 Vq~0sqnH21
     K13L16E  C2013 06 14.10690 12 29 42.12 +31 14 25.0          19.5 Rq~0sfwH45
     K13L16E  C2013 06 14.10863 12 29 42.05 +31 14 18.0          19.5 Rq~0sfwH45
     K13L16E  C2013 06 14.11038 12 29 41.93 +31 14 10.2          19.6 Rq~0sfwH45
     K13L16E KC2013 06 14.11069812 29 41.82 +31 14 06.2          19.1 Vq~0sqnH21
     K13L16E  C2013 06 14.11149 12 29 41.86 +31 14 05.0          19.5 Rq~0sfwH45
     K13L16E  C2013 06 14.11262 12 29 41.75 +31 13 59.5          19.5 Rq~0sfwH45
     K13L16E  C2013 06 14.11474 12 29 41.59 +31 13 50.3          19.5 Rq~0sfwH45
     K13L16E KC2013 06 14.11492812 29 41.49 +31 13 47.1          19.2 Vq~0sqnH21
     K13L16E  C2013 06 14.11587 12 29 41.52 +31 13 44.7          19.5 Rq~0sfwH45
     K13L16E  C2013 06 14.11702 12 29 41.43 +31 13 39.6          19.2 Rq~0sfwH45
     K13L16E KC2013 06 14.11915712 29 41.18 +31 13 27.7          19.3 Vq~0sqnH21
     K13L16E  C2013 06 15.11985 12 28 35.00 +29 56 25.6          19.4 Rq~0sqnH45
     K13L16E  C2013 06 15.12131 12 28 34.89 +29 56 17.4          19.3 Rq~0sqnH45
     K13L16E  C2013 06 15.12231 12 28 34.83 +29 56 12.9          19.4 Rq~0sqnH45
     K13L16E  C2013 06 15.12337 12 28 34.77 +29 56 07.9          19.4 Rq~0sqnH45
     K13L16E  C2013 06 15.12468 12 28 34.62 +29 56 01.8          19.4 Rq~0sqnH45
     K13L16E  C2013 06 15.12587 12 28 34.56 +29 55 56.2          19.2 Rq~0sqnH45
     K13L16E  C2013 06 15.12714 12 28 34.46 +29 55 50.5          19.2 Rq~0sqnH45
     K13L16E  C2013 06 15.12822 12 28 34.42 +29 55 44.9          19.3 Rq~0sqnH45
     K13L16E  C2013 06 15.18529 12 28 30.46 +29 51 16.7          18.7 Vu~0sqn703
     K13L16E  C2013 06 15.19223 12 28 30.07 +29 50 45.4          19.1 Vu~0sqn703
     K13L16E  C2013 06 15.19912 12 28 29.71 +29 50 12.1          18.6 Vu~0sqn703
     K13L16E  C2013 06 15.20601 12 28 29.10 +29 49 40.0          19.1 Vu~0sqn703
     K13L16E KC2013 06 19.15067 12 24 27.39 +24 22 16.6          18.6 Rq~0sqn448
     K13L16E KC2013 06 19.15845 12 24 26.99 +24 21 36.0          18.8 Ro~0sqn291
     K13L16E KC2013 06 19.15871612 24 26.64 +24 21 29.7          18.6 Vq~0sqnH21
     K13L16E KC2013 06 19.16001 12 24 26.89 +24 21 27.7          18.8 Ro~0sqn291
     K13L16E KC2013 06 19.16142812 24 26.45 +24 21 15.3          18.6 Vq~0sqnH21
     K13L16E KC2013 06 19.16158 12 24 26.79 +24 21 19.5          18.8 Ro~0sqn291
     K13L16E KC2013 06 19.16422 12 24 26.52 +24 21 05.0          18.1 Rq~0sqn448
     K13L16E KC2013 06 19.16424612 24 26.29 +24 21 01.0          18.4 Vq~0sqnH21
     K13L16E KC2013 06 19.16706412 24 26.11 +24 20 45.1          18.6 Vq~0sqnH21
     K13L16E KC2013 06 19.17658 12 24 25.73 +24 19 59.7          18.7 Rq~0sqn448
     K13L16E KC2013 06 20.16575512 23 28.82 +22 52 00.8          18.8 Vq~0sqnH21
     K13L16E KC2013 06 20.16946112 23 28.59 +22 51 41.1          18.6 Vq~0sqnH21
     K13L16E KC2013 06 20.17301812 23 28.45 +22 51 21.5          18.2 Vq~0sqnH21
     K13L16E KC2013 06 21.15017212 22 33.75 +21 22 15.2          18.9 Vu~0swfH21
     K13L16E KC2013 06 21.15453312 22 33.46 +21 21 50.9          19.0 Vu~0swfH21
     K13L16E KC2013 06 21.15958712 22 33.15 +21 21 22.6          19.0 Vu~0swfH21
     K13L16E KC2013 06 21.16428412 22 32.88 +21 20 56.6          18.9 Vu~0swfH21
     K13L16E KC2013 06 21.16816312 22 32.66 +21 20 35.5          18.8 Vu~0swfH21
     K13L16E  C2013 06 21.20363 12 22 30.68 +21 17 22.2          19.0 Vu~0sqn703
     K13L16E  C2013 06 21.20867 12 22 30.36 +21 16 53.2          18.0 Vu~0sqn703
     K13L16E  C2013 06 21.21375 12 22 30.14 +21 16 26.1          19.1 Vu~0sqn703
     K13L16E  C2013 06 21.21882 12 22 29.78 +21 15 58.2          18.7 Vu~0sqn703
     K13L16E  C2013 06 26.14880 12 18 09.28 +13 12 16.6          18.6 Vu~0swfG96
     K13L16E  C2013 06 26.14933 12 18 09.25 +13 12 13.3          18.6 Vu~0swfG96
     K13L16E  C2013 06 26.14988 12 18 09.21 +13 12 09.9          18.6 Vu~0swfG96
     K13L16E  C2013 06 26.15042 12 18 09.18 +13 12 06.7          18.7 Vu~0swfG96
     K13L16E  C2013 07 01.26851 12 13 53.683+03 57 38.34         19.3 wL~0tK2F51
     K13L16E  C2013 07 01.27377 12 13 53.385+03 57 02.63         19.4 wL~0tK2F51
     K13L16E  C2013 07 01.27903 12 13 53.085+03 56 27.03         19.4 wL~0tK2F51
     K13L16E  C2013 07 01.28430 12 13 52.796+03 55 51.48         19.4 wL~0tK3F51
     K13L16E QC2013 07 06.44172 12 09 37.69 -05 59 22.3          19.7 Vq~0t6PE12
     K13L16E QC2013 07 06.44550 12 09 37.50 -05 59 48.8          19.4 Vq~0t6PE12
     K13L16E |C2013 07 13.95475 12 03 03.87 -20 37 30.8          19.5 Vu~0tBt807
     K13L16E |C2013 07 13.95722 12 03 03.71 -20 37 48.2          19.3 Vu~0tBt807
     K13L16E |C2013 07 13.95969 12 03 03.56 -20 38 05.0          19.9 Vu~0tBt807
     K13L16E |C2013 07 13.96216 12 03 03.40 -20 38 21.9          19.1 Vu~0tBt807
     K13L16E |C2013 07 13.96463 12 03 03.24 -20 38 38.6          19.3 Vu~0tBt807
     K13L16E |C2013 08 04.96296 11 35 54.29 -54 54 56.6          19.7 Vu~0tRI807
     K13L16E |C2013 08 04.96542 11 35 54.03 -54 55 07.0          20.1 Vu~0tRI807
     K13L16E |C2013 08 04.96789 11 35 53.78 -54 55 17.4          19.9 Vu~0tRI807
     K13L16E |C2013 08 04.97023 11 35 53.53 -54 55 27.1          19.6 Vu~0tRI807
     K13L16E |C2013 08 14.96582 11 16 59.53 -65 20 42.4          20.0 Vu~0tbm807
     K13L16E |C2013 08 14.96830 11 16 59.14 -65 20 50.5          19.7 Vu~0tbm807
     K13L16E |C2013 08 14.97077 11 16 58.78 -65 20 58.5          19.6 Vu~0tbm807
     K13L16E |C2013 08 14.97326 11 16 58.42 -65 21 06.6          19.9 Vu~0tbm807
     K13L16E |C2013 08 27.97471 10 36 33.08 -75 55 53.5          20.1 Vu~0tmX807
     K13L16E |C2013 08 27.98201 10 36 30.90 -75 56 11.7          19.6 Vu~0tmX807
     K13L16E |C2013 08 27.98857 10 36 29.21 -75 56 28.5          19.6 Vu~0tmX807
     K13L16E |C2013 09 23.34865 02 21 57.58 -82 51 44.5          20.2 Vu~0uf7807
     K13L16E |C2013 09 23.35514 02 21 51.77 -82 51 31.8          20.3 Vu~0uf7807
     K13L16E |C2013 09 23.36165 02 21 46.13 -82 51 18.9          20.5 Vu~0uf7807
     K13L16E KC2013 10 31.44666 00 28 38.65 -56 47 17.5          21.0 Ro~0wCi474
     K13L16E KC2013 10 31.45582 00 28 38.69 -56 46 54.1                o~0wCi474
     K13L16E KC2013 10 31.45864 00 28 38.70 -56 46 47.7          21.3 Ro~0wCi474
     K13L16E KC2013 10 31.46357 00 28 38.69 -56 46 34.0          21.5 Ro~0wCi474
     K13L16E KC2014 01 01.09889 01 10 31.67 -21 40 07.0          22.0 Ro~0yko291
     K13L16E KC2014 01 01.10917 01 10 32.29 -21 39 51.0          21.9 Ro~0yko291
     K13L16E KC2014 01 01.11934 01 10 32.93 -21 39 35.3          22.3 Ro~0yko291
