     K13L28T* C2013 06 12.35352 21 05 55.86 -00 48 30.6          20.9 Vu~0sgAG96
     K13L28T  C2013 06 12.35704 21 05 53.12 -00 48 16.2          20.4 Vu~0sgAG96
     K13L28T  C2013 06 12.36053 21 05 50.46 -00 48 02.3          20.5 Vu~0sgAG96
     K13L28T  C2013 06 12.36410 21 05 47.68 -00 47 48.1          20.4 Vu~0sgAG96
     K13L28T  C2013 06 12.38871 21 05 28.57 -00 46 09.8          21.0 Vu~0sgBG96
     K13L28T  C2013 06 12.39307 21 05 25.29 -00 45 51.9          20.3 Vu~0sgBG96
     K13L28T  C2013 06 12.39751 21 05 21.98 -00 45 36.1                u~0sgBG96
     K13L28T  C2013 06 12.40191 21 05 18.60 -00 45 17.6          20.1 Vu~0sgBG96
     K13L28T  C2013 06 12.40639 21 05 15.03 -00 44 59.8          20.2 Vu~0sgBG96
     K13L28T  C2013 06 12.45066 21 04 40.83 -00 42 02.9          20.8 Vu~0sgBG96
     K13L28T  C2013 06 12.45123 21 04 40.36 -00 42 01.1          20.4 Vu~0sgBG96
     K13L28T  C2013 06 12.45178 21 04 39.93 -00 41 58.7          20.9 Vu~0sgBG96
     K13L28T  C2013 06 12.45235 21 04 39.50 -00 41 56.7          20.4 Vu~0sgBG96
     K13L28T  C2013 06 12.45293 21 04 39.07 -00 41 54.4          20.5 Vu~0sgBG96
     K13L28T KC2013 06 13.04769 20 57 21.14 -00 03 34.7                t~0sgB204
     K13L28T KC2013 06 13.06009 20 57 11.97 -00 02 48.2                t~0sgB204
     K13L28T KC2013 06 13.07215 20 57 03.04 -00 02 02.5          20.2 Rt~0sgB204
     K13L28T  C2013 06 13.36175 20 53 36.34 +00 16 11.7          19.9 Vu~0sgBG96
     K13L28T  C2013 06 13.36230 20 53 35.88 +00 16 14.8          20.3 Vu~0sgBG96
     K13L28T  C2013 06 13.36288 20 53 35.44 +00 16 16.9          20.4 Vu~0sgBG96
     K13L28T  C2013 06 13.36402 20 53 34.69 +00 16 20.8          20.7 Vu~0sgBG96
     K13L28T KC2013 06 14.44035 20 41 14.52 +01 19 54.0          20.0 Ro~0sqr291
     K13L28T KC2013 06 14.44189 20 41 13.48 +01 19 58.9          20.6 Ro~0sqr291
     K13L28T KC2013 06 14.44350 20 41 12.37 +01 20 05.2                o~0sqr291
     K13L28T KC2013 06 14.44984 20 41 08.06 +01 20 26.2          20.3 Ro~0sqr291
     K13L28T KC2013 06 14.45145 20 41 06.95 +01 20 31.6          20.1 Ro~0sqr291
     K13L28T |C2013 06 15.24143 20 32 39.18 +02 04 19.8          20.8 Vu~0sqr807
     K13L28T |C2013 06 15.24626 20 32 36.03 +02 04 35.4          20.7 Vu~0sqr807
     K13L28T |C2013 06 15.25097 20 32 33.01 +02 04 50.2          20.7 Vu~0sqr807
     K13L28T KC2013 06 18.38403 20 03 02.81 +04 25 15.8          20.1 Ro~0sqr291
     K13L28T KC2013 06 18.38496 20 03 02.32 +04 25 18.2          20.2 Ro~0sqr291
     K13L28T KC2013 06 18.38590 20 03 01.84 +04 25 20.4          19.9 Ro~0sqr291
     K13L28T 2C2013 08 13.44547018 07 14.436+04 30 43.06         25.0 Rt~0tmX568
