     K13W44A* C2013 11 28.40133 05 27 06.20 +26 18 20.0          20.5 Vq~0xqtG96
     K13W44A  C2013 11 28.40866 05 27 04.99 +26 18 24.8          20.5 Vq~0xqtG96
     K13W44A  C2013 11 28.42323 05 27 02.64 +26 18 33.7          20.3 Vq~0xqtG96
     K13W44A  C2013 11 28.46603 05 26 55.80 +26 18 58.5          20.1 Vq~0xqtG96
     K13W44A  C2013 11 28.47343 05 26 54.57 +26 19 02.6          20.1 Vq~0xqtG96
     K13W44A  C2013 11 28.48085 05 26 53.44 +26 19 06.4          20.3 Vq~0xqtG96
     K13W44A  C2013 11 28.48826 05 26 52.29 +26 19 11.2          19.6 Vq~0xqtG96
     K13W44A FC2013 11 28.98979 05 25 41.67 +26 24 30.5          20   Rq~0xqt204
     K13W44A FC2013 11 29.00301 05 25 39.50 +26 24 38.7                q~0xqt204
     K13W44A  C2013 11 29.23946 05 25 06.17 +26 27 18.1          20.6 Vq~0xqtG96
     K13W44A  C2013 11 29.24147 05 25 05.86 +26 27 19.7          20.7 Vq~0xqtG96
     K13W44A  C2013 11 29.24770 05 25 04.81 +26 27 23.7          21.8 Vq~0xqtG96
     K13W44A  C2013 11 29.24970 05 25 04.44 +26 27 25.5          20.9 Vq~0xqtG96
     K13W44A KC2013 11 29.26829505 25 00.23 +26 27 34.4          20.5 Vu~0xqtH21
     K13W44A KC2013 11 29.27091205 24 59.79 +26 27 36.3          20.5 Vu~0xqtH21
     K13W44A KC2013 11 29.27324305 24 59.39 +26 27 37.5          20.4 Vu~0xqtH21
     K13W44A KC2013 12 01.19326 05 20 05.97 +26 47 43.0          20.1 Rq~0xqtH36
     K13W44A KC2013 12 01.20160 05 20 04.50 +26 47 48.4          20.3 Rq~0xqtH36
     K13W44A KC2013 12 01.20993 05 20 03.04 +26 47 53.6          20.1 Rq~0xqtH36
     K13W44A KC2013 12 01.21741 05 20 01.70 +26 47 58.5          20.5 Rq~0xqtH36
     K13W44A KC2013 12 01.30582005 19 45.88 +26 48 54.6                u~0xqtH21
     K13W44A KC2013 12 01.31160305 19 44.85 +26 48 58.1          20.7 Vu~0xqtH21
     K13W44A KC2013 12 01.31738505 19 43.82 +26 49 01.1          21.3 Vu~0xqtH21
     K13W44A KC2013 12 03.14849405 14 49.76 +27 07 17.8          21.4 Vq~0xqtV37
     K13W44A KC2013 12 03.15337205 14 48.91 +27 07 20.9          21.1 Vq~0xqtV37
     K13W44A KC2013 12 03.15825405 14 48.04 +27 07 24.5          21.3 Vq~0xqtV37
     K13W44A KC2013 12 03.16313805 14 47.17 +27 07 27.5          21.4 Vq~0xqtV37
     K13W44A KC2013 12 03.16801905 14 46.28 +27 07 30.8          21.1 Vq~0xqtV37
     K13W44A KC2013 12 03.17290905 14 45.42 +27 07 34.1          21.1 Vq~0xqtV37
     K13W44A KC2013 12 03.17779305 14 44.55 +27 07 37.5          21.1 Vq~0xqtV37
     K13W44A KC2013 12 03.18269005 14 43.66 +27 07 40.9          21.8 Vq~0xqtV37
     K13W44A KC2013 12 03.18758205 14 42.78 +27 07 43.9          21.3 Vq~0xqtV37
     K13W44A KC2013 12 03.19246505 14 41.87 +27 07 47.6          21.4 Vq~0xqtV37
     K13W44A KC2013 12 03.19735005 14 41.01 +27 07 50.6          21.2 Vq~0xqtV37
     K13W44A IC2013 12 03.20223705 14 40.11 +27 07 54.2          20.1 Vq~0xqtV37
     K13W44A KC2013 12 03.20712205 14 39.23 +27 07 56.8          20.8 Vq~0xqtV37
     K13W44A KC2013 12 03.21201805 14 38.33 +27 08 00.0          20.9 Vq~0xqtV37
     K13W44A KC2013 12 03.21690905 14 37.45 +27 08 03.1          21.0 Vq~0xqtV37
     K13W44A KC2013 12 03.27605 05 14 26.09 +27 08 34.7          20.3 Rq~0xqtH36
     K13W44A KC2013 12 03.32291 05 14 17.38 +27 08 59.7          19.8 Rq~0xqtH36
     K13W44A KC2013 12 03.33254 05 14 15.59 +27 09 03.6          20.5 Rq~0xqtH36
     K13W44A 2C2013 12 03.49171805 13 49.034+27 10 54.16         20.5 Rt~0xqt568
     K13W44A 2C2013 12 03.49247905 13 48.885+27 10 54.62         20.5 Rt~0xqt568
     K13W44A 2C2013 12 03.49330805 13 48.730+27 10 55.03         20.6 Rt~0xqt568
     K13W44A  C2013 12 07.38818 05 02 36.78 +27 45 30.2          19.9 Vq~0y6SG96
     K13W44A  C2013 12 07.39353 05 02 35.69 +27 45 32.0          20.4 Vq~0y6SG96
     K13W44A  C2013 12 07.39886 05 02 34.63 +27 45 34.1          20.1 Vq~0y6SG96
     K13W44A  C2013 12 07.40424 05 02 33.59 +27 45 36.6          19.9 Vq~0y6SG96
     K13W44A KC2013 12 08.83720 04 58 23.69 +27 56 40.9          20.5 Vq~0y6SA13
     K13W44A KC2013 12 08.85863 04 58 19.68 +27 56 51.0          20.6 Vq~0y6SA13
     K13W44A 2C2013 12 10.50619904 53 23.325+28 09 07.16         20.7 Rt~0y6S568
     K13W44A 2C2013 12 10.50853204 53 22.867+28 09 07.97         20.6 Rt~0y6S568
     K13W44A 2C2013 12 10.50955604 53 22.665+28 09 08.29         20.5 Rt~0y6S568
     K13W44A 2C2013 12 22.42043904 20 56.593+29 00 32.53         21.1 Rt~0yNz568
     K13W44A 2C2013 12 22.42292204 20 56.189+29 00 32.73         21.3 Rt~0yNz568
     K13W44A KC2014 01 03.11840804 00 56.12 +29 11 09.2          22.1 Vu~0zE6H21
     K13W44A KC2014 01 03.13452904 00 54.81 +29 11 09.2          21.8 Vu~0zE6H21
     K13W44A 2C2014 01 03.32695804 00 42.688+29 11 27.00         21.6 Rt~0zE6568
     K13W44A 2C2014 01 03.32948704 00 42.482+29 11 26.99         21.5 Rt~0zE6568
     K13W44A 4C2014 01 29.30682 04 07 31.01 +29 41 11.0          23.2 Rq~107F290
     K13W44A 4C2014 01 29.31209 04 07 31.40 +29 41 11.3          22.3 Rq~107F290
     K13W44A 2C2014 02 05.36453104 18 28.487+29 57 03.80         22.9 Rt~10WW568
     K13W44A 2C2014 02 05.36852904 18 28.874+29 57 03.96         22.9 Rt~10WW568
     K13W44A 2C2014 02 28.28878505 10 43.959+30 34 43.89         22.9 Rt~11V4568
     K13W44A 2C2014 02 28.29615905 10 45.089+30 34 43.79         23.0 Rt~11V4568
     K13W44A 2C2014 02 28.30361205 10 46.224+30 34 43.54         23.1 Rt~11V4568
