     K13R74J* C2013 09 14.30424 23 43 56.92 +02 53 50.0          20.8 Vq~0ufvG96
     K13R74J  C2013 09 14.31322 23 43 55.81 +02 53 51.5          20.8 Vq~0ufvG96
     K13R74J  C2013 09 14.32223 23 43 54.77 +02 53 53.4          20.7 Vq~0ufvG96
     K13R74J  C2013 09 14.34118 23 43 52.54 +02 53 56.6          21.2 Vq~0ufvG96
     K13R74J  C2013 09 14.34518 23 43 52.08 +02 53 57.1          20.6 Vq~0ufvG96
     K13R74J  C2013 09 14.34921 23 43 51.57 +02 53 58.2          21.0 Vq~0ufvG96
     K13R74J  C2013 09 14.35321 23 43 51.09 +02 53 59.3          20.8 Vq~0ufvG96
     K13R74J KC2013 09 14.42788 23 43 42.24 +02 54 12.3          20.3 Ro~0ufv291
     K13R74J KC2013 09 14.43013 23 43 41.96 +02 54 12.8          20.3 Ro~0ufv291
     K13R74J KC2013 09 14.43238 23 43 41.69 +02 54 13.0          20.3 Ro~0ufv291
     K13R74J KC2013 09 15.20325023 42 11.99 +02 56 29.7          20.3 Vu~0ufvH21
     K13R74J KC2013 09 15.21231223 42 10.88 +02 56 31.7          20.5 Vu~0ufvH21
     K13R74J KC2013 09 15.22293323 42 09.58 +02 56 33.4          20.5 Vu~0ufvH21
     K13R74J  C2013 09 15.30469 23 41 59.77 +02 56 49.0          21.0 Vq~0ufvG96
     K13R74J  C2013 09 15.31252 23 41 58.88 +02 56 49.9          21.6 Vq~0ufvG96
     K13R74J  C2013 09 15.32034 23 41 57.86 +02 56 51.3          20.9 Vq~0ufvG96
     K13R74J  C2013 09 15.32809 23 41 56.94 +02 56 53.3          20.7 Vq~0ufvG96
     K13R74J  C2013 09 16.29434 23 40 01.44 +02 59 43.9          21.0 Vq~0ufvG96
     K13R74J  C2013 09 16.30001 23 40 00.72 +02 59 44.2          20.6 Vq~0ufvG96
     K13R74J  C2013 09 16.30568 23 40 00.05 +02 59 45.3          20.7 Vq~0ufvG96
     K13R74J  C2013 09 16.31132 23 39 59.31 +02 59 46.7          21.3 Vq~0ufvG96
     K13R74J  C2013 09 17.30963 23 37 57.38 +03 02 40.2          18.9 Vq~0ufvG96
     K13R74J  C2013 09 17.31268 23 37 57.01 +03 02 40.7          20.8 Vq~0ufvG96
     K13R74J  C2013 09 17.31883 23 37 56.21 +03 02 41.6          20.2 Vq~0ufvG96
     K13R74J KC2013 09 23.18102223 25 15.18 +03 18 56.8          20.7 Vu~0ufvH21
     K13R74J KC2013 09 23.18998323 25 13.95 +03 18 58.7          20.7 Vu~0ufvH21
     K13R74J KC2013 09 23.20008823 25 12.55 +03 19 00.4          20.7 Vu~0ufvH21
     K13R74J KC2013 09 24.17558723 22 59.27 +03 21 34.5          20.8 Vu~0ufvH21
     K13R74J KC2013 09 24.18459923 22 57.99 +03 21 36.5          21.6 Vu~0ufvH21
     K13R74J  C2013 09 24.18646 23 22 57.94 +03 21 37.4          21.3 Vq~0ufvG96
     K13R74J  C2013 09 24.19168 23 22 57.23 +03 21 38.4          20.5 Vq~0ufvG96
     K13R74J KC2013 09 24.19376223 22 56.72 +03 21 37.9          20.8 Vu~0ufvH21
     K13R74J  C2013 09 24.19693 23 22 56.48 +03 21 39.3          20.9 Vq~0ufvG96
     K13R74J  C2013 09 24.20218 23 22 55.72 +03 21 39.6          20.8 Vq~0ufvG96
     K13R74J  C2013 09 24.31377 23 22 40.01 +03 21 57.7          21.3 Vo~0ufv691
     K13R74J  C2013 09 24.31695 23 22 39.56 +03 21 58.6          21.2 Vo~0ufv691
     K13R74J  C2013 09 24.32014 23 22 39.09 +03 21 58.7          21.2 Vo~0ufv691
     K13R74J  C2013 09 25.33592 23 20 18.42 +03 24 38.9          20.8 Vo~0ufv691
     K13R74J  C2013 09 25.33911 23 20 17.93 +03 24 40.0          21.0 Vo~0ufv691
     K13R74J  C2013 09 25.34230 23 20 17.50 +03 24 40.4          21.1 Vo~0ufv691
     K13R74J  C2013 09 28.25456 23 13 26.81 +03 32 14.1          20.8 Vo~0uwM691
     K13R74J  C2013 09 28.25813 23 13 26.26 +03 32 14.6          20.8 Vo~0uwM691
     K13R74J  C2013 09 28.26170 23 13 25.72 +03 32 15.1          21.2 Vo~0uwM691
     K13R74J HC2013 09 29.22101 23 11 08.46 +03 34 43.2          21.0 Vo~0uwM691
     K13R74J HC2013 09 29.22349 23 11 08.11 +03 34 43.4          21.0 Vo~0uwM691
     K13R74J HC2013 09 29.22597 23 11 07.71 +03 34 43.8          20.9 Vo~0uwM691
     K13R74J HC2013 09 30.26998 23 08 37.14 +03 37 24.3          21.1 Vo~0uwM691
     K13R74J HC2013 09 30.27277 23 08 36.80 +03 37 24.6          21.0 Vo~0uwM691
     K13R74J HC2013 09 30.27556 23 08 36.39 +03 37 24.8                o~0uwM691
     K13R74J KC2013 10 03.31929 23 01 14.48 +03 45 14.0          20.0 Ro~0uwM291
     K13R74J KC2013 10 03.32134 23 01 14.19 +03 45 14.0          20.7 Ro~0uwM291
     K13R74J KC2013 10 03.32340 23 01 13.87 +03 45 14.3          20.7 Ro~0uwM291
     K13R74J  C2013 10 04.37827 22 58 40.614+03 47 59.80         21.2 gL~0vJ6F51
     K13R74J  C2013 10 04.38751 22 58 39.232+03 48 00.97         21.4 gL~0vJ6F51
     K13R74J  C2013 10 04.42008 22 58 34.368+03 48 06.18         20.8 rL~0vJ6F51
     K13R74J KC2013 10 06.29898 22 54 01.64 +03 52 57.5          20.2 Rq~0vJ6G58
     K13R74J KC2013 10 06.30488 22 54 00.77 +03 52 58.8          19.9 Rq~0vJ6G58
     K13R74J KC2013 10 06.31071 22 53 59.92 +03 53 00.5          20.2 Rq~0vJ6G58
     K13R74J KC2013 10 12.07274422 40 20.03 +04 08 56.0                u~0vJ6H21
     K13R74J KC2013 10 12.08260522 40 18.64 +04 08 57.5          20.7 Vu~0vJ6H21
     K13R74J KC2013 10 12.09225322 40 17.28 +04 08 59.1          20.7 Vu~0vJ6H21
     K13R74J KC2013 10 13.13522 22 37 53.35 +04 12 05.3          20.0 Ro~0vJ6291
     K13R74J KC2013 10 13.13723 22 37 53.07 +04 12 05.5          19.9 Ro~0vJ6291
     K13R74J KC2013 10 13.13924 22 37 52.79 +04 12 06.2          19.9 Ro~0vJ6291
     K13R74J |C2013 10 21.01429 22 20 55.78 +04 38 32.5          21.1 Vu~0vsj807
     K13R74J |C2013 10 21.01978 22 20 55.10 +04 38 33.5          21.0 Vu~0vsj807
     K13R74J |C2013 10 21.02491 22 20 54.47 +04 38 34.8          21.0 Vu~0vsj807
     K13R74J KC2013 10 25.09372 22 13 10.44 +04 54 37.7          18.5 Ro~0vsj291
     K13R74J KC2013 10 25.09614 22 13 10.17 +04 54 37.7          19.0 Ro~0vsj291
     K13R74J KC2013 10 25.09857 22 13 09.90 +04 54 38.6          18.7 Ro~0vsj291
     K13R74J KC2013 10 31.15143 22 03 12.27 +05 23 08.5          19.0 Ro~0wD8291
     K13R74J KC2013 10 31.15472 22 03 11.96 +05 23 09.2          19.0 Ro~0wD8291
     K13R74J KC2013 10 31.15802 22 03 11.66 +05 23 11.1          19.0 Ro~0wD8291
     K13R74J KC2013 11 08.06977 21 53 12.74 +06 10 04.9          19.0 Ro~0wcw291
     K13R74J KC2013 11 08.07692 21 53 12.24 +06 10 07.1          19.1 Ro~0wcw291
     K13R74J KC2013 11 08.08407 21 53 11.78 +06 10 10.8          18.9 Ro~0wcw291
     K13R74J KC2013 11 26.08535 21 42 38.22 +08 47 48.9          19.2 Ro~0xS4291
     K13R74J KC2013 11 26.13448 21 42 37.53 +08 48 21.0          18.8 Ro~0xS4291
     K13R74J ]C2013 12 07.07895 21 42 57.03 +11 04 17.6          20.1 Ro~0y6J695
     K13R74J ]C2013 12 07.08142 21 42 57.06 +11 04 19.7          20.0 Ro~0y6J695
     K13R74J ]C2013 12 07.08473 21 42 57.09 +11 04 22.6          20.1 Ro~0y6J695
     K13R74J ]C2013 12 07.08803 21 42 57.11 +11 04 25.3          20.1 Ro~0y6J695
     K13R74J ]C2013 12 07.09050 21 42 57.14 +11 04 27.4          20.1 Ro~0y6J695
     K13R74J |C2014 03 03.38821 18 43 59.17 -21 47 43.2          19.6 Vu~11V4807
     K13R74J |C2014 03 03.39997 18 43 49.22 -21 50 38.7          19.4 Vu~11V4807
     K13R74J |C2014 03 12.34627 16 13 54.78 -49 33 21.7          17.4 Vu~11qv807
     K13R74J |C2014 03 12.34819 16 13 52.64 -49 33 33.3          17.8 Vu~11qv807
     K13R74J |C2014 03 12.35013 16 13 50.49 -49 33 45.0          17.9 Vu~11qv807
     K13R74J |C2014 03 12.35206 16 13 48.32 -49 33 56.6          17.8 Vu~11qv807
     K13R74J |C2014 03 12.35407 16 13 46.06 -49 34 08.5          17.8 Vu~11qv807
     K13R74J |C2014 03 12.35582 16 13 44.14 -49 34 19.1          17.6 Vu~11qv807
     K13R74J |C2014 03 21.30611 13 57 58.51 -55 10 21.4          17.9 Vu~128g807
     K13R74J |C2014 03 21.30864 13 57 56.72 -55 10 21.1          18.0 Vu~128g807
     K13R74J |C2014 03 21.31116 13 57 54.94 -55 10 20.8          18.0 Vu~128g807
     K13R74J |C2014 03 21.31368 13 57 53.15 -55 10 20.4          18.0 Vu~128g807
     K13R74J |C2014 03 21.31621 13 57 51.35 -55 10 20.1          18.1 Vu~128g807
     K13R74J |C2014 04 30.97793 11 46 55.98 -41 54 29.3          20.6 Vu~13hz807
     K13R74J |C2014 04 30.98202 11 46 55.96 -41 54 25.3          20.1 Vu~13hz807
     K13R74J |C2014 04 30.98632 11 46 55.96 -41 54 21.4          20.4 Vu~13hz807
