     K13F13W* C2013 03 23.47435 16 58 06.70 +19 50 07.8          19.3 Vu~0qTy703
     K13F13W  C2013 03 23.48115 16 58 04.18 +19 51 03.9          19.8 Vu~0qTy703
     K13F13W  C2013 03 23.48802 16 58 01.59 +19 52 02.7          19.6 Vu~0qTy703
     K13F13W  C2013 03 23.49491 16 57 58.86 +19 52 59.3          19.3 Vu~0qTy703
     K13F13W  C2013 03 23.51754 16 57 50.40 +19 56 06.7          19.9 Vu~0qTy703
     K13F13W  C2013 03 23.51822 16 57 50.11 +19 56 12.0          20.2 Vu~0qTy703
     K13F13W  C2013 03 23.51889 16 57 49.78 +19 56 17.4          19.9 Vu~0qTy703
     K13F13W  C2013 03 23.51956 16 57 49.64 +19 56 22.4          19.6 Vu~0qTy703
     K13F13W  C2013 03 24.38942 16 52 45.69 +21 52 36.6          20.0 Vu~0qTyG96
     K13F13W  C2013 03 24.39024 16 52 45.40 +21 52 43.1          20.3 Vu~0qTyG96
     K13F13W  C2013 03 24.39099 16 52 45.12 +21 52 48.5          20.3 Vu~0qTyG96
     K13F13W  C2013 03 24.39181 16 52 44.76 +21 52 55.7          20.1 Vu~0qTyG96
     K13F13W  C2013 03 24.39256 16 52 44.50 +21 53 01.1          20.0 Vu~0qTyG96
     K13F13W  C2013 03 24.39339 16 52 44.22 +21 53 07.5          20.0 Vu~0qTyG96
     K13F13W  C2013 03 24.39415 16 52 43.96 +21 53 13.6          20.1 Vu~0qTyG96
     K13F13W  C2013 03 24.39496 16 52 43.64 +21 53 19.3          20.6 Vu~0qTyG96
     K13F13W  C2013 03 24.51697 16 51 58.42 +22 09 08.4          20.3 Vu~0qTy703
     K13F13W  C2013 03 24.51777 16 51 58.18 +22 09 15.9          19.9 Vu~0qTy703
     K13F13W  C2013 03 24.51857 16 51 57.89 +22 09 22.4          20.9 Vu~0qTy703
     K13F13W  C2013 03 24.51935 16 51 57.62 +22 09 28.2          20.2 Vu~0qTy703
     K13F13W  C2013 03 26.40889 16 41 14.88 +25 56 16.8          19.6 Rt~0qTyH01
     K13F13W  C2013 03 26.41354 16 41 13.25 +25 56 48.0          19.3 Rt~0qTyH01
     K13F13W  C2013 03 26.42092 16 41 10.62 +25 57 37.9          20.0 Rt~0qTyH01
     K13F13W  C2013 03 26.43053 16 41 07.22 +25 58 42.7          19.7 Rt~0qTyH01
     K13F13W KC2013 03 26.47417816 40 51.50 +26 03 39.1          19.6 Rt~0qTy711
     K13F13W KC2013 03 26.47752416 40 50.31 +26 04 01.4          19.6 Rt~0qTy711
     K13F13W KC2013 03 26.48109316 40 49.04 +26 04 25.1          19.6 Rt~0qTy711
     K13F13W KC2013 03 26.48444016 40 47.83 +26 04 47.6          19.6 Rt~0qTy711
     K13F13W  C2013 04 02.26385 16 05 33.44 +35 49 29.1          20.3 Vo~0qTy691
     K13F13W  C2013 04 02.26676 16 05 32.61 +35 49 40.7          20.5 Vo~0qTy691
     K13F13W  C2013 04 02.26969 16 05 31.66 +35 49 52.9          20.4 Vo~0qTy691
     K13F13W KC2013 04 02.38742016 04 54.51 +35 57 33.1          20.2 Vu~0qTyH21
     K13F13W KC2013 04 02.39257016 04 52.93 +35 57 52.9          20.1 Vu~0qTyH21
     K13F13W KC2013 04 02.39735116 04 51.44 +35 58 11.3          20.1 Vu~0qTyH21
     K13F13W KC2013 04 03.37458716 00 09.54 +36 58 08.9          20.8 Vu~0qTyH21
     K13F13W HC2013 04 03.37761 16 00 09.86 +36 58 22.6                o~0qTy691
     K13F13W HC2013 04 03.38022 16 00 09.09 +36 58 32.1                o~0qTy691
     K13F13W KC2013 04 03.38285116 00 07.02 +36 58 37.6          21.2 Vu~0qTyH21
     K13F13W KC2013 04 03.39280316 00 04.02 +36 59 12.9          20.5 Vu~0qTyH21
     K13F13W ^C2013 04 10.44462 15 28 44.54 +42 05 30.1          19.8 Ro~0swW695
     K13F13W ^C2013 04 10.44547 15 28 44.30 +42 05 31.4          19.9 Ro~0swW695
     K13F13W ^C2013 04 10.44631 15 28 44.09 +42 05 33.3          19.8 Ro~0swW695
     K13F13W ^C2013 04 10.44747 15 28 43.81 +42 05 35.6          19.9 Ro~0swW695
     K13F13W ^C2013 04 10.44832 15 28 43.56 +42 05 36.5          19.8 Ro~0swW695
     K13F13W ^C2013 04 10.44918 15 28 43.34 +42 05 38.2          19.9 Ro~0swW695
     K13F13W KC2013 04 10.47751 15 28 35.99 +42 06 28.4          20.0 Ro~0qlA291
     K13F13W KC2013 04 10.47948 15 28 35.47 +42 06 31.9          20.1 Ro~0qlA291
     K13F13W KC2013 04 10.48146 15 28 34.95 +42 06 35.5          20.0 Ro~0qlA291
     K13F13W ]C2013 04 11.29474 15 25 19.25 +42 30 05.2          20.9 Ro~0qlA695
     K13F13W ]C2013 04 11.29778 15 25 18.51 +42 30 10.0          20.8 Ro~0qlA695
     K13F13W ]C2013 04 11.30071 15 25 17.75 +42 30 15.5          20.9 Ro~0qlA695
     K13F13W ]C2013 04 11.30420 15 25 16.87 +42 30 21.4          20.8 Ro~0qlA695
     K13F13W KC2013 04 11.48702 15 24 29.95 +42 35 22.5          21.3 Ro~0qlA291
     K13F13W KC2013 04 11.48927 15 24 29.36 +42 35 25.5          21.1 Ro~0qlA291
     K13F13W KC2013 04 11.49153 15 24 28.82 +42 35 28.4          21.2 Ro~0qlA291
     K13F13W KC2013 04 20.41109 14 52 43.04 +44 58 23.4          20.7 Ro~0rKu291
     K13F13W KC2013 04 20.41418 14 52 42.41 +44 58 24.3          20.3 Ro~0rKu291
     K13F13W KC2013 04 20.41726 14 52 41.79 +44 58 25.6          20.9 Ro~0rKu291
     K13F13W HC2013 04 21.46709 14 49 28.97 +45 04 36.3          21.3 Ro~0rKu291
     K13F13W HC2013 04 21.47043 14 49 28.36 +45 04 37.3          20.9 Ro~0rKu291
     K13F13W HC2013 04 21.47377 14 49 27.70 +45 04 38.0          21.0 Ro~0rKu291
     K13F13W KC2013 05 01.24411314 24 56.15 +44 50 55.4                u~0rW4H21
     K13F13W KC2013 05 01.25904714 24 54.17 +44 50 48.9          22.2 Vu~0rW4H21
     K13F13W KC2013 05 01.27524114 24 52.04 +44 50 41.9          22.1 Vu~0rW4H21
     K13F13W KC2013 05 08.18229414 12 50.00 +43 44 26.9          22.2 Vu~0rpwH21
     K13F13W KC2013 05 08.19771514 12 48.57 +43 44 15.8                u~0rpwH21
     K13F13W KC2013 05 08.21792814 12 46.62 +43 44 00.8          22.4 Vu~0rpwH21
