     K13U00B* C2013 10 16.25495 02 31 14.76 +40 56 52.8          18.9 Vq~0vu9G96
     K13U00B  C2013 10 16.26440 02 31 01.77 +40 58 58.0          19.1 Vq~0vu9G96
     K13U00B  C2013 10 16.27163 02 30 51.74 +41 00 33.4          19.2 Vq~0vu9G96
     K13U00B  C2013 10 16.27886 02 30 41.58 +41 02 08.7          18.8 Vq~0vuAG96
     K13U00B  C2013 10 16.36889 02 28 28.98 +41 21 26.5          19.1 Vq~0vuAG96
     K13U00B  C2013 10 16.36940 02 28 28.20 +41 21 33.0          19.0 Vq~0vuAG96
     K13U00B  C2013 10 16.36991 02 28 27.40 +41 21 39.8          18.9 Vq~0vuAG96
     K13U00B  C2013 10 16.37043 02 28 26.67 +41 21 45.8          18.8 Vq~0vuAG96
     K13U00B  C2013 10 16.42162 02 27 07.89 +41 32 19.2          18.9 Vq~0vuAG96
     K13U00B  C2013 10 16.43177 02 26 52.00 +41 34 23.7          19.5 Vq~0vuAG96
     K13U00B  C2013 10 16.43906 02 26 40.77 +41 35 52.5          19.3 Vq~0vuAG96
     K13U00B KC2013 10 16.76444 02 19 50.44 +42 47 28.7                q~0vuAJ95
     K13U00B bC2013 10 16.84397 02 17 32.51 +43 13 17.4                q~0vuA204
     K13U00B KC2013 10 16.84647 02 17 27.33 +43 12 22.4          18.0 Rq~0vuAJ95
     K13U00B KC2013 10 16.85041 02 17 19.90 +43 13 35.0                q~0vuAJ95
     K13U00B KC2013 10 16.85665 02 17 08.12 +43 15 31.4                q~0vuAJ95
     K13U00B bC2013 10 16.86183 02 16 57.66 +43 18 49.9                q~0vuA204
     K13U00B bC2013 10 16.86939 02 16 42.63 +43 21 11.4          18.7 Rq~0vuA204
     K13U00B KC2013 10 17.12454102 08 13.03 +44 40 25.8          18.4 Vr~0vuAH21
     K13U00B KC2013 10 17.13031202 07 58.51 +44 42 33.0          18.5 Vr~0vuAH21
     K13U00B KC2013 10 17.13616502 07 43.63 +44 44 41.4          18.2 Vr~0vuAH21
     K13U00B  C2013 10 17.33496 01 58 29.23 +45 59 16.6          18.2 Vq~0vuAG96
     K13U00B  C2013 10 17.33524 01 58 28.34 +45 59 22.8          18.1 Vq~0vuAG96
     K13U00B  C2013 10 17.33551 01 58 27.42 +45 59 29.1          18.3 Vq~0vuAG96
     K13U00B  C2013 10 17.33580 01 58 26.49 +45 59 35.5          18.2 Vq~0vuAG96
     K13U00B KC2013 10 17.77578801 33 05.49 +48 58 21.3          18.6 Rq~0vuAJ95
     K13U00B KC2013 10 17.79137901 31 51.37 +49 06 46.8          17.8 Rq~0vuAJ95
     K13U00B KC2013 10 17.80118201 31 03.63 +49 12 06.5          17.8 Rq~0vuAJ95
     K13U00B  C2013 10 18.13881 00 57 20.68 +52 20 07.4          17.2 Ro~0vuA926
     K13U00B  C2013 10 18.13965 00 57 13.83 +52 20 39.7          17.3 Ro~0vuA926
     K13U00B  C2013 10 18.14050 00 57 06.97 +52 21 12.1          17.3 Ro~0vuA926
     K13U00B KC2013 10 18.16298700 53 16.05 +52 35 14.9          18.0 Vu~0vuAH21
     K13U00B KC2013 10 18.16506600 52 58.21 +52 36 28.1          17.4 Vu~0vuAH21
     K13U00B KC2013 10 18.16605300 52 49.70 +52 37 03.1          17.6 Vu~0vuAH21
     K13U00B KC2013 10 18.16703800 52 41.20 +52 37 37.8          17.8 Vu~0vuAH21
     K13U00B KC2013 10 18.16802700 52 32.58 +52 38 12.3          17.0 Vu~0vuAH21
     K13U00B KC2013 10 18.16901200 52 24.13 +52 38 47.5          17.5 Vu~0vuAH21
     K13U00B KC2013 10 18.17000000 52 15.51 +52 39 21.7          17.1 Vu~0vuAH21
     K13U00B KC2013 10 18.17098100 52 07.11 +52 39 56.3          17.8 Vu~0vuAH21
     K13U00B KC2013 10 18.17295100 51 49.97 +52 41 05.4          17.3 Vu~0vuAH21
     K13U00B  C2013 10 18.25962 00 39 09.09 +53 33 17.7          17.4 Ro~0vuA926
     K13U00B  C2013 10 18.26046 00 39 00.60 +53 33 46.5          17.3 Ro~0vuA926
     K13U00B  C2013 10 18.26130 00 38 52.27 +53 34 14.6          17.5 Ro~0vuA926
     K13U00B  C2013 10 18.45084 00 03 09.15 +55 02 18.8          17.1 Ro~0vuA926
     K13U00B  C2013 10 18.45170 00 02 58.59 +55 02 36.9          17.0 Ro~0vuA926
     K13U00B  C2013 10 18.45255 00 02 48.04 +55 02 55.2          17.2 Ro~0vuA926
     K13U00B  C2013 10 19.07963 21 00 54.97 +53 28 01.7          16.6 Ro~0vuA926
     K13U00B  C2013 10 19.08046 21 00 36.67 +53 26 59.1          16.7 Ro~0vuA926
     K13U00B  C2013 10 19.08128 21 00 18.43 +53 25 55.0          16.6 Ro~0vuA926
     K13U00B KC2013 10 19.10084 20 52 20.80 +52 54 55.3          16.7 Rq~0vuAH36
     K13U00B KC2013 10 19.10553 20 50 39.35 +52 48 01.7          16.6 Rq~0vuAH36
     K13U00B KC2013 10 19.10669 20 50 14.03 +52 46 18.2          16.5 Rq~0vuAH36
     K13U00B  C2013 10 19.16074 20 31 35.00 +51 25 07.5          16.8 Ro~0vuA926
     K13U00B  C2013 10 19.16155 20 31 17.73 +51 23 40.6          16.4 Ro~0vuA926
     K13U00B  C2013 10 19.16238 20 31 00.40 +51 22 14.2          17.0 Ro~0vuA926
     K13U00B  C2013 10 19.17529420 26 23.08 +50 56 48.5          16.2 Rt~0wEPH01
     K13U00B  C2013 10 19.18330720 23 37.88 +50 41 52.5          16.4 Rt~0wEPH01
     K13U00B  C2013 10 19.18963120 21 28.48 +50 29 50.6          16.3 Rt~0wEPH01
     K13U00B  C2013 10 19.19655320 19 07.87 +50 16 25.6          16.6 Rt~0wEPH01
     K13U00B  C2013 10 19.20311620 16 55.71 +50 03 29.5          16.4 Rt~0wEPH01
     K13U00B KC2013 10 19.76336518 08 07.91 +26 30 33.0                q~0vuAJ95
     K13U00B KC2013 10 19.77144318 06 50.70 +26 09 19.1          18.3 Rq~0vuAJ95
     K13U00B KC2013 10 19.77556518 06 11.68 +25 58 30.2          18.3 Rq~0vuAJ95
     K13U00B KC2013 10 19.77962018 05 33.61 +25 47 53.3          18.6 Rq~0vuAJ95
     K13U00B KC2013 10 19.78771018 04 18.46 +25 26 46.4          18.3 Rq~0vuAJ95
     K13U00B KC2013 10 19.79177518 03 41.07 +25 16 12.5          18.5 Rq~0vuAJ95
     K13U00B KC2013 10 19.79587818 03 03.69 +25 05 32.3          18.9 Rq~0vuAJ95
     K13U00B KC2013 10 19.80407618 01 49.72 +24 44 19.0          18.3 Rq~0vuAJ95
     K13U00B KC2013 10 19.81725917 59 53.14 +24 10 24.6          18.3 Rq~0vuAJ95
     K13U00B KC2013 10 19.82129217 59 18.10 +24 00 05.3          18.6 Rq~0vuAJ95
     K13U00B KC2013 10 19.85029117 55 13.37 +22 46 37.8                q~0vuAJ95
