     K13N00W* C2013 07 02.34438 16 43 48.685-09 10 00.86         22.2 wL~0szUF51
     K13N00W  C2013 07 02.35765 16 43 46.918-09 09 41.25         21.9 wL~0szUF51
     K13N00W  C2013 07 02.37088 16 43 45.148-09 09 21.83         22.0 wL~0szUF51
     K13N00W KC2013 07 03.19423816 42 01.72 -08 48 31.2          21.6 Rq~0szUW85
     K13N00W KC2013 07 03.20043416 42 00.87 -08 48 21.9          21.5 Rq~0szUW85
     K13N00W KC2013 07 03.20663216 42 00.05 -08 48 12.6          21.5 Rq~0szUW85
     K13N00W KC2013 07 03.21231216 41 59.31 -08 48 04.0          21.8 Rq~0szUW85
     K13N00W _C2013 07 03.44300516 41 30.327-08 42 35.61         21.8 Rt~0szU568
     K13N00W _C2013 07 03.44425916 41 30.159-08 42 33.67         21.8 Rt~0szU568
     K13N00W _C2013 07 03.44551216 41 29.992-08 42 31.78         21.7 Rt~0szU568
     K13N00W KC2013 07 04.17803816 39 58.71 -08 24 07.0          22.2 Vu~0szUH21
     K13N00W KC2013 07 04.19370116 39 56.64 -08 23 42.9          22.3 Vu~0szUH21
     K13N00W KC2013 07 04.20995416 39 54.47 -08 23 18.5                u~0szUH21
     K13N00W 2C2013 07 06.45656816 35 11.096-07 25 10.94         21.9 Rt~0t6S568
     K13N00W 2C2013 07 06.46030116 35 10.597-07 25 05.02         22.0 Rt~0t6S568
     K13N00W 2C2013 07 06.46402716 35 10.109-07 24 59.11         22.0 Rt~0t6S568
     K13N00W KC2013 07 08.10979316 31 44.36 -06 41 31.3          22.1 Vu~0t6SH21
     K13N00W KC2013 07 08.12243616 31 42.66 -06 41 11.6          22.2 Vu~0t6SH21
     K13N00W KC2013 07 08.15072916 31 38.89 -06 40 26.0          22.4 Vu~0t6SH21
     K13N00W KC2013 07 10.82209316 26 04.94 -05 27 20.4          21.6 Vq~0t6SK91
     K13N00W KC2013 07 10.83347016 26 03.42 -05 27 01.7          21.5 Vq~0t6SK91
     K13N00W KC2013 07 10.84432216 26 01.98 -05 26 43.8          21.5 Vq~0t6SK91
     K13N00W KC2013 07 13.11852616 21 21.28 -04 23 39.5                u~0tBwH21
     K13N00W KC2013 07 13.13427416 21 19.22 -04 23 12.6          21.9 Vu~0tBwH21
     K13N00W KC2013 07 13.15102316 21 17.04 -04 22 44.1          22.1 Vu~0tBwH21
     K13N00W KC2013 07 13.15561416 21 16.41 -04 22 36.7          21.8 Vu~0tBwH21
     K13N00W KC2013 07 25.09740215 58 08.84 +01 37 22.8                u~0tK4H21
     K13N00W KC2013 07 25.11311015 58 06.98 +01 37 53.4          21.9 Vu~0tK4H21
     K13N00W KC2013 07 25.12854315 58 05.16 +01 38 23.2          22.2 Vu~0tK4H21
     K13N00W KC2013 07 26.11167115 56 17.71 +02 10 19.3          22.1 Vu~0tK4H21
     K13N00W KC2013 07 26.12281615 56 16.40 +02 10 40.9          21.9 Vu~0tK4H21
     K13N00W KC2013 07 26.13438015 56 15.03 +02 11 03.8          21.8 Vu~0tK4H21
     K13N00W KC2013 08 02.09187915 43 51.16 +06 10 55.9          21.9 Vu~0tRLH21
     K13N00W KC2013 08 02.10594115 43 49.56 +06 11 26.8          22.0 Vu~0tRLH21
     K13N00W KC2013 08 02.11889115 43 48.07 +06 11 54.6          22.2 Vu~0tRLH21
     K13N00W ]C2013 10 12.46228 08 10 33.46 +33 22 46.3          21.7 Ro~0vs1695
     K13N00W ]C2013 10 12.46622 08 10 32.83 +33 22 38.8          21.8 Ro~0vs1695
     K13N00W ]C2013 10 12.47017 08 10 32.14 +33 22 30.8          21.9 Ro~0vs1695
     K13N00W ]C2013 10 12.47412 08 10 31.48 +33 22 22.8          21.9 Ro~0vs1695
     K13N00W KC2013 10 12.48305 08 10 29.98 +33 22 05.2          21.3 Ro~0vIE291
     K13N00W KC2013 10 12.49163 08 10 28.53 +33 21 48.2          21.9 Ro~0vIE291
     K13N00W KC2013 10 12.50024 08 10 27.08 +33 21 31.2          21.6 Ro~0vIE291
     K13N00W KC2013 10 30.42381 07 33 04.21 +25 11 20.1          21.6 Ro~0wCj291
     K13N00W KC2013 10 30.43947 07 33 02.22 +25 11 00.0          20.9 Ro~0wCj291
     K13N00W KC2013 10 30.45528 07 33 00.19 +25 10 40.4          21.8 Ro~0wCj291
