     K13P31W  C2013 06 19.46878 17 39 30.93 +02 14 26.4          20.5  t~0tcOF51
     K13P31W  C2013 06 19.47878 17 39 33.46 +02 14 33.1          20.2  t~0tcOF51
     K13P31W  C2013 08 08.52064 22 38 34.53 -05 08 31.3          20.4  t~0tcOF51
     K13P31W  C2013 08 08.53134 22 38 35.90 -05 08 41.3          20.4  t~0tcOF51
     K13P31W* C2013 08 12.26598 22 47 02.80 -06 05 32.2          21.2 Vo~0tcO691
     K13P31W  C2013 08 12.28362 22 47 04.66 -06 05 47.7          20.8 Vo~0tcO691
     K13P31W  C2013 08 12.30127 22 47 06.54 -06 06 04.0          21.1 Vo~0tcO691
     K13P31W KC2013 08 12.34499 22 47 10.91 -06 06 42.6          20.6 Ro~0tcO291
     K13P31W KC2013 08 12.34865 22 47 11.27 -06 06 45.9          20.8 Ro~0tcO291
     K13P31W KC2013 08 12.35231 22 47 11.64 -06 06 49.0          20.8 Ro~0tcO291
     K13P31W KC2013 08 12.48048 22 47 24.56 -06 08 39.6          20.5 Ro~0tcO291
     K13P31W KC2013 08 12.48489 22 47 25.04 -06 08 43.6          20.9 Ro~0tcO291
     K13P31W KC2013 08 13.33656 22 49 05.42 -06 20 58.8          20.2 Ro~0tcO291
     K13P31W KC2013 08 13.34446 22 49 06.16 -06 21 05.6          20.4 Ro~0tcO291
     K13P31W KC2013 08 13.35236 22 49 06.92 -06 21 12.2          20.5 Ro~0tcO291
     K13P31W HC2013 08 14.23381 22 50 44.34 -06 33 35.8          21.0 Ro~0tcO291
     K13P31W HC2013 08 14.23526 22 50 44.44 -06 33 36.6          21.5 Ro~0tcO291
     K13P31W HC2013 08 14.23670 22 50 44.60 -06 33 37.4          20.7 Ro~0tcO291
