     K13P13V* C2013 08 06.98874 23 22 29.23 +10 00 59.3          18.2 Vr~0tRwJ75
     K13P13V  C2013 08 06.99854 23 22 33.67 +10 00 58.5          18.4 Vr~0tRwJ75
     K13P13V  C2013 08 07.00843 23 22 38.00 +10 00 59.1          18.3 Vr~0tRwJ75
     K13P13V  C2013 08 07.24239 23 24 26.21 +10 01 03.5          18.8 rN~0tRwI41
     K13P13V  C2013 08 07.27852 23 24 42.60 +10 01 04.9          18.9 rN~0tRwI41
     K13P13V  C2013 08 07.31702 23 25 00.01 +10 01 06.1          18.7 rN~0tRxI41
     K13P13V  C2013 08 07.91178 23 29 40.61 +10 00 40.3          18.6 Rv~0tRx461
     K13P13V  C2013 08 07.91248 23 29 40.95 +10 00 40.0          18.2 Rv~0tRx461
     K13P13V  C2013 08 07.91318 23 29 41.27 +10 00 40.2          18.6 Rv~0tRx461
     K13P13V  C2013 08 07.91388 23 29 41.58 +10 00 40.3          18.4 Rv~0tRx461
     K13P13V  C2013 08 07.91527 23 29 42.25 +10 00 40.3          18.2 Rv~0tRx461
     K13P13V  C2013 08 07.91596 23 29 42.59 +10 00 40.2          18.4 Rv~0tRx461
     K13P13V  C2013 08 07.91668 23 29 42.90 +10 00 40.2          18.3 Rv~0tRx461
     K13P13V  C2013 08 07.91737 23 29 43.25 +10 00 40.3          18.4 Rv~0tRx461
     K13P13V KC2013 08 07.92201 23 29 45.78 +10 00 36.4                q~0tRxJ95
     K13P13V KC2013 08 07.92861 23 29 48.89 +10 00 36.6                q~0tRxJ95
     K13P13V KC2013 08 07.92993 23 29 49.15 +10 00 43.6          18.4 Rt~0tRxA79
     K13P13V KC2013 08 07.93371 23 29 51.30 +10 00 36.0          18.6 Rq~0tRxJ95
     K13P13V KC2013 08 07.93689 23 29 52.39 +10 00 43.5          18.2 Rt~0tRxA79
     K13P13V KC2013 08 07.94070 23 29 54.14 +10 00 43.4          18.2 Rt~0tRxA79
     K13P13V KC2013 08 07.94481 23 29 56.08 +10 00 43.3          18.6 Rt~0tRxA79
     K13P13V  C2013 08 07.98880 23 30 17.09 +10 00 38.6          18.3 Rr~0tRx106
     K13P13V  C2013 08 07.99084 23 30 18.09 +10 00 38.3          18.4 Rr~0tRx106
     K13P13V  C2013 08 07.99288 23 30 18.98 +10 00 38.0          18.3 Rr~0tRx106
     K13P13V  C2013 08 07.99494 23 30 20.02 +10 00 37.3          19.3 Rr~0tRx106
     K13P13V KC2013 08 08.01035 23 30 27.22 +10 00 37.3                q~0tRx595
     K13P13V KC2013 08 08.01462 23 30 29.23 +10 00 37.0          18.6 Vq~0tRx595
     K13P13V  C2013 08 08.23916 23 32 20.23 +10 00 26.0          18.7 rN~0tRxI41
     K13P13V  C2013 08 08.31639 23 32 57.38 +10 00 21.8          18.6 rN~0tRxI41
     K13P13V KC2013 08 08.33004 23 33 03.01 +10 00 18.1          19.0 Rq~0tRxH36
     K13P13V KC2013 08 08.33644 23 33 06.07 +10 00 17.5          18.6 Rq~0tRxH36
     K13P13V  C2013 08 08.35240 23 33 14.62 +10 00 19.6          18.6 rN~0tRxI41
     K13P13V IC2013 08 08.35311 23 33 13.93 +10 00 15.8                q~0tRxH36
     K13P13V  C2013 08 09.31229 23 41 21.97 +09 58 04.3          18.6 rN~0tRxI41
     K13P13V  C2013 08 09.40925 23 42 11.21 +09 57 47.3          18.5 rN~0tRxI41
     K13P13V  C2013 08 09.44576 23 42 29.76 +09 57 40.0          18.4 rN~0tRxI41
     K13P13V KC2013 08 11.10113 23 57 42.56 +09 49 20.2                q~0tby204
     K13P13V KC2013 08 11.10620 23 57 45.40 +09 49 18.3                q~0tby204
     K13P13V KC2013 08 11.10962 23 57 47.33 +09 49 16.9          18.6 Rq~0tby204
     K13P13V KC2013 08 11.30375 23 59 42.43 +09 48 06.6          18.7 Ro~0tRx291
     K13P13V KC2013 08 11.30666 23 59 44.10 +09 48 05.5          18.5 Ro~0tRx291
     K13P13V KC2013 08 11.36657900 00 17.10 +09 47 35.5          18.8 Vu~0tbyH21
     K13P13V KC2013 08 11.37039900 00 19.28 +09 47 33.9          18.8 Vu~0tbyH21
     K13P13V KC2013 08 11.37436600 00 21.54 +09 47 32.2          18.8 Vu~0tbyH21
     K13P13V KC2013 08 12.33420 00 10 01.67 +09 39 42.6          18.1 Ro~0tby291
     K13P13V KC2013 08 12.33588 00 10 02.68 +09 39 41.7          18.2 Ro~0tby291
     K13P13V KC2013 08 12.33730 00 10 03.54 +09 39 40.9          18.1 Ro~0tby291
     K13P13V  C2013 08 13.16273 00 18 45.37 +09 31 55.3          18.7 Rr~0tbyY00
     K13P13V  C2013 08 13.16342 00 18 45.75 +09 31 55.2          18.5 Rr~0tbyY00
     K13P13V  C2013 08 13.16413 00 18 46.27 +09 31 54.8          18.4 Rr~0tbyY00
     K13P13V  C2013 08 14.39097900 32 21.52 +09 15 06.9          18.3 Vu~0tbyH21
     K13P13V  C2013 08 14.39472700 32 24.03 +09 15 03.6          18.2 Vu~0tbyH21
     K13P13V  C2013 08 14.39845000 32 26.51 +09 15 00.2          18.3 Vu~0tbyH21
     K13P13V  C2013 08 14.40117900 32 28.33 +09 14 57.9          18.2 Vu~0tbyH21
     K13P13V  C2013 08 14.40391000 32 30.16 +09 14 55.4          18.2 Vu~0tbyH21
     K13P13V KC2013 08 15.38449500 43 59.61 +08 59 12.6          18.7 Vu~0tbyH21
     K13P13V KC2013 08 15.38666500 44 01.13 +08 59 10.5          18.9 Vu~0tbyH21
     K13P13V KC2013 08 15.38873100 44 02.58 +08 59 08.3          18.8 Vu~0tbyH21
     K13P13V KC2013 08 15.39121900 44 04.33 +08 59 05.5          18.6 Vu~0tbyH21
     K13P13V KC2013 08 17.04775 01 04 37.50 +08 26 04.0          19.1 Rq~0tby160
     K13P13V KC2013 08 17.05050 01 04 39.55 +08 26 00.3          19.3 Rq~0tby160
     K13P13V KC2013 08 17.05326 01 04 41.62 +08 25 56.3          19.1 Rq~0tby160
     K13P13V |C2013 08 17.37167 01 08 45.72 +08 19 50.7          18.6 Vu~0tby807
     K13P13V |C2013 08 17.37541 01 08 48.56 +08 19 45.5          18.6 Vu~0tby807
     K13P13V |C2013 08 17.37917 01 08 51.39 +08 19 40.2          18.6 Vu~0tby807
     K13P13V KC2013 08 19.08057 01 31 29.22 +07 34 21.9          18.9 Rq~0tmo160
     K13P13V KC2013 08 19.08338 01 31 31.49 +07 34 17.1          19.1 Rq~0tmo160
     K13P13V KC2013 08 19.08617 01 31 33.74 +07 34 13.2          19.1 Rq~0tmo160
     K13P13V KC2013 08 19.38147401 35 35.19 +07 25 45.0          18.6 Vu~0tmoH21
     K13P13V KC2013 08 19.38457401 35 37.67 +07 25 39.6          18.6 Vu~0tmoH21
     K13P13V KC2013 08 19.38767401 35 40.15 +07 25 34.1          18.7 Vu~0tmoH21
     K13P13V KC2013 08 19.39076501 35 42.63 +07 25 28.6          18.7 Vu~0tmoH21
     K13P13V KC2013 08 19.39395101 35 45.18 +07 25 23.1          18.6 Vu~0tmoH21
     K13P13V KC2013 08 22.10308 02 13 39.16 +05 56 09.7                t~0tmo204
     K13P13V KC2013 08 22.10908 02 13 44.15 +05 55 57.0                t~0tmo204
     K13P13V KC2013 08 22.11515 02 13 49.20 +05 55 43.8          18.6 Rt~0tmo204
     K13P13V |C2013 08 30.41703 04 03 52.54 +00 32 12.7          19.1 Vu~0tmo807
     K13P13V |C2013 08 30.41932 04 03 54.07 +00 32 07.3          19.3 Vu~0tmo807
     K13P13V |C2013 08 30.42085 04 03 55.08 +00 32 04.2          19.1 Vu~0tmo807
     K13P13V |C2013 12 30.29112 07 03 03.19 -00 13 12.5          21.4 Vu~0yko807
     K13P13V |C2013 12 30.29898 07 03 02.48 -00 13 03.2          21.7 Vu~0yko807
     K13P13V |C2013 12 30.30774 07 03 01.69 -00 12 52.3          21.4 Vu~0yko807
     K13P13V KC2014 01 10.32647 06 48 35.86 +03 27 13.7          20.7 Ro~0zDy291
     K13P13V KC2014 01 10.33787 06 48 35.03 +03 27 26.4          22.2 Ro~0zDy291
