     K13G69G* C2013 04 10.43133 13 31 05.954-04 27 19.55         21.8 wL~0r6WF51
     K13G69G  C2013 04 10.44502 13 31 04.926-04 27 10.36         21.3 wL~0r6WF51
     K13G69G  C2013 04 10.45873 13 31 03.925-04 27 00.90         21.6 wL~0r6WF51
     K13G69G IC2013 04 11.19475113 30 10.59 -04 18 26.1                t~0r6WW85
     K13G69G KC2013 04 11.20185813 30 10.03 -04 18 21.0          21.4 Rt~0r6WW85
     K13G69G KC2013 04 11.20807313 30 09.56 -04 18 16.6          21.2 Rt~0r6WW85
     K13G69G KC2013 04 11.25651 13 30 06.17 -04 17 49.5          21.1 Ro~0r6W291
     K13G69G KC2013 04 11.26518 13 30 05.55 -04 17 43.4          21.6 Ro~0r6W291
     K13G69G KC2013 04 11.27386 13 30 04.87 -04 17 37.4                o~0r6W291
     K13G69G  C2013 04 13.31858 13 27 33.43 -03 53 44.7                o~0r6W711
     K13G69G  C2013 04 13.32211 13 27 33.16 -03 53 42.0                o~0r6W711
     K13G69G  C2013 04 13.32703 13 27 32.78 -03 53 38.7                o~0r6W711
     K13G69G KC2013 04 13.36413 13 27 30.03 -03 53 11.9          21.1 Ro~0r6W291
     K13G69G KC2013 04 13.36847 13 27 29.68 -03 53 08.7          21.0 Ro~0r6W291
     K13G69G KC2013 04 13.37280 13 27 29.36 -03 53 06.1          21.1 Ro~0r6W291
     K13G69G |C2013 04 15.13910 13 25 16.09 -03 32 05.4          21.5 Vu~0r6W807
     K13G69G |C2013 04 15.14637 13 25 15.52 -03 32 00.4          21.3 Vu~0r6W807
     K13G69G |C2013 04 15.15290 13 25 15.06 -03 31 55.2          21.6 Vu~0r6W807
     K13G69G KC2013 04 18.21347 13 21 18.99 -02 55 25.5          20.4 Ro~0r6W291
     K13G69G KC2013 04 18.21781 13 21 18.65 -02 55 21.7          20.7 Ro~0r6W291
     K13G69G KC2013 04 18.22360 13 21 18.17 -02 55 17.6          20.7 Ro~0r6W291
     K13G69G KC2013 04 19.23267 13 19 59.31 -02 43 09.9          20.5 Ro~0r6W291
     K13G69G KC2013 04 19.23846 13 19 58.86 -02 43 05.8          20.8 Ro~0r6W291
     K13G69G KC2013 04 19.24425 13 19 58.41 -02 43 02.3          20.6 Ro~0r6W291
     K13G69G 8C2013 04 19.31216013 19 53.217-02 42 11.68         21.2 Rt~0r6WF65
     K13G69G 8C2013 04 19.31336313 19 53.105-02 42 10.97         21.1 Rt~0r6WF65
     K13G69G KC2013 04 20.20166 13 18 43.34 -02 31 30.4          20.8 Ro~0rKz291
     K13G69G KC2013 04 20.21034 13 18 42.66 -02 31 23.6          21.3 Ro~0rKz291
     K13G69G KC2013 04 20.21903 13 18 41.97 -02 31 18.1          21.3 Ro~0rKz291
     K13G69G KC2013 04 21.34306 13 17 13.20 -02 17 46.4          20.9 Ro~0rKz291
     K13G69G KC2013 04 21.34904 13 17 12.68 -02 17 42.0          21.2 Ro~0rKz291
     K13G69G KC2013 04 21.35503 13 17 12.24 -02 17 38.1          21.3 Ro~0rKz291
     K13G69G KC2013 04 29.36342 13 06 43.73 -00 42 48.0                o~0rWt291
     K13G69G KC2013 04 29.37771 13 06 42.59 -00 42 38.1          21.1 Ro~0rWt291
     K13G69G KC2013 04 29.39203 13 06 41.51 -00 42 28.3          21.7 Ro~0rWt291
     K13G69G KC2013 05 01.33703 13 04 12.48 -00 20 16.8          20.8 Ro~0rWt291
     K13G69G KC2013 05 01.34570 13 04 11.81 -00 20 11.5          21.2 Ro~0rWt291
     K13G69G KC2013 05 01.35439 13 04 11.17 -00 20 04.8          21.0 Ro~0rWt291
     K13G69G KC2013 05 02.32171 13 02 58.06 -00 09 13.7          21.6 Ro~0rWt291
     K13G69G KC2013 05 02.32604 13 02 57.77 -00 09 10.4          21.0 Ro~0rWt291
     K13G69G KC2013 05 02.33038 13 02 57.39 -00 09 07.6          21.3 Ro~0rWt291
     K13G69G KC2013 05 10.24976 12 53 34.06 +01 13 47.1          21.7 Ro~0rq1291
     K13G69G KC2013 05 10.25914 12 53 33.37 +01 13 53.3          21.3 Ro~0rq1291
     K13G69G KC2013 05 10.26853 12 53 32.78 +01 13 58.6          21.2 Ro~0rq1291
     K13G69G KC2013 05 19.21001 12 44 45.86 +02 30 56.5          21.6 Ro~0rzb291
     K13G69G KC2013 05 19.21679 12 44 45.51 +02 31 00.0          21.0 Ro~0rzb291
     K13G69G KC2013 05 19.22360 12 44 45.09 +02 31 02.8          21.4 Ro~0rzb291
     K13G69G KC2013 05 30.15851 12 37 30.19 +03 36 00.9          20.9 Ro~0sIZ291
     K13G69G KC2013 05 30.16719 12 37 29.92 +03 36 02.7          21.4 Ro~0sIZ291
     K13G69G KC2013 05 30.17588 12 37 29.67 +03 36 05.2          21.2 Ro~0sIZ291
     K13G69G ]C2013 06 08.14629 12 34 46.21 +04 04 09.4          22.1 Ro~0sQz695
     K13G69G ]C2013 06 08.17051 12 34 45.94 +04 04 12.2          21.7 Ro~0sQz695
     K13G69G ]C2013 06 08.18678 12 34 45.77 +04 04 14.1          21.8 Ro~0sQz695
     K13G69G KC2013 06 09.19055 12 34 38.81 +04 05 57.8                o~0scS291
     K13G69G KC2013 06 09.21637 12 34 38.50 +04 06 00.4          21.4 Ro~0scS291
     K13G69G KC2013 06 11.19004 12 34 31.45 +04 08 37.5          21.9 Ro~0scS291
     K13G69G KC2013 06 11.25148 12 34 31.33 +04 08 41.0          21.8 Ro~0scS291
     K13G69G KC2013 06 28.20724 12 39 19.51 +03 50 16.1                o~0swW291
     K13G69G KC2013 06 28.22340 12 39 20.03 +03 50 12.2          21.4 Ro~0swW291
     K13G69G KC2013 11 16.01364 20 19 13.98 -21 27 00.7          21.1 Vq~0xS0821
     K13G69G KC2013 11 16.02704 20 19 19.76 -21 26 56.2          21.2 Vq~0xS0821
     K13G69G KC2013 11 16.03828 20 19 24.59 -21 26 51.8                q~0xS0821
     K13G69G |C2013 11 21.01554 20 55 16.42 -20 44 24.6          20.8 Vu~0xS0807
     K13G69G |C2013 11 21.02015 20 55 18.41 -20 44 20.8          20.6 Vu~0xS0807
     K13G69G |C2013 11 21.02476 20 55 20.33 -20 44 17.8          20.8 Vu~0xS0807
     K13G69G KC2013 11 26.07638 21 31 04.10 -19 33 20.9          20.0 Ro~0xS0291
     K13G69G KC2013 11 26.07718 21 31 04.40 -19 33 20.4          19.9 Ro~0xS0291
     K13G69G KC2013 11 26.07799 21 31 04.76 -19 33 19.6          20.4 Ro~0xS0291
     K13G69G |C2013 12 01.02242 22 04 32.85 -18 00 18.9          20.1 Vu~0xq9807
     K13G69G |C2013 12 01.02691 22 04 34.61 -18 00 13.7          19.9 Vu~0xq9807
     K13G69G |C2013 12 01.04531 22 04 41.80 -17 59 50.6          20.3 Vu~0xq9807
     K13G69G KC2013 12 03.09523 22 17 59.32 -17 16 14.4          20.4 Ro~0xq9291
     K13G69G KC2013 12 03.09685 22 17 59.93 -17 16 12.0          20.6 Ro~0xq9291
     K13G69G KC2013 12 07.11928 22 42 55.10 -15 43 38.6          19.7 Ro~0y6I291
     K13G69G KC2013 12 07.12103 22 42 55.74 -15 43 35.8          19.8 Ro~0y6I291
     K13G69G KC2013 12 07.12279 22 42 56.34 -15 43 33.5          19.9 Ro~0y6I291
     K13G69G KC2013 12 27.12523 00 23 11.54 -07 28 34.1          20.2 Ro~0yNE291
     K13G69G KC2013 12 27.12700 00 23 11.97 -07 28 31.4          20.7 Ro~0yNE291
     K13G69G KC2013 12 27.12877 00 23 12.46 -07 28 28.7          20.8 Ro~0yNE291
     K13G69G KC2014 01 21.09105 01 47 41.27 +01 04 09.7          21.0 Ro~0zhK291
     K13G69G KC2014 01 21.09539 01 47 41.97 +01 04 14.2          20.9 Ro~0zhK291
     K13G69G KC2014 01 21.09973 01 47 42.73 +01 04 18.6          21.1 Ro~0zhK291
