     K13W44X  C2013 11 27.50384 04 53 50.892+36 08 30.86         19.0 rL~0xqvF51
     K13W44X* C2013 11 27.51593 04 54 07.105+36 05 40.91         19.3 rL~0xqvF51
     K13W44X  C2013 11 27.54006 04 54 39.433+36 00 00.83         19.1 iL~0xqvF51
     K13W44X  C2013 11 27.55265 04 54 56.334+35 57 02.69         19.0 iL~0xqvF51
     K13W44X KC2013 11 28.00306 05 04 59.54 +34 18 25.1          18.6 Vq~0xqvC95
     K13W44X KC2013 11 28.01345 05 05 11.17 +34 16 18.0          20.2 Vq~0xqvC95
     K13W44X KC2013 11 28.02320 05 05 22.06 +34 14 18.3          19.8 Vq~0xqvC95
     K13W44X KC2013 11 28.03249 05 05 32.37 +34 12 22.8          19.1 Vq~0xqvC95
     K13W44X KC2013 11 28.04179 05 05 42.66 +34 10 28.2          19.0 Vq~0xqvC95
     K13W44X  C2013 11 28.37807 05 11 57.48 +33 05 13.0          19.3 Ro~0xqv926
     K13W44X  C2013 11 28.37924 05 11 58.60 +33 04 59.5          19.3 Ro~0xqv926
     K13W44X  C2013 11 28.38039 05 11 59.71 +33 04 46.1          19.4 Ro~0xqv926
     K13W44X  C2013 11 28.41028 05 12 28.40 +32 59 02.1          19.8 Ro~0xqv926
     K13W44X  C2013 11 28.41144 05 12 29.48 +32 58 48.1          19.8 Ro~0xqv926
     K13W44X  C2013 11 28.41260 05 12 30.64 +32 58 35.5          19.9 Ro~0xqv926
     K13W44X KC2013 11 30.14720 05 35 27.78 +28 27 56.6                q~0xqvJ95
     K13W44X KC2013 11 30.15409 05 35 31.64 +28 27 03.0                q~0xqvJ95
     K13W44X KC2013 11 30.16660 05 35 38.69 +28 25 24.8          20.0 Rq~0xqvJ95
     K13W44X KC2013 12 03.30800 05 57 15.48 +23 30 08.2          20.5 Ro~0xqv291
     K13W44X KC2013 12 03.30999 05 57 15.95 +23 30 00.1          20.2 Ro~0xqv291
     K13W44X KC2013 12 03.31200 05 57 16.42 +23 29 52.0          20.2 Ro~0xqv291
     K13W44X 2C2013 12 03.53480205 58 11.763+23 15 08.49         20.6 Rt~0xqv568
     K13W44X 2C2013 12 03.53599905 58 12.016+23 15 03.63         20.4 Rt~0xqv568
     K13W44X 2C2013 12 03.53710005 58 12.253+23 14 59.11         20.6 Rt~0xqv568
     K13W44X ]C2013 12 06.34615 06 07 46.74 +20 44 24.2          21.4 Ro~0xqv695
     K13W44X ]C2013 12 06.34801 06 07 46.96 +20 44 19.6          21.0 Ro~0xqv695
     K13W44X ]C2013 12 06.34988 06 07 47.14 +20 44 14.3          21.2 Ro~0xqv695
     K13W44X ]C2013 12 06.35175 06 07 47.37 +20 44 09.6          21.1 Ro~0xqv695
     K13W44X 2C2013 12 10.57918706 15 31.796+18 27 38.24         22.2 Rt~0y6S568
     K13W44X 2C2013 12 10.58293906 15 31.997+18 27 32.46         22.0 Rt~0y6S568
