     K13J17W* C2013 05 11.33732 15 15 03.06 -17 46 32.3          19.5 Vu~0s0EG96
     K13J17W  C2013 05 11.34251 15 15 06.30 -17 45 30.2          19.8 Vu~0s0EG96
     K13J17W  C2013 05 11.34788 15 15 09.61 -17 44 26.6          19.5 Vu~0s0EG96
     K13J17W  C2013 05 11.38930 15 15 35.33 -17 36 12.5                u~0s0EG96
     K13J17W  C2013 05 11.38985 15 15 35.59 -17 36 06.2                u~0s0EG96
     K13J17W  C2013 05 11.39041 15 15 36.00 -17 35 59.1          19.4 Vu~0s0EG96
     K13J17W  C2013 05 11.39096 15 15 36.39 -17 35 52.0          19.3 Vu~0s0EG96
     K13J17W  C2013 05 11.39151 15 15 36.76 -17 35 46.0                u~0s0EG96
     K13J17W  C2013 05 11.41049 15 15 52.924-17 31 49.19         19.7 wL~0s0EF51
     K13J17W  C2013 05 11.42436 15 16 01.471-17 29 04.01         19.8 wL~0s0EF51
     K13J17W  C2013 05 11.98538 15 22 07.02 -15 36 53.7          20.2 Ro~0s0E033
     K13J17W KC2013 05 11.98899 15 22 10.47 -15 36 07.6                q~0s0EJ95
     K13J17W  C2013 05 12.00142 15 22 17.43 -15 33 31.3          20.2 Ro~0s0E033
     K13J17W KC2013 05 12.00237 15 22 18.79 -15 33 24.7                q~0s0EJ95
     K13J17W KC2013 05 12.01474 15 22 26.52 -15 30 54.2          19.6 Rq~0s0EJ95
     K13J17W KC2013 05 12.27823 15 25 18.37 -14 36 49.8          19.7  q~0s0EH36
     K13J17W KC2013 05 12.28399 15 25 21.85 -14 35 38.8          19.9  q~0s0EH36
     K13J17W KC2013 05 12.28976 15 25 25.44 -14 34 27.9          19.8  q~0s0EH36
     K13J17W  C2013 05 12.34022 15 25 58.03 -14 23 55.1          20.1 Rc~0s0E854
     K13J17W  C2013 05 12.34555 15 26 01.33 -14 22 51.2          19.7 Rc~0s0E854
     K13J17W KC2013 05 13.19034115 35 12.90 -11 26 55.5          19.5 Vu~0s0EH21
     K13J17W KC2013 05 13.19300615 35 14.53 -11 26 21.7          19.9 Vu~0s0EH21
     K13J17W KC2013 05 13.19564115 35 16.15 -11 25 48.7          20.0 Vu~0s0EH21
     K13J17W KC2013 05 13.19829815 35 17.78 -11 25 15.5          19.8 Vu~0s0EH21
     K13J17W KC2013 05 13.20098415 35 19.47 -11 24 41.7          19.4 Vu~0s0EH21
     K13J17W KC2013 05 18.32163 16 27 39.69 +06 15 37.8          20.7 Vq~0s0EH21
     K13J17W IC2013 05 18.32708 16 27 42.65 +06 16 39.4                q~0s0EH21
     K13J17W KC2013 05 18.33295 16 27 45.78 +06 17 46.7          20.7 Vq~0s0EH21
     K13J17W IC2013 05 19.30433 16 36 49.77 +09 17 48.0                q~0s0EH21
     K13J17W KC2013 05 19.31174 16 36 53.62 +09 19 07.9          20.2 Vq~0s0EH21
     K13J17W KC2013 05 19.31964 16 36 57.71 +09 20 32.6          20.6 Vq~0s0EH21
     K13J17W KC2013 06 04.28180918 16 19.65 +34 50 42.8          23.3 Vu~0sR4H21
     K13J17W KC2013 06 04.29045118 16 21.38 +34 51 03.0          23.5 Vu~0sR4H21
     K13J17W KC2013 06 04.31173418 16 25.71 +34 51 52.8                u~0sR4H21
