j4101K13B73P  C2003 04 01.43381714 07 56.560+06 54 46.98         19.5 Rt~0yko645
j4101K13B73P  C2003 04 01.43464714 07 56.460+06 54 48.42         20.4 Rt~0yko645
j4101K13B73P  C2003 04 01.43713414 07 56.215+06 54 52.16         19.6 Rt~0yko645
j4101K13B73P  C2003 04 03.51106 14 04 19.47 +07 50 15.2          19.9 Rc~0yko608
j4101K13B73P  C2003 04 03.52154 14 04 18.24 +07 50 32.3          20.0 Rc~0yko608
j4101K13B73P  C2003 04 03.53204 14 04 16.97 +07 50 49.8          19.9 Rc~0yko608
j4101K13B73P _C2012 02 28.41541212 07 18.837+13 24 25.61         22.1 Rt~0yko568
j4101K13B73P _C2012 02 28.45289912 07 15.164+13 24 59.85         22.0 Rt~0yko568
j4101K13B73P _C2012 02 28.49045912 07 11.441+13 25 33.48         22.0 Rt~0yko568
j4101K13B73P _C2012 02 28.52815312 07 07.715+13 26 07.74         21.8 Rt~0yko568
j4101K13B73P* C2013 01 22.24343 07 50 55.46 +31 14 38.3          21.4 Vr~0oGtG96
j4101K13B73P  C2013 01 22.24716 07 50 54.81 +31 14 39.6          21.1 Vr~0oGtG96
j4101K13B73P  C2013 01 22.25094 07 50 54.13 +31 14 41.5          20.2 Vr~0oGtG96
j4101K13B73P  C2013 01 22.25472 07 50 53.55 +31 14 43.1          21.5 Vr~0oGtG96
j4101K13B73P  C2013 01 22.25851 07 50 52.83 +31 14 44.3          21.2 Vr~0oGtG96
j4101K13B73P  C2013 01 22.32097 07 50 41.97 +31 15 08.2          21.3 Vr~0oGtG96
j4101K13B73P  C2013 01 22.32904 07 50 40.61 +31 15 10.9          21.7 Vr~0oGtG96
j4101K13B73P  C2013 01 22.33721 07 50 39.16 +31 15 14.5          21.4 Vr~0oGtG96
j4101K13B73P  C2013 01 23.30226 07 47 58.45 +31 21 03.6          21.6 Vr~0oGtG96
j4101K13B73P  C2013 01 23.30513 07 47 57.84 +31 21 04.6          21.2 Vr~0oGtG96
j4101K13B73P  C2013 01 23.30800 07 47 57.40 +31 21 05.5          21.6 Vr~0oGtG96
j4101K13B73P  C2013 01 23.31087 07 47 56.97 +31 21 07.1          21.4 Vr~0oGtG96
j4101K13B73P KC2013 01 31.18948 07 28 42.68 +31 50 01.4          20.9 Ro~0oGt291
j4101K13B73P KC2013 01 31.19556 07 28 41.92 +31 50 00.3          21.1 Ro~0oGt291
j4101K13B73P KC2013 01 31.20164 07 28 41.18 +31 50 02.6          21.1 Ro~0oGt291
j4101K13B73P KC2013 02 01.33221 07 26 19.48 +31 51 51.3          21.7 Ro~0oGt291
j4101K13B73P KC2013 02 01.34398 07 26 18.10 +31 51 51.4          21.6 Ro~0oGt291
j4101K13B73P KC2013 02 05.38063 07 18 47.02 +31 54 32.2          21.5 Ro~0oSG291
j4101K13B73P KC2013 02 05.38805 07 18 46.26 +31 54 31.6          20.9 Ro~0oSG291
j4101K13B73P KC2013 02 05.39545 07 18 45.50 +31 54 31.4          21.7 Ro~0oSG291
j4101K13B73P KC2013 02 06.21476707 17 24.42 +31 54 27.8          21.8 Rt~0oSG711
j4101K13B73P KC2013 02 06.22815507 17 23.06 +31 54 27.5                t~0oSG711
j4101K13B73P KC2013 02 06.24242707 17 21.61 +31 54 27.4          21.8 Rt~0oSG711
j4101K13B73P  C2013 02 13.34051 07 07 50.75 +31 46 43.6          21.7 Rt~0oSGH01
j4101K13B73P  C2013 02 13.34685 07 07 50.33 +31 46 42.8          21.8 Rt~0oSGH01
j4101K13B73P  C2013 02 13.35415 07 07 49.84 +31 46 41.8          21.9 Rt~0oSGH01
j4101K13B73P  C2013 02 13.36369 07 07 49.23 +31 46 40.6          22.0 Rt~0oSGH01
j4101K13B73P KC2013 02 17.35353 07 04 09.62 +31 38 20.3                o~0p6k291
j4101K13B73P KC2013 02 17.37284 07 04 08.70 +31 38 16.9          22.4 Ro~0p6k291
j4101K13B73P KC2013 02 17.39214 07 04 07.76 +31 38 14.2          22.3 Ro~0p6k291
j4101K13B73P 2C2013 03 09.22698407 00 14.037+30 37 44.90         23.2 Rt~0prx568
j4101K13B73P 2C2013 03 09.23101307 00 14.092+30 37 44.08         23.2 Rt~0prx568
j4101K13B73P KC2013 03 15.16586 07 02 36.09 +30 16 49.5          23.5 Rt~0prxH01
j4101K13B73P KC2013 03 15.17467 07 02 36.34 +30 16 47.6          23.6 Rt~0prxH01
j4101K13B73P KC2013 03 15.18127 07 02 36.54 +30 16 46.1          23.0 Rt~0prxH01
j4101K13B73P KC2013 03 15.18784 07 02 36.72 +30 16 44.7          23.4 Rt~0prxH01
j4101K13B73P 2C2013 04 12.33035007 27 12.961+28 27 51.15         24.5 Rt~0yko568
j4101K13B73P KC2015 11 23.44053 11 11 50.27 +03 05 18.3          20.3 Rq~1eO5H36
j4101K13B73P KC2015 11 23.45750 11 11 44.58 +03 06 21.3          20.5 Rq~1eO5H36
j4101K13B73P KC2015 11 23.47432 11 11 38.99 +03 07 20.9          20.6 Rq~1eO5H36
j4101K13B73P KC2015 11 23.49142 11 11 33.23 +03 08 22.6          20.2 Rq~1eO5H36
j4101K13B73P KC2015 12 08.01215 09 48 16.98 +17 29 21.9          19.7 Rq~1fMKA17
j4101K13B73P KC2015 12 08.02387 09 48 12.56 +17 30 01.7          19.4 Rq~1fMKA17
j4101K13B73P KC2015 12 08.03559 09 48 08.09 +17 30 41.2          19.3 Rq~1fMKA17
j4101K13B73P  C2015 12 08.37201 09 46 02.82 +17 49 28.3          19.4 Vq~1fMK703
j4101K13B73P  C2015 12 08.37802 09 46 00.57 +17 49 49.7          19.6 Vq~1fMK703
j4101K13B73P  C2015 12 08.38103 09 45 59.39 +17 49 59.7          19.5 Vq~1fMK703
j4101K13B73P  C2015 12 09.45763 09 39 13.19 +18 48 50.1          19.5 Rq~1fMKH45
j4101K13B73P  C2015 12 09.45904 09 39 12.59 +18 48 55.5          19.5 Rq~1fMKH45
j4101K13B73P  C2015 12 09.46002 09 39 12.24 +18 48 58.4          19.6 Rq~1fMKH45
j4101K13B73P  C2015 12 09.46167 09 39 11.55 +18 49 04.0          19.5 Rq~1fMKH45
j4101K13B73P  C2015 12 09.46282 09 39 11.13 +18 49 07.0          19.7 Rq~1fMKH45
j4101K13B73P  C2015 12 09.46462 09 39 10.39 +18 49 13.1          19.7 Rq~1fMKH45
j4101K13B73P  C2015 12 11.83599 09 24 04.75 +20 53 46.5          19.0 Rq~1g1GD29
j4101K13B73P  C2015 12 11.85715 09 23 56.33 +20 54 51.3          19.7 Rq~1g1GD29
j4101K13B73P  C2015 12 11.87832 09 23 47.85 +20 55 54.3          20.4 Rq~1g1GD29
j4101K13B73P  C2015 12 15.45189 09 00 36.64 +23 46 59.4          19.5 Rq~1g1GH45
j4101K13B73P  C2015 12 15.45383 09 00 35.79 +23 47 05.1          19.5 Rq~1g1GH45
j4101K13B73P  C2015 12 15.45484 09 00 35.37 +23 47 07.7          19.6 Rq~1g1GH45
j4101K13B73P  C2015 12 15.45584 09 00 35.00 +23 47 10.6          19.7 Rq~1g1GH45
j4101K13B73P  C2015 12 15.45682 09 00 34.65 +23 47 12.2          19.7 Rq~1g1GH45
j4101K13B73P  C2015 12 15.45815 09 00 34.05 +23 47 16.2          19.6 Rq~1g1GH45
j4101K13B73P  C2015 12 17.38945 08 47 59.83 +25 10 03.2          18.9 Vq~1g1G703
j4101K13B73P  C2015 12 17.39450 08 47 57.79 +25 10 16.4          19.5 Vq~1g1G703
j4101K13B73P  C2015 12 17.39905 08 47 55.41 +25 10 26.4          19.6 Rq~1g1GH45
j4101K13B73P  C2015 12 17.39955 08 47 55.73 +25 10 28.7          19.1 Vq~1g1G703
j4101K13B73P  C2015 12 17.40043 08 47 54.80 +25 10 29.6          19.4 Rq~1g1GH45
j4101K13B73P  C2015 12 17.40132 08 47 54.51 +25 10 31.5          19.6 Rq~1g1GH45
j4101K13B73P  C2015 12 17.40280 08 47 53.91 +25 10 34.6          19.6 Rq~1g1GH45
j4101K13B73P  C2015 12 17.40377 08 47 53.45 +25 10 37.3          19.7 Rq~1g1GH45
j4101K13B73P  C2015 12 17.40458 08 47 53.69 +25 10 41.4          18.5 Vq~1g1G703
j4101K13B73P  C2015 12 17.40484 08 47 53.07 +25 10 39.6          19.6 Rq~1g1GH45
j4101K13B73P  C2015 12 17.43188 08 47 42.63 +25 11 47.5          19.9 rR~1g1GG45
j4101K13B73P  C2015 12 17.43616 08 47 40.89 +25 11 58.1          19.7 rR~1g1GG45
j4101K13B73P  C2015 12 17.44047 08 47 39.17 +25 12 08.3          19.7 rR~1g1GG45
j4101K13B73P  C2015 12 17.44481 08 47 37.41 +25 12 18.7          19.2 rR~1g1GG45
j4101K13B73P  C2015 12 17.44929 08 47 35.61 +25 12 29.9          19.5 rR~1g1GG45
j4101K13B73P  C2015 12 17.47473 08 47 25.38 +25 13 31.9          19.6 rR~1g1GG45
j4101K13B73P  C2015 12 17.47948 08 47 23.47 +25 13 43.0          19.2 rR~1g1GG45
j4101K13B73P  C2015 12 19.42442 08 34 47.74 +26 29 03.7          19.4 Rq~1gmRH45
j4101K13B73P  C2015 12 19.42593 08 34 47.18 +26 29 06.6          19.4 Rq~1gmRH45
j4101K13B73P  C2015 12 19.42720 08 34 46.68 +26 29 09.6          19.5 Rq~1gmRH45
j4101K13B73P  C2015 12 19.42815 08 34 46.31 +26 29 11.5          19.6 Rq~1gmRH45
j4101K13B73P  C2015 12 19.42942 08 34 45.82 +26 29 14.8          19.2 Rq~1gmRH45
j4101K13B73P  C2015 12 19.43043 08 34 45.45 +26 29 16.8          19.2 Rq~1gmRH45
j4101K13B73P  C2015 12 19.43139 08 34 45.01 +26 29 18.9          19.3 Rq~1gmRH45
j4101K13B73P  C2015 12 19.43255 08 34 44.54 +26 29 21.8          19.3 Rq~1gmRH45
