     K13T68X  C2013 09 29.47214300 27 47.477-01 06 09.07         20.7 Rt~1l3ZF51
     K13T68X  C2013 09 29.48534600 27 46.634-01 06 32.40         20.7 Rt~1l3ZF51
     K13T68X  C2013 10 04.47872500 23 04.844-04 56 24.68         19.8 Rt~1l3ZF51
     K13T68X  C2013 10 04.49017600 23 03.348-04 57 13.12         19.6 Rt~1l3ZF51
     K13T68X* C2013 10 06.25997 00 19 57.36 -07 32 42.6          19.7 Vq~0vMe703
     K13T68X  C2013 10 06.26500 00 19 56.42 -07 33 16.8          19.5 Vq~0vMe703
     K13T68X  C2013 10 06.27008 00 19 55.50 -07 33 48.9          19.5 Vq~0vMe703
     K13T68X  C2013 10 06.27513 00 19 54.55 -07 34 22.7          19.9 Vq~0vMe703
     K13T68X KC2013 10 06.33633 00 19 44.81 -07 41 14.2          19.5 Rt~0vMeG58
     K13T68X KC2013 10 06.33900 00 19 44.32 -07 41 31.4          19.6 Rt~0vMeG58
     K13T68X  C2013 10 06.34040 00 19 42.40 -07 41 29.8          19.1 Vq~0vMe703
     K13T68X KC2013 10 06.34178 00 19 43.83 -07 41 49.8          19.3 Rt~0vMeG58
     K13T68X KC2013 10 06.34455 00 19 43.28 -07 42 08.4          19.5 Rt~0vMeG58
     K13T68X  C2013 10 06.34713 00 19 41.16 -07 42 14.4          20.6 Vq~0vMe703
     K13T68X KC2013 10 06.34722 00 19 42.81 -07 42 25.7          19.4 Rt~0vMeG58
     K13T68X  C2013 10 06.35388 00 19 39.78 -07 42 58.8          20.2 Vq~0vMe703
     K13T68X  C2013 10 06.36068 00 19 38.59 -07 43 42.3                q~0vMe703
     K13T68X KC2013 10 06.93897 00 18 18.45 -08 53 56.8                q~0vMeJ95
     K13T68X KC2013 10 06.94267 00 18 17.73 -08 54 25.8          19.7 Rq~0vMeJ95
     K13T68X WC2013 10 06.94640 00 18 16.99 -08 54 53.8                q~0vMeJ95
     K13T68X |C2013 10 07.09719 00 17 55.00 -09 11 37.3          20.0 Vu~0vMe807
     K13T68X |C2013 10 07.10109 00 17 54.12 -09 12 09.3          20.1 Vu~0vMe807
     K13T68X |C2013 10 07.10498 00 17 53.23 -09 12 41.4          20.0 Vu~0vMe807
     K13T68X KC2013 10 07.29059 00 17 15.67 -09 41 40.1          20.5 Rq~0vMe448
     K13T68X KC2013 10 07.30995 00 17 11.04 -09 44 27.9          19.8 Rq~0vMe448
     K13T68X KC2013 10 07.32892 00 17 06.49 -09 47 12.6          19.7 Rq~0vMe448
     K13T68X  C2013 10 08.26830 00 13 50.82 -12 27 31.7          18.9 Ro~0vMe926
     K13T68X  C2013 10 08.27065 00 13 50.04 -12 28 00.7          19.0 Ro~0vMe926
     K13T68X  C2013 10 08.27299 00 13 49.21 -12 28 30.1          19.0 Ro~0vMe926
     K13T68X  C2013 10 09.19262 00 09 17.05 -16 06 39.1          18.9 Rt~0vMeH01
     K13T68X  C2013 10 09.20111 00 09 13.27 -16 09 04.1          18.8 Rt~0vMeH01
     K13T68X KC2013 10 09.20151 00 09 10.25 -16 09 25.6          18.8 Rq~0vMeH36
     K13T68X KC2013 10 09.20503 00 09 08.67 -16 10 26.4          18.9 Rq~0vMeH36
     K13T68X KC2013 10 09.20853 00 09 07.13 -16 11 25.2          19.4 Rq~0vMeH36
     K13T68X  C2013 10 09.21131 00 09 08.66 -16 11 58.9          18.7 Rt~0vMeH01
     K13T68X  C2013 10 09.21490 00 09 07.05 -16 13 00.2          19.0 Rt~0vMeH01
