     K13T04G* C2013 10 02.34866 03 08 47.75 +26 09 05.8          20.9 Vo~0uwk691
     K13T04G  C2013 10 02.36689 03 08 49.06 +26 09 27.9          21.5 Vo~0uwk691
     K13T04G  C2013 10 02.38537 03 08 50.44 +26 09 50.0          21.3 Vo~0uwk691
     K13T04G KC2013 10 02.48779 03 08 58.00 +26 11 51.7          19.8 Ro~0uwk291
     K13T04G KC2013 10 02.49825 03 08 58.86 +26 12 02.0          19.9 Ro~0uwk291
     K13T04G  C2013 10 03.02346 03 09 43.91 +26 22 19.6          21.9 Ro~0uwk033
     K13T04G  C2013 10 03.03244 03 09 44.50 +26 22 28.9          22.0 Ro~0uwk033
     K13T04G  C2013 10 03.07191 03 09 47.52 +26 23 17.0          21.5 Ro~0uwk033
     K13T04G  C2013 10 03.08089 03 09 48.11 +26 23 26.3          21.5 Ro~0uwk033
     K13T04G  C2013 10 03.32655 03 10 09.17 +26 28 23.0          21.3 Rt~0uwkH01
     K13T04G KC2013 10 03.32952 03 10 09.50 +26 28 27.3          20.9 Ro~0uwk291
     K13T04G KC2013 10 03.33218 03 10 09.69 +26 28 30.2          20.8 Ro~0uwk291
     K13T04G KC2013 10 03.33484 03 10 09.89 +26 28 33.7          20.8 Ro~0uwk291
     K13T04G  C2013 10 03.33579 03 10 09.84 +26 28 34.3          21.1 Rt~0uwkH01
     K13T04G  C2013 10 03.34542 03 10 10.54 +26 28 45.7          21.0 Rt~0uwkH01
     K13T04G  C2013 10 03.35208 03 10 11.02 +26 28 53.6          21.0 Rt~0uwkH01
     K13T04G KC2013 10 04.46569 03 11 39.57 +26 50 41.1          21.2 Ro~0uwk291
     K13T04G KC2013 10 04.46870 03 11 39.79 +26 50 43.6          20.8 Ro~0uwk291
     K13T04G KC2013 10 04.47171 03 11 39.99 +26 50 47.8          21.1 Ro~0uwk291
     K13T04G HC2013 10 05.31090 03 12 47.03 +27 07 02.2          21.5 Ro~0vL2291
     K13T04G HC2013 10 05.31661 03 12 47.41 +27 07 09.3          21.9 Ro~0vL2291
     K13T04G KC2013 10 09.32307 03 17 33.27 +28 22 38.9          21.0 Ro~0vL2291
     K13T04G KC2013 10 09.32882 03 17 33.58 +28 22 45.5          20.7 Ro~0vL2291
     K13T04G KC2013 10 09.33456 03 17 33.89 +28 22 51.5          20.9 Ro~0vL2291
     K13T04G KC2013 10 13.47156 03 21 39.86 +29 36 30.5          20.8 Ro~0vL2291
     K13T04G KC2013 10 13.47618 03 21 40.05 +29 36 35.0          20.7 Ro~0vL2291
     K13T04G KC2013 10 13.48079 03 21 40.26 +29 36 39.6          20.1 Ro~0vL2291
     K13T04G KC2013 10 15.26663 03 23 13.82 +30 06 51.1          20.5 Ro~0vL2291
     K13T04G KC2013 10 15.27237 03 23 14.05 +30 06 57.1          20.5 Ro~0vL2291
     K13T04G KC2013 10 15.27812 03 23 14.26 +30 07 03.3          20.4 Ro~0vL2291
     K13T04G KC2013 10 28.27010603 29 22.04 +33 09 22.9          20.6 Vu~0wDdH21
     K13T04G KC2013 10 28.27976303 29 22.00 +33 09 28.8          20.4 Vu~0wDdH21
     K13T04G KC2013 10 28.28941603 29 21.97 +33 09 35.4          20.7 Vu~0wDdH21
     K13T04G KC2013 10 28.33124303 29 21.87 +33 10 02.8          20.5 Vu~0wDdH21
     K13T04G KC2013 10 28.34159803 29 21.84 +33 10 09.0          20.4 Vu~0wDdH21
     K13T04G KC2013 10 28.35209803 29 21.83 +33 10 15.7          20.7 Vu~0wDdH21
     K13T04G  C2013 11 12.34558 03 27 20.54 +34 51 19.8          19.7 Vq~0x7vG96
     K13T04G  C2013 11 12.35977 03 27 20.08 +34 51 20.7          19.1 Vq~0x7vG96
     K13T04G  C2013 11 12.36969 03 27 19.79 +34 51 22.1          19.4 Vq~0x7vG96
     K13T04G  C2013 11 12.37960 03 27 19.49 +34 51 23.2          20.0 Vq~0x7vG96
     K13T04G HC2013 11 25.47510 03 23 41.37 +34 38 35.2          20.3 Ro~0xS9291
     K13T04G HC2013 11 25.48475 03 23 41.24 +34 38 33.6          20.4 Ro~0xS9291
     K13T04G FC2013 12 02.07725 03 23 13.46 +34 06 07.9                q~0xqD204
     K13T04G FC2013 12 02.09277 03 23 13.52 +34 06 01.0          21   Rq~0xqD204
     K13T04G KC2013 12 23.33907 03 33 48.90 +31 43 36.8                o~0yNP291
     K13T04G KC2013 12 23.34900 03 33 49.42 +31 43 31.5          21.5 Ro~0yNP291
     K13T04G KC2013 12 28.32443 03 38 58.91 +31 12 12.2          22.4 Ro~0ykv291
     K13T04G KC2013 12 28.33022 03 38 59.25 +31 12 09.8          22.6 Ro~0ykv291
     K13T04G KC2013 12 28.33601 03 38 59.63 +31 12 07.5          21.9 Ro~0ykv291
