     K14UH6D* C2014 10 29.18738 01 46 42.81 +30 07 43.6          19.4 Vq~1BXB703
     K14UH6D  C2014 10 29.19288 01 46 40.51 +30 07 35.0          20.0 Vq~1BXB703
     K14UH6D  C2014 10 29.19838 01 46 38.31 +30 07 27.2          20.0 Vq~1BXB703
     K14UH6D  C2014 10 29.20388 01 46 36.13 +30 07 19.5          20.5 Vq~1BXB703
     K14UH6D  C2014 10 29.26770 01 46 09.52 +30 05 33.0          19.7 Vq~1BXB703
     K14UH6D  C2014 10 29.26921 01 46 08.78 +30 05 30.1                q~1BXB703
     K14UH6D  C2014 10 29.27073 01 46 08.15 +30 05 27.0                q~1BXB703
     K14UH6D  C2014 10 29.27375 01 46 06.94 +30 05 22.1          19.4 Vq~1BXB703
     K14UH6D KC2014 10 29.33166801 45 40.49 +30 03 08.5          19.7 Vu~1BXBH21
     K14UH6D KC2014 10 29.33533501 45 39.07 +30 03 01.0          20.3 Vu~1BXBH21
     K14UH6D KC2014 10 29.33914401 45 37.60 +30 02 53.7          20.1 Vu~1BXBH21
     K14UH6D KC2014 10 29.91581 01 42 41.90 +29 47 27.4          18.7 Vq~1BXB958
     K14UH6D KC2014 10 29.92129 01 42 40.05 +29 47 20.0          18.9 Vq~1BXB958
     K14UH6D KC2014 10 29.92678 01 42 38.19 +29 47 11.8          18.3 Vq~1BXB958
     K14UH6D KC2014 10 29.99248 01 42 15.89 +29 45 32.3          19.2 Vq~1BXBI93
     K14UH6D KC2014 10 30.00051 01 42 13.21 +29 45 19.8          19.5 Vq~1BXBI93
     K14UH6D KC2014 10 30.00633 01 42 11.26 +29 45 10.5          19.5 Vq~1BXBI93
     K14UH6D  C2014 10 30.13053 01 41 44.49 +29 42 18.2          19.5 Rq~1BXBG48
     K14UH6D  C2014 10 30.13414 01 41 43.40 +29 42 14.4          19.4 Rq~1BXBG48
     K14UH6D  C2014 10 30.13591 01 41 42.83 +29 42 11.8          19.4 Rq~1BXBG48
     K14UH6D KC2014 10 30.17354 01 41 27.58 +29 41 27.3          19.7 Rq~1BXB850
     K14UH6D KC2014 10 30.18818 01 41 22.71 +29 41 07.8          19.9 Rq~1BXB850
     K14UH6D KC2014 10 30.19905 01 41 20.52 +29 40 41.3          19.0 Rq~1BXBH36
     K14UH6D KC2014 10 30.20544 01 41 18.51 +29 40 32.6          19.7 Rq~1BXBH36
     K14UH6D KC2014 10 30.20618 01 41 16.83 +29 40 40.5          20.1 Rq~1BXB850
     K14UH6D KC2014 10 30.21188 01 41 16.39 +29 40 24.1          19.9 Rq~1BXBH36
     K14UH6D KC2014 10 30.22864 01 41 09.72 +29 40 09.1          20.0 Rq~1BXB850
     K14UH6D KC2014 10 30.25108 01 41 02.38 +29 39 34.2          20.1 Rq~1BXB850
     K14UH6D KC2014 10 30.88043 01 38 30.00 +29 25 04.7                t~1EKy204
     K14UH6D KC2014 10 30.89548 01 38 25.95 +29 24 46.5                t~1EKy204
     K14UH6D KC2014 10 30.90600 01 38 23.07 +29 24 33.7          20.1 Rt~1EKy204
     K14UH6D  C2014 10 31.22213 01 37 14.20 +29 18 31.5          19.8 Vq~1BXBG96
     K14UH6D  C2014 10 31.22945 01 37 12.30 +29 18 22.9          20.1 Vq~1BXBG96
     K14UH6D  C2014 10 31.23196 01 37 11.63 +29 18 20.2          20.3 Vq~1BXBG96
     K14UH6D KC2014 11 02.20780401 31 31.71 +28 44 16.0          20.5 Vu~1BzPH21
     K14UH6D KC2014 11 02.21597001 31 30.35 +28 44 08.6          20.8 Vu~1BzPH21
     K14UH6D KC2014 11 02.22437001 31 28.91 +28 44 00.5          20.6 Vu~1BzPH21
     K14UH6D KC2014 11 02.24798 01 31 24.87 +28 43 38.4                q~1BzPH21
     K14UH6D KC2014 11 02.26284 01 31 22.35 +28 43 24.1          21.0 Vq~1BzPH21
     K14UH6D KC2014 11 03.44270 01 28 57.40 +28 27 12.8                o~1BzP291
     K14UH6D KC2014 11 03.44513 01 28 57.11 +28 27 10.6                o~1BzP291
     K14UH6D KC2014 11 03.44756 01 28 56.82 +28 27 08.1                o~1BzP291
     K14UH6D KC2014 11 10.14354 01 22 26.84 +27 25 01.0          21.6 Ro~1C79291
     K14UH6D KC2014 11 10.16194 01 22 25.96 +27 24 53.9          21.9 Ro~1C79291
     K14UH6D KC2014 11 14.16504601 21 24.35 +26 59 38.3          23.3 Vu~1DtbH21
     K14UH6D KC2014 11 14.18966201 21 23.85 +26 59 29.8          23.0 Vu~1DtbH21
     K14UH6D KC2014 11 14.20861101 21 23.44 +26 59 22.8          22.7 Vu~1DtbH21
     K14UH6D KC2014 11 15.14884801 21 22.22 +26 54 16.2          22.8 Vu~1CMvH21
     K14UH6D KC2014 11 15.16748301 21 21.91 +26 54 10.1          23.0 Vu~1CMvH21
     K14UH6D KC2014 11 15.18551301 21 21.61 +26 54 04.0          23.1 Vu~1CMvH21
     K14UH6D 2C2014 11 21.33644401 22 31.646+26 26 13.52         22.6 Rt~1DOU568
     K14UH6D 2C2014 11 21.34525201 22 31.691+26 26 11.41         23.1 Rt~1DOU568
     K14UH6D 2C2014 11 21.35406401 22 31.775+26 26 09.20         23.1 Rt~1DOU568
     K14UH6D 2C2014 11 21.36287301 22 31.833+26 26 06.98         23.0 Rt~1DOU568
     K14UH6D 2C2014 11 21.37173101 22 31.886+26 26 04.73         23.0 Rt~1DOU568
     K14UH6D 2C2014 11 25.29984801 24 19.545+26 12 29.07         23.5 Rt~1DOU568
     K14UH6D 2C2014 11 25.30859801 24 19.725+26 12 27.47         22.9 Rt~1DOU568
