     K14K04M* C2014 05 19.33146 13 05 47.851+12 48 13.09         21.2 wL~14SkF51
     K14K04M  C2014 05 19.34336 13 05 50.403+12 47 40.21         21.1 wL~14SkF51
     K14K04M  C2014 05 19.35540 13 05 52.975+12 47 07.24         21.3 wL~14SkF51
     K14K04M _C2014 05 21.29443813 12 49.774+11 21 21.21         20.7 Rt~14Sk568
     K14K04M _C2014 05 21.29569013 12 50.022+11 21 18.01         20.5 Rt~14Sk568
     K14K04M _C2014 05 21.29694313 12 50.255+11 21 14.74         20.6 Rt~14Sk568
     K14K04M  C2014 05 22.21705 13 15 55.92 +10 42 22.3          20.9 Vq~14SkI52
     K14K04M  C2014 05 22.22614 13 15 57.69 +10 41 59.7          22.4 Vq~14SkI52
     K14K04M  C2014 05 22.23068 13 15 58.52 +10 41 48.4          20.6 Vq~14SkI52
     K14K04M  C2014 05 22.87441 13 18 04.70 +10 15 16.3          21.4 Vo~14Sk033
     K14K04M  C2014 05 22.91934 13 18 13.11 +10 13 27.2          21.5 Vo~14Sk033
     K14K04M KC2014 05 24.24203 13 22 22.08 +09 21 03.6          21.1 Ro~14kx291
     K14K04M KC2014 05 24.24394 13 22 22.45 +09 20 57.9          21.2 Ro~14kx291
     K14K04M KC2014 05 24.24583 13 22 22.78 +09 20 53.8          20.8 Ro~14kx291
     K14K04M 1C2014 05 28.56285 13 34 37.74 +06 44 32.0                v~14kxQ62
     K14K04M 1C2014 05 28.56609 13 34 38.27 +06 44 25.4                v~14kxQ62
     K14K04M 1C2014 05 28.56934 13 34 38.81 +06 44 18.6          21.4 wv~14kxQ62
     K14K04M KC2014 05 29.90040213 38 06.224+05 59 46.15         21.4 Rq~14kxJ04
     K14K04M KC2014 05 29.90927413 38 07.502+05 59 28.60         21.6 Rq~14kxJ04
     K14K04M KC2014 05 29.91814613 38 08.810+05 59 12.07         21.5 Rq~14kxJ04
     K14K04M KC2014 05 30.34130 13 39 11.84 +05 45 28.4          21.1 Ro~14kx291
     K14K04M KC2014 05 30.34454 13 39 12.34 +05 45 22.4          20.9 Ro~14kx291
     K14K04M KC2014 05 30.34778 13 39 12.79 +05 45 16.5          21.1 Ro~14kx291
     K14K04M KC2014 06 01.32188 13 44 01.31 +04 43 37.6          21.3 Ro~157N291
     K14K04M KC2014 06 01.32533 13 44 01.82 +04 43 31.3          20.7 Ro~157N291
     K14K04M KC2014 06 01.32880 13 44 02.30 +04 43 25.0          20.4 Ro~157N291
     K14K04M KC2014 06 02.30623 13 46 19.59 +04 14 10.7          21.4 Ro~157N291
     K14K04M KC2014 06 02.31170 13 46 20.32 +04 14 01.0          21.4 Ro~157N291
     K14K04M KC2014 06 02.31718 13 46 21.07 +04 13 51.0          21.3 Ro~157N291
     K14K04M KC2014 06 04.29060 13 50 48.10 +03 17 12.9          21.3 Ro~157N291
     K14K04M KC2014 06 04.30131 13 50 49.46 +03 16 55.5                o~157N291
     K14K04M KC2014 06 04.31207 13 50 50.85 +03 16 37.0          21.6 Ro~157N291
     K14K04M 2C2014 06 25.41057314 29 47.187-04 24 36.72         23.4 Rt~15ev568
     K14K04M 2C2014 06 25.41794114 29 47.895-04 24 44.35         23.4 Rt~15ev568
