     K14A16D* C2014 01 03.25365 05 14 39.68 +17 07 39.0          20.8 Vq~0zFLG96
     K14A16D  C2014 01 03.25890 05 14 37.18 +17 07 18.0          20.7 Vq~0zFLG96
     K14A16D  C2014 01 03.26416 05 14 34.67 +17 06 57.0          20.4 Vq~0zFLG96
     K14A16D  C2014 01 03.26940 05 14 32.23 +17 06 35.2          20.5 Vq~0zFLG96
     K14A16D  C2014 01 03.30945 05 14 13.36 +17 03 47.7          20.1 Vq~0zFLG96
     K14A16D  C2014 01 03.30996 05 14 13.11 +17 03 45.5          19.8 Vq~0zFLG96
     K14A16D  C2014 01 03.31099 05 14 12.65 +17 03 41.2          20.3 Vq~0zFLG96
     K14A16D  C2014 01 04.14353 05 08 56.04 +15 56 40.3          20.3 Vq~0zFLG96
     K14A16D  C2014 01 04.14578 05 08 54.63 +15 56 27.5          20.7 Vq~0zFLG96
     K14A16D  C2014 01 04.15030 05 08 51.92 +15 56 03.5          19.5 Vq~0zFLG96
     K14A16D KC2014 01 04.18423705 08 21.04 +15 52 10.0          20.2 Vq~0zFLH21
     K14A16D KC2014 01 04.18836305 08 18.43 +15 51 45.5          19.8 Vq~0zFLH21
     K14A16D KC2014 01 04.19302805 08 15.52 +15 51 17.4          20.1 Vq~0zFLH21
     K14A16D KC2014 01 04.19793105 08 12.41 +15 50 48.3          19.6 Vq~0zFLH21
     K14A16D KC2014 01 04.83895 05 02 23.45 +14 35 06.6                q~0zFLJ95
     K14A16D KC2014 01 04.84612 05 02 17.94 +14 34 10.2                q~0zFLJ95
     K14A16D KC2014 01 04.85526 05 02 10.71 +14 32 55.7          20.3 Rq~0zFLJ95
     K14A16D KC2014 01 04.92491005 01 13.74 +14 24 11.2          20.0 Vu~0zFLI93
     K14A16D KC2014 01 04.95065605 00 51.87 +14 20 27.7          19.6 Vu~0zFLI93
     K14A16D `C2014 01 05.61964204 51 12.95 +12 34 44.3          18.9 Rq~0zFLD90
     K14A16D `C2014 01 05.62163304 51 10.55 +12 34 17.4          19.3 Rq~0zFLD90
     K14A16D `C2014 01 05.62563904 51 05.71 +12 33 24.8          19.7 Rq~0zFLD90
     K14A16D  C2014 01 05.78961 04 48 46.08 +11 41 31.5          18.8 Vo~0zFL033
     K14A16D  C2014 01 05.80737 04 48 23.13 +11 37 14.6          18.8 Vo~0zFL033
     K14A16D  C2014 01 06.11164 04 42 08.78 +10 16 04.0          19.2 Ro~0zFL926
     K14A16D  C2014 01 06.11296 04 42 06.59 +10 15 40.1          19.2 Ro~0zFL926
     K14A16D  C2014 01 06.11427 04 42 04.48 +10 15 16.2          18.8 Ro~0zFL926
     K14A16D KC2014 01 06.25437 04 38 06.25 +09 28 10.3          19.1 Rq~0zFLG58
     K14A16D KC2014 01 06.25565 04 38 03.87 +09 27 43.7          19.0 Rq~0zFLG58
     K14A16D KC2014 01 06.25692 04 38 01.57 +09 27 16.8          19.0 Rq~0zFLG58
