     K14F54H* C2014 03 31.25334 10 28 10.41 +26 10 24.0          21.0 Vq~1326G96
     K14F54H  C2014 03 31.26125 10 28 11.57 +26 09 22.4          20.8 Vq~1326G96
     K14F54H  C2014 03 31.27132 10 28 13.00 +26 08 04.7          20.9 Vq~1326G96
     K14F54H  C2014 03 31.27921 10 28 14.15 +26 07 03.7          21.0 Vq~1326G96
     K14F54H  C2014 03 31.36568 10 28 26.77 +25 55 55.6          21.3 Vq~1326G96
     K14F54H  C2014 03 31.36809 10 28 27.10 +25 55 37.3          20.6 Vq~1326G96
     K14F54H  C2014 03 31.37051 10 28 27.48 +25 55 19.2          20.6 Vq~1326G96
     K14F54H  C2014 03 31.37294 10 28 27.82 +25 55 00.6          20.4 Vq~1326G96
     K14F54H KC2014 04 01.15298 10 30 25.93 +24 21 13.6          20.7 Ro~1326291
     K14F54H KC2014 04 01.15414 10 30 26.06 +24 21 05.9          20.6 Ro~1326291
     K14F54H KC2014 04 01.15530 10 30 26.21 +24 20 57.8          20.6 Ro~1326291
     K14F54H KC2014 04 02.14290 10 32 34.97 +22 35 19.7          20.5 Ro~1327291
     K14F54H KC2014 04 02.14464 10 32 35.19 +22 35 09.4          20.6 Ro~1327291
     K14F54H KC2014 04 02.14639 10 32 35.37 +22 34 58.8          20.4 Ro~1327291
     K14F54H  C2014 04 02.21024 10 32 42.30 +22 28 37.4          20.7 Ro~1327926
     K14F54H  C2014 04 02.21808 10 32 43.15 +22 27 51.1          20.7 Ro~1327926
     K14F54H  C2014 04 02.22537 10 32 43.93 +22 27 07.6          20.7 Ro~1327926
     K14F54H  C2014 04 04.19115 10 36 16.95 +19 33 34.1          21.3 Vq~1327G96
     K14F54H  C2014 04 04.20130 10 36 17.87 +19 32 46.8          20.9 Vq~1327G96
     K14F54H  C2014 04 04.20636 10 36 18.26 +19 32 22.3          20.8 Vq~1327G96
     K14F54H KC2014 04 05.13650 10 37 45.50 +18 23 07.4          21.0 Ro~1327291
     K14F54H KC2014 04 05.14251 10 37 45.98 +18 22 41.0          20.7 Ro~1327291
     K14F54H KC2014 04 05.14854 10 37 46.46 +18 22 15.9          21.2 Ro~1327291
     K14F54H KC2014 04 06.14931210 39 11.29 +17 15 07.5          21.8 Vu~1327H21
     K14F54H KC2014 04 06.16091610 39 12.17 +17 14 23.2          22.1 Vu~1327H21
     K14F54H KC2014 04 06.17231510 39 13.00 +17 13 39.4          21.6 Vu~1327H21
     K14F54H KC2014 04 07.12568 10 40 29.54 +16 15 57.3          21.5 Ro~1327291
     K14F54H KC2014 04 07.13168 10 40 29.92 +16 15 36.7          21.2 Ro~1327291
     K14F54H KC2014 04 07.13770 10 40 30.35 +16 15 16.4          21.6 Ro~1327291
