     K14R00C FC2014 08 20.42895322 19 58.221-15 18 12.41         21.8 Rt~18IPF51
     K14R00C VC2014 08 20.44178822 19 57.851-15 18 14.09         22.0 Rt~18IPF51
     K14R00C VC2014 08 20.45463122 19 57.464-15 18 15.11         22.4 Rt~18IPF51
     K14R00C VC2014 08 20.46753622 19 57.089-15 18 16.38         22.3 Rt~18IPF51
     K14R00C* C2014 09 01.25661 22 20 13.56 -15 47 55.3          20.0 Vq~18IP703
     K14R00C  C2014 09 01.26168 22 20 13.19 -15 47 57.0          20.2 Vq~18IP703
     K14R00C  C2014 09 01.26673 22 20 12.80 -15 47 58.0          20.8 Vq~18IP703
     K14R00C  C2014 09 01.27179 22 20 12.35 -15 48 00.4          20.0 Vq~18IP703
     K14R00C  C2014 09 01.29781 22 20 10.40 -15 48 07.7          19.6 Vq~18IP703
     K14R00C  C2014 09 01.30478 22 20 09.83 -15 48 09.1          19.1 Vq~18IP703
     K14R00C  C2014 09 01.31874 22 20 08.67 -15 48 13.2          20.5 Vq~18IP703
     K14R00C  C2014 09 02.34717 22 20 27.714-15 52 48.21         19.5 iL~18IPF51
     K14R00C  C2014 09 02.36077 22 20 26.448-15 52 55.45         19.6 iL~18IPF51
     K14R00C  C2014 09 02.37438 22 20 25.132-15 53 01.99         19.5 iL~18IPF51
     K14R00C  C2014 09 02.38796 22 20 23.764-15 53 08.23         19.5 iL~18IPF51
     K14R00C  C2014 09 03.24396 22 20 38.72 -15 59 50.6          19.1 Vq~18IP703
     K14R00C  C2014 09 03.25162 22 20 37.92 -15 59 55.0          19.2 Vq~18IP703
     K14R00C  C2014 09 03.25927 22 20 37.14 -16 00 00.1          19.3 Vq~18IP703
     K14R00C  C2014 09 03.26692 22 20 36.37 -16 00 03.9          19.2 Vq~18IP703
     K14R00C 2C2014 09 03.27165722 20 50.918-15 58 40.07         19.1 Rt~18IP568
     K14R00C 2C2014 09 03.27447622 20 50.731-15 58 42.61         19.0 Rt~18IP568
     K14R00C 2C2014 09 03.27829922 20 50.469-15 58 46.02         19.0 Rt~18IP568
     K14R00C 2C2014 09 03.54928222 20 21.643-16 01 01.12         19.0 Rt~18IP568
     K14R00C 2C2014 09 03.55081522 20 21.525-16 01 01.23         18.9 Rt~18IP568
     K14R00C 2C2014 09 03.55249022 20 21.398-16 01 01.35         18.9 Rt~18IP568
     K14R00C KC2014 09 03.93477 22 20 54.41 -16 07 32.1          19.4 Rq~18IPJ95
     K14R00C KC2014 09 03.97865 22 20 50.99 -16 08 05.6          19.3 Rq~18IPJ95
     K14R00C  C2014 09 04.25561 22 20 56.31 -16 10 28.5          19.1 Rq~18IPH45
     K14R00C  C2014 09 04.25807 22 20 56.03 -16 10 30.1          19.1 Rq~18IPH45
     K14R00C  C2014 09 04.25999 22 20 55.76 -16 10 31.9          19.0 Rq~18IPH45
     K14R00C  C2014 09 04.26175 22 20 55.55 -16 10 32.7          19.0 Rq~18IPH45
     K14R00C  C2014 09 04.26378 22 20 55.32 -16 10 34.2          18.8 Rq~18IPH45
     K14R00C  C2014 09 04.26539 22 20 55.13 -16 10 35.0          18.9 Rq~18IPH45
     K14R00C  C2014 09 04.27499 22 20 54.00 -16 10 41.5          18.9 Rq~18IPH45
     K14R00C  C2014 09 04.27651 22 20 53.82 -16 10 42.3          19.0 Rq~18IPH45
     K14R00C  C2014 09 04.27789 22 20 53.64 -16 10 43.1          18.9 Rq~18IPH45
     K14R00C  C2014 09 04.27950 22 20 53.45 -16 10 44.3          18.8 Rq~18IPH45
     K14R00C  C2014 09 04.28109 22 20 53.28 -16 10 45.6          18.9 Rq~18IPH45
     K14R00C 2C2014 09 04.28536522 21 20.493-16 08 55.50         18.6 Rt~18IP568
     K14R00C 2C2014 09 04.28647522 21 20.404-16 08 56.90         18.6 Rt~18IP568
     K14R00C 2C2014 09 04.28769922 21 20.292-16 08 58.43         18.6 Rt~18IP568
     K14R00C  C2014 09 04.29170 22 20 52.05 -16 10 51.8          18.8 Rq~18IPH45
     K14R00C  C2014 09 04.29359 22 20 51.80 -16 10 52.8          18.8 Rq~18IPH45
     K14R00C  C2014 09 04.29590 22 20 51.60 -16 10 53.7          19.0 Rq~18IPH45
     K14R00C  C2014 09 04.29780 22 20 51.36 -16 10 55.2          18.7 Rq~18IPH45
     K14R00C  C2014 09 04.29918 22 20 51.20 -16 10 55.9          18.6 Rq~18IPH45
     K14R00C `C2014 09 04.55079 22 21 16.81 -16 06 02.7          18.1 Rq~18IPD90
     K14R00C 2C2014 09 04.55242222 20 46.363-16 12 23.33         18.4 Rt~18IP568
     K14R00C 2C2014 09 04.55292822 20 46.324-16 12 23.46         18.5 Rt~18IP568
     K14R00C 2C2014 09 04.55344022 20 46.279-16 12 23.61         18.5 Rt~18IP568
     K14R00C `C2014 09 04.55420 22 21 16.38 -16 06 05.8          18.4 Rq~18IPD90
     K14R00C `C2014 09 04.55761 22 21 15.96 -16 06 08.7          18.2 Rq~18IPD90
     K14R00C `C2014 09 04.56103 22 21 15.53 -16 06 11.9          18.0 Rq~18IPD90
     K14R00C `C2014 09 04.56445 22 21 15.07 -16 06 14.5          18.7 Rq~18IPD90
     K14R00C KC2014 09 04.94204 22 21 31.78 -16 22 15.6          18.4 Vq~18IPC77
     K14R00C KC2014 09 04.95446 22 21 30.48 -16 22 31.8          18.2 Vq~18IPC77
     K14R00C 4C2014 09 04.95829 22 21 43.45 -16 20 54.3          18.2 Vq~18IPG40
     K14R00C 4C2014 09 04.96490 22 21 42.58 -16 21 04.0          18.3 Vq~18IPG40
     K14R00C 4C2014 09 05.08920 22 21 23.95 -16 23 34.7          18.4 Vq~18IPG40
     K14R00C 4C2014 09 05.09068 22 21 23.75 -16 23 35.9          18.3 Vq~18IPG40
     K14R00C 4C2014 09 05.10448 22 21 21.82 -16 23 48.2          18.6 Vq~18IPG40
     K14R00C  C2014 09 05.29961 22 21 38.45 -16 29 19.1          18.4 Rq~18IPH45
     K14R00C  C2014 09 05.30156 22 21 38.15 -16 29 21.5          18.2 Rq~18IPH45
     K14R00C  C2014 09 05.30298 22 21 37.98 -16 29 23.3          18.2 Rq~18IPH45
     K14R00C  C2014 09 05.30470 22 21 37.76 -16 29 25.3          18.4 Rq~18IPH45
     K14R00C  C2014 09 05.30575 22 21 37.63 -16 29 26.3          18.1 Rq~18IPH45
     K14R00C  C2014 09 05.30697 22 21 37.47 -16 29 27.9          18.3 Rq~18IPH45
     K14R00C  C2014 09 05.31552 22 21 36.36 -16 29 37.5          18.3 Rq~18IPH45
     K14R00C  C2014 09 05.31675 22 21 36.20 -16 29 38.7          18.0 Rq~18IPH45
     K14R00C  C2014 09 05.31781 22 21 36.09 -16 29 39.8          18.2 Rq~18IPH45
     K14R00C  C2014 09 05.31885 22 21 35.96 -16 29 40.8          17.8 Rq~18IPH45
     K14R00C  C2014 09 05.31990 22 21 35.83 -16 29 42.2          18.2 Rq~18IPH45
     K14R00C  C2014 09 05.32112 22 21 35.68 -16 29 43.5          18.1 Rq~18IPH45
     K14R00C  C2014 09 05.32864 22 21 34.80 -16 29 51.6          18.1 Rq~18IPH45
     K14R00C  C2014 09 05.32983 22 21 34.63 -16 29 53.1          18.1 Rq~18IPH45
     K14R00C  C2014 09 05.33094 22 21 34.52 -16 29 53.9          18.2 Rq~18IPH45
     K14R00C  C2014 09 05.33267 22 21 34.30 -16 29 55.8          18.1 Rq~18IPH45
     K14R00C  C2014 09 05.33384 22 21 34.19 -16 29 56.9          18.0 Rq~18IPH45
     K14R00C  C2014 09 05.33490 22 21 34.06 -16 29 58.2          18.3 Rq~18IPH45
     K14R00C 1C2014 09 05.33952 22 21 48.62 -16 30 44.5          17.4 Ru~18IPU69
     K14R00C  C2014 09 05.34251 22 21 33.20 -16 30 05.9          18.1 Rq~18IPH45
     K14R00C  C2014 09 05.34423 22 21 33.02 -16 30 07.6          18.3 Rq~18IPH45
     K14R00C 1C2014 09 05.34492 22 21 47.85 -16 30 51.4          17.4 Ru~18IPU69
     K14R00C  C2014 09 05.34556 22 21 32.89 -16 30 08.9          17.9 Rq~18IPH45
     K14R00C  C2014 09 05.34690 22 21 32.77 -16 30 10.2          18.0 Rq~18IPH45
     K14R00C  C2014 09 05.34834 22 21 32.58 -16 30 11.7          18.1 Rq~18IPH45
     K14R00C  C2014 09 05.34950 22 21 32.50 -16 30 12.7          18.0 Rq~18IPH45
     K14R00C  C2014 09 05.36149 22 21 31.34 -16 30 23.9          17.9 Rq~18IPH45
     K14R00C  C2014 09 05.36269 22 21 31.26 -16 30 25.0          18.2 Rq~18IPH45
     K14R00C  C2014 09 05.36420 22 21 31.08 -16 30 26.7          18.0 Rq~18IPH45
     K14R00C  C2014 09 05.36526 22 21 30.98 -16 30 27.8          18.1 Rq~18IPH45
     K14R00C  C2014 09 05.36650 22 21 30.86 -16 30 28.7          17.8 Rq~18IPH45
     K14R00C 1C2014 09 05.40851 22 22 32.61 -16 20 11.0                v~18IPQ62
     K14R00C 1C2014 09 05.41065 22 22 32.51 -16 20 16.0                v~18IPQ62
     K14R00C 1C2014 09 05.41274 22 22 32.41 -16 20 20.2                v~18IPQ62
     K14R00C 1C2014 09 05.41488 22 22 32.31 -16 20 25.1          17.6 wv~18IPQ62
     K14R00C KC2014 09 05.95052 22 23 04.29 -16 52 59.4          18.0 RQ~18IP213
     K14R00C KC2014 09 05.95423 22 23 03.77 -16 53 10.1          18.3 RQ~18IP213
     K14R00C KC2014 09 05.95794 22 23 03.21 -16 53 20.8          17.2 RQ~18IP213
     K14R00C  C2014 09 05.96419 22 22 34.39 -16 53 14.1          17.3 Rq~18IPB18
     K14R00C KC2014 09 05.96806 22 23 06.51 -16 53 40.6          17.1 RQ~18IPI99
     K14R00C  C2014 09 05.96991 22 22 33.93 -16 53 26.3          17.4 Rq~18IPB18
     K14R00C KC2014 09 05.97529 22 23 05.56 -16 54 02.3          17.2 RQ~18IPI99
     K14R00C  C2014 09 05.97564 22 22 33.50 -16 53 38.5          17.3 Rq~18IPB18
     K14R00C  C2014 09 05.97569722 22 57.34 -16 54 42.5          17.7 Vq~18IPB04
     K14R00C  C2014 09 05.98135 22 22 33.12 -16 53 50.8          17.5 Rq~18IPB18
     K14R00C KC2014 09 05.98174 22 23 04.65 -16 54 21.6          17.0 RQ~18IPI99
     K14R00C  C2014 09 05.98707 22 22 32.76 -16 54 02.7          17.5 Rq~18IPB18
     K14R00C  C2014 09 05.98831022 22 55.86 -16 55 18.2          17.0 Vq~18IPB04
     K14R00C  C2014 09 05.99280 22 22 32.45 -16 54 14.7          17.5 Rq~18IPB18
     K14R00C  C2014 09 05.99531422 22 55.06 -16 55 37.6          17.0 Vq~18IPB04
     K14R00C  C2014 09 05.99852 22 22 32.19 -16 54 26.6          17.2 Rq~18IPB18
     K14R00C  C2014 09 06.00231722 22 54.27 -16 55 56.2          17.6 Vq~18IPB04
     K14R00C  C2014 09 06.00424 22 22 31.96 -16 54 38.6          17.3 Rq~18IPB18
     K14R00C  C2014 09 06.00932522 22 53.54 -16 56 14.6          17.5 Vq~18IPB04
     K14R00C  C2014 09 06.02335122 22 52.03 -16 56 53.1          17.1 Vq~18IPB04
     K14R00C  C2014 09 06.03736322 22 50.73 -16 57 28.6          17.2 Vq~18IPB04
     K14R00C  C2014 09 06.04438022 22 50.11 -16 57 46.3          17.6 Vq~18IPB04
     K14R00C KC2014 09 06.07220 22 23 38.42 -16 41 34.8          16.7 Vq~18IPI39
     K14R00C KC2014 09 06.08221 22 23 37.22 -16 42 05.4          17.0 Vq~18IPI39
     K14R00C ;C2014 09 06.39296 22 25 20.06 -16 58 07.5          17.0 Vq~18IPQ62
     K14R00C ;C2014 09 06.39383 22 25 20.12 -16 58 11.9          16.9 Vq~18IPQ62
     K14R00C ;C2014 09 06.39469 22 25 20.21 -16 58 16.8          16.9 Vq~18IPQ62
     K14R00C ;C2014 09 06.39554 22 25 20.25 -16 58 21.6          16.9 Vq~18IPQ62
     K14R00C ;C2014 09 06.39640 22 25 20.32 -16 58 26.2          17.0 Vq~18IPQ62
     K14R00C 2C2014 09 06.74499 22 24 59.18 -17 28 53.0          15.9  q~18IPQ62
     K14R00C 2C2014 09 06.74652 22 24 59.39 -17 29 00.7          16.3  q~18IPQ62
     K14R00C 2C2014 09 06.74851 22 24 59.72 -17 29 10.9          16.2  q~18IPQ62
     K14R00C 2C2014 09 06.74902 22 24 59.83 -17 29 13.0          16.5  q~18IPQ62
     K14R00C  C2014 09 06.85408 22 28 03.61 -18 18 14.0                t~18jA587
     K14R00C  C2014 09 06.85492 22 28 03.82 -18 18 25.7          15.2 Rt~18jA587
     K14R00C  C2014 09 06.85574 22 28 03.97 -18 18 36.3                t~18jA587
     K14R00C  C2014 09 06.85657 22 28 04.17 -18 18 46.0                t~18jA587
     K14R00C  C2014 09 06.85824 22 28 04.48 -18 19 06.6                t~18jA587
     K14R00C  C2014 09 06.85905 22 28 04.72 -18 19 18.0          15.3 Rt~18jA587
     K14R00C  C2014 09 06.90692 22 28 08.07 -18 28 45.2          15.9 Rq~18jA470
     K14R00C  C2014 09 06.90761 22 28 08.15 -18 28 54.2          15.6 Rq~18jB470
     K14R00C  C2014 09 06.90825 22 28 08.19 -18 29 03.1          15.6 Rq~18jB470
     K14R00C KC2014 09 06.91092 22 28 09.12 -18 29 47.0          15.5 Rq~18jB157
     K14R00C KC2014 09 06.91174 22 28 09.20 -18 29 58.3          15.2 Rq~18jB157
     K14R00C KC2014 09 06.91256 22 28 09.29 -18 30 09.3          15.3 Rq~18jB157
     K14R00C KC2014 09 06.91338 22 28 09.38 -18 30 20.2          15.7 Rq~18jB157
     K14R00C KC2014 09 06.91421 22 28 09.45 -18 30 31.3          15.5 Rq~18jB157
     K14R00C KC2014 09 06.98010 22 30 25.15 -18 03 03.4          15.4  q~18jBI47
     K14R00C KC2014 09 06.98300522 28 27.87 -18 48 43.5          15.3 Vt~18jB510
     K14R00C KC2014 09 06.98621222 28 28.67 -18 49 32.4          15.3 Vt~18jB510
     K14R00C KC2014 09 06.98800 22 30 30.26 -18 05 00.9          15.4  q~18jBI47
     K14R00C KC2014 09 06.98903 22 30 30.97 -18 05 16.5          15.4  q~18jBI47
     K14R00C KC2014 09 06.99407 22 30 34.15 -18 06 32.0          15.4  q~18jBI47
     K14R00C KC2014 09 06.99433 22 30 34.30 -18 06 36.2          15.4  q~18jBI47
     K14R00C KC2014 09 07.01468 22 28 39.66 -18 54 42.1          15.2 RQ~18IP213
     K14R00C KC2014 09 07.01609 22 28 39.90 -18 55 04.0          15.3 RQ~18IP213
     K14R00C KC2014 09 07.01917 22 28 40.42 -18 55 53.3          15.4 RQ~18IP213
     K14R00C KC2014 09 07.02189 22 30 36.52 -18 15 29.0          15.7 Vq~18jBI39
     K14R00C KC2014 09 07.02649 22 28 41.77 -18 57 49.7          15.7 RQ~18IP213
     K14R00C KC2014 09 07.02914 22 28 42.28 -18 58 32.3          15.4 RQ~18IP213
     K14R00C KC2014 09 07.03023 22 30 40.06 -18 17 42.7          15.6 Vq~18jBI39
     K14R00C KC2014 09 07.03860 22 30 43.53 -18 19 57.9          15.2 Vq~18jBI39
     K14R00C KC2014 09 07.04698 22 30 46.76 -18 22 15.8          15.7 Vq~18jBI39
     K14R00C KC2014 09 07.05728 22 30 50.72 -18 25 09.4          15.4 Vq~18jBI39
     K14R00C KC2014 09 07.08121 22 28 54.33 -19 13 40.1          15.2 Rq~18jBA77
     K14R00C KC2014 09 07.08556 22 28 56.13 -19 14 55.9          15.2 Rq~18jBA77
     K14R00C KC2014 09 07.08992 22 28 58.08 -19 16 14.2          14.8 Rq~18jBA77
     K14R00C KC2014 09 07.09496 22 29 00.28 -19 17 46.2          14.8 Rq~18jBA77
     K14R00C KC2014 09 07.21088122 33 10.39 -20 08 07.4          15.2 Vu~18jBH21
     K14R00C KC2014 09 07.21232022 33 11.38 -20 08 52.1          15.2 Vu~18jBH21
     K14R00C KC2014 09 07.21375722 33 12.36 -20 09 36.9          15.3 Vu~18jBH21
     K14R00C KC2014 09 07.21519322 33 13.34 -20 10 21.7          15.2 Vu~18jBH21
     K14R00C KC2014 09 07.21663022 33 14.32 -20 11 06.7          15.1 Vu~18jBH21
     K14R00C KC2014 09 07.21805622 33 15.30 -20 11 51.7          15.2 Vu~18jBH21
     K14R00C KC2014 09 07.21947622 33 16.28 -20 12 36.4          15.4 Vu~18jBH21
     K14R00C KC2014 09 07.22089622 33 17.28 -20 13 21.7          15.1 Vu~18jBH21
     K14R00C KC2014 09 07.22373722 33 19.28 -20 14 52.1          15.1 Vu~18jBH21
     K14R00C  C2014 09 07.35180 22 40 52.46 -20 26 32.8          14.2 Rq~18jB467
     K14R00C  C2014 09 07.35190 22 40 52.71 -20 26 37.6          14.2 Rq~18jB467
     K14R00C  C2014 09 07.35200 22 40 52.98 -20 26 42.6          14.2 Rq~18jB467
     K14R00C  C2014 09 07.35210 22 40 53.24 -20 26 47.8          14.2 Rq~18jB467
     K14R00C  C2014 09 07.35282 22 40 55.05 -20 27 22.7          14.2 Rq~18jB467
     K14R00C  C2014 09 07.35292 22 40 55.32 -20 27 27.8          14.3 Rq~18jB467
     K14R00C  C2014 09 07.35303 22 40 55.58 -20 27 33.0          14.3 Rq~18jB467
     K14R00C  C2014 09 07.35312 22 40 55.86 -20 27 37.8          14.4 Rq~18jB467
     K14R00C  C2014 09 07.35322 22 40 56.13 -20 27 42.9          14.4 Rq~18jB467
     K14R00C  C2014 09 07.35333 22 40 56.38 -20 27 47.8          14.4 Rq~18jB467
     K14R00C  C2014 09 07.35343 22 40 56.67 -20 27 52.9          14.4 Rq~18jB467
     K14R00C  C2014 09 07.35354 22 40 56.91 -20 27 58.0          14.3 Rq~18jB467
     K14R00C  C2014 09 07.35364 22 40 57.22 -20 28 03.4          14.3 Rq~18jB467
     K14R00C  C2014 09 07.35374 22 40 57.45 -20 28 08.2          14.3 Rq~18jB467
     K14R00C  C2014 09 07.35385 22 40 57.70 -20 28 13.0          14.4 Rq~18jB467
     K14R00C  C2014 09 07.35394 22 40 57.98 -20 28 18.3          14.2 Rq~18jB467
     K14R00C  C2014 09 07.35519 22 41 01.19 -20 29 19.9          14.3 Rq~18jB467
     K14R00C  C2014 09 07.35530 22 41 01.47 -20 29 24.8          14.2 Rq~18jB467
     K14R00C  C2014 09 07.35540 22 41 01.71 -20 29 29.9          14.3 Rq~18jB467
     K14R00C  C2014 09 07.35549 22 41 02.02 -20 29 35.1          14.4 Rq~18jB467
     K14R00C  C2014 09 07.35560 22 41 02.26 -20 29 40.2          14.3 Rq~18jB467
     K14R00C  C2014 09 07.35570 22 41 02.54 -20 29 45.5          14.4 Rq~18jB467
     K14R00C  C2014 09 07.35580 22 41 02.81 -20 29 50.5          14.3 Rq~18jB467
     K14R00C  C2014 09 07.35817 22 41 08.97 -20 31 48.6          14.4 Rq~18jB467
     K14R00C  C2014 09 07.35826 22 41 09.20 -20 31 53.2          14.3 Rq~18jB467
     K14R00C  C2014 09 07.35834 22 41 09.45 -20 31 57.6          14.4 Rq~18jB467
     K14R00C  C2014 09 07.35844 22 41 09.67 -20 32 02.2          14.4 Rq~18jB467
     K14R00C  C2014 09 07.35853 22 41 09.90 -20 32 06.4          14.3 Rq~18jB467
     K14R00C  C2014 09 07.35861 22 41 10.13 -20 32 10.7          14.4 Rq~18jB467
     K14R00C  C2014 09 07.35870 22 41 10.36 -20 32 15.1          14.3 Rq~18jB467
     K14R00C  C2014 09 07.35878 22 41 10.59 -20 32 19.8          14.3 Rq~18jB467
     K14R00C  C2014 09 07.35888 22 41 10.82 -20 32 23.9          14.2 Rq~18jB467
     K14R00C  C2014 09 07.35896 22 41 11.03 -20 32 28.5          14.4 Rq~18jB467
     K14R00C  C2014 09 07.35905 22 41 11.27 -20 32 32.8          14.2 Rq~18jB467
     K14R00C  C2014 09 07.35913 22 41 11.49 -20 32 37.2          14.3 Rq~18jB467
     K14R00C  C2014 09 07.35922 22 41 11.74 -20 32 41.6          14.2 Rq~18jB467
     K14R00C  C2014 09 07.38995 22 42 36.28 -21 00 30.2          14.2 Rq~18jB467
     K14R00C  C2014 09 07.39005 22 42 36.55 -21 00 36.4          14.3 Rq~18jB467
     K14R00C  C2014 09 07.39016 22 42 36.87 -21 00 42.2          14.2 Rq~18jB467
     K14R00C  C2014 09 07.39026 22 42 37.16 -21 00 48.5          14.4 Rq~18jB467
     K14R00C 2C2014 09 07.40468 22 44 49.84 -21 14 43.7          14.3  q~18jBQ62
     K14R00C 2C2014 09 07.40566 22 44 53.53 -21 15 47.3          14.3  q~18jBQ62
     K14R00C 2C2014 09 07.40625 22 44 55.80 -21 16 26.1          14.2  q~18jBQ62
     K14R00C 2C2014 09 07.40720 22 44 59.42 -21 17 28.6          14.3  q~18jBQ62
     K14R00C [C2014 09 07.43846 22 47 06.94 -21 55 06.6          14.1 Vu~18jBQ62
     K14R00C [C2014 09 07.43912 22 47 09.86 -21 55 59.1          14.2 Vu~18jBQ62
     K14R00C [C2014 09 07.43999 22 47 13.63 -21 57 07.5          14.2 Vu~18jBQ62
     K14R00C [C2014 09 07.44087 22 47 17.49 -21 58 17.4          14.3 Vu~18jBQ62
     K14R00C &C2014 09 07.49959 22 52 24.81 -23 32 55.8          13.0 Rw~18jBQ62
     K14R00C &C2014 09 07.50063 22 52 31.38 -23 34 58.6          13.0 Rw~18jBQ62
     K14R00C &C2014 09 07.50163 22 52 37.73 -23 36 56.4          12.9 Rw~18jBQ62
     K14R00C &C2014 09 07.50256 22 52 43.70 -23 38 47.5          13.0 Rw~18jBQ62
     K14R00C &C2014 09 07.50356 22 52 50.14 -23 40 47.0          12.9 Rw~18jBQ62
     K14R00C &C2014 09 07.50457 22 52 56.67 -23 42 48.5          12.9 Rw~18jBQ62
     K14R00C &C2014 09 07.50552 22 53 02.88 -23 44 44.2          13.0 Rw~18jBQ62
     K14R00C  C2014 09 07.50751 22 54 33.04 -25 22 40.5          13.3 Ro~18jB300
     K14R00C  C2014 09 07.52002 22 56 10.40 -25 54 53.2          13.4 Ro~18jB300
     K14R00C  C2014 09 07.53695 22 58 38.93 -26 43 50.8          13.1 Ro~18jB300
     K14R00C  C2014 09 07.55567 22 56 29.03 -25 36 38.0          13.3 Rq~18jB467
     K14R00C  C2014 09 07.55587 22 56 30.91 -25 37 12.1          13.5 Rq~18jB467
     K14R00C  C2014 09 07.55608 22 56 32.82 -25 37 46.9          13.4 Rq~18jB467
     K14R00C  C2014 09 07.55656 22 56 37.54 -25 39 13.1          13.6 Rq~18jB467
     K14R00C  C2014 09 07.55676 22 56 39.47 -25 39 48.4          13.6 Rq~18jB467
     K14R00C  C2014 09 07.55696 22 56 41.33 -25 40 22.7          13.3 Rq~18jB467
     K14R00C  C2014 09 07.56449 23 03 36.73 -28 20 20.1          13.2 Ro~18jB300
     K14R00C  C2014 09 07.56565 23 03 51.17 -28 24 57.0          13.2 Ro~18jB300
     K14R00C  C2014 09 07.56739 23 04 13.21 -28 31 57.9          13.2 Ro~18jB300
     K14R00C  C2014 09 07.70694000 59 30.77 -46 59 27.9                q~1B0sE83
     K14R00C  C2014 09 07.70792001 03 05.14 -47 20 04.7                q~1B0sE83
     K14R00C  C2014 09 07.70863001 05 44.98 -47 35 00.1                q~1B0sE83
     K14R00C  C2014 09 07.71629001 40 00.23 -50 15 30.2                q~1B0sE83
     K14R00C  C2014 09 07.71777001 47 49.06 -50 44 41.9                q~1B0sE83
