     K14C13U* C2014 02 11.45834 11 29 23.43 +15 12 20.5          20.4 Vq~10rlG96
     K14C13U  C2014 02 11.46342 11 29 23.68 +15 12 20.8          20.3 Vq~10rlG96
     K14C13U  C2014 02 11.46850 11 29 23.93 +15 12 20.4          20.6 Vq~10rlG96
     K14C13U  C2014 02 11.47358 11 29 24.22 +15 12 20.7          20.4 Vq~10rlG96
     K14C13U  C2014 02 11.49425 11 29 25.23 +15 12 21.6          20.5 Vq~10rlG96
     K14C13U  C2014 02 11.50019 11 29 25.52 +15 12 21.7          20.1 Vq~10rlG96
     K14C13U  C2014 02 11.50604 11 29 25.82 +15 12 21.9          20.2 Vq~10rlG96
     K14C13U  C2014 02 11.51194 11 29 26.14 +15 12 22.2          20.4 Vq~10rlG96
     K14C13U  C2014 02 11.52751 11 29 26.92 +15 12 22.8          21.1 Vq~10rlG96
     K14C13U  C2014 02 11.52882 11 29 27.00 +15 12 22.7          20.5 Vq~10rlG96
     K14C13U  C2014 02 11.53014 11 29 27.09 +15 12 22.6          20.6 Vq~10rlG96
     K14C13U  C2014 02 11.53143 11 29 27.14 +15 12 22.6          21.5 Vq~10rlG96
     K14C13U  C2014 02 11.53272 11 29 27.20 +15 12 22.7          20.3 Vq~10rlG96
     K14C13U  C2014 02 11.93731811 29 53.15 +15 13 14.3          20.7 Vq~10rlK93
     K14C13U  C2014 02 11.93933911 29 53.26 +15 13 14.0          20.5 Vq~10rlK93
     K14C13U  C2014 02 11.94139811 29 53.34 +15 13 14.6          20.7 Vq~10rlK93
     K14C13U  C2014 02 11.94343411 29 53.47 +15 13 14.7          20.5 Vq~10rlK93
     K14C13U  C2014 02 11.94544811 29 53.57 +15 13 14.7          20.7 Vq~10rlK93
     K14C13U  C2014 02 11.94750911 29 53.66 +15 13 14.7          20.4 Vq~10rlK93
     K14C13U  C2014 02 11.94952711 29 53.75 +15 13 15.0          20.6 Vq~10rlK93
     K14C13U  C2014 02 12.34891 11 30 17.26 +15 13 10.6          20.4 Vq~10rlG96
     K14C13U  C2014 02 12.35067 11 30 17.41 +15 13 10.8          20.4 Vq~10rlG96
     K14C13U  C2014 02 12.35245 11 30 17.43 +15 13 10.6          19.8 Vq~10rlG96
     K14C13U  C2014 02 12.35420 11 30 17.49 +15 13 11.9          19.8 Vq~10rlG96
     K14C13U  C2014 02 12.35596 11 30 17.60 +15 13 11.4          19.9 Vq~10rlG96
     K14C13U  C2014 02 14.37211 11 32 22.25 +15 15 15.8          20.7 Ro~10rl926
     K14C13U  C2014 02 14.38617 11 32 23.00 +15 15 17.0          20.7 Ro~10rl926
     K14C13U  C2014 02 14.40667 11 32 24.10 +15 15 17.9          20.8 Ro~10rl926
     K14C13U KC2014 02 20.20680 11 39 35.43 +15 22 04.4          19.5 Ro~10rl291
     K14C13U KC2014 02 20.21048 11 39 35.73 +15 22 05.0          19.7 Ro~10rl291
     K14C13U KC2014 02 20.21416 11 39 36.02 +15 22 05.6          19.6 Ro~10rl291
     K14C13U KC2014 02 21.00344 11 40 46.42 +15 23 03.0          19.6 Vq~10rlZ81
     K14C13U KC2014 02 21.03339 11 40 48.84 +15 23 05.5          19.6 Vq~10rlZ81
     K14C13U KC2014 02 21.06161 11 40 51.00 +15 23 07.3          19.6 Vq~10rlZ81
     K14C13U  C2014 02 21.34937 11 41 17.70 +15 23 29.9          19.6 Rq~10rlH45
     K14C13U  C2014 02 21.35130 11 41 17.80 +15 23 29.9          19.5 Rq~10rlH45
     K14C13U  C2014 02 21.35305 11 41 17.94 +15 23 29.9          19.4 Rq~10rlH45
     K14C13U  C2014 02 21.35470 11 41 18.08 +15 23 30.0          19.5 Rq~10rlH45
     K14C13U  C2014 02 21.35675 11 41 18.26 +15 23 30.2          19.2 Rq~10rlH45
     K14C13U  C2014 02 21.35849 11 41 18.39 +15 23 30.4          19.3 Rq~10rlH45
     K14C13U  C2014 02 21.36035 11 41 18.51 +15 23 30.4          19.3 Rq~10rlH45
     K14C13U  C2014 02 21.36246 11 41 18.68 +15 23 30.5          19.5 Rq~10rlH45
     K14C13U  C2014 02 21.36348 11 41 18.90 +15 23 30.6          19.4 Rq~10rlH45
     K14C13U KC2014 02 22.33660 11 42 57.37 +15 24 42.0          19.0 Ro~114y291
     K14C13U KC2014 02 22.33972 11 42 57.64 +15 24 42.3          19.1 Ro~114y291
     K14C13U KC2014 02 22.34284 11 42 57.91 +15 24 42.6          19.0 Ro~114y291
     K14C13U  C2014 02 23.40232 11 44 52.47 +15 25 50.0          19.2 Rq~114yH45
     K14C13U  C2014 02 23.40362 11 44 52.57 +15 25 50.1          19.0 Rq~114yH45
     K14C13U  C2014 02 23.40486 11 44 52.72 +15 25 50.3          19.2 Rq~114yH45
     K14C13U  C2014 02 23.40663 11 44 52.91 +15 25 50.3          19.0 Rq~114yH45
     K14C13U  C2014 02 23.40804 11 44 53.00 +15 25 50.4          19.2 Rq~114yH45
     K14C13U  C2014 02 23.40942 11 44 53.15 +15 25 50.5          19.0 Rq~114yH45
     K14C13U  C2014 02 23.41062 11 44 53.25 +15 25 50.5          19.1 Rq~114yH45
     K14C13U  C2014 02 23.41202 11 44 53.41 +15 25 50.5          19.1 Rq~114yH45
     K14C13U  C2014 02 24.02859211 46 08.18 +15 27 24.2          19.3 Vq~114yK93
     K14C13U  C2014 02 24.03015111 46 08.34 +15 27 24.3          19.4 Vq~114yK93
     K14C13U  C2014 02 24.03170211 46 08.50 +15 27 24.4          19.3 Vq~114yK93
     K14C13U  C2014 02 24.03325311 46 08.66 +15 27 24.5          19.3 Vq~114yK93
     K14C13U  C2014 02 24.03480711 46 08.82 +15 27 24.6          19.4 Vq~114yK93
     K14C13U  C2014 02 24.03635911 46 09.00 +15 27 24.7          19.3 Vq~114yK93
     K14C13U  C2014 02 24.03791011 46 09.15 +15 27 24.7          19.3 Vq~114yK93
     K14C13U  C2014 02 24.03946111 46 09.31 +15 27 24.8          19.2 Vq~114yK93
     K14C13U  C2014 02 24.04101211 46 09.47 +15 27 24.9          19.4 Vq~114yK93
     K14C13U  C2014 02 24.04256311 46 09.65 +15 27 24.9          19.3 Vq~114yK93
     K14C13U  C2014 02 24.04411811 46 09.82 +15 27 25.0          19.3 Vq~114yK93
     K14C13U  C2014 02 24.04566911 46 09.97 +15 27 25.1          19.3 Vq~114yK93
     K14C13U  C2014 02 24.04722311 46 10.14 +15 27 25.2          19.3 Vq~114yK93
     K14C13U  C2014 02 24.04878011 46 10.31 +15 27 25.2          19.3 Vq~114yK93
     K14C13U  C2014 02 24.05033311 46 10.47 +15 27 25.3          19.3 Vq~114yK93
     K14C13U  C2014 02 24.05188911 46 10.63 +15 27 25.4          19.2 Vq~114yK93
     K14C13U  C2014 02 24.05344111 46 10.79 +15 27 25.5          19.2 Vq~114yK93
     K14C13U  C2014 02 24.05499211 46 10.95 +15 27 25.6          19.2 Vq~114yK93
     K14C13U  C2014 02 24.05654411 46 11.13 +15 27 25.6          19.3 Vq~114yK93
     K14C13U  C2014 02 24.38141 11 46 53.14 +15 26 53.2          19.1 rN~114yI41
     K14C13U  C2014 02 24.44119 11 46 59.74 +15 26 56.2          18.9 rN~114yI41
     K14C13U  C2014 02 24.48396 11 47 04.56 +15 26 57.1          18.9 rN~114yI41
     K14C13U KC2014 02 24.61436 11 47 22.90 +15 28 06.9          19.3 Ro~114y474
     K14C13U KC2014 02 24.61647 11 47 23.17 +15 28 07.4          19.3 Ro~114y474
     K14C13U KC2014 02 24.61858 11 47 23.38 +15 28 07.4          19.1 Ro~114y474
     K14C13U  C2014 02 24.89435 11 48 02.56 +15 27 06.6                q~114y246
     K14C13U  C2014 02 24.89530 11 48 02.68 +15 27 07.0                q~114y246
     K14C13U  C2014 02 24.89559 11 48 02.72 +15 27 07.0                q~114y246
     K14C13U  C2014 02 24.89803 11 48 03.02 +15 27 07.0                q~114y246
     K14C13U  C2014 02 24.89957 11 48 03.20 +15 27 07.1                q~114y246
     K14C13U  C2014 02 24.90068 11 48 03.34 +15 27 07.4                q~114y246
     K14C13U  C2014 02 24.90152 11 48 03.44 +15 27 07.1                q~114y246
     K14C13U  C2014 02 24.90252 11 48 03.59 +15 27 07.4                q~114y246
     K14C13U 3C2014 02 25.16326 11 48 36.84 +15 27 40.4          18.8 Vq~114yG40
     K14C13U 3C2014 02 25.16921 11 48 37.58 +15 27 39.9          18.6 Vq~114yG40
     K14C13U 3C2014 02 25.16994 11 48 37.66 +15 27 40.1          18.5 Vq~114yG40
     K14C13U 3C2014 02 25.18331 11 48 39.26 +15 27 40.7          18.8 Vq~114yG40
     K14C13U 3C2014 02 25.18404 11 48 39.41 +15 27 40.8          18.7 Vq~114yG40
     K14C13U 3C2014 02 25.19713 11 48 41.00 +15 27 41.0          18.8 Vq~114yG40
     K14C13U 3C2014 02 25.20465 11 48 41.92 +15 27 40.6          18.4 Vq~114yG40
     K14C13U  C2014 02 25.45197211 49 17.31 +15 27 50.6          18.9 Vq~114yV37
     K14C13U  C2014 02 25.45332411 49 17.49 +15 27 50.6          18.8 Vq~114yV37
     K14C13U  C2014 02 25.45466611 49 17.66 +15 27 50.6          18.9 Vq~114yV37
     K14C13U  C2014 02 25.45601011 49 17.83 +15 27 50.6          18.9 Vq~114yV37
     K14C13U  C2014 02 25.45735211 49 18.01 +15 27 50.7          18.9 Vq~114yV37
     K14C13U  C2014 02 25.45869411 49 18.18 +15 27 50.7          18.9 Vq~114yV37
     K14C13U  C2014 02 25.46003611 49 18.35 +15 27 50.7          18.9 Vq~114yV37
     K14C13U  C2014 02 25.46137811 49 18.53 +15 27 50.6          18.9 Vq~114yV37
     K14C13U  C2014 02 25.46272011 49 18.70 +15 27 50.7          19.0 Vq~114yV37
     K14C13U  C2014 02 25.46406311 49 18.88 +15 27 50.6          18.9 Vq~114yV37
     K14C13U  C2014 02 25.46540511 49 19.05 +15 27 50.6          19.0 Vq~114yV37
     K14C13U  C2014 02 25.46674811 49 19.22 +15 27 50.6          18.9 Vq~114yV37
     K14C13U  C2014 02 25.46809111 49 19.41 +15 27 50.7          19.0 Vq~114yV37
     K14C13U  C2014 02 25.46943411 49 19.57 +15 27 50.6          19.0 Vq~114yV37
     K14C13U  C2014 02 25.47077711 49 19.75 +15 27 50.6          18.9 Vq~114yV37
     K14C13U  C2014 02 25.47211911 49 19.93 +15 27 50.6          18.9 Vq~114yV37
     K14C13U  C2014 02 25.47346311 49 20.10 +15 27 50.6          18.9 Vq~114yV37
     K14C13U  C2014 02 25.47480611 49 20.27 +15 27 50.6          18.9 Vq~114yV37
     K14C13U  C2014 02 25.47615011 49 20.45 +15 27 50.5          19.0 Vq~114yV37
     K14C13U  C2014 02 25.47749311 49 20.63 +15 27 50.6          19.0 Vq~114yV37
     K14C13U  C2014 02 25.47883511 49 20.80 +15 27 50.5          19.0 Vq~114yV37
     K14C13U  C2014 02 25.48017711 49 20.98 +15 27 50.5          19.0 Vq~114yV37
     K14C13U  C2014 02 25.48151911 49 21.16 +15 27 50.6          19.0 Vq~114yV37
     K14C13U  C2014 02 25.48286111 49 21.33 +15 27 50.6          19.4 Vq~114yV37
     K14C13U  C2014 02 25.48420411 49 21.51 +15 27 50.5          19.0 Vq~114yV37
     K14C13U  C2014 02 25.48554811 49 21.70 +15 27 50.4          19.0 Vq~114yV37
     K14C13U  C2014 02 25.48688911 49 21.87 +15 27 50.5          19.0 Vq~114yV37
     K14C13U  C2014 02 25.48823111 49 22.04 +15 27 50.4          19.1 Vq~114yV37
     K14C13U  C2014 02 25.48957511 49 22.22 +15 27 50.4          19.0 Vq~114yV37
     K14C13U 2C2014 02 25.57951411 49 36.103+15 28 07.49         18.9 Rt~114y568
     K14C13U 2C2014 02 25.58031511 49 36.200+15 28 07.51         19.1 Rt~114y568
     K14C13U 2C2014 02 25.58099111 49 36.302+15 28 07.54         18.9 Rt~114y568
     K14C13U KC2014 02 25.58183 11 49 38.38 +15 29 01.8          20.0 Ro~114y474
     K14C13U KC2014 02 25.58395 11 49 38.66 +15 29 02.4          19.3 Ro~114y474
     K14C13U KC2014 02 25.58605 11 49 39.03 +15 29 02.0          19.0 Ro~114y474
     K14C13U KC2014 02 25.58817 11 49 39.25 +15 29 02.3          19.3 Ro~114y474
     K14C13U  C2014 02 25.68404411 49 52.80 +15 28 59.2          18.9 Vq~114yQ63
     K14C13U  C2014 02 25.68541111 49 52.97 +15 28 59.1          19.0 Vq~114yQ63
     K14C13U  C2014 02 25.68673611 49 53.14 +15 28 59.1          18.9 Vq~114yQ63
     K14C13U  C2014 02 25.68806111 49 53.31 +15 28 59.2          19.0 Vq~114yQ63
     K14C13U  C2014 02 25.68955911 49 53.51 +15 28 59.3          18.6 Vq~114yQ63
     K14C13U  C2014 02 25.69088311 49 53.69 +15 28 59.3          19.0 Vq~114yQ63
     K14C13U  C2014 02 25.69220811 49 53.85 +15 28 59.3          18.9 Vq~114yQ63
     K14C13U  C2014 02 25.69353211 49 54.02 +15 28 59.4          19.0 Vq~114yQ63
     K14C13U  C2014 02 25.69491011 49 54.20 +15 28 59.4          19.0 Vq~114yQ63
     K14C13U  C2014 02 25.69623611 49 54.37 +15 28 59.4          19.0 Vq~114yQ63
     K14C13U  C2014 02 25.69756011 49 54.55 +15 28 59.5          18.9 Vq~114yQ63
     K14C13U  C2014 02 25.69892711 49 54.73 +15 28 59.5          18.9 Vq~114yQ63
     K14C13U  C2014 02 25.70028411 49 54.90 +15 28 59.6          19.0 Vq~114yQ63
     K14C13U  C2014 02 25.70164411 49 55.08 +15 28 59.5          18.9 Vq~114yQ63
     K14C13U  C2014 02 25.70298011 49 55.26 +15 28 59.6          18.8 Vq~114yQ63
     K14C13U  C2014 02 25.70440611 49 55.43 +15 28 59.6          18.9 Vq~114yQ63
     K14C13U  C2014 02 25.70573411 49 55.62 +15 28 59.8          18.8 Vq~114yQ63
     K14C13U  C2014 02 25.70709211 49 55.80 +15 28 59.7          19.0 Vq~114yQ63
     K14C13U  C2014 02 25.70852411 49 55.97 +15 28 59.7          18.9 Vq~114yQ63
     K14C13U  C2014 02 25.70985111 49 56.14 +15 28 59.9          19.0 Vq~114yQ63
     K14C13U  C2014 02 25.71117911 49 56.31 +15 28 59.8          18.9 Vq~114yQ63
     K14C13U  C2014 02 25.71254911 49 56.51 +15 28 59.9          19.1 Vq~114yQ63
     K14C13U  C2014 02 25.71387411 49 56.67 +15 28 59.8          19.0 Vq~114yQ63
     K14C13U  C2014 02 25.71519911 49 56.85 +15 28 59.9          18.9 Vq~114yQ63
     K14C13U  C2014 02 25.71655611 49 57.03 +15 28 59.9          19.0 Vq~114yQ63
     K14C13U  C2014 02 25.71792711 49 57.20 +15 28 59.8          19.0 Vq~114yQ63
     K14C13U  C2014 02 25.71925011 49 57.40 +15 28 59.8          18.9 Vq~114yQ63
     K14C13U  C2014 02 25.72060611 49 57.57 +15 29 00.0          18.9 Vq~114yQ63
     K14C13U  C2014 02 25.72197811 49 57.73 +15 29 00.0          19.0 Vq~114yQ63
     K14C13U  C2014 02 25.72330411 49 57.92 +15 28 59.9          19.1 Vq~114yQ63
     K14C13U 4C2014 02 26.08270 11 50 55.42 +15 28 23.5          18.7 Vq~114yG40
     K14C13U 4C2014 02 26.08344 11 50 55.46 +15 28 23.4          18.8 Vq~114yG40
     K14C13U 4C2014 02 26.13215 11 51 02.12 +15 28 25.4          18.7 Vq~114yG40
     K14C13U 4C2014 02 26.13800 11 51 02.92 +15 28 25.5          18.8 Vq~114yG40
     K14C13U 4C2014 02 26.16025 11 51 05.96 +15 28 26.0          18.7 Vq~114yG40
     K14C13U KC2014 02 26.58275 11 52 16.55 +15 29 47.0          18.9 Ro~114y474
     K14C13U KC2014 02 26.58487 11 52 16.87 +15 29 46.9          18.7 Ro~114y474
     K14C13U KC2014 02 26.58698 11 52 17.18 +15 29 47.0          18.8 Ro~114y474
     K14C13U KC2014 02 26.58909 11 52 17.49 +15 29 47.2          18.7 Ro~114y474
     K14C13U  C2014 02 26.93610 11 53 19.17 +15 28 27.9          17.9 Rq~114yC23
     K14C13U  C2014 02 26.94188 11 53 20.08 +15 28 28.2          18.0 Rq~114yC23
     K14C13U  C2014 02 26.94477 11 53 20.52 +15 28 28.3          18.1 Rq~114yC23
     K14C13U LC2014 02 27.22985 11 54 13.40 +15 28 50.0          18.8 Rq~114yH06
     K14C13U LC2014 02 27.23065 11 54 13.61 +15 28 50.6          18.8 Rq~114yH06
     K14C13U LC2014 02 27.23145 11 54 13.73 +15 28 50.4          18.8 Rq~114yH06
     K14C13U LC2014 02 27.23225 11 54 13.91 +15 28 49.2          19.0 Rq~114yH06
     K14C13U  C2014 02 27.32873 11 54 29.12 +15 28 53.4          18.7 Rq~114yH45
     K14C13U  C2014 02 27.33019 11 54 29.36 +15 28 53.4          18.6 Rq~114yH45
     K14C13U  C2014 02 27.33185 11 54 29.61 +15 28 53.4          18.6 Rq~114yH45
     K14C13U  C2014 02 27.33325 11 54 29.82 +15 28 53.4          18.4 Rq~114yH45
     K14C13U  C2014 02 27.33498 11 54 30.13 +15 28 53.4          18.6 Rq~114yH45
     K14C13U  C2014 02 27.33629 11 54 30.34 +15 28 54.3          18.5 Rq~114yH45
     K14C13U KC2014 02 27.88247 11 56 20.57 +15 28 48.1          17.7 Rq~114y470
     K14C13U KC2014 02 27.89144 11 56 22.23 +15 28 48.9          17.1 Rq~114y470
     K14C13U 4C2014 02 28.13292 11 57 09.42 +15 29 07.7          18.8 Vq~114yG40
     K14C13U 4C2014 02 28.13993 11 57 10.73 +15 29 07.1          18.5 Vq~114yG40
     K14C13U 4C2014 02 28.14729 11 57 12.16 +15 29 06.6          18.7 Vq~114yG40
     K14C13U 4C2014 02 28.16068 11 57 14.66 +15 29 07.0          18.6 Vq~114yG40
     K14C13U  C2014 02 28.38962 11 58 05.47 +15 28 52.1          18.3  r~114y718
     K14C13U  C2014 02 28.39176 11 58 05.93 +15 28 51.0          18.1  r~114y718
     K14C13U  C2014 02 28.39602 11 58 06.78 +15 28 51.5          18.3  r~114y718
     K14C13U  C2014 02 28.39814 11 58 07.19 +15 28 51.2          18.4  r~114y718
     K14C13U  C2014 03 01.00892912 00 30.81 +15 30 04.0          18.5 Vq~11VIK92
     K14C13U  C2014 03 01.00979112 00 31.00 +15 30 04.0          18.6 Vq~11VIK92
     K14C13U  C2014 03 01.01064612 00 31.18 +15 30 03.8          18.6 Vq~11VIK92
     K14C13U  C2014 03 01.01150112 00 31.36 +15 30 03.8          18.6 Vq~11VIK92
     K14C13U  C2014 03 01.01235712 00 31.55 +15 30 03.8          18.6 Vq~11VIK92
     K14C13U  C2014 03 01.01321512 00 31.74 +15 30 03.6          18.9 Vq~11VIK92
     K14C13U  C2014 03 01.01406912 00 31.93 +15 30 03.7          18.7 Vq~11VIK92
     K14C13U  C2014 03 01.01497012 00 32.15 +15 30 03.7          18.6 Vq~11VIK92
     K14C13U  C2014 03 01.01585712 00 32.31 +15 30 03.7          18.6 Vq~11VIK92
     K14C13U  C2014 03 01.01678012 00 32.54 +15 30 03.7          18.7 Vq~11VIK92
     K14C13U  C2014 03 01.01768912 00 32.72 +15 30 03.6          18.7 Vq~11VIK92
     K14C13U  C2014 03 01.01863112 00 32.92 +15 30 03.4          18.7 Vq~11VIK92
     K14C13U  C2014 03 01.01958712 00 33.14 +15 30 03.4          18.7 Vq~11VIK92
     K14C13U  C2014 03 01.02060812 00 33.36 +15 30 03.3          18.7 Vq~11VIK92
     K14C13U  C2014 03 01.02149712 00 33.56 +15 30 03.5          18.5 Vq~11VIK92
     K14C13U  C2014 03 01.02249912 00 33.77 +15 30 03.4          18.8 Vq~11VIK92
     K14C13U  C2014 03 01.02427712 00 34.17 +15 30 03.3          18.7 Vq~11VIK92
     K14C13U  C2014 03 01.02515812 00 34.37 +15 30 03.4          18.6 Vq~11VIK92
     K14C13U  C2014 03 01.02608612 00 34.58 +15 30 03.1          18.7 Vq~11VIK92
     K14C13U  C2014 03 01.02694812 00 34.77 +15 30 03.1          18.7 Vq~11VIK92
     K14C13U  C2014 03 01.02787412 00 34.99 +15 30 03.3          18.6 Vq~11VIK92
     K14C13U 4C2014 03 01.03601 12 00 39.58 +15 28 49.8          18.3 Vq~11VIG40
     K14C13U 4C2014 03 01.04259 12 00 41.09 +15 28 50.2          18.1 Vq~11VIG40
     K14C13U 4C2014 03 01.12593 12 00 59.61 +15 28 48.5          18.0 Vq~11VIG40
     K14C13U 4C2014 03 01.13351 12 01 01.31 +15 28 48.2          18.3 Vq~11VIG40
     K14C13U 4C2014 03 01.15388 12 01 05.84 +15 28 46.5          18.2 Vq~11VIG40
     K14C13U KC2014 03 02.01495 12 05 05.00 +15 27 25.3          17.6 Rq~11VIJ84
     K14C13U KC2014 03 02.01994 12 05 06.38 +15 27 24.9          18.0 Rq~11VIJ84
     K14C13U KC2014 03 02.02492 12 05 07.75 +15 27 24.7          17.9 Rq~11VIJ84
     K14C13U  C2014 03 02.09091 12 05 25.78 +15 27 18.2          17.2 Rq~11VIC23
     K14C13U  C2014 03 02.09380 12 05 26.53 +15 27 18.1          17.3 Rq~11VIC23
     K14C13U  C2014 03 02.09813 12 05 27.74 +15 27 17.6          17.3 Rq~11VIC23
     K14C13U  C2014 03 02.10246 12 05 28.92 +15 27 16.9          16.7 Rq~11VIC23
     K14C13U 5C2014 03 04.00096 12 17 25.62 +15 22 14.3          17.1 Vq~11VIG40
     K14C13U 5C2014 03 04.01478 12 17 31.61 +15 22 11.8          17.5 Vq~11VIG40
     K14C13U  C2014 03 04.03532 12 17 38.06 +15 21 32.8          17.3 Rq~11VIC23
     K14C13U  C2014 03 04.03861 12 17 39.52 +15 21 31.9          17.3 Rq~11VIC23
     K14C13U  C2014 03 04.04190 12 17 40.90 +15 21 30.9          17.3 Rq~11VIC23
     K14C13U 5C2014 03 04.04948 12 17 46.64 +15 22 04.2          17.6 Vq~11VIG40
     K14C13U 4C2014 03 04.13631 12 18 24.34 +15 21 39.7          17.7 Vt~11VIG40
     K14C13U 4C2014 03 04.14722 12 18 29.16 +15 21 36.1          17.7 Vt~11VIG40
     K14C13U 4C2014 03 04.15718 12 18 33.54 +15 21 32.6          17.6 Vt~11VIG40
     K14C13U  C2014 03 04.16419 12 18 44.79 +15 21 08.9          17.1 Ro~11VIG48
     K14C13U  C2014 03 04.16487 12 18 45.13 +15 21 09.0          17.2 Ro~11VIG48
     K14C13U  C2014 03 04.16622 12 18 45.75 +15 21 08.6          17.2 Ro~11VIG48
     K14C13U  C2014 03 04.16690 12 18 46.06 +15 21 08.3          17.3 Ro~11VIG48
     K14C13U  C2014 03 04.16755 12 18 46.39 +15 21 08.2          17.3 Ro~11VIG48
     K14C13U 4C2014 03 04.17103 12 18 39.73 +15 21 27.6          17.5 Vt~11VIG40
     K14C13U  C2014 03 04.18589 12 18 51.83 +15 20 59.0                q~11VII15
     K14C13U  C2014 03 04.18743 12 18 52.56 +15 20 58.9                q~11VII15
     K14C13U  C2014 03 04.19052 12 18 53.95 +15 20 57.7                q~11VII15
     K14C13U KC2014 03 04.40605212 20 35.95 +15 19 47.4          17.9 Vu~11VIH21
     K14C13U KC2014 03 04.40818012 20 36.98 +15 19 46.6          17.7 Vu~11VIH21
     K14C13U KC2014 03 04.41054312 20 38.12 +15 19 45.5          17.8 Vu~11VIH21
     K14C13U KC2014 03 04.41289712 20 39.26 +15 19 44.5          17.7 Vu~11VIH21
     K14C13U KC2014 03 04.41524512 20 40.40 +15 19 43.4          17.7 Vu~11VIH21
     K14C13U KC2014 03 04.41747612 20 41.49 +15 19 42.3          17.7 Vu~11VIH21
     K14C13U  C2014 03 05.38653 12 30 17.18 +15 12 08.3          17.0  r~11VI718
     K14C13U  C2014 03 05.38836 12 30 18.35 +15 12 07.8          17.0  r~11VI718
     K14C13U  C2014 03 05.39018 12 30 19.49 +15 12 06.2          16.9  r~11VI718
     K14C13U `C2014 03 05.69383212 33 54.70 +15 11 20.5          16.9 Rq~11VID90
     K14C13U `C2014 03 05.69771312 33 57.42 +15 11 18.0          16.8 Rq~11VID90
     K14C13U `C2014 03 05.70160612 34 00.12 +15 11 15.1          16.8 Rq~11VID90
     K14C13U KC2014 03 05.91202 12 36 48.36 +15 05 40.3          17.6 Vt~11VIK33
     K14C13U  C2014 03 05.91697912 36 51.74 +15 08 26.6          17.2 Vq~11VIK92
     K14C13U  C2014 03 05.91733612 36 52.02 +15 08 26.3          17.2 Vq~11VIK92
     K14C13U  C2014 03 05.91768812 36 52.28 +15 08 26.2          17.2 Vq~11VIK92
     K14C13U  C2014 03 05.91803912 36 52.54 +15 08 25.8          17.2 Vq~11VIK92
     K14C13U  C2014 03 05.91839412 36 52.82 +15 08 25.6          17.1 Vq~11VIK92
     K14C13U  C2014 03 05.91874512 36 53.08 +15 08 25.4          17.2 Vq~11VIK92
     K14C13U  C2014 03 05.91909812 36 53.34 +15 08 25.1          17.1 Vq~11VIK92
     K14C13U KC2014 03 05.91930 12 36 53.96 +15 05 35.3          17.7 Vt~11VIK33
     K14C13U  C2014 03 05.91944912 36 53.62 +15 08 24.8          17.1 Vq~11VIK92
     K14C13U  C2014 03 05.91980112 36 53.90 +15 08 24.8          17.2 Vq~11VIK92
     K14C13U  C2014 03 05.92015312 36 54.15 +15 08 24.4          17.2 Vq~11VIK92
     K14C13U  C2014 03 05.92053912 36 54.45 +15 08 24.2          17.1 Vq~11VIK92
     K14C13U  C2014 03 05.92096312 36 54.76 +15 08 23.8          17.2 Vq~11VIK92
     K14C13U  C2014 03 05.92131312 36 55.03 +15 08 23.5          17.1 Vq~11VIK92
     K14C13U  C2014 03 05.92166512 36 55.30 +15 08 23.4          17.1 Vq~11VIK92
     K14C13U  C2014 03 05.92201812 36 55.56 +15 08 23.2          17.0 Vq~11VIK92
     K14C13U  C2014 03 05.92237712 36 55.85 +15 08 23.0          17.1 Vq~11VIK92
     K14C13U  C2014 03 05.92273112 36 56.10 +15 08 22.5          17.1 Vq~11VIK92
     K14C13U  C2014 03 05.92309312 36 56.38 +15 08 22.3          17.1 Vq~11VIK92
     K14C13U  C2014 03 05.92345812 36 56.65 +15 08 22.1          17.0 Vq~11VJK92
     K14C13U  C2014 03 05.92386712 36 56.96 +15 08 21.7          17.1 Vq~11VJK92
     K14C13U KC2014 03 05.92388 12 36 57.49 +15 05 32.0          17.7 Vt~11VJK33
     K14C13U  C2014 03 05.92422412 36 57.23 +15 08 21.5          17.2 Vq~11VJK92
     K14C13U  C2014 03 05.92458112 36 57.52 +15 08 21.1          17.1 Vq~11VJK92
     K14C13U  C2014 03 05.92494112 36 57.77 +15 08 20.9          17.0 Vq~11VJK92
     K14C13U  C2014 03 05.92529412 36 58.06 +15 08 20.8          17.1 Vq~11VJK92
     K14C13U  C2014 03 05.92568412 36 58.36 +15 08 20.4          17.2 Vq~11VJK92
     K14C13U  C2014 03 05.92603712 36 58.62 +15 08 20.1          17.1 Vq~11VJK92
     K14C13U  C2014 03 05.92712712 36 59.44 +15 08 19.7          17.1 Vq~11VJK92
     K14C13U  C2014 03 05.92748012 36 59.69 +15 08 19.3          17.0 Vq~11VJK92
     K14C13U  C2014 03 05.92783312 36 59.98 +15 08 19.2          17.1 Vq~11VJK92
     K14C13U  C2014 03 05.92819212 37 00.25 +15 08 18.7          17.2 Vq~11VJK92
     K14C13U  C2014 03 05.92854712 37 00.50 +15 08 18.5          17.1 Vq~11VJK92
     K14C13U  C2014 03 05.92889912 37 00.79 +15 08 18.3          17.0 Vq~11VJK92
     K14C13U  C2014 03 05.92925512 37 01.05 +15 08 18.0          17.1 Vq~11VJK92
     K14C13U  C2014 03 05.92961112 37 01.33 +15 08 17.7          17.2 Vq~11VJK92
     K14C13U  C2014 03 05.92996512 37 01.59 +15 08 17.6          17.2 Vq~11VJK92
     K14C13U  C2014 03 05.93031912 37 01.85 +15 08 17.3          17.2 Vq~11VJK92
     K14C13U  C2014 03 05.93067712 37 02.12 +15 08 16.9          17.1 Vq~11VJK92
     K14C13U  C2014 03 05.93103512 37 02.39 +15 08 16.8          17.1 Vq~11VJK92
     K14C13U  C2014 03 05.93139212 37 02.66 +15 08 16.4          17.2 Vq~11VJK92
     K14C13U  C2014 03 05.93174912 37 02.94 +15 08 16.2          17.2 Vq~11VJK92
     K14C13U  C2014 03 05.93210312 37 03.21 +15 08 16.0          17.2 Vq~11VJK92
     K14C13U  C2014 03 05.93246212 37 03.47 +15 08 15.7          17.1 Vq~11VJK92
     K14C13U  C2014 03 05.93281612 37 03.76 +15 08 15.5          17.1 Vq~11VJK92
     K14C13U  C2014 03 05.93317012 37 04.03 +15 08 15.2          17.2 Vq~11VJK92
     K14C13U  C2014 03 05.93352812 37 04.29 +15 08 15.0          17.1 Vq~11VJK92
     K14C13U  C2014 03 05.93388112 37 04.56 +15 08 14.7          17.1 Vq~11VJK92
     K14C13U  C2014 03 05.93423212 37 04.83 +15 08 14.5          17.1 Vq~11VJK92
     K14C13U  C2014 03 05.93458612 37 05.10 +15 08 14.2          17.1 Vq~11VJK92
     K14C13U  C2014 03 05.93493912 37 05.36 +15 08 14.0          17.0 Vq~11VJK92
     K14C13U  C2014 03 05.93529112 37 05.63 +15 08 13.8          17.1 Vq~11VJK92
     K14C13U  C2014 03 06.00273 12 37 58.58 +15 04 18.2          16.5 Rq~11VJC23
     K14C13U  C2014 03 06.00474 12 38 00.13 +15 04 16.5          16.3 Rq~11VJC23
     K14C13U  C2014 03 06.00715 12 38 02.07 +15 04 14.2          16.5 Rq~11VJC23
     K14C13U  C2014 03 06.00836 12 38 02.99 +15 04 13.3          16.3 Rq~11VJC23
     K14C13U 'C2014 03 06.18075 12 40 22.42 +15 01 59.8          16.5 Vq~11VJI89
     K14C13U 'C2014 03 06.18399 12 40 25.11 +15 01 56.4          16.7 Vq~11VJI89
     K14C13U 'C2014 03 06.19986 12 40 38.37 +15 01 39.6          16.6 Vq~11VJI89
     K14C13U 'C2014 03 06.20868 12 40 45.80 +15 01 29.8          16.4 Vq~11VJI89
     K14C13U 'C2014 03 06.20947 12 40 46.48 +15 01 28.5          16.7 Vq~11VJI89
     K14C13U 'C2014 03 06.21512 12 40 51.23 +15 01 22.5          16.8 Vq~11VJI89
     K14C13U KC2014 03 06.26189 12 41 41.20 +15 00 52.0          17.0 Rq~11VJ850
     K14C13U KC2014 03 06.34400 12 42 51.51 +14 59 29.1          16.9 Rq~11VJ850
     K14C13U KC2014 03 06.35861 12 43 04.22 +14 59 13.1          16.8 Rq~11VJ850
     K14C13U KC2014 03 06.37320 12 43 17.01 +14 58 56.3          17.1 Rq~11VJ850
     K14C13U KC2014 03 06.38878 12 43 30.80 +14 58 38.1          16.7 Rq~11VJ850
     K14C13U `C2014 03 06.68536012 48 26.89 +14 55 43.7          16.7 Rq~11VJD90
     K14C13U `C2014 03 06.68921112 48 30.68 +14 55 39.0          16.7 Rq~11VJD90
     K14C13U `C2014 03 06.69305312 48 34.47 +14 55 34.1          16.7 Rq~11VJD90
     K14C13U KC2014 03 06.87448 12 51 57.34 +14 47 52.6          17.4 Vq~11VJC77
     K14C13U KC2014 03 06.87568 12 51 58.64 +14 47 51.5          16.9 Vq~11VJC77
     K14C13U KC2014 03 06.87693 12 52 00.06 +14 47 51.1          16.8 Vq~11VJC77
     K14C13U KC2014 03 06.87830 12 52 01.58 +14 47 47.7          16.8 Vq~11VJC77
     K14C13U  C2014 03 06.95630 12 53 27.10 +14 45 59.2          15.9 Rv~11qz587
     K14C13U  C2014 03 06.95744 12 53 28.40 +14 45 57.8          16.0 Rv~11qz587
     K14C13U  C2014 03 06.95880 12 53 29.94 +14 45 55.8          16.0 Rv~11qz587
     K14C13U %C2014 03 06.99249 12 54 09.44 +14 45 22.0          16.7 Vq~11VJI89
     K14C13U %C2014 03 07.00527 12 54 23.75 +14 45 03.8          16.7 Vq~11VJI89
     K14C13U %C2014 03 07.01569 12 54 35.46 +14 44 48.1          16.6 Vq~11VJI89
     K14C13U  C2014 03 07.01595 12 54 33.91 +14 44 32.7          16.6 Rt~11VJB75
     K14C13U  C2014 03 07.01669 12 54 34.51 +14 44 31.7          16.7 Rt~11VJB75
     K14C13U  C2014 03 07.01742 12 54 35.64 +14 44 27.6          16.3 Rt~11VJB75
     K14C13U  C2014 03 07.01815 12 54 36.25 +14 44 30.1          17.4 Rt~11VJB75
     K14C13U  C2014 03 07.01890 12 54 37.24 +14 44 27.0          16.3 Rt~11VJB75
     K14C13U  C2014 03 07.01963 12 54 38.03 +14 44 25.0          17.0 Rt~11VJB75
     K14C13U  C2014 03 07.02037 12 54 38.75 +14 44 24.5          16.9 Rt~11VJB75
     K14C13U  C2014 03 07.02111 12 54 39.69 +14 44 24.5          16.3 Rt~11VJB75
     K14C13U  C2014 03 07.02184 12 54 40.77 +14 44 23.3          16.9 Rt~11VJB75
     K14C13U  C2014 03 07.02258 12 54 41.30 +14 44 20.5          16.3 Rt~11VJB75
     K14C13U %C2014 03 07.02829 12 54 49.64 +14 44 29.1          16.8 Vq~11VJI89
     K14C13U 4C2014 03 07.03568 12 55 00.60 +14 44 41.0          16.7 Vt~11VJG40
     K14C13U 4C2014 03 07.03639 12 55 01.38 +14 44 40.0          16.8 Rt~11VJG40
     K14C13U 4C2014 03 07.05365 12 55 20.94 +14 44 14.0          16.8 Rt~11VJG40
     K14C13U 4C2014 03 07.07104 12 55 40.73 +14 43 47.1          16.8 Rt~11VJG40
     K14C13U  C2014 03 07.10449 12 56 15.88 +14 41 53.1          15.9 Rq~11VJC23
     K14C13U  C2014 03 07.10570 12 56 17.33 +14 41 50.4          16.1 Rq~11VJC23
     K14C13U  C2014 03 07.10771 12 56 19.60 +14 41 47.3          16.1 Rq~11VJC23
     K14C13U  C2014 03 07.10972 12 56 22.05 +14 41 43.7          16.2 Rq~11VJC23
     K14C13U  C2014 03 07.12429512 56 39.58 +14 41 35.6          16.6 Vu~11VJI93
     K14C13U  C2014 03 07.13213912 56 48.77 +14 41 21.8          16.4 Vu~11VJI93
     K14C13U  C2014 03 07.13780212 56 55.48 +14 41 11.7          16.7 Vu~11VJI93
     K14C13U  C2014 03 07.41500613 02 53.97 +14 32 40.0          16.7 Vu~11qzH21
     K14C13U  C2014 03 07.41697413 02 56.58 +14 32 35.7          16.7 Vu~11qzH21
     K14C13U  C2014 03 07.41822613 02 58.24 +14 32 32.9          16.7 Vu~11qzH21
     K14C13U  C2014 03 07.41965213 03 00.14 +14 32 29.8          16.7 Vu~11qzH21
     K14C13U  C2014 03 07.42089913 03 01.78 +14 32 27.1          16.7 Vu~11qzH21
     K14C13U  C2014 03 07.42232313 03 03.68 +14 32 23.9          16.7 Vu~11qzH21
     K14C13U  C2014 03 07.42357013 03 05.33 +14 32 21.2          16.8 Vu~11qzH21
     K14C13U  C2014 03 07.42766913 03 10.79 +14 32 12.3          16.7 Vu~11qzH21
     K14C13U  C2014 03 07.42922 13 03 13.31 +14 32 22.8          16.7 Rq~11VJH45
     K14C13U  C2014 03 07.43014 13 03 14.52 +14 32 20.9          16.8 Rq~11VJH45
     K14C13U  C2014 03 07.43067 13 03 15.22 +14 32 19.8          16.8 Rq~11VJH45
     K14C13U  C2014 03 07.43138 13 03 16.16 +14 32 18.0          16.9 Rq~11VJH45
     K14C13U  C2014 03 07.43229 13 03 17.38 +14 32 15.8          16.8 Rq~11VJH45
     K14C13U  C2014 03 07.43277 13 03 17.99 +14 32 15.0          16.7 Rq~11VJH45
     K14C13U  C2014 03 07.43338 13 03 18.80 +14 32 13.9          16.3 Rq~11VJH45
     K14C13U  C2014 03 07.43402 13 03 19.66 +14 32 12.3          16.4 Rq~11VJH45
     K14C13U  C2014 03 07.43458 13 03 20.41 +14 32 11.1          16.8 Rq~11VJH45
     K14C13U  C2014 03 07.43519 13 03 21.23 +14 32 09.7          16.6 Rq~11VJH45
     K14C13U  C2014 03 07.48539 13 04 31.26 +14 30 31.0          16.5 Vq~11VJ703
     K14C13U  C2014 03 07.48967 13 04 37.08 +14 30 21.3          16.6 Vq~11VJ703
     K14C13U  C2014 03 07.49395 13 04 42.91 +14 30 11.4          16.5 Vq~11VJ703
     K14C13U  C2014 03 07.49822 13 04 48.74 +14 30 01.4          16.6 Vq~11VJ703
     K14C13U  C2014 03 07.90517 13 15 34.94 +14 12 22.8          16.0 Rq~11qz470
     K14C13U  C2014 03 07.90556 13 15 35.61 +14 12 21.4          16.1 Rq~11qz470
     K14C13U  C2014 03 08.05232 13 19 44.61 +14 04 55.8          15.8 Rt~12BA130
     K14C13U  C2014 03 08.05308 13 19 45.95 +14 04 53.4          16.1 Rt~12BA130
     K14C13U  C2014 03 08.05399 13 19 47.57 +14 04 49.9          16.1 Rt~12BA130
     K14C13U  C2014 03 08.05475 13 19 48.86 +14 04 47.7          15.8 Rt~12BA130
     K14C13U #C2014 03 08.22530 13 25 00.70 +13 55 15.4          16.5 Rq~11qzI89
     K14C13U #C2014 03 08.22615 13 25 02.39 +13 55 12.1          16.4 Rq~11qzI89
     K14C13U #C2014 03 08.22699 13 25 03.95 +13 55 09.2          16.5 Rq~11qzI89
     K14C13U #C2014 03 08.22784 13 25 05.58 +13 55 05.5          16.5 Rq~11qzI89
     K14C13U KC2014 03 08.36728 13 29 53.26 +13 46 29.4          16.1 Rq~11qz850
     K14C13U KC2014 03 08.37457 13 30 07.89 +13 45 57.3          16.1 Rq~11qz850
     K14C13U KC2014 03 08.38186 13 30 22.71 +13 45 29.0          16.0 Rq~11qz850
     K14C13U KC2014 03 08.38915 13 30 37.52 +13 44 58.2          16.1 Rq~11qz850
     K14C13U  C2014 03 08.38916 13 30 42.97 +13 45 09.9          16.1 Vq~11qz703
     K14C13U KC2014 03 08.39646 13 30 52.39 +13 44 27.6          16.1 Rq~11r0850
     K14C13U  C2014 03 08.39669 13 30 58.27 +13 44 39.0          16.0 Vq~11r0703
     K14C13U  C2014 03 08.40421 13 31 13.60 +13 44 07.7          15.9 Vq~11r0703
     K14C13U  C2014 03 08.41172 13 31 28.99 +13 43 36.3          16.0 Vq~11r0703
     K14C13U KC2014 03 08.43279 13 32 07.37 +13 41 50.0          16.0 Rq~11r0850
     K14C13U KC2014 03 08.44008 13 32 22.61 +13 41 17.8          16.1 Rq~11r0850
     K14C13U KC2014 03 08.93462 13 52 48.036+12 56 50.41         16.0 Rq~11r0J69
     K14C13U KC2014 03 08.93508 13 52 49.254+12 56 47.68         16.6 Rq~11r0J69
     K14C13U KC2014 03 08.93643 13 52 52.937+12 56 39.21         15.7 Rq~11r0J69
     K14C13U KC2014 03 08.93778 13 52 56.659+12 56 30.72         16.1 Rq~11r0J69
     K14C13U KC2014 03 08.96811 13 54 16.58 +12 53 49.1          16.9 Vq~11r0L22
     K14C13U KC2014 03 08.96925 13 54 19.49 +12 53 42.1          16.5 Vq~11r0L22
     K14C13U KC2014 03 08.97039 13 54 22.68 +12 53 34.8          16.1 Vq~11r0L22
     K14C13U KC2014 03 08.97154 13 54 25.53 +12 53 27.9          17.0 Vq~11r0L22
     K14C13U  C2014 03 08.97185 13 54 28.26 +12 53 12.4          15.7 Vq~11r0C47
     K14C13U KC2014 03 08.97269 13 54 28.64 +12 53 20.6          16.5 Vq~11r0L22
     K14C13U KC2014 03 08.97382 13 54 32.04 +12 53 12.6          16.9 Vq~11r0L22
     K14C13U  C2014 03 08.97971 13 54 49.95 +12 52 22.0          16.0 Vq~11r0C47
     K14C13U  C2014 03 08.98741 13 55 11.23 +12 51 31.6          15.8 Vq~11r0C47
     K14C13U  C2014 03 08.99567 13 55 34.13 +12 50 37.8          15.6 Vq~11r0C47
     K14C13U  C2014 03 09.02373 13 56 57.17 +12 47 56.2          15.6 Rw~11r0I99
     K14C13U  C2014 03 09.02564 13 57 02.53 +12 47 43.2          15.8 Rw~11r0I99
     K14C13U  C2014 03 09.02655 13 57 05.09 +12 47 37.4          15.7 Rw~11r0I99
     K14C13U KC2014 03 09.03775 13 57 33.70 +12 46 05.1          15.9 Ru~11r0K38
     K14C13U KC2014 03 09.05412 13 58 20.18 +12 44 12.8          15.8 Ru~11r0K38
     K14C13U KC2014 03 09.07052 13 59 07.17 +12 42 17.9          15.8 Ru~11r0K38
     K14C13U KC2014 03 09.08689 13 59 54.41 +12 40 21.2          15.9 Ru~11r0K38
     K14C13U  C2014 03 09.10865 14 00 58.68 +12 37 23.7          15.7 Rq~11r0C23
     K14C13U  C2014 03 09.10957 14 01 01.36 +12 37 16.9          15.9 Rq~11r0C23
     K14C13U  C2014 03 09.11071 14 01 04.69 +12 37 08.7          15.8 Rq~11r0C23
     K14C13U  C2014 03 09.11185 14 01 08.06 +12 37 00.1          15.9 Rq~11r0C23
     K14C13U KC2014 03 09.27422 14 09 47.22 +12 16 43.5          15.9 Rq~11r0850
     K14C13U KC2014 03 09.28153 14 10 10.63 +12 15 42.8          15.8 Rq~11r0850
     K14C13U KC2014 03 09.29128 14 10 41.97 +12 14 22.0          15.8 Rq~11r0850
     K14C13U KC2014 03 09.29980 14 11 09.49 +12 13 10.3          15.8 Rq~11r0850
     K14C13U KC2014 03 09.30832 14 11 37.08 +12 11 58.1          16.0 Rq~11r0850
     K14C13U KC2014 03 09.32052 14 12 16.78 +12 10 13.8          16.0 Rq~11r0850
     K14C13U KC2014 03 09.32932 14 12 45.55 +12 08 57.7          15.8 Rq~11r0850
     K14C13U KC2014 03 09.33701 14 13 10.87 +12 07 51.0          15.9 Rq~11r0850
     K14C13U KC2014 03 09.39647 14 16 29.42 +11 58 52.4          15.8 Rq~11r0850
     K14C13U KC2014 03 09.40396 14 16 54.90 +11 57 42.4          15.7 Rq~11r0850
     K14C13U KC2014 03 09.41189 14 17 21.98 +11 56 27.4          15.6 Rq~11r0850
     K14C13U  C2014 03 09.92582 14 52 10.11 +10 14 20.9          14.9 Rq~11r0C23
     K14C13U  C2014 03 09.92743 14 52 17.76 +10 13 58.0          15.4 Rq~11r0C23
     K14C13U  C2014 03 09.92835 14 52 22.04 +10 13 44.7          15.4 Rq~11r0C23
     K14C13U  C2014 03 09.92995 14 52 29.30 +10 13 22.3          15.3 Rq~11r0C23
     K14C13U KC2014 03 09.98746 14 56 56.01 +09 59 22.9          15.8 Rq~11r0J84
     K14C13U KC2014 03 09.98930 14 57 04.62 +09 58 55.3          15.7 Rq~11r0J84
     K14C13U KC2014 03 09.99113 14 57 13.22 +09 58 28.1          15.7 Rq~11r0J84
     K14C13U  n2014 03 10.60059315 52 44.45 +06 52 02.7                q~12BAQ79
     K14C13U  n2014 03 10.63230815 55 58.77 +06 39 44.1                q~12BAQ79
