     K14UB4N* C2014 10 26.37506 04 38 44.17 +01 24 33.0          19.2 Vq~1BWE703
     K14UB4N  C2014 10 26.38324 04 38 35.89 +01 23 31.7          18.2 Vq~1BWE703
     K14UB4N  C2014 10 26.39142 04 38 27.44 +01 22 29.1          18.2 Vq~1BWE703
     K14UB4N  C2014 10 26.39960 04 38 19.08 +01 21 26.5          18.3 Vq~1BWE703
     K14UB4N  C2014 10 26.44497704 37 31.61 +01 15 31.9          17.8 Rt~1BWEH01
     K14UB4N  C2014 10 26.44732 04 37 30.13 +01 15 21.5          18.2 Vq~1BWE703
     K14UB4N  C2014 10 26.44770 04 37 29.77 +01 15 18.4          18.1 Vq~1BWE703
     K14UB4N  C2014 10 26.44808 04 37 29.37 +01 15 15.8          18.2 Vq~1BWE703
     K14UB4N  C2014 10 26.44847 04 37 28.98 +01 15 12.9          18.4 Vq~1BWE703
     K14UB4N  C2014 10 26.45144204 37 25.04 +01 14 42.5          17.8 Rt~1BWEH01
     K14UB4N  C2014 10 26.46066504 37 15.69 +01 13 31.9          17.7 Rt~1BWEH01
     K14UB4N  C2014 10 26.46561704 37 10.67 +01 12 53.9          17.7 Rt~1BWEH01
     K14UB4N KC2014 10 26.88582 04 31 07.28 +00 19 07.8          18.4 Vt~1BWEL04
     K14UB4N KC2014 10 26.88687 04 31 06.29 +00 19 00.0          18.4 Vt~1BWEL04
     K14UB4N KC2014 10 26.89894 04 30 54.69 +00 17 30.0          18.5 Vt~1BWEL04
     K14UB4N KC2014 10 27.00189 04 29 20.31 +00 04 54.2          18.9 Vq~1BWE958
     K14UB4N KC2014 10 27.00715 04 29 15.19 +00 04 15.4          18.6 Vq~1BWE958
     K14UB4N KC2014 10 27.01241 04 29 10.07 +00 03 36.2          18.9 Vq~1BWE958
     K14UB4N KC2014 10 27.01772 04 29 04.87 +00 02 56.4          18.9 Vq~1BWE958
     K14UB4N KC2014 10 27.04469 04 28 35.58 -00 00 24.6          18.6  q~1BWE104
     K14UB4N KC2014 10 27.04812 04 28 32.21 -00 00 48.8          18.2  q~1BWE104
     K14UB4N KC2014 10 27.05106 04 28 29.29 -00 01 10.4          18.1  q~1BWE104
     K14UB4N KC2014 10 27.37993 04 23 32.45 -00 41 06.5          19.1 Vq~1BWEH21
     K14UB4N KC2014 10 27.38215 04 23 30.29 -00 41 22.5          18.8 Vq~1BWEH21
     K14UB4N KC2014 10 27.38436 04 23 28.15 -00 41 38.5          18.9 Vq~1BWEH21
     K14UB4N KC2014 10 27.38657 04 23 26.01 -00 41 54.5          19.0 Vq~1BWEH21
     K14UB4N KC2014 10 27.38878 04 23 23.86 -00 42 10.5          19.2 Vq~1BWEH21
     K14UB4N  C2014 10 27.68724 04 19 11.42 -01 17 38.8          19.1 Ro~1BWE300
     K14UB4N  C2014 10 27.68789 04 19 10.77 -01 17 43.6          18.5 Ro~1BWE300
     K14UB4N  C2014 10 27.68922 04 19 09.51 -01 17 52.2          19.4 Ro~1BWE300
     K14UB4N 5C2014 10 27.71510 04 18 39.88 -01 15 38.5          18.1 Rq~1BWEQ62
     K14UB4N 5C2014 10 27.71715 04 18 37.91 -01 15 53.0          18.2 Rq~1BWEQ62
     K14UB4N 5C2014 10 27.71928 04 18 35.86 -01 16 08.2          17.9 Rq~1BWEQ62
     K14UB4N |C2014 10 28.32401 04 10 00.94 -02 26 31.6          17.9 Vu~1BWE807
     K14UB4N |C2014 10 28.32881 04 09 56.47 -02 27 04.1          18.2 Vu~1BWE807
     K14UB4N 2C2014 10 28.47739804 08 01.533-02 47 54.72         17.3 Rt~1BWE568
     K14UB4N 2C2014 10 28.47780704 08 01.147-02 47 57.46         17.2 Rt~1BWE568
     K14UB4N  C2014 10 29.32836 03 56 28.08 -04 21 23.9          18.4 Rq~1BWEH45
     K14UB4N  C2014 10 29.32958 03 56 26.92 -04 21 31.9          18.3 Rq~1BWEH45
     K14UB4N  C2014 10 29.33053 03 56 26.09 -04 21 38.8          18.4 Rq~1BWEH45
     K14UB4N  C2014 10 29.33106 03 56 25.65 -04 21 42.1          18.4 Rq~1BWEH45
     K14UB4N  C2014 10 29.33215 03 56 24.63 -04 21 48.0          18.3 Rq~1BWEH45
     K14UB4N  C2014 10 29.33305 03 56 23.86 -04 21 53.9          18.4 Rq~1BWEH45
     K14UB4N  C2014 10 29.33370 03 56 23.23 -04 21 58.1          18.1 Rq~1BWEH45
     K14UB4N  C2014 10 29.33502 03 56 22.05 -04 22 06.6          18.0 Rq~1BWEH45
     K14UB4N  C2014 10 29.33580 03 56 21.37 -04 22 11.4          18.5 Rq~1BWEH45
     K14UB4N  C2014 10 29.33689 03 56 20.42 -04 22 18.8          18.6 Rq~1BWEH45
     K14UB4N  C2014 10 29.33780 03 56 19.63 -04 22 23.5          18.2 Rq~1BWEH45
     K14UB4N  C2014 10 29.33869 03 56 18.82 -04 22 29.6          18.2 Rq~1BWEH45
     K14UB4N  C2014 10 29.33976 03 56 17.89 -04 22 35.3          18.4 Rq~1BWEH45
     K14UB4N  C2014 10 29.34070 03 56 17.08 -04 22 41.5          18.2 Rq~1BWEH45
     K14UB4N  C2014 10 29.34153 03 56 16.31 -04 22 47.4          18.4 Rq~1BWEH45
     K14UB4N KC2014 10 29.37032303 55 50.02 -04 26 02.2          18.6 Vu~1BWEH21
     K14UB4N  C2014 10 29.37140003 55 53.64 -04 25 49.8          17.4 Rt~1BWEH01
     K14UB4N KC2014 10 29.37148303 55 49.00 -04 26 09.4          18.7 Vu~1BWEH21
     K14UB4N KC2014 10 29.37290203 55 47.77 -04 26 18.2          18.7 Vu~1BWEH21
     K14UB4N KC2014 10 29.37635803 55 44.77 -04 26 39.3          18.2 Vu~1BWFH21
     K14UB4N  C2014 10 29.37919 03 55 43.09 -04 26 42.1          18.2 Rq~1BWFH45
     K14UB4N  C2014 10 29.38052 03 55 41.93 -04 26 50.2          18.3 Rq~1BWFH45
     K14UB4N  C2014 10 29.38183 03 55 40.79 -04 26 58.4          18.3 Rq~1BWFH45
     K14UB4N  C2014 10 29.38265 03 55 40.06 -04 27 03.5          18.5 Rq~1BWFH45
     K14UB4N  C2014 10 29.38348 03 55 39.33 -04 27 09.1          18.5 Rq~1BWFH45
     K14UB4N  C2014 10 29.38428 03 55 38.62 -04 27 13.8          18.4 Rq~1BWFH45
     K14UB4N  C2014 10 29.38483903 55 41.74 -04 27 13.8          17.7 Rt~1BWFH01
     K14UB4N  C2014 10 29.38554 03 55 37.53 -04 27 21.9          18.6 Rq~1BWFH45
     K14UB4N  C2014 10 29.38639 03 55 36.78 -04 27 26.5          18.3 Rq~1BWFH45
     K14UB4N  C2014 10 29.40541603 55 23.58 -04 29 21.9          17.7 Rt~1BWFH01
     K14UB4N  C2014 10 29.42443303 55 06.87 -04 31 19.9          17.8 Rt~1BWFH01
     K14UB4N |C2014 10 30.25476 03 44 36.91 -05 49 44.4          18.3 Vu~1BWF807
     K14UB4N |C2014 10 30.25789 03 44 34.25 -05 50 02.4          18.4 Vu~1BWF807
     K14UB4N KC2014 10 30.31886 03 43 49.71 -06 00 53.1          18.7 Rq~1BWFH36
     K14UB4N KC2014 10 30.32146 03 43 47.56 -06 01 08.1          18.2 Rq~1BWFH36
     K14UB4N KC2014 10 30.32594 03 43 43.83 -06 01 33.8          18.4 Rq~1BWFH36
     K14UB4N KC2014 10 30.38790 03 42 51.13 -06 07 26.4          18.5 Vq~1BWFH21
     K14UB4N KC2014 10 30.39042 03 42 49.08 -06 07 40.7          18.6 Vq~1BWFH21
     K14UB4N KC2014 10 30.39294 03 42 47.04 -06 07 54.8          18.5 Vq~1BWFH21
     K14UB4N KC2014 10 30.39547 03 42 45.00 -06 08 08.8          18.4 Vq~1BWFH21
     K14UB4N KC2014 10 30.39798 03 42 42.97 -06 08 23.0          18.4 Vq~1BWFH21
     K14UB4N 2C2014 10 31.54526503 29 09.519-07 50 03.47         17.6 Rt~1BzL568
     K14UB4N 2C2014 10 31.54603603 29 08.936-07 50 07.23         17.6 Rt~1BzL568
     K14UB4N 2C2014 10 31.54709303 29 08.116-07 50 12.57         17.5 Rt~1BzL568
     K14UB4N 2C2014 10 31.56479503 28 54.513-07 51 40.24         17.7 Rt~1BzL568
     K14UB4N 2C2014 10 31.57165703 28 49.277-07 52 14.17         17.8 Rt~1BzL568
     K14UB4N 2C2014 10 31.57231703 28 48.776-07 52 17.48         17.7 Rt~1BzL568
     K14UB4N 2C2014 10 31.57398703 28 47.503-07 52 25.54         17.7 Rt~1BzL568
     K14UB4N 2C2014 10 31.57748003 28 44.849-07 52 42.86         17.2 Rt~1BzL568
     K14UB4N 1C2014 11 01.32530 03 20 31.79 -08 49 28.2          18.1 Vq~1BzLW88
     K14UB4N 1C2014 11 01.33864 03 20 22.27 -08 50 28.5          18.0 Vq~1BzLW88
     K14UB4N  C2014 11 01.93889 03 14 16.78 -09 40 38.5                q~1C77246
     K14UB4N  C2014 11 01.94002 03 14 16.03 -09 40 43.5                q~1C77246
     K14UB4N  C2014 11 01.94139 03 14 15.09 -09 40 48.6                q~1C77246
     K14UB4N  C2014 11 01.94175 03 14 14.85 -09 40 50.6                q~1C77246
     K14UB4N  C2014 11 01.94311 03 14 13.91 -09 40 56.3          17.8 Rq~1C77246
     K14UB4N  C2014 11 01.94344 03 14 13.70 -09 40 58.0                q~1C77246
     K14UB4N  C2014 11 01.94377 03 14 13.43 -09 40 59.2                q~1C77246
     K14UB4N  C2014 11 01.94456 03 14 12.92 -09 41 02.4                q~1C77246
     K14UB4N  C2014 11 01.94514 03 14 12.52 -09 41 05.6                q~1C77246
     K14UB4N KC2014 11 02.38878 03 09 32.94 -10 11 45.1          18.8 Vq~1BzLH21
     K14UB4N KC2014 11 02.39439 03 09 29.31 -10 12 06.9          18.8 Vq~1BzLH21
     K14UB4N KC2014 11 02.39996 03 09 25.72 -10 12 29.4          18.9 Vq~1BzLH21
     K14UB4N KC2014 11 03.34922 03 00 29.19 -11 13 40.7          17.9 Ro~1BzL291
     K14UB4N KC2014 11 03.35010 03 00 28.64 -11 13 43.9          17.8 Ro~1BzL291
     K14UB4N KC2014 11 03.35097 03 00 28.09 -11 13 47.0          17.9 Ro~1BzL291
     K14UB4N KC2014 11 04.19734 02 53 07.61 -12 02 38.3          18.4 Ro~1BzL291
     K14UB4N KC2014 11 04.19786 02 53 07.32 -12 02 40.2          18.3 Ro~1BzL291
     K14UB4N KC2014 11 04.19841 02 53 07.00 -12 02 42.0          18.2 Ro~1BzL291
     K14UB4N |C2014 11 06.22788 02 36 49.77 -13 37 28.5          19.1 Vu~1C77807
     K14UB4N |C2014 11 06.23242 02 36 47.42 -13 37 39.7          19.2 Vu~1C77807
     K14UB4N |C2014 11 06.23697 02 36 45.11 -13 37 50.8          19.0 Vu~1C77807
     K14UB4N |C2014 11 08.22291 02 23 23.42 -14 51 19.8          19.0 Vu~1C77807
     K14UB4N |C2014 11 08.22789 02 23 21.24 -14 51 28.9          19.2 Vu~1C77807
     K14UB4N |C2014 11 08.23299 02 23 19.01 -14 51 38.4          19.1 Vu~1C77807
     K14UB4N |C2014 11 09.12530 02 18 06.04 -15 18 34.9          20.0 Vu~1C77807
     K14UB4N |C2014 11 09.12732 02 18 05.17 -15 18 38.3          19.9 Vu~1C77807
     K14UB4N |C2014 11 09.12934 02 18 04.35 -15 18 41.4          19.7 Vu~1C77807
     K14UB4N |C2014 11 09.13155 02 18 03.45 -15 18 45.2          19.2 Vu~1C77807
     K14UB4N |C2014 11 09.13346 02 18 02.70 -15 18 49.1          19.8 Vu~1C77807
     K14UB4N |C2014 11 10.18696 02 12 10.38 -15 46 18.2          18.9 Vu~1C77807
     K14UB4N |C2014 11 10.19089 02 12 08.91 -15 46 23.7          19.9 Vu~1C77807
     K14UB4N |C2014 11 10.19424 02 12 07.63 -15 46 28.5          19.5 Vu~1C77807
     K14UB4N |C2014 11 10.19750 02 12 06.40 -15 46 33.1          19.2 Vu~1C77807
     K14UB4N |C2014 11 10.20121 02 12 05.00 -15 46 38.1          19.5 Vu~1C77807
     K14UB4N KC2014 11 10.25422 02 11 52.04 -15 50 42.9          19.2 Ro~1C77291
     K14UB4N KC2014 11 10.25543 02 11 51.58 -15 50 44.7          19.2 Ro~1C77291
     K14UB4N KC2014 11 10.25664 02 11 51.12 -15 50 46.6          19.1 Ro~1C77291
     K14UB4N |C2014 11 11.19442 02 07 03.64 -16 08 47.0          19.6 Vu~1C77807
     K14UB4N |C2014 11 11.19645 02 07 02.90 -16 08 49.7          19.5 Vu~1C77807
     K14UB4N |C2014 11 11.20101 02 07 01.34 -16 08 54.7          19.6 Vu~1C77807
     K14UB4N |C2014 11 12.18391 02 02 27.20 -16 27 37.2          20.0 Vu~1C77807
     K14UB4N |C2014 11 12.18759 02 02 26.00 -16 27 40.8          20.0 Vu~1C77807
     K14UB4N |C2014 11 12.19132 02 02 24.83 -16 27 44.2          19.8 Vu~1C77807
     K14UB4N |C2014 11 12.19496 02 02 23.65 -16 27 48.1          19.8 Vu~1C77807
     K14UB4N |C2014 11 12.19826 02 02 22.55 -16 27 51.1          19.6 Vu~1C77807
     K14UB4N KC2014 11 14.35831 01 53 30.13 -17 01 26.2          19.7 Ro~1C77291
     K14UB4N KC2014 11 14.35987 01 53 29.81 -17 01 27.4          19.8 Ro~1C77291
     K14UB4N |C2014 11 15.16671 01 50 38.82 -17 07 58.0          20.6 Vu~1CMi807
     K14UB4N |C2014 11 15.16910 01 50 38.20 -17 07 59.4          20.8 Vu~1CMi807
     K14UB4N |C2014 11 15.17208 01 50 37.44 -17 08 01.0          21.0 Vu~1CMi807
     K14UB4N KC2014 11 16.18888 01 47 18.79 -17 19 13.7                o~1CMi291
     K14UB4N KC2014 11 16.19015 01 47 18.34 -17 19 15.1                o~1CMi291
     K14UB4N KC2014 11 16.19205 01 47 17.92 -17 19 16.1          20.3 Ro~1CMi291
     K14UB4N KC2014 11 17.23686 01 44 04.19 -17 26 21.1          20.5 Ro~1CMi291
     K14UB4N KC2014 11 17.23813 01 44 03.90 -17 26 21.7          20.5 Ro~1CMi291
     K14UB4N KC2014 11 17.23941 01 44 03.60 -17 26 22.1          20.4 Ro~1CMi291
     K14UB4N KC2014 11 18.12299 01 41 40.11 -17 30 44.2                o~1CMi291
     K14UB4N KC2014 11 18.12449 01 41 39.79 -17 30 44.7          20.2 Ro~1CMi291
     K14UB4N KC2014 11 18.12602 01 41 39.48 -17 30 45.2                o~1CMi291
     K14UB4N  C2014 11 18.35693 01 40 57.676-17 31 30.72         20.7 wL~1CMiF51
     K14UB4N  C2014 11 18.36744 01 40 55.499-17 31 33.14         20.6 wL~1CMiF51
     K14UB4N  C2014 11 18.37795 01 40 53.270-17 31 34.94         20.6 wL~1CMiF51
     K14UB4N  C2014 11 18.38846 01 40 51.096-17 31 36.81         20.9 wL~1CMiF51
     K14UB4N KC2014 11 19.18461 01 38 53.50 -17 34 32.5          19.2 Ro~1CMi291
     K14UB4N KC2014 11 19.18616 01 38 53.21 -17 34 32.9          19.4 Ro~1CMi291
     K14UB4N KC2014 11 19.18770 01 38 52.91 -17 34 33.0          19.2 Ro~1CMi291
     K14UB4N KC2014 11 21.16437201 34 25.65 -17 37 22.6          20.5 Vu~1CtzH21
     K14UB4N KC2014 11 21.17012601 34 24.75 -17 37 22.4          20.6 Vu~1CtzH21
     K14UB4N KC2014 11 21.17670001 34 23.65 -17 37 22.4          21.0 Vu~1CtzH21
     K14UB4N KC2014 11 21.25140 01 34 14.09 -17 37 12.8          21.2 Ro~1CMi291
     K14UB4N KC2014 11 21.25323 01 34 13.77 -17 37 12.2          21.2 Ro~1CMi291
     K14UB4N KC2014 11 21.25505 01 34 13.48 -17 37 13.0          21.0 Ro~1CMi291
     K14UB4N 2C2014 11 21.42140401 33 51.425-17 36 49.59         20.6 Rt~1Cu0568
     K14UB4N 2C2014 11 21.42308401 33 51.157-17 36 49.33         20.7 Rt~1Cu0568
     K14UB4N KC2014 11 23.25158 01 30 34.53 -17 34 53.7          20.5 Ro~1Cu0291
     K14UB4N KC2014 11 23.25354 01 30 34.26 -17 34 53.6          20.5 Ro~1Cu0291
     K14UB4N KC2014 11 23.25552 01 30 33.98 -17 34 53.0          20.6 Ro~1Cu0291
     K14UB4N 2C2014 11 25.32472201 27 32.482-17 28 06.21         20.6 Rt~1DOS568
     K14UB4N 2C2014 11 25.32583301 27 32.353-17 28 05.97         20.5 Rt~1DOS568
     K14UB4N KC2014 12 11.15919 01 20 33.32 -15 19 16.2                o~1DtM291
     K14UB4N KC2014 12 11.17079 01 20 33.15 -15 19 08.5                o~1DtM291
     K14UB4N KC2014 12 11.18236 01 20 33.00 -15 19 00.7                o~1DtM291
     K14UB4N 2C2014 12 18.32046801 23 06.354-13 57 30.67         23.1 Rt~1Fn9568
     K14UB4N 2C2014 12 18.32505201 23 06.385-13 57 27.12         23.0 Rt~1Fn9568
     K14UB4N 2C2014 12 30.23972601 31 46.036-11 29 16.96         22.1 Rt~1GHB568
     K14UB4N 2C2014 12 30.24223301 31 46.118-11 29 14.93         22.2 Rt~1GHB568
     K14UB4N 2C2014 12 30.24474001 31 46.199-11 29 13.04         22.4 Rt~1GHB568
     K14UB4N 2C2014 12 30.24731501 31 46.283-11 29 11.10         22.0 Rt~1GHB568
     K14UB4N 2C2014 12 30.24988201 31 46.378-11 29 09.16         22.2 Rt~1GHB568
     K14UB4N 2C2014 12 30.25229201 31 46.454-11 29 07.32         22.1 Rt~1GHB568
