     K14SM3T* C2014 09 23.35689 01 01 00.26 +09 13 26.8          18.9 gN~19EUI41
     K14SM3T  C2014 09 23.35759 01 00 58.61 +09 13 41.9          18.9 gN~19EUI41
     K14SM3T  C2014 09 24.27238 00 34 18.09 +13 55 37.5          19.2 gN~19EUI41
     K14SM3T  C2014 09 24.27308 00 34 16.97 +13 55 49.6          19.0 gN~19EUI41
     K14SM3T KC2014 09 24.75014 00 24 43.24 +15 29 08.5          19.4 Vt~19EUL04
     K14SM3T KC2014 09 24.75580 00 24 36.74 +15 30 11.8          19.5 Vt~19EUL04
     K14SM3T KC2014 09 24.75883 00 24 33.22 +15 30 45.5          19.4 Vt~19EUL04
     K14SM3T KC2014 09 24.94261 00 21 04.32 +16 02 10.2                q~19EUJ95
     K14SM3T KC2014 09 24.94669 00 20 59.63 +16 02 50.6                q~19EUJ95
     K14SM3T KC2014 09 24.95483 00 20 50.20 +16 04 11.7          19.4 Rq~19EUJ95
     K14SM3T KC2014 09 25.11371 00 17 52.45 +16 28 27.5                q~19EUJ95
     K14SM3T KC2014 09 25.11779 00 17 48.15 +16 29 02.7                q~19EUJ95
     K14SM3T KC2014 09 25.12212 00 17 43.62 +16 29 39.4          19.6 Rq~19EUJ95
     K14SM3T  C2014 09 25.18116 00 17 29.96 +16 40 50.1          19.6 Vq~19EU703
     K14SM3T  C2014 09 25.19641 00 17 13.76 +16 43 10.2          19.8 Vq~19EU703
     K14SM3T  C2014 09 25.21170 00 16 57.42 +16 45 28.9          19.3 Vq~19EU703
     K14SM3T  C2014 09 25.22697 00 16 40.98 +16 47 46.1          19.2 Vq~19EU703
     K14SM3T KC2014 09 25.93502500 07 23.37 +18 11 16.1          19.4 Vq~19EUI93
     K14SM3T KC2014 09 25.94292100 07 16.86 +18 12 06.3          19.8 Vq~19EUI93
     K14SM3T KC2014 09 25.95091400 07 10.29 +18 12 57.0          19.7 Vq~19EUI93
     K14SM3T KC2014 09 25.96127 00 06 57.98 +18 13 54.1                t~1CLc204
     K14SM3T KC2014 09 25.97549 00 06 46.35 +18 15 20.5                t~1CLc204
     K14SM3T KC2014 09 25.98892 00 06 35.43 +18 16 40.5          19.6 Rt~1CLc204
     K14SM3T ~C2014 09 26.17844 00 04 57.63 +18 35 52.6          19.7 Rt~1A25675
     K14SM3T ~C2014 09 26.18350 00 04 53.86 +18 36 23.9          19.3 Rt~1A25675
     K14SM3T ~C2014 09 26.19250 00 04 47.17 +18 37 18.9          19.2 Rt~1A25675
     K14SM3T ~C2014 09 26.19756 00 04 43.41 +18 37 49.5          19.2 Rt~1A25675
     K14SM3T  C2014 09 26.25492 00 03 57.06 +18 43 38.7          19.5 Vq~19EU703
     K14SM3T  C2014 09 26.25677 00 03 55.72 +18 43 48.4          20.6 Vq~19EU703
     K14SM3T  C2014 09 26.25862 00 03 54.21 +18 43 59.6          19.4 Vq~19EU703
     K14SM3T KC2014 09 26.25916 00 03 46.93 +18 43 16.3          19.4 Rq~19EUH36
     K14SM3T  C2014 09 26.26046 00 03 52.85 +18 44 08.7          20.2 Vq~19EU703
     K14SM3T KC2014 09 26.26642 00 03 41.38 +18 43 54.7          19.4 Rq~19EUH36
     K14SM3T KC2014 09 26.27366 00 03 35.88 +18 44 33.0          19.5 Rq~19EUH36
     K14SM3T KC2014 09 26.28138 00 03 30.07 +18 45 13.8          19.4 Rq~19EUH36
     K14SM3T KC2014 09 27.22875623 55 27.05 +19 56 09.5          20.5 Vu~1A25H21
     K14SM3T KC2014 09 27.23504923 55 23.42 +19 56 32.9          20.5 Vu~1A25H21
     K14SM3T KC2014 09 27.24239323 55 19.22 +19 57 00.2          20.5 Vu~1A25H21
     K14SM3T KC2014 09 28.85759 23 46 02.65 +21 14 22.4                q~1A25J95
     K14SM3T KC2014 09 28.87113 23 45 57.95 +21 14 56.3          21.1 Rq~1A25J95
     K14SM3T ^C2014 10 15.20303 23 25 05.98 +23 36 07.7                o~1Dsd695
     K14SM3T ^C2014 10 15.21047 23 25 05.69 +23 36 07.2                o~1Dsd695
     K14SM3T ^C2014 10 15.21791 23 25 05.43 +23 36 06.7                o~1Dsd695
     K14SM3T ^C2014 10 15.22551 23 25 05.15 +23 36 06.4                o~1Dsd695
     K14SM3T ^C2014 10 15.23296 23 25 04.89 +23 36 05.6                o~1Dsd695
     K14SM3T ^C2014 10 15.24039 23 25 04.63 +23 36 05.2                o~1Dsd695
