     K14DB0X* C2014 02 28.36199 09 34 13.259+02 12 58.11         19.9 wL~11X0F51
     K14DB0X  C2014 02 28.37465 09 34 11.900+02 13 20.64         19.9 wL~11X0F51
     K14DB0X  C2014 02 28.38633 09 34 10.633+02 13 41.46         20.0 wL~11X0F51
     K14DB0X  C2014 02 28.39801 09 34 09.361+02 14 02.39         20.2 wL~11X0F51
     K14DB0X  C2014 03 01.02239709 33 36.98 +02 38 13.5          20.1 Vq~11X0K93
     K14DB0X  C2014 03 01.02343209 33 36.90 +02 38 16.1          20.2 Vq~11X0K93
     K14DB0X  C2014 03 01.02446009 33 36.79 +02 38 18.1          20.4 Vq~11X0K93
     K14DB0X  C2014 03 01.02549109 33 36.70 +02 38 20.7          20.0 Vq~11X0K93
     K14DB0X  C2014 03 01.02651909 33 36.59 +02 38 22.9          19.9 Vq~11X0K93
     K14DB0X  C2014 03 01.02859009 33 36.41 +02 38 27.9          19.7 Vq~11X0K93
     K14DB0X  C2014 03 01.02963509 33 36.28 +02 38 30.2          19.6 Vq~11X0K93
     K14DB0X  C2014 03 01.03066209 33 36.18 +02 38 32.4          20.2 Vq~11X0K93
     K14DB0X  C2014 03 01.03169409 33 36.09 +02 38 34.8          19.9 Vq~11X0K93
     K14DB0X  C2014 03 01.03272309 33 35.98 +02 38 37.3          19.9 Vq~11X0K93
     K14DB0X KC2014 03 02.02430 09 32 48.82 +03 21 39.3          19.5 Rq~11X0J95
     K14DB0X KC2014 03 02.03580 09 32 47.32 +03 22 20.4          19.1 Rq~11X0J95
     K14DB0X KC2014 03 03.82435 09 29 45.16 +06 45 45.2                q~11X0J95
     K14DB0X KC2014 03 03.82810 09 29 44.05 +06 46 33.5                q~11X0J95
     K14DB0X KC2014 03 03.83195 09 29 42.91 +06 47 23.1          17.9 Rq~11X0J95
     K14DB0X KC2014 03 03.88727109 29 25.16 +06 59 42.3          17.1 Rq~11X0J69
     K14DB0X KC2014 03 03.89485509 29 22.54 +07 01 25.7          17.5 Rq~11X0J69
     K14DB0X KC2014 03 03.90243909 29 19.89 +07 03 10.3          17.5 Rq~11X0J69
     K14DB0X KC2014 03 04.06691 09 28 46.82 +07 45 14.9                q~11X0I15
     K14DB0X KC2014 03 04.06816 09 28 46.33 +07 45 35.3                q~11X0I15
     K14DB0X KC2014 03 04.06941 09 28 45.80 +07 45 56.1                q~11X0I15
     K14DB0X HC2014 03 04.13797 09 28 36.77 +08 06 37.7          17.6 Ro~11X0291
     K14DB0X HC2014 03 04.13814 09 28 36.66 +08 06 41.1          17.1 Ro~11X0291
     K14DB0X HC2014 03 04.13832 09 28 36.59 +08 06 44.0          17.7 Ro~11X0291
     K14DB0X  C2014 03 04.84925 09 22 56.54 +13 50 51.0          15.7 Rq~11X0J69
     K14DB0X  C2014 03 04.85137 09 22 54.39 +13 52 35.7          15.7 Rq~11X0J69
     K14DB0X  C2014 03 04.85308 09 22 45.53 +13 56 28.0          16.0 Rq~11X0470
     K14DB0X  C2014 03 04.85372 09 22 44.79 +13 57 00.3          16.1 Rq~11X0470
     K14DB0X  C2014 03 04.85437 09 22 44.09 +13 57 31.4          16.0 Rq~11X0470
     K14DB0X  C2014 03 04.85505 09 22 50.65 +13 55 36.9          15.7 Rq~11X0J69
     K14DB0X  C2014 03 04.85663 09 22 49.04 +13 56 54.0          15.9 Rq~11X0J69
     K14DB0X  C2014 03 04.89149 09 22 11.34 +14 26 39.2          15.8 Rq~11X0J69
     K14DB0X  C2014 03 04.89244 09 22 10.21 +14 27 30.0          15.4 Rq~11X0J69
     K14DB0X KC2014 03 05.05250309 18 35.42 +17 11 32.5          16.2 Rq~11X0J95
     K14DB0X KC2014 03 05.05604509 18 29.94 +17 15 47.4          16.3 Rq~11X0J95
     K14DB0X KC2014 03 05.05961909 18 24.37 +17 20 06.4          16.4 Rq~11X0J95
     K14DB0X  C2014 03 05.17374 09 16 44.20 +20 05 12.1          15.8  r~11X0718
     K14DB0X  C2014 03 05.17648 09 16 38.41 +20 09 41.2          15.8  r~11X0718
     K14DB0X  C2014 03 05.17785 09 16 35.52 +20 11 55.9          15.8  r~11X0718
     K14DB0X  C2014 03 05.18140 09 16 27.95 +20 17 48.3          15.8  r~11X0718
     K14DB0X  C2014 03 05.20510609 15 01.77 +20 58 54.9          16.1 Vu~11X0H21
     K14DB0X  C2014 03 05.20652709 14 58.36 +21 01 23.7          16.0 Vu~11X0H21
     K14DB0X  C2014 03 05.20794609 14 54.93 +21 03 52.9          16.0 Vu~11X0H21
     K14DB0X  C2014 03 05.20936809 14 51.49 +21 06 22.8          16.1 Vu~11X0H21
     K14DB0X  C2014 03 05.21055209 14 48.61 +21 08 27.9          16.0 Vu~11X0H21
     K14DB0X  C2014 03 05.21196509 14 45.16 +21 10 58.0          16.1 Vu~11X0H21
     K14DB0X  C2014 03 05.21337309 14 41.71 +21 13 28.0          16.0 Vu~11X0H21
     K14DB0X  C2014 03 05.21478209 14 38.26 +21 15 58.4          16.3 Vu~11X0H21
     K14DB0X  C2014 03 05.21642509 14 34.19 +21 18 54.7          15.9 Vu~11X0H21
     K14DB0X  n2014 03 05.54035308 53 39.24 +38 13 39.6          15.7 Rq~11rLQ79
     K14DB0X  n2014 03 05.55693208 51 08.91 +39 37 00.8          15.4 Rq~11rLQ79
     K14DB0X KC2014 03 05.80937906 44 47.22 +71 32 09.6          15.4 Rq~11X0J95
     K14DB0X KC2014 03 05.81102706 41 42.44 +71 46 31.4          15.7 Rq~11X0J95
     K14DB0X KC2014 03 05.81330906 37 17.79 +72 06 09.3          15.3 Rq~11X0J95
     K14DB0X KC2014 03 05.81577506 32 20.01 +72 27 00.9          16.0 Rq~11X0J95
     K14DB0X KC2014 03 05.81823006 27 11.02 +72 47 22.0          14.8 Rq~11X0J95
     K14DB0X KC2014 03 05.82084306 21 27.71 +73 08 31.7          15.9 Rq~11X0J95
     K14DB0X KC2014 03 05.82208306 18 39.69 +73 18 22.5          15.2 Rq~11X0J95
     K14DB0X KC2014 03 05.82336106 15 42.66 +73 28 23.9          15.1 Rq~11X0J95
