     K14B00Q* C2014 01 20.25676 07 34 15.75 +12 24 09.8          19.3 Vq~0zjs703
     K14B00Q  C2014 01 20.27191 07 34 25.74 +12 22 03.2          19.5 Vq~0zjs703
     K14B00Q  C2014 01 20.27950 07 34 30.78 +12 21 02.6          18.9 Vq~0zjs703
     K14B00Q  C2014 01 20.31414 07 34 53.77 +12 16 15.2          19.4 Vq~0zjs703
     K14B00Q  C2014 01 20.32233 07 34 59.18 +12 15 07.2          18.8 Vq~0zjs703
     K14B00Q  C2014 01 20.33866 07 35 09.97 +12 12 48.7          18.9 Vq~0zjs703
     K14B00Q IC2014 01 20.65292007 38 51.16 +11 31 24.8          20.0 Vq~0zjsQ63
     K14B00Q KC2014 01 20.65601507 38 53.22 +11 30 59.1          19.7 Vq~0zjsQ63
     K14B00Q KC2014 01 20.65909707 38 55.30 +11 30 33.0          19.7 Vq~0zjsQ63
     K14B00Q IC2014 01 20.66218707 38 57.34 +11 30 06.8                q~0zjsQ63
     K14B00Q KC2014 01 20.66527907 38 59.42 +11 29 40.9          19.5 Vq~0zjsQ63
     K14B00Q KC2014 01 20.67180307 39 03.77 +11 28 45.9          19.6 Vq~0zjsQ63
     K14B00Q KC2014 01 20.67803407 39 07.95 +11 27 53.3          20.3 Vq~0zjsQ63
     K14B00Q KC2014 01 20.68455107 39 12.33 +11 26 58.5          19.4 Vq~0zjsQ63
     K14B00Q KC2014 01 20.87901 07 41 38.61 +10 57 21.5          19.4 Vu~0zjs958
     K14B00Q KC2014 01 20.88109 07 41 40.01 +10 57 03.4          19.3 Vu~0zjs958
     K14B00Q KC2014 01 20.88295 07 41 41.20 +10 56 49.0          19.3 Vu~0zjs958
     K14B00Q KC2014 01 20.91181007 42 00.47 +10 52 47.9          19.5 Vu~0zjsI93
     K14B00Q KC2014 01 20.92254007 42 07.64 +10 51 18.5          19.0 Vu~0zjsI93
     K14B00Q KC2014 01 20.93152507 42 13.67 +10 50 03.4          19.2 Vu~0zjsI93
     K14B00Q KC2014 01 20.95815 07 42 31.61 +10 46 21.1          19.2 Vu~0zjs958
     K14B00Q KC2014 01 20.96320 07 42 35.05 +10 45 39.6          19.3 Vu~0zjs958
     K14B00Q KC2014 01 21.33907 07 46 56.65 +09 53 27.8          19.3 Ro~0zjs291
     K14B00Q KC2014 01 21.33955 07 46 56.95 +09 53 23.9          19.2 Ro~0zjs291
     K14B00Q KC2014 01 21.34002 07 46 57.26 +09 53 19.9          19.2 Ro~0zjs291
     K14B00Q |C2014 01 22.08704 07 55 45.17 +08 10 35.2          19.5 Vu~0zjs807
     K14B00Q |C2014 01 22.08877 07 55 46.31 +08 10 20.6          19.6 Vu~0zjs807
     K14B00Q |C2014 01 22.09057 07 55 47.50 +08 10 05.5          19.7 Vu~0zjs807
     K14B00Q |C2014 01 22.09244 07 55 48.72 +08 09 49.8          19.6 Vu~0zjs807
     K14B00Q |C2014 01 22.09424 07 55 49.90 +08 09 34.9          20.0 Vu~0zjs807
     K14B00Q KC2014 01 22.32141807 58 19.79 +07 35 19.0          19.3 Vr~0zjsH21
     K14B00Q KC2014 01 22.32622207 58 22.95 +07 34 38.5          19.3 Vr~0zjsH21
     K14B00Q KC2014 01 22.33102607 58 26.10 +07 33 57.7          19.3 Vr~0zjsH21
     K14B00Q |C2014 01 23.11886 08 07 32.88 +05 46 14.9          19.2 Vu~0zjs807
     K14B00Q |C2014 01 23.12353 08 07 35.86 +05 45 36.3          19.9 Vu~0zjs807
     K14B00Q |C2014 01 23.12739 08 07 38.33 +05 45 04.0          19.6 Vu~0zjs807
     K14B00Q |C2014 01 23.12994 08 07 39.95 +05 44 42.8          19.4 Vu~0zjs807
     K14B00Q |C2014 01 23.13265 08 07 41.67 +05 44 20.2          18.7 Vu~0zjs807
     K14B00Q |C2014 01 24.10261 08 18 33.16 +03 30 40.3          20.2 Vu~0zjs807
     K14B00Q |C2014 01 24.10454 08 18 34.35 +03 30 24.6          19.9 Vu~0zjs807
     K14B00Q |C2014 01 24.10649 08 18 35.56 +03 30 09.0          19.8 Vu~0zjs807
     K14B00Q |C2014 01 24.10843 08 18 36.77 +03 29 52.8          19.7 Vu~0zjs807
     K14B00Q |C2014 01 24.11038 08 18 37.97 +03 29 37.1          20.2 Vu~0zjs807
     K14B00Q |C2014 01 25.18047 08 30 10.55 +01 06 16.6          20.0 Vu~109W807
     K14B00Q |C2014 01 25.18284 08 30 11.97 +01 05 58.0          19.9 Vu~109W807
     K14B00Q |C2014 01 25.18541 08 30 13.49 +01 05 37.7          19.7 Vu~109W807
     K14B00Q |C2014 01 25.18799 08 30 15.02 +01 05 17.3          20.0 Vu~109W807
     K14B00Q |C2014 01 25.19038 08 30 16.44 +01 04 58.5          19.8 Vu~109W807
     K14B00Q |C2014 01 26.11934 08 40 01.81 -00 54 42.8          20.0 Vu~109W807
     K14B00Q |C2014 01 26.12261 08 40 03.70 -00 55 07.6          19.9 Vu~109W807
     K14B00Q |C2014 01 26.12657 08 40 06.00 -00 55 37.6          19.9 Vu~109W807
     K14B00Q KC2014 01 27.55939 08 54 17.49 -03 49 11.1          19.3 Ro~109W474
     K14B00Q KC2014 01 27.56176 08 54 18.78 -03 49 27.7          19.7 Ro~109W474
     K14B00Q KC2014 01 27.56389 08 54 19.96 -03 49 43.1          19.6 Ro~109W474
     K14B00Q KC2014 01 27.56673 08 54 21.46 -03 50 02.2          19.8 Ro~109W474
     K14B00Q KC2014 01 31.51044 09 28 48.79 -10 30 32.8          20.9 Ro~109W474
     K14B00Q KC2014 01 31.51279 09 28 49.84 -10 30 45.1          20.2 Ro~109W474
     K14B00Q KC2014 01 31.51963 09 28 52.85 -10 31 20.8                o~109W474
     K14B00Q KC2014 02 02.57073 09 43 57.04 -13 13 30.2          21.0 Ro~10XC474
     K14B00Q KC2014 02 02.57309 09 43 57.95 -13 13 40.2          20.7 Ro~10XC474
     K14B00Q KC2014 02 02.57545 09 43 58.86 -13 13 50.5          20.3 Ro~10XC474
     K14B00Q KC2014 02 04.56853 09 56 56.28 -15 24 09.1          20.9 Ro~10XC474
     K14B00Q KC2014 02 04.57089 09 56 57.03 -15 24 16.9          21.2 Ro~10XC474
     K14B00Q KC2014 02 04.57325 09 56 57.88 -15 24 25.9          20.9 Ro~10XC474
     K14B00Q KC2014 02 04.57560 09 56 58.62 -15 24 34.6          20.5 Ro~10XC474
