     K14L21J  C2013 06 15.44602418 14 24.513-03 24 00.75         20.8 Rt~15f6F51
     K14L21J  C2013 06 15.45968118 14 23.606-03 24 00.57         21.1 Rt~15f6F51
     K14L21J  C2013 06 15.48693018 14 21.772-03 24 00.51         21.2 Rt~15f6F51
     K14L21J  C2013 06 20.47177318 08 47.418-03 25 14.24         20.4 Rt~15f6F51
     K14L21J  C2013 06 20.49413618 08 45.882-03 25 15.07         19.4 Rt~15f6F51
     K14L21J  C2013 06 20.50403118 08 45.193-03 25 15.45         19.9 Rt~15f6F51
     K14L21J* C2014 06 05.17319 10 17 19.31 +36 59 18.7          18.6 Vq~15LB703
     K14L21J  C2014 06 05.17934 10 17 21.17 +36 59 07.5          19.0 Vq~15LB703
     K14L21J  C2014 06 05.18549 10 17 23.11 +36 58 57.5          19.1 Vq~15LB703
     K14L21J  C2014 06 05.19163 10 17 25.07 +36 58 48.9          18.8 Vq~15LB703
     K14L21J  C2014 06 05.25058 10 17 43.67 +36 57 13.6          18.3 Vq~15LB703
     K14L21J  C2014 06 05.25143 10 17 43.87 +36 57 12.6          17.8 Vq~15LB703
     K14L21J  C2014 06 05.25227 10 17 44.09 +36 57 12.6          18.2 Vq~15LB703
     K14L21J  C2014 06 05.25312 10 17 44.40 +36 57 11.1          17.8 Vq~15LB703
     K14L21J KC2014 06 05.26545 10 17 48.41 +36 56 49.3          18.8 Rt~15LBG58
     K14L21J KC2014 06 05.26994 10 17 49.82 +36 56 42.5          18.3 Rt~15LBG58
     K14L21J KC2014 06 05.27558 10 17 51.60 +36 56 33.4          18.6 Rt~15LBG58
     K14L21J KC2014 06 05.28044 10 17 53.09 +36 56 24.9          17.7 Rt~15LBG58
     K14L21J  C2014 06 05.30836 10 18 02.00 +36 55 39.4          18.3  r~15LB718
     K14L21J  C2014 06 05.31050 10 18 02.53 +36 55 36.1          18.4  r~15LB718
     K14L21J  C2014 06 05.31475 10 18 03.90 +36 55 27.3          18.2  r~15LB718
     K14L21J KC2014 06 05.83521 10 20 46.71 +36 41 43.8          18.6 Vt~15LBL04
     K14L21J KC2014 06 05.83679 10 20 47.18 +36 41 41.2          18.7 Vt~15LBL04
     K14L21J KC2014 06 05.84310 10 20 49.15 +36 41 31.6          18.7 Vt~15LBL04
     K14L21J KC2014 06 05.84941 10 20 51.15 +36 41 21.6          18.6 Vt~15LBL04
     K14L21J KC2014 06 05.86477 10 20 55.83 +36 40 57.4          17.9 Rq~15LB470
     K14L21J KC2014 06 05.86587 10 20 56.19 +36 40 55.9          18.1 Rq~15LB470
     K14L21J KC2014 06 05.86697 10 20 56.57 +36 40 54.2          18.2 Rq~15LB470
     K14L21J KC2014 06 05.86740 10 20 56.69 +36 40 53.7          18.6 Rq~15LBK38
     K14L21J KC2014 06 05.90732 10 21 09.08 +36 39 48.9                q~15LBJ95
     K14L21J KC2014 06 05.90751 10 21 09.08 +36 39 48.8          18.2 Rq~15LBK38
     K14L21J KC2014 06 05.91170 10 21 10.41 +36 39 41.9                q~15LB621
     K14L21J KC2014 06 05.92228 10 21 13.66 +36 39 25.0          18.7 Rq~15LBJ95
     K14L21J KC2014 06 05.93337 10 21 17.17 +36 39 07.0          18.2 Rw~15LBB96
     K14L21J KC2014 06 05.93519 10 21 17.64 +36 39 04.4                q~15LBJ95
     K14L21J KC2014 06 05.93641 10 21 18.13 +36 39 02.4          18.1 Rw~15LBB96
     K14L21J KC2014 06 05.93757 10 21 18.39 +36 39 00.0          18.7 Rq~15LB621
     K14L21J KC2014 06 05.94156 10 21 18.92 +36 38 58.5          17.9 Rq~17MKC23
     K14L21J KC2014 06 05.94299 10 21 20.02 +36 38 51.8          18.1 Rw~15LBB96
     K14L21J KC2014 06 05.94589 10 21 20.13 +36 38 51.4          17.8 Rq~17MKC23
     K14L21J KC2014 06 05.94692 10 21 21.22 +36 38 45.1          18.5 Rq~15LB621
     K14L21J KC2014 06 05.94814 10 21 21.64 +36 38 43.7          18.9 Rq~15LBJ95
     K14L21J KC2014 06 05.95022 10 21 21.63 +36 38 43.4          17.9 Rq~17MKC23
     K14L21J KC2014 06 05.95456 10 21 23.15 +36 38 35.3          18.1 Rq~17MKC23
     K14L21J KC2014 06 06.14696 10 22 22.78 +36 33 30.2          18.9 Rq~15LBG48
     K14L21J KC2014 06 06.15020 10 22 23.76 +36 33 25.1          18.4 Rq~15LBG48
     K14L21J KC2014 06 06.15339 10 22 24.72 +36 33 20.0          19.3 Rq~15LBG48
     K14L21J KC2014 06 06.15661 10 22 25.71 +36 33 15.5          19.1 Rq~15LBG48
     K14L21J  C2014 06 06.16295 10 22 27.70 +36 33 05.2          18.9 Ro~15LBG48
     K14L21J  C2014 06 06.16510 10 22 28.31 +36 33 01.6          19.0 Ro~15LBG48
     K14L21J  C2014 06 06.16720 10 22 28.95 +36 32 58.4          18.7 Ro~15LBG48
     K14L21J KC2014 06 06.84572 10 25 54.12 +36 14 53.3          19.1 Vt~15LBL04
     K14L21J KC2014 06 06.85237 10 25 56.11 +36 14 42.2          19.2 Vt~15LBL04
     K14L21J KC2014 06 06.87424 10 26 02.65 +36 14 07.7          19.2 Vt~15LBL04
     K14L21J KC2014 06 06.91897 10 26 16.04 +36 12 55.8          18.5 Rq~15LB621
     K14L21J KC2014 06 06.93129 10 26 19.73 +36 12 35.9          18.7 Rq~15LB621
     K14L21J KC2014 06 06.94360 10 26 23.38 +36 12 16.4          18.9 Rq~15LB621
     K14L21J KC2014 06 07.11590510 27 14.52 +36 07 43.4          19.0 Vu~15LBH21
     K14L21J KC2014 06 07.12509110 27 17.23 +36 07 28.6          19.4 Vu~15LBH21
     K14L21J KC2014 06 07.13483610 27 20.08 +36 07 12.7          18.0 Vu~15LBH21
     K14L21J  C2014 06 07.15361 10 27 25.71 +36 06 44.6          18.4 Vq~15LBG96
     K14L21J  C2014 06 07.16241 10 27 28.30 +36 06 30.4          18.4 Vq~15LBG96
     K14L21J  C2014 06 07.17366 10 27 31.59 +36 06 12.2          18.4 Vq~15LBG96
     K14L21J !C2014 06 07.18545 10 27 35.15 +36 05 52.5          17.9 Rt~15LB673
     K14L21J !C2014 06 07.18707 10 27 35.57 +36 05 50.6          17.6 Rt~15LB673
     K14L21J !C2014 06 07.19064 10 27 36.60 +36 05 44.9          18.0 Rt~15LB673
     K14L21J !C2014 06 07.19220 10 27 37.03 +36 05 42.2          17.8 Rt~15LB673
     K14L21J KC2014 06 07.88420 10 30 58.95 +35 47 14.8          19.6 Vw~15LBC77
     K14L21J KC2014 06 07.88514 10 30 59.24 +35 47 12.3          18.6 Vq~15LB595
     K14L21J KC2014 06 07.89681 10 31 02.59 +35 46 52.8          18.4 Vq~15LB595
     K14L21J KC2014 06 07.89978 10 31 03.44 +35 46 49.0          19.5 Vw~15LBC77
     K14L21J KC2014 06 07.91507 10 31 07.87 +35 46 24.8          18.6 Vw~15LBC77
     K14L21J KC2014 06 07.91516 10 31 07.93 +35 46 24.2                q~15LBJ95
     K14L21J KC2014 06 07.92352 10 31 10.32 +35 46 10.6                q~15LBJ95
     K14L21J KC2014 06 07.92746 10 31 11.50 +35 46 03.9          18.8 Rq~15LBJ95
     K14L21J !C2014 06 08.17326 10 32 21.92 +35 39 33.7          18.0 Rt~15LB673
     K14L21J !C2014 06 08.17484 10 32 22.42 +35 39 31.2                t~15LB673
     K14L21J !C2014 06 08.17792 10 32 23.25 +35 39 26.2                t~15LB673
     K14L21J !C2014 06 08.17961 10 32 23.72 +35 39 23.7                t~15LB673
     K14L21J  C2014 06 08.27018 10 32 49.534+35 37 00.60         18.7 iL~15LBF51
     K14L21J  C2014 06 08.28271 10 32 53.081+35 36 40.17         18.7 iL~15LBF51
     K14L21J  C2014 06 08.29524 10 32 56.594+35 36 20.01         18.7 iL~15LBF51
     K14L21J KC2014 06 08.91817 10 35 51.84 +35 19 39.4                t~15UD204
     K14L21J KC2014 06 08.92584 10 35 53.94 +35 19 27.4                t~15UD204
     K14L21J KC2014 06 08.93351 10 35 56.12 +35 19 14.9          18.9 Rt~15UD204
     K14L21J HC2014 06 09.15976 10 36 58.85 +35 13 16.5          18.4 Ro~15LB291
     K14L21J HC2014 06 09.16087 10 36 59.15 +35 13 14.9          18.5 Ro~15LB291
     K14L21J HC2014 06 09.16197 10 36 59.45 +35 13 12.9          18.4 Ro~15LB291
     K14L21J HC2014 06 09.16628 10 37 00.63 +35 13 06.0          18.1 Ro~15LB291
     K14L21J HC2014 06 09.16763 10 37 01.00 +35 13 04.0          18.1 Ro~15LB291
     K14L21J HC2014 06 09.16896 10 37 01.37 +35 13 01.7          18.2 Ro~15LB291
     K14L21J KC2014 06 13.11750 10 54 03.20 +33 28 26.2          19.0 Rq~15UDH36
     K14L21J KC2014 06 13.12176 10 54 04.30 +33 28 19.3          18.6 Rq~15UDH36
     K14L21J KC2014 06 13.12606 10 54 05.32 +33 28 12.2          18.5 Rq~15UDH36
     K14L21J KC2014 06 13.13082 10 54 06.50 +33 28 05.2          18.7 Rq~15UDH36
     K14L21J  C2014 06 14.10611 10 57 59.59 +33 02 34.1          19.3 Rq~15UDH45
     K14L21J  C2014 06 14.10839 10 58 00.08 +33 02 31.1          19.3 Rq~15UDH45
     K14L21J  C2014 06 14.10950 10 58 00.35 +33 02 29.7          19.0 Rq~15UDH45
     K14L21J  C2014 06 14.11133 10 58 00.83 +33 02 25.4          19.0 Rq~15UDH45
     K14L21J  C2014 06 14.11401 10 58 01.44 +33 02 22.1          19.0 Rq~15UDH45
     K14L21J  C2014 06 14.11496 10 58 01.69 +33 02 21.4          19.0 Rq~15UDH45
     K14L21J  C2014 06 14.11710 10 58 02.16 +33 02 17.5          19.2 Rq~15UDH45
     K14L21J  C2014 06 14.11907 10 58 02.67 +33 02 14.6          19.0 Rq~15UDH45
     K14L21J  C2014 06 14.12067 10 58 02.99 +33 02 11.8          19.1 Rq~15UDH45
     K14L21J  C2014 06 14.12252 10 58 03.41 +33 02 08.7          19.1 Rq~15UDH45
     K14L21J  C2014 06 16.10749 11 05 36.99 +32 10 44.8          19.3 Rq~15UDH45
     K14L21J  C2014 06 16.10874 11 05 37.26 +32 10 43.3          19.3 Rq~15UDH45
     K14L21J  C2014 06 16.11018 11 05 37.53 +32 10 42.2          19.2 Rq~15UDH45
     K14L21J  C2014 06 16.11141 11 05 37.82 +32 10 38.8          19.2 Rq~15UDH45
     K14L21J  C2014 06 16.11251 11 05 38.03 +32 10 36.5          19.1 Rq~15UDH45
     K14L21J  C2014 06 16.11392 11 05 38.39 +32 10 34.6          19.1 Rq~15UDH45
     K14L21J  C2014 06 16.11491 11 05 38.55 +32 10 33.6          19.1 Rq~15UDH45
     K14L21J  C2014 06 16.11595 11 05 38.80 +32 10 32.2          19.2 Rq~15UDH45
     K14L21J  C2014 06 16.11697 11 05 39.06 +32 10 30.4          19.2 Rq~15UDH45
     K14L21J  C2014 06 16.11804 11 05 39.24 +32 10 28.8          19.1 Rq~15UDH45
     K14L21J  C2014 06 17.11188 11 09 16.46 +31 45 03.2          19.2 Rq~15UDH45
     K14L21J  C2014 06 17.11414 11 09 16.92 +31 44 59.2          19.1 Rq~15UDH45
     K14L21J  C2014 06 17.11554 11 09 17.23 +31 44 57.4          19.2 Rq~15UDH45
     K14L21J  C2014 06 17.11658 11 09 17.48 +31 44 55.6          19.4 Rq~15UDH45
     K14L21J  C2014 06 17.11799 11 09 17.77 +31 44 53.7          19.2 Rq~15UDH45
     K14L21J  C2014 06 17.11924 11 09 18.07 +31 44 51.0          19.1 Rq~15UDH45
     K14L21J  C2014 06 17.12061 11 09 18.35 +31 44 49.6          19.2 Rq~15UDH45
     K14L21J  C2014 06 17.12302 11 09 18.87 +31 44 45.9          19.2 Rq~15UDH45
     K14L21J  C2014 06 17.12688 11 09 19.71 +31 44 40.1          19.3 Rq~15UDH45
     K14L21J  C2014 06 17.12965 11 09 20.30 +31 44 35.4          19.1 Rq~15UDH45
     K14L21J KC2014 06 20.09630 11 19 33.57 +30 30 00.5                q~15UDI15
     K14L21J KC2014 06 20.10590 11 19 35.43 +30 29 46.8                q~15UDI15
     K14L21J  C2014 06 22.20329 11 26 20.61 +29 38 22.6          19.3 Vq~15f6703
     K14L21J  C2014 06 22.20838 11 26 21.55 +29 38 15.6          19.4 Vq~15f6703
     K14L21J  C2014 06 22.21344 11 26 22.43 +29 38 06.8          19.9 Vq~15f6703
     K14L21J  C2014 06 22.21850 11 26 23.36 +29 38 01.0          19.1 Vq~15f6703
     K14L21J KC2014 07 25.18764 12 42 51.05 +18 33 00.5          19.3 Ro~16Wu291
     K14L21J KC2014 07 25.18992 12 42 51.28 +18 32 58.3          19.6 Ro~16Wu291
     K14L21J KC2014 07 25.19222 12 42 51.51 +18 32 55.9          19.9 Ro~16Wu291
     K14L21J ^C2015 03 26.47350 16 42 06.43 +04 50 06.0          22.8 Ro~1Q4f695
     K14L21J ^C2015 03 26.47928 16 42 06.31 +04 50 08.3          22.6 Ro~1Q4f695
     K14L21J ^C2015 03 26.48517 16 42 06.19 +04 50 10.4          22.8 Ro~1Q4f695
     K14L21J "C2015 04 15.37867916 32 11.05 +06 57 58.8          21.8 Rt~1Wkk705
     K14L21J "C2015 04 15.37997216 32 10.99 +06 57 59.1          22.2 Rt~1Wkk705
     K14L21J "C2015 04 15.38126916 32 10.93 +06 57 59.5          22.2 Rt~1Wkk705
     K14L21J KC2015 04 21.36199016 27 54.82 +07 32 55.7          22.2 Vu~1QeaH21
     K14L21J KC2015 04 21.38520216 27 53.64 +07 33 02.6          22.4 Vu~1QeaH21
     K14L21J KC2015 04 21.40666716 27 52.61 +07 33 09.9          22.2 Vu~1QeaH21
     K14L21J ]C2015 04 22.38480 16 27 07.90 +07 38 36.8          22.3 Ro~1Qea695
     K14L21J ]C2015 04 22.39356 16 27 07.49 +07 38 39.5          22.2 Ro~1Qea695
     K14L21J ]C2015 04 22.40233 16 27 07.06 +07 38 42.6          22.3 Ro~1Qea695
     K14L21J ]C2015 04 22.41109 16 27 06.65 +07 38 45.6          22.5 Ro~1Qea695
