     K14H02N* C2014 04 21.24439 13 00 45.40 +03 11 10.6          19.6 Vq~13NcG96
     K14H02N  C2014 04 21.25165 13 00 41.54 +03 11 42.7          19.4 Vq~13NcG96
     K14H02N  C2014 04 21.25889 13 00 37.74 +03 12 14.7          19.6 Vq~13NcG96
     K14H02N  C2014 04 21.26615 13 00 33.86 +03 12 46.4          19.3 Vq~13NcG96
     K14H02N KC2014 04 21.34409 12 59 53.04 +03 18 28.0          19.8 Ro~13Nc291
     K14H02N KC2014 04 21.34509 12 59 52.53 +03 18 32.3          19.5 Ro~13Nc291
     K14H02N  C2014 04 22.35389 12 53 06.92 +04 29 04.3          19.7 Vq~13NcG96
     K14H02N  C2014 04 22.36237 12 53 02.85 +04 29 38.2          19.6 Vq~13NcG96
     K14H02N KC2014 04 22.81717 12 50 27.97 +04 58 43.4          19.8 Vq~13Nc595
     K14H02N KC2014 04 22.83065 12 50 21.87 +04 59 36.6                q~13Nc595
     K14H02N KC2014 04 22.84429 12 50 19.03 +05 00 37.1          20.1 Vq~13Nc958
     K14H02N KC2014 04 22.85156 12 50 15.73 +05 01 05.8          19.8 Vq~13Nc958
     K14H02N KC2014 04 22.86048712 50 11.52 +05 01 36.5          20.0 Vq~13NcI93
     K14H02N KC2014 04 22.86621 12 50 09.14 +05 02 03.6          20.4 Vq~13Nc958
     K14H02N KC2014 04 22.86622712 50 08.87 +05 01 59.3          20.0 Vq~13NcI93
     K14H02N KC2014 04 22.87274412 50 05.88 +05 02 25.1          19.7 Vq~13NcI93
     K14H02N KC2014 04 22.89093 12 49 57.15 +05 03 09.9                q~13NcJ95
     K14H02N KC2014 04 22.89605 12 49 52.86 +05 03 53.6          19.4 Rq~13Nc203
     K14H02N  C2014 04 22.89896 12 49 50.67 +05 03 44.7          19.6 Vo~13Nc033
     K14H02N KC2014 04 22.90062 12 49 52.82 +05 03 47.9          19.7 Rq~13NcJ95
     K14H02N  C2014 04 22.90216 12 49 49.21 +05 03 57.0          19.6 Vo~13Nc033
     K14H02N  C2014 04 22.90537 12 49 47.80 +05 04 09.1          19.4 Vo~13Nc033
     K14H02N KC2014 04 22.91034 12 49 46.26 +05 04 47.7                t~13Nc204
     K14H02N KC2014 04 22.91577 12 49 43.68 +05 05 10.6          19.8 Rq~13Nc203
     K14H02N KC2014 04 22.92522 12 49 39.39 +05 05 45.4                t~13Nc204
     K14H02N  C2014 04 22.93307 12 49 35.15 +05 05 56.4          19.9 Vo~13Nc033
     K14H02N  C2014 04 22.93627 12 49 33.70 +05 06 08.6          19.9 Vo~13Nc033
     K14H02N  C2014 04 22.93948 12 49 32.25 +05 06 21.1          19.1 Vo~13Nc033
     K14H02N KC2014 04 22.94139 12 49 31.89 +05 06 47.8          19.9 Rt~13Nc204
     K14H02N |C2014 04 23.08326 12 48 47.48 +05 22 03.7          20.2 Vu~13Nc807
     K14H02N |C2014 04 23.08777 12 48 45.34 +05 22 21.3          20.2 Vu~13Nc807
     K14H02N |C2014 04 23.09269 12 48 43.01 +05 22 40.2          19.8 Vu~13Nc807
     K14H02N KC2014 04 23.19542212 47 59.22 +05 23 25.3          19.8 Vr~13NcH21
     K14H02N KC2014 04 23.20046612 47 56.89 +05 23 44.9          19.8 Vr~13NcH21
     K14H02N KC2014 04 23.20611712 47 54.23 +05 24 05.6          19.8 Vr~13NcH21
     K14H02N  C2014 04 23.30390 12 47 28.800+05 31 40.01         21.0 wL~13NcF51
     K14H02N  C2014 04 23.32813 12 47 17.318+05 33 12.45         20.7 wL~13NcF51
     K14H02N  C2014 04 23.34033 12 47 11.501+05 33 58.50         20.6 wL~13NcF51
     K14H02N }C2014 04 24.25233 12 41 47.63 +06 27 41.6          19.1 wN~13Nc675
     K14H02N }C2014 04 24.25877 12 41 44.79 +06 28 03.9          19.9 iN~13Nc675
     K14H02N }C2014 04 24.25942 12 41 44.48 +06 28 06.2          20.8 gN~13Nc675
     K14H02N }C2014 04 24.26006 12 41 44.20 +06 28 08.5          20.3 rN~13Nc675
     K14H02N }C2014 04 24.26712 12 41 41.07 +06 28 33.0          18.9 wN~13Nc675
     K14H02N KC2014 04 25.30260 12 35 56.03 +07 25 50.6          19.3 Ro~13Nc291
     K14H02N KC2014 04 25.30346 12 35 55.68 +07 25 53.2          19.9 Ro~13Nc291
     K14H02N KC2014 04 25.30432 12 35 55.32 +07 25 56.0          20.1 Ro~13Nc291
     K14H02N KC2014 04 27.21490 12 26 40.62 +08 58 56.9          20.1 Ro~13j2291
     K14H02N KC2014 04 27.21652 12 26 40.02 +08 59 01.2          20.1 Ro~13j2291
     K14H02N KC2014 04 27.21815 12 26 39.41 +08 59 05.6          20.5 Ro~13j2291
     K14H02N KC2014 04 30.28515 12 14 06.91 +10 58 18.2          20.7 Ro~13j2291
     K14H02N KC2014 04 30.28700 12 14 06.36 +10 58 21.6          20.2 Ro~13j2291
     K14H02N KC2014 04 30.28885 12 14 05.81 +10 58 25.2          20.6 Ro~13j2291
     K14H02N KC2014 05 02.27628 12 07 34.79 +11 59 08.4          20.9 Ro~13j2291
     K14H02N KC2014 05 02.27802 12 07 34.36 +11 59 11.1          20.6 Ro~13j2291
     K14H02N KC2014 05 02.27975 12 07 33.91 +11 59 14.0          20.6 Ro~13j2291
     K14H02N KC2014 05 03.35731 12 04 23.41 +12 27 19.9          20.6 Ro~144A291
     K14H02N KC2014 05 03.35956 12 04 22.96 +12 27 22.8          20.6 Ro~144A291
     K14H02N KC2014 05 03.36181 12 04 22.50 +12 27 25.8          20.7 Ro~144A291
     K14H02N KC2014 05 04.32266 12 01 53.12 +12 50 22.6                o~144A291
     K14H02N KC2014 05 04.32492 12 01 52.68 +12 50 25.2          20.9 Ro~144A291
     K14H02N KC2014 05 04.32905 12 01 51.84 +12 50 30.2          20.8 Ro~144A291
     K14H02N .C2014 06 02.88090 11 41 45.14 +15 49 29.6          21.5 Ro~156v950
     K14H02N .C2014 06 02.88444 11 41 45.04 +15 49 29.1          21.8 Ro~156v950
     K14H02N .C2014 06 02.88797 11 41 44.93 +15 49 28.4          21.8 Ro~156v950
