     K14B02Z* C2014 01 21.25664 07 23 57.73 +16 49 20.8                q~0zjvG96
     K14B02Z  C2014 01 21.26788 07 23 37.71 +16 49 19.0          19.0 Vq~0zjvG96
     K14B02Z  C2014 01 21.27352 07 23 27.63 +16 49 18.0          19.0 Vq~0zjvG96
     K14B02Z  C2014 01 21.35759 07 20 54.20 +16 48 49.0          18.9 Vq~0zjvG96
     K14B02Z  C2014 01 21.35786 07 20 53.68 +16 48 48.7          19.2 Vq~0zjvG96
     K14B02Z  C2014 01 21.35812 07 20 53.18 +16 48 48.8          19.1 Vq~0zjvG96
     K14B02Z  C2014 01 21.35839 07 20 52.72 +16 48 48.4          19.2 Vq~0zjvG96
     K14B02Z  C2014 01 21.41214 07 19 12.00 +16 48 17.5          19.0 Vq~0zjvG96
     K14B02Z  C2014 01 21.41241 07 19 11.50 +16 48 17.1          19.2 Vq~0zjvG96
     K14B02Z  C2014 01 21.41267 07 19 10.98 +16 48 16.7          19.0 Vq~0zjvG96
     K14B02Z IC2014 01 21.78945 07 06 54.70 +16 43 17.4          17.9 Vr~0zjv958
     K14B02Z KC2014 01 21.79523 07 06 41.55 +16 43 12.8          19.1 Vr~0zjv958
     K14B02Z KC2014 01 21.80044 07 06 29.72 +16 43 09.4          18.9 Vr~0zjv958
     K14B02Z KC2014 01 21.85433407 04 23.60 +16 42 24.4          18.9 Vu~0zjvI93
     K14B02Z KC2014 01 21.86361 07 03 59.95 +16 42 22.8          18.5 Vq~0zjvC77
     K14B02Z KC2014 01 21.86401707 04 00.48 +16 42 16.0          18.6 Vu~0zjvI93
     K14B02Z KC2014 01 21.86571 07 03 54.81 +16 42 18.7          19.0 Vq~0zjvC77
     K14B02Z KC2014 01 21.86778 07 03 49.93 +16 42 16.0          18.0 Vq~0zjvC77
     K14B02Z KC2014 01 21.87073 07 03 42.75 +16 42 13.5          18.8 Vq~0zjvC77
     K14B02Z KC2014 01 21.87302907 03 38.84 +16 42 07.1          18.9 Vu~0zjvI93
     K14B02Z KC2014 01 21.97567 06 59 20.68 +16 39 56.5          18.8 Rq~0zjv204
     K14B02Z KC2014 01 21.97944 06 59 11.00 +16 39 50.5                q~0zjv204
     K14B02Z KC2014 01 21.98322 06 59 01.28 +16 39 44.9                q~0zjv204
     K14B02Z KC2014 01 21.98909 06 58 46.13 +16 39 35.7                q~0zjv204
     K14B02Z KC2014 01 22.17365 06 50 49.66 +16 34 55.9          19.4 Rq~0zjvH36
     K14B02Z KC2014 01 22.17832 06 50 36.25 +16 34 47.3          18.3 Rq~0zjvH36
     K14B02Z KC2014 01 22.18237 06 50 24.38 +16 34 40.2          18.8 Rq~0zjvH36
     K14B02Z KC2014 01 22.18469 06 50 17.69 +16 34 35.9          18.4 Rq~0zjvH36
     K14B02Z  C2014 01 22.26070 06 46 36.30 +16 32 25.1          18.4 Vq~0zjvG96
     K14B02Z  C2014 01 22.26123 06 46 34.68 +16 32 23.6          18.7 Vq~0zjvG96
     K14B02Z  C2014 01 22.26150 06 46 33.89 +16 32 23.2          18.7 Vq~0zjvG96
     K14B02Z  C2014 01 22.26176 06 46 33.10 +16 32 22.4          18.6 Vq~0zjvG96
     K14B02Z KC2014 01 22.89534406 08 48.44 +15 47 49.2          18.3 Rq~0zjvJ95
     K14B02Z KC2014 01 22.89745706 08 39.03 +15 47 35.9          18.2 Rq~0zjvJ95
     K14B02Z KC2014 01 22.90044206 08 25.73 +15 47 16.5          18.1 Rq~0zjvJ95
     K14B02Z KC2014 01 22.90506806 08 05.04 +15 46 47.1          18.5 Rq~0zjvJ95
     K14B02Z KC2014 01 23.80350204 41 09.99 +12 33 52.8          17.9 Rq~0zjvJ95
     K14B02Z KC2014 01 23.80597704 40 51.34 +12 33 00.5          18.6 Rq~0zjvJ95
     K14B02Z KC2014 01 23.80908304 40 27.94 +12 31 53.2          17.9 Rq~0zjvJ95
     K14B02Z KC2014 01 23.81224304 40 04.11 +12 30 44.7          18.2 Rq~0zjvJ95
     K14B02Z KC2014 01 24.07849504 05 15.22 +10 42 00.3          18.5 Vu~109XH21
     K14B02Z KC2014 01 24.07988704 05 03.52 +10 41 21.2          18.6 Vu~109XH21
     K14B02Z KC2014 01 24.08170404 04 48.23 +10 40 29.8          18.9 Vu~109XH21
     K14B02Z KC2014 01 24.08351804 04 33.00 +10 39 38.9          18.4 Vu~109XH21
     K14B02Z KC2014 01 24.08532804 04 17.76 +10 38 47.8          18.4 Vu~109XH21
     K14B02Z KC2014 01 24.08711504 04 02.71 +10 37 57.2          18.6 Vu~109XH21
     K14B02Z KC2014 01 24.08897004 03 47.10 +10 37 04.6          18.3 Vu~109XH21
     K14B02Z KC2014 01 24.09092404 03 30.64 +10 36 09.2          18.9 Vu~109XH21
