     K14HJ6K*5C2014 04 23.13106 14 03 27.41 -13 07 06.2          23.0 VL~1CsIW84
     K14HJ6K 5C2014 04 23.13430 14 03 27.68 -13 07 04.5                L~1CsIW84
     K14HJ6K 5C2014 04 23.13754 14 03 27.95 -13 07 02.3                L~1CsIW84
     K14HJ6K 5C2014 04 23.14073 14 03 28.23 -13 07 00.3                L~1CsIW84
     K14HJ6K 5C2014 04 23.14390 14 03 28.51 -13 06 58.3                L~1CsIW84
     K14HJ6K 5C2014 04 24.15318 14 05 10.28 -12 56 43.1          23.0 VL~1CsIW84
     K14HJ6K 5C2014 04 24.15641 14 05 10.54 -12 56 41.2                L~1CsIW84
     K14HJ6K 5C2014 04 24.15966 14 05 10.80 -12 56 39.4                L~1CsIW84
     K14HJ6K 5C2014 04 24.16291 14 05 11.05 -12 56 37.4                L~1CsIW84
     K14HJ6K 5C2014 04 24.16612 14 05 11.31 -12 56 35.6                L~1CsIW84
     K14HJ6K 5C2014 04 25.15199 14 06 44.55 -12 47 09.3          23.4 VL~1CsIW84
     K14HJ6K 5C2014 04 25.15523 14 06 44.79 -12 47 07.6                L~1CsIW84
     K14HJ6K 5C2014 04 25.15845 14 06 45.03 -12 47 05.8                L~1CsIW84
     K14HJ6K 5C2014 04 25.16170 14 06 45.27 -12 47 04.1                L~1CsIW84
     K14HJ6K 5C2014 04 25.16495 14 06 45.50 -12 47 02.3                L~1CsIW84
     K14HJ6K 5C2014 04 26.08731 14 08 08.39 -12 38 41.4          23.5 VL~1CsIW84
     K14HJ6K 5C2014 04 26.09053 14 08 08.61 -12 38 39.9                L~1CsIW84
     K14HJ6K 5C2014 04 26.09689 14 08 09.08 -12 38 36.9                L~1CsIW84
     K14HJ6K 5C2014 04 26.10013 14 08 09.30 -12 38 35.1                L~1CsIW84
