     K14U56U* C2014 10 24.32451 01 32 14.92 +07 19 46.8          20.4 Vq~1BVIG96
     K14U56U  C2014 10 24.33058 01 32 15.24 +07 19 58.1          20.6 Vq~1BVIG96
     K14U56U  C2014 10 24.33667 01 32 15.59 +07 20 08.4          20.6 Vq~1BVIG96
     K14U56U  C2014 10 24.34276 01 32 15.94 +07 20 19.4          20.0 Vq~1BVIG96
     K14U56U  C2014 10 24.37567 01 32 17.98 +07 21 15.1          20.6 Vq~1BVIG96
     K14U56U  C2014 10 24.37928 01 32 18.25 +07 21 21.3          20.6 Vq~1BVIG96
     K14U56U  C2014 10 24.38289 01 32 18.54 +07 21 27.2          20.4 Vq~1BVIG96
     K14U56U  C2014 10 24.38649 01 32 18.77 +07 21 33.7          20.7 Vq~1BVIG96
     K14U56U  C2014 10 25.11915401 34 39.82 +07 40 30.0          19.9 Rt~1BVIH01
     K14U56U  C2014 10 25.12260201 34 40.05 +07 40 35.4          20.4 Rt~1BVIH01
     K14U56U  C2014 10 25.13300901 34 40.69 +07 40 51.5          20.3 Rt~1BVIH01
     K14U56U  C2014 10 25.14245101 34 41.21 +07 41 06.0          20.4 Rt~1BVIH01
     K14U56U  C2014 10 25.36620201 35 02.023+07 47 17.13         21.1 Rt~1LM9F51
     K14U56U FC2014 10 25.37844401 35 02.071+07 47 33.20         21.8 Rt~1LM9F51
     K14U56U  C2014 10 25.40300501 35 02.091+07 48 04.15         21.2 Rt~1LM9F51
     K14U56U HC2014 10 26.15502 01 36 35.32 +08 00 51.9                o~1BVI291
     K14U56U HC2014 10 26.15841 01 36 35.41 +08 00 56.1                o~1BVI291
     K14U56U HC2014 10 26.16179 01 36 35.51 +08 00 59.9                o~1BVI291
     K14U56U 2C2014 10 28.45379101 39 11.152+08 30 22.68         22.2 Rt~1BVI568
     K14U56U 2C2014 10 28.45770401 39 11.085+08 30 24.64         22.3 Rt~1BVI568
