     K14WC1E* C2014 11 22.18404 00 40 57.55 +17 41 12.7          21.3 Vq~1CvwG96
     K14WC1E  C2014 11 22.19015 00 40 58.13 +17 41 05.7          20.5 Vq~1CvwG96
     K14WC1E  C2014 11 22.19624 00 40 58.69 +17 40 57.6          20.1 Vq~1CvwG96
     K14WC1E  C2014 11 22.20234 00 40 59.30 +17 40 50.1          20.1 Vq~1CvwG96
     K14WC1E  C2014 11 22.22491 00 41 01.48 +17 40 22.3          20.7 Vq~1CvwG96
     K14WC1E  C2014 11 22.22629 00 41 01.60 +17 40 20.6          20.5 Vq~1CvwG96
     K14WC1E  C2014 11 22.22773 00 41 01.73 +17 40 18.9          20.5 Vq~1CvwG96
     K14WC1E  C2014 11 22.22913 00 41 01.90 +17 40 17.4          20.8 Vq~1CvwG96
     K14WC1E  C2014 11 23.18048 00 43 00.87 +17 21 03.2          20.0 Vq~1CvwG96
     K14WC1E  C2014 11 23.18696 00 43 01.55 +17 20 55.2          20.3 Vq~1CvwG96
     K14WC1E  C2014 11 23.19344 00 43 02.20 +17 20 47.3          20.3 Vq~1CvwG96
     K14WC1E  C2014 11 23.19992 00 43 02.90 +17 20 39.5          20.3 Vq~1CvwG96
     K14WC1E 2C2014 11 25.20077000 47 35.440+16 40 07.29         20.5 Rt~1Cvw568
     K14WC1E 2C2014 11 25.20188400 47 35.574+16 40 05.99         20.4 Rt~1Cvw568
     K14WC1E 2C2014 11 25.20447700 47 35.873+16 40 02.96         20.4 Rt~1Cvw568
     K14WC1E KC2014 11 26.16759400 49 52.05 +16 19 59.2          21.0 Vu~1CvwH21
     K14WC1E KC2014 11 26.17494400 49 52.98 +16 19 50.0          21.0 Vu~1CvwH21
     K14WC1E KC2014 11 26.18196400 49 53.89 +16 19 40.6          21.2 Vu~1CvwH21
     K14WC1E KC2014 11 27.14163100 52 22.21 +16 00 11.7          21.0 Rq~1Cvw448
     K14WC1E KC2014 11 27.17693500 52 26.86 +15 59 28.3          20.7 Rq~1Cvw448
     K14WC1E KC2014 11 27.21080900 52 31.31 +15 58 46.2          20.8 Rq~1Cvw448
     K14WC1E KC2014 11 28.14301700 55 00.59 +15 39 32.6          21.0 Vu~1DOhH21
     K14WC1E KC2014 11 28.14988700 55 01.61 +15 39 24.3          20.8 Vu~1DOhH21
     K14WC1E KC2014 11 28.15774100 55 02.65 +15 39 13.5          21.0 Vu~1DOhH21
     K14WC1E KC2014 11 29.10078500 57 40.97 +15 19 55.5          21.2 Vu~1EMLH21
     K14WC1E KC2014 11 29.10995200 57 42.33 +15 19 43.8          21.6 Vu~1EMLH21
     K14WC1E KC2014 12 11.26083 01 40 18.80 +11 16 15.0          20.6 Ro~1Dul291
     K14WC1E KC2014 12 11.26212 01 40 19.09 +11 16 13.1          20.5 Ro~1Dul291
     K14WC1E KC2014 12 11.26341 01 40 19.40 +11 16 11.7          20.2 Ro~1Dul291
     K14WC1E KC2014 12 18.92636 02 14 24.31 +08 56 20.8          19.8 Rt~1IXu204
     K14WC1E KC2014 12 18.95286 02 14 31.38 +08 55 54.0                t~1IXu204
     K14WC1E KC2014 12 23.08237 02 34 35.18 +07 49 51.9          20.5 Ro~1FnU291
     K14WC1E KC2014 12 23.08396 02 34 35.72 +07 49 49.9          20.5 Ro~1FnU291
     K14WC1E KC2014 12 23.08551 02 34 35.98 +07 49 48.9          20.4 Ro~1FnU291
     K14WC1E KC2014 12 26.07421902 49 30.84 +07 06 48.9          20.8 Vu~1FnUH21
     K14WC1E KC2014 12 26.07743502 49 31.71 +07 06 45.8          20.8 Vu~1FnUH21
     K14WC1E KC2014 12 26.08093302 49 32.71 +07 06 43.2          20.9 Vu~1FnUH21
     K14WC1E  C2015 01 15.23625 04 29 30.829+04 30 35.28         22.1 wL~1MjZF51
     K14WC1E  C2015 01 15.24773 04 29 33.801+04 30 33.90         21.4 wL~1MjZF51
     K14WC1E  C2015 01 15.25924 04 29 36.736+04 30 32.52         21.6 wL~1MjZF51
     K14WC1E  C2015 01 19.23069 04 47 30.517+04 26 24.20         21.6 wL~1GnCF51
     K14WC1E  C2015 01 19.24277 04 47 33.458+04 26 24.39         21.4 wL~1GnCF51
     K14WC1E  C2015 01 19.26694 04 47 39.343+04 26 24.08         22.1 wL~1GnCF51
