     K14F43Z* C2014 03 29.25787 10 33 21.65 +21 08 56.4          21.2 Vq~12hAG96
     K14F43Z  C2014 03 29.26533 10 33 21.27 +21 08 36.9          20.8 Vq~12hAG96
     K14F43Z  C2014 03 29.27276 10 33 20.87 +21 08 17.5          21.6 Vq~12hAG96
     K14F43Z  C2014 03 29.30808810 33 18.98 +21 06 43.7          21.3 Rt~12hAH01
     K14F43Z  C2014 03 29.31150710 33 18.81 +21 06 35.0          21.7 Rt~12hAH01
     K14F43Z  C2014 03 29.32951410 33 17.93 +21 05 47.8          20.4 Rt~12hAH01
     K14F43Z  C2014 03 29.33609710 33 17.62 +21 05 30.4          20.7 Rt~12hAH01
     K14F43Z  C2014 03 29.36303 10 33 16.39 +21 04 20.9          21.5 Vq~12hAG96
     K14F43Z KC2014 03 29.36703 10 33 16.23 +21 04 10.5          20.5 Ro~12hB291
     K14F43Z  C2014 03 29.36831 10 33 16.14 +21 04 07.1          21.0 Vq~12hBG96
     K14F43Z KC2014 03 29.36864 10 33 16.18 +21 04 06.7          20.4 Ro~12hB291
     K14F43Z KC2014 03 29.37026 10 33 16.09 +21 04 02.2          20.2 Ro~12hB291
     K14F43Z  C2014 03 29.37163 10 33 16.03 +21 03 58.0          21.2 Vq~12hBG96
     K14F43Z  C2014 03 29.37495 10 33 15.86 +21 03 49.8          21.2 Vq~12hBG96
     K14F43Z KC2014 03 30.14045 10 32 51.87 +20 31 15.0          21.1 Ro~12hB291
     K14F43Z KC2014 03 30.14217 10 32 51.85 +20 31 10.4          20.7 Ro~12hB291
     K14F43Z KC2014 03 30.14391 10 32 51.85 +20 31 07.0          21.0 Ro~12hB291
     K14F43Z  C2014 03 30.22559 10 32 48.00 +20 27 41.4          20.8 Ro~12hB926
     K14F43Z FC2014 03 30.24527 10 32 46.41 +20 26 44.9          22.3 Vq~12hBH21
     K14F43Z  C2014 03 30.25105 10 32 46.76 +20 26 36.4          21.6 Ro~12hB926
     K14F43Z FC2014 03 30.26797 10 32 45.38 +20 25 47.1          22.8 Vq~12hBH21
     K14F43Z KC2014 03 30.34022910 32 42.66 +20 22 48.7          20.9 Vq~12hBV37
     K14F43Z KC2014 03 30.34606010 32 42.42 +20 22 33.7          20.8 Vq~12hBV37
     K14F43Z KC2014 03 30.35205210 32 42.20 +20 22 17.5          21.1 Vq~12hBV37
     K14F43Z KC2014 03 31.19246 10 32 19.56 +19 47 28.5          20.5 Ro~12hB291
     K14F43Z KC2014 03 31.19471 10 32 19.47 +19 47 22.8          20.8 Ro~12hB291
     K14F43Z KC2014 03 31.19696 10 32 19.37 +19 47 17.1          20.9 Ro~12hB291
     K14F43Z KC2014 04 04.14701 10 31 11.28 +17 13 12.0          21.0 Ro~12hB291
     K14F43Z KC2014 04 04.15290 10 31 11.18 +17 12 59.4          20.7 Ro~12hB291
     K14F43Z KC2014 04 04.15880 10 31 11.06 +17 12 46.3                o~12hB291
