     K14A16Y* C2014 01 03.22826 03 40 01.03 +13 58 42.5          22.2 Vq~0zFNG96
     K14A16Y  C2014 01 03.23349 03 40 03.58 +13 58 45.2          21.3 Vq~0zFNG96
     K14A16Y  C2014 01 03.23881 03 40 06.21 +13 58 47.9          20.9 Vq~0zFNG96
     K14A16Y  C2014 01 03.24433 03 40 08.88 +13 58 51.9          21.7 Vq~0zFNG96
     K14A16Y  C2014 01 03.30607 03 40 39.16 +13 59 26.3          20.8 Vq~0zFNG96
     K14A16Y  C2014 01 03.30710 03 40 39.69 +13 59 26.6          21.0 Vq~0zFNG96
     K14A16Y  C2014 01 04.12364 03 47 25.72 +14 07 12.4          21.4 Vq~0zFNG96
     K14A16Y KC2014 01 04.12527 03 47 26.49 +14 07 13.4          21.4 Ro~0zFN291
     K14A16Y KC2014 01 04.12844 03 47 27.99 +14 07 15.4          21.0 Ro~0zFN291
     K14A16Y  C2014 01 04.12947 03 47 28.38 +14 07 15.5          20.7 Vq~0zFNG96
     K14A16Y KC2014 01 04.13163 03 47 29.47 +14 07 17.2          21.1 Ro~0zFN291
     K14A16Y  C2014 01 04.13528 03 47 31.15 +14 07 18.6          20.8 Vq~0zFNG96
     K14A16Y 2C2014 01 09.46304604 25 39.532+14 42 16.27         22.1 Rt~0zFN568
     K14A16Y 2C2014 01 09.46393904 25 39.870+14 42 16.48         21.9 Rt~0zFN568
     K14A16Y 2C2014 01 11.30731804 36 52.469+14 49 57.56         22.2 Rt~13hz568
     K14A16Y 2C2014 01 11.32593304 36 58.679+14 50 01.68         22.2 Rt~13hz568
