     K14D22M  C2002 01 08.44604 08 20 14.52 +09 19 53.6          20.1 Rc~16N4644
     K14D22M  C2002 01 08.46828 08 20 12.10 +09 20 40.8          19.6 Rc~16N4644
     K14D22M  C2002 01 11.41252 08 14 38.46 +11 10 55.3          20.2 Rc~16N4608
     K14D22M  C2002 01 11.42361 08 14 37.06 +11 11 21.5          20.1 Rc~16N4608
     K14D22M  C2002 02 04.18992 07 02 43.91 +31 51 09.5          19.3 Rc~16N4644
     K14D22M  C2002 02 04.21126 07 02 38.82 +31 52 22.9          19.4 Rc~16N4644
     K14D22M  C2002 02 12.12444 06 31 03.80 +39 01 58.5          19.3 Rc~16N4644
     K14D22M  C2002 02 12.14538 06 30 58.61 +39 03 01.8          19.1 Rc~16N4644
     K14D22M  C2002 02 12.16780 06 30 53.00 +39 04 10.6          19.2 Rc~16N4644
     K14D22M* C2014 02 22.17593 05 35 11.04 +23 58 36.9          20.5 Vq~115ZG96
     K14D22M  C2014 02 22.18051 05 35 10.70 +23 58 45.2          21.0 Vq~115ZG96
     K14D22M  C2014 02 22.18507 05 35 10.33 +23 58 53.2          20.8 Vq~115ZG96
     K14D22M  C2014 02 22.21327005 35 08.27 +23 59 43.1          20.4 Rt~115ZH01
     K14D22M  C2014 02 22.22132505 35 07.69 +23 59 57.4          20.0 Rt~115ZH01
     K14D22M  C2014 02 22.22668405 35 07.30 +24 00 06.8          20.2 Rt~115ZH01
     K14D22M  C2014 02 22.23617005 35 06.61 +24 00 23.7          20.4 Rt~115ZH01
     K14D22M  C2014 02 22.23698 05 35 06.63 +24 00 25.9          20.3 Vq~115ZG96
     K14D22M  C2014 02 22.23748 05 35 06.55 +24 00 26.9          20.7 Vq~115ZG96
     K14D22M  C2014 02 22.23848 05 35 06.47 +24 00 28.1          21.6 Vq~115ZG96
     K14D22M KC2014 02 23.26227805 33 56.97 +24 30 48.0          22.1 Vq~115ZV37
     K14D22M KC2014 02 23.26713405 33 56.64 +24 30 56.7          21.6 Vq~115ZV37
     K14D22M KC2014 02 23.27320405 33 56.23 +24 31 07.3          21.4 Vq~115ZV37
     K14D22M KC2014 02 24.07318605 33 05.14 +24 54 37.4          20.7 Vr~115ZH21
     K14D22M KC2014 02 24.08190905 33 04.58 +24 54 52.3          20.7 Vr~115ZH21
     K14D22M IC2014 02 24.09181605 33 03.91 +24 55 10.4                r~115ZH21
     K14D22M  C2014 02 24.21614305 32 55.86 +24 58 48.2          21.0 Rt~115ZH01
     K14D22M  C2014 02 24.22603905 32 55.21 +24 59 05.4          20.9 Rt~115ZH01
     K14D22M  C2014 02 24.23309505 32 54.75 +24 59 17.6          20.6 Rt~115ZH01
     K14D22M  C2014 02 24.23689905 32 54.51 +24 59 24.2          20.5 Rt~115ZH01
     K14D22M FC2014 02 24.83566 05 32 18.13 +25 16 49.6                q~115Z204
     K14D22M FC2014 02 24.85597 05 32 16.84 +25 17 24.8          21   Rq~115Z204
     K14D22M KC2014 02 24.88959 05 32 14.66 +25 18 22.7          21.8 Rq~115ZK51
     K14D22M KC2014 02 24.89251 05 32 14.46 +25 18 27.7          22.1 Rq~115ZK51
     K14D22M KC2014 02 24.89542 05 32 14.29 +25 18 32.6          21.7 Rq~115ZK51
     K14D22M KC2014 02 24.89906 05 32 14.07 +25 18 39.1          21.5 Rq~115ZK51
     K14D22M  C2014 02 27.13304 05 30 09.28 +26 22 48.2          20.6 Vq~115ZG96
     K14D22M  C2014 02 27.13411 05 30 09.22 +26 22 49.7          20.4 Vq~115ZG96
     K14D22M KC2014 02 27.13583 05 30 09.10 +26 22 53.4                o~115Z291
     K14D22M KC2014 02 27.14054 05 30 08.85 +26 23 01.4          20.0 Ro~115Z291
     K14D22M  C2014 02 27.14181 05 30 08.82 +26 23 03.2          20.4 Vq~115ZG96
     K14D22M  C2014 02 27.14287 05 30 08.71 +26 23 04.8          20.7 Vq~115ZG96
     K14D22M  C2014 02 27.14644 05 30 08.52 +26 23 11.3          20.7 Vq~115ZG96
     K14D22M  C2014 02 27.14751 05 30 08.47 +26 23 13.0          20.7 Vq~115ZG96
     K14D22M  C2014 02 27.15108 05 30 08.34 +26 23 19.1          20.3 Vq~115ZG96
     K14D22M  C2014 02 27.15213 05 30 08.19 +26 23 21.1          20.6 Vq~115ZG96
     K14D22M KC2014 03 02.89382 05 27 19.190+28 07 34.73         20.2 Rt~11VUJ04
     K14D22M KC2014 03 02.89730 05 27 19.042+28 07 40.63         20.3 Rt~11VUJ04
     K14D22M  C2014 03 06.14862 05 25 32.46 +29 35 14.1          21.6 Ro~11VU926
     K14D22M  C2014 03 06.15718 05 25 32.17 +29 35 28.0          21.4 Ro~11VU926
     K14D22M  C2014 03 06.16574 05 25 31.95 +29 35 40.7          21.3 Ro~11VU926
     K14D22M  C2014 03 06.17332905 25 31.69 +29 35 52.8          20.9 Rt~11VUH01
     K14D22M  C2014 03 06.17967005 25 31.50 +29 36 02.9          20.7 Rt~11VUH01
     K14D22M  C2014 03 06.18956605 25 31.21 +29 36 18.5          20.9 Rt~11VUH01
     K14D22M  C2014 03 06.19840405 25 30.95 +29 36 32.4          20.7 Rt~11VUH01
     K14D22M KC2014 03 12.13735 05 23 49.80 +32 10 01.5          20.4 Ro~11r6291
     K14D22M KC2014 03 12.14151 05 23 49.80 +32 10 07.5          21.0 Ro~11r6291
     K14D22M KC2014 03 12.14568 05 23 49.71 +32 10 13.9          21.2 Ro~11r6291
     K14D22M KC2014 03 23.16720 05 25 34.33 +36 37 20.3          21.2 Ro~12Bj291
     K14D22M KC2014 03 23.17049 05 25 34.42 +36 37 24.7          20.9 Ro~12Bj291
     K14D22M KC2014 03 23.17381 05 25 34.47 +36 37 29.4          21.1 Ro~12Bj291
     K14D22M KC2014 07 02.98631 10 16 08.90 +65 40 10.9                t~16N4204
     K14D22M KC2014 07 03.00739 10 16 17.49 +65 39 52.1          20.5 Rt~16N4204
     K14D22M KC2014 07 03.89778 10 22 12.80 +65 26 48.0          20.5 Rt~16N4204
     K14D22M KC2014 07 03.91878 10 22 21.46 +65 26 26.0                t~16N4204
     K14D22M KC2014 07 19.84993 12 30 41.03 +47 18 42.8          19.3 Vt~16WaL04
     K14D22M KC2014 07 19.85986 12 30 46.51 +47 16 53.8          19.2 Vt~16WaL04
     K14D22M  C2014 07 19.90884 12 31 14.36 +47 07 56.9          19.3 Vo~16Wa033
     K14D22M  C2014 07 19.91663 12 31 18.73 +47 06 30.8          19.3 Vo~16Wa033
     K14D22M  C2014 07 19.94917 12 31 37.21 +47 00 28.6          19.3 Vo~16Wa033
     K14D22M  C2014 07 19.95695 12 31 41.61 +46 59 02.1          19.3 Vo~16Wa033
     K14D22M KC2014 07 22.09592 12 52 04.74 +39 12 52.3          19.7 Vq~16WaH21
     K14D22M KC2014 07 22.10116 12 52 07.67 +39 11 30.8          19.5 Vq~16WaH21
     K14D22M KC2014 07 22.10638 12 52 10.64 +39 10 09.6          19.0 Vq~16WaH21
     K14D22M KC2014 07 27.86830 13 49 19.00 +02 40 44.5                t~176A204
     K14D22M KC2014 07 27.87017 13 49 20.11 +02 39 51.0                t~176A204
     K14D22M KC2014 07 27.87204 13 49 21.21 +02 38 57.5                t~176A204
     K14D22M KC2014 07 27.87391 13 49 22.33 +02 38 04.0                t~176A204
     K14D22M KC2014 07 27.87653 13 49 23.86 +02 36 49.3          17.5 Rt~176A204
     K14D22M KC2014 07 28.10736 13 51 43.92 +00 47 02.9          17.1 Rq~16e8H36
     K14D22M KC2014 07 28.10890 13 51 44.80 +00 46 18.1          16.7 Rq~16e8H36
     K14D22M KC2014 07 28.11132 13 51 46.22 +00 45 09.5          17.3 Rq~16e8H36
     K14D22M KC2014 07 28.11475 13 51 48.23 +00 43 31.4          17.8 Rq~16e8H36
     K14D22M KC2014 07 28.11766 13 51 49.95 +00 42 07.8          17.3 Rq~16e8H36
     K14D22M  C2014 07 31.90673 14 29 55.39 -26 59 19.5          17.6 Rr~16e8Y00
     K14D22M  C2014 07 31.91149 14 29 58.11 -27 01 04.7          17.6 Rr~16e8Y00
     K14D22M  C2014 07 31.91619 14 30 00.75 -27 02 47.4          17.5 Rr~16e8Y00
