     K14D10D* C2014 02 20.46701 12 08 00.74 +14 24 04.8          20.9 Vq~115KG96
     K14D10D  C2014 02 20.47240 12 07 59.95 +14 24 08.2          20.8 Vq~115KG96
     K14D10D  C2014 02 20.47780 12 07 59.17 +14 24 11.2          21.5 Vq~115KG96
     K14D10D  C2014 02 20.48320 12 07 58.38 +14 24 14.8          21.3 Vq~115KG96
     K14D10D  C2014 02 20.52377 12 07 52.49 +14 24 38.8                q~115KG96
     K14D10D  C2014 02 20.52519 12 07 52.29 +14 24 39.5          20.6 Vq~115KG96
     K14D10D  C2014 02 20.52661 12 07 52.13 +14 24 39.9          20.8 Vq~115KG96
     K14D10D  C2014 02 21.25306412 06 09.52 +14 31 49.5          20.7 Rt~115KH01
     K14D10D  C2014 02 21.25653912 06 09.01 +14 31 51.5          21.2 Rt~115KH01
     K14D10D  C2014 02 21.26567212 06 07.69 +14 31 57.0          20.8 Rt~115KH01
     K14D10D  C2014 02 21.27151712 06 06.85 +14 32 00.5          21.0 Rt~115KH01
     K14D10D KC2014 02 21.36736212 05 52.93 +14 32 57.7          21.8 Vq~115KV37
     K14D10D KC2014 02 21.37199112 05 52.27 +14 33 00.1          22.2 Vq~115KV37
     K14D10D KC2014 02 21.37661212 05 51.60 +14 33 02.8          21.0 Vq~115KV37
     K14D10D KC2014 02 21.38126912 05 50.91 +14 33 05.8          21.1 Vq~115KV37
     K14D10D  C2014 02 21.45707 12 05 40.03 +14 33 50.3          20.4 Vq~115KG96
     K14D10D  C2014 02 21.45791 12 05 39.85 +14 33 50.0          21.7 Vq~115KG96
     K14D10D  C2014 02 21.45876 12 05 39.68 +14 33 50.2          21.3 Vq~115KG96
     K14D10D  C2014 02 22.24408612 03 48.67 +14 41 23.0          20.7 Rt~115KH01
     K14D10D  C2014 02 22.24634912 03 48.34 +14 41 24.3          20.6 Rt~115KH01
     K14D10D  C2014 02 22.25830312 03 46.63 +14 41 31.2          20.7 Rt~115KH01
     K14D10D  C2014 02 22.26604612 03 45.50 +14 41 35.6          20.8 Rt~115KH01
     K14D10D KC2014 02 22.26846 12 03 45.01 +14 41 35.7          19.9 Rq~115KH36
     K14D10D KC2014 02 22.27792 12 03 43.71 +14 41 41.3          20.8 Rq~115KH36
     K14D10D KC2014 02 22.28612 12 03 42.47 +14 41 46.7          20.4 Rq~115KH36
     K14D10D  C2014 02 23.35379 12 01 10.88 +14 51 47.7          22.3 Vq~115KG96
     K14D10D  C2014 02 23.35463 12 01 10.73 +14 51 47.8          21.6 Vq~115KG96
     K14D10D  C2014 02 23.35548 12 01 10.63 +14 51 48.1          21.4 Vq~115KG96
     K14D10D  C2014 02 23.35633 12 01 10.52 +14 51 49.1          21.9 Vq~115KG96
     K14D10D  C2014 02 23.35717 12 01 10.37 +14 51 49.6          21.8 Vq~115KG96
     K14D10D  C2014 02 24.30635411 58 56.06 +15 00 25.9          20.5 Rt~115KH01
     K14D10D  C2014 02 24.31724711 58 54.49 +15 00 31.7          21.0 Rt~115KH01
     K14D10D  C2014 02 24.32401811 58 53.52 +15 00 35.3          20.9 Rt~115KH01
     K14D10D  C2014 02 24.33069111 58 52.55 +15 00 39.1          20.6 Rt~115KH01
     K14D10D KC2014 02 24.37145411 58 46.50 +15 01 00.2          21.1 Vu~115KH21
     K14D10D KC2014 02 24.38081111 58 45.15 +15 01 04.8          20.8 Vu~115KH21
     K14D10D KC2014 02 24.39236911 58 43.50 +15 01 11.2          21.3 Vu~115KH21
     K14D10D  C2014 02 26.39028 11 54 02.52 +15 18 26.6          20.8 Vq~115KG96
     K14D10D  C2014 02 26.39534 11 54 01.79 +15 18 29.4          20.8 Vq~115KG96
     K14D10D  C2014 02 26.40051 11 54 01.05 +15 18 31.9          20.8 Vq~115KG96
     K14D10D  C2014 02 26.40561 11 54 00.35 +15 18 34.7          21.0 Vq~115KG96
     K14D10D KC2014 03 07.48677 11 33 41.66 +16 20 46.6          20.8 Ro~11VQ291
     K14D10D KC2014 03 07.48971 11 33 41.32 +16 20 47.7          20.6 Ro~11VQ291
     K14D10D KC2014 03 07.49269 11 33 40.93 +16 20 48.4          20.6 Ro~11VQ291
     K14D10D KC2014 03 08.31395 11 31 58.18 +16 25 05.0          20.4 Ro~11r4291
     K14D10D KC2014 03 08.31628 11 31 57.89 +16 25 05.7          20.6 Ro~11r4291
     K14D10D KC2014 03 08.31862 11 31 57.58 +16 25 06.4          21.2 Ro~11r4291
     K14D10D  C2014 03 11.25155 11 26 01.42 +16 38 28.3          20.5 Vq~13i0G96
     K14D10D  C2014 03 11.25666 11 26 00.81 +16 38 29.5          21.2 Vq~13i0G96
     K14D10D  C2014 03 11.26176 11 26 00.16 +16 38 30.9          21.1 Vq~13i0G96
     K14D10D KC2014 03 26.19898611 01 27.15 +17 05 51.2          22.1 Vu~12BYH21
     K14D10D KC2014 03 26.21594511 01 25.80 +17 05 50.9          22.3 Vu~12BYH21
     K14D10D KC2014 03 26.23300811 01 24.43 +17 05 50.7          22.1 Vu~12BYH21
