     K15XZ2C  C2015 12 06.40454 05 52 36.54 -06 41 26.8          21.3 Rt~1g4xF51
     K15XZ2C  C2015 12 06.41744 05 52 34.59 -06 41 36.6          22.0 Rt~1g4xF51
     K15XZ2C* C2015 12 13.49141 05 34 17.688-08 01 32.25         20.5 wL~1g4xF51
     K15XZ2C  C2015 12 13.50450 05 34 13.869-08 01 39.82         20.5 wL~1g4xF51
     K15XZ2C  C2015 12 13.51758 05 34 10.115-08 01 46.99         20.5 wL~1g4xF51
     K15XZ2C  C2015 12 14.29955 05 31 13.95 -08 10 16.8          20.1 Ro~1g4x926
     K15XZ2C  C2015 12 14.30635 05 31 11.82 -08 10 21.0          20.1 Ro~1g4x926
     K15XZ2C  C2015 12 14.31324 05 31 09.65 -08 10 24.9          20.0 Ro~1g4x926
     K15XZ2C  C2015 12 14.32518 05 31 06.03 -08 10 33.4          20.2 Vo~1g4x691
     K15XZ2C  C2015 12 14.32766 05 31 05.24 -08 10 34.8          20.1 Vo~1g4x691
     K15XZ2C  C2015 12 14.33015 05 31 04.50 -08 10 36.6          20.2 Vo~1g4x691
     K15XZ2C  C2015 12 14.45327 05 30 34.035-08 11 19.49         20.3 wL~1g4xF51
     K15XZ2C  C2015 12 14.46516 05 30 30.187-08 11 26.21         20.3 wL~1g4xF51
     K15XZ2C _C2015 12 14.48510505 30 23.564-08 11 34.61         19.7 Rt~1g4x568
     K15XZ2C _C2015 12 14.48618505 30 23.217-08 11 35.19         19.7 Rt~1g4x568
     K15XZ2C _C2015 12 14.48728905 30 22.861-08 11 35.79         19.7 Rt~1g4x568
     K15XZ2C |C2015 12 16.13433 05 22 57.99 -08 24 28.7          19.9 Vu~1g4x807
     K15XZ2C |C2015 12 16.13724 05 22 56.89 -08 24 30.7          20.3 Vu~1g4x807
     K15XZ2C |C2015 12 16.14030 05 22 55.76 -08 24 32.6          19.8 Vu~1g4x807
     K15XZ2C |C2015 12 16.14307 05 22 54.68 -08 24 34.1          20.0 Vu~1g4x807
     K15XZ2C KC2015 12 16.25386 05 22 20.90 -08 29 11.8          20.1 Ro~1g4x291
     K15XZ2C KC2015 12 16.25525 05 22 20.37 -08 29 12.7          20.2 Ro~1g4x291
     K15XZ2C KC2015 12 16.25663 05 22 19.84 -08 29 13.4          20.4 Ro~1g4x291
     K15XZ2C KC2015 12 16.28812505 22 03.11 -08 29 51.0          20.4 Vu~1gnaH21
     K15XZ2C KC2015 12 16.29246505 22 01.47 -08 29 52.9          20.4 Vu~1gnaH21
     K15XZ2C KC2015 12 16.29647205 21 59.97 -08 29 54.8          20.8 Vu~1gnaH21
     K15XZ2C KC2015 12 17.33080 05 16 19.18 -08 38 53.9          19.9 Ro~1g4x291
     K15XZ2C KC2015 12 17.33163 05 16 18.83 -08 38 54.4          19.6 Ro~1g4x291
     K15XZ2C KC2015 12 17.33245 05 16 18.45 -08 38 54.8          19.8 Ro~1g4x291
     K15XZ2C |C2015 12 18.20382 05 10 53.06 -08 42 09.7          19.7 Vu~1gna807
     K15XZ2C |C2015 12 18.20615 05 10 51.94 -08 42 10.6          19.7 Vu~1gna807
     K15XZ2C |C2015 12 18.20859 05 10 50.74 -08 42 11.7          19.9 Vu~1gna807
     K15XZ2C |C2015 12 18.21081 05 10 49.66 -08 42 12.9          19.8 Vu~1gna807
     K15XZ2C |C2015 12 18.21326 05 10 48.48 -08 42 14.0          19.7 Vu~1gna807
     K15XZ2C KC2015 12 18.95361005 05 39.17 -08 47 44.4          19.6 Rq~1gnaK92
     K15XZ2C KC2015 12 18.95924405 05 36.18 -08 47 46.5          19.5 Rq~1gnaK92
     K15XZ2C KC2015 12 18.96489205 05 33.20 -08 47 48.7          19.4 Rq~1gnaK92
     K15XZ2C KC2015 12 18.97049605 05 30.23 -08 47 50.6          20.1 Rq~1gnaK92
     K15XZ2C KC2015 12 18.97619805 05 27.23 -08 47 52.8          19.7 Rq~1gnaK92
     K15XZ2C KC2015 12 18.98187405 05 24.24 -08 47 55.0          19.4 Rq~1gnaK92
     K15XZ2C KC2015 12 18.98874505 05 20.62 -08 47 57.4          19.6 Rq~1gnaK92
     K15XZ2C KC2015 12 19.14210 05 04 30.37 -08 53 29.8          19.5 Ro~1gna291
     K15XZ2C KC2015 12 19.14274 05 04 30.03 -08 53 30.2          19.4 Ro~1gna291
     K15XZ2C KC2015 12 19.14337 05 04 29.70 -08 53 30.4          19.3 Ro~1gna291
     K15XZ2C KC2015 12 19.23339305 03 35.76 -08 54 47.1          19.3 Vu~1h6IH21
     K15XZ2C KC2015 12 19.23770905 03 33.42 -08 54 48.7          19.8 Vu~1h6IH21
     K15XZ2C KC2015 12 19.24211905 03 31.03 -08 54 50.8          20.1 Vu~1h6IH21
     K15XZ2C KC2015 12 19.24693605 03 28.40 -08 54 52.9          19.8 Vu~1h6IH21
     K15XZ2C KC2015 12 19.26461 05 03 20.51 -08 54 59.2          19.2 Rq~1gnaH36
     K15XZ2C KC2015 12 19.27332 05 03 15.78 -08 55 02.8          19.4 Rq~1gnaH36
     K15XZ2C KC2015 12 19.28157 05 03 11.33 -08 55 06.1          19.7 Rq~1gnaH36
     K15XZ2C |C2015 12 22.17900 04 35 14.70 -09 05 55.1          19.4 Vu~1gna807
     K15XZ2C |C2015 12 22.18078 04 35 13.19 -09 05 55.4          19.3 Vu~1gna807
     K15XZ2C |C2015 12 22.18263 04 35 11.63 -09 05 55.6          19.0 Vu~1gna807
     K15XZ2C |C2015 12 22.18431 04 35 10.22 -09 05 55.6          19.2 Vu~1gna807
     K15XZ2C |C2015 12 22.18617 04 35 08.66 -09 05 55.8          19.1 Vu~1gna807
     K15XZ2C |C2015 12 23.21566 04 21 27.12 -09 07 44.0          19.1 Vu~1h6I807
     K15XZ2C |C2015 12 23.21787 04 21 24.94 -09 07 43.9          19.2 Vu~1h6I807
     K15XZ2C |C2015 12 23.22018 04 21 22.68 -09 07 43.4          19.4 Vu~1h6I807
     K15XZ2C |C2015 12 23.22231 04 21 20.59 -09 07 43.2          19.3 Vu~1h6I807
     K15XZ2C |C2015 12 23.22461 04 21 18.34 -09 07 42.9          19.6 Vu~1h6I807
     K15XZ2C |C2015 12 24.14131 04 07 00.81 -09 06 40.5          18.6 Vu~1h6I807
     K15XZ2C |C2015 12 24.14265 04 06 59.23 -09 06 40.2          18.9 Vu~1h6I807
     K15XZ2C |C2015 12 24.14409 04 06 57.53 -09 06 40.0          18.9 Vu~1h6I807
     K15XZ2C |C2015 12 24.14535 04 06 56.05 -09 06 39.6          19.1 Vu~1h6I807
     K15XZ2C |C2015 12 24.14679 04 06 54.38 -09 06 39.2          19.2 Vu~1h6I807
     K15XZ2C  C2015 12 29.21928 01 42 06.46 -06 51 50.0          19.2 Ru~1h6I926
     K15XZ2C  C2015 12 29.22150 01 42 00.57 -06 51 40.6          19.1 Ru~1h6I926
     K15XZ2C  C2015 12 29.22372 01 41 54.60 -06 51 31.1          19.1 Ru~1h6I926
     K15XZ2C KC2015 12 30.79124 00 32 51.98 -04 39 46.1                t~1h6I595
     K15XZ2C KC2015 12 30.79274 00 32 47.68 -04 39 36.6          18.9 Vt~1h6I595
     K15XZ2C  C2015 12 31.10023 00 18 54.75 -04 07 04.4          19.1 Ro~1h6I926
     K15XZ2C  C2015 12 31.10242 00 18 48.36 -04 06 51.0          18.7 Ro~1h6I926
