     K15TE3Z* C2015 10 09.37476 23 22 06.755+01 33 42.33         21.8 wL~1Yj8F51
     K15TE3Z  C2015 10 09.38746 23 22 07.798+01 33 38.65         21.8 wL~1Yj8F51
     K15TE3Z  C2015 10 09.40010 23 22 08.862+01 33 34.04         21.9 wL~1Yj8F51
     K15TE3Z  C2015 10 09.41272 23 22 09.938+01 33 30.21         22.2 wL~1Yj8F51
     K15TE3Z _C2015 10 10.27201723 24 15.001+01 28 38.33         21.2 Rt~1Yj8568
     K15TE3Z _C2015 10 10.27336523 24 15.150+01 28 37.87         20.7 Rt~1Yj8568
     K15TE3Z _C2015 10 10.27465823 24 15.296+01 28 37.44         20.5 Rt~1Yj8568
     K15TE3Z KC2015 10 12.15956 23 29 58.53 +01 15 10.6                o~1Yj8291
     K15TE3Z KC2015 10 12.16115 23 29 58.85 +01 15 09.8                o~1Yj8291
     K15TE3Z KC2015 10 12.16273 23 29 59.11 +01 15 09.0                o~1Yj8291
     K15TE3Z _C2015 10 12.46901923 30 59.152+01 13 06.65         21.1 Rt~1Yj8568
     K15TE3Z _C2015 10 12.47012023 30 59.365+01 13 06.09         20.7 Rt~1Yj8568
     K15TE3Z _C2015 10 12.47123423 30 59.579+01 13 05.59         21.1 Rt~1Yj8568
     K15TE3Z KC2015 10 13.22337 23 34 18.94 +01 05 53.1          21.1 Ro~1Yj8291
     K15TE3Z KC2015 10 13.22487 23 34 19.26 +01 05 52.2          21.3 Ro~1Yj8291
     K15TE3Z KC2015 10 13.22637 23 34 19.59 +01 05 51.7          21.2 Ro~1Yj8291
     K15TE3Z 2C2015 10 13.35871323 34 56.434+01 05 04.91         20.9 Rt~1Yj8568
     K15TE3Z 2C2015 10 13.36044623 34 56.823+01 05 03.90         20.9 Rt~1Yj8568
     K15TE3Z KC2015 10 15.19908923 46 04.32 +00 42 05.5          20.8 Vu~1Yj8H21
     K15TE3Z KC2015 10 15.20511223 46 06.71 +00 42 00.1          20.6 Vu~1Yj8H21
     K15TE3Z KC2015 10 15.21111823 46 09.07 +00 41 54.7          20.4 Vu~1Yj8H21
     K15TE3Z KC2015 10 15.21582223 46 10.93 +00 41 50.8          20.6 Vu~1Yj8H21
     K15TE3Z KC2015 10 15.40895 23 47 48.10 +00 43 31.4                t~1Yj8474
     K15TE3Z KC2015 10 15.41740 23 47 51.65 +00 43 24.8          21   Rt~1Yj8474
     K15TE3Z KC2015 10 15.42096 23 47 53.22 +00 43 20.6                t~1Yj8474
     K15TE3Z KC2015 10 16.19219 23 54 57.37 +00 25 49.3          20.1 Ro~1Yj8291
     K15TE3Z KC2015 10 16.19372 23 54 58.18 +00 25 47.7          20.2 Ro~1Yj8291
     K15TE3Z KC2015 10 16.19522 23 54 58.99 +00 25 45.9          20.2 Ro~1Yj8291
     K15TE3Z  C2015 10 17.20750 00 07 14.93 +00 02 58.2          20.4 rR~1afxG45
     K15TE3Z  C2015 10 17.21218 00 07 18.50 +00 02 51.6          19.8 rR~1afxG45
     K15TE3Z  C2015 10 17.21700 00 07 22.20 +00 02 43.3          20.2 rR~1afxG45
     K15TE3Z  C2015 10 17.22181 00 07 25.93 +00 02 36.1          20.4 rR~1afxG45
     K15TE3Z  C2015 10 17.22663 00 07 29.63 +00 02 28.5          20.0 rR~1afxG45
     K15TE3Z KC2015 10 18.23048 00 25 03.95 -00 29 49.1          19.4 Vq~1afxH21
     K15TE3Z KC2015 10 18.23326 00 25 07.22 -00 29 55.1          19.7 Vq~1afxH21
     K15TE3Z KC2015 10 18.23603 00 25 10.49 -00 30 01.8          19.7 Vq~1afxH21
     K15TE3Z KC2015 10 18.23880 00 25 13.76 -00 30 08.0          19.6 Vq~1afxH21
     K15TE3Z KC2015 10 18.24157 00 25 17.05 -00 30 14.4          19.6 Vq~1afxH21
     K15TE3Z  C2015 10 19.28593 00 53 48.09 -01 19 34.3          19.2 Ru~1afx926
     K15TE3Z  C2015 10 19.28721 00 53 50.57 -01 19 39.0          18.8 Ru~1afx926
     K15TE3Z  C2015 10 19.28849 00 53 53.12 -01 19 43.9          18.9 Ru~1afx926
     K15TE3Z  C2015 10 19.35760 00 56 08.80 -01 23 53.7          19.0 Ru~1afx926
     K15TE3Z  C2015 10 19.35890 00 56 11.37 -01 23 58.4          19.0 Ru~1afx926
     K15TE3Z  C2015 10 19.36019 00 56 13.97 -01 24 02.9          18.9 Ru~1afx926
     K15TE3Z  C2015 10 19.37405 00 56 42.03 -01 24 54.1          18.8 Ru~1afx926
     K15TE3Z  C2015 10 19.37535 00 56 44.69 -01 24 58.7          18.8 Ru~1afx926
     K15TE3Z  C2015 10 19.37663 00 56 47.33 -01 25 03.7          18.9 Ru~1afx926
     K15TE3Z KC2015 10 22.07956 04 27 02.39 -06 02 04.3                q~1afx204
     K15TE3Z KC2015 10 22.08129 04 27 14.96 -06 02 13.7                q~1afx204
     K15TE3Z KC2015 10 22.08301 04 27 27.54 -06 02 23.0          17.8 Rq~1afx204
     K15TE3Z KC2015 10 22.08473 04 27 40.13 -06 02 32.2                q~1afx204
     K15TE3Z KC2015 10 22.08646 04 27 52.72 -06 02 41.6                q~1afx204
     K15TE3Z  C2015 10 22.47747 05 16 56.00 -06 26 56.0          18.4 Ru~1afx926
     K15TE3Z  C2015 10 22.47880 05 17 05.62 -06 26 59.4          18.3 Ru~1afx926
     K15TE3Z  C2015 10 22.48013 05 17 15.16 -06 27 03.0          18.2 Ru~1afx926
     K15TE3Z  C2015 10 23.43306 07 01 05.31 -06 24 25.2          19.8 Ru~1afx926
     K15TE3Z  C2015 10 23.43508 07 01 15.57 -06 24 21.6          18.6 Ru~1afx926
     K15TE3Z  C2015 10 23.43711 07 01 25.90 -06 24 17.2          19.9 Ru~1afx926
     K15TE3Z  C2015 10 23.47053 07 04 14.21 -06 23 07.2          19.7 Ru~1afx926
     K15TE3Z  C2015 10 23.47257 07 04 24.33 -06 23 03.7          19.8 Ru~1afx926
     K15TE3Z  C2015 10 23.47461 07 04 34.51 -06 22 58.7          19.9 Ru~1afx926
     K15TE3Z  C2015 10 23.47667 07 04 44.75 -06 22 55.1          18.6 Ru~1afx926
     K15TE3Z  C2015 10 23.47870 07 04 54.85 -06 22 50.4          19.9 Ru~1afx926
