     K15C00P* C2015 02 08.13401 08 43 22.51 +18 34 44.6          20.8 Vq~1IxyG96
     K15C00P  C2015 02 08.14186 08 43 23.40 +18 35 11.5          20.9 Vq~1IxyG96
     K15C00P  C2015 02 08.14972 08 43 24.37 +18 35 38.5          20.8 Vq~1IxyG96
     K15C00P  C2015 02 08.15758 08 43 25.23 +18 36 05.6          21.3 Vq~1IxyG96
     K15C00P  C2015 02 08.25568608 43 34.72 +18 41 23.1          20.9 Rt~1IxzH01
     K15C00P  C2015 02 08.26057308 43 35.17 +18 41 38.6          21.1 Rt~1IxzH01
     K15C00P  C2015 02 08.27044808 43 36.10 +18 42 09.1          20.8 Rt~1IxzH01
     K15C00P  C2015 02 08.27880808 43 36.88 +18 42 34.9          20.5 Rt~1IxzH01
     K15C00P  C2015 02 08.28055 08 43 37.53 +18 42 43.7          20.6 Vq~1IxzG96
     K15C00P  C2015 02 08.28923 08 43 38.35 +18 43 10.6          21.6 Vq~1IxzG96
     K15C00P  C2015 02 08.29791 08 43 39.12 +18 43 36.2          20.8 Vq~1IxzG96
     K15C00P FC2015 02 08.80150 08 44 47.88 +19 05 52.9          21.3 Rq~1IxzJ95
     K15C00P KC2015 02 08.88591 08 44 55.73 +19 09 29.5                q~1IxzJ95
     K15C00P  C2015 02 09.14885608 45 25.45 +19 19 58.7          21.3 Rt~1IxzH01
     K15C00P  C2015 02 09.15522608 45 25.91 +19 20 13.6          21.0 Rt~1IxzH01
     K15C00P  C2015 02 09.16485308 45 26.61 +19 20 35.8          21.1 Rt~1IxzH01
     K15C00P  C2015 02 09.17056008 45 26.99 +19 20 48.8          21.0 Rt~1IxzH01
     K15C00P KC2015 02 09.37907 08 45 40.23 +19 28 09.7          21.8 Ro~1Ixz291
     K15C00P KC2015 02 09.38346 08 45 40.49 +19 28 18.0          22.3 Ro~1Ixz291
     K15C00P KC2015 02 09.38788 08 45 40.76 +19 28 26.5          21.5 Ro~1Ixz291
     K15C00P  C2015 02 10.22476208 46 56.08 +19 52 50.6          21.4 Rt~1IxzH01
     K15C00P  C2015 02 10.22822008 46 56.23 +19 52 56.1          22.1 Rt~1IxzH01
     K15C00P  C2015 02 10.23992508 46 56.71 +19 53 14.4          22.1 Rt~1IxzH01
     K15C00P  C2015 02 10.24691308 46 57.00 +19 53 25.1          21.6 Rt~1IxzH01
     K15C00P KC2015 02 10.32355 08 47 00.46 +19 55 22.5          22.1 Ro~1Ixz291
     K15C00P KC2015 02 10.35281 08 47 01.61 +19 56 04.3          22.0 Ro~1Ixz291
     K15C00P KC2015 02 10.36593 08 47 02.18 +19 56 22.4          22.8 Ro~1Ixz291
