     K15FC0G* C2015 03 25.44200 13 45 50.401+03 57 18.93         21.1 wL~1PGbF51
     K15FC0G  C2015 03 25.45681 13 45 52.350+03 57 27.70         21.2 wL~1PGbF51
     K15FC0G  C2015 03 25.47175 13 45 54.308+03 57 36.96         21.2 wL~1PGbF51
     K15FC0G  C2015 03 25.48676 13 45 56.275+03 57 45.88         21.3 wL~1PGbF51
     K15FC0G KC2015 03 27.24554 13 50 23.61 +04 15 58.6          21.2 Ro~1PGb291
     K15FC0G KC2015 03 27.24744 13 50 23.90 +04 15 59.7          22.0 Ro~1PGb291
     K15FC0G KC2015 03 27.24933 13 50 24.14 +04 16 01.4                o~1PGb291
     K15FC0G  C2015 03 27.48886 13 51 00.750+04 18 45.05         21.0 wL~1PGbF51
     K15FC0G  C2015 03 27.52212 13 51 05.550+04 19 06.80         21.1 wL~1PGbF51
     K15FC0G KC2015 03 29.45899 13 56 29.64 +04 41 04.7          20.1 Ro~1PGb291
     K15FC0G KC2015 03 29.46072 13 56 29.92 +04 41 05.5          20.2 Ro~1PGb291
     K15FC0G KC2015 03 29.46245 13 56 30.16 +04 41 07.1          21.1 Ro~1PGb291
     K15FC0G KC2015 04 01.37937 14 05 49.40 +05 17 58.3          21.0 Ro~1PGb291
     K15FC0G KC2015 04 01.38076 14 05 49.69 +05 18 00.1          20.3 Ro~1PGb291
     K15FC0G KC2015 04 01.38215 14 05 49.95 +05 18 01.1          20.5 Ro~1PGb291
     K15FC0G "C2015 04 02.27998814 09 03.02 +05 30 17.1          20.0 Rt~1Wkq705
     K15FC0G "C2015 04 02.28128714 09 03.29 +05 30 18.1          19.8 Rt~1Wkq705
     K15FC0G "C2015 04 02.28258114 09 03.51 +05 30 19.1          19.7 Rt~1Wkq705
     K15FC0G KC2015 04 07.33493 14 30 56.64 +06 49 06.8                o~1Pr2711
     K15FC0G KC2015 04 07.33871 14 30 57.67 +06 49 10.4                o~1Pr2711
     K15FC0G KC2015 04 07.34165 14 30 58.49 +06 49 13.0                o~1Pr2711
     K15FC0G  C2015 04 10.39633 14 48 35.39 +07 45 51.5          19.8 Ro~1Pr2926
     K15FC0G  C2015 04 10.40137 14 48 37.24 +07 45 57.1          19.6 Ro~1Pr2926
     K15FC0G  C2015 04 10.40639 14 48 39.12 +07 46 03.2          19.6 Ro~1Pr2926
     K15FC0G KC2015 04 10.41411414 48 41.71 +07 46 10.4          19.7 Rq~1Q5F448
     K15FC0G KC2015 04 10.43310114 48 48.71 +07 46 32.3          20.3 Rq~1Q5F448
     K15FC0G KC2015 04 10.45167214 48 55.56 +07 46 54.9          20.2 Rq~1Q5F448
     K15FC0G KC2015 04 11.38563614 55 14.38 +08 05 37.6          20.0 Vu~1Q5FH21
     K15FC0G KC2015 04 11.39223014 55 17.02 +08 05 46.1          20.0 Vu~1Q5FH21
     K15FC0G KC2015 04 11.39906914 55 19.77 +08 05 54.3          20.1 Vu~1Q5FH21
     K15FC0G  C2015 04 14.32591 15 18 37.41 +09 09 29.6          19.5 Ro~1Q5F926
     K15FC0G  C2015 04 14.32939 15 18 39.16 +09 09 33.9          19.4 Ro~1Q5F926
     K15FC0G  C2015 04 14.33286 15 18 40.95 +09 09 38.4          19.4 Ro~1Q5F926
     K15FC0G  C2015 04 15.41457 15 28 48.08 +09 34 32.1          19.0 Ro~1Q5F926
     K15FC0G  C2015 04 15.41738 15 28 49.65 +09 34 36.1          19.7 Ro~1Q5F926
     K15FC0G  C2015 04 15.42018 15 28 51.28 +09 34 40.1          19.3 Ro~1Q5F926
     K15FC0G  C2015 04 17.37758 15 49 51.07 +10 20 44.8          19.0 Ro~1Q5F926
     K15FC0G  C2015 04 17.38026 15 49 52.85 +10 20 48.3          18.9 Ro~1Q5F926
     K15FC0G  C2015 04 17.38294 15 49 54.63 +10 20 51.6          19.2 Ro~1Q5F926
     K15FC0G  C2015 04 18.38335 16 02 04.39 +10 44 21.1          19.1 Ro~1Qf9926
     K15FC0G  C2015 04 18.38603 16 02 06.32 +10 44 24.9          19.1 Ro~1Qf9926
     K15FC0G  C2015 04 18.38870 16 02 08.28 +10 44 28.8          19.1 Ro~1Qf9926
     K15FC0G KC2015 04 20.08805 16 25 15.10 +11 22 20.3                q~1hWQ204
     K15FC0G KC2015 04 20.09653 16 25 22.26 +11 22 31.0                q~1hWQ204
     K15FC0G KC2015 04 20.10488 16 25 29.32 +11 22 41.4          19.2 Rq~1hWQ204
     K15FC0G KC2015 04 21.05614 16 39 53.73 +11 42 11.1          18.7 Rt~1S7a130
     K15FC0G KC2015 04 21.05814 16 39 55.60 +11 42 13.7          18.9 Rt~1S7a130
     K15FC0G KC2015 04 21.06040 16 39 57.66 +11 42 15.4          19.0 Rt~1S7a130
     K15FC0G  C2015 04 21.45257 16 46 09.79 +11 50 05.4          19.3 Ro~1Qf9926
     K15FC0G  C2015 04 21.45525 16 46 12.30 +11 50 08.2          19.3 Ro~1Qf9926
     K15FC0G  C2015 04 21.45793 16 46 14.81 +11 50 11.8          19.4 Ro~1Qf9926
     K15FC0G  C2015 04 22.28364 17 00 02.44 +12 04 16.6          19.5 Ro~1Qf9926
     K15FC0G  C2015 04 22.28653 17 00 05.38 +12 04 20.7          19.3 Ro~1Qf9926
     K15FC0G  C2015 04 22.28944 17 00 08.26 +12 04 22.7          19.6 Ro~1Qf9926
     K15FC0G ]C2015 04 22.36655 17 01 25.00 +12 05 40.5          19.1 Ro~1Qf9695
     K15FC0G ]C2015 04 22.36765 17 01 26.09 +12 05 41.6          19.1 Ro~1Qf9695
     K15FC0G ]C2015 04 22.36819 17 01 26.64 +12 05 42.1          19.0 Ro~1Qf9695
     K15FC0G KC2015 04 22.41913 17 02 15.55 +12 06 18.9          18.9 Rq~1Qf9H36
     K15FC0G KC2015 04 22.42787 17 02 24.23 +12 06 27.0          19.2 Rq~1Qf9H36
     K15FC0G KC2015 04 22.43225 17 02 28.59 +12 06 30.9          19.2 Rq~1Qf9H36
     K15FC0G KC2015 04 22.43661 17 02 33.04 +12 06 35.1          18.8 Rq~1Qf9H36
     K15FC0G KC2015 04 23.40638617 19 43.70 +12 19 36.3          19.7 Vu~1Qf9H21
     K15FC0G KC2015 04 23.40861017 19 46.01 +12 19 37.8          19.3 Vu~1Qf9H21
     K15FC0G KC2015 04 23.41076317 19 48.29 +12 19 39.3          19.7 Vu~1Qf9H21
     K15FC0G KC2015 04 23.41291917 19 50.57 +12 19 40.7          19.4 Vu~1Qf9H21
     K15FC0G IC2015 04 24.00143317 30 50.242+12 25 41.34               q~1Qf9J04
     K15FC0G KC2015 04 24.00513717 30 54.347+12 25 44.12         19.2 Rq~1Qf9J04
     K15FC0G  C2015 04 24.98586 17 49 37.44 +12 31 08.4                q~1RJS246
     K15FC0G  C2015 04 24.98649 17 49 38.16 +12 31 09.4                q~1RJS246
     K15FC0G  C2015 04 24.98725 17 49 39.03 +12 31 10.0                q~1RJS246
     K15FC0G  C2015 04 24.98753 17 49 39.32 +12 31 09.4          19.6 Rq~1RJS246
     K15FC0G  C2015 04 24.98777 17 49 39.61 +12 31 10.1                q~1RJS246
     K15FC0G  C2015 04 24.98805 17 49 39.94 +12 31 09.0                q~1RJS246
     K15FC0G  C2015 04 24.98825 17 49 40.14 +12 31 09.1                q~1RJS246
     K15FC0G  C2015 04 24.98877 17 49 40.77 +12 31 09.3                q~1RJS246
     K15FC0G  C2015 05 03.42243 20 30 12.76 +09 52 16.9          20.5 Ro~1RfA926
     K15FC0G  C2015 05 03.42616 20 30 16.20 +09 52 09.7          20.7 Ro~1RfA926
     K15FC0G  C2015 05 03.42988 20 30 19.64 +09 52 03.1          21.0 Ro~1RfA926
