     K15R36E* C2015 09 10.50033 00 24 11.128+02 39 47.54         21.6 wL~1XTWF51
     K15R36E  C2015 09 10.53884 00 24 04.778+02 39 08.27         21.3 wL~1XTWF51
     K15R36E  C2015 09 10.55286 00 24 02.472+02 38 53.79         21.3 wL~1XTWF51
     K15R36E  C2015 09 11.47374 00 21 39.400+02 23 16.00         21.4 wL~1XTWF51
     K15R36E  C2015 09 11.48579 00 21 37.404+02 23 03.67         21.3 wL~1XTWF51
     K15R36E  C2015 09 11.49945 00 21 35.173+02 22 49.87         21.5 wL~1XTWF51
     K15R36E =C2015 09 11.52446 00 21 31.03 +02 22 24.7          20.4 Rt~1XTW568
     K15R36E =C2015 09 11.52575 00 21 30.81 +02 22 23.3          20.4 Rt~1XTW568
     K15R36E =C2015 09 11.52709 00 21 30.59 +02 22 21.9          20.5 Rt~1XTW568
     K15R36E KC2015 09 12.29606800 19 31.66 +02 09 14.5          21.2 Vu~1XTWH21
     K15R36E KC2015 09 12.30148300 19 30.78 +02 09 09.1          21.5 Vu~1XTWH21
     K15R36E KC2015 09 12.30677200 19 29.91 +02 09 04.1          21.4 Vu~1XTWH21
     K15R36E KC2015 09 13.52064 00 16 23.33 +01 49 09.8          22   Rt~1XTW474
     K15R36E KC2015 09 13.52767 00 16 22.20 +01 49 03.4          21   Rt~1XTW474
     K15R36E 2C2015 09 15.42573500 11 34.496+01 17 14.23         20.7 Rt~1Xx8568
     K15R36E 2C2015 09 15.42673000 11 34.340+01 17 13.25         21.0 Rt~1Xx8568
     K15R36E 2C2015 09 15.42797000 11 34.144+01 17 12.04         21.0 Rt~1Xx8568
     K15R36E 2C2015 09 15.43077000 11 33.696+01 17 09.30         20.9 Rt~1Xx8568
     K15R36E 2C2015 09 15.43321500 11 33.312+01 17 06.90         20.9 Rt~1Xx8568
     K15R36E 2C2015 09 15.43423700 11 33.144+01 17 05.82         20.9 Rt~1Xx8568
     K15R36E 2C2015 09 16.53347600 08 48.787+00 59 12.91         20.7 Rt~1Xx8568
     K15R36E 2C2015 09 16.53445100 08 48.634+00 59 11.95         20.9 Rt~1Xx8568
     K15R36E 2C2015 09 17.57991300 06 15.319+00 42 27.37         21.4 Rt~1Xx8568
     K15R36E 2C2015 09 17.58071100 06 15.211+00 42 26.58         21.2 Rt~1Xx8568
     K15R36E  C2015 09 18.32542 00 04 28.84 +00 30 37.4                q~1Xx8G96
     K15R36E  C2015 09 18.33001 00 04 28.12 +00 30 32.8          21.5 Vq~1Xx8G96
     K15R36E  C2015 09 18.33457 00 04 27.45 +00 30 28.7          21.4 Vq~1Xx8G96
     K15R36E  C2015 09 18.33918 00 04 26.73 +00 30 24.8          21.8 Vq~1Xx8G96
     K15R36E KC2015 09 20.26028 23 59 57.38 +00 00 50.9                o~1Xx8291
     K15R36E KC2015 09 20.26238 23 59 57.06 +00 00 49.2                o~1Xx8291
     K15R36E KC2015 09 20.26449 23 59 56.73 +00 00 47.4                o~1Xx8291
     K15R36E KC2015 09 20.57339 23 59 13.79 -00 03 26.5          21.2 Rt~1Xx8474
     K15R36E KC2015 09 20.57691 23 59 13.24 -00 03 29.0          20.3 Rt~1Xx8474
     K15R36E KC2015 09 20.58044 23 59 12.75 -00 03 32.8          21.1 Rt~1Xx8474
     K15R36E KC2015 09 24.37528 23 50 57.08 -00 58 13.8          21.6 Ro~1Xx8291
     K15R36E KC2015 09 24.37833 23 50 56.67 -00 58 16.5          21.4 Ro~1Xx8291
     K15R36E KC2015 09 24.38135 23 50 56.27 -00 58 18.9          21.5 Ro~1Xx8291
     K15R36E KC2015 09 25.29933 23 49 04.50 -01 10 36.5          21.6 Ro~1Xx8291
     K15R36E KC2015 09 25.30344 23 49 03.95 -01 10 40.0          22.1 Ro~1Xx8291
     K15R36E KC2015 09 25.30755 23 49 03.47 -01 10 43.3          21.3 Ro~1Xx8291
     K15R36E KC2015 09 28.15554 23 43 35.92 -01 46 37.7                o~1XwF291
     K15R36E KC2015 09 28.15897 23 43 35.59 -01 46 40.0                o~1XwF291
     K15R36E ^C2015 10 01.23238 23 38 16.11 -02 21 28.8                o~1XwF695
     K15R36E ^C2015 10 01.23523 23 38 15.82 -02 21 30.3                o~1XwF695
     K15R36E KC2015 10 07.20059523 29 44.69 -03 17 04.3          22.5 Vu~1XwFH21
     K15R36E KC2015 10 07.21156423 29 43.79 -03 17 09.7          22.3 Vu~1XwFH21
     K15R36E KC2015 10 07.22603423 29 42.63 -03 17 17.3          22.2 Vu~1XwFH21
     K15R36E KC2015 10 08.16997123 28 35.33 -03 24 36.9          22.3 Vu~1XwFH21
     K15R36E KC2015 10 08.18659923 28 34.10 -03 24 44.0          22.4 Vu~1XwFH21
     K15R36E KC2015 10 08.20262123 28 32.90 -03 24 51.4          22.2 Vu~1XwFH21
     K15R36E KC2015 10 11.18226023 25 23.40 -03 45 21.7          22.4 Vu~1aeYH21
     K15R36E KC2015 10 11.19835223 25 22.42 -03 45 27.9          22.8 Vu~1aeYH21
     K15R36E KC2015 10 11.21207023 25 21.56 -03 45 32.9          22.7 Vu~1aeYH21
     K15R36E KC2015 10 16.24702 23 21 20.32 -04 11 35.8          22.3 Ro~1YgB291
     K15R36E KC2015 10 16.26146 23 21 19.70 -04 11 39.3          22.0 Ro~1YgB291
