     K15J00J  C2003 05 03.27350 10 22 46.64 -10 51 34.5          18.9 Rc~1WWA608
     K15J00J  C2003 05 03.28398 10 22 52.69 -10 50 00.2          19.3 Rc~1WWA608
     K15J00J  C2003 05 03.29534 10 22 59.29 -10 48 17.1          19.0 Rc~1WWA608
     K15J00J* C2015 05 08.28740 14 53 57.31 -00 14 58.3          17.6 Vq~1S7o703
     K15J00J  C2015 05 08.29379 14 53 56.77 -00 13 45.1          17.7 Vq~1S7o703
     K15J00J  C2015 05 08.29680 14 53 56.55 -00 13 10.6          17.5 Vq~1S7o703
     K15J00J  C2015 05 08.29981 14 53 56.34 -00 12 36.8          17.7 Vq~1S7o703
     K15J00J  C2015 05 08.36982 14 53 51.04 +00 00 40.2          17.2 Vq~1S7o703
     K15J00J  C2015 05 08.37020 14 53 51.03 +00 00 45.1          17.5 Vq~1S7o703
     K15J00J  C2015 05 08.37059 14 53 50.99 +00 00 49.5          17.6 Vq~1S7o703
     K15J00J  C2015 05 08.37098 14 53 50.97 +00 00 53.7          17.6 Vq~1S7o703
     K15J00J  C2015 05 08.37136 14 53 50.97 +00 00 57.8          17.3 Vq~1S7o703
     K15J00J KC2015 05 08.49010 14 53 51.74 +00 25 11.5          17.8 Vq~1S7oE23
     K15J00J KC2015 05 08.49358 14 53 51.46 +00 25 50.1          17.5 Vq~1S7oE23
     K15J00J KC2015 05 08.49705 14 53 51.26 +00 26 29.5          18.1 Vq~1S7oE23
     K15J00J KC2015 05 08.81502614 53 40.36 +01 24 57.2          17.8 Rq~1S7oK92
     K15J00J KC2015 05 08.81896014 53 40.11 +01 25 40.2          17.8 Rq~1S7oK92
     K15J00J KC2015 05 08.82321214 53 39.83 +01 26 26.2          17.9 Rq~1S7oK92
     K15J00J KC2015 05 08.82738014 53 39.56 +01 27 11.5          17.8 Rq~1S7oK92
     K15J00J KC2015 05 08.84237614 53 38.54 +01 29 54.6          17.6 Rq~1S7oK92
     K15J00J KC2015 05 08.84852214 53 38.12 +01 31 01.0          17.7 Rq~1S7oK92
     K15J00J KC2015 05 08.84888 14 53 37.32 +01 28 55.8          17.6 Vt~1S7oL04
     K15J00J KC2015 05 08.85134 14 53 37.17 +01 29 22.4          17.9 Vt~1S7oL04
     K15J00J KC2015 05 08.85410 14 53 37.00 +01 29 52.6          17.9 Vt~1S7oL04
     K15J00J KC2015 05 08.85807 14 53 36.75 +01 30 35.2          17.9 Vt~1S7oL04
     K15J00J KC2015 05 08.85941214 53 37.37 +01 32 59.2          17.5 Rq~1S7oK91
     K15J00J KC2015 05 08.86345214 53 37.09 +01 33 42.8          17.5 Rq~1S7oK91
     K15J00J IC2015 05 08.86778514 53 36.78 +01 34 29.8          17.7 Rq~1S7oK91
     K15J00J KC2015 05 08.87129 14 53 36.13 +01 32 57.4          17.4 Ro~1S7o461
     K15J00J KC2015 05 08.87208414 53 36.47 +01 35 16.2          17.7 Rq~1S7oK91
     K15J00J KC2015 05 08.87312 14 53 36.00 +01 33 17.2          17.3 Ro~1S7o461
     K15J00J KC2015 05 08.87495 14 53 35.91 +01 33 36.8          17.5 Ro~1S7o461
     K15J00J KC2015 05 08.87678 14 53 35.77 +01 33 56.7          17.5 Ro~1S7o461
     K15J00J KC2015 05 08.88485 14 53 35.78 +01 35 26.2          17.6 Vt~1S7o595
     K15J00J KC2015 05 08.88511 14 53 36.79 +01 35 34.5          17.3 Rw~1S7oB49
     K15J00J KC2015 05 08.88676 14 53 36.70 +01 35 52.6          17.0 Rw~1S7oB49
     K15J00J KC2015 05 08.88883 14 53 35.58 +01 36 09.1                t~1S7o595
     K15J00J KC2015 05 08.88932 14 53 36.57 +01 36 20.1          17.7 Rw~1S7oB49
     K15J00J KC2015 05 08.92123 14 53 34.83 +01 42 08.8          17.2 Rc~1S7oI57
     K15J00J KC2015 05 08.92904 14 53 34.26 +01 43 33.5          17.2 Rc~1S7oI57
     K15J00J KC2015 05 08.93003 14 53 34.23 +01 43 44.1          17.3 Rc~1S7oI57
     K15J00J KC2015 05 08.93282 14 53 34.06 +01 44 14.0          17.4 Rc~1S7oI57
     K15J00J KC2015 05 08.93432 14 53 33.94 +01 44 30.0          17.5 Rc~1S7oI57
     K15J00J KC2015 05 08.93857 14 53 33.65 +01 45 15.4          17.4 Rc~1S7oI57
     K15J00J KC2015 05 08.97941 14 53 29.42 +01 52 19.6          17.9 Vq~1S7oC47
     K15J00J KC2015 05 08.98306 14 53 29.17 +01 52 58.7          18.0 Vq~1S7oC47
     K15J00J KC2015 05 08.98697 14 53 28.91 +01 53 40.6          18.1 Vq~1S7oC47
     K15J00J KC2015 05 09.07207714 53 30.41 +02 08 55.8          18.2 Vq~1S7o932
     K15J00J KC2015 05 09.07524214 53 30.20 +02 09 29.5          17.9 Vq~1S7o932
     K15J00J KC2015 05 09.07840414 53 30.06 +02 10 03.6          17.0 Vq~1S7o932
     K15J00J |C2015 05 09.13684 14 53 26.31 +02 22 19.3          16.8 Vu~1S7o807
     K15J00J |C2015 05 09.13744 14 53 26.28 +02 22 25.7          16.7 Vu~1S7o807
     K15J00J |C2015 05 09.13929 14 53 26.15 +02 22 45.2          17.5 Vu~1S7o807
     K15J00J |C2015 05 09.14059 14 53 26.05 +02 22 58.8          16.8 Vu~1S7o807
     K15J00J |C2015 05 09.14208 14 53 25.94 +02 23 14.6          17.3 Vu~1S7o807
     K15J00J |C2015 05 09.14324 14 53 25.84 +02 23 26.5          17.0 Vu~1S7o807
     K15J00J  C2015 05 09.14649 14 53 28.85 +02 22 16.7          17.8 Ro~1S7o926
     K15J00J  C2015 05 09.14874 14 53 28.72 +02 22 40.0          17.6 Ro~1S7o926
     K15J00J  C2015 05 09.15097 14 53 28.60 +02 23 04.0          17.7 Ro~1S7o926
     K15J00J  C2015 05 09.16721 14 53 27.55 +02 25 53.6          17.2 Vq~1S7pI52
     K15J00J  C2015 05 09.16762 14 53 27.53 +02 25 57.6          17.3 Vq~1S7pI52
     K15J00J  C2015 05 09.16804 14 53 27.51 +02 26 02.4          16.9 Vq~1S7pI52
     K15J00J  C2015 05 09.16845 14 53 27.48 +02 26 06.8          16.8 Vq~1S7pI52
     K15J00J  C2015 05 09.17431 14 53 27.12 +02 27 08.4          17.2 Vq~1S7pI52
     K15J00J  C2015 05 09.17507 14 53 27.08 +02 27 16.2          17.3 Vq~1S7pI52
     K15J00J  C2015 05 09.17583 14 53 27.01 +02 27 24.2          17.1 Vq~1S7pI52
     K15J00J  C2015 05 09.17659 14 53 26.98 +02 27 32.1          17.2 Vq~1S7pI52
     K15J00J  C2015 05 09.20727014 53 24.63 +02 32 52.5          17.7 Rt~1S7pH01
     K15J00J  C2015 05 09.21430414 53 24.15 +02 34 06.1          17.7 Rt~1S7pH01
     K15J00J  C2015 05 09.22162914 53 23.65 +02 35 22.5          17.8 Rt~1S7pH01
     K15J00J  C2015 05 09.22954314 53 23.11 +02 36 45.5          17.8 Rt~1S7pH01
     K15J00J  C2015 05 09.33816 14 53 15.78 +02 55 38.4          17.6 Ro~1S7p926
     K15J00J  C2015 05 09.34041 14 53 15.62 +02 56 01.3          17.8 Ro~1S7p926
     K15J00J  C2015 05 09.34265 14 53 15.46 +02 56 24.4          17.8 Ro~1S7p926
     K15J00J ?C2015 05 09.52404 14 53 12.39 +03 29 05.5          17.3 Vq~1S7pQ62
     K15J00J ?C2015 05 09.52490 14 53 12.33 +03 29 14.2          17.3 Vq~1S7pQ62
     K15J00J ?C2015 05 09.52574 14 53 12.26 +03 29 22.7          17.2 Vq~1S7pQ62
     K15J00J ?C2015 05 09.52659 14 53 12.21 +03 29 30.7          17.2 Vq~1S7pQ62
     K15J00J  C2015 05 09.58901 14 53 09.09 +03 38 14.8          18.2 Vq~1S7p900
     K15J00J  C2015 05 09.59269 14 53 08.80 +03 38 52.0          18.2 Vq~1S7p900
     K15J00J  C2015 05 09.59637 14 53 08.56 +03 39 28.8          17.9 Vq~1S7p900
     K15J00J  C2015 05 09.59890 14 53 08.64 +03 39 55.0          18.0 Ro~1S7p300
     K15J00J  C2015 05 09.60089 14 53 08.46 +03 40 14.9          18.2 Ro~1S7p300
     K15J00J  C2015 05 09.60216 14 53 08.44 +03 40 27.7          18.2 Ro~1S7p300
     K15J00J  C2015 05 09.60343 14 53 08.32 +03 40 40.9          18.2 Ro~1S7p300
     K15J00J  C2015 05 09.60470 14 53 08.23 +03 40 54.0          18.1 Ro~1S7p300
     K15J00J KC2015 05 09.83313 14 53 03.37 +04 18 33.2          18.0 Vq~1S7pC77
     K15J00J KC2015 05 09.83657 14 53 03.13 +04 19 07.3          18.0 Vq~1S7pC77
     K15J00J KC2015 05 09.83984 14 53 02.97 +04 19 39.4          18.0 Vq~1S7pC77
     K15J00J KC2015 05 09.87495 14 53 00.89 +04 25 22.4          17.5 Rq~1S7pK30
     K15J00J KC2015 05 09.87935 14 53 00.58 +04 26 05.1          17.5 Rq~1S7pK30
     K15J00J KC2015 05 09.88262 14 53 00.41 +04 26 37.0          17.5 Rq~1S7pK30
     K15J00J KC2015 05 09.88723 14 53 00.74 +04 27 24.9          18.0 Vq~1S7pI93
     K15J00J KC2015 05 09.89175 14 53 00.48 +04 28 09.1          17.9 Vq~1S7pI93
     K15J00J KC2015 05 09.89290 14 52 59.74 +04 28 19.4                t~1S7p204
     K15J00J KC2015 05 09.89417 14 52 59.66 +04 28 31.8                t~1S7p204
     K15J00J KC2015 05 09.89628 14 53 00.22 +04 28 53.5          18.1 Vq~1S7pI93
     K15J00J KC2015 05 09.89734 14 52 59.48 +04 29 03.0                t~1S7p204
     K15J00J KC2015 05 09.89945 14 52 59.33 +04 29 23.6                t~1S7p204
     K15J00J KC2015 05 09.90157 14 52 59.21 +04 29 44.4          17.6 Rt~1S7p204
     K15J00J KC2015 05 09.94499 14 52 55.70 +04 36 46.1          17.6 Ro~1S7p461
     K15J00J KC2015 05 09.94614 14 52 55.63 +04 36 57.2          17.6 Ro~1S7p461
     K15J00J KC2015 05 09.94786 14 52 55.51 +04 37 13.9          17.6 Ro~1S7p461
     K15J00J KC2015 05 09.94900 14 52 55.44 +04 37 25.0          17.5 Ro~1S7p461
     K15J00J  C2015 05 10.14181 14 52 53.87 +05 08 42.2          18.0 Vq~1S7pI52
     K15J00J  C2015 05 10.14223 14 52 53.85 +05 08 46.1          18.0 Vq~1S7pI52
     K15J00J  C2015 05 10.14264 14 52 53.83 +05 08 50.0          18.0 Vq~1S7pI52
     K15J00J  C2015 05 10.14305 14 52 53.81 +05 08 54.1          17.9 Vq~1S7pI52
     K15J00J  C2015 05 10.16595 14 52 52.60 +05 12 34.6          17.9 Ro~1S7p926
     K15J00J  C2015 05 10.16876 14 52 52.45 +05 13 01.4          17.9 Ro~1S7p926
     K15J00J  C2015 05 10.17157 14 52 52.30 +05 13 28.6          18.0 Ro~1S7p926
     K15J00J  C2015 05 10.27584 14 52 45.64 +05 29 58.0          17.9 Ro~1S7p926
     K15J00J  C2015 05 10.27866 14 52 45.46 +05 30 24.6          17.8 Ro~1S7p926
     K15J00J  C2015 05 10.28148 14 52 45.27 +05 30 51.2          17.8 Ro~1S7p926
     K15J00J KC2015 05 10.36103514 52 39.61 +05 43 15.2          17.8 Rq~1S7p448
     K15J00J KC2015 05 10.37120914 52 38.99 +05 44 50.1          17.8 Rq~1S7p448
     K15J00J KC2015 05 10.38279814 52 38.28 +05 46 37.6          18.1 Rq~1S7p448
     K15J00J HC2015 05 10.39800 14 52 37.74 +05 49 00.3          18.4 Vo~1S7p691
     K15J00J HC2015 05 10.39932 14 52 37.67 +05 49 12.4          18.4 Vo~1S7p691
     K15J00J HC2015 05 10.40065 14 52 37.59 +05 49 24.6          18.4 Vo~1S7p691
     K15J00J KC2015 05 10.40568214 52 36.94 +05 50 10.4          19.0 Rq~1S7p448
     K15J00J KC2015 05 10.42621814 52 35.82 +05 53 20.0          18.7 Rq~1S7p448
     K15J00J KC2015 05 10.44206014 52 34.99 +05 55 46.7          18.8 Rq~1S7p448
     K15J00J  C2015 05 10.44973 14 52 34.78 +05 56 58.9          18.0 Ro~1S7p926
     K15J00J  C2015 05 10.45252 14 52 34.62 +05 57 24.7          17.7 Ro~1S7p926
     K15J00J  C2015 05 10.45530 14 52 34.48 +05 57 50.3          17.8 Ro~1S7p926
     K15J00J KC2015 05 10.55794 14 52 38.88 +06 13 14.5          17.6 Rq~1S7pO75
     K15J00J  C2015 05 10.56021 14 52 37.53 +06 13 55.4          18.6 Ro~1S7p300
     K15J00J KC2015 05 10.56088 14 52 38.76 +06 13 41.0          17.4 Rq~1S7pO75
     K15J00J  C2015 05 10.56148 14 52 37.44 +06 14 06.4          18.3 Ro~1S7p300
     K15J00J  C2015 05 10.56275 14 52 37.34 +06 14 18.5          18.5 Ro~1S7p300
     K15J00J KC2015 05 10.56277 14 52 38.63 +06 13 58.5          18.0 Rq~1S7pO75
     K15J00J  C2015 05 10.56402 14 52 37.27 +06 14 30.5          18.4 Ro~1S7p300
     K15J00J KC2015 05 10.56493 14 52 38.61 +06 14 19.0          18.2 Rq~1S7pO75
     K15J00J  C2015 05 10.56531 14 52 37.16 +06 14 42.1          18.6 Ro~1S7p300
     K15J00J  C2015 05 10.57210 14 52 36.53 +06 15 43.2          18.1 Vq~1S7p900
     K15J00J  C2015 05 10.57945 14 52 36.05 +06 16 50.5          18.3 Vq~1S7p900
     K15J00J  C2015 05 10.58679 14 52 35.57 +06 17 57.8          18.3 Vq~1S7p900
     K15J00J KC2015 05 11.12434 14 52 22.72 +07 37 36.9          18.1 Ro~1S7p291
     K15J00J KC2015 05 11.12457 14 52 22.77 +07 37 38.7          18.2 Ro~1S7p291
     K15J00J KC2015 05 11.12490 14 52 22.69 +07 37 42.1          18.8 Ro~1S7p291
     K15J00J  C2015 05 11.13014 14 52 22.39 +07 38 26.9          18.4 Ro~1S7pG48
     K15J00J  C2015 05 11.13117 14 52 22.33 +07 38 36.5          19.0 Ro~1S7pG48
     K15J00J  C2015 05 11.13169 14 52 22.29 +07 38 41.1          18.3 Ro~1S7pG48
     K15J00J  C2015 05 11.13221 14 52 22.30 +07 38 45.2          18.2 Ro~1S7pG48
     K15J00J  C2015 05 11.13273 14 52 22.26 +07 38 50.0          18.4 Ro~1S7pG48
     K15J00J  C2015 05 11.30981 14 52 11.99 +08 04 12.3          18.3 Ro~1S7p926
     K15J00J  C2015 05 11.31773 14 52 11.49 +08 05 19.7          18.3 Ro~1S7p926
     K15J00J  C2015 05 11.32347 14 52 11.12 +08 06 08.4          18.3 Ro~1S7p926
     K15J00J KC2015 05 12.17978014 51 49.01 +10 01 52.3          18.5 Vu~1S7pH21
     K15J00J KC2015 05 12.18113714 51 48.94 +10 02 02.8          18.5 Vu~1S7pH21
     K15J00J KC2015 05 12.18259214 51 48.86 +10 02 14.3          18.5 Vu~1S7pH21
     K15J00J KC2015 05 12.24321 14 51 45.47 +10 10 04.2          18.6 Vq~1S7pH21
     K15J00J KC2015 05 12.24493 14 51 45.37 +10 10 17.6          18.5 Vq~1S7pH21
     K15J00J KC2015 05 12.24666 14 51 45.29 +10 10 30.9          18.7 Vq~1S7pH21
     K15J00J KC2015 05 12.24838 14 51 45.19 +10 10 44.1          18.6 Vq~1S7pH21
     K15J00J KC2015 05 12.25009 14 51 45.09 +10 10 57.2          18.7 Vq~1S7pH21
     K15J00J  C2015 05 12.33711 14 51 41.97 +10 22 16.7          19.0 Ro~1S7p926
     K15J00J  C2015 05 12.34454 14 51 41.53 +10 23 13.4          19.1 Ro~1S7p926
     K15J00J  C2015 05 12.35197 14 51 41.13 +10 24 10.1          18.9 Ro~1S7p926
     K15J00J KC2015 05 12.84990 14 51 33.06 +11 25 42.3          18.0 Rw~1S7pB49
     K15J00J KC2015 05 12.85299 14 51 32.94 +11 26 05.2          17.6 Rw~1S7pB49
     K15J00J KC2015 05 12.85417 14 51 32.87 +11 26 13.9          17.6 Rw~1S7pB49
     K15J00J  C2015 05 13.25691414 51 18.91 +12 14 03.4          18.6 Vu~1S7pH21
     K15J00J  C2015 05 13.25827514 51 18.85 +12 14 13.3          18.8 Vu~1S7pH21
     K15J00J  C2015 05 13.25963814 51 18.78 +12 14 22.5          18.5 Vu~1S7pH21
     K15J00J  C2015 05 13.26041714 51 18.73 +12 14 27.7          18.6 Vu~1S7pH21
     K15J00J  C2015 05 13.32664 14 51 16.97 +12 22 16.9          18.4 Vq~1S7p703
     K15J00J  C2015 05 13.33216 14 51 16.68 +12 22 54.8          18.5 Vq~1S7p703
     K15J00J  C2015 05 13.33769 14 51 16.37 +12 23 33.4          18.2 Vq~1S7p703
     K15J00J  C2015 05 13.34322 14 51 16.07 +12 24 10.8          18.3 Vq~1S7p703
     K15J00J KC2015 05 14.15445314 51 00.79 +13 53 36.8          19.0 Vu~1S7pH21
     K15J00J KC2015 05 14.15738514 51 00.66 +13 53 55.7          18.9 Vu~1S7pH21
     K15J00J KC2015 05 14.16022114 51 00.52 +13 54 13.7          19.1 Vu~1S7pH21
     K15J00J KC2015 05 14.16300614 51 00.38 +13 54 31.6          19.1 Vu~1SMzH21
     K15J00J KC2015 05 14.16595114 51 00.25 +13 54 50.4          18.9 Vu~1SMzH21
     K15J00J KC2015 05 14.16936014 51 00.08 +13 55 12.0          19.0 Vu~1SMzH21
     K15J00J 'C2015 05 16.89762 14 50 10.17 +18 07 14.3          19.1 Vq~1SMzI89
     K15J00J 'C2015 05 16.90473 14 50 09.89 +18 07 48.5          19.2 Vq~1SMzI89
     K15J00J 'C2015 05 16.91182 14 50 09.63 +18 08 22.9          19.2 Vq~1SMzI89
     K15J00J KC2015 05 17.86054 14 49 56.55 +19 20 45.1          18.9 Rq~1SMz157
     K15J00J KC2015 05 17.86563 14 49 56.36 +19 21 07.6          18.8 Rq~1SMz157
     K15J00J KC2015 05 17.87071 14 49 56.17 +19 21 30.3          18.9 Rq~1SMz157
     K15J00J KC2015 05 17.90891 14 49 55.48 +19 24 18.3          19.2 Ru~1SMzB49
     K15J00J KC2015 05 17.91112 14 49 55.40 +19 24 28.2          18.4 Ru~1SMzB49
     K15J00J KC2015 05 17.91430 14 49 55.30 +19 24 42.0          18.7 Ru~1SMzB49
     K15J00J 'C2015 05 18.00170 14 49 52.54 +19 31 03.2          18.8 Vq~1SMzI89
     K15J00J 'C2015 05 18.01479 14 49 52.08 +19 31 59.1          18.6 Vq~1SMzI89
     K15J00J 'C2015 05 18.02732 14 49 51.63 +19 32 52.9          19.0 Vq~1SMzI89
     K15J00J  C2015 05 18.16051714 49 53.67 +19 42 22.5          18.9 Rt~1SMzH01
     K15J00J  C2015 05 18.16274 14 49 53.89 +19 42 33.5                o~1SMz691
     K15J00J  C2015 05 18.16429 14 49 53.85 +19 42 40.2                o~1SMz691
     K15J00J  C2015 05 18.16607 14 49 53.79 +19 42 48.0                o~1SMz691
     K15J00J  C2015 05 18.16957314 49 53.37 +19 43 01.5          18.8 Rt~1SMzH01
     K15J00J  C2015 05 18.18127414 49 52.99 +19 43 51.8          19.1 Rt~1SMzH01
     K15J00J  C2015 05 18.19110 14 49 52.96 +19 44 36.2          19.0 Ro~1SMz926
     K15J00J  C2015 05 18.19636414 49 52.48 +19 44 56.4          18.9 Rt~1SMzH01
     K15J00J  C2015 05 18.19999 14 49 52.64 +19 45 14.1          19.2 Ro~1SMz926
     K15J00J  C2015 05 18.20903 14 49 52.32 +19 45 52.8          18.8 Ro~1SMz926
     K15J00J KC2015 05 19.29784 14 49 37.40 +20 58 11.3          19.8 Vq~1SMzH21
     K15J00J KC2015 05 19.30104 14 49 37.29 +20 58 23.4          19.6 Vq~1SMzH21
     K15J00J  C2015 05 20.30177 14 49 30.50 +21 58 31.8          19.3 Vq~1SMz703
     K15J00J  C2015 05 20.31699 14 49 30.08 +21 59 24.3          20.3 Vq~1SMz703
     K15J00J  C2015 05 20.32458 14 49 29.85 +21 59 49.4          19.6 Vq~1SMz703
     K15J00J 2C2015 05 22.36930114 49 22.591+23 45 13.33         19.2 Rt~1Sil568
     K15J00J 2C2015 05 22.37063114 49 22.556+23 45 17.04         19.1 Rt~1Sil568
     K15J00J KC2015 05 23.38223 14 49 18.96 +24 29 37.1                o~1Sil291
     K15J00J KC2015 05 23.38373 14 49 18.92 +24 29 40.7                o~1Sil291
     K15J00J KC2015 05 23.38522 14 49 18.91 +24 29 44.4                o~1Sil291
     K15J00J  C2015 05 25.27741 14 49 27.742+25 42 08.87         19.9 iL~1SilF51
     K15J00J  C2015 05 25.29005 14 49 27.564+25 42 36.06         19.9 iL~1SilF51
     K15J00J  C2015 05 25.30269 14 49 27.371+25 43 03.13         20.0 iL~1SilF51
     K15J00J  C2015 05 25.31526 14 49 27.180+25 43 29.82         19.9 iL~1SilF51
     K15J00J  C2015 05 26.19291 14 49 31.48 +26 12 18.4          19.9 Vq~1SilI52
     K15J00J  C2015 05 26.19368 14 49 31.47 +26 12 20.4          20.3 Vq~1SilI52
     K15J00J  C2015 05 26.19444 14 49 31.49 +26 12 21.7          20.0 Vq~1SilI52
     K15J00J  C2015 05 26.19520 14 49 31.48 +26 12 23.3          19.8 Vq~1SilI52
     K15J00J  C2015 05 26.27343 14 49 33.002+26 14 57.69         20.1 iL~1SilF51
     K15J00J  C2015 05 26.28607 14 49 32.850+26 15 22.43         19.8 iL~1SilF51
     K15J00J  C2015 05 26.29870 14 49 32.689+26 15 46.95         19.9 iL~1SilF51
     K15J00J KC2015 05 27.19573 14 49 37.41 +26 42 18.7          20.2 Vq~1SilH21
     K15J00J KC2015 05 27.20082 14 49 37.35 +26 42 27.2          20.2 Vq~1SilH21
     K15J00J KC2015 05 27.20592 14 49 37.33 +26 42 36.2          20.4 Vq~1SilH21
     K15J00J KC2015 05 27.24707214 49 36.96 +26 43 45.6          20.2 Vu~1SilH21
     K15J00J KC2015 05 27.25150514 49 36.94 +26 43 53.2          19.9 Vu~1SilH21
     K15J00J KC2015 05 27.25553614 49 36.87 +26 43 59.1          19.9 Vu~1SilH21
     K15J00J KC2015 05 28.11535814 49 47.11 +27 07 16.6          20.6 Vu~1SilH21
     K15J00J KC2015 05 28.12478114 49 47.04 +27 07 31.3          20.3 Vu~1SilH21
     K15J00J KC2015 05 28.13408814 49 46.95 +27 07 45.9          20.7 Vu~1SilH21
     K15J00J KC2015 05 28.14307314 49 46.89 +27 08 00.3          20.4 Vu~1SilH21
     K15J00J KC2015 05 28.15101714 49 46.80 +27 08 12.7          20.2 Vu~1SilH21
     K15J00J  C2015 05 29.24472 14 49 58.47 +27 34 55.2          20.3 Vo~1Sil691
     K15J00J  C2015 05 29.24766 14 49 58.45 +27 35 00.7          20.1 Vo~1Sil691
     K15J00J  C2015 05 29.25060 14 49 58.38 +27 35 04.2          20.6 Vo~1Sil691
     K15J00J HC2015 05 30.21724 14 50 11.61 +27 56 05.0                o~1Sil691
     K15J00J HC2015 05 30.22384 14 50 11.61 +27 56 13.6                o~1Sil691
     K15J00J KC2015 05 30.39454 14 50 11.38 +27 59 35.8          19.8 Ro~1Sil291
     K15J00J KC2015 05 30.39903 14 50 11.40 +27 59 40.8          19.8 Ro~1Sil291
     K15J00J KC2015 05 30.40356 14 50 11.42 +27 59 45.9          19.9 Ro~1Sil291
     K15J00J  C2015 06 04.39226 14 51 45.878+29 16 09.68         20.8 iL~1T2XF51
     K15J00J  C2015 06 04.40547 14 51 45.942+29 16 18.20         20.6 iL~1T2XF51
     K15J00J  C2015 06 04.41874 14 51 46.049+29 16 25.79         20.9 iL~1T2XF51
     K15J00J  C2015 06 04.43202 14 51 46.139+29 16 34.05         20.7 iL~1T2XF51
     K15J00J KC2015 06 06.39552 14 52 33.13 +29 34 48.5          21.1 Ro~1T2X291
     K15J00J KC2015 06 06.42340 14 52 33.71 +29 34 59.6          21.1 Ro~1T2X291
     K15J00J 2C2015 06 11.43177014 55 03.182+29 59 59.16         21.1 Rt~1T2X568
     K15J00J 2C2015 06 11.43333314 55 03.215+29 59 59.24         21.1 Rt~1T2X568
     K15J00J FC2015 06 12.95613614 55 57.117+30 02 10.72         20.7 Rq~1T2XJ04
     K15J00J FC2015 06 12.96439714 55 57.275+30 02 11.29         22.1 Rq~1T2XJ04
     K15J00J 2C2015 06 16.33472214 58 06.525+29 59 57.66         21.4 Rt~1TSu568
     K15J00J 2C2015 06 16.34918914 58 06.927+29 59 55.78         21.3 Rt~1TSu568
     K15J00J KC2015 06 18.30306 14 59 28.91 +29 54 27.0          21.4 Ro~1TSu291
     K15J00J KC2015 06 18.32772 14 59 29.78 +29 54 20.9                o~1TSu291
     K15J00J KC2015 06 18.34502 14 59 30.47 +29 54 16.2          22.1 Ro~1TSu291
     K15J00J 2C2015 06 18.35590414 59 31.921+29 54 24.00         21.1 Rt~1Tl6568
     K15J00J 2C2015 06 18.35856414 59 31.999+29 54 23.44         21.2 Rt~1Tl6568
     K15J00J KC2015 06 19.28302 15 00 12.82 +29 50 48.5          22.3 Ro~1TSu291
     K15J00J KC2015 06 19.29029 15 00 13.09 +29 50 46.2          22.2 Ro~1TSu291
     K15J00J KC2015 06 19.29751 15 00 13.36 +29 50 43.9          21.5 Ro~1TSu291
     K15J00J KC2015 07 08.22095 15 18 31.81 +27 11 22.5          21.5 Ro~1UG0291
     K15J00J KC2015 07 08.23832 15 18 32.87 +27 11 09.9          21.6 Ro~1UG0291
     K15J00J KC2015 07 08.25568 15 18 33.93 +27 10 56.9          21.7 Ro~1UG0291
     K15J00J 2C2015 07 10.29634815 20 58.664+26 46 39.41         22.7 Rt~1UP3568
     K15J00J 2C2015 07 10.30243115 20 59.046+26 46 34.93         22.7 Rt~1UP3568
     K15J00J 2C2015 07 15.27482615 27 10.543+25 43 03.69         22.9 Rt~1UP3568
     K15J00J 2C2015 07 15.28223515 27 11.065+25 42 57.80         22.8 Rt~1UP3568
     K15J00J 2C2015 07 21.29253615 35 17.640+24 19 46.24         22.7 Rt~1UdU568
     K15J00J 2C2015 07 21.30018915 35 18.234+24 19 39.58         22.7 Rt~1UdU568
     K15J00J 2C2015 07 22.29236215 36 42.528+24 05 22.44         22.6 Rt~1UdU568
     K15J00J 2C2015 07 22.30116015 36 43.215+24 05 14.75         22.6 Rt~1UdU568
     K15J00J 2C2015 08 13.29189716 12 09.453+18 22 18.40         23.4 Rt~1VcL568
     K15J00J 2C2015 08 13.30209416 12 10.495+18 22 08.25         23.4 Rt~1VcL568
     K15J00J 2C2015 08 19.29937316 23 15.002+16 42 56.12         23.5 Rt~1WWA568
     K15J00J KC2015 08 20.18480416 24 56.21 +16 28 08.2          23.7 Rt~1VyaH01
     K15J00J KC2015 08 20.19279316 24 57.08 +16 28 00.2          23.4 Rt~1VyaH01
     K15J00J KC2015 08 20.21396916 24 59.45 +16 27 38.7          23.6 Rt~1VyaH01
     K15J00J 2C2015 09 10.25013017 08 51.572+10 37 03.58         23.8 Rt~1Wks568
     K15J00J 2C2015 09 11.28616917 11 12.404+10 19 57.62         23.7 Rt~1Xvh568
     K15J00J 2C2015 09 15.30111017 20 29.150+09 14 07.24         23.9 Rt~1XRv568
