     K15G13J* C2015 04 10.26024 10 40 00.793+09 26 05.92         21.6 wL~1Q5nF51
     K15G13J  C2015 04 10.28441 10 39 54.875+09 26 52.26         21.8 wL~1Q5nF51
     K15G13J KC2015 04 11.13177410 36 33.98 +09 54 07.5          22.4 Vu~1Q5nH21
     K15G13J KC2015 04 11.14646010 36 30.34 +09 54 36.1          22.3 Vu~1Q5nH21
     K15G13J KC2015 04 11.16131210 36 26.64 +09 55 05.4          22.2 Vu~1Q5nH21
     K15G13J _C2015 04 11.28323010 35 58.109+09 59 12.20         21.2 Rt~1Q5n568
     K15G13J _C2015 04 11.28485510 35 57.710+09 59 15.28         21.1 Rt~1Q5n568
     K15G13J _C2015 04 11.28618210 35 57.375+09 59 17.96         21.2 Rt~1Q5n568
     K15G13J KC2015 04 14.90710 10 20 48.63 +12 01 26.6                q~1Q5nJ95
     K15G13J KC2015 04 14.95755 10 20 35.03 +12 03 11.5          21.7 Rq~1Q5nJ95
     K15G13J  C2015 04 15.15538 10 19 43.90 +12 10 16.4          21.7 Ro~1Q5n926
     K15G13J  C2015 04 15.16257 10 19 41.90 +12 10 31.4          21.9 Ro~1Q5n926
     K15G13J  C2015 04 15.16976 10 19 39.95 +12 10 46.8          21.9 Ro~1Q5n926
     K15G13J KC2015 04 17.32264 10 09 56.26 +13 27 22.6          21.6 Ro~1Q5n291
     K15G13J KC2015 04 17.32751 10 09 54.88 +13 27 32.5          21.8 Ro~1Q5n291
     K15G13J KC2015 04 17.33241 10 09 53.44 +13 27 43.7          22.0 Ro~1Q5n291
     K15G13J KC2015 04 18.22508 10 05 43.92 +14 00 14.9          21.1 Ro~1Qfe291
     K15G13J KC2015 04 18.22957 10 05 42.62 +14 00 25.4          21.3 Ro~1Qfe291
     K15G13J KC2015 04 18.23387 10 05 41.34 +14 00 34.0          21.7 Ro~1Qfe291
     K15G13J "C2015 04 18.27619010 05 28.85 +14 02 05.5          19.9 Rt~1Wkr705
     K15G13J "C2015 04 18.27748610 05 28.48 +14 02 08.5          20.0 Rt~1Wkr705
     K15G13J "C2015 04 18.27878110 05 28.07 +14 02 11.1          19.6 Rt~1Wkr705
     K15G13J KC2015 04 19.21994 10 00 58.48 +14 36 56.0          21.4 Ro~1Qfe291
     K15G13J KC2015 04 19.22413 10 00 57.19 +14 37 04.8          21.2 Ro~1Qfe291
     K15G13J KC2015 04 19.22830 10 00 55.95 +14 37 14.1          21.4 Ro~1Qfe291
     K15G13J 2C2015 04 29.28592109 05 06.694+21 09 52.23         22.0 Rt~1T2L568
     K15G13J 2C2015 04 29.28983909 05 05.109+21 10 01.57         21.8 Rt~1T2L568
     K15G13J 2C2015 04 29.33401909 04 47.546+21 11 46.45         21.5 Rt~1T2L568
     K15G13J KC2015 04 30.18976 08 59 13.53 +21 46 15.3          22.2 Ro~1RK7291
     K15G13J KC2015 04 30.19837 08 59 10.00 +21 46 35.5          22.2 Ro~1RK7291
