     K15W02A tC2015 11 03.64343804 06 55.548+56 09 00.80         17.6 Rt~1ePbF51
     K15W02A tC2015 11 03.64699504 06 49.632+56 08 40.72         17.3 Rt~1ePbF51
     K15W02A* C2015 11 20.14854 02 05 29.31 +41 24 36.1          19.6 Vq~1dip703
     K15W02A  C2015 11 20.15308 02 05 28.86 +41 24 29.6          20.4 Vq~1dip703
     K15W02A  C2015 11 20.15763 02 05 28.44 +41 24 22.9          20.2 Vq~1dip703
     K15W02A  C2015 11 20.16216 02 05 28.01 +41 24 16.0          19.7 Vq~1dip703
     K15W02A  C2015 11 20.20266202 05 23.74 +41 23 12.8          19.6 Vt~1dipH01
     K15W02A  C2015 11 20.21677402 05 22.33 +41 22 50.9          19.4 Vt~1dipH01
     K15W02A  C2015 11 20.22020002 05 21.99 +41 22 45.5          19.4 Vt~1dipH01
     K15W02A KC2015 11 20.22334 02 05 21.52 +41 22 42.5                o~1dip711
     K15W02A  C2015 11 20.22466902 05 21.54 +41 22 38.5          19.3 Vt~1dipH01
     K15W02A KC2015 11 20.22609 02 05 21.26 +41 22 38.5                o~1dip711
     K15W02A KC2015 11 20.23115 02 05 20.75 +41 22 30.6                o~1dip711
     K15W02A KC2015 11 20.26177 02 05 18.46 +41 21 38.0          18.9 Rq~1dipG58
     K15W02A KC2015 11 20.26929 02 05 17.72 +41 21 26.5          19.0 Rq~1dipG58
     K15W02A KC2015 11 20.27684 02 05 16.99 +41 21 14.8          19.2 Rq~1dipG58
     K15W02A  C2015 11 20.59427 02 04 50.39 +41 13 05.7          19.4 Ro~1dip300
     K15W02A  C2015 11 20.59588 02 04 50.26 +41 13 04.0          19.5 Ro~1dip300
     K15W02A  C2015 11 20.59750 02 04 50.11 +41 13 01.5          19.4 Ro~1dip300
     K15W02A  C2015 11 20.59911 02 04 49.89 +41 12 59.0          19.5 Ro~1dip300
     K15W02A  C2015 11 20.60072 02 04 49.78 +41 12 56.6          19.3 Ro~1dip300
     K15W02A  C2015 11 20.60233 02 04 49.62 +41 12 53.5          19.3 Ro~1dip300
     K15W02A  C2015 11 21.07814 02 04 15.10 +41 00 52.0          20.1 Ru~1dip926
     K15W02A  C2015 11 21.09037 02 04 14.02 +41 00 34.8          19.5 Vq~1dipG96
     K15W02A  C2015 11 21.09046 02 04 13.95 +41 00 35.1          20.2 Ru~1dip926
     K15W02A  C2015 11 21.09683 02 04 13.48 +41 00 25.8          19.4 Vq~1dipG96
     K15W02A  C2015 11 21.10280 02 04 13.01 +41 00 17.2          19.3 Ru~1dip926
     K15W02A  C2015 11 21.10975 02 04 12.39 +41 00 07.6          19.4 Vq~1dipG96
     K15W02A  C2015 11 21.18448 02 04 05.89 +40 58 20.7          20.4 Ru~1dip926
     K15W02A  C2015 11 21.19669 02 04 04.84 +40 58 04.1          20.2 Ru~1dip926
     K15W02A  C2015 11 21.20936 02 04 03.71 +40 57 45.3          19.9 Ru~1dip926
     K15W02A KC2015 11 21.30882 02 03 55.52 +40 55 15.6          19.9 Rq~1dipG58
     K15W02A KC2015 11 21.31920 02 03 54.67 +40 54 59.8          19.5 Rq~1diqG58
     K15W02A KC2015 11 21.32896 02 03 53.82 +40 54 45.6          19.2 Rq~1diqG58
     K15W02A KC2015 11 21.33834 02 03 53.04 +40 54 31.1          19.2 Rq~1diqG58
     K15W02A  C2015 11 22.05758502 03 06.57 +40 37 20.2          20.5 Vt~1diqH01
     K15W02A  C2015 11 22.06068802 03 06.35 +40 37 16.2          20.8 Vt~1diqH01
     K15W02A  C2015 11 22.06883402 03 05.76 +40 37 05.4          20.5 Vt~1diqH01
     K15W02A  C2015 11 22.07821502 03 05.07 +40 36 53.0          20.1 Vt~1diqH01
     K15W02A  C2015 11 22.10282 02 03 03.39 +40 36 21.8          20.2 Ro~1diq926
     K15W02A  C2015 11 22.11521 02 03 02.41 +40 36 03.8          20.5 Ro~1diq926
     K15W02A  C2015 11 22.12758 02 03 01.52 +40 35 47.7          20.2 Ro~1diq926
     K15W02A ^C2015 11 24.32183 02 01 00.82 +39 47 57.3          20.8 Ro~1ePb695
     K15W02A ^C2015 11 24.32664 02 01 00.55 +39 47 51.3          20.8 Ro~1ePb695
     K15W02A ^C2015 11 24.33145 02 01 00.25 +39 47 45.0          20.5 Ro~1ePb695
     K15W02A ^C2015 11 28.29231 01 58 59.61 +38 34 38.3          20.2 Ro~1ePb695
     K15W02A ^C2015 11 28.29655 01 58 59.50 +38 34 34.0                o~1ePb695
     K15W02A ^C2015 11 28.30079 01 58 59.36 +38 34 29.6                o~1ePb695
     K15W02A ^C2015 11 29.16718 01 58 47.01 +38 20 23.6                o~1ePb695
     K15W02A ^C2015 11 29.17133 01 58 46.92 +38 20 19.8                o~1ePb695
     K15W02A ^C2015 11 29.17547 01 58 46.81 +38 20 15.9                o~1ePb695
     K15W02A KC2015 12 16.31247 02 04 07.54 +35 10 09.8                o~1g2k291
     K15W02A KC2015 12 16.31968 02 04 07.80 +35 10 06.3                o~1g2k291
     K15W02A ^C2015 12 30.19336 02 16 47.76 +33 55 10.7          22.6 Ro~1h6A695
     K15W02A ^C2015 12 30.20568 02 16 48.52 +33 55 07.8          23.1 Ro~1h6A695
     K15W02A ^C2015 12 30.22341 02 16 49.59 +33 55 03.6                o~1h6A695
