     K15XC8X* C2015 12 05.25795 00 06 02.468-21 48 03.84         20.4 wL~1fQfF51
     K15XC8X  C2015 12 05.27902 00 05 47.781-21 47 11.30         20.4 wL~1fQfF51
     K15XC8X  C2015 12 05.28951 00 05 40.468-21 46 44.16         20.3 wL~1fQfF51
     K15XC8X _C2015 12 06.19910823 57 30.520-21 07 42.15         19.6 Rt~1fQf568
     K15XC8X _C2015 12 06.20018623 57 29.622-21 07 39.21         19.6 Rt~1fQf568
     K15XC8X _C2015 12 06.20126223 57 28.740-21 07 36.31         19.6 Rt~1fQf568
     K15XC8X KC2015 12 07.42988 23 42 45.73 -19 45 23.0          19.3 Rt~1fQf474
     K15XC8X KC2015 12 07.43109 23 42 44.59 -19 45 17.4          19.2 Rt~1fQf474
     K15XC8X KC2015 12 07.43229 23 42 43.44 -19 45 11.5          19.8 Rt~1fQf474
     K15XC8X KC2015 12 07.43350 23 42 42.32 -19 45 06.1          19.5 Rt~1fQf474
     K15XC8X |C2015 12 08.02033 23 34 27.88 -19 02 31.7          19.8 Vu~1fQf807
     K15XC8X |C2015 12 08.02265 23 34 25.19 -19 02 19.1          19.7 Vu~1fQf807
     K15XC8X |C2015 12 08.02488 23 34 22.60 -19 02 06.9          19.8 Vu~1fQf807
     K15XC8X |C2015 12 08.02703 23 34 20.11 -19 01 55.0          19.9 Vu~1fQf807
     K15XC8X |C2015 12 08.02936 23 34 17.45 -19 01 42.1          20.0 Vu~1fQf807
     K15XC8X  C2015 12 08.10929 23 33 09.98 -19 05 14.6          20.1 Ro~1fQf926
     K15XC8X  C2015 12 08.11163 23 33 07.24 -19 05 02.2          19.9 Ro~1fQf926
     K15XC8X  C2015 12 08.11396 23 33 04.42 -19 04 49.9          20.0 Ro~1fQf926
     K15XC8X KC2015 12 08.41900 23 27 50.10 -18 23 15.5          19.2 Rt~1fQf474
     K15XC8X KC2015 12 08.42041 23 27 48.45 -18 23 05.7          19.7 Rt~1fQf474
     K15XC8X KC2015 12 08.42164 23 27 47.01 -18 22 57.2          20.2 Rt~1fQf474
     K15XC8X KC2015 12 08.42288 23 27 45.53 -18 22 49.7          20.1 Rt~1fQf474
     K15XC8X KC2015 12 10.41115 22 42 36.77 -13 39 29.6          19.0 Rt~1fQf474
     K15XC8X KC2015 12 10.41238 22 42 34.37 -13 39 13.3          19.5 Rt~1fQf474
     K15XC8X KC2015 12 10.41362 22 42 31.99 -13 38 57.0          19.2 Rt~1fQf474
     K15XC8X KC2015 12 10.41486 22 42 29.59 -13 38 41.0          19.3 Rt~1fQf474
     K15XC8X  C2015 12 11.05988 22 21 39.87 -11 30 35.5          19.2 Ro~1fQf926
     K15XC8X  C2015 12 11.06199 22 21 34.52 -11 30 02.1          19.1 Ro~1fQf926
     K15XC8X  C2015 12 11.06410 22 21 29.06 -11 29 28.0          19.1 Ro~1fQf926
     K15XC8X  C2015 12 11.07249 22 21 07.69 -11 27 13.9          19.1 Ro~1fQf926
     K15XC8X  C2015 12 11.07459 22 21 02.44 -11 26 40.9          19.2 Ro~1fQf926
     K15XC8X  C2015 12 11.07671 22 20 56.98 -11 26 06.4          19.1 Ro~1fQf926
     K15XC8X  C2015 12 11.08466 22 20 36.82 -11 23 58.8          19.0 Ro~1fQf926
     K15XC8X  C2015 12 11.08888 22 20 26.06 -11 22 49.6          18.8 Ro~1fQf926
     K15XC8X  C2015 12 11.08961 22 20 24.19 -11 22 37.7          19.9 Ru~1fQf926
     K15XC8X  C2015 12 11.09286 22 20 15.88 -11 21 44.6          19.7 Ru~1fQf926
     K15XC8X  C2015 12 11.09612 22 20 07.73 -11 20 52.3          19.9 Ru~1fQf926
     K15XC8X KC2015 12 11.41256 22 07 36.47 -09 29 12.4          19.0 Rt~1fQf474
     K15XC8X KC2015 12 11.41386 22 07 33.09 -09 28 48.1          19.7 Rt~1fQf474
     K15XC8X KC2015 12 11.41516 22 07 29.76 -09 28 22.6          19.1 Rt~1fQf474
     K15XC8X KC2015 12 11.73365321 54 35.28 -08 14 03.6          19.3 Rq~1g3GJ95
     K15XC8X KC2015 12 11.74949521 53 48.11 -08 08 39.5          19.6 Rq~1g3GJ95
     K15XC8X KC2015 12 11.77394721 52 35.24 -08 00 11.5          19.6 Rq~1g3GJ95
     K15XC8X  C2015 12 21.51792 14 49 54.52 +27 47 04.9          19.9 Ro~1gnF926
     K15XC8X  C2015 12 21.52337 14 49 50.02 +27 47 09.5          20.1 Ro~1gnF926
     K15XC8X  C2015 12 21.52882 14 49 45.41 +27 47 13.7          20.1 Ro~1gnF926
     K15XC8X  C2015 12 21.53446 14 49 40.68 +27 47 17.5          20.0 Ro~1gnF926
     K15XC8X  C2015 12 21.53991 14 49 36.03 +27 47 21.8          20.0 Ro~1gnF926
     K15XC8X  C2015 12 21.54544 14 49 31.33 +27 47 26.1          19.9 Ro~1gnF926
     K15XC8X "C2016 02 13.32419412 58 29.46 +25 57 48.3          22.2 Rt~1lxE705
     K15XC8X "C2016 02 13.32520112 58 29.29 +25 57 48.7          22.0 Rt~1lxE705
     K15XC8X "C2016 02 13.32620812 58 29.14 +25 57 48.8          22.5 Rt~1lxE705
