     K15Y01V* C2015 12 18.07131 02 09 46.77 +16 26 40.8          20.8 Vq~1gnqG96
     K15Y01V  C2015 12 18.07839 02 09 52.61 +16 27 16.9          20.4 Vq~1gnqG96
     K15Y01V  C2015 12 18.09254 02 10 04.20 +16 28 29.2          20.3 Vq~1gnqG96
     K15Y01V  C2015 12 18.11797 02 10 24.98 +16 30 39.5          20.3 Vq~1gnqG96
     K15Y01V  C2015 12 18.12362 02 10 29.54 +16 31 07.8          20.6 Vq~1gnqG96
     K15Y01V  C2015 12 18.13491 02 10 38.75 +16 32 04.8          20.5 Vq~1gnqG96
     K15Y01V KC2015 12 18.36880 02 13 47.51 +16 51 06.9          20.5 Ro~1gnq291
     K15Y01V KC2015 12 18.36946 02 13 48.04 +16 51 10.1          20.3 Ro~1gnq291
     K15Y01V KC2015 12 18.37010 02 13 48.59 +16 51 12.6          19.9 Ro~1gnq291
     K15Y01V  C2015 12 19.04504702 22 43.74 +17 42 32.7          21.4 Vt~1gnqH01
     K15Y01V  C2015 12 19.05351002 22 49.96 +17 43 09.6          21.3 Vt~1gnqH01
     K15Y01V  C2015 12 19.05901902 22 54.00 +17 43 33.5          20.9 Vt~1gnqH01
     K15Y01V  C2015 12 19.06402502 22 57.65 +17 43 55.2          20.7 Vt~1gnqH01
     K15Y01V KC2015 12 19.07130 02 23 03.21 +17 44 28.1          20.8 Ro~1gnq291
     K15Y01V KC2015 12 19.07297 02 23 04.43 +17 44 35.5          20.5 Ro~1gnq291
     K15Y01V KC2015 12 19.07465 02 23 05.67 +17 44 42.9          20.6 Ro~1gnq291
     K15Y01V  C2015 12 19.09142 02 23 17.84 +17 45 56.2          20.8 Ro~1gnq926
     K15Y01V  C2015 12 19.09458 02 23 20.15 +17 46 09.5          20.8 Ro~1gnq926
     K15Y01V  C2015 12 19.09773 02 23 22.44 +17 46 22.3          20.8 Ro~1gnq926
     K15Y01V  C2015 12 19.10330 02 23 26.48 +17 46 46.3          19.8 Vq~1gnqI52
     K15Y01V  C2015 12 19.10596 02 23 28.53 +17 46 57.7          20.1 Vq~1gnqI52
     K15Y01V  C2015 12 19.10878 02 23 30.48 +17 47 09.3          20.5 Vq~1gnqI52
     K15Y01V ]C2015 12 19.14193 02 23 54.47 +17 49 31.8          19.9 Ro~1gnq695
     K15Y01V ]C2015 12 19.14401 02 23 55.97 +17 49 40.6          20.4 Ro~1gnq695
     K15Y01V ]C2015 12 19.14531 02 23 56.91 +17 49 45.9          20.3 Ro~1gnq695
     K15Y01V ]C2015 12 19.14672 02 23 57.91 +17 49 52.0          20.1 Ro~1gnq695
     K15Y01V KC2015 12 20.82142 02 42 50.72 +19 31 53.3          20.3 Ro~1gnqK51
     K15Y01V KC2015 12 20.82476 02 42 52.69 +19 32 03.5          20.3 Ro~1gnqK51
     K15Y01V KC2015 12 20.82810 02 42 54.71 +19 32 14.0          20.3 Ro~1gnqK51
     K15Y01V KC2015 12 29.13422 03 40 38.16 +23 41 47.0                o~1h6L291
     K15Y01V KC2015 12 29.13984 03 40 39.65 +23 41 51.9                o~1h6L291
     K15Y01V ^C2015 12 29.29390 03 41 20.94 +23 44 19.6          21.2 Ro~1h6L695
     K15Y01V ^C2015 12 29.29990 03 41 22.54 +23 44 24.8          20.9 Ro~1h6L695
     K15Y01V ^C2015 12 29.30589 03 41 24.15 +23 44 30.4                o~1h6L695
     K15Y01V ^C2015 12 30.25206 03 45 40.38 +23 58 46.8          21.2 Ro~1h6L695
     K15Y01V ^C2015 12 30.25436 03 45 40.96 +23 58 48.8          21.2 Ro~1h6L695
     K15Y01V ^C2015 12 30.25667 03 45 41.54 +23 58 50.6          21.1 Ro~1h6L695
     K15Y01V KC2015 12 30.34321 03 46 03.16 +23 59 59.6          21.4 Ro~1h6L291
     K15Y01V KC2015 12 30.35047 03 46 04.99 +24 00 05.7                o~1h6L291
     K15Y01V KC2015 12 30.35776 03 46 06.80 +24 00 11.5                o~1h6L291
     K15Y01V KC2016 01 01.13778 03 53 23.67 +24 22 57.9          22.8 Ro~1h6L291
     K15Y01V KC2016 01 01.14351 03 53 24.92 +24 23 02.1          22.7 Ro~1h6L291
     K15Y01V KC2016 01 01.14925 03 53 26.17 +24 23 06.5                o~1h6L291
     K15Y01V KC2016 01 03.14976704 00 38.20 +24 43 51.2          23.0 Vu~1iI9H21
     K15Y01V KC2016 01 03.16784304 00 41.69 +24 44 00.9          22.6 Vu~1iI9H21
     K15Y01V KC2016 01 03.17718704 00 43.49 +24 44 06.0          22.4 Vu~1iI9H21
     K15Y01V KC2016 01 05.13537304 07 02.22 +25 00 46.7          22.5 Vu~1iI9H21
     K15Y01V KC2016 01 05.15426904 07 05.52 +25 00 55.2          22.6 Vu~1iI9H21
     K15Y01V KC2016 01 05.16951004 07 08.14 +25 01 01.9          23.1 Vu~1iI9H21
     K15Y01V KC2016 01 05.17560604 07 09.23 +25 01 05.0          22.6 Vu~1iI9H21
     K15Y01V 2C2016 01 06.42617004 10 50.757+25 10 17.84         23.0 Rt~1hXK568
     K15Y01V 2C2016 01 06.42968604 10 51.339+25 10 19.12         22.7 Rt~1hXK568
     K15Y01V 2C2016 01 07.42567404 13 39.446+25 16 52.13         23.0 Rt~1iI9568
     K15Y01V 2C2016 01 07.42980704 13 40.095+25 16 53.58         23.1 Rt~1iI9568
     K15Y01V 2C2016 01 12.42981404 26 10.965+25 42 36.24         23.6 Rt~1iI9568
     K15Y01V 2C2016 01 12.43858404 26 12.108+25 42 38.06         23.5 Rt~1iI9568
     K15Y01V 2C2016 01 13.36707404 28 18.714+25 46 25.47         23.9 Rt~1jA8568
