     K15TW3E  C2002 11 06.50258 02 34 43.83 +05 59 30.5          19.8 Rc~1dgA608
     K15TW3E  C2002 11 06.51292 02 34 42.85 +05 59 21.5          19.9 Rc~1dgA608
     K15TW3E  C2002 11 06.52359 02 34 41.87 +05 59 11.9          20.0 Rc~1dgA608
     K15TW3E  C2002 11 27.48056 02 03 09.27 +01 06 10.8          19.5 Rc~1dgA608
     K15TW3E  C2002 11 27.49106 02 03 08.44 +01 06 03.4          19.9 Rc~1dgA608
     K15TW3E  C2012 10 27.56102 07 00 57.96 +09 08 24.6          21.0 Rt~1dgAF51
     K15TW3E  C2012 10 27.57262 07 00 59.92 +09 08 10.8          21.0 Rt~1dgAF51
     K15TW3E  C2015 09 09.46934 02 23 32.972+12 56 49.13         22.7 wL~1cKvF51
     K15TW3E  C2015 09 09.48161 02 23 32.860+12 56 46.87         22.7 wL~1cKvF51
     K15TW3E  C2015 09 09.49386 02 23 32.759+12 56 44.02         22.3 wL~1cKvF51
     K15TW3E  C2015 09 09.50617 02 23 32.648+12 56 41.35         22.3 wL~1cKvF51
     K15TW3E  C2015 10 10.38551 02 05 09.672+09 19 23.12         21.5 wL~1ai1F51
     K15TW3E  C2015 10 10.39777 02 05 08.867+09 19 15.77         21.5 wL~1ai1F51
     K15TW3E  C2015 10 10.41001 02 05 08.053+09 19 08.31         21.5 wL~1ai1F51
     K15TW3E  C2015 10 10.42236 02 05 07.230+09 19 00.74         21.5 wL~1ai1F51
     K15TW3E* C2015 10 15.33141 01 59 34.79 +08 26 21.2          21.3 Vq~1ai1G96
     K15TW3E  C2015 10 15.33534 01 59 34.52 +08 26 18.8          21.2 Vq~1ai1G96
     K15TW3E  C2015 10 15.34455 01 59 33.82 +08 26 12.7          21.4 Vq~1ai1G96
     K15TW3E  C2015 10 15.34849 01 59 33.55 +08 26 10.2          21.3 Vq~1ai1G96
     K15TW3E  C2015 10 15.38151801 59 31.08 +08 25 47.7          21.0 Vt~1ai1H01
     K15TW3E  C2015 10 15.39040501 59 30.44 +08 25 41.8          20.5 Vt~1ai1H01
     K15TW3E  C2015 10 15.39710701 59 29.94 +08 25 37.2          21.2 Vt~1ai1H01
     K15TW3E  C2015 10 15.44444 01 59 26.49 +08 25 05.9          21.1 Vq~1ai1G96
     K15TW3E  C2015 10 15.44528 01 59 26.43 +08 25 05.2          21.3 Vq~1ai1G96
     K15TW3E  C2015 10 15.44613 01 59 26.38 +08 25 04.7          21.3 Vq~1ai1G96
     K15TW3E  C2015 10 15.44697 01 59 26.31 +08 25 03.8          21.4 Vq~1ai1G96
     K15TW3E  C2015 10 16.30359 01 58 25.03 +08 15 29.0          21.1 Vo~1ai1691
     K15TW3E  C2015 10 16.33237 01 58 22.87 +08 15 09.5          21.6 Vo~1ai1691
     K15TW3E  C2015 10 16.34177 01 58 22.17 +08 15 03.1          20.8 Vo~1ai1691
     K15TW3E KC2015 10 18.21985401 56 04.22 +07 53 37.7          21.0 Vu~1ai1H21
     K15TW3E KC2015 10 18.22397301 56 03.90 +07 53 34.9          20.7 Vu~1ai1H21
     K15TW3E KC2015 10 18.22822801 56 03.57 +07 53 31.3          20.8 Vu~1ai1H21
     K15TW3E KC2015 10 18.23646401 56 02.90 +07 53 25.5          21.1 Vu~1ai1H21
     K15TW3E  C2015 10 19.40682 01 54 34.89 +07 39 53.7          21.2 Rt~1cKvF51
     K15TW3E  C2015 10 19.41834 01 54 33.99 +07 39 45.9          21.0 Rt~1cKvF51
     K15TW3E |C2015 10 30.20086 01 40 16.34 +05 29 57.8          21.0 Vu~1bIe807
     K15TW3E |C2015 10 30.20994 01 40 15.57 +05 29 51.0          20.9 Vu~1bIe807
     K15TW3E |C2015 10 30.21884 01 40 14.84 +05 29 44.4          21.0 Vu~1bIe807
     K15TW3E KC2015 11 01.15281 01 37 37.77 +05 06 04.6          20.1 Ro~1bSE291
     K15TW3E KC2015 11 01.15570 01 37 37.52 +05 06 02.8          20.4 Ro~1bSE291
     K15TW3E KC2015 11 01.15859 01 37 37.36 +05 06 00.6          20.5 Ro~1bSE291
     K15TW3E KC2015 11 02.40943 01 35 55.22 +04 50 51.5          21.1 Ro~1bSE291
     K15TW3E KC2015 11 02.41492 01 35 54.74 +04 50 48.0          20.5 Ro~1bSE291
     K15TW3E KC2015 11 02.42041 01 35 54.23 +04 50 44.7          20.3 Ro~1bSE291
     K15TW3E mC2015 11 03.26438 01 34 46.38 +04 40 33.3          21.3 Vo~1bSE691
     K15TW3E mC2015 11 03.26795 01 34 46.09 +04 40 29.6                o~1bSE691
     K15TW3E mC2015 11 03.27130 01 34 45.79 +04 40 27.8                o~1bSE691
     K15TW3E mC2015 11 06.20086 01 30 51.57 +04 05 37.1          21.8 Vo~1bSE691
     K15TW3E mC2015 11 06.20380 01 30 51.37 +04 05 34.6          21.4 Vo~1bSE691
     K15TW3E mC2015 11 06.20675 01 30 51.12 +04 05 33.8          21.8 Vo~1bSE691
     K15TW3E KC2015 11 09.12865 01 27 03.40 +03 31 45.2          20.4 Ro~1cKv291
     K15TW3E KC2015 11 09.13368 01 27 03.00 +03 31 41.9          20.3 Ro~1cKv291
     K15TW3E KC2015 11 09.13872 01 27 02.61 +03 31 38.0          20.4 Ro~1cKv291
     K15TW3E KC2015 11 10.12308 01 25 47.63 +03 20 31.0          20.4 Ro~1cKv291
     K15TW3E KC2015 11 10.12759 01 25 47.27 +03 20 28.0          20.5 Ro~1cKv291
     K15TW3E KC2015 11 10.13210 01 25 46.93 +03 20 24.9          20.6 Ro~1cKv291
     K15TW3E KC2015 11 12.16148 01 23 15.65 +02 58 00.6          20.2 Ro~1cKv291
     K15TW3E KC2015 11 12.16582 01 23 15.30 +02 57 57.6          19.9 Ro~1cKv291
     K15TW3E KC2015 11 12.17016 01 23 15.00 +02 57 54.6          20.1 Ro~1cKv291
     K15TW3E KC2015 11 13.15668 01 22 03.32 +02 47 17.6                o~1cKv291
     K15TW3E KC2015 11 13.16034 01 22 03.08 +02 47 15.3          21.0 Ro~1cKv291
     K15TW3E KC2015 11 13.16397 01 22 02.78 +02 47 12.5          21.6 Ro~1cKv291
     K15TW3E KC2015 11 14.16577 01 20 51.37 +02 36 36.9          20.5 Ro~1cKv291
     K15TW3E KC2015 11 14.16891 01 20 51.15 +02 36 34.6          20.4 Ro~1cKv291
     K15TW3E KC2015 11 14.17205 01 20 50.90 +02 36 33.2          21.2 Ro~1cKv291
     K15TW3E |C2015 11 18.14798 01 16 22.19 +01 56 45.1          21.0 Vu~1dgA807
     K15TW3E |C2015 11 18.15039 01 16 22.02 +01 56 44.0          21.2 Vu~1dgA807
     K15TW3E |C2015 11 18.15291 01 16 21.88 +01 56 42.6          21.2 Vu~1dgA807
     K15TW3E |C2015 11 18.15518 01 16 21.73 +01 56 41.5          21.2 Vu~1dgA807
     K15TW3E |C2015 11 18.15770 01 16 21.57 +01 56 40.5          21.1 Vu~1dgA807
     K15TW3E KC2015 11 20.34412 01 14 05.18 +01 36 11.9                o~1dgA291
     K15TW3E KC2015 11 20.34824 01 14 04.91 +01 36 09.4                o~1dgA291
     K15TW3E KC2015 11 20.35235 01 14 04.66 +01 36 07.1                o~1dgA291
     K15TW3E ^C2015 11 30.08048 01 05 54.01 +00 21 17.0                o~1eP2695
     K15TW3E ^C2015 11 30.08329 01 05 53.89 +00 21 16.1                o~1eP2695
     K15TW3E  C2015 12 01.19400 01 05 10.49 +00 14 27.1                o~1eP2691
     K15TW3E  C2015 12 01.19998 01 05 10.23 +00 14 24.8                o~1eP2691
     K15TW3E  C2015 12 01.20572 01 05 10.00 +00 14 22.7                o~1eP2691
     K15TW3E  C2015 12 01.29424 01 05 06.822+00 13 52.53         20.9 wL~1eP2F51
     K15TW3E  C2015 12 01.30619 01 05 06.335+00 13 48.19         21.1 wL~1eP2F51
     K15TW3E  C2015 12 01.31814 01 05 05.859+00 13 44.10         21.0 wL~1eP2F51
     K15TW3E  C2015 12 01.33009 01 05 05.391+00 13 39.78         21.0 wL~1eP2F51
     K15TW3E KC2015 12 03.11427 01 04 02.81 +00 03 33.2          20.4 Ro~1eP2291
     K15TW3E KC2015 12 03.13183 01 04 02.21 +00 03 27.4          20.1 Ro~1eP2291
     K15TW3E KC2015 12 03.14928 01 04 01.53 +00 03 21.2          19.7 Ro~1eP2291
     K15TW3E  C2015 12 04.11377 01 03 30.83 -00 01 41.0          21.3 Vo~1eP2691
     K15TW3E  C2015 12 04.12108 01 03 30.56 -00 01 43.4          21.3 Vo~1eP2691
     K15TW3E  C2015 12 04.12838 01 03 30.31 -00 01 45.7          21.2 Vo~1eP2691
     K15TW3E HC2015 12 06.07477 01 02 34.99 -00 11 04.7          22.0 Vo~1fNz691
     K15TW3E HC2015 12 06.08241 01 02 34.72 -00 11 07.0          21.8 Vo~1fNz691
     K15TW3E HC2015 12 06.09005 01 02 34.49 -00 11 09.5          21.4 Vo~1fNz691
     K15TW3E KC2015 12 28.12824 01 02 30.94 -00 39 54.8          21.4 Ro~1h63291
     K15TW3E KC2015 12 28.15347 01 02 31.54 -00 39 51.7          21.8 Ro~1h63291
     K15TW3E KC2015 12 29.15388 01 02 57.66 -00 38 04.7          22.0 Ro~1h63291
     K15TW3E KC2015 12 29.16971 01 02 58.05 -00 38 02.7          22.1 Ro~1h63291
     K15TW3E  C2016 01 03.22053 01 05 42.354-00 25 25.52         21.4 wL~1hWcF51
     K15TW3E  C2016 01 03.23098 01 05 42.728-00 25 23.37         21.4 wL~1hWcF51
     K15TW3E  C2016 01 03.24138 01 05 43.090-00 25 21.66         21.4 wL~1hWcF51
     K15TW3E  C2016 01 03.25179 01 05 43.481-00 25 19.50         21.3 wL~1hWcF51
     K15TW3E HC2016 01 14.10170 01 14 31.67 +00 20 33.8                o~1iHl691
     K15TW3E HC2016 01 14.10650 01 14 31.97 +00 20 34.9                o~1iHl691
     K15TW3E HC2016 01 14.11130 01 14 32.23 +00 20 37.2                o~1iHl691
     K15TW3E KC2016 01 14.12619 01 14 33.05 +00 20 42.7          21.6 Ro~1iHl291
     K15TW3E KC2016 01 14.13142 01 14 33.39 +00 20 44.2          21.4 Ro~1iHl291
     K15TW3E KC2016 01 14.13664 01 14 33.68 +00 20 45.8          21.4 Ro~1iHl291
     K15TW3E KC2016 01 15.10779 01 15 32.20 +00 26 01.4                o~1iHl291
     K15TW3E KC2016 01 15.11212 01 15 32.46 +00 26 02.6                o~1iHl291
     K15TW3E KC2016 01 15.11645 01 15 32.69 +00 26 03.7                o~1iHl291
     K15TW3E KC2016 01 28.17176 01 31 22.56 +01 52 24.8                o~1jmK291
     K15TW3E KC2016 01 28.17485 01 31 22.78 +01 52 26.5                o~1jmK291
     K15TW3E KC2016 01 28.17793 01 31 23.06 +01 52 27.6                o~1jmK291
     K15TW3E KC2016 02 10.14376 01 51 54.91 +03 43 01.9                o~1l4q291
     K15TW3E KC2016 02 10.14629 01 51 55.12 +03 43 03.2                o~1l4q291
     K15TW3E KC2016 02 10.14883 01 51 55.36 +03 43 04.6                o~1l4q291
     K15TW3E KC2016 02 17.09590 02 04 50.75 +04 50 37.4          21.6 Ro~1lxC291
     K15TW3E KC2016 02 17.10282 02 04 51.58 +04 50 41.9          21.1 Ro~1lxC291
     K15TW3E KC2016 02 17.10975 02 04 52.38 +04 50 46.2                o~1lxC291
     K15TW3E KC2016 02 18.13273 02 06 53.32 +05 01 07.6                o~1lxC291
     K15TW3E KC2016 02 18.13962 02 06 54.10 +05 01 11.6          21.0 Ro~1lxC291
     K15TW3E KC2016 02 18.14641 02 06 54.94 +05 01 16.1          20.9 Ro~1lxC291
     K15TW3E  C2016 03 05.23648 02 42 31.976+07 55 40.14         21.6 wL~1nwLF51
     K15TW3E  C2016 03 05.24058 02 42 32.573+07 55 43.00         21.6 wL~1nwLF51
     K15TW3E  C2016 03 05.24878 02 42 33.758+07 55 48.50         21.2 wL~1nwLF51
