     K15VA5O KC2015 01 24.45707609 34 26.595-10 32 08.44         21.9 Rt~1ePNF51
     K15VA5O KC2015 01 24.47968109 34 22.802-10 32 16.82         21.7 Rt~1ePNF51
     K15VA5O  C2015 01 26.41793709 29 24.761-10 42 01.51         21.8 Rt~1ePNF51
     K15VA5O  C2015 01 26.44089809 29 20.777-10 42 07.32         21.9 Rt~1ePNF51
     K15VA5O* C2015 11 12.06270 22 28 50.56 +17 46 04.7          19.8 rR~1cNbG45
     K15VA5O  C2015 11 12.06789 22 28 54.98 +17 45 50.4          19.2 rR~1cNbG45
     K15VA5O  C2015 11 12.07338 22 28 59.66 +17 45 34.8          20.1 rR~1cNbG45
     K15VA5O  C2015 11 12.07789 22 29 03.53 +17 45 23.1          19.4 rR~1cNbG45
     K15VA5O  C2015 11 12.10124 22 29 23.46 +17 44 18.0          19.1 rR~1cNbG45
     K15VA5O KC2015 11 13.12752 22 44 47.13 +16 55 35.0          19.3 Ro~1cNb291
     K15VA5O KC2015 11 13.12911 22 44 48.45 +16 55 30.3          19.3 Ro~1cNb291
     K15VA5O KC2015 11 13.13072 22 44 49.74 +16 55 25.6          19.2 Ro~1cNb291
     K15VA5O  C2015 11 13.19340 22 45 40.71 +16 52 19.1          19.2 Ro~1cNb926
     K15VA5O  C2015 11 13.19550 22 45 42.45 +16 52 12.5          19.0 Ro~1cNb926
     K15VA5O  C2015 11 13.19760 22 45 44.17 +16 52 06.2          19.2 Ro~1cNb926
     K15VA5O KC2015 11 13.86521 22 55 21.84 +16 18 47.3          19.6 Vq~1cNbC77
     K15VA5O KC2015 11 13.87138 22 55 26.79 +16 18 27.7          19.7 Vq~1cNbC77
     K15VA5O KC2015 11 13.87764 22 55 31.79 +16 18 09.6          20.1 Vq~1cNbC77
     K15VA5O  C2015 11 14.09872 22 58 44.33 +16 07 56.0          19.6 Ru~1cNb926
     K15VA5O  C2015 11 14.10233 22 58 47.09 +16 07 45.6          19.6 Ru~1cNb926
     K15VA5O  C2015 11 14.10595 22 58 49.91 +16 07 34.9          19.6 Ru~1cNb926
     K15VA5O  C2015 11 14.10597722 58 49.27 +16 07 27.4          19.4 Vt~1cNbH01
     K15VA5O  C2015 11 14.11321722 58 54.87 +16 07 05.8          19.4 Vt~1cNbH01
     K15VA5O  C2015 11 14.13577622 59 12.35 +16 05 58.3          19.4 Vt~1cNbH01
     K15VA5O KC2015 11 14.14431 22 59 19.66 +16 05 39.6          19.4 Ro~1cNb291
     K15VA5O KC2015 11 14.14479 22 59 20.03 +16 05 38.1          19.5 Ro~1cNb291
     K15VA5O  C2015 11 14.14512522 59 19.59 +16 05 30.0          19.4 Vt~1cNbH01
     K15VA5O KC2015 11 14.14527 22 59 20.40 +16 05 36.6          19.2 Ro~1cNb291
     K15VA5O KC2015 11 15.02431523 11 22.84 +15 21 33.8          19.8 Vu~1dhVH21
     K15VA5O KC2015 11 15.02735323 11 25.07 +15 21 24.8          19.7 Vu~1dhVH21
     K15VA5O KC2015 11 15.03035523 11 27.32 +15 21 15.9          19.7 Vu~1dhVH21
     K15VA5O KC2015 11 15.03335723 11 29.55 +15 21 07.3          19.9 Vu~1dhVH21
     K15VA5O KC2015 11 15.03626123 11 31.68 +15 20 58.5          19.6 Vu~1dhVH21
     K15VA5O KC2015 11 15.03916423 11 33.82 +15 20 50.4          19.6 Vu~1dhVH21
     K15VA5O KC2015 11 15.04177723 11 35.78 +15 20 42.2          19.5 Vu~1dhVH21
     K15VA5O KC2015 11 15.04439123 11 37.69 +15 20 34.8          19.9 Vu~1dhVH21
     K15VA5O KC2015 11 15.08973623 12 11.19 +15 18 19.5          19.1 Vu~1ePNH21
     K15VA5O KC2015 11 15.09188823 12 12.78 +15 18 13.1          19.3 Vu~1ePNH21
     K15VA5O KC2015 11 15.09404023 12 14.37 +15 18 06.6          19.0 Vu~1ePNH21
     K15VA5O KC2015 11 15.09619123 12 15.95 +15 17 59.8          19.2 Vu~1ePNH21
     K15VA5O  C2015 11 15.09655 23 12 19.28 +15 18 15.3          19.2 rR~1dhVG45
     K15VA5O KC2015 11 15.09834123 12 17.55 +15 17 53.5          19.3 Vu~1g2aH21
     K15VA5O KC2015 11 15.10049223 12 19.13 +15 17 47.0          19.0 Vu~1g2aH21
     K15VA5O  C2015 11 15.10164 23 12 22.98 +15 18 00.6          19.4 rR~1dhVG45
     K15VA5O KC2015 11 15.10264523 12 20.74 +15 17 40.5          18.9 Vu~1g2aH21
     K15VA5O KC2015 11 15.10502523 12 22.49 +15 17 33.3          18.8 Vu~1g2aH21
     K15VA5O  C2015 11 15.10807 23 12 27.67 +15 17 40.7          19.6 rR~1dhVG45
     K15VA5O  C2015 11 15.11892 23 12 35.61 +15 17 08.8          19.7 rR~1dhVG45
     K15VA5O KC2015 11 16.05683823 24 41.47 +14 30 26.8          19.7 Vu~1dhVH21
     K15VA5O KC2015 11 16.05945223 24 43.29 +14 30 19.2          19.5 Vu~1dhVH21
     K15VA5O KC2015 11 16.06187323 24 44.98 +14 30 11.8          19.8 Vu~1dhVH21
     K15VA5O KC2015 11 16.06458523 24 46.89 +14 30 03.7          19.6 Vu~1dhVH21
     K15VA5O KC2015 11 16.07508723 24 54.19 +14 29 33.1          19.4 Vu~1ePNH21
     K15VA5O KC2015 11 16.07709623 24 55.57 +14 29 27.1          19.7 Vu~1ePNH21
     K15VA5O KC2015 11 16.07924723 24 57.06 +14 29 20.8          19.6 Vu~1ePNH21
     K15VA5O KC2015 11 16.08139923 24 58.58 +14 29 14.3          18.1 Vu~1ePNH21
     K15VA5O KC2015 11 16.08570523 25 01.57 +14 29 01.7          18.2 Vu~1ePNH21
     K15VA5O KC2015 11 16.08786123 25 03.05 +14 28 55.1          19.6 Vu~1ePNH21
     K15VA5O KC2015 11 16.08958723 25 04.27 +14 28 50.1          19.4 Vu~1ePNH21
     K15VA5O KC2015 11 16.88041 23 34 41.19 +13 49 56.5          19.1 Rq~1dhV587
     K15VA5O KC2015 11 16.88407 23 34 43.67 +13 49 44.9          19.2 Rq~1dhV587
     K15VA5O KC2015 11 16.88775 23 34 46.16 +13 49 33.8          19.0 Rq~1dhW587
     K15VA5O  C2015 11 17.08225 23 37 11.64 +13 40 50.4          19.7 Ru~1dhW926
     K15VA5O  C2015 11 17.08632 23 37 14.26 +13 40 39.0          19.6 Ru~1dhW926
     K15VA5O  C2015 11 17.09039 23 37 16.91 +13 40 27.7          19.7 Ru~1dhW926
     K15VA5O  C2015 11 17.09477 23 37 19.72 +13 40 15.4          19.6 Ru~1dhW926
     K15VA5O  C2015 11 17.09883 23 37 22.40 +13 40 03.4          19.5 Ru~1dhW926
     K15VA5O  C2015 11 17.10291 23 37 25.03 +13 39 52.1          19.6 Ru~1dhW926
     K15VA5O 2C2015 11 17.23158323 38 55.363+13 34 14.08         19.3 Rt~1dhW568
     K15VA5O 2C2015 11 17.23227823 38 55.804+13 34 12.10         19.3 Rt~1dhW568
     K15VA5O KC2015 11 18.11737 23 48 57.81 +12 51 53.3          19.1 Ro~1dhW291
     K15VA5O KC2015 11 18.11797 23 48 58.06 +12 51 52.1          19.1 Ro~1dhW291
     K15VA5O KC2015 11 18.11857 23 48 58.47 +12 51 50.3          19.7 Ro~1dhW291
     K15VA5O  C2015 11 18.12000 23 48 59.23 +12 51 47.2          19.7 Ru~1dhW926
     K15VA5O  C2015 11 18.12453 23 49 01.95 +12 51 34.9          19.5 Ru~1dhW926
     K15VA5O  C2015 11 18.12906 23 49 04.78 +12 51 22.2          19.2 Ru~1dhW926
     K15VA5O KC2015 11 19.04551123 58 54.16 +12 09 17.1          19.8 Vu~1dhWH21
     K15VA5O KC2015 11 19.04755123 58 55.34 +12 09 11.7          19.8 Vu~1dhWH21
     K15VA5O KC2015 11 19.04959223 58 56.50 +12 09 06.5          19.8 Vu~1dhWH21
     K15VA5O KC2015 11 19.05163323 58 57.68 +12 09 01.3          19.7 Vu~1dhWH21
     K15VA5O KC2015 11 19.05367623 58 58.86 +12 08 56.0          19.9 Vu~1dhWH21
     K15VA5O KC2015 11 19.05571723 59 00.02 +12 08 50.6          20.0 Vu~1dhWH21
     K15VA5O KC2015 11 19.05775823 59 01.20 +12 08 45.2          20.0 Vu~1dhWH21
     K15VA5O KC2015 11 19.05979823 59 02.37 +12 08 39.8          19.9 Vu~1dhWH21
     K15VA5O  C2015 11 19.06044123 59 05.55 +12 08 48.2          20.5 Vt~1dhWH01
     K15VA5O KC2015 11 19.06122423 59 03.18 +12 08 36.0          19.8 Vu~1dhWH21
     K15VA5O  C2015 11 19.06886123 59 10.40 +12 08 26.1          20.2 Vt~1dhWH01
     K15VA5O  C2015 11 19.08298923 59 18.48 +12 07 49.4          20.0 Vt~1dhWH01
     K15VA5O  C2015 11 19.08784023 59 21.27 +12 07 37.0          20.6 Vt~1dhWH01
     K15VA5O  C2015 11 19.20815 00 00 29.23 +12 02 15.0          20.2 rR~1dhWG45
     K15VA5O  C2015 11 19.21310 00 00 32.11 +12 02 01.8          20.3 rR~1dhWG45
     K15VA5O  C2015 11 19.21804 00 00 34.89 +12 01 47.8          19.3 rR~1dhWG45
     K15VA5O  C2015 11 19.22822 00 00 40.71 +12 01 20.8          19.8 rR~1dhWG45
     K15VA5O  C2015 11 19.22833 00 00 40.77 +12 01 20.2          20.5 rR~1dhWG45
     K15VA5O KC2015 11 20.04695900 08 58.30 +11 25 38.6          20.1 Vu~1dhWH21
     K15VA5O KC2015 11 20.04863200 08 59.22 +11 25 34.2          20.6 Vu~1dhWH21
     K15VA5O KC2015 11 20.05072200 09 00.33 +11 25 28.9          20.3 Vu~1dhWH21
     K15VA5O KC2015 11 20.05281000 09 01.44 +11 25 23.6          20.1 Vu~1dhWH21
     K15VA5O KC2015 11 20.05489900 09 02.56 +11 25 18.3          20.2 Vu~1ePNH21
     K15VA5O KC2015 11 20.05561 00 09 06.29 +11 25 31.0          19.0 Ro~1dhW291
     K15VA5O KC2015 11 20.05698900 09 03.68 +11 25 13.2          20.0 Vu~1ePNH21
     K15VA5O KC2015 11 20.05702 00 09 07.07 +11 25 27.2          18.9 Ro~1dhW291
     K15VA5O KC2015 11 20.05840 00 09 07.82 +11 25 23.7          19.0 Ro~1dhW291
     K15VA5O KC2015 11 20.05907900 09 04.81 +11 25 07.7          19.5 Vu~1ePNH21
     K15VA5O KC2015 11 20.06116800 09 05.93 +11 25 02.8          19.7 Vu~1ePNH21
     K15VA5O KC2015 11 20.06305000 09 06.94 +11 24 58.0          19.5 Vu~1ePNH21
     K15VA5O |C2015 11 27.11186 01 04 04.82 +07 25 46.3          19.9 Vu~1ePN807
     K15VA5O |C2015 11 27.11433 01 04 05.65 +07 25 42.3          20.0 Vu~1ePN807
     K15VA5O |C2015 11 27.11658 01 04 06.38 +07 25 38.4          19.8 Vu~1ePN807
     K15VA5O |C2015 11 27.11908 01 04 07.20 +07 25 34.5          19.8 Vu~1ePN807
     K15VA5O |C2015 11 28.09299 01 10 01.13 +07 00 53.5          20.1 Vu~1ePN807
     K15VA5O |C2015 11 28.09536 01 10 01.90 +07 00 50.3          20.5 Vu~1ePN807
     K15VA5O |C2015 11 28.10261 01 10 04.12 +07 00 39.1          20.4 Vu~1ePN807
     K15VA5O ^C2015 11 28.20711 01 10 41.18 +06 56 15.7          20.4 Ro~1ePN695
     K15VA5O ^C2015 11 28.21443 01 10 43.45 +06 56 05.5          20.7 Ro~1ePN695
     K15VA5O ^C2015 11 28.22175 01 10 45.74 +06 55 54.7          19.1 Ro~1ePN695
     K15VA5O  C2015 11 28.31215801 11 18.498+06 54 04.87         20.5 Rt~1ePNF51
     K15VA5O  C2015 11 28.32375401 11 22.014+06 53 47.95         20.5 Rt~1ePNF51
     K15VA5O  C2015 11 28.33524001 11 25.524+06 53 31.52         19.8 Rt~1ePNF51
     K15VA5O KC2015 11 28.77315 01 13 59.37 +06 42 34.0                q~1hWi204
     K15VA5O KC2015 11 28.78734 01 14 03.77 +06 42 14.8                q~1hWi204
     K15VA5O KC2015 11 28.80150 01 14 08.15 +06 41 55.6          20.5 Rq~1hWi204
     K15VA5O ^C2015 11 29.15416 01 16 05.76 +06 34 19.7          20.7 Ro~1ePN695
     K15VA5O ^C2015 11 29.15787 01 16 06.84 +06 34 14.9          19.4 Ro~1ePN695
     K15VA5O ^C2015 11 29.16156 01 16 07.93 +06 34 09.9          19.3 Ro~1ePN695
     K15VA5O KC2015 11 30.27818 01 22 02.93 +06 10 26.1          20.8 Ro~1ePN291
     K15VA5O KC2015 11 30.27932 01 22 03.19 +06 10 25.0          20.3 Ro~1ePN291
     K15VA5O KC2015 11 30.28049 01 22 03.54 +06 10 23.5          19.7 Ro~1ePN291
     K15VA5O  C2015 12 01.15418 01 26 34.15 +05 53 25.5                o~1ePN691
     K15VA5O  C2015 12 01.15620 01 26 34.67 +05 53 23.9                o~1ePN691
     K15VA5O  C2015 12 01.15822 01 26 35.15 +05 53 21.7                o~1ePN691
     K15VA5O KC2015 12 01.21312 01 26 49.58 +05 52 20.1          20.0 Ro~1ePN291
     K15VA5O KC2015 12 01.21429 01 26 49.88 +05 52 18.7          19.8 Ro~1ePN291
     K15VA5O KC2015 12 01.21547 01 26 50.21 +05 52 17.3          19.7 Ro~1ePN291
     K15VA5O KC2015 12 02.12560001 31 15.19 +05 35 51.9          20.2 Vu~1g2aH21
     K15VA5O KC2015 12 02.12937801 31 16.14 +05 35 48.4          20.4 Vu~1g2aH21
     K15VA5O KC2015 12 02.13315601 31 17.08 +05 35 44.4          20.6 Vu~1g2aH21
     K15VA5O KC2015 12 02.13693501 31 18.05 +05 35 40.4          20.7 Vu~1g2aH21
     K15VA5O KC2015 12 03.14351901 35 56.16 +05 19 16.8          20.6 Vu~1g2aH21
     K15VA5O KC2015 12 03.14789601 35 57.22 +05 19 12.8          20.2 Vu~1g2aH21
     K15VA5O KC2015 12 03.15191001 35 58.18 +05 19 08.7          20.9 Vu~1g2aH21
     K15VA5O HC2015 12 03.34732 01 36 47.20 +05 16 15.3                o~1ePN691
     K15VA5O HC2015 12 03.34958 01 36 47.78 +05 16 13.2                o~1ePN691
     K15VA5O HC2015 12 03.35183 01 36 48.43 +05 16 10.8                o~1ePN691
     K15VA5O  C2015 12 07.26248 01 52 53.095+04 27 36.91         21.0 wL~1fOGF51
     K15VA5O  C2015 12 07.27442 01 52 55.396+04 27 29.85         21.0 wL~1fOGF51
     K15VA5O  C2015 12 07.29827 01 53 00.008+04 27 15.76         20.9 wL~1fOGF51
     K15VA5O 2C2016 01 06.34714003 13 28.710+04 52 25.42         22.7 Rt~1hWi568
     K15VA5O 2C2016 01 06.35306803 13 29.417+04 52 27.78         22.9 Rt~1hWi568
     K15VA5O 2C2016 01 07.28476703 15 34.373+04 59 04.05         22.9 Rt~1iHq568
     K15VA5O 2C2016 01 07.29056703 15 35.049+04 59 06.60         23.2 Rt~1iHq568
     K15VA5O 2C2016 01 12.33709103 26 42.758+05 37 38.99         23.8 Rt~1jmY568
     K15VA5O 2C2016 01 12.34803903 26 44.066+05 37 44.14         23.4 Rt~1jmY568
