     K15H10M*5C2015 04 19.07351 12 50 15.41 -11 26 33.0          23.3 VL~1QgjW84
     K15H10M 5C2015 04 19.07666 12 50 15.13 -11 26 32.1                L~1QgjW84
     K15H10M 5C2015 04 19.07982 12 50 14.84 -11 26 31.2                L~1QgjW84
     K15H10M 5C2015 04 19.08299 12 50 14.54 -11 26 30.3                L~1QgjW84
     K15H10M 5C2015 04 21.07206 12 47 26.63 -11 16 09.9          23.4 VL~1QgjW84
     K15H10M 5C2015 04 21.07523 12 47 26.35 -11 16 08.7                L~1QgjW84
     K15H10M 5C2015 04 21.07841 12 47 26.06 -11 16 07.7                L~1QgjW84
     K15H10M 5C2015 04 21.08157 12 47 25.75 -11 16 06.8                L~1QgjW84
     K15H10M 5C2015 04 22.07489 12 46 00.23 -11 10 39.3          23.4 VL~1QgjW84
     K15H10M 5C2015 04 22.07805 12 45 59.92 -11 10 38.4                L~1QgjW84
     K15H10M 5C2015 04 22.08124 12 45 59.64 -11 10 37.2                L~1QgjW84
     K15H10M 5C2015 04 22.08439 12 45 59.34 -11 10 36.1                L~1QgjW84
     K15H10M 2C2015 04 23.45185912 43 58.683-11 03 08.83         22.8 Rt~1Qgj568
     K15H10M 2C2015 04 23.46070012 43 57.825-11 03 05.55         22.7 Rt~1Qgj568
     K15H10M 2C2015 04 28.35311712 36 42.496-10 32 46.83         22.7 Rt~1g1r568
     K15H10M 2C2015 04 28.35701612 36 42.103-10 32 45.31         22.4 Rt~1g1r568
     K15H10M 2C2015 04 28.36093912 36 41.706-10 32 43.83         22.8 Rt~1g1r568
     K15H10M 2C2015 04 28.36487312 36 41.307-10 32 42.08         22.6 Rt~1g1r568
     K15H10M KC2015 05 11.15380 12 18 06.60 -09 03 55.6          21.9 Ro~1S7g291
     K15H10M KC2015 05 11.18271 12 18 03.87 -09 03 43.4                o~1S7g291
     K15H10M KC2015 05 11.21169 12 18 01.17 -09 03 31.3          22.6 Ro~1S7g291
     K15H10M "C2015 05 11.27912612 17 54.77 -09 03 02.2          22.3 Rt~1Wks705
     K15H10M "C2015 05 11.28042012 17 54.65 -09 03 01.7          22.0 Rt~1Wks705
     K15H10M "C2015 05 11.28171912 17 54.54 -09 03 01.1          22.1 Rt~1Wks705
     K15H10M  C2015 05 18.32315 12 09 07.691-08 15 13.25         22.0 wL~1SMiF51
     K15H10M  C2015 05 18.34932 12 09 05.537-08 15 02.55         22.0 wL~1SMiF51
     K15H10M  C2015 05 18.36240 12 09 04.468-08 14 57.48         21.9 wL~1SMiF51
     K15H10M 2C2015 06 12.26655111 52 01.868-06 22 39.08         21.2 Rt~1U9k568
     K15H10M 2C2015 06 12.26759411 52 01.823-06 22 38.90         21.5 Rt~1U9k568
     K15H10M  C2015 06 15.16091 11 51 06.05 -06 13 44.8          21.5 Ro~1TSs926
     K15H10M  C2015 06 15.17212 11 51 05.56 -06 13 42.3          21.0 Ro~1TSs926
     K15H10M  C2015 06 15.18822 11 51 04.87 -06 13 38.7          20.9 Ro~1TSs926
     K15H10M KC2015 06 20.16015 11 49 34.09 -05 55 54.3                o~1Tl0291
     K15H10M KC2015 06 20.17873 11 49 33.37 -05 55 46.5          21.7 Ro~1Tl0291
     K15H10M KC2015 06 20.20584 11 49 32.14 -05 55 38.8          21.2 Ro~1Tl0291
     K15H10M  C2015 06 21.15670 11 49 13.83 -05 51 30.4          20.6 Ro~1Tl0926
     K15H10M  C2015 06 21.17034 11 49 13.14 -05 51 25.9          20.5 Ro~1Tl0926
     K15H10M  C2015 06 21.18399 11 49 12.44 -05 51 21.5          21.0 Ro~1Tl0926
     K15H10M KC2015 06 22.17123 11 48 50.78 -05 46 35.6          20.2 Ro~1Tl0291
     K15H10M KC2015 06 22.17522 11 48 50.55 -05 46 34.4          20.9 Ro~1Tl0291
     K15H10M KC2015 06 22.17922 11 48 50.33 -05 46 33.0          20.2 Ro~1Tl0291
     K15H10M  C2015 06 26.95952311 46 14.34 -05 08 47.2          19.3 Rt~1U9kW87
     K15H10M  C2015 06 26.96147311 46 14.13 -05 08 45.6          19.8 Rt~1U9kW87
     K15H10M  C2015 06 26.96158611 46 14.12 -05 08 45.3          19.9 Rt~1U9kW86
     K15H10M  C2015 06 26.96341711 46 13.91 -05 08 44.3          20.5 Rt~1U9kW87
     K15H10M  C2015 06 26.96535611 46 13.69 -05 08 43.1          19.5 Rt~1U9kW87
     K15H10M  C2015 06 26.96546811 46 13.69 -05 08 42.7          19.7 Rt~1U9kW86
     K15H10M  C2015 06 26.96729911 46 13.49 -05 08 41.6          19.2 Rt~1U9kW87
     K15H10M  C2015 06 26.96741211 46 13.48 -05 08 41.5          19.1 Rt~1U9kW86
     K15H10M  C2015 06 26.96923711 46 13.28 -05 08 40.5          19.6 Rt~1U9kW87
     K15H10M  C2015 06 26.96934911 46 13.27 -05 08 40.1          19.6 Rt~1U9kW86
     K15H10M  C2015 06 26.97118311 46 13.06 -05 08 39.0          19.7 Rt~1U9kW87
     K15H10M  C2015 06 26.97128811 46 13.06 -05 08 38.7          19.6 Rt~1U9kW86
     K15H10M  C2015 06 26.97322211 46 12.85 -05 08 37.5          19.3 Rt~1U9kW86
     K15H10M  C2015 06 28.96664811 44 09.82 -04 41 45.7          19.3 Rt~1U9kW86
     K15H10M  C2015 06 28.97125711 44 09.14 -04 41 40.8          19.1 Rt~1U9kW86
     K15H10M  C2015 06 28.97278911 44 08.90 -04 41 39.2          19.2 Rt~1U9kW86
     K15H10M  C2015 06 28.97432311 44 08.68 -04 41 37.7          19.2 Rt~1U9kW86
     K15H10M  C2015 06 28.97585311 44 08.45 -04 41 36.0          18.9 Rt~1U9kW86
     K15H10M  C2015 06 28.97738211 44 08.23 -04 41 34.8          19.5 Rt~1U9kW86
     K15H10M  C2015 06 28.97891411 44 08.00 -04 41 33.1          18.9 Rt~1U9kW86
     K15H10M  C2015 06 28.98044711 44 07.78 -04 41 31.4          18.9 Rt~1U9kW86
     K15H10M  C2015 06 30.77755611 41 05.44 -04 03 15.9          20.3 Rq~1UFyK93
     K15H10M  C2015 06 30.77847211 41 05.29 -04 03 14.6          19.8 Rq~1UFyK93
     K15H10M  C2015 06 30.77941411 41 05.08 -04 03 12.6          20.2 Rq~1UFyK93
     K15H10M  C2015 06 30.78024511 41 04.94 -04 03 11.4          19.6 Rq~1UFyK93
     K15H10M  C2015 06 30.78120611 41 04.74 -04 03 09.8          18.9 Rq~1UFyK93
     K15H10M  C2015 06 30.78205611 41 04.54 -04 03 08.0          19.0 Rq~1UFyK93
     K15H10M  C2015 06 30.78301911 41 04.39 -04 03 06.2          19.0 Rq~1UFyK93
     K15H10M  C2015 06 30.78381511 41 04.24 -04 03 05.3          19.4 Rq~1UFyK93
     K15H10M  C2015 06 30.78476611 41 04.04 -04 03 03.6          19.8 Rq~1UFyK93
     K15H10M  C2015 06 30.78819411 41 03.40 -04 02 58.0          20.1 Rq~1UFyK93
     K15H10M  C2015 06 30.78911611 41 03.22 -04 02 56.5          19.2 Rq~1UFyK93
     K15H10M  C2015 06 30.78991311 41 03.06 -04 02 55.0          19.1 Rq~1UFyK93
     K15H10M  C2015 06 30.96149211 40 46.93 -03 58 24.4          18.7 Rt~1UFyW86
     K15H10M  C2015 06 30.96262411 40 46.65 -03 58 22.5          18.6 Rt~1UFyW86
     K15H10M  C2015 06 30.96376611 40 46.40 -03 58 20.5          18.6 Rt~1UFyW86
     K15H10M  C2015 06 30.96489611 40 46.16 -03 58 18.6          18.6 Rt~1UFyW86
     K15H10M  C2015 06 30.96602611 40 45.92 -03 58 16.4          19.7 Rt~1UFyW86
     K15H10M  C2015 06 30.96715411 40 45.66 -03 58 14.2          19.2 Rt~1UFyW86
     K15H10M  C2015 06 30.96829611 40 45.39 -03 58 12.6          18.9 Rt~1UFyW86
     K15H10M  C2015 06 30.96942811 40 45.13 -03 58 10.6          18.4 Rt~1UFyW86
     K15H10M KC2015 07 03.70869911 30 21.46 -01 47 00.0          18.8 Rq~1UFyK91
     K15H10M KC2015 07 03.71070911 30 20.40 -01 46 50.3          18.4 Rq~1UFyK91
     K15H10M KC2015 07 03.71267311 30 19.38 -01 46 40.7          18.4 Rq~1UFyK91
     K15H10M KC2015 07 03.71471911 30 18.30 -01 46 30.9          19.8 Rq~1UFyK91
     K15H10M KC2015 07 03.71679611 30 17.21 -01 46 20.7          19.4 Rq~1UFyK91
     K15H10M KC2015 07 03.71872911 30 16.20 -01 46 11.4          18.4 Rq~1UFyK91
     K15H10M KC2015 07 03.72026811 30 15.39 -01 46 03.8          18.2 Rq~1UFyK91
     K15H10M |C2015 07 03.95552 11 28 41.74 -01 26 13.8          18.6 Vu~1UFy807
     K15H10M |C2015 07 03.95864 11 28 39.89 -01 25 56.8          18.9 Vu~1UFy807
     K15H10M |C2015 07 03.96184 11 28 37.98 -01 25 39.4          18.8 Vu~1UFy807
     K15H10M |C2015 07 03.96495 11 28 36.14 -01 25 22.5          18.9 Vu~1UFy807
     K15H10M |C2015 07 03.96782 11 28 34.50 -01 25 06.3          19.5 Vu~1UFy807
     K15H10M  C2015 07 08.46169 02 22 25.09 +30 07 16.5          15.4 Ro~1UFy926
     K15H10M  C2015 07 08.46269 02 22 14.19 +30 06 14.0          15.6 Ro~1UFy926
     K15H10M  C2015 07 08.46368 02 22 03.18 +30 05 10.2          16.8 Ro~1UFy926
     K15H10M  C2015 07 08.46558 02 21 42.52 +30 03 10.7          16.4 Ro~1UFy926
     K15H10M  C2015 07 08.46652 02 21 32.22 +30 02 10.9          15.5 Ro~1UFy926
     K15H10M  C2015 07 08.46752 02 21 21.18 +30 01 07.0          15.2 Ro~1UFy926
     K15H10M  C2015 07 08.46853 02 21 10.17 +30 00 02.8          15.3 Ro~1UFy926
     K15H10M  C2015 07 08.46948 02 20 59.87 +29 59 02.9          15.9 Ro~1UFy926
     K15H10M KC2015 07 09.11993 01 15 12.15 +21 11 38.7          17.2 Vq~1UFyZ81
     K15H10M KC2015 07 09.13455 01 14 17.47 +21 04 13.0          16.8 Vq~1UFyZ81
     K15H10M KC2015 07 09.14931 01 13 22.90 +20 56 46.1          17.1 Vq~1UFyZ81
     K15H10M KC2015 07 09.16355 01 12 30.75 +20 49 40.7          17.1 Vq~1UFyZ81
     K15H10M  C2015 07 09.46378 00 58 48.97 +18 37 52.7          16.2 Ro~1UFy926
     K15H10M  C2015 07 09.46454 00 58 47.01 +18 37 36.3          16.3 Ro~1UFy926
     K15H10M  C2015 07 09.46529 00 58 45.05 +18 37 19.7          16.0 Ro~1UFy926
     K15H10M  C2015 07 09.46611 00 58 42.93 +18 37 01.6          16.3 Ro~1UFy926
     K15H10M  C2015 07 09.46693 00 58 40.73 +18 36 43.5          17.0 Ro~1UFy926
     K15H10M  C2015 07 09.46775 00 58 38.59 +18 36 25.3          17.6 Ro~1UFy926
     K15H10M  C2015 07 09.46853 00 58 36.62 +18 36 08.8          16.9 Ro~1UFy926
     K15H10M  C2015 07 09.46927 00 58 34.71 +18 35 52.5          16.2 Ro~1UFy926
     K15H10M  C2015 07 09.47002 00 58 32.74 +18 35 36.0          15.9 Ro~1UFy926
     K15H10M KC2015 07 11.03760 00 27 24.57 +13 01 02.0          17.0 Rq~1UOz160
     K15H10M KC2015 07 11.03958 00 27 23.12 +13 00 48.8          17.3 Rq~1UOz160
     K15H10M KC2015 07 11.04156 00 27 21.70 +13 00 36.1          18.4 Rq~1UOz160
     K15H10M KC2015 07 11.06907 00 27 01.28 +12 57 19.3          16.8 Rt~1V2y204
     K15H10M KC2015 07 11.07068 00 27 00.10 +12 57 08.8                t~1V2y204
     K15H10M KC2015 07 11.07222 00 26 58.95 +12 56 58.8                t~1V2y204
     K15H10M KC2015 07 11.07375 00 26 57.82 +12 56 49.2                t~1V2y204
     K15H10M KC2015 07 11.07528 00 26 56.69 +12 56 39.2          18.1 Rt~1V2y204
     K15H10M KC2015 07 11.11236 00 26 36.47 +12 53 40.4          18.0 Vq~1UOzZ81
     K15H10M KC2015 07 11.12650 00 26 25.91 +12 52 11.5          18.0 Vq~1UOzZ81
     K15H10M KC2015 07 11.14201 00 26 14.26 +12 50 33.6          18.3 Vq~1UOzZ81
     K15H10M KC2015 07 11.16048 00 26 00.36 +12 48 37.1          17.9 Vq~1UOzZ81
     K15H10M KC2015 07 12.02310 00 19 21.08 +11 31 10.4          18.2 Vq~1UOzC47
     K15H10M KC2015 07 12.02447 00 19 20.47 +11 31 05.3          17.4 Vq~1UOzC47
     K15H10M KC2015 07 12.02585 00 19 19.83 +11 30 59.7          17.6 Vq~1UOzC47
     K15H10M KC2015 07 12.02729 00 19 19.19 +11 30 54.1          18.1 Vq~1UOzC47
     K15H10M KC2015 07 12.03390 00 19 18.56 +11 30 52.5          18.3 Rq~1UOz160
     K15H10M KC2015 07 12.03585 00 19 17.70 +11 30 45.1          18.3 Rq~1UOz160
     K15H10M KC2015 07 12.03782 00 19 16.89 +11 30 37.2          18.5 Rq~1UOz160
     K15H10M KC2015 07 13.03515 00 14 12.17 +10 33 24.6          18.9 Rq~1UOz160
     K15H10M KC2015 07 13.03710 00 14 11.57 +10 33 19.2          18.4 Rq~1UOz160
     K15H10M KC2015 07 13.03907 00 14 10.93 +10 33 14.0          18.3 Rq~1UOz160
     K15H10M  C2015 07 17.34473400 03 54.12 +08 42 06.9          18.9 Rt~1UdTW87
     K15H10M  C2015 07 17.34626500 03 53.90 +08 42 05.4          18.6 Rt~1UdTW87
     K15H10M  C2015 07 17.34779500 03 53.67 +08 42 04.0          19.1 Rt~1UdTW87
     K15H10M  C2015 07 17.34932800 03 53.43 +08 42 02.8          19.8 Rt~1UdTW87
     K15H10M  C2015 07 17.35086000 03 53.18 +08 42 01.1          18.8 Rt~1UdTW87
     K15H10M  C2015 07 17.35239500 03 52.94 +08 41 59.7          18.2 Rt~1UdTW87
     K15H10M  C2015 07 17.35393200 03 52.71 +08 41 58.3          18.5 Rt~1UdTW87
     K15H10M  C2015 07 17.35546900 03 52.47 +08 41 57.1          19.4 Rt~1UdTW87
     K15H10M  C2015 07 17.35700200 03 52.24 +08 41 55.5          19.9 Rt~1UdTW87
     K15H10M  C2015 07 17.35854000 03 52.00 +08 41 54.0          19.6 Rt~1UdTW87
     K15H10M  C2015 07 17.36007400 03 51.78 +08 41 52.7          19.0 Rt~1UdTW87
     K15H10M  C2015 07 17.36160900 03 51.54 +08 41 51.2          18.7 Rt~1UdTW87
     K15H10M  C2015 07 17.36316200 03 51.30 +08 41 49.8          19.0 Rt~1UdTW87
     K15H10M  C2015 07 17.36470900 03 51.06 +08 41 48.2          20.0 Rt~1UdTW87
     K15H10M  C2015 07 18.31005400 02 40.04 +08 27 45.8          18.8 Rt~1UdTW87
     K15H10M  C2015 07 18.31502400 02 39.40 +08 27 42.2          19.5 Rt~1UdTW87
     K15H10M  C2015 07 18.31996700 02 38.72 +08 27 38.3          19.8 Rt~1UdTW87
     K15H10M  C2015 07 18.32492100 02 38.07 +08 27 34.6          18.5 Rt~1UdTW87
     K15H10M  C2015 07 18.33152300 02 37.19 +08 27 29.4          19.1 Rt~1UdTW87
     K15H10M IC2015 07 18.33812500 02 36.31 +08 27 24.3          18.4 Rt~1UdTW87
     K15H10M  C2015 07 18.34308400 02 35.63 +08 27 20.3          19.9 Rt~1UdTW87
     K15H10M IC2015 07 18.34805000 02 34.97 +08 27 16.4                t~1UdTW87
     K15H10M  C2015 07 18.35310000 02 34.27 +08 27 12.3          19.2 Rt~1UdTW87
     K15H10M %C2015 07 18.55697400 02 21.88 +08 22 06.1          18.7 Rt~1UdTF65
     K15H10M %C2015 07 18.56164700 02 21.25 +08 22 02.7          19.1 Rt~1UdTF65
     K15H10M %C2015 07 18.56631900 02 20.62 +08 21 59.3          19.0 Rt~1UdTF65
     K15H10M %C2015 07 18.57099500 02 20.00 +08 21 56.0          19.6 Rt~1UdTF65
     K15H10M %C2015 07 18.57566900 02 19.36 +08 21 52.3          18.1 Rt~1UdTF65
     K15H10M %C2015 07 18.58034100 02 18.71 +08 21 48.9          19.4 Rt~1UdTF65
     K15H10M %C2015 07 18.58501600 02 18.07 +08 21 45.2          18.6 Rt~1UdTF65
     K15H10M %C2015 07 18.58969100 02 17.44 +08 21 41.8          18.2 Rt~1UdTF65
     K15H10M %C2015 07 18.59436300 02 16.80 +08 21 38.3          20.0 Rt~1UdTF65
     K15H10M %C2015 07 18.59904300 02 16.15 +08 21 34.7          18.5 Rt~1UdTF65
     K15H10M KC2015 08 20.32621823 34 00.96 +03 57 45.8          22.6 Vu~1WksH21
     K15H10M KC2015 08 20.34158823 33 59.86 +03 57 37.1          22.0 Vu~1WksH21
     K15H10M KC2015 08 20.35809423 33 58.68 +03 57 28.0          22.1 Vu~1WksH21
     K15H10M KC2015 08 20.42898 23 33 54.32 +03 56 53.4                o~1Vya291
     K15H10M KC2015 08 20.43500 23 33 53.88 +03 56 50.1                o~1Vya291
     K15H10M KC2015 08 20.44104 23 33 53.43 +03 56 47.3          22.0 Ro~1Vya291
     K15H10M KC2015 08 26.29549923 28 13.50 +03 02 52.8          22.1 Vu~1WWAH21
     K15H10M KC2015 08 26.31156323 28 12.38 +03 02 43.7          22.5 Vu~1WWAH21
     K15H10M KC2015 08 26.32559723 28 11.41 +03 02 36.7          22.2 Vu~1WWAH21
     K15H10M KC2015 09 06.26321723 18 42.67 +01 24 59.9          22.8 Vu~1g1rH21
     K15H10M KC2015 09 06.29535723 18 40.90 +01 24 43.4          23.1 Vu~1g1rH21
