     K15C01A  C2015 02 08.86599 11 48 11.19 +29 57 06.0          19.7 Rq~1Iy0D29
     K15C01A  C2015 02 08.87965 11 48 13.20 +29 56 44.2          19.3 Rq~1Iy0D29
     K15C01A  C2015 02 08.89331 11 48 15.14 +29 56 23.1          19.8 Rq~1Iy0D29
     K15C01A* C2015 02 09.35675 11 49 29.76 +29 44 25.0          19.0 Vq~1Iy0703
     K15C01A  C2015 02 09.36078 11 49 30.32 +29 44 18.6          19.2 Vq~1Iy0703
     K15C01A  C2015 02 09.36481 11 49 30.95 +29 44 13.2          19.3 Vq~1Iy0703
     K15C01A  C2015 02 09.36884 11 49 31.52 +29 44 06.2          19.2 Vq~1Iy0703
     K15C01A KC2015 02 09.46853 11 49 45.92 +29 41 28.1          19.2 Ro~1Iy0291
     K15C01A KC2015 02 09.47079 11 49 46.24 +29 41 24.6          19.2 Ro~1Iy0291
     K15C01A KC2015 02 09.47306 11 49 46.57 +29 41 20.8          19.3 Ro~1Iy0291
     K15C01A KC2015 02 09.90653 11 50 56.98 +29 29 27.1          19.7 Vt~1Iy0595
     K15C01A KC2015 02 09.91267 11 50 58.31 +29 29 15.7          19.4 Vq~1Iy0958
     K15C01A KC2015 02 09.91897 11 50 58.87 +29 29 07.9          19.9 Vt~1Iy0595
     K15C01A KC2015 02 09.92067 11 50 59.54 +29 29 02.9          19.3 Vq~1Iy0958
     K15C01A KC2015 02 09.92878 11 51 00.76 +29 28 50.3          19.3 Vq~1Iy0958
     K15C01A KC2015 02 10.01851 11 51 14.20 +29 26 27.2          19.3 Vq~1Iy0I93
     K15C01A KC2015 02 10.02766 11 51 15.58 +29 26 12.6          19.4 Vq~1Iy0I93
     K15C01A KC2015 02 10.03452 11 51 16.61 +29 26 01.2          19.4 Vq~1Iy0I93
     K15C01A KC2015 02 10.16875 11 51 36.17 +29 22 16.6          18.8 Rt~1Iy0204
     K15C01A KC2015 02 10.18290 11 51 38.28 +29 21 52.4                t~1Iy0204
     K15C01A KC2015 02 10.19693 11 51 40.39 +29 21 28.2                t~1Iy0204
     K15C01A KC2015 02 10.25269 11 51 51.71 +29 19 58.1          19.1 Rq~1Iy0H36
     K15C01A KC2015 02 10.26164 11 51 53.09 +29 19 43.4          18.8 Rq~1Iy0H36
     K15C01A KC2015 02 10.27060 11 51 54.38 +29 19 29.1          19.0 Rq~1Iy0H36
     K15C01A KC2015 02 10.27878 11 51 55.54 +29 19 14.8          18.8 Rq~1Iy0H36
     K15C01A KC2015 02 10.48297 11 52 26.13 +29 13 34.1          18.9 Ro~1Iy0291
     K15C01A KC2015 02 10.48447 11 52 26.35 +29 13 31.5          18.9 Ro~1Iy0291
     K15C01A KC2015 02 10.48597 11 52 26.57 +29 13 28.8          18.8 Ro~1Iy0291
     K15C01A KC2015 02 11.05507 11 53 58.70 +28 56 50.5          19.2 Rq~1Iy0203
     K15C01A KC2015 02 11.07047 11 54 00.99 +28 56 23.2          19.2 Rq~1Iy0203
     K15C01A KC2015 02 11.49289911 55 07.70 +28 43 46.2          19.1 Rq~1Iy0448
     K15C01A KC2015 02 11.50885211 55 10.09 +28 43 16.3          19.1 Rq~1Iy0448
     K15C01A KC2015 02 11.52188 11 55 12.19 +28 42 52.5          19.1 Ro~1Iy0291
     K15C01A KC2015 02 11.52338 11 55 12.41 +28 42 49.8          19.2 Ro~1Iy0291
     K15C01A KC2015 02 11.52487 11 55 12.64 +28 42 46.9          19.1 Ro~1Iy0291
     K15C01A KC2015 02 11.52586811 55 12.70 +28 42 43.8          19.2 Rq~1Iy0448
     K15C01A IC2015 02 13.43995 12 00 26.12 +27 40 09.8                q~1LORH21
     K15C01A KC2015 02 13.44717 12 00 27.26 +27 39 54.3          19.4 Vq~1LORH21
     K15C01A KC2015 02 13.45437 12 00 28.37 +27 39 38.9          19.1 Vq~1LORH21
     K15C01A  C2015 02 13.95968 12 01 54.80 +27 21 38.3          19.3 Rq~1LOR246
     K15C01A  C2015 02 13.96032 12 01 54.91 +27 21 37.0                q~1LOR246
     K15C01A  C2015 02 13.96073 12 01 54.97 +27 21 36.2                q~1LOR246
     K15C01A  C2015 02 13.96150 12 01 55.10 +27 21 34.9                q~1LOR246
     K15C01A  C2015 02 13.96192 12 01 55.16 +27 21 34.1                q~1LOR246
     K15C01A  C2015 02 13.96251 12 01 55.25 +27 21 32.6                q~1LOR246
     K15C01A  C2015 02 13.96289 12 01 55.31 +27 21 31.7                q~1LOR246
     K15C01A  C2015 02 13.96325 12 01 55.37 +27 21 31.2                q~1LOR246
     K15C01A KC2015 02 14.21540 12 02 38.71 +27 12 23.8          18.5 Ro~1LOR291
     K15C01A KC2015 02 14.21767 12 02 39.09 +27 12 18.9                o~1LOR291
     K15C01A KC2015 02 14.21993 12 02 39.47 +27 12 13.9          18.3 Ro~1LOR291
     K15C01A KC2015 02 14.25705 12 02 44.14 +27 10 54.5                q~1LORI15
     K15C01A KC2015 02 14.26163 12 02 44.82 +27 10 43.9                q~1LORI15
     K15C01A KC2015 02 14.26713 12 02 45.67 +27 10 32.0                q~1LORI15
     K15C01A KC2015 02 14.89895 12 04 33.10 +26 46 39.4          19.0 Vt~1LORL04
     K15C01A KC2015 02 14.90524 12 04 34.15 +26 46 25.4          19.1 Vt~1LORL04
     K15C01A KC2015 02 14.91081 12 04 35.02 +26 46 13.1          19.1 Vt~1LORL04
     K15C01A  C2015 02 15.97229 12 07 35.79 +26 03 56.2                q~1LOR246
     K15C01A  C2015 02 15.97291 12 07 35.93 +26 03 54.7                q~1LOR246
     K15C01A  C2015 02 15.97376 12 07 36.09 +26 03 52.4                q~1LOR246
     K15C01A  C2015 02 15.97419 12 07 36.15 +26 03 51.9                q~1LOR246
     K15C01A  C2015 02 15.97461 12 07 36.17 +26 03 50.1                q~1LOR246
     K15C01A  C2015 02 15.97534 12 07 36.32 +26 03 48.2                q~1LOR246
     K15C01A  C2015 02 15.97600 12 07 36.36 +26 03 47.2                q~1LOR246
     K15C01A  C2015 02 16.91994 12 10 20.48 +25 23 32.3                q~1LOR246
     K15C01A  C2015 02 16.92021 12 10 20.53 +25 23 31.6                q~1LOR246
     K15C01A  C2015 02 16.92056 12 10 20.58 +25 23 30.8                q~1LOR246
     K15C01A  C2015 02 16.92103 12 10 20.66 +25 23 29.5                q~1LOR246
     K15C01A  C2015 02 16.92152 12 10 20.75 +25 23 28.2                q~1LOR246
     K15C01A  C2015 02 16.92177 12 10 20.80 +25 23 27.6                q~1LOR246
     K15C01A  C2015 02 16.92282 12 10 20.96 +25 23 25.0                q~1LOR246
     K15C01A KC2015 02 17.38189 12 11 39.40 +25 03 05.6          19.0 Vq~1LORH21
     K15C01A KC2015 02 17.38497 12 11 39.90 +25 02 57.2          19.0 Vq~1LORH21
     K15C01A KC2015 02 17.38793 12 11 40.38 +25 02 49.1          19.0 Vq~1LORH21
     K15C01A KC2015 02 17.39088 12 11 40.85 +25 02 41.1          18.9 Vq~1LORH21
     K15C01A KC2015 02 17.39395 12 11 41.35 +25 02 32.6          18.9 Vq~1LORH21
     K15C01A KC2015 02 17.51402 12 12 01.67 +24 57 07.5          18.4 Ro~1LOR291
     K15C01A KC2015 02 17.51529 12 12 01.83 +24 57 04.6          18.4 Ro~1LOR291
     K15C01A KC2015 02 17.51659 12 12 02.10 +24 57 00.6          18.7 Ro~1LOR291
     K15C01A 2C2015 02 17.53397212 12 06.639+24 56 24.06         18.0 Rt~1LOR568
     K15C01A 2C2015 02 17.53445912 12 06.717+24 56 22.72         18.1 Rt~1LOR568
     K15C01A KC2015 02 20.41690 12 20 45.51 +22 31 07.3          18.8 Vq~1LORH21
     K15C01A KC2015 02 20.42069 12 20 46.15 +22 30 54.5          18.9 Vq~1LORH21
     K15C01A KC2015 02 20.42424 12 20 46.77 +22 30 42.6          19.0 Vq~1LORH21
     K15C01A KC2015 02 20.42767 12 20 47.35 +22 30 31.3          19.0 Vq~1LORH21
     K15C01A KC2015 02 20.43143 12 20 48.00 +22 30 18.3          18.8 Vq~1LORH21
     K15C01A KC2015 02 25.36065012 36 40.01 +17 11 47.4          18.1 Vu~1M8iH21
     K15C01A KC2015 02 25.36302212 36 40.45 +17 11 36.9          18.4 Vu~1M8iH21
     K15C01A KC2015 02 25.36546412 36 40.91 +17 11 25.9          18.5 Vu~1M8iH21
     K15C01A KC2015 02 25.36787112 36 41.36 +17 11 14.9          18.5 Vu~1M8iH21
     K15C01A KC2015 02 25.37008312 36 41.76 +17 11 04.9          18.6 Vu~1M8iH21
     K15C01A  C2015 02 26.93712 12 42 04.67 +15 08 05.1                q~1M8i246
     K15C01A  C2015 02 26.93738 12 42 04.73 +15 08 03.5                q~1M8i246
     K15C01A  C2015 02 26.93757 12 42 04.76 +15 08 02.7                q~1M8i246
     K15C01A  C2015 02 26.93797 12 42 04.85 +15 08 00.8                q~1M8i246
     K15C01A  C2015 02 26.93836 12 42 04.91 +15 07 59.2                q~1M8i246
     K15C01A  C2015 02 26.93865 12 42 04.96 +15 07 57.5                q~1M8i246
     K15C01A  C2015 02 26.93888 12 42 05.02 +15 07 56.8                q~1M8i246
     K15C01A KC2015 02 26.96063 12 42 09.52 +15 06 10.7          17.6 Ro~1M8iB67
     K15C01A KC2015 02 26.96575 12 42 10.52 +15 05 45.6          17.6 Ro~1M8iB67
     K15C01A KC2015 02 26.97088 12 42 11.51 +15 05 21.7          17.6 Ro~1M8iB67
     K15C01A  C2015 02 27.38060 12 43 35.14 +14 31 27.2          18.2 Rq~1M8iH45
     K15C01A  C2015 02 27.38215 12 43 35.38 +14 31 20.6          18.0 Rq~1M8iH45
     K15C01A  C2015 02 27.38289 12 43 35.57 +14 31 16.8          18.1 Rq~1M8iH45
     K15C01A  C2015 02 27.38366 12 43 35.67 +14 31 13.3          18.1 Rq~1M8iH45
     K15C01A  C2015 02 27.38474 12 43 35.91 +14 31 07.4          18.0 Rq~1M8iH45
     K15C01A  C2015 02 27.38738 12 43 36.42 +14 30 54.4          18.2 Rq~1M8iH45
     K15C01A  C2015 02 27.38814 12 43 36.49 +14 30 50.5          18.5 Rq~1M8iH45
     K15C01A  C2015 02 27.38901 12 43 36.73 +14 30 45.8          18.3 Rq~1M8iH45
     K15C01A  C2015 02 27.42893 12 43 45.17 +14 27 27.3          17.8 Vq~1M8i703
     K15C01A  C2015 02 27.43294 12 43 46.01 +14 27 06.8          18.0 Vq~1M8j703
     K15C01A  C2015 02 27.43694 12 43 46.76 +14 26 46.4          18.1 Vq~1M8j703
     K15C01A  C2015 02 27.44095 12 43 47.54 +14 26 26.0          18.3 Vq~1M8j703
     K15C01A KC2015 02 28.97458 12 49 15.96 +12 11 13.8          18.1 Vu~1M8jA48
     K15C01A KC2015 02 28.97890 12 49 16.84 +12 10 50.4          18.1 Vu~1M8jA48
     K15C01A KC2015 02 28.98321 12 49 17.72 +12 10 26.2          18.1 Vu~1M8jA48
     K15C01A KC2015 02 28.98753 12 49 18.57 +12 10 02.3          18.1 Vu~1M8jA48
     K15C01A KC2015 03 11.04810 13 29 02.23 -07 12 03.0          17.4 Rq~1N9f160
     K15C01A KC2015 03 11.04983 13 29 02.64 -07 12 17.2          17.4 Rq~1N9f160
     K15C01A KC2015 03 11.05154 13 29 03.08 -07 12 31.3          17.8 Rq~1N9f160
     K15C01A |C2015 03 11.32901 13 30 13.61 -07 48 55.7          17.5 Vu~1Mk2807
     K15C01A |C2015 03 11.33104 13 30 14.08 -07 49 12.4          17.5 Vu~1Mk2807
     K15C01A |C2015 03 11.33322 13 30 14.60 -07 49 30.2          17.6 Vu~1Mk2807
     K15C01A |C2015 03 11.33518 13 30 15.07 -07 49 46.1          17.7 Vu~1Mk2807
     K15C01A |C2015 03 11.33731 13 30 15.57 -07 50 03.5          17.7 Vu~1Mk2807
     K15C01A  C2015 03 11.42864 13 30 39.73 -08 03 37.8          17.8 Vq~1Mk2G96
     K15C01A  C2015 03 11.43261 13 30 40.66 -08 04 10.2          17.7 Vq~1Mk2G96
     K15C01A  C2015 03 11.43658 13 30 41.60 -08 04 42.6          17.6 Vq~1Mk2G96
     K15C01A  C2015 03 11.44055 13 30 42.54 -08 05 15.1          17.6 Vq~1Mk2G96
     K15C01A KC2015 03 11.45023413 30 44.58 -08 06 33.8          17.1 Rq~1Mk2448
     K15C01A KC2015 03 11.45619213 30 45.98 -08 07 22.9          17.5 Rq~1Mk2448
     K15C01A KC2015 03 11.46115913 30 47.16 -08 08 03.3          17.2 Rq~1Mk2448
     K15C01A KC2015 03 11.46662513 30 48.46 -08 08 48.0          17.6 Rq~1Mk2448
     K15C01A KC2015 03 11.47304113 30 49.99 -08 09 40.5          17.6 Rq~1Mk2448
     K15C01A  C2015 03 11.47392 13 30 50.49 -08 09 47.2          18.3 Vo~1Mk2691
     K15C01A  C2015 03 11.49369 13 30 55.21 -08 12 28.8          18.3 Vo~1Mk2691
     K15C01A  C2015 03 11.51255 13 30 59.74 -08 15 02.9          18.5 Vo~1Mk2691
     K15C01A  C2015 03 12.20538 13 34 01.34 -09 50 10.3          17.6 Rt~1N9fJ04
     K15C01A  C2015 03 12.20645 13 34 01.59 -09 50 19.5          17.6 Rt~1N9fJ04
     K15C01A  C2015 03 12.20844 13 34 02.06 -09 50 35.7          17.7 Rt~1N9fJ04
     K15C01A  C2015 03 12.21044 13 34 02.58 -09 50 52.0          17.6 Rt~1N9fJ04
     K15C01A  C2015 03 12.21243 13 34 03.02 -09 51 08.4          17.7 Rt~1N9fJ04
     K15C01A KC2015 03 12.34831 13 34 40.24 -10 10 05.5          18.1 Vq~1Mk2H21
     K15C01A KC2015 03 12.35104 13 34 40.92 -10 10 28.4          18.5 Vq~1Mk2H21
     K15C01A KC2015 03 12.35377 13 34 41.60 -10 10 49.5          17.7 Vq~1Mk2H21
     K15C01A KC2015 03 12.35649 13 34 42.20 -10 11 14.2          18.8 Vq~1Mk2H21
     K15C01A KC2015 03 12.35920 13 34 42.86 -10 11 36.0          17.8 Vq~1Mk2H21
     K15C01A "C2015 03 13.30035113 38 54.35 -12 22 19.5          16.1 Rt~1k4N705
     K15C01A "C2015 03 13.30164413 38 54.64 -12 22 29.1          16.4 Rt~1k4N705
     K15C01A "C2015 03 13.30294013 38 55.04 -12 22 42.3          15.9 Rt~1k4N705
     K15C01A  C2015 03 13.39756 13 39 18.37 -12 35 56.5          17.4 Vq~1Mk2703
     K15C01A  C2015 03 13.40206 13 39 19.49 -12 36 32.9          17.5 Vq~1Mk2703
     K15C01A  C2015 03 13.40656 13 39 20.54 -12 37 11.5          17.5 Vq~1Mk2703
     K15C01A  C2015 03 16.36062 13 52 42.96 -19 31 18.1          17.6 Rq~1N9fH45
     K15C01A  C2015 03 16.36138 13 52 43.16 -19 31 24.7          17.6 Rq~1N9fH45
     K15C01A  C2015 03 16.36220 13 52 43.29 -19 31 31.3          18.0 Rq~1N9fH45
     K15C01A  C2015 03 16.36311 13 52 43.54 -19 31 38.7          17.9 Rq~1N9fH45
     K15C01A  C2015 03 16.36392 13 52 43.76 -19 31 46.3          17.9 Rq~1N9fH45
     K15C01A  C2015 03 16.36546 13 52 44.16 -19 31 58.6          17.9 Rq~1N9fH45
     K15C01A  C2015 03 16.36612 13 52 44.35 -19 32 04.2          17.9 Rq~1N9fH45
     K15C01A  C2015 03 16.36677 13 52 44.49 -19 32 09.2          17.8 Rq~1N9fH45
     K15C01A  C2015 03 17.35010 13 57 19.25 -21 48 36.7          17.6 Vq~1N9f703
     K15C01A  C2015 03 17.35569 13 57 20.65 -21 49 23.2          17.6 Vq~1N9f703
     K15C01A  C2015 03 17.36128 13 57 22.07 -21 50 09.5          17.6 Vq~1N9f703
     K15C01A |C2015 04 12.36813 15 53 53.87 -58 13 02.2          19.2 Vu~1Q4q807
     K15C01A |C2015 04 12.37302 15 53 54.75 -58 13 12.1          19.1 Vu~1Q4q807
     K15C01A |C2015 04 12.37708 15 53 55.40 -58 13 20.3          19.2 Vu~1Q4q807
     K15C01A |C2015 04 28.35420 16 29 25.32 -63 07 06.8          19.8 Vu~1RIu807
     K15C01A |C2015 04 28.35932 16 29 25.49 -63 07 08.1          19.7 Vu~1RIu807
     K15C01A |C2015 04 28.36446 16 29 25.71 -63 07 10.0          19.5 Vu~1RIu807
     K15C01A |C2015 04 29.35505 16 30 23.80 -63 13 08.9          19.9 Vu~1RIu807
     K15C01A |C2015 04 29.35989 16 30 23.92 -63 13 10.0          19.9 Vu~1RIu807
     K15C01A |C2015 04 29.36464 16 30 24.08 -63 13 11.0          20.1 Vu~1RIu807
