     K15T00E* C2015 10 02.26332 01 02 56.34 +18 01 38.0          19.7 rR~1XwkG45
     K15T00E  C2015 10 02.26868 01 02 55.96 +18 02 01.8          19.6 rR~1XwkG45
     K15T00E  C2015 10 02.27814 01 02 55.32 +18 02 44.4          19.7 rR~1XwkG45
     K15T00E  C2015 10 02.28313 01 02 54.96 +18 03 06.5          19.5 rR~1XwkG45
     K15T00E  C2015 10 02.28832 01 02 54.58 +18 03 29.7          19.5 rR~1XwkG45
     K15T00E KC2015 10 03.06096 01 02 08.45 +19 03 36.4                q~1XwkJ95
     K15T00E KC2015 10 03.06428 01 02 08.21 +19 03 52.7                q~1XwkJ95
     K15T00E KC2015 10 03.07515 01 02 07.47 +19 04 45.9          19.0 Rq~1XwkJ95
     K15T00E  C2015 10 03.17289 01 02 04.57 +19 13 01.0          19.9 Ru~1Xwk926
     K15T00E  C2015 10 03.17862 01 02 04.12 +19 13 30.7          20.2 Ru~1Xwk926
     K15T00E  C2015 10 03.18435 01 02 03.62 +19 13 59.6          20.0 Ru~1Xwk926
     K15T00E  C2015 10 03.88527 01 01 15.19 +20 14 52.1                q~1Xwk246
     K15T00E  C2015 10 03.88622 01 01 15.12 +20 14 57.6                q~1Xwk246
     K15T00E  C2015 10 03.88658 01 01 15.14 +20 14 58.9                q~1Xwk246
     K15T00E  C2015 10 03.88766 01 01 15.06 +20 15 04.4                q~1Xwk246
     K15T00E  C2015 10 03.88802 01 01 15.05 +20 15 05.9                q~1Xwl246
     K15T00E  C2015 10 03.88881 01 01 14.95 +20 15 11.7                q~1Xwl246
     K15T00E KC2015 10 04.22899 01 00 49.44 +20 47 05.4          18.9 Rq~1XwlH36
     K15T00E KC2015 10 04.23728 01 00 48.68 +20 47 52.7          19.0 Rq~1XwlH36
     K15T00E KC2015 10 04.24143 01 00 48.30 +20 48 16.5          18.8 Rq~1XwlH36
     K15T00E  C2015 10 04.47524 01 00 26.58 +21 11 00.1          19.7 Ru~1Xwl926
     K15T00E  C2015 10 04.47971 01 00 26.20 +21 11 25.2          19.5 Ru~1Xwl926
     K15T00E  C2015 10 04.48418 01 00 25.70 +21 11 50.4          19.4 Ru~1Xwl926
     K15T00E KC2015 10 04.58541 01 00 22.46 +21 21 45.6          19.1 Rq~1XwlO75
     K15T00E KC2015 10 04.58583 01 00 22.43 +21 21 48.4          19.3 Rq~1XwlO75
     K15T00E KC2015 10 04.58625 01 00 22.40 +21 21 51.4          19.9 Rq~1XwlO75
     K15T00E KC2015 10 04.58667 01 00 22.39 +21 21 53.5          20.1 Rq~1XwlO75
     K15T00E KC2015 10 04.58709 01 00 22.30 +21 21 55.9          19.7 Rq~1XwlO75
     K15T00E  C2015 10 04.85353 01 00 00.19 +21 49 09.6          19.4 Vq~1XwlK51
     K15T00E  C2015 10 04.85462 01 00 00.07 +21 49 16.1          19.5 Vq~1XwlK51
     K15T00E  C2015 10 04.86006 00 59 59.56 +21 49 50.6          19.5 Vq~1XwlK51
     K15T00E  C2015 10 04.86113 00 59 59.44 +21 49 56.9          19.6 Vq~1XwlK51
     K15T00E  C2015 10 04.87834 00 59 57.69 +21 51 46.4          19.5 Vq~1XwlK51
     K15T00E  C2015 10 04.87942 00 59 57.60 +21 51 53.4          19.4 Vq~1XwlK51
     K15T00E KC2015 10 05.27905 00 59 19.84 +22 34 57.3          19.5 Vq~1XwlH21
     K15T00E KC2015 10 05.28286 00 59 19.41 +22 35 22.6          19.4 Vq~1XwlH21
     K15T00E KC2015 10 05.28667 00 59 18.99 +22 35 47.5          19.3 Vq~1XwlH21
     K15T00E KC2015 10 07.30016 00 55 30.25 +26 55 53.6          19.3 Vq~1XwlH21
     K15T00E KC2015 10 07.30375 00 55 29.67 +26 56 25.6          19.3 Vq~1XwlH21
     K15T00E KC2015 10 07.30733 00 55 29.10 +26 56 57.9          19.3 Vq~1XwlH21
     K15T00E KC2015 10 07.31088 00 55 28.52 +26 57 29.8          19.3 Vq~1XwlH21
     K15T00E KC2015 10 07.31444 00 55 27.94 +26 58 01.7          19.1 Vq~1XwlH21
     K15T00E KC2015 10 07.31799 00 55 27.38 +26 58 33.7          19.1 Vq~1XwlH21
     K15T00E KC2015 10 07.32155 00 55 26.80 +26 59 05.7          19.0 Vq~1XwlH21
     K15T00E 2C2015 10 07.50118500 55 01.068+27 27 01.74         18.6 Rt~1Xwl568
     K15T00E 2C2015 10 07.50182100 55 00.957+27 27 07.63         18.3 Rt~1Xwl568
     K15T00E 2C2015 10 07.50310800 55 00.735+27 27 19.53         18.5 Rt~1Xwl568
     K15T00E KC2015 10 08.05016 00 53 37.72 +28 55 50.6                q~1XwlJ95
     K15T00E KC2015 10 08.05545 00 53 36.73 +28 56 44.5                q~1XwlJ95
     K15T00E KC2015 10 08.06061 00 53 35.80 +28 57 36.9          18.7 Rq~1XwlJ95
     K15T00E  C2015 10 08.19227 00 53 18.34 +29 20 41.4          19.0 Ru~1Xwl926
     K15T00E  C2015 10 08.19514 00 53 17.77 +29 21 11.7          19.1 Ru~1Xwl926
     K15T00E  C2015 10 08.19799 00 53 17.21 +29 21 42.0          18.8 Ru~1Xwl926
     K15T00E KC2015 10 08.23321100 53 08.37 +29 27 48.8          19.0 Vu~1XwlH21
     K15T00E KC2015 10 08.23627900 53 07.76 +29 28 21.1          19.1 Vu~1XwlH21
     K15T00E KC2015 10 08.23924900 53 07.16 +29 28 52.4          19.1 Vu~1XwlH21
     K15T00E KC2015 10 08.24222100 53 06.58 +29 29 23.9          19.0 Vu~1XwlH21
     K15T00E KC2015 10 08.24519400 53 05.99 +29 29 55.3          19.2 Vu~1XwlH21
     K15T00E KC2015 10 08.24798600 53 05.43 +29 30 24.8          19.2 Vu~1XwlH21
     K15T00E KC2015 10 08.25043800 53 04.93 +29 30 50.7          19.2 Vu~1XwlH21
     K15T00E KC2015 10 08.25248900 53 04.52 +29 31 12.4          19.2 Vu~1XwlH21
     K15T00E KC2015 10 08.25391800 53 04.23 +29 31 27.3          18.8 Vu~1XwlH21
     K15T00E KC2015 10 08.25541600 53 03.92 +29 31 43.3          18.3 Vu~1XwlH21
     K15T00E KC2015 10 08.25677700 53 03.64 +29 31 57.8          18.9 Vu~1XwlH21
     K15T00E KC2015 10 08.25841100 53 03.33 +29 32 14.7          19.2 Vu~1XwlH21
     K15T00E KC2015 10 08.25990800 53 03.05 +29 32 30.7          18.3 Vu~1XwlH21
     K15T00E KC2015 10 08.26140600 53 02.75 +29 32 46.6          18.5 Vu~1XwlH21
     K15T00E KC2015 10 08.97181400 50 52.231+31 46 38.03         18.4 Rq~1XwlJ04
     K15T00E KC2015 10 08.97297800 50 51.962+31 46 52.00         18.4 Rq~1XwlJ04
     K15T00E KC2015 10 08.97481200 50 51.523+31 47 14.26         18.5 Rq~1XwlJ04
     K15T00E KC2015 10 10.24297900 45 38.67 +36 32 31.5          18.5 Vu~1afZH21
     K15T00E KC2015 10 10.24513300 45 37.98 +36 33 04.0          18.6 Vu~1afZH21
     K15T00E KC2015 10 10.24728400 45 37.26 +36 33 36.6          18.5 Vu~1afZH21
     K15T00E KC2015 10 10.24942900 45 36.55 +36 34 09.1          18.5 Vu~1afZH21
     K15T00E KC2015 10 10.25155600 45 35.86 +36 34 41.3          18.5 Vu~1afZH21
     K15T00E KC2015 10 10.25368300 45 35.16 +36 35 13.5          18.6 Vu~1afZH21
     K15T00E KC2015 10 10.25553000 45 34.54 +36 35 41.6          18.6 Vu~1afZH21
     K15T00E KC2015 10 10.25737600 45 33.95 +36 36 09.4          18.5 Vu~1afZH21
     K15T00E KC2015 10 11.29822500 39 30.17 +41 27 27.1          18.9 Vu~1bICH21
     K15T00E KC2015 10 11.30037700 39 29.20 +41 28 06.4          18.7 Vu~1bICH21
     K15T00E KC2015 10 11.30253000 39 28.20 +41 28 46.1          18.7 Vu~1bICH21
     K15T00E KC2015 10 11.30468100 39 27.23 +41 29 25.6          18.5 Vu~1bICH21
     K15T00E KC2015 10 11.30683200 39 26.26 +41 30 05.0          18.8 Vu~1bICH21
     K15T00E KC2015 10 11.30884000 39 25.38 +41 30 42.1          18.9 Vu~1bICH21
     K15T00E  C2015 10 14.26017 23 57 01.00 +61 38 18.4          19.4 Ru~1Yh8926
     K15T00E  C2015 10 14.26170 23 56 58.11 +61 39 04.2          19.0 Ru~1Yh8926
     K15T00E  C2015 10 14.26323 23 56 55.37 +61 39 51.4          18.6 Ru~1Yh8926
     K15T00E  C2015 10 14.45982 23 50 23.45 +63 19 53.4          19.1 Ru~1Yh8926
     K15T00E  C2015 10 14.46134 23 50 20.33 +63 20 39.3          19.0 Ru~1Yh8926
     K15T00E  C2015 10 14.46287 23 50 17.20 +63 21 25.6          18.8 Ru~1Yh8926
