     K15F37F* C2015 03 21.47875 13 35 05.275-01 10 27.69         21.4 wL~1OVxF51
     K15F37F  C2015 03 21.49006 13 35 04.308-01 10 25.47         21.8 wL~1OVxF51
     K15F37F  C2015 03 21.50135 13 35 03.316-01 10 22.76         21.7 wL~1OVxF51
     K15F37F  C2015 03 21.51265 13 35 02.340-01 10 20.28         21.8 wL~1OVxF51
     K15F37F  C2015 03 22.45472 13 33 42.310-01 06 49.64         21.5 wL~1OVxF51
     K15F37F  C2015 03 22.46635 13 33 41.275-01 06 46.99         21.5 wL~1OVxF51
     K15F37F  C2015 03 22.47801 13 33 40.267-01 06 44.39         22.0 wL~1OVxF51
     K15F37F _C2015 03 22.47853713 33 40.181-01 06 44.18         20.5 Rt~1OVx568
     K15F37F _C2015 03 22.47985613 33 40.069-01 06 43.94         20.5 Rt~1OVx568
     K15F37F _C2015 03 22.48115913 33 39.952-01 06 43.64         20.5 Rt~1OVx568
     K15F37F  C2015 03 22.48964 13 33 39.215-01 06 41.72         21.8 wL~1OVxF51
     K15F37F KC2015 03 23.33648013 32 25.52 -01 03 32.4          21.6 Vu~1OVxH21
     K15F37F KC2015 03 23.34888013 32 24.38 -01 03 29.6          21.7 Vu~1OVxH21
     K15F37F KC2015 03 23.36127513 32 23.27 -01 03 26.7          21.6 Vu~1OVxH21
     K15F37F HC2015 03 24.34348 13 30 56.41 -00 59 41.9                o~1OVx291
     K15F37F HC2015 03 24.35293 13 30 55.54 -00 59 40.0                o~1OVx291
     K15F37F HC2015 03 24.36383 13 30 54.51 -00 59 38.1                o~1OVx291
     K15F37F  C2015 03 25.43607 13 29 17.604-00 55 29.85         21.4 wL~1OVxF51
     K15F37F  C2015 03 25.45090 13 29 16.220-00 55 26.38         21.3 wL~1OVxF51
     K15F37F  C2015 03 25.46579 13 29 14.811-00 55 22.89         21.6 wL~1OVxF51
     K15F37F  C2015 03 25.48080 13 29 13.377-00 55 19.22         21.7 wL~1OVxF51
     K15F37F KC2015 03 25.50297 13 29 11.01 -00 55 15.3          21.0 Ro~1OVx291
     K15F37F KC2015 03 25.50627 13 29 10.73 -00 55 14.3          20.7 Ro~1OVx291
     K15F37F KC2015 03 25.50957 13 29 10.41 -00 55 14.4          20.7 Ro~1OVx291
     K15F37F KC2015 03 26.49791 13 27 39.17 -00 51 25.0                o~1OVx291
     K15F37F KC2015 03 26.50080 13 27 38.90 -00 51 24.8          21.6 Ro~1OVx291
     K15F37F KC2015 03 26.50369 13 27 38.60 -00 51 24.1          21.5 Ro~1OVx291
     K15F37F 2C2015 03 26.53935213 27 35.429-00 51 14.70         21.2 Rt~1Qf1568
     K15F37F 2C2015 03 26.54039413 27 35.329-00 51 14.45         21.2 Rt~1Qf1568
     K15F37F KC2015 03 27.30045 13 26 24.35 -00 48 19.4                o~1OVx291
     K15F37F KC2015 03 27.30331 13 26 24.09 -00 48 19.1                o~1OVx291
     K15F37F KC2015 03 27.30618 13 26 23.85 -00 48 18.3                o~1OVx291
     K15F37F  C2015 03 27.46828 13 26 08.389-00 47 39.60         21.4 wL~1PGXF51
     K15F37F  C2015 03 27.50149 13 26 05.146-00 47 31.86         21.5 wL~1PGXF51
     K15F37F  C2015 03 27.51660 13 26 03.678-00 47 28.40         21.3 wL~1PGXF51
     K15F37F  C2015 04 07.30800 13 07 58.96 -00 07 15.9                o~1Pr1711
     K15F37F  C2015 04 07.31143 13 07 58.51 -00 07 15.1                o~1Pr1711
     K15F37F  C2015 04 07.31492 13 07 58.14 -00 07 13.9                o~1Pr1711
     K15F37F  C2015 04 08.32642 13 06 12.71 -00 03 48.3          20.3 Ro~1Pr1926
     K15F37F  C2015 04 08.34323 13 06 10.87 -00 03 45.4          21.0 Ro~1Pr1926
     K15F37F  C2015 04 08.36088 13 06 09.02 -00 03 41.1          20.5 Ro~1Pr1926
     K15F37F KC2015 04 11.26596713 01 05.96 +00 05 35.5          21.4 Vu~1Rf5H21
     K15F37F KC2015 04 11.27647613 01 04.86 +00 05 37.4          21.0 Vu~1Rf5H21
     K15F37F KC2015 04 11.28671713 01 03.75 +00 05 39.1          21.2 Vu~1Rf5H21
     K15F37F KC2015 04 16.39974 12 52 17.25 +00 19 34.1          20.6 Ro~1Q5C291
     K15F37F KC2015 04 16.40274 12 52 16.87 +00 19 34.6                o~1Q5C291
     K15F37F KC2015 04 16.40574 12 52 16.56 +00 19 34.4                o~1Q5C291
     K15F37F KC2015 04 18.40366 12 48 56.30 +00 24 00.5          21.6 Ro~1Qf1291
     K15F37F KC2015 04 18.40639 12 48 56.02 +00 24 00.8          21.5 Ro~1Qf1291
     K15F37F KC2015 04 18.40912 12 48 55.70 +00 24 01.0          21.6 Ro~1Qf1291
     K15F37F  C2015 04 23.19775 12 41 16.05 +00 31 56.2          21.7 Vq~1Qf1G96
     K15F37F  C2015 04 23.20505 12 41 15.35 +00 31 56.6          21.2 Vq~1Qf1G96
     K15F37F  C2015 04 23.21234 12 41 14.64 +00 31 57.1          21.7 Vq~1Qf1G96
     K15F37F  C2015 04 23.21964 12 41 13.97 +00 31 57.5          21.7 Vq~1Qf1G96
     K15F37F KC2015 05 13.24417 12 17 08.28 +00 18 20.2                o~1S7Y291
     K15F37F KC2015 05 13.25284 12 17 07.86 +00 18 18.5                o~1S7Y291
     K15F37F KC2015 05 13.26152 12 17 07.40 +00 18 17.5                o~1S7Y291
