     K15E00Y* C2015 03 11.46107 14 50 24.08 +31 32 53.3          19.6 Vq~1MkUG96
     K15E00Y  C2015 03 11.46736 14 50 18.97 +31 32 08.9          19.4 Vq~1MkUG96
     K15E00Y  C2015 03 11.47364 14 50 13.91 +31 31 24.6          20.0 Vq~1MkUG96
     K15E00Y  C2015 03 11.50514 14 49 48.45 +31 27 40.6          19.6 Vq~1MkUG96
     K15E00Y  C2015 03 11.50546 14 49 48.20 +31 27 37.9          19.7 Vq~1MkUG96
     K15E00Y  C2015 03 11.50579 14 49 47.97 +31 27 35.8          19.5 Vq~1MkUG96
     K15E00Y  C2015 03 11.50611 14 49 47.64 +31 27 33.2          19.7 Vq~1MkUG96
     K15E00Y KC2015 03 11.52700 14 49 30.92 +31 25 04.8          19.7 Ro~1MkU291
     K15E00Y KC2015 03 11.52766 14 49 30.43 +31 25 01.3          19.8 Ro~1MkU291
     K15E00Y KC2015 03 11.52832 14 49 29.90 +31 24 56.1          19.5 Ro~1MkU291
     K15E00Y KC2015 03 12.34979314 39 38.13 +29 50 39.3          20.0 Vu~1MkUH21
     K15E00Y KC2015 03 12.35308214 39 35.77 +29 50 17.5          19.9 Vu~1MkUH21
     K15E00Y KC2015 03 12.35656014 39 33.25 +29 49 54.1          19.8 Vu~1MkUH21
     K15E00Y KC2015 03 12.43176 14 38 40.05 +29 41 33.0          19.6 Rq~1MkUH36
     K15E00Y KC2015 03 12.44645 14 38 29.65 +29 39 54.3          19.3 Rq~1MkUH36
     K15E00Y KC2015 03 12.46122 14 38 19.08 +29 38 14.7          19.7 Rq~1MkUH36
     K15E00Y KC2015 03 12.47592 14 38 08.72 +29 36 36.3          19.9 Rq~1MkUH36
     K15E00Y !C2015 03 13.28246 14 29 38.25 +28 09 31.3                t~1MkU673
     K15E00Y !C2015 03 13.29039 14 29 33.35 +28 08 42.6          19.5 Rt~1MkU673
     K15E00Y KC2015 03 15.36083 14 10 54.63 +24 47 39.1                o~1NAQ291
     K15E00Y KC2015 03 15.36256 14 10 53.76 +24 47 29.9                o~1NAQ291
     K15E00Y KC2015 03 15.36431 14 10 52.87 +24 47 20.7                o~1NAQ291
     K15E00Y KC2015 03 16.48391 14 02 27.81 +23 10 57.3          19.5 Ro~1NAQ291
     K15E00Y KC2015 03 16.48516 14 02 27.27 +23 10 50.8          19.4 Ro~1NAQ291
     K15E00Y KC2015 03 16.48642 14 02 26.67 +23 10 44.2          19.6 Ro~1NAQ291
     K15E00Y KC2015 03 17.24041 13 57 27.15 +22 10 14.4                o~1NAQ291
     K15E00Y KC2015 03 17.24165 13 57 26.65 +22 10 09.0                o~1NAQ291
     K15E00Y KC2015 03 17.24291 13 57 26.13 +22 10 02.6          18.7 Ro~1NAQ291
     K15E00Y KC2015 03 17.33433913 56 47.22 +22 02 59.9          20.2 Vu~1NAQH21
     K15E00Y KC2015 03 17.33993313 56 44.92 +22 02 34.3          20.3 Vu~1NAQH21
     K15E00Y KC2015 03 17.34531613 56 42.72 +22 02 09.3          20.4 Vu~1NAQH21
     K15E00Y KC2015 03 17.35073513 56 40.49 +22 01 44.1          20.2 Vu~1NAQH21
     K15E00Y KC2015 03 17.35600513 56 38.34 +22 01 19.7          20.2 Vu~1NAQH21
     K15E00Y FC2015 03 17.96920 13 52 51.62 +21 14 59.2                q~1NAQ246
     K15E00Y FC2015 03 17.96942 13 52 51.55 +21 14 58.6                q~1NAQ246
     K15E00Y VC2015 03 17.96992 13 52 51.34 +21 14 55.5                q~1NAQ246
     K15E00Y FC2015 03 17.97039 13 52 51.25 +21 14 54.1                q~1NAQ246
     K15E00Y KC2015 03 18.38022113 50 23.36 +20 45 27.0          20.6 Vu~1NAQH21
     K15E00Y KC2015 03 18.38364913 50 22.12 +20 45 11.9          20.2 Vu~1NAQH21
     K15E00Y KC2015 03 18.38719013 50 20.81 +20 44 56.6          20.5 Vu~1NAQH21
     K15E00Y KC2015 03 18.39083313 50 19.48 +20 44 41.1          20.1 Vu~1NAQH21
     K15E00Y  C2015 03 18.92026 13 47 23.91 +20 07 33.2                q~1NAQ246
     K15E00Y  C2015 03 18.92086 13 47 23.60 +20 07 29.9                q~1NAQ246
     K15E00Y  C2015 03 18.92134 13 47 23.49 +20 07 28.6                q~1NAQ246
     K15E00Y  C2015 03 18.92405 13 47 22.53 +20 07 17.3                q~1NAQ246
     K15E00Y 2C2015 03 19.55803413 43 56.491+19 25 34.00         19.8 Rt~1OVg568
     K15E00Y 2C2015 03 19.55850813 43 56.333+19 25 32.15         19.9 Rt~1OVg568
     K15E00Y KC2015 03 23.34840 13 27 15.81 +15 49 31.3          21.0 Vq~1OVgH21
     K15E00Y KC2015 03 23.35605 13 27 13.94 +15 49 08.6          20.6 Vq~1OVhH21
     K15E00Y KC2015 03 23.36369 13 27 12.12 +15 48 45.2          20.8 Vq~1OVhH21
     K15E00Y 2C2015 03 24.49947113 23 09.414+14 54 50.37         20.1 Rt~1PGN568
     K15E00Y 2C2015 03 24.50002913 23 09.289+14 54 48.84         19.9 Rt~1PGN568
     K15E00Y 2C2015 03 25.54259513 19 43.011+14 08 29.42         19.7 Rt~1Pqy568
     K15E00Y 2C2015 03 25.54317113 19 42.889+14 08 27.84         19.7 Rt~1Pqy568
     K15E00Y KC2015 03 26.33168 13 17 19.56 +13 35 17.7          20.7 Ro~1OVh291
     K15E00Y KC2015 03 26.33289 13 17 19.31 +13 35 14.8          20.5 Ro~1OVh291
     K15E00Y KC2015 03 26.33408 13 17 19.09 +13 35 12.0          21.1 Ro~1OVh291
     K15E00Y 2C2015 03 26.57581113 16 34.167+13 25 31.53         20.5 Rt~1Pqy568
     K15E00Y 2C2015 03 26.57656413 16 34.018+13 25 29.64         20.6 Rt~1Pqy568
     K15E00Y KC2015 04 11.24492112 48 34.31 +06 17 40.7          22.2 Vu~1Q54H21
     K15E00Y KC2015 04 11.25510312 48 33.61 +06 17 29.2          22.4 Vu~1Q54H21
     K15E00Y KC2015 04 11.26482312 48 32.95 +06 17 18.2          22.2 Vu~1Q54H21
