     K15V02D tC2015 10 25.50555805 00 12.950-01 35 32.05         18.4 Rt~1dglF51
     K15V02D tC2015 10 25.51942404 59 37.993-01 31 06.70         18.9 Rt~1dglF51
     K15V02D tC2015 10 25.53331804 59 03.113-01 26 42.00         18.7 Rt~1dglF51
     K15V02D tC2015 10 25.54722304 58 28.326-01 22 18.12         18.8 Rt~1dglF51
     K15V02D* C2015 11 03.35651 02 45 58.74 +14 46 32.9          20.5 Vq~1bSvG96
     K15V02D  C2015 11 03.36295 02 45 56.67 +14 46 45.0          21.1 Vq~1bSvG96
     K15V02D  C2015 11 03.36804 02 45 55.04 +14 46 54.0          21.1 Vq~1bSvG96
     K15V02D  C2015 11 03.37311 02 45 53.36 +14 47 03.3          20.5 Vq~1bSvG96
     K15V02D  C2015 11 03.39915 02 45 45.05 +14 47 50.7          20.6 Vq~1bSvG96
     K15V02D  C2015 11 03.40235 02 45 44.02 +14 47 55.8          21.0 Vq~1bSvG96
     K15V02D  C2015 11 03.40554 02 45 43.02 +14 48 02.1          20.4 Vq~1bSvG96
     K15V02D  C2015 11 03.40870 02 45 42.00 +14 48 07.5          21.1 Vq~1bSvG96
     K15V02D KC2015 11 04.25213302 41 48.06 +15 12 08.2          20.7 Vu~1bSvH21
     K15V02D KC2015 11 04.25612802 41 46.94 +15 12 14.9          20.9 Vu~1bSvH21
     K15V02D KC2015 11 04.26023102 41 45.77 +15 12 21.6          20.7 Vu~1bSvH21
     K15V02D KC2015 11 04.28960602 41 37.58 +15 13 06.9          21.7 Vu~1bSvH21
     K15V02D KC2015 11 04.30074902 41 34.50 +15 13 24.3          21.6 Vu~1bSvH21
     K15V02D KC2015 11 04.31189002 41 31.39 +15 13 41.8          21.3 Vu~1bSvH21
     K15V02D KC2015 11 05.82856 02 35 42.30 +15 48 48.0          20.8 Ro~1bSvK51
     K15V02D KC2015 11 05.83225 02 35 41.47 +15 48 52.7          20.9 Ro~1bSvK51
     K15V02D KC2015 11 05.83592 02 35 40.65 +15 48 57.9          21.0 Ro~1bSvK51
     K15V02D KC2015 11 05.96100002 35 14.621+15 51 46.09         20.6 Rq~1bSvJ04
     K15V02D KC2015 11 05.96796302 35 13.064+15 51 54.38         20.5 Rq~1bSvJ04
     K15V02D KC2015 11 05.97492302 35 11.508+15 52 02.84         20.5 Rq~1bSvJ04
     K15V02D 2C2015 11 06.40718302 33 45.149+16 00 34.94         21.5 Rt~1cLh568
     K15V02D 2C2015 11 06.40856102 33 44.855+16 00 36.47         21.3 Rt~1cLh568
     K15V02D 2C2015 11 06.41061202 33 44.421+16 00 38.84         21.6 Rt~1cLh568
     K15V02D KC2015 11 07.00983802 31 54.360+16 11 18.11         20.9 Rq~1cLhJ04
     K15V02D KC2015 11 07.01856002 31 52.656+16 11 27.25         20.9 Rq~1cLhJ04
     K15V02D KC2015 11 07.02730102 31 50.941+16 11 36.01         21.0 Rq~1cLhJ04
     K15V02D KC2015 11 07.21400 02 31 19.71 +16 14 42.5          21.5 Ro~1cLh291
     K15V02D KC2015 11 07.21699 02 31 19.14 +16 14 45.2          21.2 Ro~1cLh291
     K15V02D KC2015 11 07.22000 02 31 18.58 +16 14 48.6          21.1 Ro~1cLh291
     K15V02D KC2015 11 08.19955502 28 39.64 +16 30 02.2          22.3 Vu~1ePDH21
     K15V02D KC2015 11 08.21131702 28 37.72 +16 30 12.6          22.3 Vu~1ePDH21
     K15V02D KC2015 11 08.22530602 28 35.39 +16 30 25.3          22.4 Vu~1ePDH21
     K15V02D KC2015 11 09.14779302 26 25.12 +16 43 03.3          22.7 Vu~1cLhH21
     K15V02D KC2015 11 09.15996102 26 23.34 +16 43 12.9          22.2 Vu~1cLhH21
     K15V02D KC2015 11 09.17213102 26 21.55 +16 43 22.7          22.4 Vu~1cLhH21
     K15V02D KC2015 11 09.18490802 26 19.62 +16 43 32.4          22.2 Vu~1cLhH21
     K15V02D KC2015 11 10.21188002 24 10.31 +16 55 56.9          22.8 Vu~1cLhH21
     K15V02D KC2015 11 10.22654802 24 08.40 +16 56 06.9          22.6 Vu~1cLhH21
     K15V02D KC2015 11 10.24318102 24 06.22 +16 56 17.7          22.5 Vu~1cLhH21
     K15V02D KC2015 11 13.28896 02 19 07.44 +17 25 31.1          22.0 Ro~1cLh291
     K15V02D KC2015 11 13.30631 02 19 05.80 +17 25 39.4          22.1 Ro~1cLh291
     K15V02D KC2015 11 13.32368 02 19 04.19 +17 25 47.7          22.3 Ro~1cLh291
     K15V02D &C2015 12 11.16915202 14 04.962+19 18 56.95         24.1 Rt~1g2T309
     K15V02D &C2015 12 11.17303502 14 05.050+19 18 57.56         24.1 Rt~1g2T309
