     K16F02Y  C2016 02 12.60176 14 55 21.05 -18 21 03.3          22.6 RtEH033F51
     K16F02Y  C2016 02 12.61389 14 55 19.95 -18 20 44.9          23.1 RtEH033F51
     K16F02Y  C2016 03 03.63557 14 15 22.738-01 51 40.47         20.2 rL~1pScF51
     K16F02Y  C2016 03 03.65126 14 15 17.614-01 50 16.54         20.1 rL~1pScF51
     K16F02Y  C2016 03 08.54391 13 49 49.863+06 39 57.30         19.6 wLEH033F51
     K16F02Y  C2016 03 08.55632 13 49 43.987+06 41 26.43         20.2 wLEH033F51
     K16F02Y  C2016 03 08.57899 13 49 33.182+06 44 10.15         19.0 wLEH033F51
     K16F02Y  C2016 03 13.59823 13 10 06.837+18 03 13.63         19.2 wL~1pScF51
     K16F02Y  C2016 03 13.61005 13 09 59.120+18 04 54.02         19.3 wL~1pScF51
     K16F02Y  C2016 03 13.62197 13 09 51.382+18 06 35.13         19.3 wL~1pScF51
     K16F02Y* C2016 03 17.22606 12 32 21.09 +26 55 20.6          19.3 rR~1oehG45
     K16F02Y  C2016 03 17.22684 12 32 20.47 +26 55 27.3          19.3 rR~1oehG45
     K16F02Y  C2016 03 17.23091 12 32 17.28 +26 56 04.2          19.4 rR~1oehG45
     K16F02Y  C2016 03 17.23169 12 32 16.68 +26 56 11.4          19.5 rR~1oehG45
     K16F02Y  C2016 03 17.23573 12 32 13.49 +26 56 47.1          19.2 rR~1oehG45
     K16F02Y  C2016 03 17.24067 12 32 09.59 +26 57 31.7          19.4 rR~1oehG45
     K16F02Y  C2016 03 17.24145 12 32 08.99 +26 57 38.9          18.6 rR~1oehG45
     K16F02Y  C2016 03 17.24573 12 32 05.60 +26 58 17.5          18.6 rR~1oehG45
     K16F02Y  C2016 03 17.79455 12 25 41.92 +28 14 25.0          18.8 VS~1oeh033
     K16F02Y  C2016 03 17.79718 12 25 39.97 +28 14 48.8          19.0 VS~1oeh033
     K16F02Y  C2016 03 17.79979 12 25 38.03 +28 15 12.2          18.8 VS~1oeh033
     K16F02Y  C2016 03 17.80241 12 25 36.10 +28 15 35.3          18.7 VS~1oeh033
     K16F02Y  C2016 03 17.80503 12 25 34.13 +28 15 59.1          18.8 VS~1oeh033
     K16F02Y KC2016 03 17.84044 12 25 09.14 +28 21 39.6          18.8  u~1oeh104
     K16F02Y KC2016 03 17.84597 12 25 04.87 +28 22 28.7          18.4  u~1oeh104
     K16F02Y KC2016 03 17.85151 12 25 00.58 +28 23 18.3          18.4  u~1oeh104
     K16F02Y  C2016 03 17.86528 12 24 48.36 +28 24 54.8          18.9 VS~1oeh033
     K16F02Y  C2016 03 17.86790 12 24 46.34 +28 25 18.0          18.9 VS~1oeh033
     K16F02Y  C2016 03 17.87052 12 24 44.28 +28 25 41.4          18.9 VS~1oeh033
     K16F02Y  C2016 03 17.87315 12 24 42.27 +28 26 04.4          18.9 VS~1oeh033
     K16F02Y  C2016 03 17.87576 12 24 40.24 +28 26 27.3          18.9 VS~1oeh033
     K16F02Y  C2016 03 17.89644 12 24 23.91 +28 29 39.6                q~1oeh246
     K16F02Y  C2016 03 17.89712 12 24 23.37 +28 29 45.9                q~1oeh246
     K16F02Y KC2016 03 17.89724 12 24 25.57 +28 29 21.1                q~1oehJ95
     K16F02Y  C2016 03 17.89737 12 24 23.18 +28 29 48.0                q~1oeh246
     K16F02Y KC2016 03 17.90182 12 24 21.98 +28 30 01.8                q~1oehJ95
     K16F02Y KC2016 03 17.90479 12 24 17.84 +28 31 04.7          19.1 Vt~1oeh595
     K16F02Y KC2016 03 17.90654 12 24 18.32 +28 30 43.4          18.9 Rq~1oehJ95
     K16F02Y KC2016 03 17.91233 12 24 12.85 +28 32 06.8          18.7 Rt~1oeh204
     K16F02Y KC2016 03 17.91468 12 24 09.93 +28 32 30.7          18.8 Vt~1oeh595
     K16F02Y KC2016 03 17.91762 12 24 08.63 +28 32 53.0                t~1oeh204
     K16F02Y KC2016 03 17.92290 12 24 04.39 +28 33 39.0                t~1oeh204
     K16F02Y KC2016 03 17.92457 12 24 02.00 +28 33 56.8          18.9 Vt~1oeh595
     K16F02Y  C2016 03 17.93126 12 23 56.50 +28 34 31.3          18.1 VS~1oeh033
     K16F02Y  C2016 03 17.93388 12 23 54.39 +28 34 54.2          18.2 VS~1oeh033
     K16F02Y  C2016 03 17.93649 12 23 52.32 +28 35 16.5          18.2 VS~1oeh033
     K16F02Y  C2016 03 17.93912 12 23 50.25 +28 35 39.0          18.2 VS~1oeh033
     K16F02Y  C2016 03 17.94173 12 23 48.13 +28 36 01.7          18.1 VS~1oeh033
     K16F02Y KC2016 03 17.97686 12 23 20.80 +28 41 25.6          18.8 Rq~1oeh203
     K16F02Y KC2016 03 17.99295 12 23 07.68 +28 43 42.1          18.9 Rq~1oeh203
     K16F02Y KC2016 03 18.02587 12 22 37.41 +28 48 05.4          19.2 V ~1oehL04
     K16F02Y KC2016 03 18.03452 12 22 30.42 +28 49 16.2          19.3 V ~1oehL04
     K16F02Y KC2016 03 18.04571 12 22 21.44 +28 50 47.0          19.0 V ~1oehL04
     K16F02Y KC2016 03 18.06017 12 22 15.31 +28 53 12.9          19.5 Rq~1oeh958
     K16F02Y KC2016 03 18.06845 12 22 08.51 +28 54 21.9          19.5 Rq~1oeh958
     K16F02Y KC2016 03 18.07716 12 22 01.45 +28 55 33.6          19.2 Rq~1oeh958
     K16F02Y  C2016 03 18.16241912 21 18.89 +29 07 23.9          19.7 Vt~1oehH01
     K16F02Y  C2016 03 18.17051612 21 12.53 +29 08 36.3          19.6 Vt~1oehH01
     K16F02Y  C2016 03 18.17747412 21 07.01 +29 09 38.3          19.3 Vt~1oehH01
     K16F02Y  C2016 03 18.18309112 21 02.53 +29 10 28.3          19.3 Vt~1oehH01
     K16F02Y  C2016 03 18.24275 12 20 15.30 +29 19 20.2          19.2 Ru~1oeh926
     K16F02Y  C2016 03 18.24556 12 20 12.95 +29 19 44.3          19.4 Ru~1oeh926
     K16F02Y  C2016 03 18.24834 12 20 10.67 +29 20 09.3          19.8 Ru~1oei926
     K16F02Y  C2016 03 18.36300 12 18 48.740+29 36 45.63         19.5 rL~1oeiF51
     K16F02Y  C2016 03 18.37463 12 18 38.984+29 38 27.12         19.2 rL~1oeiF51
     K16F02Y  C2016 03 18.38630 12 18 29.126+29 40 08.02         19.3 rL~1oeiF51
     K16F02Y  C2016 03 18.39793 12 18 19.230+29 41 48.16         19.2 rL~1oeiF51
     K16F02Y KC2016 03 18.82474 12 13 08.89 +30 37 21.4                q~1oei587
     K16F02Y KC2016 03 18.82497 12 13 08.91 +30 37 33.8          19.1 Rq~1pSc160
     K16F02Y KC2016 03 18.82771 12 13 06.71 +30 37 58.1          19.1 Rq~1pSc160
     K16F02Y KC2016 03 18.82908 12 13 05.62 +30 38 09.2          19.1 Rq~1pSc160
     K16F02Y KC2016 03 18.82921 12 13 05.34 +30 37 59.8          19.1 Rq~1oei587
     K16F02Y KC2016 03 18.83045 12 13 04.54 +30 38 21.9          18.6 Rq~1pSc160
     K16F02Y KC2016 03 18.83319 12 13 02.35 +30 38 44.8          18.4 Rq~1pSc160
     K16F02Y KC2016 03 18.83441 12 13 01.19 +30 38 44.9                q~1oei587
     K16F02Y KC2016 03 18.86846 12 12 32.06 +30 43 31.3          19.3 VS~1oeiC47
     K16F02Y KC2016 03 18.87190 12 12 29.24 +30 44 00.2          19.1 VS~1oeiC47
     K16F02Y KC2016 03 18.87534 12 12 26.41 +30 44 29.1          18.7 VS~1oeiC47
     K16F02Y KC2016 03 18.87879 12 12 23.60 +30 44 57.9          19.0 VS~1oeiC47
     K16F02Y KC2016 03 18.88223 12 12 20.78 +30 45 26.6          18.5 VS~1oeiC47
     K16F02Y  C2016 03 19.21059 12 08 17.53 +31 30 24.2          18.5 Ro~1oei926
     K16F02Y  C2016 03 19.21270 12 08 15.74 +31 30 42.1          18.6 Ro~1oei926
     K16F02Y  C2016 03 19.21479 12 08 13.96 +31 30 59.9          18.7 Ro~1oei926
     K16F02Y  C2016 03 19.34648 12 06 19.52 +31 48 45.0          19.5 Ru~1oei926
     K16F02Y  C2016 03 19.34917 12 06 17.13 +31 49 05.6          19.3 Ru~1oei926
     K16F02Y  C2016 03 19.35184 12 06 14.82 +31 49 27.0          19.2 Ru~1oei926
     K16F02Y  C2016 03 19.49514 12 04 12.59 +32 07 03.1          19.7 Ru~1oei926
     K16F02Y  C2016 03 19.49782 12 04 10.36 +32 07 22.2          19.6 Ru~1oei926
     K16F02Y  C2016 03 19.50052 12 04 08.14 +32 07 41.4          19.7 Ru~1oei926
     K16F02Y KC2016 03 21.28058511 41 02.45 +35 45 52.9          19.8 Vu~1qnuH21
     K16F02Y KC2016 03 21.28466911 40 58.74 +35 46 20.0          20.5 Vu~1qnuH21
     K16F02Y KC2016 03 21.28991811 40 54.00 +35 46 54.6          20.0 Vu~1qnuH21
     K16F02Y "C2016 03 25.31591810 46 09.50 +42 00 09.4          17.8 Rt~1pSc705
     K16F02Y "C2016 03 25.31692610 46 08.63 +42 00 13.4          17.2 Rt~1pSc705
     K16F02Y "C2016 03 25.31793210 46 07.63 +42 00 17.6          17.8 Rt~1pSc705
     K16F02Y KC2016 03 25.34870 10 45 41.01 +42 02 26.5          20.6 Ro~1pSc291
     K16F02Y KC2016 03 25.36020 10 45 30.59 +42 03 07.8          19.9 Ro~1pSc291
     K16F02Y KC2016 03 27.18258010 21 34.48 +43 54 48.5          20.1 Vu~1pScH21
     K16F02Y KC2016 03 27.18689010 21 30.67 +43 55 01.3          20.3 Vu~1pScH21
     K16F02Y KC2016 03 27.19112610 21 26.92 +43 55 14.1          20.1 Vu~1pScH21
     K16F02Y  C2016 03 27.24734 10 20 43.86 +43 58 42.9          20.3 Ru~1pSc926
     K16F02Y  C2016 03 27.25372 10 20 38.15 +43 59 02.0          20.1 Ru~1pSc926
     K16F02Y  C2016 03 27.26010 10 20 32.45 +43 59 21.3          20.4 Ru~1pSc926
     K16F02Y KC2016 03 27.30270 10 19 54.79 +44 01 18.0          21.0 Ro~1pSc291
     K16F02Y KC2016 03 27.30508 10 19 52.70 +44 01 24.3          21.0 Ro~1pSc291
     K16F02Y KC2016 03 27.30747 10 19 50.59 +44 01 30.7          21.2 Ro~1pSc291
     K16F02Y  C2016 03 27.31203 10 19 46.62 +44 01 43.8          19.7 Ro~1pSc926
     K16F02Y  C2016 03 27.31479 10 19 44.20 +44 01 51.0          19.5 Ro~1pSc926
     K16F02Y  C2016 03 27.31755 10 19 41.79 +44 01 58.1          19.5 Ro~1pSc926
     K16F02Y KC2016 03 28.19177 10 08 44.34 +44 43 07.1          19.6 Rq~1pScH36
     K16F02Y KC2016 03 28.20376 10 08 33.95 +44 43 36.2          19.8 Rq~1pScH36
     K16F02Y KC2016 03 28.21586 10 08 23.69 +44 44 05.6          19.5 Rq~1pScH36
     K16F02Y KC2016 03 28.36667 10 06 20.30 +44 50 04.6                o~1pSc291
     K16F02Y KC2016 03 28.36917 10 06 18.32 +44 50 09.2                o~1pSc291
     K16F02Y KC2016 03 28.37167 10 06 16.30 +44 50 13.5                o~1pSc291
     K16F02Y KC2016 03 29.28925109 55 09.12 +45 25 51.3          20.4 Rt~1pScV37
     K16F02Y KC2016 03 29.29312109 55 05.96 +45 25 57.0          19.8 Rt~1pScV37
     K16F02Y KC2016 03 29.29707709 55 02.77 +45 26 03.0          19.9 Rt~1pScV37
     K16F02Y KC2016 03 29.30177009 54 59.01 +45 26 10.3          20.2 Rt~1pScV37
     K16F02Y KC2016 03 29.30567409 54 55.86 +45 26 15.6          20.1 Rt~1pScV37
     K16F02Y KC2016 03 29.30951109 54 52.82 +45 26 21.1          20.1 Rt~1pScV37
     K16F02Y KC2016 03 29.31184109 54 50.95 +45 26 24.8          20.4 Rt~1pScV37
     K16F02Y KC2016 03 30.17941909 44 48.85 +45 53 34.2          20.6 Vu~1pScH21
     K16F02Y KC2016 03 30.18271209 44 46.25 +45 53 38.8          20.4 Vu~1pScH21
     K16F02Y KC2016 03 30.18762309 44 42.37 +45 53 46.0          20.6 Vu~1pScH21
     K16F02Y %C2016 03 31.38121409 31 20.89 +46 23 45.6          21.6  t~1pScF65
     K16F02Y %C2016 03 31.38815609 31 15.68 +46 23 51.0          19.6  t~1pScF65
     K16F02Y %C2016 03 31.39451809 31 10.91 +46 23 55.8          20.1  t~1pScF65
     K16F02Y %C2016 03 31.40203909 31 05.25 +46 24 01.4          19.6  t~1pScF65
     K16F02Y %C2016 03 31.40840609 31 00.52 +46 24 05.9          19.7  t~1pScF65
     K16F02Y %C2016 03 31.41477409 30 55.80 +46 24 10.2          19.9  t~1pScF65
     K16F02Y %C2016 03 31.42114109 30 51.09 +46 24 14.3          21.0  t~1pScF65
     K16F02Y %C2016 03 31.42750609 30 46.40 +46 24 18.1          19.9  t~1pScF65
     K16F02Y %C2016 03 31.43560809 30 40.47 +46 24 22.9          19.9  t~1pScF65
     K16F02Y %C2016 03 31.44197109 30 35.85 +46 24 26.0          19.6  t~1pScF65
     K16F02Y 2C2016 04 06.33393508 37 05.826+47 10 01.35         21.1 RtEH033568
     K16F02Y 2C2016 04 06.33532308 37 05.078+47 10 00.59         21.0 RtEH033568
     K16F02Y KC2016 04 08.07387808 24 50.73 +47 04 07.5          21.8 Vu~1qBMH21
     K16F02Y KC2016 04 08.08289808 24 46.36 +47 04 04.5          22.2 Vu~1qBMH21
     K16F02Y KC2016 04 08.09394308 24 41.07 +47 03 58.0          22.0 Vu~1qBMH21
     K16F02Y KC2016 04 09.07553208 18 19.44 +46 59 01.1          22.0 Vu~1qnuH21
     K16F02Y KC2016 04 09.09191208 18 12.10 +46 58 53.5          22.0 Vu~1qnuH21
     K16F02Y KC2016 04 09.10350508 18 06.85 +46 58 46.9          22.1 Vu~1qnuH21
