     K16GM0W* C2016 04 13.29332 12 36 25.68 +04 45 15.3          19.0 Vq~1qqh703
     K16GM0W  C2016 04 13.29937 12 36 39.87 +04 42 52.2          18.8 Vq~1qqh703
     K16GM0W  C2016 04 13.30542 12 36 53.93 +04 40 29.0          19.1 Vq~1qqh703
     K16GM0W  C2016 04 13.39977 12 40 29.42 +04 04 01.2          19.2 Vq~1qqh703
     K16GM0W  C2016 04 13.40015 12 40 30.38 +04 03 51.7          19.6 Vq~1qqh703
     K16GM0W  C2016 04 13.40054 12 40 31.21 +04 03 42.5          19.4 Vq~1qqh703
     K16GM0W  C2016 04 13.40093 12 40 32.22 +04 03 34.4          18.7 Vq~1qqh703
     K16GM0W KC2016 04 13.86011 12 56 50.84 +01 27 59.4          18.8  u~1qqh104
     K16GM0W KC2016 04 13.86354 12 56 56.89 +01 26 56.9          18.5  u~1qqh104
     K16GM0W KC2016 04 13.86696 12 57 02.88 +01 25 55.6          18.7  u~1qqh104
     K16GM0W KC2016 04 13.87038 12 57 08.92 +01 24 54.9          18.1  u~1qqh104
     K16GM0W KC2016 04 13.89857 12 57 58.69 +01 16 29.8          19.7 Vq~1qqhC77
     K16GM0W KC2016 04 13.90312 12 58 06.54 +01 15 10.7          19.5 Vq~1qqhC77
     K16GM0W KC2016 04 13.90884 12 58 16.39 +01 13 28.6          20.2 Vq~1qqhC77
     K16GM0W KC2016 04 13.91413 12 58 27.73 +01 11 57.5          19.2 Vq~1qqh958
     K16GM0W KC2016 04 13.92022 12 58 38.12 +01 10 11.3          19.6 Vq~1qqh958
     K16GM0W KC2016 04 13.92630 12 58 48.44 +01 08 24.5          19.5 Vq~1qqh958
     K16GM0W KC2016 04 14.15677 13 05 22.87 +00 05 08.7          19.3 Rq~1qqhH36
     K16GM0W KC2016 04 14.16403 13 05 33.88 +00 03 14.5          19.1 Rq~1qqhH36
     K16GM0W  C2016 04 14.16600413 05 40.16 +00 03 04.6          20.1 Vt~1qqhH01
     K16GM0W KC2016 04 14.17096 13 05 44.30 +00 01 26.3          18.8 Rq~1qqhH36
     K16GM0W  C2016 04 14.17315013 05 50.97 +00 01 13.1          19.4 Vt~1qqhH01
     K16GM0W  C2016 04 14.17707 13 05 58.02 +00 00 23.6          19.9 Ru~1qqh926
     K16GM0W  C2016 04 14.18022 13 06 02.78 -00 00 25.0          19.7 Ru~1qqh926
     K16GM0W  C2016 04 14.18176113 06 03.90 -00 01 00.8          19.6 Vt~1qqhH01
     K16GM0W  C2016 04 14.18336 13 06 07.46 -00 01 14.0          19.5 Ru~1qqh926
     K16GM0W  C2016 04 14.18929913 06 15.20 -00 02 57.6          20.2 Vt~1qqhH01
     K16GM0W  C2016 04 14.22253 13 07 05.32 -00 11 20.5          19.4 Vq~1qqhG96
     K16GM0W  C2016 04 14.22276 13 07 05.70 -00 11 23.9          19.4 Vq~1qqhG96
     K16GM0W  C2016 04 14.22299 13 07 06.01 -00 11 27.3          19.5 Vq~1qqhG96
     K16GM0W  C2016 04 14.22322 13 07 06.33 -00 11 30.6          19.3 Vq~1qqhG96
     K16GM0W  C2016 04 14.26087 13 08 00.65 -00 20 55.8          19.9 Ru~1qqh926
     K16GM0W  C2016 04 14.26402 13 08 05.16 -00 21 41.2          19.8 Ru~1qqh926
     K16GM0W  C2016 04 14.26715 13 08 09.62 -00 22 28.7          19.5 Ru~1qqh926
     K16GM0W  C2016 04 14.34709 13 10 01.11 -00 41 59.5          19.1 Ru~1qqh926
     K16GM0W  C2016 04 14.35023 13 10 05.58 -00 42 45.6          19.4 Ru~1qqh926
     K16GM0W  C2016 04 14.35337 13 10 09.87 -00 43 31.1          19.7 Ru~1qqh926
     K16GM0W  C2016 04 14.40874 13 11 25.26 -00 56 34.0          19.8 Ru~1qqi926
     K16GM0W  C2016 04 14.41187 13 11 29.53 -00 57 17.7          19.6 Ru~1qqi926
     K16GM0W  C2016 04 14.41501 13 11 33.80 -00 58 01.5          19.8 Ru~1qqi926
     K16GM0W KC2016 04 14.46303 13 12 57.60 -01 03 13.8                t~1qqi474
     K16GM0W KC2016 04 14.46427 13 12 59.15 -01 03 30.8          19.3 Rt~1qqi474
     K16GM0W KC2016 04 14.46488 13 12 59.97 -01 03 39.4          19.9 Rt~1qqi474
     K16GM0W KC2016 04 14.46550 13 13 00.77 -01 03 48.4          19.8 Rt~1qqi474
     K16GM0W KC2016 04 14.46612 13 13 01.59 -01 03 56.8                t~1qqi474
     K16GM0W  C2016 04 17.23700 13 52 39.61 -07 31 45.1          20.2 RoEH025926
     K16GM0W  C2016 04 17.24039 13 52 41.19 -07 32 02.0          20.3 RoEH025926
     K16GM0W  C2016 04 17.24377 13 52 42.74 -07 32 18.8          20.1 RoEH025926
     K16GM0W KC2016 04 17.48793 13 54 32.49 -07 51 27.4                oEH019291
     K16GM0W KC2016 04 17.48913 13 54 33.07 -07 51 32.9                oEH019291
     K16GM0W KC2016 04 17.49035 13 54 33.60 -07 51 38.6                oEH019291
     K16GM0W KC2016 04 18.35254 14 00 53.09 -08 50 01.9                oEH019291
     K16GM0W KC2016 04 18.36470 14 00 57.19 -08 50 44.7                oEH019291
     K16GM0W KC2016 04 18.37697 14 01 01.20 -08 51 28.8                oEH019291
     K16GM0W 2C2016 04 19.53537014 07 26.400-09 50 54.76         21.0 RtEH039568
     K16GM0W 2C2016 04 19.53667414 07 26.725-09 50 58.13         21.2 RtEH039568
     K16GM0W 2C2016 04 19.53794414 07 27.040-09 51 01.40         21.3 RtEH039568
     K16GM0W 2C2016 04 19.53994814 07 27.539-09 51 06.69         21.2 RtEH039568
     K16GM0W 2C2016 04 20.46433614 11 34.621-10 28 36.11         21.5 RtEH039568
     K16GM0W 2C2016 04 20.46604314 11 34.938-10 28 39.67         21.7 RtEH039568
     K16GM0W 2C2016 04 20.46773714 11 35.273-10 28 43.51         21.2 RtEH039568
     K16GM0W 2C2016 04 20.46950814 11 35.615-10 28 47.51         21.4 RtEH039568
     K16GM0W 2C2016 04 20.47132914 11 35.964-10 28 51.33         21.6 RtEH039568
     K16GM0W 2C2016 04 20.47310614 11 36.301-10 28 55.16         21.0 RtEH039568
