     K16AG4H* C2016 01 13.31227 08 17 32.29 +11 27 17.0          18.7 Vq~1iJr703
     K16AG4H  C2016 01 13.31728 08 17 25.92 +11 27 25.6          18.3 Vq~1iJr703
     K16AG4H  C2016 01 13.32229 08 17 19.63 +11 27 33.6          18.4 Vq~1iJr703
     K16AG4H  C2016 01 13.32730 08 17 13.36 +11 27 41.7          18.6 Vq~1iJr703
     K16AG4H  C2016 01 13.34590208 16 43.97 +11 27 18.7          19.0 Vt~1iJrH01
     K16AG4H  C2016 01 13.35345408 16 35.01 +11 27 27.0          19.1 Vt~1iJrH01
     K16AG4H  C2016 01 13.36024708 16 27.05 +11 27 33.7          19.3 Vt~1iJrH01
     K16AG4H  C2016 01 13.36844908 16 17.64 +11 27 41.0          19.0 Vt~1iJrH01
     K16AG4H  C2016 01 13.37124 08 16 20.28 +11 28 32.9          18.9 Vq~1iJr703
     K16AG4H  C2016 01 13.37737 08 16 13.34 +11 28 38.4          18.3 Vq~1iJr703
     K16AG4H  C2016 01 13.38338 08 16 06.53 +11 28 43.3          18.8 Vq~1iJr703
     K16AG4H  C2016 01 13.38921 08 16 00.01 +11 28 47.2          18.7 Vq~1iJr703
     K16AG4H KC2016 01 13.95023 08 13 35.49 +11 32 49.0          19.2 Vq~1iJrC77
     K16AG4H KC2016 01 13.95914 08 13 29.99 +11 32 58.4          19.9 Vq~1iJrC77
     K16AG4H KC2016 01 13.96775 08 13 24.73 +11 33 06.5          19.7 Vq~1iJrC77
     K16AG4H KC2016 01 14.04612408 12 20.71 +11 57 48.4          19.8 Rq~1iJrK91
     K16AG4H KC2016 01 14.04770108 12 19.78 +11 57 47.1          19.4 Rq~1iJrK91
     K16AG4H KC2016 01 14.04928008 12 18.85 +11 57 46.2          19.9 Rq~1iJrK91
     K16AG4H KC2016 01 14.05087208 12 17.95 +11 57 44.7          19.0 Rq~1iJrK91
     K16AG4H KC2016 01 14.05245408 12 17.04 +11 57 43.6          19.6 Rq~1iJrK91
     K16AG4H KC2016 01 14.05406508 12 16.11 +11 57 42.4          19.6 Rq~1iJrK91
     K16AG4H KC2016 01 14.05563508 12 15.22 +11 57 41.5          19.9 Rq~1iJrK91
     K16AG4H  C2016 01 14.30302 08 12 13.99 +11 39 55.8          20.3 Ru~1iJr926
     K16AG4H  C2016 01 14.30667 08 12 11.80 +11 39 41.2          19.1 Vq~1iJrI52
     K16AG4H  C2016 01 14.30883 08 12 10.82 +11 39 59.3          20.2 Ru~1iJr926
     K16AG4H  C2016 01 14.31054 08 12 09.64 +11 39 43.0          19.7 Vq~1iJrI52
     K16AG4H  C2016 01 14.31441 08 12 07.56 +11 39 45.8          20.2 Vq~1iJrI52
     K16AG4H  C2016 01 14.31464 08 12 07.59 +11 40 02.8          20.2 Ru~1iJr926
     K16AG4H HC2016 01 15.22353 08 10 37.75 +11 43 54.5                o~1iJr691
     K16AG4H HC2016 01 15.22625 08 10 36.93 +11 43 57.0                o~1iJr691
     K16AG4H HC2016 01 15.22897 08 10 36.16 +11 43 58.2                o~1iJr691
     K16AG4H  C2016 01 15.27257 08 10 21.65 +11 44 20.7          20.3 Vq~1iJrI52
     K16AG4H  C2016 01 15.27549 08 10 20.69 +11 44 22.7          21.2 Vq~1iJrI52
     K16AG4H  C2016 01 15.27876 08 10 19.59 +11 44 24.3          20.4 Vq~1iJrI52
     K16AG4H  C2016 01 15.28169 08 10 18.66 +11 44 25.2          21.4 Vq~1iJrI52
     K16AG4H KC2016 01 15.28919 08 10 16.59 +11 44 32.6                o~1iJr291
     K16AG4H KC2016 01 15.29112 08 10 16.01 +11 44 33.9          21.2 Ro~1iJr291
     K16AG4H KC2016 01 15.29302 08 10 15.36 +11 44 34.9          21.2 Ro~1iJr291
     K16AG4H KC2016 01 15.33418608 09 46.79 +11 43 14.4          20.5 Vu~1k4xH21
     K16AG4H KC2016 01 15.33750708 09 45.85 +11 43 14.3          20.5 Vu~1k4xH21
     K16AG4H KC2016 01 15.34077708 09 44.92 +11 43 14.2          20.9 Vu~1k4xH21
     K16AG4H "C2016 01 18.28380908 08 04.99 +11 51 17.3          21.5 Rt~1jAS705
     K16AG4H "C2016 01 18.28519108 08 04.78 +11 51 17.5          21.5 Rt~1jAS705
     K16AG4H "C2016 01 18.28648808 08 04.57 +11 51 17.7          21.4 Rt~1jAS705
