     K16F07X* C2016 03 28.38722 12 56 43.09 -06 09 48.5          20.2 Vq~1pSmG96
     K16F07X  C2016 03 28.39352 12 56 48.66 -06 10 29.9          20.1 Vq~1pSmG96
     K16F07X  C2016 03 28.39982 12 56 54.24 -06 11 11.6          20.1 Vq~1pSmG96
     K16F07X  C2016 03 28.40611 12 56 59.85 -06 11 53.6          20.2 Vq~1pSmG96
     K16F07X  C2016 03 28.41974 12 57 12.01 -06 13 22.6          20.3 Vq~1pSmG96
     K16F07X  C2016 03 28.42093712 57 12.50 -06 13 34.6          20.6 Vt~1pSmH01
     K16F07X  C2016 03 28.42659 12 57 18.09 -06 14 08.1          20.0 Vq~1pSmG96
     K16F07X  C2016 03 28.42822312 57 19.06 -06 14 22.6          20.3 Vt~1pSmH01
     K16F07X  C2016 03 28.43343 12 57 24.36 -06 14 53.2          21.5 Vq~1pSmG96
     K16F07X  C2016 03 28.43483212 57 25.05 -06 15 06.5          20.4 Vt~1pSmH01
     K16F07X  C2016 03 28.44027 12 57 30.43 -06 15 38.1          20.5 Vq~1pSmG96
     K16F07X  C2016 03 28.45214312 57 40.82 -06 17 00.4          20.6 Vt~1pSmH01
     K16F07X KC2016 03 29.29136113 12 27.53 -07 57 31.7          20.4 Vu~1pSmH21
     K16F07X KC2016 03 29.29524413 12 31.59 -07 58 01.1          20.2 Vu~1pSmH21
     K16F07X KC2016 03 29.29933713 12 35.92 -07 58 32.2          20.3 Vu~1pSmH21
     K16F07X  C2016 03 29.39957 13 14 27.24 -08 10 58.1          19.8 Ro~1pSm926
     K16F07X  C2016 03 29.40242 13 14 30.30 -08 11 19.7          20.0 Ro~1pSm926
     K16F07X  C2016 03 29.40525 13 14 33.35 -08 11 41.6          19.9 Ro~1pSm926
     K16F07X KC2016 03 29.97976 13 26 23.74 -09 29 51.5          19.9 Vq~1pSm958
     K16F07X KC2016 03 29.98847 13 26 34.36 -09 31 04.8          20.1 Vq~1pSm958
     K16F07X  C2016 04 01.39674 14 31 13.61 -15 58 25.8          20.1 Vq~1pSmI52
     K16F07X  C2016 04 01.39750 14 31 15.04 -15 58 33.6                q~1pSmI52
     K16F07X  C2016 04 01.39849 14 31 16.86 -15 58 44.3          20.6 Vq~1pSmI52
     K16F07X  C2016 04 01.40091 14 31 21.26 -15 59 09.0          20.1 Vq~1pSmI52
     K16F07X  C2016 04 01.42015 14 31 57.00 -16 02 26.2          19.7 Ro~1pSm926
     K16F07X  C2016 04 01.42296 14 32 02.22 -16 02 55.6          19.8 Ro~1pSm926
     K16F07X  C2016 04 01.42580 14 32 07.53 -16 03 24.9          19.9 Ro~1pSm926
     K16F07X  C2016 04 03.46314 15 48 44.81 -21 42 01.5          20.8 Ro~1qBO926
     K16F07X  C2016 04 03.46594 15 48 51.47 -21 42 25.8          20.7 Ro~1qBO926
     K16F07X  C2016 04 03.46875 15 48 58.04 -21 42 49.5          21.3 Ro~1qBO926
     K16F07X KC2016 04 03.60544 15 54 48.46 -21 55 27.0          19.9 Rt~1qBO474
     K16F07X KC2016 04 03.60667 15 54 51.45 -21 55 37.5          20.5 Rt~1qBO474
     K16F07X KC2016 04 03.60791 15 54 54.43 -21 55 47.7          19.7 Rt~1qBO474
     K16F07X KC2016 04 03.60915 15 54 57.31 -21 55 58.6          20.6 Rt~1qBO474
     K16F07X  C2016 04 04.48454 16 31 44.33 -23 48 03.0          18.1 Vq~1qBOI52
     K16F07X  C2016 04 04.48676 16 31 49.68 -23 48 14.7                q~1qBOI52
